# Im(epsi1)     Re(omega/c)      Im(omega/c)      Eq(det).Opt det CON kz, R=0.5 \mum, mu_c=0.3, Re(epsi1)=3.90solve_det_conkz_vs_kz.py
-1.000000000e-04	1.338181777e-01	-6.135540558e-04	2.877608892e-09
-3.000000000e-04	1.338180959e-01	-6.107263177e-04	1.073703853e-09
-5.000000000e-04	1.338180139e-01	-6.078981162e-04	4.568007766e-09
-9.000000000e-04	1.338178497e-01	-6.022403169e-04	5.903672469e-10
-1.000000000e-03	1.338178086e-01	-6.008255752e-04	3.684220894e-09
-1.100000000e-03	1.338177675e-01	-5.994107162e-04	5.616765100e-09
-1.300000000e-03	1.338176851e-01	-5.965806461e-04	6.017123651e-10
-1.400000000e-03	1.338176439e-01	-5.951654346e-04	5.916131975e-10
-1.700000000e-03	1.338175202e-01	-5.909190918e-04	4.477143787e-09
-1.800000000e-03	1.338174789e-01	-5.895034075e-04	2.153518056e-09
-1.900000000e-03	1.338174376e-01	-5.880876046e-04	2.718981876e-09
-2.000000000e-03	1.338173963e-01	-5.866716829e-04	1.092329374e-09
-2.200000000e-03	1.338173136e-01	-5.838394823e-04	8.636890339e-10
-2.500000000e-03	1.338171894e-01	-5.795902856e-04	1.737677518e-09
-2.600000000e-03	1.338171479e-01	-5.781736472e-04	4.771474233e-10
-3.100000000e-03	1.338169405e-01	-5.710886502e-04	1.253984377e-09
-3.400000000e-03	1.338168158e-01	-5.668362018e-04	2.926621018e-09
-3.500000000e-03	1.338167743e-01	-5.654184762e-04	3.722602725e-09
-3.600000000e-03	1.338167327e-01	-5.640006290e-04	3.189042236e-09
-3.900000000e-03	1.338166078e-01	-5.597463557e-04	3.063872704e-09
-4.000000000e-03	1.338165661e-01	-5.583280201e-04	7.274590169e-10
-4.100000000e-03	1.338165245e-01	-5.569095620e-04	1.760348631e-09
-4.200000000e-03	1.338164828e-01	-5.554909813e-04	6.524190544e-10
-4.300000000e-03	1.338164411e-01	-5.540722777e-04	4.780645190e-09
-4.400000000e-03	1.338163994e-01	-5.526534510e-04	1.140610515e-09
-4.500000000e-03	1.338163577e-01	-5.512345012e-04	1.595081346e-09
-4.600000000e-03	1.338163159e-01	-5.498154280e-04	3.000714508e-09
-5.000000000e-03	1.338161489e-01	-5.441378985e-04	1.740796754e-09
-5.100000000e-03	1.338161072e-01	-5.427182062e-04	2.604075190e-09
-5.200000000e-03	1.338160654e-01	-5.412983894e-04	3.107600433e-09
-5.400000000e-03	1.338159818e-01	-5.384583824e-04	2.791948269e-09
-5.600000000e-03	1.338158982e-01	-5.356178762e-04	1.763668869e-09
-5.900000000e-03	1.338157727e-01	-5.313561780e-04	2.743526653e-09
-6.000000000e-03	1.338157308e-01	-5.299353610e-04	1.771418101e-09
-6.200000000e-03	1.338156471e-01	-5.270933497e-04	1.258906133e-09
-6.300000000e-03	1.338156052e-01	-5.256721550e-04	1.758798819e-09
-6.500000000e-03	1.338155215e-01	-5.228293871e-04	2.057880696e-09
-6.600000000e-03	1.338154796e-01	-5.214078134e-04	1.076566806e-09
-6.800000000e-03	1.338153959e-01	-5.185642861e-04	1.689841667e-09
-6.900000000e-03	1.338153540e-01	-5.171423322e-04	5.123468786e-10
-7.200000000e-03	1.338152283e-01	-5.128757074e-04	3.896870700e-09
-7.300000000e-03	1.338151865e-01	-5.114532444e-04	7.905623473e-09
-7.400000000e-03	1.338151446e-01	-5.100306537e-04	3.288585803e-09
-7.500000000e-03	1.338151027e-01	-5.086079353e-04	1.089370893e-09
-7.600000000e-03	1.338150608e-01	-5.071850890e-04	2.965437298e-09
-7.700000000e-03	1.338150189e-01	-5.057621147e-04	7.013406339e-10
-7.800000000e-03	1.338149770e-01	-5.043390122e-04	4.187776296e-09
-8.000000000e-03	1.338148933e-01	-5.014924222e-04	2.536805937e-09
-8.200000000e-03	1.338148095e-01	-4.986453180e-04	8.311116131e-10
-8.300000000e-03	1.338147676e-01	-4.972215727e-04	1.491254882e-09
-8.400000000e-03	1.338147257e-01	-4.957976985e-04	1.657171293e-09
-8.700000000e-03	1.338146002e-01	-4.915253010e-04	2.774613611e-09
-8.800000000e-03	1.338145583e-01	-4.901009098e-04	2.331201565e-09
-8.900000000e-03	1.338145165e-01	-4.886763890e-04	6.032594100e-10
-9.000000000e-03	1.338144746e-01	-4.872517386e-04	1.072844839e-09
-9.100000000e-03	1.338144328e-01	-4.858269583e-04	1.146798183e-09
-9.200000000e-03	1.338143910e-01	-4.844020482e-04	4.301289704e-09
-9.300000000e-03	1.338143491e-01	-4.829770080e-04	2.109174744e-09
-9.500000000e-03	1.338142655e-01	-4.801265372e-04	8.031966312e-09
-9.600000000e-03	1.338142237e-01	-4.787011063e-04	1.890324108e-09
-9.700000000e-03	1.338141819e-01	-4.772755449e-04	2.037981173e-09
-9.900000000e-03	1.338140984e-01	-4.744240304e-04	2.603645084e-09
-1.010000000e-02	1.338140149e-01	-4.715719927e-04	1.072144582e-08
-1.020000000e-02	1.338139732e-01	-4.701457774e-04	2.188696443e-09
-1.030000000e-02	1.338139315e-01	-4.687194311e-04	4.584512114e-09
-1.040000000e-02	1.338138897e-01	-4.672929536e-04	5.675735216e-10
-1.050000000e-02	1.338138480e-01	-4.658663447e-04	3.022985052e-09
-1.060000000e-02	1.338138064e-01	-4.644396045e-04	2.780621356e-09
-1.070000000e-02	1.338137647e-01	-4.630127329e-04	2.046612486e-09
-1.080000000e-02	1.338137230e-01	-4.615857296e-04	5.454116756e-10
-1.090000000e-02	1.338136814e-01	-4.601585948e-04	2.047161119e-09
-1.110000000e-02	1.338135982e-01	-4.573039297e-04	3.905856518e-09
-1.120000000e-02	1.338135566e-01	-4.558763994e-04	2.650242203e-09
-1.130000000e-02	1.338135150e-01	-4.544487370e-04	7.552970695e-10
-1.150000000e-02	1.338134319e-01	-4.515930160e-04	4.402281844e-09
-1.160000000e-02	1.338133904e-01	-4.501649572e-04	4.064765079e-09
-1.170000000e-02	1.338133489e-01	-4.487367661e-04	1.029566456e-09
-1.190000000e-02	1.338132659e-01	-4.458799866e-04	2.312522233e-09
-1.210000000e-02	1.338131831e-01	-4.430226770e-04	1.193284667e-09
-1.220000000e-02	1.338131417e-01	-4.415938232e-04	8.160384426e-10
-1.230000000e-02	1.338131003e-01	-4.401648368e-04	2.722439283e-09
-1.250000000e-02	1.338130176e-01	-4.373064654e-04	8.189821004e-10
-1.260000000e-02	1.338129763e-01	-4.358770803e-04	5.748027472e-10
-1.270000000e-02	1.338129350e-01	-4.344475623e-04	1.121952674e-09
-1.300000000e-02	1.338128112e-01	-4.301582099e-04	6.857438839e-09
-1.310000000e-02	1.338127700e-01	-4.287281594e-04	1.111188817e-09
-1.340000000e-02	1.338126466e-01	-4.244372086e-04	5.282186528e-09
-1.350000000e-02	1.338126055e-01	-4.230066250e-04	1.354877313e-09
-1.360000000e-02	1.338125645e-01	-4.215759079e-04	1.233696117e-09
-1.370000000e-02	1.338125234e-01	-4.201450575e-04	4.950307524e-09
-1.380000000e-02	1.338124824e-01	-4.187140736e-04	8.388450004e-10
-1.390000000e-02	1.338124414e-01	-4.172829561e-04	4.518538468e-09
-1.400000000e-02	1.338124005e-01	-4.158517052e-04	8.037469602e-09
-1.420000000e-02	1.338123187e-01	-4.129888025e-04	2.901871724e-09
-1.430000000e-02	1.338122779e-01	-4.115571508e-04	1.353353061e-09
-1.460000000e-02	1.338121555e-01	-4.072613938e-04	2.562025726e-09
-1.470000000e-02	1.338121148e-01	-4.058292074e-04	4.413456270e-09
-1.510000000e-02	1.338119522e-01	-4.000991248e-04	7.744556257e-09
-1.520000000e-02	1.338119117e-01	-3.986662699e-04	9.789632870e-10
-1.530000000e-02	1.338118712e-01	-3.972332812e-04	2.591748323e-09
-1.540000000e-02	1.338118307e-01	-3.958001588e-04	1.572696913e-09
-1.550000000e-02	1.338117903e-01	-3.943669027e-04	1.587572845e-09
-1.560000000e-02	1.338117499e-01	-3.929335128e-04	1.264058653e-09
-1.580000000e-02	1.338116692e-01	-3.900663321e-04	3.454571759e-09
-1.590000000e-02	1.338116290e-01	-3.886325411e-04	2.196344417e-08
-1.600000000e-02	1.338115887e-01	-3.871986166e-04	7.724657998e-10
-1.620000000e-02	1.338115084e-01	-3.843303665e-04	2.872337526e-09
-1.630000000e-02	1.338114683e-01	-3.828960410e-04	2.453631777e-09
-1.640000000e-02	1.338114282e-01	-3.814615820e-04	7.998198493e-10
-1.650000000e-02	1.338113882e-01	-3.800269895e-04	1.161699255e-08
-1.660000000e-02	1.338113482e-01	-3.785922634e-04	7.103748025e-10
-1.670000000e-02	1.338113083e-01	-3.771574039e-04	5.228295717e-09
-1.680000000e-02	1.338112684e-01	-3.757224109e-04	1.444652804e-09
-1.690000000e-02	1.338112285e-01	-3.742872845e-04	1.892273493e-09
-1.710000000e-02	1.338111490e-01	-3.714166317e-04	3.349341733e-09
-1.720000000e-02	1.338111093e-01	-3.699811054e-04	2.695679102e-09
-1.740000000e-02	1.338110300e-01	-3.671096532e-04	8.908720949e-10
-1.750000000e-02	1.338109905e-01	-3.656737274e-04	5.264810572e-09
-1.760000000e-02	1.338109510e-01	-3.642376686e-04	1.898985255e-09
-1.780000000e-02	1.338108721e-01	-3.613651521e-04	4.483263716e-09
-1.800000000e-02	1.338107934e-01	-3.584921042e-04	3.150279724e-09
-1.810000000e-02	1.338107542e-01	-3.570553812e-04	2.379494860e-09
-1.830000000e-02	1.338106758e-01	-3.541815373e-04	2.299337924e-09
-1.840000000e-02	1.338106367e-01	-3.527444167e-04	2.597835284e-09
-1.850000000e-02	1.338105977e-01	-3.513071637e-04	8.600131229e-10
-1.870000000e-02	1.338105198e-01	-3.484322608e-04	2.827388543e-09
-1.890000000e-02	1.338104421e-01	-3.455568296e-04	2.346677582e-09
-1.910000000e-02	1.338103647e-01	-3.426808708e-04	2.068567651e-09
-1.920000000e-02	1.338103260e-01	-3.412426937e-04	2.224027494e-09
-1.970000000e-02	1.338101337e-01	-3.340498373e-04	2.625027904e-09
-1.980000000e-02	1.338100955e-01	-3.326108726e-04	6.765358996e-09
-1.990000000e-02	1.338100573e-01	-3.311717770e-04	1.748166189e-09
-2.000000000e-02	1.338100191e-01	-3.297325506e-04	1.175928117e-09
-2.010000000e-02	1.338099810e-01	-3.282931937e-04	8.075136231e-10
-2.020000000e-02	1.338099430e-01	-3.268537064e-04	2.192337984e-09
-2.030000000e-02	1.338099051e-01	-3.254140887e-04	6.911167388e-09
-2.090000000e-02	1.338096787e-01	-3.167736548e-04	2.179263133e-08
-2.100000000e-02	1.338096413e-01	-3.153331292e-04	1.413325383e-09
-2.120000000e-02	1.338095665e-01	-3.124516912e-04	1.534496563e-09
-2.130000000e-02	1.338095292e-01	-3.110107790e-04	1.376077207e-09
-2.150000000e-02	1.338094549e-01	-3.081285693e-04	1.479943476e-09
-2.160000000e-02	1.338094179e-01	-3.066872721e-04	9.338518929e-10
-2.170000000e-02	1.338093809e-01	-3.052458470e-04	1.782805670e-09
-2.180000000e-02	1.338093440e-01	-3.038042941e-04	2.641556683e-09
-2.190000000e-02	1.338093072e-01	-3.023626136e-04	2.974184079e-09
-2.200000000e-02	1.338092704e-01	-3.009208057e-04	1.219879710e-09
-2.210000000e-02	1.338092337e-01	-2.994788707e-04	1.610203854e-09
-2.220000000e-02	1.338091971e-01	-2.980368087e-04	3.792376913e-09
-2.240000000e-02	1.338091242e-01	-2.951523047e-04	3.244369432e-09
-2.250000000e-02	1.338090878e-01	-2.937098631e-04	1.821751657e-09
-2.260000000e-02	1.338090515e-01	-2.922672954e-04	2.102545619e-09
-2.270000000e-02	1.338090153e-01	-2.908246019e-04	5.713238504e-09
-2.290000000e-02	1.338089432e-01	-2.879388381e-04	1.961458680e-09
-2.310000000e-02	1.338088713e-01	-2.850525736e-04	6.451759091e-09
-2.320000000e-02	1.338088355e-01	-2.836092542e-04	3.065263331e-09
-2.330000000e-02	1.338087998e-01	-2.821658104e-04	2.400550291e-09
-2.350000000e-02	1.338087286e-01	-2.792785504e-04	2.049839850e-09
-2.360000000e-02	1.338086932e-01	-2.778347348e-04	3.603479267e-09
-2.390000000e-02	1.338085873e-01	-2.735025485e-04	7.797848424e-10
-2.400000000e-02	1.338085522e-01	-2.720582408e-04	2.564277933e-09
-2.420000000e-02	1.338084822e-01	-2.691692588e-04	1.634384350e-09
-2.450000000e-02	1.338083779e-01	-2.648348733e-04	1.318794055e-09
-2.470000000e-02	1.338083089e-01	-2.619446781e-04	1.876612577e-09
-2.490000000e-02	1.338082402e-01	-2.590540019e-04	1.184170773e-09
-2.510000000e-02	1.338081719e-01	-2.561628470e-04	6.279000172e-10
-2.530000000e-02	1.338081039e-01	-2.532712161e-04	2.881058069e-09
-2.560000000e-02	1.338080028e-01	-2.489328828e-04	5.490679566e-09
-2.570000000e-02	1.338079692e-01	-2.474865366e-04	3.004358937e-09
-2.580000000e-02	1.338079358e-01	-2.460400733e-04	1.896441605e-09
-2.600000000e-02	1.338078692e-01	-2.431467972e-04	5.487140286e-10
-2.620000000e-02	1.338078030e-01	-2.402530572e-04	2.567234560e-09
-2.640000000e-02	1.338077373e-01	-2.373588563e-04	1.266761370e-09
-2.650000000e-02	1.338077046e-01	-2.359115840e-04	2.063055049e-09
-2.660000000e-02	1.338076719e-01	-2.344641975e-04	1.657119895e-09
-2.680000000e-02	1.338076070e-01	-2.315690837e-04	2.197605305e-09
-2.690000000e-02	1.338075747e-01	-2.301213572e-04	1.689461874e-09
-2.700000000e-02	1.338075425e-01	-2.286735181e-04	1.520592357e-09
-2.720000000e-02	1.338074784e-01	-2.257775038e-04	4.424178107e-09
-2.730000000e-02	1.338074465e-01	-2.243293294e-04	3.012487691e-09
-2.740000000e-02	1.338074147e-01	-2.228810440e-04	7.652015359e-10
-2.770000000e-02	1.338073201e-01	-2.185355263e-04	2.599284173e-09
-2.780000000e-02	1.338072887e-01	-2.170868012e-04	1.398195803e-09
-2.790000000e-02	1.338072575e-01	-2.156379672e-04	2.183849666e-09
-2.800000000e-02	1.338072264e-01	-2.141890249e-04	7.748530147e-09
-2.810000000e-02	1.338071954e-01	-2.127399745e-04	4.541316321e-10
-2.820000000e-02	1.338071645e-01	-2.112908166e-04	3.246337883e-09
-2.830000000e-02	1.338071337e-01	-2.098415516e-04	2.253726830e-09
-2.850000000e-02	1.338070725e-01	-2.069427020e-04	1.780904043e-09
-2.860000000e-02	1.338070421e-01	-2.054931184e-04	1.106186660e-09
-2.870000000e-02	1.338070118e-01	-2.040434295e-04	1.792032918e-09
-2.900000000e-02	1.338069215e-01	-1.996937356e-04	2.174294098e-09
-2.920000000e-02	1.338068619e-01	-1.967934218e-04	1.996161747e-09
-2.930000000e-02	1.338068323e-01	-1.953431110e-04	3.063741561e-09
-2.950000000e-02	1.338067734e-01	-1.924421841e-04	1.376968064e-09
-2.960000000e-02	1.338067442e-01	-1.909915689e-04	1.438257787e-09
-2.970000000e-02	1.338067151e-01	-1.895408533e-04	2.982180491e-10
-2.980000000e-02	1.338066860e-01	-1.880900377e-04	6.434688927e-09
-2.990000000e-02	1.338066572e-01	-1.866391227e-04	5.639378905e-10
-3.010000000e-02	1.338065998e-01	-1.837369963e-04	1.532071626e-09
-3.030000000e-02	1.338065428e-01	-1.808344784e-04	1.422206043e-09
-3.060000000e-02	1.338064584e-01	-1.764799764e-04	1.105380751e-08
-3.070000000e-02	1.338064305e-01	-1.750282845e-04	5.863053236e-09
-3.080000000e-02	1.338064028e-01	-1.735764980e-04	6.739484039e-09
-3.090000000e-02	1.338063751e-01	-1.721246173e-04	9.445755538e-10
-3.100000000e-02	1.338063476e-01	-1.706726430e-04	8.837181649e-09
-3.110000000e-02	1.338063203e-01	-1.692205757e-04	8.311803288e-09
-3.120000000e-02	1.338062930e-01	-1.677684159e-04	2.096541866e-09
-3.130000000e-02	1.338062659e-01	-1.663161642e-04	2.800646255e-09
-3.150000000e-02	1.338062120e-01	-1.634113873e-04	3.453626542e-09
-3.160000000e-02	1.338061853e-01	-1.619588633e-04	9.868025125e-10
-3.180000000e-02	1.338061323e-01	-1.590535469e-04	9.443622948e-10
-3.210000000e-02	1.338060537e-01	-1.546949105e-04	1.134037254e-09
-3.250000000e-02	1.338059508e-01	-1.488821849e-04	2.819847104e-09
-3.260000000e-02	1.338059254e-01	-1.474287913e-04	6.364637875e-10
-3.270000000e-02	1.338059002e-01	-1.459753142e-04	7.349760999e-10
-3.290000000e-02	1.338058501e-01	-1.430681115e-04	2.603733284e-09
-3.300000000e-02	1.338058252e-01	-1.416143872e-04	8.801054054e-09
-3.310000000e-02	1.338058005e-01	-1.401605818e-04	1.512996899e-09
-3.330000000e-02	1.338057516e-01	-1.372527302e-04	3.704540654e-09
-3.340000000e-02	1.338057273e-01	-1.357986853e-04	6.335242159e-10
-3.350000000e-02	1.338057032e-01	-1.343445618e-04	1.986200839e-09
-3.360000000e-02	1.338056792e-01	-1.328903604e-04	2.692628941e-09
-3.380000000e-02	1.338056316e-01	-1.299817265e-04	7.344821415e-09
-3.400000000e-02	1.338055846e-01	-1.270727888e-04	1.246160508e-09
-3.410000000e-02	1.338055613e-01	-1.256182078e-04	1.766819381e-09
-3.420000000e-02	1.338055382e-01	-1.241635527e-04	2.259327773e-09
-3.430000000e-02	1.338055152e-01	-1.227088245e-04	2.950507269e-10
-3.440000000e-02	1.338054923e-01	-1.212540236e-04	9.546444456e-09
-3.450000000e-02	1.338054696e-01	-1.197991508e-04	8.356871627e-09
-3.460000000e-02	1.338054471e-01	-1.183442068e-04	2.892497426e-09
-3.470000000e-02	1.338054246e-01	-1.168891922e-04	2.435725335e-09
-3.480000000e-02	1.338054024e-01	-1.154341078e-04	3.201221863e-09
-3.510000000e-02	1.338053364e-01	-1.110684423e-04	1.836641632e-09
-3.520000000e-02	1.338053148e-01	-1.096130855e-04	8.991860246e-10
-3.530000000e-02	1.338052932e-01	-1.081576622e-04	5.457729796e-09
-3.540000000e-02	1.338052718e-01	-1.067021733e-04	2.245444031e-09
-3.550000000e-02	1.338052506e-01	-1.052466195e-04	2.506398041e-09
-3.560000000e-02	1.338052295e-01	-1.037910014e-04	2.615227665e-09
-3.580000000e-02	1.338051878e-01	-1.008795755e-04	5.440678764e-10
-3.590000000e-02	1.338051672e-01	-9.942376912e-05	3.293056797e-10
-3.600000000e-02	1.338051467e-01	-9.796790137e-05	7.910304609e-10
-3.610000000e-02	1.338051263e-01	-9.651197301e-05	3.349065673e-09
-3.650000000e-02	1.338050465e-01	-9.068766817e-05	2.801414593e-09
-3.660000000e-02	1.338050270e-01	-8.923144780e-05	2.999549564e-09
-3.670000000e-02	1.338050075e-01	-8.777517126e-05	4.630244935e-10
-3.680000000e-02	1.338049883e-01	-8.631883930e-05	3.493448417e-09
-3.690000000e-02	1.338049692e-01	-8.486245266e-05	5.843307608e-10
-3.720000000e-02	1.338049127e-01	-8.049297224e-05	1.127098572e-09
-3.740000000e-02	1.338048759e-01	-7.757972581e-05	3.504961701e-10
-3.750000000e-02	1.338048577e-01	-7.612302705e-05	6.317369900e-09
-3.760000000e-02	1.338048397e-01	-7.466627894e-05	9.728620831e-10
-3.770000000e-02	1.338048218e-01	-7.320948225e-05	1.787015897e-09
-3.780000000e-02	1.338048041e-01	-7.175263777e-05	9.402532553e-10
-3.790000000e-02	1.338047866e-01	-7.029574626e-05	4.448144167e-09
-3.800000000e-02	1.338047692e-01	-6.883880851e-05	6.982888227e-10
-3.820000000e-02	1.338047348e-01	-6.592479739e-05	1.397070629e-09
-3.830000000e-02	1.338047179e-01	-6.446772559e-05	9.719915597e-10
-3.840000000e-02	1.338047011e-01	-6.301061068e-05	1.407324932e-08
-3.850000000e-02	1.338046845e-01	-6.155345346e-05	1.359646221e-09
-3.880000000e-02	1.338046356e-01	-5.718173576e-05	7.542894202e-09
-3.890000000e-02	1.338046197e-01	-5.572441717e-05	4.992320764e-09
-3.900000000e-02	1.338046039e-01	-5.426706024e-05	2.848540978e-10
-3.920000000e-02	1.338045727e-01	-5.135223454e-05	7.086926810e-09
-3.940000000e-02	1.338045422e-01	-4.843726508e-05	3.058929779e-09
-3.950000000e-02	1.338045272e-01	-4.697972847e-05	1.734458174e-09
-3.960000000e-02	1.338045123e-01	-4.552215834e-05	7.623701942e-10
-4.000000000e-02	1.338044545e-01	-3.969155890e-05	3.063832037e-09
-4.020000000e-02	1.338044266e-01	-3.677607926e-05	1.913704403e-09
-4.040000000e-02	1.338043993e-01	-3.386048840e-05	2.045278776e-09
-4.050000000e-02	1.338043860e-01	-3.240265332e-05	3.019620769e-09
-4.060000000e-02	1.338043727e-01	-3.094479290e-05	1.640198732e-09
-4.070000000e-02	1.338043597e-01	-2.948690798e-05	5.503508715e-09
-4.080000000e-02	1.338043467e-01	-2.802899936e-05	3.284968219e-10
-4.100000000e-02	1.338043214e-01	-2.511311440e-05	6.138205740e-09
-4.110000000e-02	1.338043090e-01	-2.365513970e-05	9.237788506e-09
-4.120000000e-02	1.338042968e-01	-2.219714464e-05	4.770864089e-09
-4.130000000e-02	1.338042847e-01	-2.073913004e-05	3.652059434e-09
-4.150000000e-02	1.338042610e-01	-1.782304557e-05	1.567330310e-08
-4.160000000e-02	1.338042494e-01	-1.636497736e-05	2.024512277e-09
-4.170000000e-02	1.338042380e-01	-1.490689296e-05	3.086343275e-09
-4.180000000e-02	1.338042267e-01	-1.344879319e-05	2.769649349e-09
-4.190000000e-02	1.338042156e-01	-1.199067890e-05	2.224358479e-09
-4.200000000e-02	1.338042046e-01	-1.053255092e-05	2.484155509e-09
-4.210000000e-02	1.338041939e-01	-9.074410082e-06	1.165633261e-09
-4.220000000e-02	1.338041833e-01	-7.616257236e-06	6.446548333e-09
-4.240000000e-02	1.338041625e-01	-4.699918863e-06	8.376423232e-09
-4.260000000e-02	1.338041425e-01	-1.783542519e-06	6.223646822e-10
-4.270000000e-02	1.338041327e-01	-3.253422083e-07	1.075144232e-09
-4.290000000e-02	1.338041136e-01	2.591078483e-06	2.720018032e-09
-4.300000000e-02	1.338041043e-01	4.049297179e-06	8.161917100e-09
-4.310000000e-02	1.338040952e-01	5.507520321e-06	2.196925977e-09
-4.320000000e-02	1.338040862e-01	6.965747066e-06	1.639116585e-09
-4.330000000e-02	1.338040774e-01	8.423976572e-06	1.593511477e-09
-4.350000000e-02	1.338040603e-01	1.134044050e-05	2.332920479e-09
-4.360000000e-02	1.338040520e-01	1.279867323e-05	2.232447667e-09
-4.370000000e-02	1.338040439e-01	1.425690535e-05	3.140998051e-09
-4.380000000e-02	1.338040359e-01	1.571513603e-05	2.669176285e-09
-4.390000000e-02	1.338040281e-01	1.717336441e-05	3.352281823e-10
-4.410000000e-02	1.338040130e-01	2.008981093e-05	1.057778450e-09
-4.420000000e-02	1.338040057e-01	2.154802738e-05	1.721502610e-10
-4.430000000e-02	1.338039985e-01	2.300623818e-05	1.279105867e-09
-4.440000000e-02	1.338039915e-01	2.446444247e-05	1.495271951e-09
-4.450000000e-02	1.338039847e-01	2.592263943e-05	7.820188495e-09
-4.460000000e-02	1.338039780e-01	2.738082821e-05	2.071587903e-09
-4.510000000e-02	1.338039472e-01	3.467162007e-05	2.954184856e-09
-4.530000000e-02	1.338039361e-01	3.758785024e-05	1.010437982e-08
-4.540000000e-02	1.338039307e-01	3.904594343e-05	1.294468578e-09
-4.550000000e-02	1.338039256e-01	4.050402091e-05	3.767671013e-09
-4.560000000e-02	1.338039205e-01	4.196208185e-05	1.209810161e-08
-4.590000000e-02	1.338039065e-01	4.633615712e-05	2.874827426e-09
-4.600000000e-02	1.338039021e-01	4.779414359e-05	3.131079425e-09
-4.610000000e-02	1.338038979e-01	4.925210937e-05	2.133361944e-09
-4.620000000e-02	1.338038939e-01	5.071005363e-05	3.953181670e-10
-4.630000000e-02	1.338038900e-01	5.216797556e-05	8.427539692e-09
-4.660000000e-02	1.338038794e-01	5.654159905e-05	6.670414839e-09
-4.670000000e-02	1.338038762e-01	5.799942338e-05	6.082816470e-09
-4.680000000e-02	1.338038731e-01	5.945722127e-05	2.590987145e-09
-4.690000000e-02	1.338038702e-01	6.091499188e-05	4.220901512e-09
-4.710000000e-02	1.338038649e-01	6.383044806e-05	3.524335129e-10
-4.720000000e-02	1.338038625e-01	6.528813199e-05	7.422502470e-10
-4.750000000e-02	1.338038563e-01	6.966099743e-05	2.163724092e-09
-4.770000000e-02	1.338038529e-01	7.257607769e-05	1.641934115e-09
-4.780000000e-02	1.338038514e-01	7.403356640e-05	1.022058986e-09
-4.790000000e-02	1.338038502e-01	7.549101975e-05	7.376609169e-10
-4.800000000e-02	1.338038490e-01	7.694843695e-05	1.341728151e-09
-4.810000000e-02	1.338038481e-01	7.840581721e-05	2.138665224e-09
-4.850000000e-02	1.338038458e-01	8.423495289e-05	7.974935736e-10
-4.860000000e-02	1.338038456e-01	8.569213653e-05	1.010080054e-09
-4.870000000e-02	1.338038456e-01	8.714927847e-05	1.866888692e-10
-4.900000000e-02	1.338038465e-01	9.152044637e-05	3.495307205e-09
-4.910000000e-02	1.338038471e-01	9.297741377e-05	2.406306877e-10
-4.920000000e-02	1.338038479e-01	9.443433558e-05	3.395503928e-09
-4.940000000e-02	1.338038499e-01	9.734803939e-05	3.616578307e-09
-4.950000000e-02	1.338038512e-01	9.880481985e-05	1.668486937e-10
-4.970000000e-02	1.338038541e-01	1.017182341e-04	1.036461749e-08
-4.980000000e-02	1.338038558e-01	1.031748663e-04	3.375945397e-09
-4.990000000e-02	1.338038577e-01	1.046314476e-04	1.404394189e-08
-5.010000000e-02	1.338038619e-01	1.075444544e-04	2.779424482e-09
-5.020000000e-02	1.338038642e-01	1.090008784e-04	2.441265160e-10
-5.030000000e-02	1.338038667e-01	1.104572485e-04	5.703840119e-10
-5.040000000e-02	1.338038693e-01	1.119135639e-04	2.995051885e-09
-5.050000000e-02	1.338038721e-01	1.133698239e-04	3.157065601e-09
-5.060000000e-02	1.338038750e-01	1.148260277e-04	1.330581093e-09
-5.070000000e-02	1.338038781e-01	1.162821747e-04	3.183387280e-09
-5.080000000e-02	1.338038814e-01	1.177382641e-04	4.852097106e-09
-5.100000000e-02	1.338038883e-01	1.206502670e-04	7.889497028e-10
-5.120000000e-02	1.338038958e-01	1.235620307e-04	8.084027349e-10
-5.150000000e-02	1.338039082e-01	1.279292153e-04	3.021172116e-09
-5.180000000e-02	1.338039220e-01	1.322958295e-04	4.126161364e-10
-5.210000000e-02	1.338039371e-01	1.366618545e-04	2.647293040e-10
-5.220000000e-02	1.338039424e-01	1.381170619e-04	7.563477752e-10
-5.230000000e-02	1.338039479e-01	1.395722012e-04	3.429145988e-09
-5.250000000e-02	1.338039593e-01	1.424822721e-04	5.267731335e-09
-5.270000000e-02	1.338039712e-01	1.453920619e-04	2.111406438e-09
-5.290000000e-02	1.338039838e-01	1.483015652e-04	4.921882059e-09
-5.310000000e-02	1.338039969e-01	1.512107767e-04	3.039708154e-09
-5.320000000e-02	1.338040036e-01	1.526652713e-04	5.567576240e-09
-5.330000000e-02	1.338040105e-01	1.541196910e-04	2.028376692e-09
-5.350000000e-02	1.338040248e-01	1.570283031e-04	1.205765679e-08
-5.360000000e-02	1.338040321e-01	1.584824941e-04	8.575216135e-10
-5.370000000e-02	1.338040396e-01	1.599366076e-04	5.222139156e-09
-5.390000000e-02	1.338040549e-01	1.628445996e-04	1.215004705e-09
-5.400000000e-02	1.338040628e-01	1.642984768e-04	3.171405889e-09
-5.430000000e-02	1.338040873e-01	1.686596257e-04	2.834544798e-09
-5.460000000e-02	1.338041130e-01	1.730200377e-04	1.255192281e-09
-5.480000000e-02	1.338041308e-01	1.759265616e-04	5.367128492e-10
-5.500000000e-02	1.338041492e-01	1.788327458e-04	2.675175050e-09
-5.510000000e-02	1.338041586e-01	1.802857091e-04	8.921602320e-09
-5.520000000e-02	1.338041681e-01	1.817385857e-04	4.561941595e-10
-5.530000000e-02	1.338041777e-01	1.831913751e-04	1.203678987e-09
-5.550000000e-02	1.338041974e-01	1.860966898e-04	2.112269502e-09
-5.570000000e-02	1.338042176e-01	1.890016487e-04	1.571844117e-09
-5.590000000e-02	1.338042383e-01	1.919062472e-04	2.789316955e-09
-5.600000000e-02	1.338042489e-01	1.933584099e-04	1.710728915e-09
-5.610000000e-02	1.338042596e-01	1.948104809e-04	1.921177160e-09
-5.620000000e-02	1.338042704e-01	1.962624596e-04	1.950021718e-09
-5.660000000e-02	1.338043149e-01	2.020694406e-04	6.594501932e-09
-5.670000000e-02	1.338043263e-01	2.035209497e-04	1.540878684e-09
-5.680000000e-02	1.338043379e-01	2.049723634e-04	1.070864338e-09
-5.690000000e-02	1.338043496e-01	2.064236810e-04	4.486891905e-09
-5.700000000e-02	1.338043614e-01	2.078749021e-04	2.434050823e-09
-5.720000000e-02	1.338043854e-01	2.107770527e-04	6.169157311e-10
-5.730000000e-02	1.338043976e-01	2.122279811e-04	3.738260229e-09
-5.740000000e-02	1.338044099e-01	2.136788111e-04	2.209310541e-09
-5.750000000e-02	1.338044223e-01	2.151295420e-04	5.566086827e-09
-5.760000000e-02	1.338044348e-01	2.165801733e-04	6.377842909e-09
-5.770000000e-02	1.338044475e-01	2.180307046e-04	1.271543689e-09
-5.780000000e-02	1.338044603e-01	2.194811355e-04	9.384277182e-09
-5.790000000e-02	1.338044732e-01	2.209314653e-04	2.651465656e-09
-5.830000000e-02	1.338045259e-01	2.267317654e-04	2.130642362e-09
-5.850000000e-02	1.338045530e-01	2.296312974e-04	1.247172739e-09
-5.870000000e-02	1.338045806e-01	2.325304125e-04	5.673568002e-09
-5.880000000e-02	1.338045945e-01	2.339798126e-04	2.601814759e-09
-5.890000000e-02	1.338046085e-01	2.354291072e-04	1.010848395e-08
-5.920000000e-02	1.338046514e-01	2.397763532e-04	3.385124521e-09
-5.930000000e-02	1.338046659e-01	2.412252212e-04	1.232454713e-09
-5.950000000e-02	1.338046952e-01	2.441226338e-04	2.349740198e-09
-5.960000000e-02	1.338047100e-01	2.455711775e-04	2.708731214e-09
-5.990000000e-02	1.338047552e-01	2.499161534e-04	7.004478852e-10
-6.000000000e-02	1.338047704e-01	2.513642590e-04	1.283429911e-08
