# epsi_ci     Re(Lambda)      Im(Lambda)      Eq(det), R = 0.10 $\mu$m, $E_p$ = 0.300 eV, modo = 1, $\epsilon_\infty$ = 3.9, $\gamma_{DL}$ = 0.01 eV, solve_det_sinkz_vs_mu.py
0.000000000e+00	5.767282459e+00	9.206670543e-02	9.726921835e-14
-5.000000000e-04	5.767297772e+00	9.157348206e-02	1.108324049e-13
-1.000000000e-03	5.767313127e+00	9.108025871e-02	1.714168740e-13
-1.500000000e-03	5.767328525e+00	9.058703535e-02	1.867872223e-13
-2.000000000e-03	5.767343964e+00	9.009381203e-02	1.502886506e-13
-2.500000000e-03	5.767359446e+00	8.960058873e-02	1.419673435e-13
-3.000000000e-03	5.767374969e+00	8.910736549e-02	9.729636081e-14
-3.500000000e-03	5.767390535e+00	8.861414229e-02	1.171885336e-13
-4.000000000e-03	5.767406143e+00	8.812091917e-02	1.297632491e-13
-4.500000000e-03	5.767421794e+00	8.762769611e-02	7.308327240e-14
-5.000000000e-03	5.767437486e+00	8.713447315e-02	7.652759951e-14
-5.500000000e-03	5.767453220e+00	8.664125028e-02	9.996469468e-14
-6.000000000e-03	5.767468997e+00	8.614802753e-02	1.019612397e-13
-6.500000000e-03	5.767484816e+00	8.565480489e-02	1.611261274e-13
-7.000000000e-03	5.767500677e+00	8.516158239e-02	6.518606620e-14
-7.500000000e-03	5.767516580e+00	8.466836003e-02	1.150749062e-13
-8.000000000e-03	5.767532525e+00	8.417513781e-02	1.267567736e-13
-8.500000000e-03	5.767548512e+00	8.368191577e-02	7.412338229e-14
-9.000000000e-03	5.767564542e+00	8.318869389e-02	7.700452148e-14
-9.500000000e-03	5.767580613e+00	8.269547220e-02	1.452182700e-13
-1.000000000e-02	5.767596727e+00	8.220225071e-02	9.719286108e-14
-1.050000000e-02	5.767612883e+00	8.170902942e-02	1.418587867e-13
-1.100000000e-02	5.767629081e+00	8.121580835e-02	1.461340951e-13
-1.150000000e-02	5.767645321e+00	8.072258751e-02	1.707330871e-13
-1.200000000e-02	5.767661603e+00	8.022936691e-02	7.558822187e-14
-1.250000000e-02	5.767677928e+00	7.973614655e-02	1.450081101e-13
-1.300000000e-02	5.767694294e+00	7.924292646e-02	4.644698932e-14
-1.350000000e-02	5.767710703e+00	7.874970664e-02	1.202731300e-13
-1.400000000e-02	5.767727154e+00	7.825648710e-02	2.329680772e-13
-1.450000000e-02	5.767743647e+00	7.776326786e-02	1.554749847e-13
-1.500000000e-02	5.767760182e+00	7.727004892e-02	1.434239394e-13
-1.550000000e-02	5.767776759e+00	7.677683029e-02	7.316030262e-14
-1.600000000e-02	5.767793379e+00	7.628361198e-02	6.294815710e-14
-1.650000000e-02	5.767810040e+00	7.579039402e-02	1.118501088e-13
-1.700000000e-02	5.767826744e+00	7.529717640e-02	1.176382750e-13
-1.750000000e-02	5.767843490e+00	7.480395914e-02	8.106906932e-14
-1.800000000e-02	5.767860278e+00	7.431074225e-02	1.444866542e-13
-1.850000000e-02	5.767877108e+00	7.381752574e-02	1.599467411e-13
-1.900000000e-02	5.767893980e+00	7.332430961e-02	2.042243532e-13
-1.950000000e-02	5.767910894e+00	7.283109389e-02	4.321934604e-14
-2.000000000e-02	5.767927851e+00	7.233787857e-02	1.674199791e-13
-2.050000000e-02	5.767944850e+00	7.184466369e-02	1.309268085e-13
-2.100000000e-02	5.767961890e+00	7.135144923e-02	1.783018758e-13
-2.150000000e-02	5.767978973e+00	7.085823523e-02	1.426612498e-13
-2.200000000e-02	5.767996098e+00	7.036502167e-02	1.059262908e-13
-2.250000000e-02	5.768013266e+00	6.987180858e-02	1.349083496e-13
-2.300000000e-02	5.768030475e+00	6.937859597e-02	1.235848093e-13
-2.350000000e-02	5.768047726e+00	6.888538384e-02	1.152661265e-13
-2.400000000e-02	5.768065020e+00	6.839217222e-02	1.705495931e-13
-2.450000000e-02	5.768082356e+00	6.789896110e-02	1.841934532e-13
-2.500000000e-02	5.768099734e+00	6.740575051e-02	1.339438794e-13
-2.550000000e-02	5.768117154e+00	6.691254044e-02	1.161380505e-13
-2.600000000e-02	5.768134616e+00	6.641933092e-02	9.989198532e-14
-2.650000000e-02	5.768152120e+00	6.592612195e-02	1.341820248e-13
-2.700000000e-02	5.768169667e+00	6.543291354e-02	1.575298821e-13
-2.750000000e-02	5.768187255e+00	6.493970570e-02	1.447867801e-13
-2.800000000e-02	5.768204886e+00	6.444649845e-02	1.799206909e-13
-2.850000000e-02	5.768222559e+00	6.395329180e-02	2.374083899e-13
-2.900000000e-02	5.768240274e+00	6.346008574e-02	1.897633713e-13
-2.950000000e-02	5.768258031e+00	6.296688032e-02	1.614393470e-13
-3.000000000e-02	5.768275830e+00	6.247367551e-02	6.588837804e-14
-3.050000000e-02	5.768293671e+00	6.198047135e-02	6.620712727e-14
-3.100000000e-02	5.768311555e+00	6.148726783e-02	1.451635078e-13
-3.150000000e-02	5.768329481e+00	6.099406498e-02	1.325797275e-13
-3.200000000e-02	5.768347448e+00	6.050086280e-02	1.760088998e-13
-3.250000000e-02	5.768365458e+00	6.000766129e-02	1.279600832e-13
-3.300000000e-02	5.768383510e+00	5.951446049e-02	9.370869862e-14
-3.350000000e-02	5.768401604e+00	5.902126038e-02	1.121654709e-13
-3.400000000e-02	5.768419741e+00	5.852806100e-02	1.277458825e-13
-3.450000000e-02	5.768437919e+00	5.803486233e-02	1.204248166e-13
-3.500000000e-02	5.768456140e+00	5.754166440e-02	8.129827066e-14
-3.550000000e-02	5.768474402e+00	5.704846722e-02	6.324992615e-14
-3.600000000e-02	5.768492707e+00	5.655527080e-02	6.656270704e-14
-3.650000000e-02	5.768511054e+00	5.606207515e-02	1.445230116e-13
-3.700000000e-02	5.768529443e+00	5.556888027e-02	2.067693593e-13
-3.750000000e-02	5.768547875e+00	5.507568618e-02	1.608247498e-13
-3.800000000e-02	5.768566348e+00	5.458249290e-02	1.236708660e-13
-3.850000000e-02	5.768584863e+00	5.408930042e-02	1.470482685e-13
-3.900000000e-02	5.768603421e+00	5.359610878e-02	1.575686417e-13
-3.950000000e-02	5.768622021e+00	5.310291796e-02	1.378121844e-13
-4.000000000e-02	5.768640663e+00	5.260972799e-02	1.278701983e-13
-4.050000000e-02	5.768659346e+00	5.211653887e-02	1.617971741e-13
-4.100000000e-02	5.768678073e+00	5.162335062e-02	2.703454401e-13
-4.150000000e-02	5.768696841e+00	5.113016323e-02	1.338559000e-13
-4.200000000e-02	5.768715651e+00	5.063697675e-02	2.061362144e-13
-4.250000000e-02	5.768734504e+00	5.014379116e-02	9.057643881e-14
-4.300000000e-02	5.768753398e+00	4.965060648e-02	1.102697644e-13
-4.350000000e-02	5.768772335e+00	4.915742272e-02	8.818988172e-14
-4.400000000e-02	5.768791314e+00	4.866423988e-02	9.753531658e-14
-4.450000000e-02	5.768810335e+00	4.817105799e-02	1.527187932e-13
-4.500000000e-02	5.768829398e+00	4.767787706e-02	1.174385029e-13
-4.550000000e-02	5.768848503e+00	4.718469708e-02	1.174641476e-13
-4.600000000e-02	5.768867651e+00	4.669151809e-02	1.683584004e-13
-4.650000000e-02	5.768886840e+00	4.619834006e-02	1.851412279e-13
-4.700000000e-02	5.768906072e+00	4.570516304e-02	1.033839098e-13
-4.750000000e-02	5.768925345e+00	4.521198703e-02	1.629495573e-13
-4.800000000e-02	5.768944661e+00	4.471881203e-02	1.633642902e-13
-4.850000000e-02	5.768964019e+00	4.422563806e-02	1.508351563e-13
-4.900000000e-02	5.768983419e+00	4.373246513e-02	1.912654160e-13
-4.950000000e-02	5.769002861e+00	4.323929325e-02	3.982271164e-14
-5.000000000e-02	5.769022346e+00	4.274612243e-02	1.354439498e-13
-5.050000000e-02	5.769041872e+00	4.225295268e-02	8.577340496e-14
-5.100000000e-02	5.769061441e+00	4.175978400e-02	1.729790420e-13
-5.150000000e-02	5.769081051e+00	4.126661643e-02	1.052035683e-13
-5.200000000e-02	5.769100704e+00	4.077344996e-02	8.512083505e-14
-5.250000000e-02	5.769120399e+00	4.028028460e-02	1.158807131e-13
-5.300000000e-02	5.769140136e+00	3.978712037e-02	1.718718692e-13
-5.350000000e-02	5.769159915e+00	3.929395726e-02	2.230980415e-13
-5.400000000e-02	5.769179736e+00	3.880079531e-02	9.535090592e-14
-5.450000000e-02	5.769199600e+00	3.830763452e-02	1.367046255e-13
-5.500000000e-02	5.769219505e+00	3.781447489e-02	6.818313801e-14
-5.550000000e-02	5.769239453e+00	3.732131644e-02	2.638325917e-13
-5.600000000e-02	5.769259443e+00	3.682815919e-02	1.297636936e-13
-5.650000000e-02	5.769279474e+00	3.633500313e-02	1.001468564e-13
-5.700000000e-02	5.769299548e+00	3.584184828e-02	1.134194354e-13
-5.750000000e-02	5.769319664e+00	3.534869466e-02	1.382738186e-13
-5.800000000e-02	5.769339823e+00	3.485554227e-02	1.182610152e-13
-5.850000000e-02	5.769360023e+00	3.436239112e-02	1.670380967e-13
-5.900000000e-02	5.769380265e+00	3.386924123e-02	1.484992351e-13
-5.950000000e-02	5.769400550e+00	3.337609260e-02	1.639667562e-13
-6.000000000e-02	5.769420876e+00	3.288294525e-02	9.905155954e-14
-6.050000000e-02	5.769441245e+00	3.238979918e-02	1.352943886e-13
-6.100000000e-02	5.769461656e+00	3.189665441e-02	2.163893206e-13
-6.150000000e-02	5.769482109e+00	3.140351096e-02	1.362908781e-13
-6.200000000e-02	5.769502604e+00	3.091036882e-02	1.369273005e-13
-6.250000000e-02	5.769523141e+00	3.041722801e-02	7.959558385e-14
-6.300000000e-02	5.769543720e+00	2.992408854e-02	1.352671400e-13
-6.350000000e-02	5.769564342e+00	2.943095042e-02	2.151973854e-13
-6.400000000e-02	5.769585005e+00	2.893781368e-02	2.098728539e-13
-6.450000000e-02	5.769605711e+00	2.844467829e-02	8.071517544e-14
-6.500000000e-02	5.769626458e+00	2.795154430e-02	9.595878372e-14
-6.550000000e-02	5.769647248e+00	2.745841169e-02	9.799000405e-14
-6.600000000e-02	5.769668080e+00	2.696528049e-02	1.990973651e-13
-6.650000000e-02	5.769688954e+00	2.647215072e-02	1.467154117e-13
-6.700000000e-02	5.769709870e+00	2.597902236e-02	7.095679166e-14
-6.750000000e-02	5.769730828e+00	2.548589545e-02	1.401874864e-13
-6.800000000e-02	5.769751828e+00	2.499276998e-02	8.488272047e-14
-6.850000000e-02	5.769772871e+00	2.449964598e-02	1.964494085e-13
-6.900000000e-02	5.769793955e+00	2.400652343e-02	1.656165185e-13
-6.950000000e-02	5.769815082e+00	2.351340237e-02	1.944910231e-13
-7.000000000e-02	5.769836250e+00	2.302028281e-02	1.715781181e-13
-7.050000000e-02	5.769857461e+00	2.252716475e-02	1.018300081e-13
-7.100000000e-02	5.769878714e+00	2.203404820e-02	1.502181510e-13
-7.150000000e-02	5.769900009e+00	2.154093318e-02	1.902603666e-13
-7.200000000e-02	5.769921346e+00	2.104781969e-02	1.211929747e-13
-7.250000000e-02	5.769942725e+00	2.055470775e-02	1.062740394e-13
-7.300000000e-02	5.769964146e+00	2.006159736e-02	1.188951177e-13
-7.350000000e-02	5.769985610e+00	1.956848854e-02	1.171515679e-13
-7.400000000e-02	5.770007115e+00	1.907538130e-02	1.424582401e-13
-7.450000000e-02	5.770028663e+00	1.858227565e-02	1.465141855e-13
-7.500000000e-02	5.770050252e+00	1.808917160e-02	1.454772797e-13
-7.550000000e-02	5.770071884e+00	1.759606915e-02	2.174241938e-13
-7.600000000e-02	5.770093558e+00	1.710296833e-02	2.177215437e-13
-7.650000000e-02	5.770115274e+00	1.660986915e-02	1.217083140e-13
-7.700000000e-02	5.770137031e+00	1.611677160e-02	1.432324374e-13
-7.750000000e-02	5.770158832e+00	1.562367570e-02	1.796978402e-13
-7.800000000e-02	5.770180674e+00	1.513058148e-02	1.175657523e-13
-7.850000000e-02	5.770202558e+00	1.463748893e-02	1.550688228e-13
-7.900000000e-02	5.770224484e+00	1.414439806e-02	1.229395652e-13
-7.950000000e-02	5.770246453e+00	1.365130889e-02	1.800764469e-13
-8.000000000e-02	5.770268463e+00	1.315822143e-02	1.265357317e-13
-8.050000000e-02	5.770290516e+00	1.266513568e-02	1.203426355e-13
-8.100000000e-02	5.770312610e+00	1.217205167e-02	1.780131373e-13
-8.150000000e-02	5.770334747e+00	1.167896939e-02	1.292199153e-13
-8.200000000e-02	5.770356926e+00	1.118588887e-02	1.290097944e-13
-8.250000000e-02	5.770379147e+00	1.069281010e-02	1.550033349e-13
-8.300000000e-02	5.770401410e+00	1.019973311e-02	1.010090929e-13
-8.350000000e-02	5.770423715e+00	9.706657903e-03	4.690065752e-14
-8.400000000e-02	5.770446062e+00	9.213584487e-03	6.931161697e-14
-8.450000000e-02	5.770468451e+00	8.720512878e-03	1.070686224e-13
-8.500000000e-02	5.770490882e+00	8.227443082e-03	1.167216429e-13
-8.550000000e-02	5.770513356e+00	7.734375112e-03	1.433585102e-13
-8.600000000e-02	5.770535871e+00	7.241308979e-03	9.100613646e-14
-8.650000000e-02	5.770558428e+00	6.748244697e-03	1.653986571e-13
-8.700000000e-02	5.770581028e+00	6.255182266e-03	1.382873418e-13
-8.750000000e-02	5.770603670e+00	5.762121711e-03	1.407143714e-13
-8.800000000e-02	5.770626353e+00	5.269063037e-03	1.485112601e-13
-8.850000000e-02	5.770649079e+00	4.776006248e-03	8.888465719e-14
-8.900000000e-02	5.770671847e+00	4.282951360e-03	1.256207101e-13
-8.950000000e-02	5.770694657e+00	3.789898389e-03	1.586841498e-13
-9.000000000e-02	5.770717509e+00	3.296847341e-03	1.779497626e-13
-9.050000000e-02	5.770740403e+00	2.803798218e-03	1.722893544e-13
-9.100000000e-02	5.770763339e+00	2.310751048e-03	8.721622432e-14
-9.150000000e-02	5.770786317e+00	1.817705831e-03	1.306616888e-13
-9.200000000e-02	5.770809337e+00	1.324662581e-03	9.399093058e-14
-9.250000000e-02	5.770832400e+00	8.316213056e-04	8.941907933e-14
-9.300000000e-02	5.770855504e+00	3.385820201e-04	1.018916618e-13
-9.350000000e-02	5.770878651e+00	-1.544552711e-04	1.292743655e-13
-9.400000000e-02	5.770901839e+00	-6.474905474e-04	1.422250492e-13
-9.450000000e-02	5.770925070e+00	-1.140523809e-03	5.234364757e-14
-9.500000000e-02	5.770948342e+00	-1.633555038e-03	4.597522294e-14
-9.550000000e-02	5.770971657e+00	-2.126584225e-03	9.259552500e-14
-9.600000000e-02	5.770995014e+00	-2.619611360e-03	1.028479117e-13
-9.650000000e-02	5.771018412e+00	-3.112636434e-03	1.001596278e-13
-9.700000000e-02	5.771041853e+00	-3.605659432e-03	1.074612723e-13
-9.750000000e-02	5.771065336e+00	-4.098680350e-03	9.401541475e-14
-9.800000000e-02	5.771088861e+00	-4.591699168e-03	9.207826186e-14
-9.850000000e-02	5.771112428e+00	-5.084715880e-03	9.766906811e-14
-9.900000000e-02	5.771136037e+00	-5.577730478e-03	1.358734701e-13
-9.950000000e-02	5.771159688e+00	-6.070742946e-03	1.218779241e-13
-1.000000000e-01	5.771183382e+00	-6.563753283e-03	1.295949576e-13
-1.005000000e-01	5.771207117e+00	-7.056761463e-03	5.893887433e-14
-1.010000000e-01	5.771230894e+00	-7.549767486e-03	1.215931566e-13
-1.015000000e-01	5.771254713e+00	-8.042771340e-03	1.553272680e-13
-1.020000000e-01	5.771278575e+00	-8.535773010e-03	8.929945261e-14
-1.025000000e-01	5.771302478e+00	-9.028772485e-03	1.007058753e-13
-1.030000000e-01	5.771326424e+00	-9.521769760e-03	1.479059159e-13
-1.035000000e-01	5.771350411e+00	-1.001476483e-02	1.091080646e-13
-1.040000000e-01	5.771374441e+00	-1.050775766e-02	1.404755221e-13
-1.045000000e-01	5.771398512e+00	-1.100074827e-02	8.112721774e-14
-1.050000000e-01	5.771422626e+00	-1.149373663e-02	1.776787265e-13
-1.055000000e-01	5.771446781e+00	-1.198672273e-02	1.345154477e-13
-1.060000000e-01	5.771470979e+00	-1.247970656e-02	1.043089687e-13
-1.065000000e-01	5.771495219e+00	-1.297268812e-02	1.442015472e-13
-1.070000000e-01	5.771519501e+00	-1.346566739e-02	1.041067741e-13
-1.075000000e-01	5.771543825e+00	-1.395864435e-02	8.705069528e-14
-1.080000000e-01	5.771568190e+00	-1.445161901e-02	1.295109038e-13
-1.085000000e-01	5.771592598e+00	-1.494459135e-02	9.009281919e-14
-1.090000000e-01	5.771617048e+00	-1.543756135e-02	2.012280026e-13
-1.095000000e-01	5.771641540e+00	-1.593052902e-02	1.601511358e-13
-1.100000000e-01	5.771666074e+00	-1.642349432e-02	1.257319050e-13
-1.105000000e-01	5.771690650e+00	-1.691645727e-02	1.708337365e-13
-1.110000000e-01	5.771715268e+00	-1.740941784e-02	1.074460574e-13
-1.115000000e-01	5.771739928e+00	-1.790237603e-02	1.254507469e-13
-1.120000000e-01	5.771764630e+00	-1.839533182e-02	1.183471137e-13
-1.125000000e-01	5.771789375e+00	-1.888828520e-02	1.588784899e-13
-1.130000000e-01	5.771814161e+00	-1.938123616e-02	1.294802818e-13
-1.135000000e-01	5.771838989e+00	-1.987418470e-02	1.147195028e-13
-1.140000000e-01	5.771863859e+00	-2.036713079e-02	9.564814672e-14
-1.145000000e-01	5.771888771e+00	-2.086007444e-02	1.194916821e-13
-1.150000000e-01	5.771913726e+00	-2.135301563e-02	1.298794808e-13
-1.155000000e-01	5.771938722e+00	-2.184595434e-02	1.228099589e-13
-1.160000000e-01	5.771963760e+00	-2.233889057e-02	1.037539952e-13
-1.165000000e-01	5.771988840e+00	-2.283182431e-02	1.253990172e-13
-1.170000000e-01	5.772013963e+00	-2.332475554e-02	1.794804994e-13
-1.175000000e-01	5.772039127e+00	-2.381768427e-02	1.446033869e-13
-1.180000000e-01	5.772064333e+00	-2.431061046e-02	1.295215595e-13
-1.185000000e-01	5.772089582e+00	-2.480353412e-02	9.660999307e-14
-1.190000000e-01	5.772114872e+00	-2.529645524e-02	9.460958556e-14
-1.195000000e-01	5.772140205e+00	-2.578937380e-02	7.100380349e-14
-1.200000000e-01	5.772165579e+00	-2.628228978e-02	1.214387896e-13
-1.205000000e-01	5.772190995e+00	-2.677520320e-02	1.978105720e-13
-1.210000000e-01	5.772216454e+00	-2.726811402e-02	9.117344202e-14
-1.215000000e-01	5.772241954e+00	-2.776102224e-02	1.915134055e-13
-1.220000000e-01	5.772267497e+00	-2.825392785e-02	1.158689909e-13
-1.225000000e-01	5.772293081e+00	-2.874683084e-02	1.355115832e-13
-1.230000000e-01	5.772318708e+00	-2.923973119e-02	9.486488526e-14
-1.235000000e-01	5.772344376e+00	-2.973262890e-02	1.411307295e-13
-1.240000000e-01	5.772370086e+00	-3.022552396e-02	2.978091268e-14
-1.245000000e-01	5.772395839e+00	-3.071841635e-02	1.659811316e-13
-1.250000000e-01	5.772421633e+00	-3.121130607e-02	2.130861520e-13
-1.255000000e-01	5.772447470e+00	-3.170419310e-02	1.369700098e-13
-1.260000000e-01	5.772473348e+00	-3.219707743e-02	1.634923142e-13
-1.265000000e-01	5.772499269e+00	-3.268995906e-02	1.316114234e-13
-1.270000000e-01	5.772525231e+00	-3.318283797e-02	4.463818693e-14
-1.275000000e-01	5.772551236e+00	-3.367571415e-02	8.874668910e-14
-1.280000000e-01	5.772577282e+00	-3.416858760e-02	1.195143532e-13
-1.285000000e-01	5.772603370e+00	-3.466145829e-02	8.439211891e-14
-1.290000000e-01	5.772629501e+00	-3.515432622e-02	1.748945405e-13
-1.295000000e-01	5.772655673e+00	-3.564719137e-02	7.937664229e-14
-1.300000000e-01	5.772681888e+00	-3.614005375e-02	9.965103255e-14
-1.305000000e-01	5.772708144e+00	-3.663291333e-02	1.550135818e-13
-1.310000000e-01	5.772734442e+00	-3.712577011e-02	1.094086369e-13
-1.315000000e-01	5.772760783e+00	-3.761862407e-02	6.792537560e-14
-1.320000000e-01	5.772787165e+00	-3.811147521e-02	1.005075918e-13
-1.325000000e-01	5.772813589e+00	-3.860432351e-02	1.482342771e-13
-1.330000000e-01	5.772840056e+00	-3.909716896e-02	7.848723282e-14
-1.335000000e-01	5.772866564e+00	-3.959001156e-02	8.170649960e-14
-1.340000000e-01	5.772893114e+00	-4.008285129e-02	1.179174698e-13
-1.345000000e-01	5.772919706e+00	-4.057568814e-02	1.370681408e-13
-1.350000000e-01	5.772946340e+00	-4.106852210e-02	1.698559954e-13
-1.355000000e-01	5.772973017e+00	-4.156135316e-02	1.919609471e-13
-1.360000000e-01	5.772999735e+00	-4.205418131e-02	1.653791905e-13
-1.365000000e-01	5.773026495e+00	-4.254700653e-02	1.835639241e-13
-1.370000000e-01	5.773053297e+00	-4.303982883e-02	8.558144412e-14
-1.375000000e-01	5.773080141e+00	-4.353264818e-02	8.200145180e-14
-1.380000000e-01	5.773107027e+00	-4.402546457e-02	1.269295333e-13
-1.385000000e-01	5.773133955e+00	-4.451827801e-02	1.206902689e-13
-1.390000000e-01	5.773160925e+00	-4.501108846e-02	1.031623121e-13
-1.395000000e-01	5.773187937e+00	-4.550389593e-02	1.812926300e-13
-1.400000000e-01	5.773214991e+00	-4.599670040e-02	1.194132209e-13
-1.405000000e-01	5.773242087e+00	-4.648950188e-02	1.480011797e-13
-1.410000000e-01	5.773269224e+00	-4.698230032e-02	1.233690083e-13
-1.415000000e-01	5.773296404e+00	-4.747509574e-02	1.806313740e-13
-1.420000000e-01	5.773323626e+00	-4.796788812e-02	1.295775379e-13
-1.425000000e-01	5.773350890e+00	-4.846067745e-02	1.734872589e-13
-1.430000000e-01	5.773378195e+00	-4.895346372e-02	1.003211945e-13
-1.435000000e-01	5.773405543e+00	-4.944624691e-02	8.418089143e-14
-1.440000000e-01	5.773432932e+00	-4.993902703e-02	1.642476810e-13
-1.445000000e-01	5.773460364e+00	-5.043180405e-02	9.376413474e-14
-1.450000000e-01	5.773487837e+00	-5.092457797e-02	1.126799128e-13
-1.455000000e-01	5.773515353e+00	-5.141734877e-02	1.150210102e-13
-1.460000000e-01	5.773542910e+00	-5.191011644e-02	1.404624890e-13
-1.465000000e-01	5.773570509e+00	-5.240288098e-02	1.262427752e-13
-1.470000000e-01	5.773598151e+00	-5.289564237e-02	1.319968224e-13
-1.475000000e-01	5.773625834e+00	-5.338840061e-02	1.260887463e-13
-1.480000000e-01	5.773653559e+00	-5.388115568e-02	1.533939348e-13
-1.485000000e-01	5.773681326e+00	-5.437390757e-02	7.387151594e-14
-1.490000000e-01	5.773709135e+00	-5.486665627e-02	1.401443705e-13
-1.495000000e-01	5.773736986e+00	-5.535940178e-02	1.422212021e-13
-1.500000000e-01	5.773764879e+00	-5.585214406e-02	1.159583105e-13
-1.505000000e-01	5.773792813e+00	-5.634488313e-02	1.286117908e-13
-1.510000000e-01	5.773820790e+00	-5.683761897e-02	1.809418771e-13
-1.515000000e-01	5.773848809e+00	-5.733035157e-02	2.310475711e-13
-1.520000000e-01	5.773876869e+00	-5.782308090e-02	1.570931001e-13
-1.525000000e-01	5.773904972e+00	-5.831580698e-02	1.295491801e-13
-1.530000000e-01	5.773933116e+00	-5.880852978e-02	8.802309775e-14
-1.535000000e-01	5.773961303e+00	-5.930124930e-02	1.134824847e-13
-1.540000000e-01	5.773989531e+00	-5.979396552e-02	7.252583673e-14
-1.545000000e-01	5.774017801e+00	-6.028667842e-02	1.145748426e-13
-1.550000000e-01	5.774046114e+00	-6.077938802e-02	1.385431363e-13
-1.555000000e-01	5.774074468e+00	-6.127209429e-02	1.242500225e-13
-1.560000000e-01	5.774102864e+00	-6.176479721e-02	1.620391346e-13
-1.565000000e-01	5.774131302e+00	-6.225749679e-02	1.450099367e-13
-1.570000000e-01	5.774159781e+00	-6.275019301e-02	2.003188662e-13
-1.575000000e-01	5.774188303e+00	-6.324288586e-02	1.893021950e-13
-1.580000000e-01	5.774216867e+00	-6.373557533e-02	1.919001600e-13
-1.585000000e-01	5.774245472e+00	-6.422826139e-02	1.403687261e-13
-1.590000000e-01	5.774274120e+00	-6.472094406e-02	1.552367459e-13
-1.595000000e-01	5.774302809e+00	-6.521362332e-02	1.647381889e-13
-1.600000000e-01	5.774331541e+00	-6.570629915e-02	1.138748702e-13
-1.605000000e-01	5.774360314e+00	-6.619897154e-02	1.307504581e-13
-1.610000000e-01	5.774389129e+00	-6.669164049e-02	2.269630025e-13
-1.615000000e-01	5.774417986e+00	-6.718430598e-02	1.729421968e-13
-1.620000000e-01	5.774446885e+00	-6.767696802e-02	1.299666298e-13
-1.625000000e-01	5.774475826e+00	-6.816962657e-02	5.187624098e-14
-1.630000000e-01	5.774504808e+00	-6.866228163e-02	1.662762285e-13
-1.635000000e-01	5.774533833e+00	-6.915493318e-02	9.760366259e-14
-1.640000000e-01	5.774562900e+00	-6.964758124e-02	8.161885045e-14
-1.645000000e-01	5.774592008e+00	-7.014022577e-02	2.187063542e-13
-1.650000000e-01	5.774621158e+00	-7.063286677e-02	1.325800338e-13
-1.655000000e-01	5.774650351e+00	-7.112550423e-02	1.315438544e-13
-1.660000000e-01	5.774679585e+00	-7.161813814e-02	8.608795651e-14
-1.665000000e-01	5.774708861e+00	-7.211076847e-02	1.089387184e-13
-1.670000000e-01	5.774738179e+00	-7.260339525e-02	1.090874824e-13
-1.675000000e-01	5.774767538e+00	-7.309601843e-02	1.446779296e-13
-1.680000000e-01	5.774796940e+00	-7.358863802e-02	7.978027527e-14
-1.685000000e-01	5.774826383e+00	-7.408125401e-02	9.947744823e-14
-1.690000000e-01	5.774855869e+00	-7.457386637e-02	1.657745240e-13
-1.695000000e-01	5.774885396e+00	-7.506647511e-02	9.949983732e-14
-1.700000000e-01	5.774914965e+00	-7.555908021e-02	1.164535919e-13
-1.705000000e-01	5.774944576e+00	-7.605168167e-02	1.197355298e-13
-1.710000000e-01	5.774974229e+00	-7.654427947e-02	9.516848787e-14
-1.715000000e-01	5.775003924e+00	-7.703687359e-02	1.429495472e-13
-1.720000000e-01	5.775033661e+00	-7.752946404e-02	1.444636864e-13
-1.725000000e-01	5.775063439e+00	-7.802205079e-02	1.459251675e-13
-1.730000000e-01	5.775093260e+00	-7.851463385e-02	1.437446958e-13
-1.735000000e-01	5.775123122e+00	-7.900721319e-02	8.438247395e-14
-1.740000000e-01	5.775153026e+00	-7.949978881e-02	5.596744240e-14
-1.745000000e-01	5.775182972e+00	-7.999236069e-02	1.778885983e-13
-1.750000000e-01	5.775212960e+00	-8.048492883e-02	1.289045275e-13
-1.755000000e-01	5.775242990e+00	-8.097749322e-02	1.571070804e-13
-1.760000000e-01	5.775273061e+00	-8.147005384e-02	8.492303626e-14
-1.765000000e-01	5.775303175e+00	-8.196261068e-02	1.196500015e-13
-1.770000000e-01	5.775333330e+00	-8.245516374e-02	1.587028246e-13
-1.775000000e-01	5.775363527e+00	-8.294771300e-02	1.555207712e-13
-1.780000000e-01	5.775393766e+00	-8.344025845e-02	1.740103698e-13
-1.785000000e-01	5.775424047e+00	-8.393280008e-02	1.502546782e-13
-1.790000000e-01	5.775454370e+00	-8.442533789e-02	8.569726551e-14
-1.795000000e-01	5.775484734e+00	-8.491787185e-02	1.680067564e-13
-1.800000000e-01	5.775515141e+00	-8.541040197e-02	1.001010639e-13
-1.805000000e-01	5.775545589e+00	-8.590292822e-02	1.496883747e-13
-1.810000000e-01	5.775576079e+00	-8.639545060e-02	1.739059331e-13
-1.815000000e-01	5.775606611e+00	-8.688796909e-02	1.147797311e-13
-1.820000000e-01	5.775637185e+00	-8.738048370e-02	1.237756033e-13
-1.825000000e-01	5.775667800e+00	-8.787299441e-02	1.533903664e-13
-1.830000000e-01	5.775698458e+00	-8.836550119e-02	1.314295757e-13
-1.835000000e-01	5.775729157e+00	-8.885800405e-02	1.082862269e-13
-1.840000000e-01	5.775759898e+00	-8.935050298e-02	1.168022747e-13
-1.845000000e-01	5.775790681e+00	-8.984299796e-02	7.370097212e-14
-1.850000000e-01	5.775821506e+00	-9.033548898e-02	8.086500670e-14
-1.855000000e-01	5.775852373e+00	-9.082797603e-02	1.658442767e-13
-1.860000000e-01	5.775883281e+00	-9.132045911e-02	1.139834810e-13
-1.865000000e-01	5.775914231e+00	-9.181293820e-02	1.494114978e-13
-1.870000000e-01	5.775945223e+00	-9.230541329e-02	1.431930439e-13
-1.875000000e-01	5.775976257e+00	-9.279788437e-02	1.701054780e-13
-1.880000000e-01	5.776007333e+00	-9.329035143e-02	1.445922930e-13
-1.885000000e-01	5.776038450e+00	-9.378281445e-02	1.179683634e-13
-1.890000000e-01	5.776069610e+00	-9.427527344e-02	2.143489679e-13
-1.895000000e-01	5.776100811e+00	-9.476772837e-02	1.784770452e-13
-1.900000000e-01	5.776132054e+00	-9.526017924e-02	1.232712682e-13
-1.905000000e-01	5.776163339e+00	-9.575262604e-02	1.521156832e-13
-1.910000000e-01	5.776194665e+00	-9.624506875e-02	8.946789152e-14
-1.915000000e-01	5.776226034e+00	-9.673750737e-02	1.259377654e-13
-1.920000000e-01	5.776257444e+00	-9.722994188e-02	1.361146547e-13
-1.925000000e-01	5.776288896e+00	-9.772237227e-02	2.122705065e-13
-1.930000000e-01	5.776320390e+00	-9.821479854e-02	1.813378734e-13
-1.935000000e-01	5.776351925e+00	-9.870722067e-02	1.607637622e-13
-1.940000000e-01	5.776383503e+00	-9.919963866e-02	1.420281146e-13
-1.945000000e-01	5.776415122e+00	-9.969205248e-02	7.145871293e-14
-1.950000000e-01	5.776446783e+00	-1.001844621e-01	1.531162729e-13
-1.955000000e-01	5.776478486e+00	-1.006768676e-01	1.619283540e-13
-1.960000000e-01	5.776510230e+00	-1.011692689e-01	1.845096067e-13
-1.965000000e-01	5.776542017e+00	-1.016616660e-01	1.033748102e-13
-1.970000000e-01	5.776573845e+00	-1.021540589e-01	1.272133725e-13
-1.975000000e-01	5.776605715e+00	-1.026464475e-01	1.392789976e-13
-1.980000000e-01	5.776637627e+00	-1.031388319e-01	7.649017658e-14
-1.985000000e-01	5.776669580e+00	-1.036312121e-01	6.617913262e-14
-1.990000000e-01	5.776701576e+00	-1.041235880e-01	7.387771396e-14
-1.995000000e-01	5.776733613e+00	-1.046159597e-01	6.055098228e-14
-2.000000000e-01	5.776765692e+00	-1.051083271e-01	9.890297645e-14
