# epsi_ci     Re(Lambda)      Im(Lambda)      Eq(det), R = 0.10 $\mu$m, $E_p$ = 0.300 eV, modo = 1, $\epsilon_\infty$ = 3.9, $\gamma_{DL}$ = 0.01 eV, solve_det_sinkz_vs_mu.py
0.000000000e+00	5.968319712e+00	1.059559276e-01	5.470853647e-14
-5.000000000e-04	5.968337201e+00	1.054461384e-01	1.248216432e-13
-1.000000000e-03	5.968354733e+00	1.049363492e-01	7.073333712e-14
-1.500000000e-03	5.968372309e+00	1.044265600e-01	1.031055369e-13
-2.000000000e-03	5.968389928e+00	1.039167708e-01	1.223034339e-13
-2.500000000e-03	5.968407591e+00	1.034069816e-01	7.312698709e-14
-3.000000000e-03	5.968425298e+00	1.028971925e-01	1.511576124e-13
-3.500000000e-03	5.968443047e+00	1.023874034e-01	1.754993373e-13
-4.000000000e-03	5.968460841e+00	1.018776144e-01	1.619810164e-13
-4.500000000e-03	5.968478678e+00	1.013678255e-01	1.066286074e-13
-5.000000000e-03	5.968496558e+00	1.008580366e-01	1.348419862e-13
-5.500000000e-03	5.968514482e+00	1.003482479e-01	1.024842821e-13
-6.000000000e-03	5.968532449e+00	9.983845920e-02	1.588425364e-13
-6.500000000e-03	5.968550460e+00	9.932867066e-02	1.091687283e-13
-7.000000000e-03	5.968568514e+00	9.881888224e-02	1.184699700e-13
-7.500000000e-03	5.968586612e+00	9.830909397e-02	1.284341544e-13
-8.000000000e-03	5.968604754e+00	9.779930584e-02	1.411386134e-13
-8.500000000e-03	5.968622939e+00	9.728951788e-02	8.650502189e-14
-9.000000000e-03	5.968641167e+00	9.677973009e-02	1.311247402e-13
-9.500000000e-03	5.968659439e+00	9.626994248e-02	8.503093609e-14
-1.000000000e-02	5.968677755e+00	9.576015507e-02	1.349472594e-13
-1.050000000e-02	5.968696113e+00	9.525036786e-02	1.796791191e-13
-1.100000000e-02	5.968714516e+00	9.474058087e-02	8.258970339e-14
-1.150000000e-02	5.968732962e+00	9.423079411e-02	1.333898370e-13
-1.200000000e-02	5.968751451e+00	9.372100759e-02	1.055131534e-13
-1.250000000e-02	5.968769984e+00	9.321122132e-02	8.282500332e-14
-1.300000000e-02	5.968788561e+00	9.270143531e-02	1.220496687e-13
-1.350000000e-02	5.968807181e+00	9.219164958e-02	1.185661855e-13
-1.400000000e-02	5.968825844e+00	9.168186412e-02	8.676341066e-14
-1.450000000e-02	5.968844551e+00	9.117207897e-02	1.888878713e-13
-1.500000000e-02	5.968863302e+00	9.066229411e-02	6.493714085e-14
-1.550000000e-02	5.968882096e+00	9.015250958e-02	1.200378492e-13
-1.600000000e-02	5.968900933e+00	8.964272537e-02	1.420019679e-13
-1.650000000e-02	5.968919815e+00	8.913294151e-02	1.216148463e-13
-1.700000000e-02	5.968938739e+00	8.862315800e-02	1.568220041e-13
-1.750000000e-02	5.968957707e+00	8.811337485e-02	1.439824984e-13
-1.800000000e-02	5.968976719e+00	8.760359207e-02	1.351235777e-13
-1.850000000e-02	5.968995774e+00	8.709380967e-02	6.749035208e-14
-1.900000000e-02	5.969014872e+00	8.658402768e-02	1.660286201e-13
-1.950000000e-02	5.969034014e+00	8.607424609e-02	1.465925638e-13
-2.000000000e-02	5.969053200e+00	8.556446491e-02	1.178371914e-13
-2.050000000e-02	5.969072429e+00	8.505468416e-02	1.248913563e-13
-2.100000000e-02	5.969091702e+00	8.454490386e-02	5.529431408e-14
-2.150000000e-02	5.969111018e+00	8.403512401e-02	9.959026792e-14
-2.200000000e-02	5.969130377e+00	8.352534461e-02	1.178390156e-13
-2.250000000e-02	5.969149781e+00	8.301556570e-02	1.138744209e-13
-2.300000000e-02	5.969169227e+00	8.250578726e-02	9.605727630e-14
-2.350000000e-02	5.969188717e+00	8.199600933e-02	1.113110244e-13
-2.400000000e-02	5.969208251e+00	8.148623190e-02	6.126180782e-14
-2.450000000e-02	5.969227828e+00	8.097645499e-02	1.400390015e-13
-2.500000000e-02	5.969247449e+00	8.046667860e-02	1.230519333e-13
-2.550000000e-02	5.969267113e+00	7.995690276e-02	1.013096400e-13
-2.600000000e-02	5.969286820e+00	7.944712747e-02	1.608431892e-13
-2.650000000e-02	5.969306572e+00	7.893735274e-02	1.375695819e-13
-2.700000000e-02	5.969326366e+00	7.842757859e-02	1.650728314e-13
-2.750000000e-02	5.969346204e+00	7.791780502e-02	1.506761940e-13
-2.800000000e-02	5.969366086e+00	7.740803204e-02	1.174275730e-13
-2.850000000e-02	5.969386011e+00	7.689825968e-02	1.024251238e-13
-2.900000000e-02	5.969405980e+00	7.638848793e-02	1.459525921e-13
-2.950000000e-02	5.969425992e+00	7.587871681e-02	1.673183129e-13
-3.000000000e-02	5.969446048e+00	7.536894633e-02	9.556897505e-14
-3.050000000e-02	5.969466147e+00	7.485917650e-02	1.343135180e-13
-3.100000000e-02	5.969486289e+00	7.434940734e-02	5.836457106e-14
-3.150000000e-02	5.969506476e+00	7.383963885e-02	1.196451709e-13
-3.200000000e-02	5.969526705e+00	7.332987105e-02	9.506557914e-14
-3.250000000e-02	5.969546978e+00	7.282010394e-02	1.524130259e-13
-3.300000000e-02	5.969567295e+00	7.231033754e-02	1.564475990e-13
-3.350000000e-02	5.969587655e+00	7.180057186e-02	1.252719357e-13
-3.400000000e-02	5.969608059e+00	7.129080690e-02	1.104835224e-13
-3.450000000e-02	5.969628506e+00	7.078104270e-02	9.416651692e-14
-3.500000000e-02	5.969648997e+00	7.027127924e-02	1.332852354e-13
-3.550000000e-02	5.969669531e+00	6.976151654e-02	7.601320110e-14
-3.600000000e-02	5.969690108e+00	6.925175462e-02	9.229386175e-14
-3.650000000e-02	5.969710730e+00	6.874199348e-02	1.071996772e-13
-3.700000000e-02	5.969731394e+00	6.823223315e-02	1.605360375e-13
-3.750000000e-02	5.969752102e+00	6.772247361e-02	9.872597586e-14
-3.800000000e-02	5.969772854e+00	6.721271490e-02	1.542022417e-13
-3.850000000e-02	5.969793649e+00	6.670295702e-02	6.218098911e-14
-3.900000000e-02	5.969814488e+00	6.619319998e-02	1.514752581e-13
-3.950000000e-02	5.969835370e+00	6.568344379e-02	1.469714997e-13
-4.000000000e-02	5.969856296e+00	6.517368847e-02	1.555676720e-13
-4.050000000e-02	5.969877265e+00	6.466393401e-02	1.538615396e-13
-4.100000000e-02	5.969898277e+00	6.415418045e-02	7.587348084e-14
-4.150000000e-02	5.969919333e+00	6.364442778e-02	8.663302717e-14
-4.200000000e-02	5.969940433e+00	6.313467602e-02	6.212641646e-14
-4.250000000e-02	5.969961576e+00	6.262492518e-02	1.425251314e-13
-4.300000000e-02	5.969982763e+00	6.211517527e-02	8.106530847e-14
-4.350000000e-02	5.970003993e+00	6.160542630e-02	1.349614360e-13
-4.400000000e-02	5.970025266e+00	6.109567829e-02	9.112747201e-14
-4.450000000e-02	5.970046583e+00	6.058593123e-02	1.315638765e-13
-4.500000000e-02	5.970067944e+00	6.007618516e-02	1.255865351e-13
-4.550000000e-02	5.970089348e+00	5.956644006e-02	8.941271329e-14
-4.600000000e-02	5.970110795e+00	5.905669596e-02	1.393322922e-13
-4.650000000e-02	5.970132286e+00	5.854695288e-02	6.655304060e-14
-4.700000000e-02	5.970153821e+00	5.803721081e-02	1.682065809e-13
-4.750000000e-02	5.970175399e+00	5.752746978e-02	1.197312341e-13
-4.800000000e-02	5.970197020e+00	5.701772978e-02	6.253406992e-14
-4.850000000e-02	5.970218685e+00	5.650799084e-02	6.432015373e-14
-4.900000000e-02	5.970240394e+00	5.599825296e-02	2.072405137e-13
-4.950000000e-02	5.970262146e+00	5.548851615e-02	1.263590138e-13
-5.000000000e-02	5.970283941e+00	5.497878044e-02	1.299473300e-13
-5.050000000e-02	5.970305780e+00	5.446904582e-02	1.141115151e-13
-5.100000000e-02	5.970327662e+00	5.395931231e-02	1.177121730e-13
-5.150000000e-02	5.970349588e+00	5.344957992e-02	9.081111167e-14
-5.200000000e-02	5.970371558e+00	5.293984866e-02	1.326761235e-13
-5.250000000e-02	5.970393571e+00	5.243011854e-02	1.356990708e-13
-5.300000000e-02	5.970415627e+00	5.192038957e-02	1.173772851e-13
-5.350000000e-02	5.970437727e+00	5.141066177e-02	1.438438690e-13
-5.400000000e-02	5.970459870e+00	5.090093514e-02	1.034207006e-13
-5.450000000e-02	5.970482057e+00	5.039120970e-02	4.406324001e-14
-5.500000000e-02	5.970504287e+00	4.988148546e-02	1.878866191e-13
-5.550000000e-02	5.970526561e+00	4.937176242e-02	1.222061831e-13
-5.600000000e-02	5.970548878e+00	4.886204061e-02	1.947262077e-13
-5.650000000e-02	5.970571239e+00	4.835232002e-02	1.179589095e-13
-5.700000000e-02	5.970593643e+00	4.784260068e-02	9.737741738e-14
-5.750000000e-02	5.970616091e+00	4.733288259e-02	5.666475451e-14
-5.800000000e-02	5.970638582e+00	4.682316576e-02	1.435336304e-13
-5.850000000e-02	5.970661116e+00	4.631345021e-02	9.472094374e-14
-5.900000000e-02	5.970683695e+00	4.580373595e-02	1.175728782e-13
-5.950000000e-02	5.970706316e+00	4.529402299e-02	1.076596107e-13
-6.000000000e-02	5.970728981e+00	4.478431133e-02	1.216867428e-13
-6.050000000e-02	5.970751690e+00	4.427460100e-02	1.044269988e-13
-6.100000000e-02	5.970774442e+00	4.376489198e-02	9.489399463e-14
-6.150000000e-02	5.970797237e+00	4.325518432e-02	8.725868186e-14
-6.200000000e-02	5.970820076e+00	4.274547802e-02	1.491727114e-13
-6.250000000e-02	5.970842959e+00	4.223577307e-02	9.013912626e-14
-6.300000000e-02	5.970865884e+00	4.172606950e-02	1.342718218e-13
-6.350000000e-02	5.970888854e+00	4.121636731e-02	7.128223845e-14
-6.400000000e-02	5.970911867e+00	4.070666653e-02	5.608197780e-14
-6.450000000e-02	5.970934923e+00	4.019696715e-02	1.527319322e-13
-6.500000000e-02	5.970958023e+00	3.968726919e-02	1.131196347e-13
-6.550000000e-02	5.970981166e+00	3.917757267e-02	8.332744267e-14
-6.600000000e-02	5.971004353e+00	3.866787759e-02	1.129578737e-13
-6.650000000e-02	5.971027583e+00	3.815818395e-02	8.077718619e-14
-6.700000000e-02	5.971050857e+00	3.764849179e-02	6.383744865e-14
-6.750000000e-02	5.971074174e+00	3.713880110e-02	2.136865310e-13
-6.800000000e-02	5.971097534e+00	3.662911190e-02	1.535261667e-13
-6.850000000e-02	5.971120938e+00	3.611942419e-02	2.205814034e-13
-6.900000000e-02	5.971144386e+00	3.560973800e-02	1.648254096e-13
-6.950000000e-02	5.971167877e+00	3.510005332e-02	9.920699923e-14
-7.000000000e-02	5.971191411e+00	3.459037017e-02	1.287606055e-13
-7.050000000e-02	5.971214989e+00	3.408068857e-02	1.182131623e-13
-7.100000000e-02	5.971238611e+00	3.357100853e-02	1.558964807e-13
-7.150000000e-02	5.971262275e+00	3.306133004e-02	1.135910243e-13
-7.200000000e-02	5.971285984e+00	3.255165313e-02	1.122322299e-13
-7.250000000e-02	5.971309736e+00	3.204197780e-02	1.387379947e-13
-7.300000000e-02	5.971333531e+00	3.153230409e-02	1.788617867e-13
-7.350000000e-02	5.971357369e+00	3.102263197e-02	5.243203932e-14
-7.400000000e-02	5.971381252e+00	3.051296148e-02	1.108616842e-13
-7.450000000e-02	5.971405177e+00	3.000329261e-02	1.300169829e-13
-7.500000000e-02	5.971429146e+00	2.949362539e-02	1.031272500e-13
-7.550000000e-02	5.971453159e+00	2.898395982e-02	8.068103626e-14
-7.600000000e-02	5.971477215e+00	2.847429592e-02	9.859772501e-14
-7.650000000e-02	5.971501314e+00	2.796463369e-02	1.202597255e-13
-7.700000000e-02	5.971525457e+00	2.745497316e-02	1.199464072e-13
-7.750000000e-02	5.971549643e+00	2.694531431e-02	1.388109661e-13
-7.800000000e-02	5.971573873e+00	2.643565718e-02	9.098163630e-14
-7.850000000e-02	5.971598146e+00	2.592600176e-02	1.945700080e-13
-7.900000000e-02	5.971622463e+00	2.541634808e-02	1.648874546e-13
-7.950000000e-02	5.971646823e+00	2.490669614e-02	1.435300168e-13
-8.000000000e-02	5.971671227e+00	2.439704596e-02	1.033182379e-13
-8.050000000e-02	5.971695674e+00	2.388739754e-02	8.610900387e-14
-8.100000000e-02	5.971720164e+00	2.337775089e-02	1.058542040e-13
-8.150000000e-02	5.971744698e+00	2.286810603e-02	1.115010519e-13
-8.200000000e-02	5.971769276e+00	2.235846297e-02	7.759453533e-14
-8.250000000e-02	5.971793896e+00	2.184882172e-02	4.985677025e-14
-8.300000000e-02	5.971818561e+00	2.133918229e-02	8.949337998e-14
-8.350000000e-02	5.971843268e+00	2.082954469e-02	1.301505506e-13
-8.400000000e-02	5.971868020e+00	2.031990894e-02	1.678738766e-13
-8.450000000e-02	5.971892814e+00	1.981027503e-02	9.059833571e-14
-8.500000000e-02	5.971917652e+00	1.930064299e-02	1.054076456e-13
-8.550000000e-02	5.971942534e+00	1.879101283e-02	1.408207404e-13
-8.600000000e-02	5.971967459e+00	1.828138455e-02	1.074701490e-13
-8.650000000e-02	5.971992427e+00	1.777175817e-02	1.188216187e-13
-8.700000000e-02	5.972017439e+00	1.726213371e-02	1.571852025e-13
-8.750000000e-02	5.972042494e+00	1.675251115e-02	1.357932437e-13
-8.800000000e-02	5.972067593e+00	1.624289053e-02	1.195138853e-13
-8.850000000e-02	5.972092735e+00	1.573327186e-02	1.453872819e-13
-8.900000000e-02	5.972117921e+00	1.522365514e-02	1.479453070e-13
-8.950000000e-02	5.972143150e+00	1.471404039e-02	1.229455965e-13
-9.000000000e-02	5.972168422e+00	1.420442760e-02	9.552630539e-14
-9.050000000e-02	5.972193738e+00	1.369481680e-02	1.040611368e-13
-9.100000000e-02	5.972219097e+00	1.318520800e-02	1.439185719e-13
-9.150000000e-02	5.972244500e+00	1.267560122e-02	8.472759336e-14
-9.200000000e-02	5.972269946e+00	1.216599646e-02	1.295107194e-13
-9.250000000e-02	5.972295436e+00	1.165639372e-02	1.310946255e-13
-9.300000000e-02	5.972320969e+00	1.114679302e-02	1.214200998e-13
-9.350000000e-02	5.972346545e+00	1.063719438e-02	1.163320639e-13
-9.400000000e-02	5.972372165e+00	1.012759780e-02	1.385454820e-13
-9.450000000e-02	5.972397828e+00	9.618003299e-03	1.207902298e-13
-9.500000000e-02	5.972423535e+00	9.108410885e-03	1.142136180e-13
-9.550000000e-02	5.972449285e+00	8.598820571e-03	1.333555743e-13
-9.600000000e-02	5.972475079e+00	8.089232358e-03	1.803958571e-13
-9.650000000e-02	5.972500916e+00	7.579646275e-03	1.004867105e-13
-9.700000000e-02	5.972526796e+00	7.070062320e-03	1.239046836e-13
-9.750000000e-02	5.972552720e+00	6.560480502e-03	2.051531295e-13
-9.800000000e-02	5.972578687e+00	6.050900841e-03	1.117237502e-13
-9.850000000e-02	5.972604698e+00	5.541323346e-03	7.875267544e-14
-9.900000000e-02	5.972630752e+00	5.031748023e-03	5.123251889e-14
-9.950000000e-02	5.972656849e+00	4.522174890e-03	8.874497555e-14
-1.000000000e-01	5.972682990e+00	4.012603948e-03	1.557364904e-13
-1.005000000e-01	5.972709175e+00	3.503035226e-03	1.149626633e-13
-1.010000000e-01	5.972735402e+00	2.993468716e-03	1.654760077e-13
-1.015000000e-01	5.972761674e+00	2.483904432e-03	1.555653332e-13
-1.020000000e-01	5.972787988e+00	1.974342400e-03	1.211441667e-13
-1.025000000e-01	5.972814346e+00	1.464782616e-03	1.490608431e-13
-1.030000000e-01	5.972840748e+00	9.552250993e-04	7.142193792e-14
-1.035000000e-01	5.972867192e+00	4.456698506e-04	1.621616537e-13
-1.040000000e-01	5.972893681e+00	-6.388310517e-05	1.107629745e-13
-1.045000000e-01	5.972920212e+00	-5.734337646e-04	1.451541227e-13
-1.050000000e-01	5.972946787e+00	-1.082982114e-03	1.048137976e-13
-1.055000000e-01	5.972973406e+00	-1.592528143e-03	8.894618167e-14
-1.060000000e-01	5.973000068e+00	-2.102071845e-03	1.628996561e-13
-1.065000000e-01	5.973026773e+00	-2.611613203e-03	1.222263557e-13
-1.070000000e-01	5.973053522e+00	-3.121152211e-03	7.732967166e-14
-1.075000000e-01	5.973080314e+00	-3.630688855e-03	1.157173118e-13
-1.080000000e-01	5.973107149e+00	-4.140223118e-03	1.556664471e-13
-1.085000000e-01	5.973134028e+00	-4.649755008e-03	1.500072965e-13
-1.090000000e-01	5.973160950e+00	-5.159284486e-03	1.057924676e-13
-1.095000000e-01	5.973187916e+00	-5.668811565e-03	1.302974774e-13
-1.100000000e-01	5.973214925e+00	-6.178336221e-03	6.096620021e-14
-1.105000000e-01	5.973241977e+00	-6.687858448e-03	1.321415186e-13
-1.110000000e-01	5.973269073e+00	-7.197378233e-03	1.090495491e-13
-1.115000000e-01	5.973296212e+00	-7.706895562e-03	1.420398711e-13
-1.120000000e-01	5.973323395e+00	-8.216410437e-03	1.248045338e-13
-1.125000000e-01	5.973350621e+00	-8.725922824e-03	1.895773818e-13
-1.130000000e-01	5.973377891e+00	-9.235432738e-03	9.176197850e-14
-1.135000000e-01	5.973405203e+00	-9.744940148e-03	5.843710554e-14
-1.140000000e-01	5.973432560e+00	-1.025444505e-02	8.052831311e-14
-1.145000000e-01	5.973459959e+00	-1.076394743e-02	4.487872064e-14
-1.150000000e-01	5.973487402e+00	-1.127344729e-02	1.682717517e-13
-1.155000000e-01	5.973514888e+00	-1.178294460e-02	1.367186671e-13
-1.160000000e-01	5.973542418e+00	-1.229243936e-02	1.113806317e-13
-1.165000000e-01	5.973569991e+00	-1.280193156e-02	1.257460972e-13
-1.170000000e-01	5.973597608e+00	-1.331142119e-02	1.521139363e-13
-1.175000000e-01	5.973625268e+00	-1.382090822e-02	1.000779282e-13
-1.180000000e-01	5.973652971e+00	-1.433039267e-02	1.867303129e-13
-1.185000000e-01	5.973680718e+00	-1.483987450e-02	1.039889603e-13
-1.190000000e-01	5.973708508e+00	-1.534935371e-02	1.051856655e-13
-1.195000000e-01	5.973736341e+00	-1.585883030e-02	8.988604721e-14
-1.200000000e-01	5.973764218e+00	-1.636830424e-02	9.324743061e-14
-1.205000000e-01	5.973792138e+00	-1.687777553e-02	1.363392340e-13
-1.210000000e-01	5.973820101e+00	-1.738724416e-02	1.410766633e-13
-1.215000000e-01	5.973848108e+00	-1.789671012e-02	9.540848344e-14
-1.220000000e-01	5.973876159e+00	-1.840617338e-02	1.417932395e-13
-1.225000000e-01	5.973904252e+00	-1.891563396e-02	9.286573572e-14
-1.230000000e-01	5.973932389e+00	-1.942509183e-02	9.456254803e-14
-1.235000000e-01	5.973960569e+00	-1.993454698e-02	1.036135751e-13
-1.240000000e-01	5.973988793e+00	-2.044399940e-02	1.174674596e-13
-1.245000000e-01	5.974017060e+00	-2.095344908e-02	5.515674291e-14
-1.250000000e-01	5.974045371e+00	-2.146289601e-02	9.962929626e-14
-1.255000000e-01	5.974073725e+00	-2.197234017e-02	6.200051580e-14
-1.260000000e-01	5.974102122e+00	-2.248178157e-02	1.505356075e-13
-1.265000000e-01	5.974130562e+00	-2.299122017e-02	1.686486750e-13
-1.270000000e-01	5.974159046e+00	-2.350065598e-02	8.239989926e-14
-1.275000000e-01	5.974187573e+00	-2.401008899e-02	6.022880685e-14
-1.280000000e-01	5.974216144e+00	-2.451951917e-02	1.099411438e-13
-1.285000000e-01	5.974244758e+00	-2.502894653e-02	9.558339201e-14
-1.290000000e-01	5.974273415e+00	-2.553837105e-02	1.364336475e-13
-1.295000000e-01	5.974302116e+00	-2.604779272e-02	1.624717256e-13
-1.300000000e-01	5.974330860e+00	-2.655721152e-02	1.011338427e-13
-1.305000000e-01	5.974359647e+00	-2.706662746e-02	1.080074514e-13
-1.310000000e-01	5.974388478e+00	-2.757604051e-02	1.232658238e-13
-1.315000000e-01	5.974417352e+00	-2.808545066e-02	1.291547884e-13
-1.320000000e-01	5.974446270e+00	-2.859485791e-02	1.393765631e-13
-1.325000000e-01	5.974475230e+00	-2.910426224e-02	9.112378556e-14
-1.330000000e-01	5.974504235e+00	-2.961366364e-02	1.385678082e-13
-1.335000000e-01	5.974533282e+00	-3.012306210e-02	5.132904088e-14
-1.340000000e-01	5.974562373e+00	-3.063245762e-02	1.768361501e-13
-1.345000000e-01	5.974591507e+00	-3.114185017e-02	1.198758304e-13
-1.350000000e-01	5.974620684e+00	-3.165123974e-02	1.110406074e-13
-1.355000000e-01	5.974649905e+00	-3.216062634e-02	1.100662848e-13
-1.360000000e-01	5.974679169e+00	-3.267000994e-02	1.407918395e-13
-1.365000000e-01	5.974708477e+00	-3.317939053e-02	1.347488521e-13
-1.370000000e-01	5.974737828e+00	-3.368876811e-02	1.530678236e-13
-1.375000000e-01	5.974767222e+00	-3.419814266e-02	1.515441762e-13
-1.380000000e-01	5.974796659e+00	-3.470751417e-02	1.754385125e-13
-1.385000000e-01	5.974826140e+00	-3.521688263e-02	1.040201362e-13
-1.390000000e-01	5.974855664e+00	-3.572624803e-02	1.176152850e-13
-1.395000000e-01	5.974885232e+00	-3.623561036e-02	1.234215789e-13
-1.400000000e-01	5.974914843e+00	-3.674496960e-02	1.233676743e-13
-1.405000000e-01	5.974944497e+00	-3.725432576e-02	9.342427817e-14
-1.410000000e-01	5.974974194e+00	-3.776367880e-02	7.403556622e-14
-1.415000000e-01	5.975003935e+00	-3.827302874e-02	9.701331265e-14
-1.420000000e-01	5.975033719e+00	-3.878237554e-02	1.274692344e-13
-1.425000000e-01	5.975063546e+00	-3.929171920e-02	1.396001030e-13
-1.430000000e-01	5.975093417e+00	-3.980105972e-02	1.590816840e-13
-1.435000000e-01	5.975123331e+00	-4.031039708e-02	1.210657858e-13
-1.440000000e-01	5.975153288e+00	-4.081973126e-02	1.134311673e-13
-1.445000000e-01	5.975183289e+00	-4.132906227e-02	1.672178040e-13
-1.450000000e-01	5.975213333e+00	-4.183839008e-02	4.718171723e-14
-1.455000000e-01	5.975243420e+00	-4.234771468e-02	1.219296185e-13
-1.460000000e-01	5.975273551e+00	-4.285703607e-02	8.907364691e-14
-1.465000000e-01	5.975303725e+00	-4.336635424e-02	1.603159903e-13
-1.470000000e-01	5.975333942e+00	-4.387566916e-02	1.095816307e-13
-1.475000000e-01	5.975364203e+00	-4.438498084e-02	8.416298046e-14
-1.480000000e-01	5.975394507e+00	-4.489428926e-02	1.087131764e-13
-1.485000000e-01	5.975424854e+00	-4.540359441e-02	1.259796618e-13
-1.490000000e-01	5.975455244e+00	-4.591289628e-02	7.308200533e-14
-1.495000000e-01	5.975485678e+00	-4.642219485e-02	7.325299552e-14
-1.500000000e-01	5.975516155e+00	-4.693149013e-02	7.778514651e-14
-1.505000000e-01	5.975546675e+00	-4.744078208e-02	9.209982734e-14
-1.510000000e-01	5.975577239e+00	-4.795007072e-02	1.283327738e-13
-1.515000000e-01	5.975607846e+00	-4.845935601e-02	1.843514890e-13
-1.520000000e-01	5.975638496e+00	-4.896863796e-02	1.299818391e-13
-1.525000000e-01	5.975669190e+00	-4.947791655e-02	1.044344458e-13
-1.530000000e-01	5.975699926e+00	-4.998719176e-02	1.834515575e-13
-1.535000000e-01	5.975730706e+00	-5.049646360e-02	1.319342069e-13
-1.540000000e-01	5.975761530e+00	-5.100573204e-02	7.143258887e-14
-1.545000000e-01	5.975792397e+00	-5.151499709e-02	5.999249041e-14
-1.550000000e-01	5.975823306e+00	-5.202425872e-02	5.954287655e-14
-1.555000000e-01	5.975854260e+00	-5.253351693e-02	3.099348181e-14
-1.560000000e-01	5.975885256e+00	-5.304277169e-02	1.621655209e-13
-1.565000000e-01	5.975916296e+00	-5.355202302e-02	8.555859318e-14
-1.570000000e-01	5.975947379e+00	-5.406127088e-02	1.336064878e-13
-1.575000000e-01	5.975978506e+00	-5.457051528e-02	1.045129485e-13
-1.580000000e-01	5.976009675e+00	-5.507975620e-02	1.692052753e-13
-1.585000000e-01	5.976040888e+00	-5.558899363e-02	7.412062772e-14
-1.590000000e-01	5.976072144e+00	-5.609822755e-02	8.969986104e-14
-1.595000000e-01	5.976103444e+00	-5.660745797e-02	1.702538645e-13
-1.600000000e-01	5.976134786e+00	-5.711668485e-02	9.182786132e-14
-1.605000000e-01	5.976166172e+00	-5.762590821e-02	1.204491127e-13
-1.610000000e-01	5.976197602e+00	-5.813512801e-02	1.041775979e-13
-1.615000000e-01	5.976229074e+00	-5.864434426e-02	1.078141275e-13
-1.620000000e-01	5.976260590e+00	-5.915355695e-02	3.753207851e-14
-1.625000000e-01	5.976292149e+00	-5.966276605e-02	8.714458102e-14
-1.630000000e-01	5.976323751e+00	-6.017197156e-02	1.936555011e-13
-1.635000000e-01	5.976355397e+00	-6.068117349e-02	1.185689466e-13
-1.640000000e-01	5.976387086e+00	-6.119037179e-02	1.364229147e-13
-1.645000000e-01	5.976418818e+00	-6.169956646e-02	7.578507828e-14
-1.650000000e-01	5.976450593e+00	-6.220875751e-02	1.486772235e-13
-1.655000000e-01	5.976482412e+00	-6.271794491e-02	1.524732412e-13
-1.660000000e-01	5.976514274e+00	-6.322712866e-02	1.032486723e-13
-1.665000000e-01	5.976546179e+00	-6.373630873e-02	1.147135854e-13
-1.670000000e-01	5.976578127e+00	-6.424548514e-02	1.725489232e-13
-1.675000000e-01	5.976610119e+00	-6.475465785e-02	1.625312034e-13
-1.680000000e-01	5.976642154e+00	-6.526382686e-02	1.028380173e-13
-1.685000000e-01	5.976674232e+00	-6.577299216e-02	6.400672132e-14
-1.690000000e-01	5.976706353e+00	-6.628215375e-02	1.429942412e-13
-1.695000000e-01	5.976738517e+00	-6.679131159e-02	1.666562563e-13
-1.700000000e-01	5.976770725e+00	-6.730046569e-02	1.182353220e-13
-1.705000000e-01	5.976802976e+00	-6.780961605e-02	1.248218206e-13
-1.710000000e-01	5.976835271e+00	-6.831876263e-02	1.020323854e-13
-1.715000000e-01	5.976867608e+00	-6.882790544e-02	1.092134099e-13
-1.720000000e-01	5.976899989e+00	-6.933704445e-02	1.398623410e-13
-1.725000000e-01	5.976932413e+00	-6.984617968e-02	1.295321371e-13
-1.730000000e-01	5.976964880e+00	-7.035531109e-02	7.621832428e-14
-1.735000000e-01	5.976997390e+00	-7.086443868e-02	8.501639683e-14
-1.740000000e-01	5.977029944e+00	-7.137356244e-02	1.700466515e-13
-1.745000000e-01	5.977062541e+00	-7.188268236e-02	1.476267086e-13
-1.750000000e-01	5.977095181e+00	-7.239179842e-02	8.367777978e-14
-1.755000000e-01	5.977127864e+00	-7.290091062e-02	1.496679730e-13
-1.760000000e-01	5.977160591e+00	-7.341001894e-02	1.147951268e-13
-1.765000000e-01	5.977193361e+00	-7.391912338e-02	1.481589387e-13
-1.770000000e-01	5.977226174e+00	-7.442822392e-02	9.451535015e-14
-1.775000000e-01	5.977259030e+00	-7.493732055e-02	7.733606337e-14
-1.780000000e-01	5.977291929e+00	-7.544641326e-02	9.416217394e-14
-1.785000000e-01	5.977324872e+00	-7.595550205e-02	1.334724345e-13
-1.790000000e-01	5.977357858e+00	-7.646458689e-02	1.430390821e-13
-1.795000000e-01	5.977390887e+00	-7.697366778e-02	9.636254572e-14
-1.800000000e-01	5.977423959e+00	-7.748274470e-02	6.818062313e-14
-1.805000000e-01	5.977457075e+00	-7.799181765e-02	5.925510084e-14
-1.810000000e-01	5.977490233e+00	-7.850088662e-02	1.089592213e-13
-1.815000000e-01	5.977523435e+00	-7.900995159e-02	4.681198612e-14
-1.820000000e-01	5.977556680e+00	-7.951901255e-02	1.417730260e-13
-1.825000000e-01	5.977589968e+00	-8.002806950e-02	1.356090388e-13
-1.830000000e-01	5.977623300e+00	-8.053712241e-02	2.112256904e-13
-1.835000000e-01	5.977656675e+00	-8.104617129e-02	9.590039410e-14
-1.840000000e-01	5.977690092e+00	-8.155521611e-02	1.651221482e-13
-1.845000000e-01	5.977723553e+00	-8.206425688e-02	8.003389419e-14
-1.850000000e-01	5.977757058e+00	-8.257329357e-02	1.294475927e-13
-1.855000000e-01	5.977790605e+00	-8.308232618e-02	7.941153378e-14
-1.860000000e-01	5.977824196e+00	-8.359135469e-02	1.431389650e-13
-1.865000000e-01	5.977857829e+00	-8.410037909e-02	1.591199853e-13
-1.870000000e-01	5.977891506e+00	-8.460939939e-02	1.042904348e-13
-1.875000000e-01	5.977925227e+00	-8.511841555e-02	1.519670402e-13
-1.880000000e-01	5.977958990e+00	-8.562742758e-02	8.861049329e-14
-1.885000000e-01	5.977992796e+00	-8.613643545e-02	6.949627859e-14
-1.890000000e-01	5.978026646e+00	-8.664543916e-02	1.530272630e-13
-1.895000000e-01	5.978060539e+00	-8.715443871e-02	1.822501368e-13
-1.900000000e-01	5.978094475e+00	-8.766343407e-02	1.082185294e-13
-1.905000000e-01	5.978128454e+00	-8.817242524e-02	1.439741133e-13
-1.910000000e-01	5.978162476e+00	-8.868141220e-02	8.425790708e-14
-1.915000000e-01	5.978196542e+00	-8.919039495e-02	9.753098441e-14
-1.920000000e-01	5.978230651e+00	-8.969937346e-02	1.446395974e-13
-1.925000000e-01	5.978264802e+00	-9.020834775e-02	1.172591290e-13
-1.930000000e-01	5.978298998e+00	-9.071731779e-02	1.596707734e-13
-1.935000000e-01	5.978333236e+00	-9.122628357e-02	1.300723895e-13
-1.940000000e-01	5.978367517e+00	-9.173524508e-02	1.861458842e-13
-1.945000000e-01	5.978401841e+00	-9.224420230e-02	1.106735692e-13
-1.950000000e-01	5.978436209e+00	-9.275315524e-02	5.092512513e-14
-1.955000000e-01	5.978470620e+00	-9.326210388e-02	1.595656462e-13
-1.960000000e-01	5.978505074e+00	-9.377104820e-02	1.143631613e-13
-1.965000000e-01	5.978539571e+00	-9.427998819e-02	1.145158096e-13
-1.970000000e-01	5.978574111e+00	-9.478892385e-02	1.262700885e-13
-1.975000000e-01	5.978608695e+00	-9.529785516e-02	1.455008360e-13
-1.980000000e-01	5.978643321e+00	-9.580678212e-02	1.883780166e-13
-1.985000000e-01	5.978677991e+00	-9.631570471e-02	1.300335437e-13
-1.990000000e-01	5.978712704e+00	-9.682462292e-02	1.499547098e-13
-1.995000000e-01	5.978747460e+00	-9.733353674e-02	7.675632545e-14
-2.000000000e-01	5.978782259e+00	-9.784244615e-02	1.355012221e-13
