# epsi_ci     Re(Lambda)      Im(Lambda)      Eq(det), R = 0.10 $\mu$m, $E_p$ = 0.300 eV, modo = 1, $\epsilon_\infty$ = 3.9, $\gamma_{DL}$ = 0.01 eV, solve_det_sinkz_vs_mu.py
0.000000000e+00	5.887320023e+00	1.001609491e-01	1.150478884e-13
-5.000000000e-04	5.887336613e+00	9.965779345e-02	1.332377032e-13
-1.000000000e-03	5.887353246e+00	9.915463777e-02	1.067761636e-13
-1.500000000e-03	5.887369921e+00	9.865148210e-02	1.309132214e-13
-2.000000000e-03	5.887386640e+00	9.814832646e-02	1.614461719e-13
-2.500000000e-03	5.887403402e+00	9.764517084e-02	9.331950024e-14
-3.000000000e-03	5.887420206e+00	9.714201527e-02	1.785187547e-13
-3.500000000e-03	5.887437054e+00	9.663885974e-02	1.109886453e-13
-4.000000000e-03	5.887453944e+00	9.613570428e-02	1.359161336e-13
-4.500000000e-03	5.887470878e+00	9.563254890e-02	8.500659134e-14
-5.000000000e-03	5.887487854e+00	9.512939360e-02	1.723015085e-13
-5.500000000e-03	5.887504873e+00	9.462623840e-02	1.508118672e-13
-6.000000000e-03	5.887521936e+00	9.412308330e-02	1.487384025e-13
-6.500000000e-03	5.887539041e+00	9.361992832e-02	8.710381987e-14
-7.000000000e-03	5.887556189e+00	9.311677347e-02	1.354119525e-13
-7.500000000e-03	5.887573380e+00	9.261361877e-02	1.111514312e-13
-8.000000000e-03	5.887590615e+00	9.211046422e-02	2.263627169e-13
-8.500000000e-03	5.887607892e+00	9.160730983e-02	1.496062279e-13
-9.000000000e-03	5.887625212e+00	9.110415561e-02	6.734190278e-14
-9.500000000e-03	5.887642575e+00	9.060100157e-02	1.344321137e-13
-1.000000000e-02	5.887659981e+00	9.009784774e-02	1.311694100e-13
-1.050000000e-02	5.887677430e+00	8.959469411e-02	6.642660103e-14
-1.100000000e-02	5.887694922e+00	8.909154070e-02	1.625502799e-13
-1.150000000e-02	5.887712457e+00	8.858838751e-02	1.415284129e-13
-1.200000000e-02	5.887730035e+00	8.808523457e-02	9.338564063e-14
-1.250000000e-02	5.887747656e+00	8.758208188e-02	1.626973889e-13
-1.300000000e-02	5.887765320e+00	8.707892945e-02	7.500622893e-14
-1.350000000e-02	5.887783026e+00	8.657577729e-02	6.924566394e-14
-1.400000000e-02	5.887800776e+00	8.607262542e-02	1.268994197e-13
-1.450000000e-02	5.887818569e+00	8.556947384e-02	7.830589598e-14
-1.500000000e-02	5.887836405e+00	8.506632257e-02	1.098105702e-13
-1.550000000e-02	5.887854283e+00	8.456317161e-02	9.763734582e-14
-1.600000000e-02	5.887872205e+00	8.406002098e-02	1.866015316e-13
-1.650000000e-02	5.887890169e+00	8.355687069e-02	1.368032287e-13
-1.700000000e-02	5.887908177e+00	8.305372076e-02	1.316817315e-13
-1.750000000e-02	5.887926227e+00	8.255057118e-02	7.260668741e-14
-1.800000000e-02	5.887944321e+00	8.204742197e-02	1.247618075e-13
-1.850000000e-02	5.887962457e+00	8.154427315e-02	1.780670019e-13
-1.900000000e-02	5.887980637e+00	8.104112472e-02	1.510049873e-13
-1.950000000e-02	5.887998859e+00	8.053797670e-02	8.424488153e-14
-2.000000000e-02	5.888017124e+00	8.003482909e-02	1.232645933e-13
-2.050000000e-02	5.888035433e+00	7.953168191e-02	1.145479170e-13
-2.100000000e-02	5.888053784e+00	7.902853517e-02	1.069256345e-13
-2.150000000e-02	5.888072178e+00	7.852538887e-02	1.280478268e-13
-2.200000000e-02	5.888090615e+00	7.802224304e-02	1.339303459e-13
-2.250000000e-02	5.888109095e+00	7.751909767e-02	1.453532030e-13
-2.300000000e-02	5.888127618e+00	7.701595280e-02	1.787853662e-13
-2.350000000e-02	5.888146184e+00	7.651280842e-02	1.384037588e-13
-2.400000000e-02	5.888164793e+00	7.600966453e-02	1.129964773e-13
-2.450000000e-02	5.888183445e+00	7.550652116e-02	2.279402985e-13
-2.500000000e-02	5.888202140e+00	7.500337832e-02	1.366873090e-13
-2.550000000e-02	5.888220878e+00	7.450023602e-02	9.811752591e-14
-2.600000000e-02	5.888239659e+00	7.399709426e-02	1.039706029e-13
-2.650000000e-02	5.888258483e+00	7.349395307e-02	1.737455878e-13
-2.700000000e-02	5.888277350e+00	7.299081244e-02	1.168127589e-13
-2.750000000e-02	5.888296259e+00	7.248767239e-02	1.247092855e-13
-2.800000000e-02	5.888315212e+00	7.198453295e-02	1.266542885e-13
-2.850000000e-02	5.888334208e+00	7.148139410e-02	1.890891676e-13
-2.900000000e-02	5.888353246e+00	7.097825586e-02	1.258271784e-13
-2.950000000e-02	5.888372328e+00	7.047511825e-02	1.467914540e-13
-3.000000000e-02	5.888391452e+00	6.997198128e-02	1.228864937e-13
-3.050000000e-02	5.888410620e+00	6.946884495e-02	1.025497230e-13
-3.100000000e-02	5.888429830e+00	6.896570928e-02	7.303972234e-14
-3.150000000e-02	5.888449083e+00	6.846257429e-02	8.808854179e-14
-3.200000000e-02	5.888468380e+00	6.795943997e-02	1.878228051e-13
-3.250000000e-02	5.888487719e+00	6.745630634e-02	8.089420761e-14
-3.300000000e-02	5.888507101e+00	6.695317341e-02	1.099075751e-13
-3.350000000e-02	5.888526526e+00	6.645004121e-02	8.169130892e-14
-3.400000000e-02	5.888545995e+00	6.594690972e-02	1.317201203e-13
-3.450000000e-02	5.888565506e+00	6.544377897e-02	1.676108247e-13
-3.500000000e-02	5.888585060e+00	6.494064897e-02	1.422444523e-13
-3.550000000e-02	5.888604657e+00	6.443751972e-02	1.014231393e-13
-3.600000000e-02	5.888624297e+00	6.393439124e-02	1.071607450e-13
-3.650000000e-02	5.888643980e+00	6.343126354e-02	1.481361851e-13
-3.700000000e-02	5.888663705e+00	6.292813663e-02	1.108192033e-13
-3.750000000e-02	5.888683474e+00	6.242501053e-02	1.308358504e-13
-3.800000000e-02	5.888703286e+00	6.192188523e-02	2.064039618e-13
-3.850000000e-02	5.888723141e+00	6.141876075e-02	1.273106620e-13
-3.900000000e-02	5.888743038e+00	6.091563712e-02	1.220650909e-13
-3.950000000e-02	5.888762979e+00	6.041251432e-02	1.821631925e-13
-4.000000000e-02	5.888782963e+00	5.990939239e-02	1.069253844e-13
-4.050000000e-02	5.888802989e+00	5.940627132e-02	1.841793234e-13
-4.100000000e-02	5.888823059e+00	5.890315113e-02	9.818089832e-14
-4.150000000e-02	5.888843171e+00	5.840003183e-02	1.338166119e-13
-4.200000000e-02	5.888863326e+00	5.789691344e-02	9.714932383e-14
-4.250000000e-02	5.888883525e+00	5.739379595e-02	9.979523990e-14
-4.300000000e-02	5.888903766e+00	5.689067938e-02	1.436118892e-13
-4.350000000e-02	5.888924050e+00	5.638756375e-02	8.774665030e-14
-4.400000000e-02	5.888944377e+00	5.588444906e-02	1.894958900e-13
-4.450000000e-02	5.888964747e+00	5.538133533e-02	7.329197645e-14
-4.500000000e-02	5.888985161e+00	5.487822257e-02	1.213359556e-13
-4.550000000e-02	5.889005617e+00	5.437511078e-02	1.261365816e-13
-4.600000000e-02	5.889026115e+00	5.387199998e-02	1.108769905e-13
-4.650000000e-02	5.889046657e+00	5.336889018e-02	1.664776185e-13
-4.700000000e-02	5.889067242e+00	5.286578139e-02	1.719690663e-13
-4.750000000e-02	5.889087870e+00	5.236267362e-02	9.562724147e-14
-4.800000000e-02	5.889108541e+00	5.185956689e-02	9.952330158e-14
-4.850000000e-02	5.889129254e+00	5.135646119e-02	1.291022584e-13
-4.900000000e-02	5.889150011e+00	5.085335656e-02	1.419519947e-13
-4.950000000e-02	5.889170811e+00	5.035025299e-02	1.075738080e-13
-5.000000000e-02	5.889191653e+00	4.984715050e-02	1.102131729e-13
-5.050000000e-02	5.889212539e+00	4.934404909e-02	1.507588070e-13
-5.100000000e-02	5.889233467e+00	4.884094878e-02	1.475221134e-13
-5.150000000e-02	5.889254438e+00	4.833784958e-02	1.255189224e-13
-5.200000000e-02	5.889275453e+00	4.783475150e-02	1.018648515e-13
-5.250000000e-02	5.889296510e+00	4.733165456e-02	9.358383351e-14
-5.300000000e-02	5.889317610e+00	4.682855875e-02	1.341352822e-13
-5.350000000e-02	5.889338753e+00	4.632546410e-02	1.173076957e-13
-5.400000000e-02	5.889359939e+00	4.582237061e-02	1.134347162e-13
-5.450000000e-02	5.889381168e+00	4.531927830e-02	1.601424376e-13
-5.500000000e-02	5.889402440e+00	4.481618718e-02	8.770541148e-14
-5.550000000e-02	5.889423755e+00	4.431309725e-02	8.773671985e-14
-5.600000000e-02	5.889445113e+00	4.381000853e-02	1.850934619e-13
-5.650000000e-02	5.889466513e+00	4.330692103e-02	2.328600601e-13
-5.700000000e-02	5.889487957e+00	4.280383477e-02	1.713060927e-13
-5.750000000e-02	5.889509443e+00	4.230074974e-02	3.024505954e-14
-5.800000000e-02	5.889530973e+00	4.179766597e-02	1.095227698e-13
-5.850000000e-02	5.889552545e+00	4.129458345e-02	1.925977906e-13
-5.900000000e-02	5.889574161e+00	4.079150222e-02	1.073821745e-13
-5.950000000e-02	5.889595819e+00	4.028842226e-02	1.357295902e-13
-6.000000000e-02	5.889617520e+00	3.978534361e-02	1.122370338e-13
-6.050000000e-02	5.889639265e+00	3.928226626e-02	1.124610890e-13
-6.100000000e-02	5.889661052e+00	3.877919024e-02	6.430515906e-14
-6.150000000e-02	5.889682882e+00	3.827611554e-02	1.221156433e-13
-6.200000000e-02	5.889704755e+00	3.777304219e-02	1.529141549e-13
-6.250000000e-02	5.889726671e+00	3.726997017e-02	7.685835351e-14
-6.300000000e-02	5.889748629e+00	3.676689953e-02	1.066121779e-13
-6.350000000e-02	5.889770631e+00	3.626383026e-02	1.827756908e-13
-6.400000000e-02	5.889792676e+00	3.576076237e-02	1.336132093e-13
-6.450000000e-02	5.889814763e+00	3.525769589e-02	1.438405911e-13
-6.500000000e-02	5.889836894e+00	3.475463080e-02	1.262692257e-13
-6.550000000e-02	5.889859068e+00	3.425156713e-02	1.287278786e-13
-6.600000000e-02	5.889881284e+00	3.374850490e-02	1.698085805e-13
-6.650000000e-02	5.889903543e+00	3.324544409e-02	9.520147829e-14
-6.700000000e-02	5.889925845e+00	3.274238474e-02	1.208149968e-13
-6.750000000e-02	5.889948191e+00	3.223932686e-02	1.423414540e-13
-6.800000000e-02	5.889970579e+00	3.173627045e-02	9.931322238e-14
-6.850000000e-02	5.889993010e+00	3.123321551e-02	1.662100760e-13
-6.900000000e-02	5.890015484e+00	3.073016207e-02	1.017216510e-13
-6.950000000e-02	5.890038001e+00	3.022711014e-02	1.320882978e-13
-7.000000000e-02	5.890060560e+00	2.972405973e-02	1.402495555e-13
-7.050000000e-02	5.890083163e+00	2.922101084e-02	7.349370842e-14
-7.100000000e-02	5.890105809e+00	2.871796349e-02	1.686840924e-13
-7.150000000e-02	5.890128497e+00	2.821491769e-02	1.579723244e-13
-7.200000000e-02	5.890151229e+00	2.771187345e-02	8.827190921e-14
-7.250000000e-02	5.890174003e+00	2.720883078e-02	1.472582138e-13
-7.300000000e-02	5.890196820e+00	2.670578970e-02	1.123764919e-13
-7.350000000e-02	5.890219680e+00	2.620275021e-02	1.826418612e-13
-7.400000000e-02	5.890242584e+00	2.569971231e-02	1.178361841e-13
-7.450000000e-02	5.890265530e+00	2.519667604e-02	1.193499520e-13
-7.500000000e-02	5.890288518e+00	2.469364139e-02	1.010541012e-13
-7.550000000e-02	5.890311550e+00	2.419060838e-02	1.159807572e-13
-7.600000000e-02	5.890334625e+00	2.368757702e-02	1.739136469e-13
-7.650000000e-02	5.890357743e+00	2.318454732e-02	1.373562963e-13
-7.700000000e-02	5.890380903e+00	2.268151928e-02	1.407536642e-13
-7.750000000e-02	5.890404107e+00	2.217849293e-02	9.023335430e-14
-7.800000000e-02	5.890427353e+00	2.167546827e-02	1.293427907e-13
-7.850000000e-02	5.890450643e+00	2.117244531e-02	7.328125406e-14
-7.900000000e-02	5.890473975e+00	2.066942407e-02	2.059683176e-13
-7.950000000e-02	5.890497350e+00	2.016640455e-02	1.009004390e-13
-8.000000000e-02	5.890520768e+00	1.966338677e-02	1.101628940e-13
-8.050000000e-02	5.890544229e+00	1.916037074e-02	1.245306597e-13
-8.100000000e-02	5.890567733e+00	1.865735646e-02	7.946379577e-14
-8.150000000e-02	5.890591280e+00	1.815434395e-02	1.011270245e-13
-8.200000000e-02	5.890614869e+00	1.765133323e-02	1.167064478e-13
-8.250000000e-02	5.890638502e+00	1.714832429e-02	1.069144346e-13
-8.300000000e-02	5.890662177e+00	1.664531715e-02	5.651258415e-14
-8.350000000e-02	5.890685896e+00	1.614231183e-02	1.679333598e-13
-8.400000000e-02	5.890709657e+00	1.563930833e-02	1.284654520e-13
-8.450000000e-02	5.890733461e+00	1.513630667e-02	1.866711206e-13
-8.500000000e-02	5.890757308e+00	1.463330685e-02	1.278526563e-13
-8.550000000e-02	5.890781198e+00	1.413030889e-02	1.286672738e-13
-8.600000000e-02	5.890805131e+00	1.362731280e-02	1.294244974e-13
-8.650000000e-02	5.890829107e+00	1.312431858e-02	1.926755139e-13
-8.700000000e-02	5.890853125e+00	1.262132626e-02	1.211707305e-13
-8.750000000e-02	5.890877187e+00	1.211833584e-02	9.703289577e-14
-8.800000000e-02	5.890901291e+00	1.161534732e-02	1.863317924e-13
-8.850000000e-02	5.890925439e+00	1.111236073e-02	1.234690980e-13
-8.900000000e-02	5.890949629e+00	1.060937608e-02	1.422515745e-13
-8.950000000e-02	5.890973862e+00	1.010639336e-02	1.872596827e-13
-9.000000000e-02	5.890998138e+00	9.603412610e-03	1.024049796e-13
-9.050000000e-02	5.891022457e+00	9.100433816e-03	1.049135059e-13
-9.100000000e-02	5.891046819e+00	8.597457008e-03	9.015036044e-14
-9.150000000e-02	5.891071223e+00	8.094482179e-03	1.236381503e-13
-9.200000000e-02	5.891095671e+00	7.591509355e-03	1.358095780e-13
-9.250000000e-02	5.891120161e+00	7.088538546e-03	1.022075283e-13
-9.300000000e-02	5.891144695e+00	6.585569753e-03	8.171111238e-14
-9.350000000e-02	5.891169271e+00	6.082602988e-03	1.193584859e-13
-9.400000000e-02	5.891193890e+00	5.579638275e-03	1.862629377e-13
-9.450000000e-02	5.891218552e+00	5.076675611e-03	1.079241051e-13
-9.500000000e-02	5.891243257e+00	4.573715012e-03	1.254708436e-13
-9.550000000e-02	5.891268004e+00	4.070756494e-03	8.620599003e-14
-9.600000000e-02	5.891292795e+00	3.567800057e-03	1.066202997e-13
-9.650000000e-02	5.891317629e+00	3.064845715e-03	1.881730783e-13
-9.700000000e-02	5.891342505e+00	2.561893490e-03	1.124584109e-13
-9.750000000e-02	5.891367424e+00	2.058943388e-03	1.011471701e-13
-9.800000000e-02	5.891392386e+00	1.555995409e-03	7.403885805e-14
-9.850000000e-02	5.891417391e+00	1.053049577e-03	1.164788236e-13
-9.900000000e-02	5.891442439e+00	5.501058972e-04	1.536138149e-13
-9.950000000e-02	5.891467530e+00	4.716437357e-05	9.389029224e-14
-1.000000000e-01	5.891492664e+00	-4.557749667e-04	9.545703426e-14
-1.005000000e-01	5.891517840e+00	-9.587121261e-04	9.017233334e-14
-1.010000000e-01	5.891543060e+00	-1.461647081e-03	1.142537250e-13
-1.015000000e-01	5.891568322e+00	-1.964579835e-03	7.866577470e-14
-1.020000000e-01	5.891593627e+00	-2.467510370e-03	1.530691829e-13
-1.025000000e-01	5.891618975e+00	-2.970438674e-03	1.242461397e-13
-1.030000000e-01	5.891644366e+00	-3.473364741e-03	1.077037449e-13
-1.035000000e-01	5.891669799e+00	-3.976288549e-03	9.582415379e-14
-1.040000000e-01	5.891695276e+00	-4.479210099e-03	7.378974659e-14
-1.045000000e-01	5.891720796e+00	-4.982129377e-03	1.459333433e-13
-1.050000000e-01	5.891746358e+00	-5.485046374e-03	1.605485419e-13
-1.055000000e-01	5.891771963e+00	-5.987961067e-03	6.907001013e-14
-1.060000000e-01	5.891797611e+00	-6.490873458e-03	9.738613416e-14
-1.065000000e-01	5.891823302e+00	-6.993783529e-03	1.301891333e-13
-1.070000000e-01	5.891849036e+00	-7.496691281e-03	2.195428361e-13
-1.075000000e-01	5.891874812e+00	-7.999596677e-03	1.198014786e-13
-1.080000000e-01	5.891900632e+00	-8.502499732e-03	2.030270708e-13
-1.085000000e-01	5.891926494e+00	-9.005400432e-03	1.314698922e-13
-1.090000000e-01	5.891952399e+00	-9.508298753e-03	1.433796687e-13
-1.095000000e-01	5.891978347e+00	-1.001119469e-02	1.178024877e-13
-1.100000000e-01	5.892004338e+00	-1.051408824e-02	1.289701425e-13
-1.105000000e-01	5.892030372e+00	-1.101697938e-02	8.829357427e-14
-1.110000000e-01	5.892056449e+00	-1.151986811e-02	9.191697344e-14
-1.115000000e-01	5.892082568e+00	-1.202275440e-02	1.622513048e-13
-1.120000000e-01	5.892108730e+00	-1.252563826e-02	1.561985723e-13
-1.125000000e-01	5.892134935e+00	-1.302851968e-02	9.726272801e-14
-1.130000000e-01	5.892161183e+00	-1.353139863e-02	9.504201993e-14
-1.135000000e-01	5.892187474e+00	-1.403427511e-02	6.730807116e-14
-1.140000000e-01	5.892213808e+00	-1.453714911e-02	1.147115232e-13
-1.145000000e-01	5.892240185e+00	-1.504002062e-02	1.126731780e-13
-1.150000000e-01	5.892266604e+00	-1.554288962e-02	4.895910232e-14
-1.155000000e-01	5.892293066e+00	-1.604575612e-02	1.175334175e-13
-1.160000000e-01	5.892319571e+00	-1.654862008e-02	1.135234776e-13
-1.165000000e-01	5.892346119e+00	-1.705148151e-02	1.233095195e-13
-1.170000000e-01	5.892372710e+00	-1.755434039e-02	1.544171417e-13
-1.175000000e-01	5.892399343e+00	-1.805719672e-02	9.527547648e-14
-1.180000000e-01	5.892426020e+00	-1.856005047e-02	1.015891747e-13
-1.185000000e-01	5.892452739e+00	-1.906290165e-02	4.260531626e-14
-1.190000000e-01	5.892479501e+00	-1.956575023e-02	1.128469573e-13
-1.195000000e-01	5.892506306e+00	-2.006859621e-02	1.155957234e-13
-1.200000000e-01	5.892533154e+00	-2.057143958e-02	1.343778499e-13
-1.205000000e-01	5.892560044e+00	-2.107428033e-02	1.441077337e-13
-1.210000000e-01	5.892586978e+00	-2.157711843e-02	1.876937253e-13
-1.215000000e-01	5.892613954e+00	-2.207995390e-02	7.404665860e-14
-1.220000000e-01	5.892640973e+00	-2.258278671e-02	9.659295492e-14
-1.225000000e-01	5.892668035e+00	-2.308561685e-02	1.355137072e-13
-1.230000000e-01	5.892695140e+00	-2.358844432e-02	1.194090072e-13
-1.235000000e-01	5.892722287e+00	-2.409126909e-02	1.481767849e-13
-1.240000000e-01	5.892749478e+00	-2.459409117e-02	9.252391951e-14
-1.245000000e-01	5.892776711e+00	-2.509691053e-02	1.289084416e-13
-1.250000000e-01	5.892803987e+00	-2.559972717e-02	1.546917123e-13
-1.255000000e-01	5.892831306e+00	-2.610254108e-02	1.480440848e-13
-1.260000000e-01	5.892858667e+00	-2.660535225e-02	1.282425451e-13
-1.265000000e-01	5.892886072e+00	-2.710816066e-02	8.072113869e-14
-1.270000000e-01	5.892913519e+00	-2.761096629e-02	1.150036616e-13
-1.275000000e-01	5.892941009e+00	-2.811376916e-02	6.497773609e-14
-1.280000000e-01	5.892968542e+00	-2.861656925e-02	8.198119921e-14
-1.285000000e-01	5.892996118e+00	-2.911936653e-02	8.552188682e-14
-1.290000000e-01	5.893023736e+00	-2.962216099e-02	8.252457571e-14
-1.295000000e-01	5.893051397e+00	-3.012495265e-02	1.644502922e-13
-1.300000000e-01	5.893079102e+00	-3.062774147e-02	1.495604540e-13
-1.305000000e-01	5.893106849e+00	-3.113052745e-02	1.478395920e-13
-1.310000000e-01	5.893134638e+00	-3.163331057e-02	1.132180099e-13
-1.315000000e-01	5.893162471e+00	-3.213609082e-02	1.351175254e-13
-1.320000000e-01	5.893190346e+00	-3.263886822e-02	1.377524782e-13
-1.325000000e-01	5.893218264e+00	-3.314164271e-02	1.864539297e-13
-1.330000000e-01	5.893246225e+00	-3.364441431e-02	1.081006891e-13
-1.335000000e-01	5.893274229e+00	-3.414718301e-02	1.239316668e-13
-1.340000000e-01	5.893302276e+00	-3.464994878e-02	9.491015927e-14
-1.345000000e-01	5.893330365e+00	-3.515271163e-02	6.671670242e-14
-1.350000000e-01	5.893358497e+00	-3.565547154e-02	1.323132297e-13
-1.355000000e-01	5.893386672e+00	-3.615822849e-02	8.805562049e-14
-1.360000000e-01	5.893414890e+00	-3.666098249e-02	1.618548432e-13
-1.365000000e-01	5.893443151e+00	-3.716373350e-02	1.708528480e-13
-1.370000000e-01	5.893471454e+00	-3.766648154e-02	1.374574013e-13
-1.375000000e-01	5.893499800e+00	-3.816922657e-02	1.696404650e-13
-1.380000000e-01	5.893528189e+00	-3.867196861e-02	1.423122054e-13
-1.385000000e-01	5.893556621e+00	-3.917470763e-02	1.100976341e-13
-1.390000000e-01	5.893585095e+00	-3.967744362e-02	1.277631375e-13
-1.395000000e-01	5.893613612e+00	-4.018017657e-02	9.496151787e-14
-1.400000000e-01	5.893642173e+00	-4.068290647e-02	1.300940183e-13
-1.405000000e-01	5.893670775e+00	-4.118563331e-02	1.274796924e-13
-1.410000000e-01	5.893699421e+00	-4.168835708e-02	1.595246790e-13
-1.415000000e-01	5.893728109e+00	-4.219107777e-02	1.087547058e-13
-1.420000000e-01	5.893756841e+00	-4.269379536e-02	1.297945898e-13
-1.425000000e-01	5.893785615e+00	-4.319650985e-02	8.682952901e-14
-1.430000000e-01	5.893814431e+00	-4.369922122e-02	1.743975107e-13
-1.435000000e-01	5.893843291e+00	-4.420192947e-02	2.498559698e-14
-1.440000000e-01	5.893872193e+00	-4.470463459e-02	6.467281501e-14
-1.445000000e-01	5.893901138e+00	-4.520733655e-02	1.287360306e-13
-1.450000000e-01	5.893930126e+00	-4.571003536e-02	1.317398380e-13
-1.455000000e-01	5.893959157e+00	-4.621273099e-02	1.019574298e-13
-1.460000000e-01	5.893988230e+00	-4.671542345e-02	1.087874762e-13
-1.465000000e-01	5.894017346e+00	-4.721811271e-02	7.346003731e-14
-1.470000000e-01	5.894046505e+00	-4.772079877e-02	1.983029320e-13
-1.475000000e-01	5.894075707e+00	-4.822348163e-02	1.758773023e-13
-1.480000000e-01	5.894104951e+00	-4.872616125e-02	1.508650844e-13
-1.485000000e-01	5.894134238e+00	-4.922883764e-02	1.004327086e-13
-1.490000000e-01	5.894163568e+00	-4.973151078e-02	1.235610752e-13
-1.495000000e-01	5.894192941e+00	-5.023418068e-02	2.218299645e-13
-1.500000000e-01	5.894222356e+00	-5.073684729e-02	1.515919134e-13
-1.505000000e-01	5.894251815e+00	-5.123951063e-02	1.889419368e-13
-1.510000000e-01	5.894281316e+00	-5.174217069e-02	8.651951836e-14
-1.515000000e-01	5.894310859e+00	-5.224482743e-02	1.444447932e-13
-1.520000000e-01	5.894340446e+00	-5.274748088e-02	1.136564572e-13
-1.525000000e-01	5.894370075e+00	-5.325013100e-02	9.294774295e-14
-1.530000000e-01	5.894399747e+00	-5.375277778e-02	2.004618683e-13
-1.535000000e-01	5.894429462e+00	-5.425542122e-02	1.657051267e-13
-1.540000000e-01	5.894459219e+00	-5.475806131e-02	8.778583816e-14
-1.545000000e-01	5.894489019e+00	-5.526069803e-02	1.344970370e-13
-1.550000000e-01	5.894518862e+00	-5.576333138e-02	1.360220758e-13
-1.555000000e-01	5.894548748e+00	-5.626596134e-02	1.782002882e-13
-1.560000000e-01	5.894578676e+00	-5.676858790e-02	1.179956039e-13
-1.565000000e-01	5.894608648e+00	-5.727121105e-02	1.765922041e-13
-1.570000000e-01	5.894638662e+00	-5.777383078e-02	6.259778594e-14
-1.575000000e-01	5.894668718e+00	-5.827644708e-02	6.462519051e-14
-1.580000000e-01	5.894698818e+00	-5.877905994e-02	1.155487252e-13
-1.585000000e-01	5.894728960e+00	-5.928166935e-02	1.012082575e-13
-1.590000000e-01	5.894759145e+00	-5.978427529e-02	1.625224175e-13
-1.595000000e-01	5.894789372e+00	-6.028687776e-02	1.612739252e-13
-1.600000000e-01	5.894819642e+00	-6.078947674e-02	1.084576760e-13
-1.605000000e-01	5.894849955e+00	-6.129207223e-02	1.282246128e-13
-1.610000000e-01	5.894880311e+00	-6.179466421e-02	8.514995705e-14
-1.615000000e-01	5.894910710e+00	-6.229725267e-02	1.461979743e-13
-1.620000000e-01	5.894941151e+00	-6.279983761e-02	1.200507697e-13
-1.625000000e-01	5.894971635e+00	-6.330241900e-02	1.112642793e-13
-1.630000000e-01	5.895002162e+00	-6.380499685e-02	1.016312882e-13
-1.635000000e-01	5.895032731e+00	-6.430757113e-02	1.113093143e-13
-1.640000000e-01	5.895063343e+00	-6.481014183e-02	1.391566052e-13
-1.645000000e-01	5.895093998e+00	-6.531270897e-02	1.629105224e-13
-1.650000000e-01	5.895124695e+00	-6.581527249e-02	2.210784722e-13
-1.655000000e-01	5.895155435e+00	-6.631783242e-02	1.520676600e-13
-1.660000000e-01	5.895186218e+00	-6.682038874e-02	1.583971189e-13
-1.665000000e-01	5.895217044e+00	-6.732294142e-02	1.075154113e-13
-1.670000000e-01	5.895247912e+00	-6.782549048e-02	1.744274370e-13
-1.675000000e-01	5.895278823e+00	-6.832803587e-02	1.229253931e-13
-1.680000000e-01	5.895309777e+00	-6.883057762e-02	7.561985880e-14
-1.685000000e-01	5.895340774e+00	-6.933311569e-02	1.417331972e-13
-1.690000000e-01	5.895371813e+00	-6.983565008e-02	1.464955128e-13
-1.695000000e-01	5.895402895e+00	-7.033818078e-02	1.314762465e-13
-1.700000000e-01	5.895434019e+00	-7.084070778e-02	1.279694601e-13
-1.705000000e-01	5.895465186e+00	-7.134323107e-02	1.553154314e-13
-1.710000000e-01	5.895496396e+00	-7.184575062e-02	1.282448529e-13
-1.715000000e-01	5.895527649e+00	-7.234826644e-02	1.397154457e-13
-1.720000000e-01	5.895558944e+00	-7.285077852e-02	2.153343028e-13
-1.725000000e-01	5.895590282e+00	-7.335328685e-02	5.928753605e-14
-1.730000000e-01	5.895621663e+00	-7.385579140e-02	1.262728868e-13
-1.735000000e-01	5.895653086e+00	-7.435829218e-02	1.404379425e-13
-1.740000000e-01	5.895684553e+00	-7.486078917e-02	9.990160601e-14
-1.745000000e-01	5.895716061e+00	-7.536328235e-02	1.591576421e-13
-1.750000000e-01	5.895747613e+00	-7.586577172e-02	1.331095549e-13
-1.755000000e-01	5.895779207e+00	-7.636825728e-02	1.439775651e-13
-1.760000000e-01	5.895810844e+00	-7.687073900e-02	1.811473931e-13
-1.765000000e-01	5.895842523e+00	-7.737321688e-02	1.219078143e-13
-1.770000000e-01	5.895874245e+00	-7.787569091e-02	1.190485002e-13
-1.775000000e-01	5.895906010e+00	-7.837816106e-02	8.300800431e-14
-1.780000000e-01	5.895937818e+00	-7.888062735e-02	1.717491551e-13
-1.785000000e-01	5.895969668e+00	-7.938308974e-02	9.033617264e-14
-1.790000000e-01	5.896001561e+00	-7.988554824e-02	1.182558856e-13
-1.795000000e-01	5.896033496e+00	-8.038800282e-02	1.336970393e-13
-1.800000000e-01	5.896065474e+00	-8.089045349e-02	1.359882436e-13
-1.805000000e-01	5.896097495e+00	-8.139290023e-02	1.753774596e-13
-1.810000000e-01	5.896129559e+00	-8.189534303e-02	1.264126770e-13
-1.815000000e-01	5.896161665e+00	-8.239778188e-02	1.990039284e-13
-1.820000000e-01	5.896193814e+00	-8.290021676e-02	1.362749223e-13
-1.825000000e-01	5.896226005e+00	-8.340264767e-02	1.818070554e-13
-1.830000000e-01	5.896258239e+00	-8.390507459e-02	1.171739855e-13
-1.835000000e-01	5.896290516e+00	-8.440749753e-02	1.093329160e-13
-1.840000000e-01	5.896322835e+00	-8.490991645e-02	1.690925815e-13
-1.845000000e-01	5.896355197e+00	-8.541233136e-02	1.517798019e-13
-1.850000000e-01	5.896387602e+00	-8.591474223e-02	1.120788217e-13
-1.855000000e-01	5.896420050e+00	-8.641714908e-02	1.411045522e-13
-1.860000000e-01	5.896452540e+00	-8.691955187e-02	1.369757084e-13
-1.865000000e-01	5.896485072e+00	-8.742195060e-02	1.761687559e-13
-1.870000000e-01	5.896517647e+00	-8.792434526e-02	1.423722231e-13
-1.875000000e-01	5.896550265e+00	-8.842673584e-02	1.219477180e-13
-1.880000000e-01	5.896582926e+00	-8.892912232e-02	8.078700512e-14
-1.885000000e-01	5.896615629e+00	-8.943150471e-02	1.984228405e-13
-1.890000000e-01	5.896648375e+00	-8.993388298e-02	3.086813152e-14
-1.895000000e-01	5.896681164e+00	-9.043625712e-02	9.492260778e-14
-1.900000000e-01	5.896713995e+00	-9.093862713e-02	1.987880210e-13
-1.905000000e-01	5.896746868e+00	-9.144099299e-02	8.234689501e-14
-1.910000000e-01	5.896779785e+00	-9.194335469e-02	1.834275261e-13
-1.915000000e-01	5.896812744e+00	-9.244571223e-02	7.595005701e-14
-1.920000000e-01	5.896845745e+00	-9.294806559e-02	1.391143326e-13
-1.925000000e-01	5.896878790e+00	-9.345041475e-02	1.210240629e-13
-1.930000000e-01	5.896911877e+00	-9.395275971e-02	1.639203120e-13
-1.935000000e-01	5.896945006e+00	-9.445510047e-02	1.159104348e-13
-1.940000000e-01	5.896978178e+00	-9.495743699e-02	1.443201662e-13
-1.945000000e-01	5.897011393e+00	-9.545976929e-02	1.479456572e-13
-1.950000000e-01	5.897044650e+00	-9.596209735e-02	1.055988694e-13
-1.955000000e-01	5.897077950e+00	-9.646442114e-02	1.004734024e-13
-1.960000000e-01	5.897111293e+00	-9.696674068e-02	1.363757865e-13
-1.965000000e-01	5.897144678e+00	-9.746905594e-02	1.057374222e-13
-1.970000000e-01	5.897178106e+00	-9.797136690e-02	1.322485421e-13
-1.975000000e-01	5.897211576e+00	-9.847367358e-02	9.836979017e-14
-1.980000000e-01	5.897245089e+00	-9.897597594e-02	9.532071531e-14
-1.985000000e-01	5.897278644e+00	-9.947827398e-02	9.927797250e-14
-1.990000000e-01	5.897312243e+00	-9.998056770e-02	5.718464414e-14
-1.995000000e-01	5.897345883e+00	-1.004828571e-01	1.268488686e-13
-2.000000000e-01	5.897379567e+00	-1.009851421e-01	1.712663462e-13
