# epsi_ci     Re(Lambda)      Im(Lambda)      Eq(det), R = 0.10 $\mu$m, $E_p$ = 0.300 eV, modo = 1, $\epsilon_\infty$ = 3.9, $\gamma_{DL}$ = 0.01 eV, solve_det_sinkz_vs_mu.py
0.000000000e+00	6.018719798e+00	1.097071931e-01	1.092828057e-13
-5.000000000e-04	6.018737861e+00	1.091933105e-01	1.177862559e-13
-1.000000000e-03	6.018755968e+00	1.086794278e-01	9.980988486e-14
-1.500000000e-03	6.018774119e+00	1.081655451e-01	1.603653176e-13
-2.000000000e-03	6.018792313e+00	1.076516625e-01	6.101223388e-14
-2.500000000e-03	6.018810551e+00	1.071377798e-01	7.725016125e-14
-3.000000000e-03	6.018828833e+00	1.066238973e-01	1.418949621e-13
-3.500000000e-03	6.018847159e+00	1.061100147e-01	1.828593075e-13
-4.000000000e-03	6.018865529e+00	1.055961322e-01	1.244379666e-13
-4.500000000e-03	6.018883943e+00	1.050822498e-01	1.788584398e-13
-5.000000000e-03	6.018902400e+00	1.045683675e-01	1.451944518e-13
-5.500000000e-03	6.018920901e+00	1.040544852e-01	6.203464021e-14
-6.000000000e-03	6.018939446e+00	1.035406031e-01	1.410796457e-13
-6.500000000e-03	6.018958035e+00	1.030267211e-01	1.263069374e-13
-7.000000000e-03	6.018976668e+00	1.025128392e-01	1.016754907e-13
-7.500000000e-03	6.018995345e+00	1.019989574e-01	1.395762272e-13
-8.000000000e-03	6.019014065e+00	1.014850758e-01	1.175122194e-13
-8.500000000e-03	6.019032830e+00	1.009711944e-01	1.888918124e-13
-9.000000000e-03	6.019051638e+00	1.004573131e-01	9.347841368e-14
-9.500000000e-03	6.019070490e+00	9.994343202e-02	5.696928793e-14
-1.000000000e-02	6.019089386e+00	9.942955112e-02	1.257018084e-13
-1.050000000e-02	6.019108326e+00	9.891567042e-02	6.787805508e-14
-1.100000000e-02	6.019127309e+00	9.840178994e-02	1.181390225e-13
-1.150000000e-02	6.019146336e+00	9.788790969e-02	1.033910864e-13
-1.200000000e-02	6.019165408e+00	9.737402968e-02	8.101969136e-14
-1.250000000e-02	6.019184523e+00	9.686014992e-02	1.289347489e-13
-1.300000000e-02	6.019203682e+00	9.634627041e-02	1.020933854e-13
-1.350000000e-02	6.019222884e+00	9.583239118e-02	1.100488502e-13
-1.400000000e-02	6.019242131e+00	9.531851224e-02	1.236012158e-13
-1.450000000e-02	6.019261421e+00	9.480463359e-02	4.003979448e-14
-1.500000000e-02	6.019280756e+00	9.429075524e-02	5.387963529e-14
-1.550000000e-02	6.019300134e+00	9.377687721e-02	1.129340656e-13
-1.600000000e-02	6.019319556e+00	9.326299952e-02	1.189810301e-13
-1.650000000e-02	6.019339022e+00	9.274912216e-02	1.157924303e-13
-1.700000000e-02	6.019358531e+00	9.223524515e-02	1.489552480e-13
-1.750000000e-02	6.019378085e+00	9.172136850e-02	5.554508715e-14
-1.800000000e-02	6.019397682e+00	9.120749222e-02	6.955151960e-14
-1.850000000e-02	6.019417323e+00	9.069361634e-02	1.719232096e-13
-1.900000000e-02	6.019437008e+00	9.017974084e-02	1.101415991e-13
-1.950000000e-02	6.019456737e+00	8.966586576e-02	1.001136032e-13
-2.000000000e-02	6.019476510e+00	8.915199109e-02	9.981508046e-14
-2.050000000e-02	6.019496326e+00	8.863811685e-02	3.735071236e-14
-2.100000000e-02	6.019516186e+00	8.812424305e-02	7.973583117e-14
-2.150000000e-02	6.019536091e+00	8.761036970e-02	1.257185777e-13
-2.200000000e-02	6.019556039e+00	8.709649682e-02	8.452051003e-14
-2.250000000e-02	6.019576030e+00	8.658262441e-02	1.343893653e-13
-2.300000000e-02	6.019596066e+00	8.606875249e-02	1.102287107e-13
-2.350000000e-02	6.019616146e+00	8.555488106e-02	1.629831950e-13
-2.400000000e-02	6.019636269e+00	8.504101014e-02	5.912469796e-14
-2.450000000e-02	6.019656436e+00	8.452713974e-02	1.540304245e-13
-2.500000000e-02	6.019676647e+00	8.401326987e-02	1.442683093e-13
-2.550000000e-02	6.019696902e+00	8.349940055e-02	1.663362948e-13
-2.600000000e-02	6.019717201e+00	8.298553177e-02	7.754293128e-14
-2.650000000e-02	6.019737543e+00	8.247166356e-02	8.282055387e-14
-2.700000000e-02	6.019757930e+00	8.195779592e-02	1.630231908e-13
-2.750000000e-02	6.019778360e+00	8.144392888e-02	1.566316849e-13
-2.800000000e-02	6.019798834e+00	8.093006243e-02	1.174790972e-13
-2.850000000e-02	6.019819352e+00	8.041619658e-02	8.348827569e-14
-2.900000000e-02	6.019839914e+00	7.990233136e-02	1.389555285e-13
-2.950000000e-02	6.019860519e+00	7.938846677e-02	5.034384421e-14
-3.000000000e-02	6.019881169e+00	7.887460283e-02	1.636338286e-13
-3.050000000e-02	6.019901862e+00	7.836073953e-02	9.668797034e-14
-3.100000000e-02	6.019922599e+00	7.784687690e-02	1.715765398e-13
-3.150000000e-02	6.019943380e+00	7.733301495e-02	1.416098614e-13
-3.200000000e-02	6.019964204e+00	7.681915369e-02	8.051567006e-14
-3.250000000e-02	6.019985073e+00	7.630529312e-02	1.483678868e-13
-3.300000000e-02	6.020005985e+00	7.579143326e-02	1.438501608e-13
-3.350000000e-02	6.020026942e+00	7.527757413e-02	1.343185980e-13
-3.400000000e-02	6.020047942e+00	7.476371573e-02	1.180071146e-13
-3.450000000e-02	6.020068986e+00	7.424985807e-02	8.366383291e-14
-3.500000000e-02	6.020090073e+00	7.373600117e-02	9.654699157e-14
-3.550000000e-02	6.020111205e+00	7.322214503e-02	1.039746815e-13
-3.600000000e-02	6.020132380e+00	7.270828967e-02	7.843730710e-14
-3.650000000e-02	6.020153599e+00	7.219443509e-02	9.223953875e-14
-3.700000000e-02	6.020174862e+00	7.168058132e-02	1.264652584e-13
-3.750000000e-02	6.020196169e+00	7.116672836e-02	5.726347592e-14
-3.800000000e-02	6.020217520e+00	7.065287622e-02	1.128886572e-13
-3.850000000e-02	6.020238914e+00	7.013902492e-02	1.182658666e-13
-3.900000000e-02	6.020260353e+00	6.962517446e-02	9.226786445e-14
-3.950000000e-02	6.020281835e+00	6.911132485e-02	1.823422037e-13
-4.000000000e-02	6.020303361e+00	6.859747612e-02	7.538276735e-14
-4.050000000e-02	6.020324931e+00	6.808362826e-02	6.792085026e-14
-4.100000000e-02	6.020346544e+00	6.756978129e-02	1.310183402e-13
-4.150000000e-02	6.020368202e+00	6.705593522e-02	1.311870036e-13
-4.200000000e-02	6.020389903e+00	6.654209006e-02	1.435311667e-13
-4.250000000e-02	6.020411648e+00	6.602824583e-02	8.161831481e-14
-4.300000000e-02	6.020433437e+00	6.551440253e-02	1.129123568e-13
-4.350000000e-02	6.020455270e+00	6.500056017e-02	9.731360003e-14
-4.400000000e-02	6.020477147e+00	6.448671878e-02	7.401844713e-14
-4.450000000e-02	6.020499067e+00	6.397287835e-02	8.916015501e-14
-4.500000000e-02	6.020521031e+00	6.345903890e-02	1.182661387e-13
-4.550000000e-02	6.020543039e+00	6.294520043e-02	1.700299853e-13
-4.600000000e-02	6.020565091e+00	6.243136298e-02	8.717209792e-14
-4.650000000e-02	6.020587187e+00	6.191752653e-02	1.253119335e-13
-4.700000000e-02	6.020609327e+00	6.140369111e-02	1.021199584e-13
-4.750000000e-02	6.020631510e+00	6.088985672e-02	1.206615466e-13
-4.800000000e-02	6.020653737e+00	6.037602338e-02	1.228160419e-13
-4.850000000e-02	6.020676008e+00	5.986219110e-02	1.573455513e-13
-4.900000000e-02	6.020698323e+00	5.934835989e-02	1.238736490e-13
-4.950000000e-02	6.020720682e+00	5.883452976e-02	1.851105158e-13
-5.000000000e-02	6.020743084e+00	5.832070072e-02	1.225783989e-13
-5.050000000e-02	6.020765530e+00	5.780687277e-02	7.481153944e-14
-5.100000000e-02	6.020788020e+00	5.729304595e-02	1.887820441e-13
-5.150000000e-02	6.020810554e+00	5.677922025e-02	2.723147834e-14
-5.200000000e-02	6.020833132e+00	5.626539569e-02	6.776598975e-14
-5.250000000e-02	6.020855754e+00	5.575157227e-02	8.626959675e-14
-5.300000000e-02	6.020878419e+00	5.523775001e-02	1.019562738e-13
-5.350000000e-02	6.020901128e+00	5.472392893e-02	1.562650382e-13
-5.400000000e-02	6.020923881e+00	5.421010902e-02	7.820872002e-14
-5.450000000e-02	6.020946678e+00	5.369629031e-02	1.486465941e-13
-5.500000000e-02	6.020969519e+00	5.318247279e-02	1.477987916e-13
-5.550000000e-02	6.020992403e+00	5.266865650e-02	8.750944389e-14
-5.600000000e-02	6.021015331e+00	5.215484142e-02	1.417768303e-13
-5.650000000e-02	6.021038303e+00	5.164102760e-02	1.022072329e-13
-5.700000000e-02	6.021061319e+00	5.112721501e-02	1.301474890e-13
-5.750000000e-02	6.021084379e+00	5.061340368e-02	1.016979460e-13
-5.800000000e-02	6.021107483e+00	5.009959363e-02	1.044046476e-13
-5.850000000e-02	6.021130630e+00	4.958578486e-02	1.305351741e-13
-5.900000000e-02	6.021153821e+00	4.907197738e-02	4.865515275e-14
-5.950000000e-02	6.021177056e+00	4.855817120e-02	5.923705335e-14
-6.000000000e-02	6.021200335e+00	4.804436634e-02	1.243521011e-13
-6.050000000e-02	6.021223657e+00	4.753056281e-02	1.837743184e-13
-6.100000000e-02	6.021247024e+00	4.701676062e-02	1.658756539e-13
-6.150000000e-02	6.021270434e+00	4.650295976e-02	9.602563271e-14
-6.200000000e-02	6.021293888e+00	4.598916028e-02	1.716535454e-13
-6.250000000e-02	6.021317385e+00	4.547536216e-02	5.401783068e-14
-6.300000000e-02	6.021340927e+00	4.496156544e-02	7.968281108e-14
-6.350000000e-02	6.021364512e+00	4.444777010e-02	9.081018923e-14
-6.400000000e-02	6.021388142e+00	4.393397617e-02	9.285082000e-14
-6.450000000e-02	6.021411815e+00	4.342018365e-02	1.067395535e-13
-6.500000000e-02	6.021435531e+00	4.290639256e-02	1.247754579e-13
-6.550000000e-02	6.021459292e+00	4.239260291e-02	1.199757318e-13
-6.600000000e-02	6.021483096e+00	4.187881471e-02	1.634308794e-13
-6.650000000e-02	6.021506945e+00	4.136502797e-02	9.245878209e-14
-6.700000000e-02	6.021530837e+00	4.085124271e-02	1.628460027e-13
-6.750000000e-02	6.021554772e+00	4.033745893e-02	1.307640629e-13
-6.800000000e-02	6.021578752e+00	3.982367664e-02	1.431908485e-13
-6.850000000e-02	6.021602775e+00	3.930989586e-02	8.739580834e-14
-6.900000000e-02	6.021626843e+00	3.879611659e-02	1.419665366e-13
-6.950000000e-02	6.021650954e+00	3.828233886e-02	1.421308215e-13
-7.000000000e-02	6.021675108e+00	3.776856266e-02	1.489230312e-13
-7.050000000e-02	6.021699307e+00	3.725478802e-02	1.096414900e-13
-7.100000000e-02	6.021723549e+00	3.674101494e-02	7.582138428e-14
-7.150000000e-02	6.021747836e+00	3.622724343e-02	1.474034868e-13
-7.200000000e-02	6.021772166e+00	3.571347350e-02	1.441346699e-13
-7.250000000e-02	6.021796539e+00	3.519970517e-02	1.162322520e-13
-7.300000000e-02	6.021820957e+00	3.468593844e-02	1.207500812e-13
-7.350000000e-02	6.021845418e+00	3.417217334e-02	7.654624489e-14
-7.400000000e-02	6.021869923e+00	3.365840986e-02	4.119766166e-14
-7.450000000e-02	6.021894472e+00	3.314464803e-02	5.843261798e-14
-7.500000000e-02	6.021919065e+00	3.263088785e-02	1.007623459e-13
-7.550000000e-02	6.021943702e+00	3.211712933e-02	1.077229469e-13
-7.600000000e-02	6.021968382e+00	3.160337247e-02	1.030975195e-13
-7.650000000e-02	6.021993106e+00	3.108961731e-02	1.166918287e-13
-7.700000000e-02	6.022017874e+00	3.057586385e-02	9.767715182e-14
-7.750000000e-02	6.022042685e+00	3.006211209e-02	7.088797595e-14
-7.800000000e-02	6.022067541e+00	2.954836205e-02	1.517544270e-13
-7.850000000e-02	6.022092440e+00	2.903461374e-02	8.209976008e-14
-7.900000000e-02	6.022117383e+00	2.852086718e-02	1.603323873e-13
-7.950000000e-02	6.022142370e+00	2.800712236e-02	9.239652732e-14
-8.000000000e-02	6.022167401e+00	2.749337930e-02	1.067884228e-13
-8.050000000e-02	6.022192475e+00	2.697963802e-02	1.703043849e-13
-8.100000000e-02	6.022217593e+00	2.646589854e-02	1.464439166e-13
-8.150000000e-02	6.022242755e+00	2.595216084e-02	1.578250110e-13
-8.200000000e-02	6.022267961e+00	2.543842496e-02	1.112180964e-13
-8.250000000e-02	6.022293210e+00	2.492469089e-02	1.174534101e-13
-8.300000000e-02	6.022318503e+00	2.441095865e-02	1.330950615e-13
-8.350000000e-02	6.022343841e+00	2.389722826e-02	1.636114165e-13
-8.400000000e-02	6.022369221e+00	2.338349972e-02	1.374642287e-13
-8.450000000e-02	6.022394646e+00	2.286977304e-02	9.980646176e-14
-8.500000000e-02	6.022420114e+00	2.235604823e-02	1.458429846e-13
-8.550000000e-02	6.022445626e+00	2.184232532e-02	1.001056656e-13
-8.600000000e-02	6.022471182e+00	2.132860430e-02	1.003044325e-13
-8.650000000e-02	6.022496782e+00	2.081488520e-02	7.865725492e-14
-8.700000000e-02	6.022522425e+00	2.030116801e-02	1.667006289e-13
-8.750000000e-02	6.022548113e+00	1.978745275e-02	7.642434493e-14
-8.800000000e-02	6.022573844e+00	1.927373943e-02	1.067408874e-13
-8.850000000e-02	6.022599618e+00	1.876002807e-02	1.934826653e-13
-8.900000000e-02	6.022625437e+00	1.824631868e-02	2.042839406e-13
-8.950000000e-02	6.022651299e+00	1.773261126e-02	1.578477826e-13
-9.000000000e-02	6.022677205e+00	1.721890582e-02	1.081984266e-13
-9.050000000e-02	6.022703155e+00	1.670520239e-02	1.050564202e-13
-9.100000000e-02	6.022729149e+00	1.619150097e-02	9.331883863e-14
-9.150000000e-02	6.022755186e+00	1.567780156e-02	2.087161650e-13
-9.200000000e-02	6.022781267e+00	1.516410419e-02	1.431856063e-13
-9.250000000e-02	6.022807392e+00	1.465040886e-02	9.721171733e-14
-9.300000000e-02	6.022833561e+00	1.413671559e-02	1.470052386e-13
-9.350000000e-02	6.022859773e+00	1.362302438e-02	1.792688633e-13
-9.400000000e-02	6.022886029e+00	1.310933525e-02	1.240859098e-13
-9.450000000e-02	6.022912329e+00	1.259564820e-02	1.075558327e-13
-9.500000000e-02	6.022938673e+00	1.208196326e-02	7.230115776e-14
-9.550000000e-02	6.022965061e+00	1.156828042e-02	1.484950399e-13
-9.600000000e-02	6.022991492e+00	1.105459971e-02	1.293095658e-13
-9.650000000e-02	6.023017967e+00	1.054092113e-02	8.842705434e-14
-9.700000000e-02	6.023044485e+00	1.002724469e-02	4.417399411e-14
-9.750000000e-02	6.023071048e+00	9.513570406e-03	1.280787220e-13
-9.800000000e-02	6.023097654e+00	8.999898287e-03	9.880288800e-14
-9.850000000e-02	6.023124304e+00	8.486228350e-03	1.207831892e-13
-9.900000000e-02	6.023150998e+00	7.972560599e-03	1.229603674e-13
-9.950000000e-02	6.023177735e+00	7.458895044e-03	1.205506181e-13
-1.000000000e-01	6.023204516e+00	6.945231709e-03	1.411430243e-13
-1.005000000e-01	6.023231341e+00	6.431570589e-03	7.731946854e-14
-1.010000000e-01	6.023258210e+00	5.917911698e-03	1.207751010e-13
-1.015000000e-01	6.023285123e+00	5.404255058e-03	1.014293537e-13
-1.020000000e-01	6.023312079e+00	4.890600673e-03	1.094630449e-13
-1.025000000e-01	6.023339079e+00	4.376948550e-03	1.752876733e-13
-1.030000000e-01	6.023366122e+00	3.863298710e-03	1.408622519e-13
-1.035000000e-01	6.023393210e+00	3.349651163e-03	7.516269313e-14
-1.040000000e-01	6.023420341e+00	2.836005908e-03	1.288943613e-13
-1.045000000e-01	6.023447516e+00	2.322362967e-03	7.952262402e-14
-1.050000000e-01	6.023474735e+00	1.808722348e-03	1.095672839e-13
-1.055000000e-01	6.023501997e+00	1.295084066e-03	6.838367310e-14
-1.060000000e-01	6.023529303e+00	7.814481244e-04	9.071398577e-14
-1.065000000e-01	6.023556653e+00	2.678145368e-04	7.907096546e-14
-1.070000000e-01	6.023584047e+00	-2.458166810e-04	9.519638693e-14
-1.075000000e-01	6.023611484e+00	-7.594455231e-04	1.941199879e-13
-1.080000000e-01	6.023638965e+00	-1.273071970e-03	1.485044322e-13
-1.085000000e-01	6.023666490e+00	-1.786696023e-03	2.319877981e-13
-1.090000000e-01	6.023694058e+00	-2.300317655e-03	7.417808053e-14
-1.095000000e-01	6.023721671e+00	-2.813936867e-03	1.198350103e-13
-1.100000000e-01	6.023749326e+00	-3.327553647e-03	1.160229517e-13
-1.105000000e-01	6.023777026e+00	-3.841167983e-03	7.629527016e-14
-1.110000000e-01	6.023804770e+00	-4.354779862e-03	7.336054312e-14
-1.115000000e-01	6.023832557e+00	-4.868389275e-03	3.992429529e-14
-1.120000000e-01	6.023860388e+00	-5.381996209e-03	1.182289237e-13
-1.125000000e-01	6.023888262e+00	-5.895600646e-03	1.235665969e-13
-1.130000000e-01	6.023916181e+00	-6.409202591e-03	5.846290506e-14
-1.135000000e-01	6.023944143e+00	-6.922802024e-03	1.155242908e-13
-1.140000000e-01	6.023972149e+00	-7.436398928e-03	1.007715153e-13
-1.145000000e-01	6.024000198e+00	-7.949993297e-03	8.985075861e-14
-1.150000000e-01	6.024028291e+00	-8.463585127e-03	8.686141370e-14
-1.155000000e-01	6.024056428e+00	-8.977174396e-03	1.228936025e-13
-1.160000000e-01	6.024084609e+00	-9.490761097e-03	1.237864427e-13
-1.165000000e-01	6.024112833e+00	-1.000434522e-02	1.300571962e-13
-1.170000000e-01	6.024141101e+00	-1.051792675e-02	1.023251541e-13
-1.175000000e-01	6.024169413e+00	-1.103150568e-02	9.878164235e-14
-1.180000000e-01	6.024197769e+00	-1.154508200e-02	5.218765793e-14
-1.185000000e-01	6.024226168e+00	-1.205865570e-02	1.225582767e-13
-1.190000000e-01	6.024254611e+00	-1.257222676e-02	1.448948614e-13
-1.195000000e-01	6.024283097e+00	-1.308579516e-02	1.521682588e-13
-1.200000000e-01	6.024311628e+00	-1.359936092e-02	9.752278519e-14
-1.205000000e-01	6.024340202e+00	-1.411292401e-02	1.078537969e-13
-1.210000000e-01	6.024368819e+00	-1.462648443e-02	8.661336735e-14
-1.215000000e-01	6.024397481e+00	-1.514004214e-02	1.566521554e-13
-1.220000000e-01	6.024426186e+00	-1.565359716e-02	1.164808717e-13
-1.225000000e-01	6.024454935e+00	-1.616714946e-02	1.028120334e-13
-1.230000000e-01	6.024483727e+00	-1.668069904e-02	1.365459078e-13
-1.235000000e-01	6.024512564e+00	-1.719424589e-02	1.173102399e-13
-1.240000000e-01	6.024541444e+00	-1.770778999e-02	7.052285130e-14
-1.245000000e-01	6.024570367e+00	-1.822133133e-02	9.054222620e-14
-1.250000000e-01	6.024599335e+00	-1.873486990e-02	1.028270230e-13
-1.255000000e-01	6.024628346e+00	-1.924840570e-02	1.565858861e-13
-1.260000000e-01	6.024657400e+00	-1.976193869e-02	1.846740895e-13
-1.265000000e-01	6.024686499e+00	-2.027546889e-02	1.023631101e-13
-1.270000000e-01	6.024715641e+00	-2.078899628e-02	1.317215063e-13
-1.275000000e-01	6.024744827e+00	-2.130252085e-02	1.330419436e-13
-1.280000000e-01	6.024774056e+00	-2.181604257e-02	1.391134983e-13
-1.285000000e-01	6.024803330e+00	-2.232956145e-02	1.256952404e-13
-1.290000000e-01	6.024832646e+00	-2.284307748e-02	1.290586464e-13
-1.295000000e-01	6.024862007e+00	-2.335659064e-02	1.323998796e-13
-1.300000000e-01	6.024891411e+00	-2.387010091e-02	1.305127125e-13
-1.305000000e-01	6.024920859e+00	-2.438360829e-02	1.254218201e-13
-1.310000000e-01	6.024950351e+00	-2.489711278e-02	1.280965298e-13
-1.315000000e-01	6.024979886e+00	-2.541061434e-02	1.514583818e-13
-1.320000000e-01	6.025009465e+00	-2.592411299e-02	1.059479596e-13
-1.325000000e-01	6.025039088e+00	-2.643760870e-02	1.095762029e-13
-1.330000000e-01	6.025068754e+00	-2.695110146e-02	1.652124626e-13
-1.335000000e-01	6.025098464e+00	-2.746459127e-02	1.631629239e-13
-1.340000000e-01	6.025128218e+00	-2.797807810e-02	1.931435139e-13
-1.345000000e-01	6.025158015e+00	-2.849156196e-02	1.109936706e-13
-1.350000000e-01	6.025187856e+00	-2.900504282e-02	5.841944632e-14
-1.355000000e-01	6.025217741e+00	-2.951852068e-02	1.308587713e-13
-1.360000000e-01	6.025247669e+00	-3.003199552e-02	1.491899472e-13
-1.365000000e-01	6.025277641e+00	-3.054546735e-02	1.343074722e-13
-1.370000000e-01	6.025307657e+00	-3.105893614e-02	9.083011398e-14
-1.375000000e-01	6.025337716e+00	-3.157240188e-02	1.800644760e-13
-1.380000000e-01	6.025367819e+00	-3.208586456e-02	1.118161563e-13
-1.385000000e-01	6.025397966e+00	-3.259932417e-02	1.397716287e-13
-1.390000000e-01	6.025428156e+00	-3.311278071e-02	1.330590318e-13
-1.395000000e-01	6.025458390e+00	-3.362623416e-02	1.290058942e-13
-1.400000000e-01	6.025488668e+00	-3.413968450e-02	1.612604883e-13
-1.405000000e-01	6.025518989e+00	-3.465313173e-02	1.024074089e-13
-1.410000000e-01	6.025549354e+00	-3.516657583e-02	1.203271431e-13
-1.415000000e-01	6.025579763e+00	-3.568001679e-02	9.742688938e-14
-1.420000000e-01	6.025610215e+00	-3.619345461e-02	7.756261202e-14
-1.425000000e-01	6.025640711e+00	-3.670688927e-02	8.084909431e-14
-1.430000000e-01	6.025671250e+00	-3.722032077e-02	6.446213674e-14
-1.435000000e-01	6.025701834e+00	-3.773374908e-02	8.291202974e-14
-1.440000000e-01	6.025732460e+00	-3.824717420e-02	1.573356621e-13
-1.445000000e-01	6.025763131e+00	-3.876059612e-02	1.630056601e-13
-1.450000000e-01	6.025793845e+00	-3.927401483e-02	2.159907686e-13
-1.455000000e-01	6.025824603e+00	-3.978743031e-02	1.209771131e-13
-1.460000000e-01	6.025855404e+00	-4.030084255e-02	1.492522750e-13
-1.465000000e-01	6.025886249e+00	-4.081425155e-02	9.759101780e-14
-1.470000000e-01	6.025917138e+00	-4.132765729e-02	1.126961216e-13
-1.475000000e-01	6.025948070e+00	-4.184105976e-02	1.028004773e-13
-1.480000000e-01	6.025979046e+00	-4.235445896e-02	1.099732624e-13
-1.485000000e-01	6.026010066e+00	-4.286785485e-02	1.142010706e-13
-1.490000000e-01	6.026041129e+00	-4.338124745e-02	9.909636411e-14
-1.495000000e-01	6.026072236e+00	-4.389463673e-02	3.497794318e-14
-1.500000000e-01	6.026103387e+00	-4.440802269e-02	1.164267125e-13
-1.505000000e-01	6.026134581e+00	-4.492140532e-02	1.294424761e-13
-1.510000000e-01	6.026165819e+00	-4.543478460e-02	1.142846625e-13
-1.515000000e-01	6.026197100e+00	-4.594816051e-02	6.383666693e-14
-1.520000000e-01	6.026228425e+00	-4.646153307e-02	1.326278231e-13
-1.525000000e-01	6.026259794e+00	-4.697490224e-02	1.245565867e-13
-1.530000000e-01	6.026291206e+00	-4.748826802e-02	7.415443402e-14
-1.535000000e-01	6.026322662e+00	-4.800163039e-02	8.377442978e-14
-1.540000000e-01	6.026354162e+00	-4.851498935e-02	1.408306731e-13
-1.545000000e-01	6.026385705e+00	-4.902834489e-02	9.287999073e-14
-1.550000000e-01	6.026417291e+00	-4.954169700e-02	6.489585389e-14
-1.555000000e-01	6.026448922e+00	-5.005504566e-02	6.779030441e-14
-1.560000000e-01	6.026480596e+00	-5.056839085e-02	1.217091596e-13
-1.565000000e-01	6.026512313e+00	-5.108173259e-02	4.330795925e-14
-1.570000000e-01	6.026544075e+00	-5.159507083e-02	1.370586696e-13
-1.575000000e-01	6.026575879e+00	-5.210840559e-02	1.080103616e-13
-1.580000000e-01	6.026607728e+00	-5.262173685e-02	7.872575929e-14
-1.585000000e-01	6.026639620e+00	-5.313506460e-02	1.288085322e-13
-1.590000000e-01	6.026671556e+00	-5.364838882e-02	1.723074895e-13
-1.595000000e-01	6.026703535e+00	-5.416170951e-02	1.208992357e-13
-1.600000000e-01	6.026735558e+00	-5.467502664e-02	1.071400451e-13
-1.605000000e-01	6.026767624e+00	-5.518834023e-02	1.301429144e-13
-1.610000000e-01	6.026799734e+00	-5.570165024e-02	1.397715102e-13
-1.615000000e-01	6.026831888e+00	-5.621495667e-02	8.114913338e-14
-1.620000000e-01	6.026864085e+00	-5.672825952e-02	1.694399962e-13
-1.625000000e-01	6.026896326e+00	-5.724155876e-02	1.987614586e-13
-1.630000000e-01	6.026928610e+00	-5.775485438e-02	6.117925666e-14
-1.635000000e-01	6.026960938e+00	-5.826814638e-02	1.275248898e-13
-1.640000000e-01	6.026993310e+00	-5.878143475e-02	1.012905770e-13
-1.645000000e-01	6.027025725e+00	-5.929471947e-02	1.401009320e-13
-1.650000000e-01	6.027058184e+00	-5.980800054e-02	9.317678120e-14
-1.655000000e-01	6.027090686e+00	-6.032127794e-02	1.348357682e-13
-1.660000000e-01	6.027123232e+00	-6.083455166e-02	1.134463341e-13
-1.665000000e-01	6.027155822e+00	-6.134782169e-02	1.625517939e-13
-1.670000000e-01	6.027188455e+00	-6.186108801e-02	1.226071659e-13
-1.675000000e-01	6.027221131e+00	-6.237435063e-02	1.348172187e-13
-1.680000000e-01	6.027253852e+00	-6.288760952e-02	8.292215820e-14
-1.685000000e-01	6.027286616e+00	-6.340086467e-02	1.438243696e-13
-1.690000000e-01	6.027319423e+00	-6.391411607e-02	1.337647916e-13
-1.695000000e-01	6.027352274e+00	-6.442736373e-02	9.579177103e-14
-1.700000000e-01	6.027385169e+00	-6.494060761e-02	1.148057726e-13
-1.705000000e-01	6.027418107e+00	-6.545384772e-02	9.754004377e-14
-1.710000000e-01	6.027451088e+00	-6.596708404e-02	9.693649791e-14
-1.715000000e-01	6.027484114e+00	-6.648031655e-02	7.267372875e-14
-1.720000000e-01	6.027517182e+00	-6.699354525e-02	1.029439231e-13
-1.725000000e-01	6.027550295e+00	-6.750677014e-02	7.108491319e-14
-1.730000000e-01	6.027583451e+00	-6.801999118e-02	1.222126076e-13
-1.735000000e-01	6.027616650e+00	-6.853320838e-02	9.924603520e-14
-1.740000000e-01	6.027649893e+00	-6.904642172e-02	7.769331335e-14
-1.745000000e-01	6.027683180e+00	-6.955963120e-02	8.710090002e-14
-1.750000000e-01	6.027716510e+00	-7.007283679e-02	1.053054539e-13
-1.755000000e-01	6.027749884e+00	-7.058603850e-02	4.778092034e-14
-1.760000000e-01	6.027783301e+00	-7.109923631e-02	1.411748351e-13
-1.765000000e-01	6.027816762e+00	-7.161243021e-02	1.493667344e-13
-1.770000000e-01	6.027850266e+00	-7.212562018e-02	1.167425688e-13
-1.775000000e-01	6.027883814e+00	-7.263880623e-02	1.798270766e-13
-1.780000000e-01	6.027917406e+00	-7.315198832e-02	1.214762506e-13
-1.785000000e-01	6.027951041e+00	-7.366516646e-02	1.425121372e-13
-1.790000000e-01	6.027984719e+00	-7.417834063e-02	1.329708456e-13
-1.795000000e-01	6.028018441e+00	-7.469151082e-02	7.971594892e-14
-1.800000000e-01	6.028052207e+00	-7.520467702e-02	9.867282176e-14
-1.805000000e-01	6.028086016e+00	-7.571783923e-02	4.176202512e-14
-1.810000000e-01	6.028119869e+00	-7.623099743e-02	2.272793584e-13
-1.815000000e-01	6.028153765e+00	-7.674415160e-02	1.368463625e-13
-1.820000000e-01	6.028187705e+00	-7.725730174e-02	1.251204423e-13
-1.825000000e-01	6.028221688e+00	-7.777044783e-02	1.389427671e-13
-1.830000000e-01	6.028255715e+00	-7.828358987e-02	1.191195292e-13
-1.835000000e-01	6.028289785e+00	-7.879672785e-02	8.864649344e-14
-1.840000000e-01	6.028323899e+00	-7.930986174e-02	1.262669008e-13
-1.845000000e-01	6.028358056e+00	-7.982299155e-02	1.524690153e-13
-1.850000000e-01	6.028392257e+00	-8.033611726e-02	8.030449798e-14
-1.855000000e-01	6.028426502e+00	-8.084923885e-02	5.141075409e-14
-1.860000000e-01	6.028460790e+00	-8.136235633e-02	1.038910401e-13
-1.865000000e-01	6.028495121e+00	-8.187546967e-02	1.231941212e-13
-1.870000000e-01	6.028529496e+00	-8.238857887e-02	1.627845343e-13
-1.875000000e-01	6.028563915e+00	-8.290168392e-02	1.067024027e-13
-1.880000000e-01	6.028598376e+00	-8.341478480e-02	1.073236920e-13
-1.885000000e-01	6.028632882e+00	-8.392788150e-02	1.703435780e-13
-1.890000000e-01	6.028667431e+00	-8.444097402e-02	1.081718102e-13
-1.895000000e-01	6.028702024e+00	-8.495406233e-02	1.350852377e-13
-1.900000000e-01	6.028736660e+00	-8.546714645e-02	1.204668560e-13
-1.905000000e-01	6.028771339e+00	-8.598022633e-02	1.086152462e-13
-1.910000000e-01	6.028806062e+00	-8.649330198e-02	1.287856529e-13
-1.915000000e-01	6.028840829e+00	-8.700637340e-02	8.462236506e-14
-1.920000000e-01	6.028875639e+00	-8.751944056e-02	1.942785493e-13
-1.925000000e-01	6.028910492e+00	-8.803250345e-02	1.395914644e-13
-1.930000000e-01	6.028945389e+00	-8.854556207e-02	1.212974713e-13
-1.935000000e-01	6.028980330e+00	-8.905861640e-02	1.028179746e-13
-1.940000000e-01	6.029015313e+00	-8.957166643e-02	9.317369569e-14
-1.945000000e-01	6.029050341e+00	-9.008471216e-02	1.152766718e-13
-1.950000000e-01	6.029085412e+00	-9.059775357e-02	1.740838822e-13
-1.955000000e-01	6.029120526e+00	-9.111079064e-02	1.264508603e-13
-1.960000000e-01	6.029155684e+00	-9.162382337e-02	1.038435074e-13
-1.965000000e-01	6.029190886e+00	-9.213685175e-02	8.354468879e-14
-1.970000000e-01	6.029226130e+00	-9.264987577e-02	1.666350227e-13
-1.975000000e-01	6.029261419e+00	-9.316289541e-02	6.666694382e-14
-1.980000000e-01	6.029296751e+00	-9.367591066e-02	1.109772253e-13
-1.985000000e-01	6.029332126e+00	-9.418892152e-02	1.425476690e-13
-1.990000000e-01	6.029367545e+00	-9.470192797e-02	1.948151849e-13
-1.995000000e-01	6.029403007e+00	-9.521493000e-02	9.286790223e-14
-2.000000000e-01	6.029438512e+00	-9.572792760e-02	1.244169080e-13
