# epsi_ci     Re(Lambda)      Im(Lambda)      Eq(det), R = 0.10 $\mu$m, $E_p$ = 0.300 eV, modo = 1, $\epsilon_\infty$ = 3.9, $\gamma_{DL}$ = 0.01 eV, solve_det_sinkz_vs_mu.py
0.000000000e+00	5.798438204e+00	9.411337030e-02	5.716466483e-14
-5.000000000e-04	5.798453841e+00	9.361755879e-02	8.577279179e-14
-1.000000000e-03	5.798469522e+00	9.312174728e-02	9.188056632e-14
-1.500000000e-03	5.798485244e+00	9.262593578e-02	1.405698784e-13
-2.000000000e-03	5.798501009e+00	9.213012431e-02	8.775950634e-14
-2.500000000e-03	5.798516817e+00	9.163431286e-02	1.306204700e-13
-3.000000000e-03	5.798532666e+00	9.113850146e-02	1.075775277e-13
-3.500000000e-03	5.798548558e+00	9.064269012e-02	9.134312903e-14
-4.000000000e-03	5.798564493e+00	9.014687884e-02	8.156307422e-14
-4.500000000e-03	5.798580470e+00	8.965106763e-02	9.040494628e-14
-5.000000000e-03	5.798596489e+00	8.915525652e-02	1.617582974e-13
-5.500000000e-03	5.798612550e+00	8.865944550e-02	1.774894214e-13
-6.000000000e-03	5.798628654e+00	8.816363459e-02	1.056857318e-13
-6.500000000e-03	5.798644800e+00	8.766782380e-02	1.347322463e-13
-7.000000000e-03	5.798660989e+00	8.717201315e-02	1.218170327e-13
-7.500000000e-03	5.798677220e+00	8.667620263e-02	9.047868411e-14
-8.000000000e-03	5.798693493e+00	8.618039227e-02	1.616578298e-13
-8.500000000e-03	5.798709809e+00	8.568458207e-02	1.540579903e-13
-9.000000000e-03	5.798726167e+00	8.518877203e-02	9.420974758e-14
-9.500000000e-03	5.798742567e+00	8.469296219e-02	5.457682892e-14
-1.000000000e-02	5.798759010e+00	8.419715254e-02	1.422976130e-13
-1.050000000e-02	5.798775495e+00	8.370134310e-02	1.730034264e-13
-1.100000000e-02	5.798792022e+00	8.320553388e-02	2.098052991e-13
-1.150000000e-02	5.798808592e+00	8.270972489e-02	8.827674676e-14
-1.200000000e-02	5.798825204e+00	8.221391614e-02	1.339156509e-13
-1.250000000e-02	5.798841858e+00	8.171810763e-02	1.164103946e-13
-1.300000000e-02	5.798858555e+00	8.122229939e-02	1.300011501e-13
-1.350000000e-02	5.798875294e+00	8.072649142e-02	1.023084433e-13
-1.400000000e-02	5.798892076e+00	8.023068373e-02	1.457777948e-13
-1.450000000e-02	5.798908900e+00	7.973487633e-02	1.321727137e-13
-1.500000000e-02	5.798925766e+00	7.923906924e-02	1.229509859e-13
-1.550000000e-02	5.798942675e+00	7.874326247e-02	8.325212060e-14
-1.600000000e-02	5.798959626e+00	7.824745602e-02	8.843347081e-14
-1.650000000e-02	5.798976619e+00	7.775164991e-02	1.234417930e-13
-1.700000000e-02	5.798993655e+00	7.725584414e-02	1.278095763e-13
-1.750000000e-02	5.799010733e+00	7.676003874e-02	1.002346839e-13
-1.800000000e-02	5.799027853e+00	7.626423371e-02	1.456319051e-13
-1.850000000e-02	5.799045016e+00	7.576842905e-02	1.366756930e-13
-1.900000000e-02	5.799062221e+00	7.527262479e-02	1.507730250e-13
-1.950000000e-02	5.799079468e+00	7.477682092e-02	1.041472905e-13
-2.000000000e-02	5.799096758e+00	7.428101747e-02	2.443424066e-13
-2.050000000e-02	5.799114090e+00	7.378521445e-02	1.337534930e-13
-2.100000000e-02	5.799131465e+00	7.328941186e-02	1.013335715e-13
-2.150000000e-02	5.799148881e+00	7.279360972e-02	6.464751555e-14
-2.200000000e-02	5.799166341e+00	7.229780803e-02	1.808429628e-13
-2.250000000e-02	5.799183842e+00	7.180200681e-02	1.170556934e-13
-2.300000000e-02	5.799201386e+00	7.130620607e-02	9.944997125e-14
-2.350000000e-02	5.799218972e+00	7.081040582e-02	8.096195971e-14
-2.400000000e-02	5.799236601e+00	7.031460607e-02	1.409484005e-13
-2.450000000e-02	5.799254272e+00	6.981880683e-02	7.427316200e-14
-2.500000000e-02	5.799271985e+00	6.932300810e-02	1.725537369e-13
-2.550000000e-02	5.799289741e+00	6.882720992e-02	1.399004969e-13
-2.600000000e-02	5.799307539e+00	6.833141227e-02	1.368858169e-13
-2.650000000e-02	5.799325379e+00	6.783561519e-02	1.550409076e-13
-2.700000000e-02	5.799343262e+00	6.733981866e-02	7.762955680e-14
-2.750000000e-02	5.799361187e+00	6.684402272e-02	1.800202856e-13
-2.800000000e-02	5.799379155e+00	6.634822735e-02	1.319399909e-13
-2.850000000e-02	5.799397164e+00	6.585243259e-02	8.652053560e-14
-2.900000000e-02	5.799415216e+00	6.535663843e-02	1.383805139e-13
-2.950000000e-02	5.799433311e+00	6.486084490e-02	2.346221619e-13
-3.000000000e-02	5.799451448e+00	6.436505199e-02	6.215125523e-14
-3.050000000e-02	5.799469627e+00	6.386925973e-02	1.456734116e-13
-3.100000000e-02	5.799487848e+00	6.337346812e-02	1.392108725e-13
-3.150000000e-02	5.799506112e+00	6.287767717e-02	1.230776261e-13
-3.200000000e-02	5.799524418e+00	6.238188690e-02	9.830094682e-14
-3.250000000e-02	5.799542767e+00	6.188609731e-02	2.439480089e-13
-3.300000000e-02	5.799561158e+00	6.139030841e-02	1.350264488e-13
-3.350000000e-02	5.799579591e+00	6.089452022e-02	1.958311606e-13
-3.400000000e-02	5.799598067e+00	6.039873275e-02	1.940158438e-13
-3.450000000e-02	5.799616585e+00	5.990294601e-02	1.304954622e-13
-3.500000000e-02	5.799635145e+00	5.940716000e-02	7.593211989e-14
-3.550000000e-02	5.799653748e+00	5.891137475e-02	1.075343451e-13
-3.600000000e-02	5.799672393e+00	5.841559025e-02	1.079466854e-13
-3.650000000e-02	5.799691080e+00	5.791980654e-02	9.868913360e-14
-3.700000000e-02	5.799709810e+00	5.742402359e-02	1.456767303e-13
-3.750000000e-02	5.799728582e+00	5.692824145e-02	1.223319550e-13
-3.800000000e-02	5.799747396e+00	5.643246011e-02	1.240345141e-13
-3.850000000e-02	5.799766253e+00	5.593667958e-02	7.575213588e-14
-3.900000000e-02	5.799785152e+00	5.544089988e-02	1.817884228e-13
-3.950000000e-02	5.799804093e+00	5.494512101e-02	1.339298038e-13
-4.000000000e-02	5.799823077e+00	5.444934299e-02	6.666151205e-14
-4.050000000e-02	5.799842103e+00	5.395356584e-02	1.146220820e-13
-4.100000000e-02	5.799861171e+00	5.345778955e-02	1.861452248e-13
-4.150000000e-02	5.799880282e+00	5.296201414e-02	1.232733627e-13
-4.200000000e-02	5.799899435e+00	5.246623962e-02	1.044832911e-13
-4.250000000e-02	5.799918631e+00	5.197046600e-02	1.447969495e-13
-4.300000000e-02	5.799937868e+00	5.147469330e-02	2.007325320e-13
-4.350000000e-02	5.799957149e+00	5.097892152e-02	2.089476534e-13
-4.400000000e-02	5.799976471e+00	5.048315067e-02	1.188589865e-13
-4.450000000e-02	5.799995836e+00	4.998738077e-02	1.253974902e-13
-4.500000000e-02	5.800015243e+00	4.949161182e-02	1.072357397e-13
-4.550000000e-02	5.800034692e+00	4.899584385e-02	5.604964110e-14
-4.600000000e-02	5.800054184e+00	4.850007684e-02	9.342818474e-14
-4.650000000e-02	5.800073718e+00	4.800431083e-02	1.981776297e-13
-4.700000000e-02	5.800093295e+00	4.750854582e-02	1.740171196e-13
-4.750000000e-02	5.800112914e+00	4.701278182e-02	1.085053300e-13
-4.800000000e-02	5.800132575e+00	4.651701884e-02	1.389003971e-13
-4.850000000e-02	5.800152278e+00	4.602125689e-02	1.397366196e-13
-4.900000000e-02	5.800172024e+00	4.552549599e-02	1.759721383e-13
-4.950000000e-02	5.800191812e+00	4.502973613e-02	1.099148910e-13
-5.000000000e-02	5.800211643e+00	4.453397735e-02	1.007625143e-13
-5.050000000e-02	5.800231516e+00	4.403821963e-02	2.053508933e-13
-5.100000000e-02	5.800251431e+00	4.354246301e-02	1.443433569e-13
-5.150000000e-02	5.800271388e+00	4.304670748e-02	1.351198663e-13
-5.200000000e-02	5.800291388e+00	4.255095306e-02	1.538362353e-13
-5.250000000e-02	5.800311430e+00	4.205519975e-02	1.174362171e-13
-5.300000000e-02	5.800331515e+00	4.155944759e-02	1.198881767e-13
-5.350000000e-02	5.800351642e+00	4.106369655e-02	5.561842649e-14
-5.400000000e-02	5.800371811e+00	4.056794668e-02	8.443003518e-14
-5.450000000e-02	5.800392022e+00	4.007219796e-02	1.064139443e-13
-5.500000000e-02	5.800412276e+00	3.957645041e-02	5.706091766e-14
-5.550000000e-02	5.800432572e+00	3.908070405e-02	1.939102035e-13
-5.600000000e-02	5.800452911e+00	3.858495889e-02	1.276091112e-13
-5.650000000e-02	5.800473292e+00	3.808921492e-02	3.876018551e-14
-5.700000000e-02	5.800493715e+00	3.759347218e-02	1.736571644e-13
-5.750000000e-02	5.800514180e+00	3.709773067e-02	1.529806202e-13
-5.800000000e-02	5.800534688e+00	3.660199039e-02	1.288242328e-13
-5.850000000e-02	5.800555238e+00	3.610625136e-02	1.933437636e-13
-5.900000000e-02	5.800575831e+00	3.561051359e-02	1.168825931e-13
-5.950000000e-02	5.800596465e+00	3.511477710e-02	1.280899103e-13
-6.000000000e-02	5.800617142e+00	3.461904187e-02	1.456472244e-13
-6.050000000e-02	5.800637862e+00	3.412330795e-02	1.075751032e-13
-6.100000000e-02	5.800658624e+00	3.362757533e-02	1.247152672e-13
-6.150000000e-02	5.800679428e+00	3.313184402e-02	6.281384661e-14
-6.200000000e-02	5.800700274e+00	3.263611404e-02	1.533489689e-13
-6.250000000e-02	5.800721163e+00	3.214038539e-02	1.557587160e-13
-6.300000000e-02	5.800742094e+00	3.164465809e-02	1.004142834e-13
-6.350000000e-02	5.800763067e+00	3.114893215e-02	1.935304166e-13
-6.400000000e-02	5.800784083e+00	3.065320758e-02	6.626264897e-14
-6.450000000e-02	5.800805141e+00	3.015748439e-02	2.114057568e-13
-6.500000000e-02	5.800826241e+00	2.966176258e-02	1.818814963e-13
-6.550000000e-02	5.800847384e+00	2.916604218e-02	1.510835014e-13
-6.600000000e-02	5.800868569e+00	2.867032319e-02	6.742714909e-14
-6.650000000e-02	5.800889796e+00	2.817460561e-02	1.264207234e-13
-6.700000000e-02	5.800911066e+00	2.767888948e-02	1.421504593e-13
-6.750000000e-02	5.800932377e+00	2.718317479e-02	1.175394159e-13
-6.800000000e-02	5.800953732e+00	2.668746155e-02	1.296261955e-13
-6.850000000e-02	5.800975128e+00	2.619174978e-02	1.698069989e-13
-6.900000000e-02	5.800996567e+00	2.569603949e-02	1.384732865e-13
-6.950000000e-02	5.801018048e+00	2.520033068e-02	1.261180842e-13
-7.000000000e-02	5.801039572e+00	2.470462337e-02	1.763579052e-13
-7.050000000e-02	5.801061137e+00	2.420891758e-02	8.833059690e-14
-7.100000000e-02	5.801082746e+00	2.371321330e-02	1.400985996e-13
-7.150000000e-02	5.801104396e+00	2.321751055e-02	5.707179904e-14
-7.200000000e-02	5.801126089e+00	2.272180935e-02	1.503151128e-13
-7.250000000e-02	5.801147824e+00	2.222610969e-02	6.069520144e-14
-7.300000000e-02	5.801169601e+00	2.173041160e-02	1.067674345e-13
-7.350000000e-02	5.801191421e+00	2.123471509e-02	1.036235346e-13
-7.400000000e-02	5.801213283e+00	2.073902015e-02	1.315093740e-13
-7.450000000e-02	5.801235187e+00	2.024332682e-02	1.542160655e-13
-7.500000000e-02	5.801257133e+00	1.974763509e-02	1.504640466e-13
-7.550000000e-02	5.801279122e+00	1.925194499e-02	1.203415946e-13
-7.600000000e-02	5.801301153e+00	1.875625650e-02	5.236679168e-14
-7.650000000e-02	5.801323227e+00	1.826056966e-02	1.592626524e-13
-7.700000000e-02	5.801345343e+00	1.776488447e-02	1.698532752e-13
-7.750000000e-02	5.801367501e+00	1.726920094e-02	1.184680844e-13
-7.800000000e-02	5.801389701e+00	1.677351908e-02	9.808106164e-14
-7.850000000e-02	5.801411944e+00	1.627783890e-02	9.346705551e-14
-7.900000000e-02	5.801434229e+00	1.578216042e-02	1.485880357e-13
-7.950000000e-02	5.801456556e+00	1.528648364e-02	1.244755619e-13
-8.000000000e-02	5.801478926e+00	1.479080858e-02	1.469254407e-13
-8.050000000e-02	5.801501337e+00	1.429513524e-02	1.382543388e-13
-8.100000000e-02	5.801523792e+00	1.379946364e-02	1.575448518e-13
-8.150000000e-02	5.801546288e+00	1.330379379e-02	1.326156365e-13
-8.200000000e-02	5.801568827e+00	1.280812569e-02	1.155244789e-13
-8.250000000e-02	5.801591408e+00	1.231245937e-02	1.716300061e-13
-8.300000000e-02	5.801614031e+00	1.181679482e-02	1.895030705e-13
-8.350000000e-02	5.801636697e+00	1.132113207e-02	8.613720225e-14
-8.400000000e-02	5.801659405e+00	1.082547112e-02	1.052059109e-13
-8.450000000e-02	5.801682155e+00	1.032981198e-02	1.238786630e-13
-8.500000000e-02	5.801704948e+00	9.834154658e-03	1.369661579e-13
-8.550000000e-02	5.801727782e+00	9.338499174e-03	1.080843021e-13
-8.600000000e-02	5.801750660e+00	8.842845540e-03	1.181194838e-13
-8.650000000e-02	5.801773579e+00	8.347193757e-03	1.357426108e-13
-8.700000000e-02	5.801796541e+00	7.851543845e-03	1.624320205e-13
-8.750000000e-02	5.801819545e+00	7.355895801e-03	1.310705126e-13
-8.800000000e-02	5.801842591e+00	6.860249657e-03	1.874189815e-13
-8.850000000e-02	5.801865679e+00	6.364605407e-03	7.419510309e-14
-8.900000000e-02	5.801888810e+00	5.868963064e-03	6.868070061e-14
-8.950000000e-02	5.801911983e+00	5.373322648e-03	9.072817820e-14
-9.000000000e-02	5.801935199e+00	4.877684162e-03	1.390115258e-13
-9.050000000e-02	5.801958456e+00	4.382047612e-03	1.436491237e-13
-9.100000000e-02	5.801981756e+00	3.886413019e-03	1.688810651e-13
-9.150000000e-02	5.802005099e+00	3.390780395e-03	1.082587919e-13
-9.200000000e-02	5.802028483e+00	2.895149742e-03	1.247113114e-13
-9.250000000e-02	5.802051910e+00	2.399521076e-03	1.125197702e-13
-9.300000000e-02	5.802075379e+00	1.903894407e-03	1.442738075e-13
-9.350000000e-02	5.802098890e+00	1.408269745e-03	1.147104146e-13
-9.400000000e-02	5.802122444e+00	9.126470951e-04	1.836800786e-13
-9.450000000e-02	5.802146040e+00	4.170264803e-04	1.246116918e-13
-9.500000000e-02	5.802169678e+00	-7.859209259e-05	8.007171061e-14
-9.550000000e-02	5.802193358e+00	-5.742086158e-04	1.218691830e-13
-9.600000000e-02	5.802217081e+00	-1.069823082e-03	4.951857181e-14
-9.650000000e-02	5.802240846e+00	-1.565435476e-03	1.254759108e-13
-9.700000000e-02	5.802264653e+00	-2.061045786e-03	2.052836064e-13
-9.750000000e-02	5.802288503e+00	-2.556653993e-03	1.033828391e-13
-9.800000000e-02	5.802312395e+00	-3.052260105e-03	1.160103724e-13
-9.850000000e-02	5.802336329e+00	-3.547864102e-03	1.098704455e-13
-9.900000000e-02	5.802360305e+00	-4.043465968e-03	1.181087884e-13
-9.950000000e-02	5.802384324e+00	-4.539065700e-03	8.925204424e-14
-1.000000000e-01	5.802408385e+00	-5.034663277e-03	1.472119047e-13
-1.005000000e-01	5.802432488e+00	-5.530258709e-03	1.541305329e-13
-1.010000000e-01	5.802456633e+00	-6.025851959e-03	4.715660797e-14
-1.015000000e-01	5.802480821e+00	-6.521443031e-03	1.485634941e-13
-1.020000000e-01	5.802505051e+00	-7.017031917e-03	1.610378951e-13
-1.025000000e-01	5.802529323e+00	-7.512618596e-03	1.457631846e-13
-1.030000000e-01	5.802553638e+00	-8.008203066e-03	9.559850955e-14
-1.035000000e-01	5.802577994e+00	-8.503785305e-03	1.297695452e-13
-1.040000000e-01	5.802602393e+00	-8.999365318e-03	6.571891132e-14
-1.045000000e-01	5.802626834e+00	-9.494943083e-03	1.052935328e-13
-1.050000000e-01	5.802651318e+00	-9.990518594e-03	1.313287962e-13
-1.055000000e-01	5.802675844e+00	-1.048609184e-02	1.174590400e-13
-1.060000000e-01	5.802700412e+00	-1.098166280e-02	9.263725632e-14
-1.065000000e-01	5.802725022e+00	-1.147723147e-02	1.708146757e-13
-1.070000000e-01	5.802749674e+00	-1.197279785e-02	1.273204973e-13
-1.075000000e-01	5.802774369e+00	-1.246836191e-02	1.234781985e-13
-1.080000000e-01	5.802799106e+00	-1.296392366e-02	1.110583248e-13
-1.085000000e-01	5.802823885e+00	-1.345948308e-02	1.156072221e-13
-1.090000000e-01	5.802848707e+00	-1.395504015e-02	1.318761672e-13
-1.095000000e-01	5.802873571e+00	-1.445059486e-02	1.220120462e-13
-1.100000000e-01	5.802898477e+00	-1.494614722e-02	1.444611456e-13
-1.105000000e-01	5.802923425e+00	-1.544169720e-02	8.657010019e-14
-1.110000000e-01	5.802948415e+00	-1.593724479e-02	1.012679419e-13
-1.115000000e-01	5.802973448e+00	-1.643278999e-02	2.244673996e-13
-1.120000000e-01	5.802998523e+00	-1.692833278e-02	1.086472411e-13
-1.125000000e-01	5.803023640e+00	-1.742387315e-02	9.231053896e-14
-1.130000000e-01	5.803048800e+00	-1.791941109e-02	1.064723461e-13
-1.135000000e-01	5.803074002e+00	-1.841494659e-02	1.983566076e-13
-1.140000000e-01	5.803099246e+00	-1.891047964e-02	1.299202864e-13
-1.145000000e-01	5.803124532e+00	-1.940601024e-02	1.575821575e-13
-1.150000000e-01	5.803149860e+00	-1.990153836e-02	1.035779476e-13
-1.155000000e-01	5.803175231e+00	-2.039706400e-02	7.306874646e-14
-1.160000000e-01	5.803200644e+00	-2.089258714e-02	1.209219087e-13
-1.165000000e-01	5.803226099e+00	-2.138810777e-02	1.565467711e-13
-1.170000000e-01	5.803251596e+00	-2.188362590e-02	1.035851928e-13
-1.175000000e-01	5.803277136e+00	-2.237914150e-02	1.568571949e-13
-1.180000000e-01	5.803302717e+00	-2.287465456e-02	1.010702737e-13
-1.185000000e-01	5.803328341e+00	-2.337016507e-02	1.700064312e-13
-1.190000000e-01	5.803354008e+00	-2.386567302e-02	1.609704258e-13
-1.195000000e-01	5.803379716e+00	-2.436117841e-02	8.950575178e-14
-1.200000000e-01	5.803405467e+00	-2.485668122e-02	1.579673804e-13
-1.205000000e-01	5.803431260e+00	-2.535218143e-02	1.833285848e-13
-1.210000000e-01	5.803457095e+00	-2.584767905e-02	7.752383665e-14
-1.215000000e-01	5.803482972e+00	-2.634317405e-02	1.313622740e-13
-1.220000000e-01	5.803508892e+00	-2.683866643e-02	1.377423063e-13
-1.225000000e-01	5.803534854e+00	-2.733415617e-02	1.898946881e-13
-1.230000000e-01	5.803560858e+00	-2.782964327e-02	1.289181410e-13
-1.235000000e-01	5.803586904e+00	-2.832512771e-02	1.731765309e-13
-1.240000000e-01	5.803612993e+00	-2.882060949e-02	1.352431272e-13
-1.245000000e-01	5.803639123e+00	-2.931608859e-02	1.132503353e-13
-1.250000000e-01	5.803665296e+00	-2.981156500e-02	9.255520653e-14
-1.255000000e-01	5.803691511e+00	-3.030703872e-02	1.209845252e-13
-1.260000000e-01	5.803717769e+00	-3.080250972e-02	1.287551936e-13
-1.265000000e-01	5.803744068e+00	-3.129797801e-02	6.248112771e-14
-1.270000000e-01	5.803770410e+00	-3.179344356e-02	1.060090374e-13
-1.275000000e-01	5.803796794e+00	-3.228890637e-02	1.419622689e-13
-1.280000000e-01	5.803823220e+00	-3.278436644e-02	1.229142732e-13
-1.285000000e-01	5.803849689e+00	-3.327982373e-02	1.074893886e-13
-1.290000000e-01	5.803876199e+00	-3.377527826e-02	1.626677643e-13
-1.295000000e-01	5.803902752e+00	-3.427073000e-02	1.662605301e-13
-1.300000000e-01	5.803929347e+00	-3.476617894e-02	1.336545211e-13
-1.305000000e-01	5.803955984e+00	-3.526162508e-02	1.156207448e-13
-1.310000000e-01	5.803982663e+00	-3.575706839e-02	1.073177583e-13
-1.315000000e-01	5.804009385e+00	-3.625250888e-02	8.765235105e-14
-1.320000000e-01	5.804036149e+00	-3.674794654e-02	1.140205039e-13
-1.325000000e-01	5.804062955e+00	-3.724338134e-02	1.429857560e-13
-1.330000000e-01	5.804089803e+00	-3.773881329e-02	1.606572113e-13
-1.335000000e-01	5.804116693e+00	-3.823424236e-02	9.020467847e-14
-1.340000000e-01	5.804143626e+00	-3.872966855e-02	1.571242961e-13
-1.345000000e-01	5.804170601e+00	-3.922509185e-02	1.374180478e-13
-1.350000000e-01	5.804197618e+00	-3.972051224e-02	1.189482400e-13
-1.355000000e-01	5.804224677e+00	-4.021592972e-02	1.733163631e-13
-1.360000000e-01	5.804251778e+00	-4.071134428e-02	1.380205885e-13
-1.365000000e-01	5.804278922e+00	-4.120675590e-02	6.832861042e-14
-1.370000000e-01	5.804306107e+00	-4.170216457e-02	9.500412654e-14
-1.375000000e-01	5.804333335e+00	-4.219757029e-02	1.429691756e-13
-1.380000000e-01	5.804360605e+00	-4.269297304e-02	8.348130309e-14
-1.385000000e-01	5.804387918e+00	-4.318837281e-02	9.682662391e-14
-1.390000000e-01	5.804415272e+00	-4.368376959e-02	1.844700085e-13
-1.395000000e-01	5.804442669e+00	-4.417916338e-02	1.384323169e-13
-1.400000000e-01	5.804470107e+00	-4.467455415e-02	9.866940988e-14
-1.405000000e-01	5.804497588e+00	-4.516994189e-02	2.057939579e-13
-1.410000000e-01	5.804525111e+00	-4.566532661e-02	2.408671068e-13
-1.415000000e-01	5.804552677e+00	-4.616070829e-02	1.466378027e-13
-1.420000000e-01	5.804580284e+00	-4.665608691e-02	1.360941127e-13
-1.425000000e-01	5.804607934e+00	-4.715146246e-02	1.401632636e-13
-1.430000000e-01	5.804635626e+00	-4.764683495e-02	1.659102625e-13
-1.435000000e-01	5.804663360e+00	-4.814220434e-02	1.777219231e-13
-1.440000000e-01	5.804691136e+00	-4.863757063e-02	1.773846466e-13
-1.445000000e-01	5.804718954e+00	-4.913293382e-02	1.152634411e-13
-1.450000000e-01	5.804746815e+00	-4.962829389e-02	1.312133864e-13
-1.455000000e-01	5.804774717e+00	-5.012365084e-02	1.120314850e-13
-1.460000000e-01	5.804802662e+00	-5.061900464e-02	2.125560325e-13
-1.465000000e-01	5.804830649e+00	-5.111435529e-02	1.954472543e-13
-1.470000000e-01	5.804858678e+00	-5.160970278e-02	1.424538988e-13
-1.475000000e-01	5.804886750e+00	-5.210504709e-02	1.190179817e-13
-1.480000000e-01	5.804914863e+00	-5.260038824e-02	1.131845864e-13
-1.485000000e-01	5.804943019e+00	-5.309572617e-02	7.051866871e-14
-1.490000000e-01	5.804971216e+00	-5.359106091e-02	1.139962655e-13
-1.495000000e-01	5.804999456e+00	-5.408639243e-02	1.033612509e-13
-1.500000000e-01	5.805027738e+00	-5.458172073e-02	6.811530159e-14
-1.505000000e-01	5.805056063e+00	-5.507704579e-02	9.192187788e-14
-1.510000000e-01	5.805084429e+00	-5.557236760e-02	8.685658724e-14
-1.515000000e-01	5.805112837e+00	-5.606768615e-02	1.706646303e-13
-1.520000000e-01	5.805141288e+00	-5.656300144e-02	1.439829661e-13
-1.525000000e-01	5.805169781e+00	-5.705831344e-02	1.691628441e-13
-1.530000000e-01	5.805198316e+00	-5.755362216e-02	1.143018786e-13
-1.535000000e-01	5.805226893e+00	-5.804892757e-02	1.850717094e-13
-1.540000000e-01	5.805255512e+00	-5.854422968e-02	1.472353174e-13
-1.545000000e-01	5.805284174e+00	-5.903952846e-02	1.747436936e-13
-1.550000000e-01	5.805312877e+00	-5.953482390e-02	1.793740596e-13
-1.555000000e-01	5.805341623e+00	-6.003011601e-02	1.722857133e-13
-1.560000000e-01	5.805370410e+00	-6.052540476e-02	1.605770032e-13
-1.565000000e-01	5.805399240e+00	-6.102069013e-02	1.983626415e-13
-1.570000000e-01	5.805428112e+00	-6.151597215e-02	1.122419223e-13
-1.575000000e-01	5.805457027e+00	-6.201125077e-02	1.352199581e-13
-1.580000000e-01	5.805485983e+00	-6.250652599e-02	1.467575266e-13
-1.585000000e-01	5.805514981e+00	-6.300179780e-02	1.320208117e-13
-1.590000000e-01	5.805544022e+00	-6.349706620e-02	1.832215571e-13
-1.595000000e-01	5.805573105e+00	-6.399233116e-02	1.458358964e-13
-1.600000000e-01	5.805602229e+00	-6.448759268e-02	5.245428710e-14
-1.605000000e-01	5.805631396e+00	-6.498285076e-02	6.598774649e-14
-1.610000000e-01	5.805660605e+00	-6.547810537e-02	1.410826088e-13
-1.615000000e-01	5.805689856e+00	-6.597335651e-02	1.318041334e-13
-1.620000000e-01	5.805719150e+00	-6.646860417e-02	1.100238327e-13
-1.625000000e-01	5.805748485e+00	-6.696384832e-02	9.476798407e-14
-1.630000000e-01	5.805777863e+00	-6.745908898e-02	1.148530357e-13
-1.635000000e-01	5.805807282e+00	-6.795432612e-02	1.664963092e-13
-1.640000000e-01	5.805836744e+00	-6.844955973e-02	1.149976087e-13
-1.645000000e-01	5.805866248e+00	-6.894478981e-02	1.101628384e-13
-1.650000000e-01	5.805895794e+00	-6.944001634e-02	1.610331160e-13
-1.655000000e-01	5.805925382e+00	-6.993523931e-02	8.854083535e-14
-1.660000000e-01	5.805955012e+00	-7.043045872e-02	1.517158536e-13
-1.665000000e-01	5.805984684e+00	-7.092567454e-02	8.301300895e-14
-1.670000000e-01	5.806014399e+00	-7.142088676e-02	1.378250702e-13
-1.675000000e-01	5.806044155e+00	-7.191609540e-02	1.010744832e-13
-1.680000000e-01	5.806073954e+00	-7.241130041e-02	1.479871153e-13
-1.685000000e-01	5.806103794e+00	-7.290650181e-02	1.601056731e-13
-1.690000000e-01	5.806133677e+00	-7.340169957e-02	1.820740979e-13
-1.695000000e-01	5.806163602e+00	-7.389689369e-02	9.682494815e-14
-1.700000000e-01	5.806193569e+00	-7.439208415e-02	1.266834397e-13
-1.705000000e-01	5.806223578e+00	-7.488727095e-02	1.169317728e-13
-1.710000000e-01	5.806253629e+00	-7.538245407e-02	1.076653952e-13
-1.715000000e-01	5.806283722e+00	-7.587763351e-02	5.019623733e-14
-1.720000000e-01	5.806313857e+00	-7.637280924e-02	1.898210893e-13
-1.725000000e-01	5.806344035e+00	-7.686798127e-02	1.406254429e-13
-1.730000000e-01	5.806374254e+00	-7.736314958e-02	1.321360764e-13
-1.735000000e-01	5.806404516e+00	-7.785831416e-02	1.337561986e-13
-1.740000000e-01	5.806434819e+00	-7.835347500e-02	1.323173308e-13
-1.745000000e-01	5.806465165e+00	-7.884863208e-02	1.142680866e-13
-1.750000000e-01	5.806495553e+00	-7.934378541e-02	2.291007666e-13
-1.755000000e-01	5.806525983e+00	-7.983893496e-02	1.235700164e-13
-1.760000000e-01	5.806556455e+00	-8.033408073e-02	1.563992424e-13
-1.765000000e-01	5.806586969e+00	-8.082922270e-02	1.036724971e-13
-1.770000000e-01	5.806617525e+00	-8.132436088e-02	1.000278216e-13
-1.775000000e-01	5.806648123e+00	-8.181949523e-02	1.547510300e-13
-1.780000000e-01	5.806678763e+00	-8.231462576e-02	1.094793630e-13
-1.785000000e-01	5.806709445e+00	-8.280975245e-02	1.316836817e-13
-1.790000000e-01	5.806740170e+00	-8.330487530e-02	1.237699750e-13
-1.795000000e-01	5.806770936e+00	-8.379999429e-02	1.810818347e-13
-1.800000000e-01	5.806801745e+00	-8.429510941e-02	1.870368387e-13
-1.805000000e-01	5.806832595e+00	-8.479022064e-02	1.214967077e-13
-1.810000000e-01	5.806863488e+00	-8.528532799e-02	8.851997711e-14
-1.815000000e-01	5.806894422e+00	-8.578043144e-02	9.190978740e-14
-1.820000000e-01	5.806925399e+00	-8.627553098e-02	8.246321454e-14
-1.825000000e-01	5.806956418e+00	-8.677062660e-02	2.024065945e-13
-1.830000000e-01	5.806987478e+00	-8.726571827e-02	1.827525985e-13
-1.835000000e-01	5.807018581e+00	-8.776080601e-02	1.749312156e-13
-1.840000000e-01	5.807049726e+00	-8.825588979e-02	1.116278564e-13
-1.845000000e-01	5.807080913e+00	-8.875096962e-02	1.469509049e-13
-1.850000000e-01	5.807112142e+00	-8.924604545e-02	7.464938417e-14
-1.855000000e-01	5.807143413e+00	-8.974111731e-02	9.502484087e-14
-1.860000000e-01	5.807174726e+00	-9.023618517e-02	1.224303777e-13
-1.865000000e-01	5.807206081e+00	-9.073124902e-02	1.344900927e-13
-1.870000000e-01	5.807237478e+00	-9.122630885e-02	7.305876647e-14
-1.875000000e-01	5.807268918e+00	-9.172136466e-02	2.158717432e-13
-1.880000000e-01	5.807300399e+00	-9.221641642e-02	1.355537955e-13
-1.885000000e-01	5.807331922e+00	-9.271146413e-02	1.142276394e-13
-1.890000000e-01	5.807363487e+00	-9.320650779e-02	1.055635771e-13
-1.895000000e-01	5.807395095e+00	-9.370154737e-02	1.176764051e-13
-1.900000000e-01	5.807426744e+00	-9.419658287e-02	9.225590618e-14
-1.905000000e-01	5.807458435e+00	-9.469161428e-02	8.970419811e-14
-1.910000000e-01	5.807490169e+00	-9.518664158e-02	8.046527310e-14
-1.915000000e-01	5.807521944e+00	-9.568166476e-02	1.235769349e-13
-1.920000000e-01	5.807553761e+00	-9.617668382e-02	1.690202796e-13
-1.925000000e-01	5.807585621e+00	-9.667169876e-02	9.333957201e-14
-1.930000000e-01	5.807617522e+00	-9.716670954e-02	1.182949923e-13
-1.935000000e-01	5.807649466e+00	-9.766171616e-02	1.051425541e-13
-1.940000000e-01	5.807681451e+00	-9.815671861e-02	1.195269336e-13
-1.945000000e-01	5.807713479e+00	-9.865171690e-02	1.160787525e-13
-1.950000000e-01	5.807745548e+00	-9.914671098e-02	1.345157281e-13
-1.955000000e-01	5.807777660e+00	-9.964170087e-02	4.120567835e-14
-1.960000000e-01	5.807809813e+00	-1.001366866e-01	1.394662804e-13
-1.965000000e-01	5.807842009e+00	-1.006316680e-01	1.096812814e-13
-1.970000000e-01	5.807874246e+00	-1.011266452e-01	1.637533936e-13
-1.975000000e-01	5.807906526e+00	-1.016216182e-01	1.795199998e-13
-1.980000000e-01	5.807938847e+00	-1.021165869e-01	1.142871907e-13
-1.985000000e-01	5.807971211e+00	-1.026115514e-01	1.576449725e-13
-1.990000000e-01	5.808003616e+00	-1.031065116e-01	1.673561766e-13
-1.995000000e-01	5.808036064e+00	-1.036014675e-01	1.179210301e-13
-2.000000000e-01	5.808068553e+00	-1.040964191e-01	1.179086738e-13
