# epsi_ci     Re(Lambda)      Im(Lambda)      Eq(det), R = 0.10 $\mu$m, $E_p$ = 0.300 eV, modo = 1, $\epsilon_\infty$ = 3.9, $\gamma_{DL}$ = 0.01 eV, solve_det_sinkz_vs_mu.py
0.000000000e+00	5.892608782e+00	1.005308567e-01	1.190712530e-13
-5.000000000e-04	5.892625430e+00	1.000272661e-01	1.448987213e-13
-1.000000000e-03	5.892642120e+00	9.952367540e-02	7.848319294e-14
-1.500000000e-03	5.892658854e+00	9.902008475e-02	7.913626807e-14
-2.000000000e-03	5.892675631e+00	9.851649412e-02	7.987268600e-14
-2.500000000e-03	5.892692450e+00	9.801290352e-02	1.410940594e-13
-3.000000000e-03	5.892709313e+00	9.750931296e-02	1.154748053e-13
-3.500000000e-03	5.892726218e+00	9.700572246e-02	1.834527734e-13
-4.000000000e-03	5.892743167e+00	9.650213200e-02	1.243000266e-13
-4.500000000e-03	5.892760158e+00	9.599854164e-02	8.200644058e-14
-5.000000000e-03	5.892777193e+00	9.549495136e-02	1.115020943e-13
-5.500000000e-03	5.892794270e+00	9.499136116e-02	1.707688563e-13
-6.000000000e-03	5.892811391e+00	9.448777109e-02	7.437893872e-14
-6.500000000e-03	5.892828554e+00	9.398418113e-02	1.664621111e-13
-7.000000000e-03	5.892845761e+00	9.348059130e-02	5.799972661e-14
-7.500000000e-03	5.892863010e+00	9.297700161e-02	1.023808202e-13
-8.000000000e-03	5.892880303e+00	9.247341207e-02	7.519732221e-14
-8.500000000e-03	5.892897638e+00	9.196982269e-02	8.482469037e-14
-9.000000000e-03	5.892915017e+00	9.146623349e-02	1.521165492e-13
-9.500000000e-03	5.892932438e+00	9.096264448e-02	1.790255841e-13
-1.000000000e-02	5.892949903e+00	9.045905565e-02	1.109463895e-13
-1.050000000e-02	5.892967410e+00	8.995546703e-02	1.512658274e-13
-1.100000000e-02	5.892984961e+00	8.945187864e-02	8.221951872e-14
-1.150000000e-02	5.893002554e+00	8.894829048e-02	1.412359540e-13
-1.200000000e-02	5.893020191e+00	8.844470255e-02	1.124593536e-13
-1.250000000e-02	5.893037870e+00	8.794111487e-02	9.980292585e-14
-1.300000000e-02	5.893055593e+00	8.743752745e-02	1.469558422e-13
-1.350000000e-02	5.893073358e+00	8.693394031e-02	1.853300079e-13
-1.400000000e-02	5.893091167e+00	8.643035345e-02	1.349811895e-13
-1.450000000e-02	5.893109019e+00	8.592676689e-02	9.371101481e-14
-1.500000000e-02	5.893126913e+00	8.542318063e-02	8.560051551e-14
-1.550000000e-02	5.893144851e+00	8.491959469e-02	1.357352780e-13
-1.600000000e-02	5.893162831e+00	8.441600908e-02	1.422391785e-13
-1.650000000e-02	5.893180855e+00	8.391242381e-02	1.289904925e-13
-1.700000000e-02	5.893198921e+00	8.340883888e-02	1.303553688e-13
-1.750000000e-02	5.893217031e+00	8.290525432e-02	1.098928624e-13
-1.800000000e-02	5.893235183e+00	8.240167013e-02	1.200273220e-13
-1.850000000e-02	5.893253379e+00	8.189808632e-02	1.090521534e-13
-1.900000000e-02	5.893271617e+00	8.139450291e-02	1.699804023e-13
-1.950000000e-02	5.893289899e+00	8.089091990e-02	1.313434535e-13
-2.000000000e-02	5.893308223e+00	8.038733731e-02	9.857089284e-14
-2.050000000e-02	5.893326591e+00	7.988375515e-02	1.660416633e-13
-2.100000000e-02	5.893345001e+00	7.938017342e-02	8.526022978e-14
-2.150000000e-02	5.893363455e+00	7.887659214e-02	1.435955722e-13
-2.200000000e-02	5.893381951e+00	7.837301133e-02	1.521866034e-13
-2.250000000e-02	5.893400491e+00	7.786943098e-02	1.480219840e-13
-2.300000000e-02	5.893419073e+00	7.736585113e-02	7.483675121e-14
-2.350000000e-02	5.893437699e+00	7.686227176e-02	1.011021496e-13
-2.400000000e-02	5.893456367e+00	7.635869289e-02	1.426506491e-13
-2.450000000e-02	5.893475078e+00	7.585511455e-02	1.661880795e-13
-2.500000000e-02	5.893493833e+00	7.535153672e-02	1.229649836e-13
-2.550000000e-02	5.893512630e+00	7.484795943e-02	1.645117943e-13
-2.600000000e-02	5.893531471e+00	7.434438270e-02	8.502071050e-14
-2.650000000e-02	5.893550354e+00	7.384080652e-02	1.465444251e-13
-2.700000000e-02	5.893569281e+00	7.333723091e-02	1.797287255e-13
-2.750000000e-02	5.893588250e+00	7.283365589e-02	8.328366940e-14
-2.800000000e-02	5.893607263e+00	7.233008145e-02	9.466643257e-14
-2.850000000e-02	5.893626318e+00	7.182650763e-02	1.074960223e-13
-2.900000000e-02	5.893645416e+00	7.132293442e-02	1.722150373e-13
-2.950000000e-02	5.893664558e+00	7.081936182e-02	1.247367804e-13
-3.000000000e-02	5.893683742e+00	7.031578987e-02	9.949737416e-14
-3.050000000e-02	5.893702970e+00	6.981221857e-02	1.374391034e-13
-3.100000000e-02	5.893722240e+00	6.930864792e-02	1.203979718e-13
-3.150000000e-02	5.893741553e+00	6.880507795e-02	1.020619784e-13
-3.200000000e-02	5.893760910e+00	6.830150865e-02	6.755697278e-14
-3.250000000e-02	5.893780309e+00	6.779794005e-02	1.096034365e-13
-3.300000000e-02	5.893799751e+00	6.729437215e-02	1.373527990e-13
-3.350000000e-02	5.893819237e+00	6.679080496e-02	5.410373501e-14
-3.400000000e-02	5.893838765e+00	6.628723849e-02	1.516783727e-13
-3.450000000e-02	5.893858336e+00	6.578367277e-02	9.452253236e-14
-3.500000000e-02	5.893877951e+00	6.528010779e-02	9.980722339e-14
-3.550000000e-02	5.893897608e+00	6.477654357e-02	1.422901091e-13
-3.600000000e-02	5.893917308e+00	6.427298011e-02	1.266597892e-13
-3.650000000e-02	5.893937052e+00	6.376941744e-02	1.578180829e-13
-3.700000000e-02	5.893956838e+00	6.326585556e-02	8.005671752e-14
-3.750000000e-02	5.893976667e+00	6.276229448e-02	9.029136611e-14
-3.800000000e-02	5.893996539e+00	6.225873421e-02	1.319206771e-13
-3.850000000e-02	5.894016455e+00	6.175517477e-02	5.945078672e-14
-3.900000000e-02	5.894036413e+00	6.125161616e-02	1.243696487e-13
-3.950000000e-02	5.894056414e+00	6.074805840e-02	1.052048666e-13
-4.000000000e-02	5.894076458e+00	6.024450149e-02	1.174642712e-13
-4.050000000e-02	5.894096546e+00	5.974094545e-02	7.012116358e-14
-4.100000000e-02	5.894116676e+00	5.923739029e-02	1.275150421e-13
-4.150000000e-02	5.894136849e+00	5.873383603e-02	1.541015861e-13
-4.200000000e-02	5.894157065e+00	5.823028266e-02	1.749637799e-13
-4.250000000e-02	5.894177324e+00	5.772673020e-02	1.554565907e-13
-4.300000000e-02	5.894197626e+00	5.722317867e-02	1.826515773e-13
-4.350000000e-02	5.894217971e+00	5.671962807e-02	7.864489406e-14
-4.400000000e-02	5.894238359e+00	5.621607841e-02	1.067708824e-13
-4.450000000e-02	5.894258790e+00	5.571252972e-02	9.552731585e-14
-4.500000000e-02	5.894279265e+00	5.520898199e-02	6.773113041e-14
-4.550000000e-02	5.894299782e+00	5.470543524e-02	9.632292104e-14
-4.600000000e-02	5.894320342e+00	5.420188947e-02	1.358859451e-13
-4.650000000e-02	5.894340945e+00	5.369834471e-02	7.792557488e-14
-4.700000000e-02	5.894361590e+00	5.319480096e-02	1.069981739e-13
-4.750000000e-02	5.894382279e+00	5.269125823e-02	1.461827495e-13
-4.800000000e-02	5.894403011e+00	5.218771653e-02	8.959912700e-14
-4.850000000e-02	5.894423786e+00	5.168417588e-02	1.093555452e-13
-4.900000000e-02	5.894444604e+00	5.118063628e-02	1.451964332e-13
-4.950000000e-02	5.894465465e+00	5.067709775e-02	1.077438609e-13
-5.000000000e-02	5.894486369e+00	5.017356030e-02	1.384978282e-13
-5.050000000e-02	5.894507316e+00	4.967002393e-02	1.047329583e-13
-5.100000000e-02	5.894528306e+00	4.916648867e-02	1.188664761e-13
-5.150000000e-02	5.894549338e+00	4.866295451e-02	1.674631994e-13
-5.200000000e-02	5.894570414e+00	4.815942148e-02	1.429103921e-13
-5.250000000e-02	5.894591533e+00	4.765588957e-02	1.106939860e-13
-5.300000000e-02	5.894612694e+00	4.715235881e-02	1.146173262e-13
-5.350000000e-02	5.894633899e+00	4.664882920e-02	1.344364648e-13
-5.400000000e-02	5.894655147e+00	4.614530076e-02	1.455379901e-13
-5.450000000e-02	5.894676437e+00	4.564177350e-02	1.276983958e-13
-5.500000000e-02	5.894697771e+00	4.513824743e-02	1.348953995e-13
-5.550000000e-02	5.894719148e+00	4.463472255e-02	1.248741540e-13
-5.600000000e-02	5.894740567e+00	4.413119889e-02	1.039489335e-13
-5.650000000e-02	5.894762030e+00	4.362767643e-02	1.531522677e-13
-5.700000000e-02	5.894783535e+00	4.312415522e-02	1.262810872e-13
-5.750000000e-02	5.894805084e+00	4.262063524e-02	1.335592994e-13
-5.800000000e-02	5.894826675e+00	4.211711652e-02	1.308676008e-13
-5.850000000e-02	5.894848309e+00	4.161359906e-02	4.758058412e-14
-5.900000000e-02	5.894869987e+00	4.111008289e-02	1.586887030e-13
-5.950000000e-02	5.894891707e+00	4.060656799e-02	1.141643551e-13
-6.000000000e-02	5.894913470e+00	4.010305439e-02	1.196687258e-13
-6.050000000e-02	5.894935277e+00	3.959954210e-02	1.268900498e-13
-6.100000000e-02	5.894957126e+00	3.909603113e-02	1.189902280e-13
-6.150000000e-02	5.894979018e+00	3.859252149e-02	2.162782467e-13
-6.200000000e-02	5.895000953e+00	3.808901320e-02	1.530710483e-13
-6.250000000e-02	5.895022932e+00	3.758550625e-02	1.455106460e-13
-6.300000000e-02	5.895044953e+00	3.708200066e-02	1.099977518e-13
-6.350000000e-02	5.895067017e+00	3.657849646e-02	1.049705531e-13
-6.400000000e-02	5.895089124e+00	3.607499364e-02	1.321599379e-13
-6.450000000e-02	5.895111274e+00	3.557149221e-02	1.778895447e-13
-6.500000000e-02	5.895133467e+00	3.506799219e-02	1.350693386e-13
-6.550000000e-02	5.895155703e+00	3.456449359e-02	1.540962016e-13
-6.600000000e-02	5.895177981e+00	3.406099642e-02	1.204645863e-13
-6.650000000e-02	5.895200303e+00	3.355750069e-02	1.710387313e-13
-6.700000000e-02	5.895222668e+00	3.305400641e-02	9.153984696e-14
-6.750000000e-02	5.895245076e+00	3.255051359e-02	1.317775818e-13
-6.800000000e-02	5.895267527e+00	3.204702224e-02	1.492347186e-13
-6.850000000e-02	5.895290020e+00	3.154353239e-02	8.485014772e-14
-6.900000000e-02	5.895312557e+00	3.104004402e-02	2.043914381e-13
-6.950000000e-02	5.895335137e+00	3.053655717e-02	1.385732379e-13
-7.000000000e-02	5.895357759e+00	3.003307182e-02	5.009830532e-14
-7.050000000e-02	5.895380425e+00	2.952958801e-02	1.042890033e-13
-7.100000000e-02	5.895403133e+00	2.902610574e-02	1.342154424e-13
-7.150000000e-02	5.895425884e+00	2.852262502e-02	5.283017732e-14
-7.200000000e-02	5.895448679e+00	2.801914586e-02	1.576318483e-13
-7.250000000e-02	5.895471516e+00	2.751566827e-02	1.737937101e-13
-7.300000000e-02	5.895494396e+00	2.701219226e-02	9.832916322e-14
-7.350000000e-02	5.895517320e+00	2.650871786e-02	1.557943686e-13
-7.400000000e-02	5.895540286e+00	2.600524505e-02	8.383991377e-14
-7.450000000e-02	5.895563295e+00	2.550177386e-02	1.198167908e-13
-7.500000000e-02	5.895586347e+00	2.499830429e-02	1.749527635e-13
-7.550000000e-02	5.895609442e+00	2.449483637e-02	6.256298308e-14
-7.600000000e-02	5.895632580e+00	2.399137010e-02	1.264382247e-13
-7.650000000e-02	5.895655761e+00	2.348790549e-02	1.589068784e-13
-7.700000000e-02	5.895678985e+00	2.298444254e-02	1.147212363e-13
-7.750000000e-02	5.895702252e+00	2.248098128e-02	2.062485687e-13
-7.800000000e-02	5.895725561e+00	2.197752171e-02	1.664918025e-13
-7.850000000e-02	5.895748914e+00	2.147406384e-02	1.424280726e-13
-7.900000000e-02	5.895772310e+00	2.097060770e-02	1.075951687e-13
-7.950000000e-02	5.895795748e+00	2.046715327e-02	1.527224299e-13
-8.000000000e-02	5.895819230e+00	1.996370059e-02	1.453907909e-13
-8.050000000e-02	5.895842754e+00	1.946024966e-02	1.234259832e-13
-8.100000000e-02	5.895866322e+00	1.895680048e-02	1.337165966e-13
-8.150000000e-02	5.895889932e+00	1.845335308e-02	9.523822968e-14
-8.200000000e-02	5.895913585e+00	1.794990745e-02	1.055078772e-13
-8.250000000e-02	5.895937282e+00	1.744646362e-02	1.154761720e-13
-8.300000000e-02	5.895961021e+00	1.694302159e-02	1.064607302e-13
-8.350000000e-02	5.895984803e+00	1.643958137e-02	1.270712379e-13
-8.400000000e-02	5.896008628e+00	1.593614298e-02	1.132785011e-13
-8.450000000e-02	5.896032496e+00	1.543270642e-02	1.240208969e-13
-8.500000000e-02	5.896056407e+00	1.492927172e-02	1.552445380e-13
-8.550000000e-02	5.896080361e+00	1.442583887e-02	1.410072686e-13
-8.600000000e-02	5.896104357e+00	1.392240789e-02	1.280157157e-13
-8.650000000e-02	5.896128397e+00	1.341897878e-02	2.056999360e-13
-8.700000000e-02	5.896152480e+00	1.291555157e-02	5.860531539e-14
-8.750000000e-02	5.896176605e+00	1.241212626e-02	1.496718508e-13
-8.800000000e-02	5.896200774e+00	1.190870287e-02	1.889762510e-13
-8.850000000e-02	5.896224985e+00	1.140528140e-02	1.754535931e-13
-8.900000000e-02	5.896249240e+00	1.090186186e-02	1.453441665e-13
-8.950000000e-02	5.896273537e+00	1.039844428e-02	2.073982122e-13
-9.000000000e-02	5.896297877e+00	9.895028640e-03	5.769525799e-14
-9.050000000e-02	5.896322260e+00	9.391614974e-03	1.364293671e-13
-9.100000000e-02	5.896346686e+00	8.888203284e-03	1.488036894e-13
-9.150000000e-02	5.896371155e+00	8.384793588e-03	1.027949077e-13
-9.200000000e-02	5.896395667e+00	7.881385893e-03	1.356074728e-13
-9.250000000e-02	5.896420222e+00	7.377980213e-03	9.661078708e-14
-9.300000000e-02	5.896444820e+00	6.874576551e-03	9.477036921e-14
-9.350000000e-02	5.896469460e+00	6.371174925e-03	1.476653693e-13
-9.400000000e-02	5.896494144e+00	5.867775336e-03	1.395738682e-13
-9.450000000e-02	5.896518870e+00	5.364377810e-03	4.750142058e-14
-9.500000000e-02	5.896543640e+00	4.860982351e-03	9.719820153e-14
-9.550000000e-02	5.896568452e+00	4.357588964e-03	1.041812523e-13
-9.600000000e-02	5.896593307e+00	3.854197677e-03	1.654152026e-13
-9.650000000e-02	5.896618206e+00	3.350808480e-03	7.832382184e-14
-9.700000000e-02	5.896643147e+00	2.847421389e-03	1.584111222e-13
-9.750000000e-02	5.896668131e+00	2.344036433e-03	1.736305670e-13
-9.800000000e-02	5.896693158e+00	1.840653603e-03	1.337023458e-13
-9.850000000e-02	5.896718227e+00	1.337272917e-03	1.525801802e-13
-9.900000000e-02	5.896743340e+00	8.338943843e-04	1.382935382e-13
-9.950000000e-02	5.896768496e+00	3.305180095e-04	1.579415291e-13
-1.000000000e-01	5.896793694e+00	-1.728561760e-04	9.006993187e-14
-1.005000000e-01	5.896818936e+00	-6.762281795e-04	1.027789556e-13
-1.010000000e-01	5.896844220e+00	-1.179597987e-03	1.514599967e-13
-1.015000000e-01	5.896869548e+00	-1.682965583e-03	8.983273386e-14
-1.020000000e-01	5.896894918e+00	-2.186330958e-03	1.661560175e-13
-1.025000000e-01	5.896920331e+00	-2.689694100e-03	9.264445281e-14
-1.030000000e-01	5.896945787e+00	-3.193054999e-03	1.884728957e-13
-1.035000000e-01	5.896971286e+00	-3.696413652e-03	1.474296364e-13
-1.040000000e-01	5.896996827e+00	-4.199770041e-03	1.002088802e-13
-1.045000000e-01	5.897022412e+00	-4.703124145e-03	1.568326626e-13
-1.050000000e-01	5.897048040e+00	-5.206475967e-03	1.874628935e-13
-1.055000000e-01	5.897073710e+00	-5.709825498e-03	9.374221247e-14
-1.060000000e-01	5.897099424e+00	-6.213172722e-03	1.885519008e-13
-1.065000000e-01	5.897125180e+00	-6.716517616e-03	1.512598852e-13
-1.070000000e-01	5.897150979e+00	-7.219860191e-03	8.230364344e-14
-1.075000000e-01	5.897176821e+00	-7.723200422e-03	2.197515684e-13
-1.080000000e-01	5.897202706e+00	-8.226538292e-03	1.809594385e-13
-1.085000000e-01	5.897228634e+00	-8.729873814e-03	1.279888723e-13
-1.090000000e-01	5.897254605e+00	-9.233206951e-03	5.374543372e-14
-1.095000000e-01	5.897280618e+00	-9.736537705e-03	1.119979355e-13
-1.100000000e-01	5.897306675e+00	-1.023986607e-02	1.664812555e-13
-1.105000000e-01	5.897332774e+00	-1.074319202e-02	1.649314712e-13
-1.110000000e-01	5.897358917e+00	-1.124651556e-02	1.143933937e-13
-1.115000000e-01	5.897385102e+00	-1.174983667e-02	1.563808029e-13
-1.120000000e-01	5.897411330e+00	-1.225315533e-02	1.391358193e-13
-1.125000000e-01	5.897437601e+00	-1.275647156e-02	7.753396012e-14
-1.130000000e-01	5.897463915e+00	-1.325978532e-02	1.335244882e-13
-1.135000000e-01	5.897490271e+00	-1.376309660e-02	1.015905760e-13
-1.140000000e-01	5.897516671e+00	-1.426640540e-02	8.331890697e-14
-1.145000000e-01	5.897543114e+00	-1.476971171e-02	7.626413021e-14
-1.150000000e-01	5.897569599e+00	-1.527301551e-02	1.597585830e-13
-1.155000000e-01	5.897596127e+00	-1.577631679e-02	1.147189407e-13
-1.160000000e-01	5.897622698e+00	-1.627961556e-02	1.636997562e-13
-1.165000000e-01	5.897649312e+00	-1.678291178e-02	1.212760811e-13
-1.170000000e-01	5.897675969e+00	-1.728620545e-02	6.807371987e-14
-1.175000000e-01	5.897702669e+00	-1.778949656e-02	1.373307158e-13
-1.180000000e-01	5.897729412e+00	-1.829278511e-02	1.593256726e-13
-1.185000000e-01	5.897756197e+00	-1.879607106e-02	3.304010419e-14
-1.190000000e-01	5.897783025e+00	-1.929935443e-02	1.019242115e-13
-1.195000000e-01	5.897809897e+00	-1.980263519e-02	1.007768087e-13
-1.200000000e-01	5.897836811e+00	-2.030591334e-02	1.610148709e-13
-1.205000000e-01	5.897863768e+00	-2.080918886e-02	1.288108494e-13
-1.210000000e-01	5.897890767e+00	-2.131246175e-02	1.157265441e-13
-1.215000000e-01	5.897917810e+00	-2.181573199e-02	1.176967337e-13
-1.220000000e-01	5.897944896e+00	-2.231899957e-02	6.140862818e-14
-1.225000000e-01	5.897972024e+00	-2.282226449e-02	8.810965308e-14
-1.230000000e-01	5.897999195e+00	-2.332552672e-02	8.933062642e-14
-1.235000000e-01	5.898026410e+00	-2.382878625e-02	1.555289246e-13
-1.240000000e-01	5.898053667e+00	-2.433204309e-02	1.172471166e-13
-1.245000000e-01	5.898080966e+00	-2.483529721e-02	1.364280444e-13
-1.250000000e-01	5.898108309e+00	-2.533854862e-02	9.880112555e-14
-1.255000000e-01	5.898135695e+00	-2.584179728e-02	4.336426134e-14
-1.260000000e-01	5.898163123e+00	-2.634504320e-02	9.599673693e-14
-1.265000000e-01	5.898190594e+00	-2.684828636e-02	1.262562284e-13
-1.270000000e-01	5.898218109e+00	-2.735152676e-02	9.970324954e-14
-1.275000000e-01	5.898245666e+00	-2.785476438e-02	1.029047257e-13
-1.280000000e-01	5.898273265e+00	-2.835799920e-02	1.711602619e-13
-1.285000000e-01	5.898300908e+00	-2.886123123e-02	1.337903596e-13
-1.290000000e-01	5.898328594e+00	-2.936446044e-02	2.127304087e-13
-1.295000000e-01	5.898356322e+00	-2.986768684e-02	1.330902071e-13
-1.300000000e-01	5.898384093e+00	-3.037091040e-02	1.186200743e-13
-1.305000000e-01	5.898411907e+00	-3.087413111e-02	8.018890991e-14
-1.310000000e-01	5.898439764e+00	-3.137734897e-02	1.357858485e-13
-1.315000000e-01	5.898467664e+00	-3.188056397e-02	9.502132207e-14
-1.320000000e-01	5.898495606e+00	-3.238377608e-02	1.354563251e-13
-1.325000000e-01	5.898523592e+00	-3.288698531e-02	1.296133110e-13
-1.330000000e-01	5.898551620e+00	-3.339019163e-02	1.325828936e-13
-1.335000000e-01	5.898579691e+00	-3.389339506e-02	1.029408481e-13
-1.340000000e-01	5.898607805e+00	-3.439659555e-02	1.258368728e-13
-1.345000000e-01	5.898635962e+00	-3.489979312e-02	1.265801071e-13
-1.350000000e-01	5.898664161e+00	-3.540298774e-02	1.608871134e-13
-1.355000000e-01	5.898692404e+00	-3.590617942e-02	1.362835295e-13
-1.360000000e-01	5.898720689e+00	-3.640936812e-02	6.868278774e-14
-1.365000000e-01	5.898749017e+00	-3.691255386e-02	9.311340408e-14
-1.370000000e-01	5.898777388e+00	-3.741573660e-02	1.324119268e-13
-1.375000000e-01	5.898805802e+00	-3.791891635e-02	1.510480918e-13
-1.380000000e-01	5.898834258e+00	-3.842209308e-02	1.601813249e-13
-1.385000000e-01	5.898862758e+00	-3.892526681e-02	1.496334674e-13
-1.390000000e-01	5.898891300e+00	-3.942843749e-02	9.277562900e-14
-1.395000000e-01	5.898919885e+00	-3.993160514e-02	8.259476830e-14
-1.400000000e-01	5.898948513e+00	-4.043476974e-02	1.073362275e-13
-1.405000000e-01	5.898977184e+00	-4.093793128e-02	1.278946801e-13
-1.410000000e-01	5.899005897e+00	-4.144108973e-02	1.512823856e-13
-1.415000000e-01	5.899034653e+00	-4.194424511e-02	1.498984426e-13
-1.420000000e-01	5.899063452e+00	-4.244739740e-02	1.213407068e-13
-1.425000000e-01	5.899092294e+00	-4.295054657e-02	1.486529242e-13
-1.430000000e-01	5.899121179e+00	-4.345369262e-02	7.454624989e-14
-1.435000000e-01	5.899150107e+00	-4.395683556e-02	1.723980789e-13
-1.440000000e-01	5.899179077e+00	-4.445997535e-02	1.742519291e-13
-1.445000000e-01	5.899208090e+00	-4.496311198e-02	1.533666828e-13
-1.450000000e-01	5.899237146e+00	-4.546624546e-02	1.123168432e-13
-1.455000000e-01	5.899266245e+00	-4.596937577e-02	1.233566183e-13
-1.460000000e-01	5.899295387e+00	-4.647250290e-02	9.898139122e-14
-1.465000000e-01	5.899324571e+00	-4.697562682e-02	1.327820277e-13
-1.470000000e-01	5.899353798e+00	-4.747874755e-02	1.859134115e-13
-1.475000000e-01	5.899383068e+00	-4.798186507e-02	1.731810204e-13
-1.480000000e-01	5.899412381e+00	-4.848497935e-02	1.560354923e-13
-1.485000000e-01	5.899441736e+00	-4.898809040e-02	1.177523326e-13
-1.490000000e-01	5.899471135e+00	-4.949119820e-02	1.137461678e-13
-1.495000000e-01	5.899500576e+00	-4.999430273e-02	1.105438185e-13
-1.500000000e-01	5.899530060e+00	-5.049740400e-02	8.867235137e-14
-1.505000000e-01	5.899559587e+00	-5.100050199e-02	1.420385065e-13
-1.510000000e-01	5.899589156e+00	-5.150359669e-02	7.238451314e-14
-1.515000000e-01	5.899618769e+00	-5.200668808e-02	1.949966416e-13
-1.520000000e-01	5.899648424e+00	-5.250977617e-02	1.565821423e-13
-1.525000000e-01	5.899678122e+00	-5.301286092e-02	9.385348281e-14
-1.530000000e-01	5.899707862e+00	-5.351594234e-02	7.723084831e-14
-1.535000000e-01	5.899737646e+00	-5.401902042e-02	1.853352452e-13
-1.540000000e-01	5.899767472e+00	-5.452209513e-02	2.035528004e-13
-1.545000000e-01	5.899797341e+00	-5.502516648e-02	1.406992001e-13
-1.550000000e-01	5.899827253e+00	-5.552823445e-02	1.159205946e-13
-1.555000000e-01	5.899857207e+00	-5.603129904e-02	1.413016395e-13
-1.560000000e-01	5.899887205e+00	-5.653436021e-02	1.037642203e-13
-1.565000000e-01	5.899917245e+00	-5.703741799e-02	8.811784547e-14
-1.570000000e-01	5.899947328e+00	-5.754047233e-02	1.052540265e-13
-1.575000000e-01	5.899977454e+00	-5.804352324e-02	1.267915345e-13
-1.580000000e-01	5.900007622e+00	-5.854657072e-02	1.135012106e-13
-1.585000000e-01	5.900037833e+00	-5.904961473e-02	8.537363958e-14
-1.590000000e-01	5.900068087e+00	-5.955265528e-02	1.197484853e-13
-1.595000000e-01	5.900098384e+00	-6.005569235e-02	1.207058548e-13
-1.600000000e-01	5.900128723e+00	-6.055872593e-02	1.887403415e-13
-1.605000000e-01	5.900159106e+00	-6.106175601e-02	1.354080093e-13
-1.610000000e-01	5.900189531e+00	-6.156478259e-02	1.148212183e-13
-1.615000000e-01	5.900219999e+00	-6.206780564e-02	1.486110066e-13
-1.620000000e-01	5.900250509e+00	-6.257082516e-02	1.122995728e-13
-1.625000000e-01	5.900281062e+00	-6.307384115e-02	1.552033099e-13
-1.630000000e-01	5.900311659e+00	-6.357685357e-02	1.360869275e-13
-1.635000000e-01	5.900342297e+00	-6.407986244e-02	1.422197060e-13
-1.640000000e-01	5.900372979e+00	-6.458286773e-02	1.700088721e-13
-1.645000000e-01	5.900403703e+00	-6.508586943e-02	7.238268893e-14
-1.650000000e-01	5.900434470e+00	-6.558886754e-02	1.141386826e-13
-1.655000000e-01	5.900465280e+00	-6.609186203e-02	1.440606468e-13
-1.660000000e-01	5.900496133e+00	-6.659485292e-02	1.371984361e-13
-1.665000000e-01	5.900527028e+00	-6.709784016e-02	1.977014093e-13
-1.670000000e-01	5.900557966e+00	-6.760082378e-02	9.763165977e-14
-1.675000000e-01	5.900588947e+00	-6.810380374e-02	6.704216647e-14
-1.680000000e-01	5.900619970e+00	-6.860678004e-02	8.055930973e-14
-1.685000000e-01	5.900651037e+00	-6.910975267e-02	2.296170976e-13
-1.690000000e-01	5.900682146e+00	-6.961272160e-02	1.652694147e-13
-1.695000000e-01	5.900713297e+00	-7.011568685e-02	1.584974812e-13
-1.700000000e-01	5.900744492e+00	-7.061864840e-02	1.426678591e-13
-1.705000000e-01	5.900775729e+00	-7.112160623e-02	1.441507324e-13
-1.710000000e-01	5.900807009e+00	-7.162456033e-02	9.988942408e-14
-1.715000000e-01	5.900838332e+00	-7.212751069e-02	7.653824331e-14
-1.720000000e-01	5.900869697e+00	-7.263045730e-02	1.030192963e-13
-1.725000000e-01	5.900901105e+00	-7.313340016e-02	1.127826080e-13
-1.730000000e-01	5.900932556e+00	-7.363633924e-02	8.268590985e-14
-1.735000000e-01	5.900964050e+00	-7.413927454e-02	9.573080312e-14
-1.740000000e-01	5.900995586e+00	-7.464220606e-02	1.593245814e-13
-1.745000000e-01	5.901027165e+00	-7.514513376e-02	1.575758080e-13
-1.750000000e-01	5.901058787e+00	-7.564805765e-02	1.131959208e-13
-1.755000000e-01	5.901090451e+00	-7.615097773e-02	8.163569318e-14
-1.760000000e-01	5.901122158e+00	-7.665389396e-02	1.205714874e-13
-1.765000000e-01	5.901153908e+00	-7.715680634e-02	1.252823704e-13
-1.770000000e-01	5.901185701e+00	-7.765971487e-02	8.982841293e-14
-1.775000000e-01	5.901217536e+00	-7.816261953e-02	1.338338338e-13
-1.780000000e-01	5.901249414e+00	-7.866552032e-02	6.125594470e-14
-1.785000000e-01	5.901281335e+00	-7.916841721e-02	1.423581666e-13
-1.790000000e-01	5.901313298e+00	-7.967131020e-02	7.125683064e-14
-1.795000000e-01	5.901345304e+00	-8.017419928e-02	1.602498852e-13
-1.800000000e-01	5.901377353e+00	-8.067708444e-02	1.440685216e-13
-1.805000000e-01	5.901409444e+00	-8.117996566e-02	1.269523904e-13
-1.810000000e-01	5.901441579e+00	-8.168284295e-02	1.874925472e-13
-1.815000000e-01	5.901473756e+00	-8.218571627e-02	1.605384322e-13
-1.820000000e-01	5.901505975e+00	-8.268858563e-02	1.585407367e-13
-1.825000000e-01	5.901538237e+00	-8.319145102e-02	1.745802366e-13
-1.830000000e-01	5.901570542e+00	-8.369431241e-02	1.770208972e-13
-1.835000000e-01	5.901602890e+00	-8.419716981e-02	1.010847273e-13
-1.840000000e-01	5.901635280e+00	-8.470002321e-02	1.218319828e-13
-1.845000000e-01	5.901667713e+00	-8.520287257e-02	1.159694991e-13
-1.850000000e-01	5.901700189e+00	-8.570571791e-02	1.326363187e-13
-1.855000000e-01	5.901732708e+00	-8.620855921e-02	1.539201994e-13
-1.860000000e-01	5.901765269e+00	-8.671139645e-02	9.010243254e-14
-1.865000000e-01	5.901797872e+00	-8.721422963e-02	1.358225585e-13
-1.870000000e-01	5.901830519e+00	-8.771705874e-02	9.914145439e-14
-1.875000000e-01	5.901863208e+00	-8.821988377e-02	1.275771922e-13
-1.880000000e-01	5.901895940e+00	-8.872270470e-02	1.692753409e-13
-1.885000000e-01	5.901928714e+00	-8.922552152e-02	1.607058857e-13
-1.890000000e-01	5.901961531e+00	-8.972833422e-02	9.594090388e-14
-1.895000000e-01	5.901994391e+00	-9.023114280e-02	1.360360381e-13
-1.900000000e-01	5.902027294e+00	-9.073394723e-02	7.250992697e-14
-1.905000000e-01	5.902060239e+00	-9.123674751e-02	7.465162531e-14
-1.910000000e-01	5.902093227e+00	-9.173954364e-02	1.035228384e-13
-1.915000000e-01	5.902126257e+00	-9.224233559e-02	1.208673886e-13
-1.920000000e-01	5.902159330e+00	-9.274512336e-02	8.324346290e-14
-1.925000000e-01	5.902192446e+00	-9.324790694e-02	1.132438697e-13
-1.930000000e-01	5.902225604e+00	-9.375068632e-02	1.343235898e-13
-1.935000000e-01	5.902258805e+00	-9.425346148e-02	1.196587044e-13
-1.940000000e-01	5.902292049e+00	-9.475623242e-02	1.681988049e-13
-1.945000000e-01	5.902325336e+00	-9.525899911e-02	1.474170437e-13
-1.950000000e-01	5.902358665e+00	-9.576176156e-02	1.209697859e-13
-1.955000000e-01	5.902392036e+00	-9.626451976e-02	1.244134053e-13
-1.960000000e-01	5.902425451e+00	-9.676727368e-02	1.250264423e-13
-1.965000000e-01	5.902458908e+00	-9.727002332e-02	5.964423167e-14
-1.970000000e-01	5.902492407e+00	-9.777276868e-02	1.302608740e-13
-1.975000000e-01	5.902525949e+00	-9.827550973e-02	1.357616802e-13
-1.980000000e-01	5.902559534e+00	-9.877824647e-02	7.294837611e-14
-1.985000000e-01	5.902593162e+00	-9.928097888e-02	1.958352164e-13
-1.990000000e-01	5.902626832e+00	-9.978370697e-02	1.396813608e-13
-1.995000000e-01	5.902660545e+00	-1.002864307e-01	1.271580733e-13
-2.000000000e-01	5.902694300e+00	-1.007891501e-01	4.959586894e-14
