# epsi_ci     Re(Lambda)      Im(Lambda)      Eq(det), R = 0.5 $\mu$m, $E_p$ = 0.600 eV, modo = 4, $\epsilon_\infty$ = 3.9, $\gamma_{DL}$ = 0.01 eV, solve_det_sinkz_vs_mu.py
0.000000000e+00	4.496689349e+00	7.922111023e-02	2.617709108e-14
-1.000000000e-03	4.496704936e+00	7.877139057e-02	2.642716801e-14
-2.000000000e-03	4.496720567e+00	7.832167088e-02	1.182356076e-14
-3.000000000e-03	4.496736241e+00	7.787195117e-02	9.511046981e-15
-4.000000000e-03	4.496751959e+00	7.742223144e-02	1.827853234e-14
-5.000000000e-03	4.496767720e+00	7.697251172e-02	1.093772247e-14
-6.000000000e-03	4.496783525e+00	7.652279202e-02	2.049227735e-14
-7.000000000e-03	4.496799373e+00	7.607307234e-02	2.670650518e-14
-8.000000000e-03	4.496815265e+00	7.562335269e-02	1.963968193e-14
-9.000000000e-03	4.496831201e+00	7.517363310e-02	2.904284457e-14
-1.000000000e-02	4.496847180e+00	7.472391357e-02	1.768240336e-14
-1.100000000e-02	4.496863203e+00	7.427419412e-02	2.433662516e-14
-1.200000000e-02	4.496879269e+00	7.382447475e-02	1.110332795e-14
-1.300000000e-02	4.496895379e+00	7.337475548e-02	1.913343658e-14
-1.400000000e-02	4.496911532e+00	7.292503633e-02	1.940779182e-14
-1.500000000e-02	4.496927729e+00	7.247531729e-02	2.482285380e-14
-1.600000000e-02	4.496943970e+00	7.202559840e-02	2.328576023e-14
-1.700000000e-02	4.496960254e+00	7.157587965e-02	1.832743061e-14
-1.800000000e-02	4.496976582e+00	7.112616106e-02	2.490244229e-14
-1.900000000e-02	4.496992954e+00	7.067644265e-02	2.491243542e-14
-2.000000000e-02	4.497009369e+00	7.022672442e-02	3.668939579e-14
-2.100000000e-02	4.497025827e+00	6.977700638e-02	2.932596835e-14
-2.200000000e-02	4.497042330e+00	6.932728856e-02	2.373168974e-14
-2.300000000e-02	4.497058875e+00	6.887757095e-02	1.987658006e-14
-2.400000000e-02	4.497075465e+00	6.842785358e-02	1.482368714e-14
-2.500000000e-02	4.497092098e+00	6.797813646e-02	9.256369098e-15
-2.600000000e-02	4.497108774e+00	6.752841959e-02	1.342481307e-14
-2.700000000e-02	4.497125494e+00	6.707870299e-02	2.185425985e-14
-2.800000000e-02	4.497142258e+00	6.662898668e-02	2.571062803e-14
-2.900000000e-02	4.497159066e+00	6.617927066e-02	1.793645564e-14
-3.000000000e-02	4.497175916e+00	6.572955494e-02	2.726274396e-14
-3.100000000e-02	4.497192811e+00	6.527983955e-02	2.230110905e-14
-3.200000000e-02	4.497209749e+00	6.483012448e-02	3.042203964e-14
-3.300000000e-02	4.497226731e+00	6.438040976e-02	2.671535381e-14
-3.400000000e-02	4.497243756e+00	6.393069539e-02	3.235261971e-14
-3.500000000e-02	4.497260825e+00	6.348098139e-02	2.597439851e-14
-3.600000000e-02	4.497277937e+00	6.303126778e-02	2.837086295e-14
-3.700000000e-02	4.497295093e+00	6.258155455e-02	2.727979203e-14
-3.800000000e-02	4.497312293e+00	6.213184172e-02	2.497243762e-14
-3.900000000e-02	4.497329536e+00	6.168212932e-02	3.065389488e-14
-4.000000000e-02	4.497346823e+00	6.123241734e-02	2.594292733e-14
-4.100000000e-02	4.497364153e+00	6.078270580e-02	2.937057992e-14
-4.200000000e-02	4.497381527e+00	6.033299471e-02	3.948164498e-14
-4.300000000e-02	4.497398944e+00	5.988328409e-02	2.387005931e-14
-4.400000000e-02	4.497416406e+00	5.943357395e-02	1.553775346e-14
-4.500000000e-02	4.497433910e+00	5.898386430e-02	2.455370730e-14
-4.600000000e-02	4.497451458e+00	5.853415514e-02	2.711620310e-14
-4.700000000e-02	4.497469050e+00	5.808444650e-02	2.310023322e-14
-4.800000000e-02	4.497486686e+00	5.763473839e-02	2.009614997e-14
-4.900000000e-02	4.497504365e+00	5.718503081e-02	3.814345827e-14
-5.000000000e-02	4.497522087e+00	5.673532379e-02	3.084285789e-14
-5.100000000e-02	4.497539854e+00	5.628561733e-02	2.800354495e-14
-5.200000000e-02	4.497557663e+00	5.583591144e-02	2.531623436e-14
-5.300000000e-02	4.497575517e+00	5.538620614e-02	2.174954016e-14
-5.400000000e-02	4.497593414e+00	5.493650143e-02	2.354179364e-14
-5.500000000e-02	4.497611354e+00	5.448679734e-02	1.706661766e-14
-5.600000000e-02	4.497629338e+00	5.403709387e-02	9.293155716e-15
-5.700000000e-02	4.497647366e+00	5.358739104e-02	3.333772812e-14
-5.800000000e-02	4.497665437e+00	5.313768886e-02	1.939538846e-14
-5.900000000e-02	4.497683552e+00	5.268798733e-02	2.146422183e-14
-6.000000000e-02	4.497701710e+00	5.223828648e-02	7.991065075e-15
-6.100000000e-02	4.497719912e+00	5.178858631e-02	1.580525039e-14
-6.200000000e-02	4.497738158e+00	5.133888684e-02	2.548203570e-14
-6.300000000e-02	4.497756447e+00	5.088918807e-02	2.412591264e-14
-6.400000000e-02	4.497774780e+00	5.043949003e-02	2.391603474e-14
-6.500000000e-02	4.497793156e+00	4.998979272e-02	2.590986834e-14
-6.600000000e-02	4.497811576e+00	4.954009615e-02	3.764466659e-14
-6.700000000e-02	4.497830039e+00	4.909040035e-02	2.446751217e-14
-6.800000000e-02	4.497848546e+00	4.864070531e-02	3.273204973e-14
-6.900000000e-02	4.497867097e+00	4.819101105e-02	2.065354267e-14
-7.000000000e-02	4.497885691e+00	4.774131759e-02	2.906305846e-14
-7.100000000e-02	4.497904329e+00	4.729162493e-02	3.034968737e-14
-7.200000000e-02	4.497923010e+00	4.684193309e-02	2.213852721e-14
-7.300000000e-02	4.497941735e+00	4.639224208e-02	2.763647456e-14
-7.400000000e-02	4.497960504e+00	4.594255192e-02	1.714388798e-14
-7.500000000e-02	4.497979316e+00	4.549286261e-02	3.078164316e-14
-7.600000000e-02	4.497998171e+00	4.504317416e-02	2.361203020e-14
-7.700000000e-02	4.498017070e+00	4.459348660e-02	2.053302162e-14
-7.800000000e-02	4.498036013e+00	4.414379993e-02	3.596153060e-14
-7.900000000e-02	4.498055000e+00	4.369411416e-02	3.328915923e-14
-8.000000000e-02	4.498074029e+00	4.324442930e-02	2.035539865e-14
-8.100000000e-02	4.498093103e+00	4.279474537e-02	3.619930802e-14
-8.200000000e-02	4.498112220e+00	4.234506239e-02	2.465273652e-14
-8.300000000e-02	4.498131381e+00	4.189538035e-02	2.780007421e-14
-8.400000000e-02	4.498150585e+00	4.144569928e-02	2.033247474e-14
-8.500000000e-02	4.498169833e+00	4.099601919e-02	2.969298923e-14
-8.600000000e-02	4.498189124e+00	4.054634008e-02	3.581705883e-14
-8.700000000e-02	4.498208459e+00	4.009666198e-02	1.858485806e-14
-8.800000000e-02	4.498227837e+00	3.964698489e-02	2.310707242e-14
-8.900000000e-02	4.498247260e+00	3.919730882e-02	1.559974566e-14
-9.000000000e-02	4.498266846e+00	3.874499292e-02	1.901043332e-06
-9.100000000e-02	4.498287520e+00	3.826984722e-02	2.023680172e-05
-9.200000000e-02	4.498308237e+00	3.779470236e-02	3.857252494e-05
-9.300000000e-02	4.498328994e+00	3.731955833e-02	5.690821190e-05
-9.400000000e-02	4.498349786e+00	3.684441476e-02	7.524386179e-05
-9.500000000e-02	4.498370637e+00	3.636927290e-02	9.357947266e-05
-9.600000000e-02	4.498391520e+00	3.589413149e-02	1.119150443e-04
-9.700000000e-02	4.498209799e+00	3.540956108e-02	1.954440733e-04
-9.800000000e-02	4.498433414e+00	3.494385139e-02	1.485860645e-04
-9.900000000e-02	4.498454423e+00	3.446871272e-02	1.669215110e-04
-1.000000000e-01	4.498475474e+00	3.399357497e-02	1.852569135e-04
-1.010000000e-01	4.498496568e+00	3.351843819e-02	2.035922711e-04
-1.020000000e-01	4.498517703e+00	3.304330238e-02	2.219275825e-04
-1.030000000e-01	4.498538880e+00	3.256816754e-02	2.402628468e-04
-1.040000000e-01	4.498560099e+00	3.209303369e-02	2.585980628e-04
-1.050000000e-01	4.498581360e+00	3.161790084e-02	2.769332294e-04
-1.060000000e-01	4.498602663e+00	3.114276901e-02	2.952683455e-04
-1.070000000e-01	4.498624007e+00	3.066763820e-02	3.136034102e-04
-1.080000000e-01	4.498645394e+00	3.019250845e-02	3.319384221e-04
-1.090000000e-01	4.498666822e+00	2.971737975e-02	3.502733804e-04
-1.100000000e-01	4.498688292e+00	2.924225211e-02	3.686082838e-04
-1.110000000e-01	4.498709573e+00	2.876711448e-02	3.869431670e-04
-1.120000000e-01	4.498731358e+00	2.829200012e-02	4.052779217e-04
-1.130000000e-01	4.498753081e+00	2.781688189e-02	4.236126639e-04
-1.140000000e-01	4.498774592e+00	2.734175257e-02	4.419473273e-04
-1.150000000e-01	4.498796272e+00	2.686663051e-02	4.602819402e-04
-1.160000000e-01	4.498817995e+00	2.639150965e-02	4.786164917e-04
-1.170000000e-01	4.498839724e+00	2.591638821e-02	4.969509813e-04
-1.180000000e-01	4.498861561e+00	2.544127114e-02	5.152854063e-04
-1.190000000e-01	4.498883409e+00	2.496615379e-02	5.336197671e-04
-1.200000000e-01	4.498905299e+00	2.449103762e-02	5.519540622e-04
-1.210000000e-01	4.498927229e+00	2.401592261e-02	5.702882905e-04
-1.220000000e-01	4.498949202e+00	2.354080884e-02	5.886224508e-04
-1.230000000e-01	4.498971217e+00	2.306569634e-02	6.069565422e-04
-1.240000000e-01	4.498993273e+00	2.259058507e-02	6.252905634e-04
-1.250000000e-01	4.499015372e+00	2.211547509e-02	6.436245134e-04
-1.260000000e-01	4.499037512e+00	2.164036639e-02	6.619583912e-04
-1.270000000e-01	4.499059694e+00	2.116525898e-02	6.802921955e-04
-1.280000000e-01	4.499081918e+00	2.069015287e-02	6.986259254e-04
-1.290000000e-01	4.499104185e+00	2.021504811e-02	7.169595797e-04
-1.300000000e-01	4.499142887e+00	1.974076489e-02	7.353878878e-04
-1.310000000e-01	4.499148841e+00	1.926484251e-02	7.536266573e-04
-1.320000000e-01	4.499171233e+00	1.878974179e-02	7.719600784e-04
-1.330000000e-01	4.499193667e+00	1.831464246e-02	7.902934196e-04
-1.340000000e-01	4.499216253e+00	1.783955011e-02	8.086266837e-04
-1.350000000e-01	4.499238659e+00	1.736444792e-02	8.269598577e-04
-1.360000000e-01	4.499261218e+00	1.688935276e-02	8.452929526e-04
-1.370000000e-01	4.499283819e+00	1.641425903e-02	8.636259631e-04
-1.380000000e-01	4.499306462e+00	1.593916675e-02	8.819588883e-04
-1.390000000e-01	4.499329146e+00	1.546407591e-02	9.002917270e-04
-1.400000000e-01	4.499351873e+00	1.498898655e-02	9.186244781e-04
-1.410000000e-01	4.499374641e+00	1.451389866e-02	9.369571406e-04
-1.420000000e-01	4.499422105e+00	1.404007700e-02	9.554545904e-04
-1.430000000e-01	4.499427954e+00	1.356412067e-02	9.736377726e-04
-1.440000000e-01	4.499443197e+00	1.308864402e-02	9.919545853e-04
-1.450000000e-01	4.499466133e+00	1.261356219e-02	1.010286882e-03
-1.460000000e-01	4.499489110e+00	1.213848192e-02	1.028619085e-03
-1.470000000e-01	4.499512128e+00	1.166340312e-02	1.046951193e-03
-1.480000000e-01	4.499578371e+00	1.119056861e-02	1.065736788e-03
-1.490000000e-01	4.499558294e+00	1.071325049e-02	1.083615118e-03
-1.500000000e-01	4.499581438e+00	1.023817648e-02	1.101946934e-03
-1.510000000e-01	4.499604620e+00	9.763103878e-03	1.120278650e-03
-1.520000000e-01	4.499627187e+00	9.287998501e-03	1.138610366e-03
-1.530000000e-01	4.499651121e+00	8.812964147e-03	1.156941779e-03
-1.540000000e-01	4.499674435e+00	8.337896804e-03	1.175273190e-03
-1.550000000e-01	4.499697792e+00	7.862831173e-03	1.193604497e-03
-1.560000000e-01	4.499721188e+00	7.387767085e-03	1.211935698e-03
-1.570000000e-01	4.499744625e+00	6.912704689e-03	1.230266794e-03
-1.580000000e-01	4.499767509e+00	6.437612398e-03	1.248597857e-03
-1.590000000e-01	4.499791565e+00	5.962581746e-03	1.266928664e-03
-1.600000000e-01	4.499737555e+00	7.273685660e-03	1.543515845e-14
-1.610000000e-01	4.499760113e+00	6.824115391e-03	1.773821776e-14
-1.620000000e-01	4.499782714e+00	6.374547036e-03	1.630563764e-14
-1.630000000e-01	4.499805358e+00	5.924980607e-03	1.789332561e-14
-1.640000000e-01	4.499828046e+00	5.475416114e-03	1.969012754e-14
-1.650000000e-01	4.499850778e+00	5.025853572e-03	2.005700567e-14
-1.660000000e-01	4.499873553e+00	4.576292991e-03	2.409416075e-14
-1.670000000e-01	4.499896372e+00	4.126734385e-03	2.422706163e-14
-1.680000000e-01	4.499919234e+00	3.677177764e-03	2.141608535e-14
-1.690000000e-01	4.499942139e+00	3.227623142e-03	2.936044077e-14
-1.700000000e-01	4.499965089e+00	2.778070531e-03	3.735632605e-14
-1.710000000e-01	4.499988081e+00	2.328519941e-03	2.120817219e-14
-1.720000000e-01	4.500011118e+00	1.878971387e-03	2.362986994e-14
-1.730000000e-01	4.500034197e+00	1.429424880e-03	2.562968775e-14
-1.740000000e-01	4.500057321e+00	9.798804311e-04	2.225555691e-14
-1.750000000e-01	4.500080487e+00	5.303380538e-04	2.592679113e-14
-1.760000000e-01	4.500103698e+00	8.079775971e-05	2.192607719e-14
-1.770000000e-01	4.500126951e+00	-3.687404389e-04	1.524928258e-14
-1.780000000e-01	4.500150249e+00	-8.182765298e-04	3.369504648e-14
-1.790000000e-01	4.500173590e+00	-1.267810501e-03	1.896332081e-14
-1.800000000e-01	4.500196974e+00	-1.717342340e-03	2.235866810e-14
-1.810000000e-01	4.500220402e+00	-2.166872036e-03	3.110606713e-14
-1.820000000e-01	4.500243873e+00	-2.616399575e-03	2.676949217e-14
-1.830000000e-01	4.500267388e+00	-3.065924946e-03	1.870446501e-14
-1.840000000e-01	4.500290946e+00	-3.515448136e-03	2.737548342e-14
-1.850000000e-01	4.500314548e+00	-3.964969134e-03	2.968690868e-14
-1.860000000e-01	4.500338193e+00	-4.414487927e-03	3.042676657e-14
-1.870000000e-01	4.500361882e+00	-4.864004504e-03	1.910459959e-14
-1.880000000e-01	4.500385614e+00	-5.313518851e-03	3.133161381e-14
-1.890000000e-01	4.500409390e+00	-5.763030957e-03	1.715814478e-14
-1.900000000e-01	4.500433209e+00	-6.212540810e-03	2.491735295e-14
-1.910000000e-01	4.500457072e+00	-6.662048398e-03	1.953608361e-14
-1.920000000e-01	4.500480979e+00	-7.111553708e-03	1.426795214e-14
-1.930000000e-01	4.500504928e+00	-7.561056728e-03	2.264053721e-14
-1.940000000e-01	4.500528922e+00	-8.010557447e-03	1.571888796e-14
-1.950000000e-01	4.500552958e+00	-8.460055852e-03	3.596125502e-14
-1.960000000e-01	4.500577039e+00	-8.909551930e-03	3.279564490e-14
-1.970000000e-01	4.500601162e+00	-9.359045671e-03	3.930643692e-14
-1.980000000e-01	4.500625330e+00	-9.808537061e-03	2.020310228e-14
-1.990000000e-01	4.500649540e+00	-1.025802609e-02	3.682157721e-14
-2.000000000e-01	4.500673795e+00	-1.070751274e-02	3.519518798e-14
