# epsi_ci     Re(Lambda)      Im(Lambda)      Eq(det), R = 0.5 $\mu$m, $E_p$ = 0.600 eV, modo = 4, $\epsilon_\infty$ = 3.9, $\gamma_{DL}$ = 0.01 eV, solve_det_sinkz_vs_mu.py
0.000000000e+00	4.399040015e+00	7.181296444e-02	1.687815161e-14
-1.000000000e-03	4.399054496e+00	7.137127243e-02	2.343764243e-14
-2.000000000e-03	4.399069019e+00	7.092958042e-02	1.139433994e-14
-3.000000000e-03	4.399083585e+00	7.048788843e-02	1.200604624e-14
-4.000000000e-03	4.399098194e+00	7.004619646e-02	1.053644910e-14
-5.000000000e-03	4.399112846e+00	6.960450454e-02	1.364908652e-14
-6.000000000e-03	4.399127541e+00	6.916281267e-02	1.386711149e-14
-7.000000000e-03	4.399142280e+00	6.872112086e-02	2.275556169e-14
-8.000000000e-03	4.399157061e+00	6.827942913e-02	7.095018221e-15
-9.000000000e-03	4.399171885e+00	6.783773749e-02	1.445603527e-14
-1.000000000e-02	4.399186751e+00	6.739604595e-02	1.309067208e-14
-1.100000000e-02	4.399201661e+00	6.695435452e-02	1.616938276e-14
-1.200000000e-02	4.399216614e+00	6.651266322e-02	1.177854758e-14
-1.300000000e-02	4.399231610e+00	6.607097205e-02	6.098018883e-15
-1.400000000e-02	4.399246649e+00	6.562928104e-02	7.384827046e-15
-1.500000000e-02	4.399261731e+00	6.518759018e-02	1.083497021e-14
-1.600000000e-02	4.399276855e+00	6.474589950e-02	1.551014776e-14
-1.700000000e-02	4.399292023e+00	6.430420900e-02	1.172581509e-14
-1.800000000e-02	4.399307234e+00	6.386251870e-02	1.377073672e-14
-1.900000000e-02	4.399322487e+00	6.342082862e-02	2.598503760e-14
-2.000000000e-02	4.399337784e+00	6.297913875e-02	7.828847263e-15
-2.100000000e-02	4.399353124e+00	6.253744911e-02	1.296159405e-14
-2.200000000e-02	4.399368506e+00	6.209575972e-02	1.583174945e-14
-2.300000000e-02	4.399383932e+00	6.165407059e-02	1.574165736e-14
-2.400000000e-02	4.399399400e+00	6.121238173e-02	1.384782348e-14
-2.500000000e-02	4.399414912e+00	6.077069315e-02	1.208205078e-14
-2.600000000e-02	4.399430466e+00	6.032900486e-02	7.045041587e-15
-2.700000000e-02	4.399446063e+00	5.988731688e-02	9.992166839e-15
-2.800000000e-02	4.399461704e+00	5.944562922e-02	2.026504915e-14
-2.900000000e-02	4.399477387e+00	5.900394189e-02	1.553615566e-14
-3.000000000e-02	4.399493113e+00	5.856225490e-02	9.347975307e-15
-3.100000000e-02	4.399508882e+00	5.812056826e-02	1.408253604e-14
-3.200000000e-02	4.399524695e+00	5.767888199e-02	1.357190623e-14
-3.300000000e-02	4.399540550e+00	5.723719610e-02	1.435085148e-14
-3.400000000e-02	4.399556448e+00	5.679551060e-02	6.639207661e-15
-3.500000000e-02	4.399572389e+00	5.635382550e-02	1.604350836e-14
-3.600000000e-02	4.399588373e+00	5.591214081e-02	9.568475905e-15
-3.700000000e-02	4.399604400e+00	5.547045655e-02	1.426477881e-14
-3.800000000e-02	4.399620470e+00	5.502877273e-02	1.647502421e-14
-3.900000000e-02	4.399636583e+00	5.458708936e-02	1.207165387e-14
-4.000000000e-02	4.399652739e+00	5.414540646e-02	1.398632838e-14
-4.100000000e-02	4.399668937e+00	5.370372403e-02	1.239435733e-14
-4.200000000e-02	4.399685179e+00	5.326204208e-02	6.087652862e-15
-4.300000000e-02	4.399701464e+00	5.282036063e-02	1.738322555e-14
-4.400000000e-02	4.399717792e+00	5.237867970e-02	6.186388994e-15
-4.500000000e-02	4.399734162e+00	5.193699929e-02	1.925491422e-14
-4.600000000e-02	4.399750576e+00	5.149531941e-02	1.120079999e-14
-4.700000000e-02	4.399767033e+00	5.105364008e-02	1.314911160e-14
-4.800000000e-02	4.399783532e+00	5.061196131e-02	9.949488916e-15
-4.900000000e-02	4.399800075e+00	5.017028310e-02	1.478969201e-14
-5.000000000e-02	4.399816660e+00	4.972860549e-02	1.172668454e-14
-5.100000000e-02	4.399833289e+00	4.928692847e-02	6.367216503e-15
-5.200000000e-02	4.399849960e+00	4.884525205e-02	2.061228137e-14
-5.300000000e-02	4.399866674e+00	4.840357626e-02	1.986260657e-14
-5.400000000e-02	4.399883432e+00	4.796190109e-02	1.988809832e-14
-5.500000000e-02	4.399900232e+00	4.752022657e-02	1.154599471e-14
-5.600000000e-02	4.399917075e+00	4.707855271e-02	1.007170800e-14
-5.700000000e-02	4.399933961e+00	4.663687951e-02	2.028157633e-14
-5.800000000e-02	4.399950890e+00	4.619520699e-02	1.825565823e-14
-5.900000000e-02	4.399967863e+00	4.575353516e-02	1.077464122e-14
-6.000000000e-02	4.399984878e+00	4.531186404e-02	1.602081739e-14
-6.100000000e-02	4.400001936e+00	4.487019364e-02	1.972442333e-14
-6.200000000e-02	4.400019037e+00	4.442852396e-02	1.027792976e-14
-6.300000000e-02	4.400036180e+00	4.398685502e-02	1.783726344e-14
-6.400000000e-02	4.400053367e+00	4.354518683e-02	1.376961255e-14
-6.500000000e-02	4.400070597e+00	4.310351941e-02	8.770240536e-15
-6.600000000e-02	4.400087870e+00	4.266185276e-02	7.918794364e-15
-6.700000000e-02	4.400105186e+00	4.222018690e-02	1.429582575e-14
-6.800000000e-02	4.400122544e+00	4.177852185e-02	1.753603043e-14
-6.900000000e-02	4.400139946e+00	4.133685760e-02	4.589049419e-15
-7.000000000e-02	4.400157391e+00	4.089519418e-02	1.324516175e-14
-7.100000000e-02	4.400174878e+00	4.045353159e-02	9.741240256e-15
-7.200000000e-02	4.400192409e+00	4.001186985e-02	1.255045664e-14
-7.300000000e-02	4.400209982e+00	3.957020898e-02	2.012358417e-14
-7.400000000e-02	4.400227599e+00	3.912854897e-02	8.125576281e-15
-7.500000000e-02	4.400245258e+00	3.868688985e-02	1.860394679e-14
-7.600000000e-02	4.400262960e+00	3.824523163e-02	1.834909450e-14
-7.700000000e-02	4.400280706e+00	3.780357432e-02	2.336871101e-14
-7.800000000e-02	4.400298494e+00	3.736191792e-02	1.095238164e-14
-7.900000000e-02	4.400316325e+00	3.692026246e-02	1.484519938e-14
-8.000000000e-02	4.400334199e+00	3.647860795e-02	1.464176559e-14
-8.100000000e-02	4.400352116e+00	3.603695439e-02	8.937282732e-15
-8.200000000e-02	4.400370076e+00	3.559530180e-02	1.509604142e-14
-8.300000000e-02	4.400388079e+00	3.515365019e-02	1.654078611e-14
-8.400000000e-02	4.400406125e+00	3.471199957e-02	1.139838511e-14
-8.500000000e-02	4.400424214e+00	3.427034996e-02	2.456095876e-14
-8.600000000e-02	4.400442346e+00	3.382870136e-02	1.643144820e-14
-8.700000000e-02	4.400460520e+00	3.338705380e-02	1.361845725e-14
-8.800000000e-02	4.400478738e+00	3.294540728e-02	1.365383098e-14
-8.900000000e-02	4.400496999e+00	3.250376180e-02	2.445215572e-14
-9.000000000e-02	4.400515302e+00	3.206211740e-02	1.511432231e-14
-9.100000000e-02	4.400533649e+00	3.162047407e-02	1.969911406e-14
-9.200000000e-02	4.400552038e+00	3.117883183e-02	1.475092291e-14
-9.300000000e-02	4.400570471e+00	3.073719070e-02	8.615777509e-15
-9.400000000e-02	4.400588946e+00	3.029555067e-02	1.720592316e-14
-9.500000000e-02	4.400607464e+00	2.985391177e-02	1.060773292e-14
-9.600000000e-02	4.400626026e+00	2.941227401e-02	1.711795558e-14
-9.700000000e-02	4.400644630e+00	2.897063740e-02	1.337123156e-14
-9.800000000e-02	4.400663277e+00	2.852900195e-02	8.191205548e-15
-9.900000000e-02	4.400681967e+00	2.808736768e-02	1.287091500e-14
-1.000000000e-01	4.400700700e+00	2.764573459e-02	2.118389690e-14
-1.010000000e-01	4.400719476e+00	2.720410270e-02	5.117140684e-15
-1.020000000e-01	4.400738295e+00	2.676247201e-02	9.525818294e-15
-1.030000000e-01	4.400757157e+00	2.632084255e-02	1.183310975e-14
-1.040000000e-01	4.400776062e+00	2.587921433e-02	1.252522103e-14
-1.050000000e-01	4.400795009e+00	2.543758735e-02	1.778702437e-14
-1.060000000e-01	4.400814000e+00	2.499596162e-02	1.167191569e-14
-1.070000000e-01	4.400833033e+00	2.455433717e-02	4.944468265e-15
-1.080000000e-01	4.400852110e+00	2.411271400e-02	2.042516182e-14
-1.090000000e-01	4.400871229e+00	2.367109212e-02	1.691609033e-14
-1.100000000e-01	4.400890392e+00	2.322947155e-02	1.691756433e-14
-1.110000000e-01	4.400909597e+00	2.278785230e-02	1.478994474e-14
-1.120000000e-01	4.400928845e+00	2.234623438e-02	1.921719668e-14
-1.130000000e-01	4.400948136e+00	2.190461780e-02	7.667412025e-15
-1.140000000e-01	4.400967471e+00	2.146300258e-02	1.343442823e-14
-1.150000000e-01	4.400986848e+00	2.102138872e-02	1.772481548e-14
-1.160000000e-01	4.401006268e+00	2.057977624e-02	1.620243168e-14
-1.170000000e-01	4.401025731e+00	2.013816515e-02	7.827822879e-15
-1.180000000e-01	4.401045236e+00	1.969655546e-02	1.583303279e-14
-1.190000000e-01	4.401064785e+00	1.925494719e-02	1.761352913e-14
-1.200000000e-01	4.401084377e+00	1.881334035e-02	1.707304055e-14
-1.210000000e-01	4.401104011e+00	1.837173494e-02	1.353293236e-14
-1.220000000e-01	4.401123689e+00	1.793013098e-02	1.046852195e-14
-1.230000000e-01	4.401143409e+00	1.748852849e-02	1.258857834e-14
-1.240000000e-01	4.401163173e+00	1.704692747e-02	2.569573343e-14
-1.250000000e-01	4.401182979e+00	1.660532794e-02	7.025000623e-15
-1.260000000e-01	4.401202828e+00	1.616372990e-02	9.158877803e-15
-1.270000000e-01	4.401222721e+00	1.572213338e-02	7.782937166e-15
-1.280000000e-01	4.401242656e+00	1.528053838e-02	1.378608011e-14
-1.290000000e-01	4.401262634e+00	1.483894492e-02	1.129604296e-14
-1.300000000e-01	4.401282655e+00	1.439735300e-02	8.721735099e-15
-1.310000000e-01	4.085924607e+00	-1.342153381e-03	3.284309968e-27
-1.320000000e-01	4.085950662e+00	-1.865261754e-03	1.485966171e-28
-1.330000000e-01	4.085976785e+00	-2.388366725e-03	6.631569468e-28
-1.340000000e-01	4.086002975e+00	-2.911468267e-03	2.527397233e-27
-1.350000000e-01	4.086029231e+00	-3.434566355e-03	1.727227283e-27
-1.360000000e-01	4.086055555e+00	-3.957660964e-03	5.697052645e-28
-1.370000000e-01	4.086081946e+00	-4.480752068e-03	1.303510714e-27
-1.380000000e-01	4.086108403e+00	-5.003839641e-03	1.504075184e-27
-1.390000000e-01	4.086134928e+00	-5.526923657e-03	1.745209897e-27
-1.400000000e-01	4.086161520e+00	-6.050004091e-03	8.245871259e-28
-1.410000000e-01	4.086188178e+00	-6.573080917e-03	1.485070496e-27
-1.420000000e-01	4.086214904e+00	-7.096154110e-03	1.213410923e-27
-1.430000000e-01	4.086241697e+00	-7.619223643e-03	1.376879540e-27
-1.440000000e-01	4.086268556e+00	-8.142289491e-03	1.940957650e-27
-1.450000000e-01	4.086295483e+00	-8.665351629e-03	1.824686442e-27
-1.460000000e-01	4.086322476e+00	-9.188410031e-03	1.863859953e-27
-1.470000000e-01	4.086349537e+00	-9.711464670e-03	8.940592360e-28
-1.480000000e-01	4.086376664e+00	-1.023451552e-02	9.054592865e-28
-1.490000000e-01	4.086403859e+00	-1.075756256e-02	1.228068582e-27
-1.500000000e-01	4.086431120e+00	-1.128060576e-02	1.480934432e-27
-1.510000000e-01	4.086458448e+00	-1.180364510e-02	3.891246442e-28
-1.520000000e-01	4.086485844e+00	-1.232668054e-02	1.198553921e-27
-1.530000000e-01	4.086513306e+00	-1.284971207e-02	1.223717048e-27
-1.540000000e-01	4.086540835e+00	-1.337273966e-02	1.690529636e-27
-1.550000000e-01	4.086568432e+00	-1.389576328e-02	2.628143451e-27
-1.560000000e-01	4.086596095e+00	-1.441878291e-02	2.461674420e-27
-1.570000000e-01	4.086623825e+00	-1.494179852e-02	7.733541836e-28
-1.580000000e-01	4.086651622e+00	-1.546481008e-02	4.414437345e-28
-1.590000000e-01	4.086679486e+00	-1.598781758e-02	1.525742396e-27
-1.600000000e-01	4.086707417e+00	-1.651082098e-02	1.641874055e-27
-1.610000000e-01	4.086735415e+00	-1.703382026e-02	2.196472819e-27
-1.620000000e-01	4.086763479e+00	-1.755681539e-02	1.391679389e-27
-1.630000000e-01	4.086791611e+00	-1.807980635e-02	1.121091006e-27
-1.640000000e-01	4.086819810e+00	-1.860279311e-02	1.625478121e-27
-1.650000000e-01	4.086848075e+00	-1.912577565e-02	1.643239730e-27
-1.660000000e-01	4.086876408e+00	-1.964875394e-02	6.325126231e-28
-1.670000000e-01	4.086904807e+00	-2.017172796e-02	1.373787803e-27
-1.680000000e-01	4.086933274e+00	-2.069469767e-02	1.006741405e-27
-1.690000000e-01	4.086961807e+00	-2.121766306e-02	2.429602981e-27
-1.700000000e-01	4.086990407e+00	-2.174062410e-02	2.259412677e-27
-1.710000000e-01	4.087019074e+00	-2.226358076e-02	1.853575831e-27
-1.720000000e-01	4.087047808e+00	-2.278653302e-02	1.162248973e-27
-1.730000000e-01	4.087076609e+00	-2.330948085e-02	1.204223318e-27
-1.740000000e-01	4.087105477e+00	-2.383242422e-02	1.711102035e-27
-1.750000000e-01	4.087134412e+00	-2.435536312e-02	2.162038149e-27
-1.760000000e-01	4.087163413e+00	-2.487829751e-02	2.323191658e-27
-1.770000000e-01	4.087192482e+00	-2.540122737e-02	6.512128882e-28
-1.780000000e-01	4.087221617e+00	-2.592415267e-02	1.417694047e-27
-1.790000000e-01	4.087250819e+00	-2.644707339e-02	5.953568447e-28
-1.800000000e-01	4.087280088e+00	-2.696998951e-02	9.348848405e-28
-1.810000000e-01	4.087309424e+00	-2.749290099e-02	1.851445752e-27
-1.820000000e-01	4.087338827e+00	-2.801580781e-02	2.610007002e-27
-1.830000000e-01	4.087368297e+00	-2.853870995e-02	8.754074116e-28
-1.840000000e-01	4.087397834e+00	-2.906160738e-02	2.165157815e-27
-1.850000000e-01	4.087427437e+00	-2.958450007e-02	3.024900472e-28
-1.860000000e-01	4.087457108e+00	-3.010738800e-02	2.058373429e-27
-1.870000000e-01	4.087486845e+00	-3.063027115e-02	2.071636793e-27
-1.880000000e-01	4.087516649e+00	-3.115314948e-02	2.786050372e-27
-1.890000000e-01	4.087546520e+00	-3.167602298e-02	5.588622665e-28
-1.900000000e-01	4.087576458e+00	-3.219889161e-02	1.702441911e-27
-1.910000000e-01	4.087606463e+00	-3.272175535e-02	3.603097505e-28
-1.920000000e-01	4.087636534e+00	-3.324461418e-02	8.220160051e-28
-1.930000000e-01	4.087666672e+00	-3.376746807e-02	6.126598116e-28
-1.940000000e-01	4.087696878e+00	-3.429031700e-02	1.679235240e-28
-1.950000000e-01	4.087727150e+00	-3.481316093e-02	1.249483022e-27
-1.960000000e-01	4.087757488e+00	-3.533599985e-02	9.784554568e-28
-1.970000000e-01	4.087787894e+00	-3.585883373e-02	1.165424772e-27
-1.980000000e-01	4.087818367e+00	-3.638166253e-02	1.299553364e-27
-1.990000000e-01	4.087848906e+00	-3.690448625e-02	1.459814341e-27
-2.000000000e-01	4.087879512e+00	-3.742730484e-02	2.509808775e-27
