# Im(epsi1)     Re(Lambda)      Im(Lambda)      Eq(det).Opt det SIN kz, R=0.5 \mum, Re(epsi1)=3.90solve_det_sinkz_vs_mu.py
0.000000000e+00	1.599292494e+01	2.055680315e-02	9.575761040e-11
-1.000000000e-04	1.599292515e+01	2.039405560e-02	3.660697032e-11
-2.000000000e-04	1.599292535e+01	2.023130805e-02	9.485964953e-12
-3.000000000e-04	1.599292556e+01	2.006856049e-02	1.007311214e-11
-4.000000000e-04	1.599292576e+01	1.990581294e-02	3.015338850e-11
-5.000000000e-04	1.599292597e+01	1.974306539e-02	1.141266305e-11
-6.000000000e-04	1.599292618e+01	1.958031783e-02	4.376077684e-11
-7.000000000e-04	1.599292640e+01	1.941757028e-02	1.054821672e-11
-8.000000000e-04	1.599292661e+01	1.925482273e-02	1.546215708e-11
-9.000000000e-04	1.599292683e+01	1.909207518e-02	8.437414590e-12
-1.000000000e-03	1.599292705e+01	1.892932763e-02	6.690384032e-12
-1.100000000e-03	1.599292727e+01	1.876658008e-02	4.247547229e-11
-1.200000000e-03	1.599292749e+01	1.860383253e-02	9.826792044e-12
-1.300000000e-03	1.599292771e+01	1.844108498e-02	6.026069521e-12
-1.400000000e-03	1.599292793e+01	1.827833743e-02	8.013855309e-12
-1.500000000e-03	1.599292816e+01	1.811558988e-02	1.207249450e-11
-1.600000000e-03	1.599292839e+01	1.795284233e-02	6.947414990e-12
-1.700000000e-03	1.599292862e+01	1.779009478e-02	2.348020451e-11
-1.800000000e-03	1.599292885e+01	1.762734723e-02	7.741575296e-12
-1.900000000e-03	1.599292908e+01	1.746459969e-02	2.930185113e-11
-2.000000000e-03	1.599292931e+01	1.730185214e-02	1.695691864e-11
-2.100000000e-03	1.599292955e+01	1.713910459e-02	1.370049092e-11
-2.200000000e-03	1.599292979e+01	1.697635705e-02	1.916635127e-11
-2.300000000e-03	1.599293003e+01	1.681360951e-02	1.282937493e-11
-2.400000000e-03	1.599293027e+01	1.665086196e-02	1.748994439e-11
-2.500000000e-03	1.599293051e+01	1.648811442e-02	1.296781706e-11
-2.600000000e-03	1.599293075e+01	1.632536688e-02	1.887986469e-11
-2.700000000e-03	1.599293100e+01	1.616261934e-02	1.576007366e-11
-2.800000000e-03	1.599293125e+01	1.599987180e-02	9.209197683e-12
-2.900000000e-03	1.599293150e+01	1.583712426e-02	1.546312920e-11
-3.000000000e-03	1.599293175e+01	1.567437673e-02	1.475089036e-11
-3.100000000e-03	1.599293200e+01	1.551162919e-02	1.407075988e-11
-3.200000000e-03	1.599293225e+01	1.534888166e-02	6.353843527e-12
-3.300000000e-03	1.599293251e+01	1.518613413e-02	2.912692620e-11
-3.400000000e-03	1.599293277e+01	1.502338659e-02	1.145251882e-11
-3.500000000e-03	1.599293303e+01	1.486063907e-02	9.314524861e-12
-3.600000000e-03	1.599293329e+01	1.469789154e-02	6.461549967e-12
-3.700000000e-03	1.599293355e+01	1.453514401e-02	9.590458465e-12
-3.800000000e-03	1.599293381e+01	1.437239649e-02	7.648877033e-12
-3.900000000e-03	1.599293408e+01	1.420964897e-02	9.072302757e-12
-4.000000000e-03	1.599293435e+01	1.404690144e-02	2.386214270e-11
-4.100000000e-03	1.599293462e+01	1.388415393e-02	1.139668917e-11
-4.200000000e-03	1.599293489e+01	1.372140641e-02	1.698247660e-11
-4.300000000e-03	1.599293516e+01	1.355865889e-02	6.276827463e-12
-4.400000000e-03	1.599293543e+01	1.339591138e-02	1.385937243e-11
-4.500000000e-03	1.599293571e+01	1.323316387e-02	6.579295550e-12
-4.600000000e-03	1.599293598e+01	1.307041636e-02	2.587295531e-11
-4.700000000e-03	1.599293626e+01	1.290766885e-02	8.978733716e-12
-4.800000000e-03	1.599293654e+01	1.274492135e-02	1.039210105e-11
-4.900000000e-03	1.599293683e+01	1.258217384e-02	5.040544224e-12
-5.000000000e-03	1.599293711e+01	1.241942634e-02	1.091524318e-11
-5.100000000e-03	1.599293740e+01	1.225667884e-02	6.021972763e-12
-5.200000000e-03	1.599293768e+01	1.209393135e-02	1.567352533e-11
-5.300000000e-03	1.599293797e+01	1.193118385e-02	9.600698190e-12
-5.400000000e-03	1.599293826e+01	1.176843636e-02	1.081963018e-11
-5.500000000e-03	1.599293855e+01	1.160568887e-02	1.659525660e-11
-5.600000000e-03	1.599293885e+01	1.144294138e-02	2.272433728e-11
-5.700000000e-03	1.599293914e+01	1.128019390e-02	4.257095873e-12
-5.800000000e-03	1.599293944e+01	1.111744642e-02	9.463414198e-12
-5.900000000e-03	1.599293974e+01	1.095469894e-02	1.369335716e-11
-6.000000000e-03	1.599294004e+01	1.079195147e-02	9.725033674e-12
-6.100000000e-03	1.599294034e+01	1.062920399e-02	1.427500594e-11
-6.200000000e-03	1.599294065e+01	1.046645653e-02	1.761768132e-11
-6.300000000e-03	1.599294095e+01	1.030370906e-02	1.433877634e-11
-6.400000000e-03	1.599294126e+01	1.014096159e-02	6.454708299e-12
-6.500000000e-03	1.599294157e+01	9.978214132e-03	1.467349342e-11
-6.600000000e-03	1.599294188e+01	9.815466674e-03	5.955898593e-12
-6.700000000e-03	1.599294219e+01	9.652719218e-03	1.931767595e-11
-6.800000000e-03	1.599294250e+01	9.489971767e-03	1.765345426e-11
-6.900000000e-03	1.599294282e+01	9.327224318e-03	8.575672522e-12
-7.000000000e-03	1.599294313e+01	9.164476873e-03	1.182286587e-11
-7.100000000e-03	1.599294345e+01	9.001729430e-03	1.820978375e-11
-7.200000000e-03	1.599294377e+01	8.838981992e-03	1.280588442e-11
-7.300000000e-03	1.599294409e+01	8.676234557e-03	9.667436043e-12
-7.400000000e-03	1.599294442e+01	8.513487125e-03	1.681353692e-11
-7.500000000e-03	1.599294474e+01	8.350739699e-03	3.521469539e-11
-7.600000000e-03	1.599294507e+01	8.187992271e-03	1.676225577e-11
-7.700000000e-03	1.599294540e+01	8.025244850e-03	2.703082371e-11
-7.800000000e-03	1.599294573e+01	7.862497433e-03	5.048579446e-12
-7.900000000e-03	1.599294606e+01	7.699750020e-03	1.314670177e-11
-8.000000000e-03	1.599294639e+01	7.537002610e-03	1.089127557e-11
-8.100000000e-03	1.599294673e+01	7.374255203e-03	2.514193997e-11
-8.200000000e-03	1.599294707e+01	7.211507799e-03	1.758815977e-11
-8.300000000e-03	1.599294740e+01	7.048760402e-03	1.789552315e-11
-8.400000000e-03	1.599294774e+01	6.886013008e-03	9.757860938e-12
-8.500000000e-03	1.599294809e+01	6.723265616e-03	9.788445502e-12
-8.600000000e-03	1.599294843e+01	6.560518230e-03	1.115280465e-11
-8.700000000e-03	1.599294877e+01	6.397770847e-03	1.149706995e-11
-8.800000000e-03	1.599294912e+01	6.235023470e-03	7.777387489e-12
-8.900000000e-03	1.599294947e+01	6.072276095e-03	4.590007853e-12
-9.000000000e-03	1.599294982e+01	5.909528724e-03	2.010351363e-11
-9.100000000e-03	1.599295017e+01	5.746781361e-03	2.330909054e-11
-9.200000000e-03	1.599295052e+01	5.584033999e-03	8.270020071e-12
-9.300000000e-03	1.599295088e+01	5.421286642e-03	1.507193045e-11
-9.400000000e-03	1.599295124e+01	5.258539290e-03	1.105124205e-11
-9.500000000e-03	1.599295159e+01	5.095791942e-03	4.250992538e-11
-9.600000000e-03	1.599295195e+01	4.933044599e-03	1.500260555e-11
-9.700000000e-03	1.599295231e+01	4.770297259e-03	1.163685759e-11
-9.800000000e-03	1.599295268e+01	4.607549926e-03	1.119195231e-11
-9.900000000e-03	1.599295304e+01	4.444802597e-03	1.970892893e-11
-1.000000000e-02	1.599295341e+01	4.282055274e-03	2.836368801e-11
-1.010000000e-02	1.599295378e+01	4.119307951e-03	2.101429246e-11
-1.020000000e-02	1.599295415e+01	3.956560638e-03	1.397181023e-11
-1.030000000e-02	1.599295452e+01	3.793813328e-03	2.121082146e-11
-1.040000000e-02	1.599295489e+01	3.631066021e-03	2.982703457e-11
-1.050000000e-02	1.599295527e+01	3.468318724e-03	1.905867020e-11
-1.060000000e-02	1.599295564e+01	3.305571429e-03	2.554897732e-11
-1.070000000e-02	1.599295602e+01	3.142824137e-03	1.610607290e-11
-1.080000000e-02	1.599295640e+01	2.980076853e-03	1.245960155e-11
-1.090000000e-02	1.599295678e+01	2.817329573e-03	2.585369399e-11
-1.100000000e-02	1.599295716e+01	2.654582299e-03	1.792787735e-11
-1.110000000e-02	1.599295755e+01	2.491835032e-03	3.333505621e-11
-1.120000000e-02	1.599295794e+01	2.329087768e-03	1.867112650e-11
-1.130000000e-02	1.599295832e+01	2.166340509e-03	1.789388896e-11
-1.140000000e-02	1.599295871e+01	2.003593259e-03	3.584636872e-11
-1.150000000e-02	1.599295910e+01	1.840846009e-03	1.228250700e-11
-1.160000000e-02	1.599295950e+01	1.678098768e-03	1.497360719e-11
-1.170000000e-02	1.599295989e+01	1.515351532e-03	1.373596833e-11
-1.180000000e-02	1.599296029e+01	1.352604302e-03	1.487160191e-11
-1.190000000e-02	1.599296069e+01	1.189857078e-03	6.698826293e-12
-1.200000000e-02	1.599296109e+01	1.027109858e-03	2.857197556e-11
-1.210000000e-02	1.599296149e+01	8.643626466e-04	5.215664367e-11
-1.220000000e-02	1.599296189e+01	7.016154381e-04	2.197958870e-11
-1.230000000e-02	1.599296229e+01	5.388682398e-04	4.890440481e-11
-1.240000000e-02	1.599296270e+01	3.761210413e-04	8.720669202e-12
-1.250000000e-02	1.599296311e+01	2.133738528e-04	7.843862320e-12
-1.260000000e-02	1.599296352e+01	5.062667003e-05	9.683297675e-12
-1.270000000e-02	1.599296393e+01	-1.121205084e-04	2.639490548e-11
-1.280000000e-02	1.599296434e+01	-2.748676790e-04	9.389887793e-12
-1.290000000e-02	1.599296476e+01	-4.376148428e-04	7.439040687e-12
-1.300000000e-02	1.599296517e+01	-6.003620015e-04	3.729588591e-11
-1.310000000e-02	1.599296559e+01	-7.631091521e-04	2.803907815e-11
-1.320000000e-02	1.599296601e+01	-9.258562997e-04	1.535865531e-11
-1.330000000e-02	1.599296643e+01	-1.088603440e-03	2.091637981e-11
-1.340000000e-02	1.599296685e+01	-1.251350572e-03	1.717056853e-11
-1.350000000e-02	1.599296728e+01	-1.414097697e-03	1.325105554e-11
-1.360000000e-02	1.599296770e+01	-1.576844819e-03	1.094343159e-11
-1.370000000e-02	1.599296813e+01	-1.739591932e-03	7.459505563e-12
-1.380000000e-02	1.599296856e+01	-1.902339038e-03	1.662088256e-11
-1.390000000e-02	1.599296899e+01	-2.065086137e-03	3.836570487e-11
-1.400000000e-02	1.599296942e+01	-2.227833231e-03	7.730484053e-12
-1.410000000e-02	1.599296986e+01	-2.390580316e-03	1.032540999e-11
-1.420000000e-02	1.599297029e+01	-2.553327397e-03	1.733824281e-11
-1.430000000e-02	1.599297073e+01	-2.716074469e-03	5.423675919e-12
-1.440000000e-02	1.599297117e+01	-2.878821534e-03	1.121900461e-11
-1.450000000e-02	1.599297161e+01	-3.041568592e-03	1.347061306e-11
-1.460000000e-02	1.599297205e+01	-3.204315641e-03	3.913516200e-11
-1.470000000e-02	1.599297250e+01	-3.367062687e-03	1.556530846e-11
-1.480000000e-02	1.599297294e+01	-3.529809724e-03	1.094315000e-11
-1.490000000e-02	1.599297339e+01	-3.692556754e-03	1.651670486e-11
-1.500000000e-02	1.599297384e+01	-3.855303778e-03	2.384216185e-11
-1.510000000e-02	1.599297429e+01	-4.018050793e-03	1.669236070e-11
-1.520000000e-02	1.599297474e+01	-4.180797806e-03	8.445160695e-11
-1.530000000e-02	1.599297520e+01	-4.343544801e-03	1.083342400e-11
-1.540000000e-02	1.599297565e+01	-4.506291794e-03	1.274571022e-11
-1.550000000e-02	1.599297611e+01	-4.669038779e-03	1.802234604e-11
-1.560000000e-02	1.599297657e+01	-4.831785759e-03	2.806051552e-11
-1.570000000e-02	1.599297703e+01	-4.994532727e-03	9.723465951e-12
-1.580000000e-02	1.599297749e+01	-5.157279691e-03	1.173862997e-11
-1.590000000e-02	1.599297796e+01	-5.320026645e-03	1.214921765e-11
-1.600000000e-02	1.599297842e+01	-5.482773592e-03	1.115269055e-11
-1.610000000e-02	1.599297889e+01	-5.645520532e-03	2.259340613e-11
-1.620000000e-02	1.599297936e+01	-5.808267463e-03	2.641303527e-11
-1.630000000e-02	1.599297983e+01	-5.971014388e-03	1.293990147e-11
-1.640000000e-02	1.599298030e+01	-6.133761304e-03	4.815037170e-11
-1.650000000e-02	1.599298077e+01	-6.296508210e-03	1.087190959e-11
-1.660000000e-02	1.599298125e+01	-6.459255110e-03	1.904411668e-11
-1.670000000e-02	1.599298173e+01	-6.622002002e-03	3.358278187e-11
-1.680000000e-02	1.599298221e+01	-6.784748884e-03	7.353169840e-12
-1.690000000e-02	1.599298269e+01	-6.947495758e-03	8.618415008e-12
-1.700000000e-02	1.599298317e+01	-7.110242626e-03	1.342367909e-11
-1.710000000e-02	1.599298365e+01	-7.272989483e-03	8.738722713e-12
-1.720000000e-02	1.599298414e+01	-7.435736335e-03	2.400576010e-11
-1.730000000e-02	1.599298462e+01	-7.598483175e-03	1.110866406e-11
-1.740000000e-02	1.599298511e+01	-7.761230007e-03	1.865566272e-11
-1.750000000e-02	1.599298560e+01	-7.923976833e-03	6.296849571e-12
-1.760000000e-02	1.599298610e+01	-8.086723648e-03	1.947325265e-11
-1.770000000e-02	1.599298659e+01	-8.249470455e-03	1.017601821e-11
-1.780000000e-02	1.599298709e+01	-8.412217256e-03	1.602950738e-11
-1.790000000e-02	1.599298758e+01	-8.574964044e-03	9.807697383e-12
-1.800000000e-02	1.599298808e+01	-8.737710826e-03	9.252158246e-12
-1.810000000e-02	1.599298858e+01	-8.900457597e-03	2.057606530e-11
-1.820000000e-02	1.599298908e+01	-9.063204363e-03	4.171888077e-11
-1.830000000e-02	1.599298959e+01	-9.225951114e-03	6.306070068e-11
-1.840000000e-02	1.599299009e+01	-9.388697862e-03	1.322431869e-11
-1.850000000e-02	1.599299060e+01	-9.551444598e-03	2.070953722e-11
-1.860000000e-02	1.599299111e+01	-9.714191325e-03	8.283421851e-12
-1.870000000e-02	1.599299162e+01	-9.876938044e-03	2.051972795e-11
-1.880000000e-02	1.599299213e+01	-1.003968475e-02	1.642828467e-11
-1.890000000e-02	1.599299264e+01	-1.020243145e-02	1.451964873e-11
-1.900000000e-02	1.599299316e+01	-1.036517814e-02	1.289458213e-11
-1.910000000e-02	1.599299368e+01	-1.052792483e-02	1.602941663e-11
-1.920000000e-02	1.599299419e+01	-1.069067150e-02	7.955911825e-12
-1.930000000e-02	1.599299471e+01	-1.085341816e-02	1.184484538e-11
-1.940000000e-02	1.599299524e+01	-1.101616481e-02	6.213172897e-12
-1.950000000e-02	1.599299576e+01	-1.117891146e-02	1.485515185e-11
-1.960000000e-02	1.599299628e+01	-1.134165809e-02	7.389917946e-12
-1.970000000e-02	1.599299681e+01	-1.150440471e-02	1.075656222e-11
-1.980000000e-02	1.599299734e+01	-1.166715133e-02	1.198793382e-11
-1.990000000e-02	1.599299787e+01	-1.182989793e-02	1.450742339e-11
-2.000000000e-02	1.599299840e+01	-1.199264453e-02	4.438115353e-11
-2.010000000e-02	1.599299893e+01	-1.215539112e-02	3.132250924e-11
-2.020000000e-02	1.599299947e+01	-1.231813769e-02	4.991154004e-11
-2.030000000e-02	1.599300001e+01	-1.248088425e-02	6.860079824e-11
-2.040000000e-02	1.599300054e+01	-1.264363081e-02	9.290197673e-12
-2.050000000e-02	1.599300108e+01	-1.280637736e-02	1.058761877e-11
-2.060000000e-02	1.599300163e+01	-1.296912389e-02	1.611293175e-11
-2.070000000e-02	1.599300217e+01	-1.313187042e-02	7.814909254e-12
-2.080000000e-02	1.599300271e+01	-1.329461693e-02	1.999720394e-11
-2.090000000e-02	1.599300326e+01	-1.345736343e-02	2.106906844e-11
-2.100000000e-02	1.599300381e+01	-1.362010993e-02	1.770320034e-11
-2.110000000e-02	1.599300436e+01	-1.378285641e-02	2.676705895e-11
-2.120000000e-02	1.599300491e+01	-1.394560289e-02	1.263401943e-11
-2.130000000e-02	1.599300546e+01	-1.410834935e-02	8.561105948e-12
-2.140000000e-02	1.599300602e+01	-1.427109581e-02	5.513389342e-12
-2.150000000e-02	1.599300658e+01	-1.443384225e-02	2.371138688e-11
-2.160000000e-02	1.599300713e+01	-1.459658868e-02	1.963522433e-11
-2.170000000e-02	1.599300769e+01	-1.475933510e-02	6.729880110e-12
-2.180000000e-02	1.599300826e+01	-1.492208151e-02	8.949927938e-12
-2.190000000e-02	1.599300882e+01	-1.508482791e-02	1.456549506e-11
-2.200000000e-02	1.599300938e+01	-1.524757430e-02	5.901736499e-12
-2.210000000e-02	1.599300995e+01	-1.541032068e-02	1.351237355e-11
-2.220000000e-02	1.599301052e+01	-1.557306704e-02	1.240894703e-11
-2.230000000e-02	1.599301109e+01	-1.573581340e-02	9.919231953e-12
-2.240000000e-02	1.599301166e+01	-1.589855975e-02	1.505911016e-11
-2.250000000e-02	1.599301223e+01	-1.606130608e-02	3.761408306e-11
-2.260000000e-02	1.599301281e+01	-1.622405240e-02	2.947576112e-11
-2.270000000e-02	1.599301338e+01	-1.638679872e-02	1.881298648e-11
-2.280000000e-02	1.599301396e+01	-1.654954502e-02	7.832818895e-12
-2.290000000e-02	1.599301454e+01	-1.671229131e-02	1.771773595e-11
-2.300000000e-02	1.599301512e+01	-1.687503758e-02	8.407104252e-12
-2.310000000e-02	1.599301570e+01	-1.703778385e-02	1.059655691e-11
-2.320000000e-02	1.599301629e+01	-1.720053011e-02	1.427362278e-11
-2.330000000e-02	1.599301688e+01	-1.736327635e-02	1.193385042e-11
-2.340000000e-02	1.599301746e+01	-1.752602258e-02	1.152053571e-11
-2.350000000e-02	1.599301805e+01	-1.768876881e-02	1.177242140e-11
-2.360000000e-02	1.599301864e+01	-1.785151501e-02	8.545936631e-12
-2.370000000e-02	1.599301924e+01	-1.801426121e-02	1.228344075e-11
-2.380000000e-02	1.599301983e+01	-1.817700740e-02	8.475983080e-12
-2.390000000e-02	1.599302043e+01	-1.833975357e-02	1.450318185e-11
-2.400000000e-02	1.599302103e+01	-1.850249974e-02	4.522340795e-12
-2.410000000e-02	1.599302162e+01	-1.866524589e-02	1.028830574e-11
-2.420000000e-02	1.599302223e+01	-1.882799203e-02	2.126945213e-11
-2.430000000e-02	1.599302283e+01	-1.899073815e-02	2.646994692e-11
-2.440000000e-02	1.599302343e+01	-1.915348427e-02	3.129064044e-11
-2.450000000e-02	1.599302404e+01	-1.931623037e-02	1.661881575e-11
-2.460000000e-02	1.599302465e+01	-1.947897646e-02	9.915716412e-12
-2.470000000e-02	1.599302526e+01	-1.964172254e-02	2.357150780e-11
-2.480000000e-02	1.599302587e+01	-1.980446861e-02	2.039647133e-11
-2.490000000e-02	1.599302648e+01	-1.996721466e-02	1.538581855e-11
-2.500000000e-02	1.599302709e+01	-2.012996070e-02	9.696085444e-12
-2.510000000e-02	1.599302771e+01	-2.029270673e-02	1.921148441e-11
-2.520000000e-02	1.599302833e+01	-2.045545275e-02	7.695618227e-12
-2.530000000e-02	1.599302895e+01	-2.061819876e-02	2.196670737e-11
-2.540000000e-02	1.599302957e+01	-2.078094475e-02	1.530280683e-11
-2.550000000e-02	1.599303019e+01	-2.094369073e-02	1.054671125e-11
-2.560000000e-02	1.599303082e+01	-2.110643669e-02	1.069373667e-11
-2.570000000e-02	1.599303144e+01	-2.126918265e-02	1.190395328e-11
-2.580000000e-02	1.599303207e+01	-2.143192859e-02	1.053768719e-11
-2.590000000e-02	1.599303270e+01	-2.159467452e-02	9.290505266e-12
-2.600000000e-02	1.599303333e+01	-2.175742044e-02	3.282708672e-11
-2.610000000e-02	1.599303396e+01	-2.192016634e-02	1.260465977e-11
-2.620000000e-02	1.599303460e+01	-2.208291223e-02	1.262401332e-11
-2.630000000e-02	1.599303523e+01	-2.224565811e-02	1.041216679e-11
-2.640000000e-02	1.599303587e+01	-2.240840397e-02	9.028944156e-12
-2.650000000e-02	1.599303651e+01	-2.257114983e-02	1.530446073e-11
-2.660000000e-02	1.599303715e+01	-2.273389566e-02	1.557731098e-11
-2.670000000e-02	1.599303779e+01	-2.289664149e-02	8.361203250e-12
-2.680000000e-02	1.599303844e+01	-2.305938730e-02	1.087751252e-11
-2.690000000e-02	1.599303908e+01	-2.322213310e-02	1.042304013e-11
-2.700000000e-02	1.599303973e+01	-2.338487888e-02	2.220475523e-11
-2.710000000e-02	1.599304038e+01	-2.354762466e-02	9.910102332e-12
-2.720000000e-02	1.599304103e+01	-2.371037042e-02	1.961079417e-11
-2.730000000e-02	1.599304168e+01	-2.387311616e-02	2.166951240e-11
-2.740000000e-02	1.599304233e+01	-2.403586189e-02	1.719269670e-11
-2.750000000e-02	1.599304299e+01	-2.419860761e-02	9.266082184e-12
-2.760000000e-02	1.599304365e+01	-2.436135332e-02	7.338161064e-12
-2.770000000e-02	1.599304431e+01	-2.452409901e-02	1.077747550e-11
-2.780000000e-02	1.599304497e+01	-2.468684469e-02	6.805729733e-12
-2.790000000e-02	1.599304563e+01	-2.484959035e-02	9.765430251e-12
-2.800000000e-02	1.599304629e+01	-2.501233600e-02	9.921520348e-12
-2.810000000e-02	1.599304696e+01	-2.517508164e-02	3.361771726e-11
-2.820000000e-02	1.599304763e+01	-2.533782726e-02	1.806914329e-11
-2.830000000e-02	1.599304830e+01	-2.550057287e-02	2.405730403e-11
-2.840000000e-02	1.599304897e+01	-2.566331846e-02	1.121635808e-11
-2.850000000e-02	1.599304964e+01	-2.582606404e-02	4.986939838e-12
-2.860000000e-02	1.599305031e+01	-2.598880961e-02	1.322864674e-11
-2.870000000e-02	1.599305099e+01	-2.615155516e-02	8.265815797e-12
-2.880000000e-02	1.599305166e+01	-2.631430070e-02	8.821164318e-12
-2.890000000e-02	1.599305234e+01	-2.647704622e-02	2.143301386e-11
-2.900000000e-02	1.599305302e+01	-2.663979173e-02	5.824210668e-11
-2.910000000e-02	1.599305371e+01	-2.680253722e-02	6.741257647e-12
-2.920000000e-02	1.599305439e+01	-2.696528270e-02	2.488827907e-11
-2.930000000e-02	1.599305507e+01	-2.712802817e-02	6.501874694e-12
-2.940000000e-02	1.599305576e+01	-2.729077362e-02	1.885863749e-11
-2.950000000e-02	1.599305645e+01	-2.745351906e-02	6.173198489e-12
-2.960000000e-02	1.599305714e+01	-2.761626448e-02	1.234609697e-11
-2.970000000e-02	1.599305783e+01	-2.777900989e-02	1.319344558e-11
-2.980000000e-02	1.599305853e+01	-2.794175528e-02	1.058494721e-11
-2.990000000e-02	1.599305922e+01	-2.810450066e-02	1.231623920e-11
-3.000000000e-02	1.599305992e+01	-2.826724602e-02	2.325189223e-11
-3.010000000e-02	1.599306062e+01	-2.842999137e-02	1.311319572e-11
-3.020000000e-02	1.599306132e+01	-2.859273671e-02	1.096904146e-11
-3.030000000e-02	1.599306202e+01	-2.875548202e-02	1.006662033e-11
-3.040000000e-02	1.599306272e+01	-2.891822733e-02	1.469734934e-11
-3.050000000e-02	1.599306343e+01	-2.908097262e-02	8.053685255e-12
-3.060000000e-02	1.599306414e+01	-2.924371789e-02	1.496415551e-11
-3.070000000e-02	1.599306484e+01	-2.940646315e-02	1.104000375e-11
-3.080000000e-02	1.599306555e+01	-2.956920839e-02	8.671058428e-12
-3.090000000e-02	1.599306627e+01	-2.973195362e-02	8.867691881e-12
-3.100000000e-02	1.599306698e+01	-2.989469883e-02	3.619738294e-11
-3.110000000e-02	1.599306769e+01	-3.005744403e-02	7.392462173e-12
-3.120000000e-02	1.599306841e+01	-3.022018921e-02	3.636937043e-11
-3.130000000e-02	1.599306913e+01	-3.038293438e-02	1.075556181e-11
-3.140000000e-02	1.599306985e+01	-3.054567953e-02	1.055069490e-11
-3.150000000e-02	1.599307057e+01	-3.070842466e-02	1.846596322e-11
-3.160000000e-02	1.599307130e+01	-3.087116978e-02	6.025337478e-12
-3.170000000e-02	1.599307202e+01	-3.103391489e-02	1.819439852e-11
-3.180000000e-02	1.599307275e+01	-3.119665997e-02	1.131639316e-11
-3.190000000e-02	1.599307348e+01	-3.135940505e-02	5.824221996e-12
-3.200000000e-02	1.599307421e+01	-3.152215010e-02	1.056465945e-11
-3.210000000e-02	1.599307494e+01	-3.168489515e-02	8.562408693e-12
-3.220000000e-02	1.599307567e+01	-3.184764017e-02	1.460857529e-11
-3.230000000e-02	1.599307641e+01	-3.201038518e-02	7.525339477e-12
-3.240000000e-02	1.599307714e+01	-3.217313017e-02	2.055181976e-11
-3.250000000e-02	1.599307788e+01	-3.233587515e-02	3.717237455e-11
-3.260000000e-02	1.599307862e+01	-3.249862011e-02	1.159051338e-11
-3.270000000e-02	1.599307936e+01	-3.266136505e-02	4.557110290e-12
-3.280000000e-02	1.599308011e+01	-3.282410998e-02	1.395495730e-11
-3.290000000e-02	1.599308085e+01	-3.298685490e-02	6.824529384e-12
-3.300000000e-02	1.599308160e+01	-3.314959979e-02	1.183632097e-11
-3.310000000e-02	1.599308234e+01	-3.331234467e-02	1.223421051e-11
-3.320000000e-02	1.599308309e+01	-3.347508953e-02	3.036108736e-11
-3.330000000e-02	1.599308385e+01	-3.363783438e-02	8.838203430e-12
-3.340000000e-02	1.599308460e+01	-3.380057921e-02	1.314393742e-11
-3.350000000e-02	1.599308535e+01	-3.396332403e-02	2.220931581e-11
-3.360000000e-02	1.599308611e+01	-3.412606882e-02	1.036940515e-11
-3.370000000e-02	1.599308687e+01	-3.428881360e-02	2.695889343e-11
-3.380000000e-02	1.599308763e+01	-3.445155836e-02	8.793629963e-12
-3.390000000e-02	1.599308839e+01	-3.461430311e-02	1.108344061e-11
-3.400000000e-02	1.599308915e+01	-3.477704784e-02	1.449885631e-11
-3.410000000e-02	1.599308992e+01	-3.493979256e-02	1.178212018e-11
-3.420000000e-02	1.599309068e+01	-3.510253725e-02	1.457799078e-11
-3.430000000e-02	1.599309145e+01	-3.526528193e-02	6.023784045e-12
-3.440000000e-02	1.599309222e+01	-3.542802659e-02	1.272375975e-11
-3.450000000e-02	1.599309299e+01	-3.559077124e-02	1.688246272e-11
-3.460000000e-02	1.599309377e+01	-3.575351587e-02	1.517504886e-11
-3.470000000e-02	1.599309454e+01	-3.591626048e-02	1.009937210e-11
-3.480000000e-02	1.599309532e+01	-3.607900507e-02	2.554914709e-11
-3.490000000e-02	1.599309610e+01	-3.624174965e-02	9.470388270e-12
-3.500000000e-02	1.599309687e+01	-3.640449421e-02	2.596591863e-11
-3.510000000e-02	1.599309766e+01	-3.656723875e-02	6.170909381e-12
-3.520000000e-02	1.599309844e+01	-3.672998327e-02	1.502356556e-11
-3.530000000e-02	1.599309922e+01	-3.689272778e-02	7.400226495e-12
-3.540000000e-02	1.599310001e+01	-3.705547227e-02	2.200132248e-11
-3.550000000e-02	1.599310080e+01	-3.721821674e-02	1.366948706e-11
-3.560000000e-02	1.599310159e+01	-3.738096120e-02	2.940000396e-11
-3.570000000e-02	1.599310238e+01	-3.754370563e-02	2.986752413e-11
-3.580000000e-02	1.599310317e+01	-3.770645005e-02	6.002105783e-12
-3.590000000e-02	1.599310397e+01	-3.786919445e-02	1.467446912e-11
-3.600000000e-02	1.599310476e+01	-3.803193884e-02	1.375399498e-11
-3.610000000e-02	1.599310556e+01	-3.819468320e-02	6.119204601e-12
-3.620000000e-02	1.599310636e+01	-3.835742755e-02	2.814551581e-11
-3.630000000e-02	1.599310716e+01	-3.852017188e-02	1.363660357e-11
-3.640000000e-02	1.599310796e+01	-3.868291619e-02	1.032107289e-11
-3.650000000e-02	1.599310877e+01	-3.884566048e-02	2.290100196e-11
-3.660000000e-02	1.599310957e+01	-3.900840476e-02	8.113293492e-12
-3.670000000e-02	1.599311038e+01	-3.917114902e-02	2.996183077e-11
-3.680000000e-02	1.599311119e+01	-3.933389325e-02	7.486858356e-12
-3.690000000e-02	1.599311200e+01	-3.949663747e-02	2.035467042e-11
-3.700000000e-02	1.599311281e+01	-3.965938168e-02	1.262070332e-11
-3.710000000e-02	1.599311363e+01	-3.982212586e-02	1.540435912e-11
-3.720000000e-02	1.599311444e+01	-3.998487003e-02	2.868927976e-11
-3.730000000e-02	1.599311526e+01	-4.014761417e-02	1.458634373e-11
-3.740000000e-02	1.599311608e+01	-4.031035830e-02	6.473042266e-12
-3.750000000e-02	1.599311690e+01	-4.047310241e-02	1.279231067e-11
-3.760000000e-02	1.599311772e+01	-4.063584650e-02	1.421460333e-11
-3.770000000e-02	1.599311855e+01	-4.079859058e-02	1.231550862e-11
-3.780000000e-02	1.599311937e+01	-4.096133463e-02	6.409972410e-12
-3.790000000e-02	1.599312020e+01	-4.112407867e-02	1.146808623e-11
-3.800000000e-02	1.599312103e+01	-4.128682268e-02	1.680000706e-11
-3.810000000e-02	1.599312186e+01	-4.144956668e-02	6.119771352e-12
-3.820000000e-02	1.599312269e+01	-4.161231066e-02	1.187963390e-11
-3.830000000e-02	1.599312353e+01	-4.177505462e-02	1.605957763e-11
-3.840000000e-02	1.599312436e+01	-4.193779856e-02	1.758007092e-11
-3.850000000e-02	1.599312520e+01	-4.210054248e-02	4.036946416e-11
-3.860000000e-02	1.599312604e+01	-4.226328638e-02	7.930855056e-12
-3.870000000e-02	1.599312688e+01	-4.242603027e-02	1.135931772e-11
-3.880000000e-02	1.599312772e+01	-4.258877413e-02	8.193907665e-12
-3.890000000e-02	1.599312857e+01	-4.275151797e-02	1.000774507e-11
-3.900000000e-02	1.599312941e+01	-4.291426180e-02	1.840732941e-11
-3.910000000e-02	1.599313026e+01	-4.307700561e-02	1.310304961e-11
-3.920000000e-02	1.599313111e+01	-4.323974939e-02	9.610971251e-12
-3.930000000e-02	1.599313196e+01	-4.340249316e-02	5.409633165e-11
-3.940000000e-02	1.599313281e+01	-4.356523691e-02	9.829239084e-12
-3.950000000e-02	1.599313367e+01	-4.372798064e-02	8.834070110e-12
-3.960000000e-02	1.599313452e+01	-4.389072435e-02	3.118463052e-11
-3.970000000e-02	1.599313538e+01	-4.405346803e-02	8.603575175e-12
-3.980000000e-02	1.599313624e+01	-4.421621170e-02	1.392929672e-11
-3.990000000e-02	1.599313710e+01	-4.437895535e-02	2.192984824e-11
-4.000000000e-02	1.599313796e+01	-4.454169898e-02	7.529342395e-12
