# Im(epsi1)     Re(Lambda)      Im(Lambda)      Eq(det).Opt det SIN kz, R=0.5 \mum, Re(epsi1)=3.90solve_det_sinkz_vs_mu.py
0.000000000e+00	1.847024485e+01	3.218386759e-02	1.000307585e-11
-1.000000000e-04	1.847024511e+01	3.199617745e-02	1.027425374e-11
-2.000000000e-04	1.847024538e+01	3.180848732e-02	5.516631839e-11
-3.000000000e-04	1.847024565e+01	3.162079719e-02	1.864742877e-11
-4.000000000e-04	1.847024592e+01	3.143310705e-02	2.116175621e-11
-5.000000000e-04	1.847024619e+01	3.124541692e-02	1.362578313e-11
-6.000000000e-04	1.847024647e+01	3.105772678e-02	1.581428622e-11
-7.000000000e-04	1.847024674e+01	3.087003665e-02	9.832638756e-12
-8.000000000e-04	1.847024702e+01	3.068234651e-02	1.009473172e-11
-9.000000000e-04	1.847024730e+01	3.049465638e-02	2.672155097e-11
-1.000000000e-03	1.847024758e+01	3.030696624e-02	8.950533917e-12
-1.100000000e-03	1.847024787e+01	3.011927611e-02	2.112542496e-11
-1.200000000e-03	1.847024815e+01	2.993158597e-02	2.371272793e-11
-1.300000000e-03	1.847024844e+01	2.974389584e-02	1.372125408e-11
-1.400000000e-03	1.847024873e+01	2.955620570e-02	2.370789708e-11
-1.500000000e-03	1.847024902e+01	2.936851557e-02	1.213598432e-11
-1.600000000e-03	1.847024932e+01	2.918082543e-02	8.607596823e-12
-1.700000000e-03	1.847024961e+01	2.899313530e-02	1.058726928e-11
-1.800000000e-03	1.847024991e+01	2.880544517e-02	5.089003359e-12
-1.900000000e-03	1.847025021e+01	2.861775504e-02	1.488922904e-11
-2.000000000e-03	1.847025051e+01	2.843006491e-02	9.400926748e-12
-2.100000000e-03	1.847025082e+01	2.824237478e-02	1.699097835e-11
-2.200000000e-03	1.847025112e+01	2.805468465e-02	1.108637766e-11
-2.300000000e-03	1.847025143e+01	2.786699452e-02	2.233806554e-11
-2.400000000e-03	1.847025174e+01	2.767930439e-02	1.199519207e-11
-2.500000000e-03	1.847025205e+01	2.749161426e-02	5.549321024e-11
-2.600000000e-03	1.847025236e+01	2.730392414e-02	8.107065378e-12
-2.700000000e-03	1.847025268e+01	2.711623401e-02	2.779918754e-11
-2.800000000e-03	1.847025299e+01	2.692854389e-02	6.020368919e-11
-2.900000000e-03	1.847025331e+01	2.674085376e-02	1.745296854e-11
-3.000000000e-03	1.847025363e+01	2.655316364e-02	6.361664656e-12
-3.100000000e-03	1.847025395e+01	2.636547352e-02	1.819460270e-11
-3.200000000e-03	1.847025428e+01	2.617778340e-02	7.221525476e-12
-3.300000000e-03	1.847025461e+01	2.599009329e-02	1.021439835e-11
-3.400000000e-03	1.847025493e+01	2.580240317e-02	1.752592446e-11
-3.500000000e-03	1.847025526e+01	2.561471305e-02	4.546983977e-12
-3.600000000e-03	1.847025560e+01	2.542702294e-02	1.013972059e-11
-3.700000000e-03	1.847025593e+01	2.523933283e-02	1.321976387e-11
-3.800000000e-03	1.847025626e+01	2.505164272e-02	1.509869382e-11
-3.900000000e-03	1.847025660e+01	2.486395261e-02	1.359350073e-11
-4.000000000e-03	1.847025694e+01	2.467626251e-02	1.263452432e-11
-4.100000000e-03	1.847025728e+01	2.448857240e-02	9.833239562e-12
-4.200000000e-03	1.847025763e+01	2.430088230e-02	1.236163442e-11
-4.300000000e-03	1.847025797e+01	2.411319220e-02	9.159916576e-12
-4.400000000e-03	1.847025832e+01	2.392550210e-02	1.051104276e-11
-4.500000000e-03	1.847025867e+01	2.373781201e-02	7.266435734e-11
-4.600000000e-03	1.847025902e+01	2.355012191e-02	3.509847170e-11
-4.700000000e-03	1.847025937e+01	2.336243182e-02	5.547884302e-11
-4.800000000e-03	1.847025973e+01	2.317474173e-02	1.208859430e-11
-4.900000000e-03	1.847026008e+01	2.298705164e-02	1.364488033e-11
-5.000000000e-03	1.847026044e+01	2.279936156e-02	1.259870739e-11
-5.100000000e-03	1.847026080e+01	2.261167147e-02	4.472481569e-11
-5.200000000e-03	1.847026116e+01	2.242398140e-02	6.341382871e-12
-5.300000000e-03	1.847026153e+01	2.223629132e-02	2.084259328e-11
-5.400000000e-03	1.847026190e+01	2.204860124e-02	6.387796297e-12
-5.500000000e-03	1.847026226e+01	2.186091117e-02	1.229375287e-11
-5.600000000e-03	1.847026263e+01	2.167322110e-02	1.690840773e-11
-5.700000000e-03	1.847026301e+01	2.148553104e-02	1.712749120e-11
-5.800000000e-03	1.847026338e+01	2.129784097e-02	4.659132353e-12
-5.900000000e-03	1.847026375e+01	2.111015091e-02	1.544816505e-11
-6.000000000e-03	1.847026413e+01	2.092246085e-02	1.500119008e-11
-6.100000000e-03	1.847026451e+01	2.073477080e-02	7.070761822e-12
-6.200000000e-03	1.847026489e+01	2.054708075e-02	9.796505382e-12
-6.300000000e-03	1.847026528e+01	2.035939070e-02	1.058174808e-11
-6.400000000e-03	1.847026566e+01	2.017170065e-02	2.582255093e-11
-6.500000000e-03	1.847026605e+01	1.998401061e-02	6.947266908e-12
-6.600000000e-03	1.847026644e+01	1.979632057e-02	2.472671788e-11
-6.700000000e-03	1.847026683e+01	1.960863054e-02	2.139000570e-11
-6.800000000e-03	1.847026722e+01	1.942094050e-02	1.805798934e-11
-6.900000000e-03	1.847026762e+01	1.923325048e-02	8.313023234e-12
-7.000000000e-03	1.847026801e+01	1.904556045e-02	1.998786609e-11
-7.100000000e-03	1.847026841e+01	1.885787043e-02	1.200411904e-11
-7.200000000e-03	1.847026881e+01	1.867018041e-02	1.506092570e-11
-7.300000000e-03	1.847026921e+01	1.848249040e-02	3.064271008e-11
-7.400000000e-03	1.847026962e+01	1.829480039e-02	7.097242312e-12
-7.500000000e-03	1.847027003e+01	1.810711038e-02	1.435704161e-11
-7.600000000e-03	1.847027043e+01	1.791942038e-02	1.349430072e-11
-7.700000000e-03	1.847027084e+01	1.773173038e-02	1.352608546e-11
-7.800000000e-03	1.847027126e+01	1.754404039e-02	1.990113432e-11
-7.900000000e-03	1.847027167e+01	1.735635039e-02	2.202130866e-11
-8.000000000e-03	1.847027208e+01	1.716866041e-02	5.519454730e-12
-8.100000000e-03	1.847027250e+01	1.698097043e-02	1.500924499e-11
-8.200000000e-03	1.847027292e+01	1.679328045e-02	8.100076031e-12
-8.300000000e-03	1.847027334e+01	1.660559048e-02	4.604088015e-11
-8.400000000e-03	1.847027377e+01	1.641790051e-02	3.973063297e-11
-8.500000000e-03	1.847027419e+01	1.623021054e-02	2.845456245e-11
-8.600000000e-03	1.847027462e+01	1.604252058e-02	6.512517568e-11
-8.700000000e-03	1.847027505e+01	1.585483062e-02	1.213607362e-11
-8.800000000e-03	1.847027548e+01	1.566714067e-02	1.028639496e-11
-8.900000000e-03	1.847027591e+01	1.547945072e-02	2.883010113e-11
-9.000000000e-03	1.847027635e+01	1.529176078e-02	3.246200649e-11
-9.100000000e-03	1.847027678e+01	1.510407085e-02	1.608756916e-11
-9.200000000e-03	1.847027722e+01	1.491638091e-02	1.228527512e-11
-9.300000000e-03	1.847027766e+01	1.472869098e-02	2.461856464e-11
-9.400000000e-03	1.847027810e+01	1.454100106e-02	1.705620472e-11
-9.500000000e-03	1.847027855e+01	1.435331115e-02	2.591253267e-11
-9.600000000e-03	1.847027900e+01	1.416562123e-02	1.803914007e-11
-9.700000000e-03	1.847027944e+01	1.397793132e-02	1.186450796e-11
-9.800000000e-03	1.847027989e+01	1.379024142e-02	1.711852483e-11
-9.900000000e-03	1.847028035e+01	1.360255153e-02	8.740972306e-12
-1.000000000e-02	1.847028080e+01	1.341486163e-02	7.022690145e-12
-1.010000000e-02	1.847028125e+01	1.322717175e-02	1.833738496e-11
-1.020000000e-02	1.847028171e+01	1.303948187e-02	6.014719885e-11
-1.030000000e-02	1.847028217e+01	1.285179199e-02	7.404164424e-12
-1.040000000e-02	1.847028263e+01	1.266410212e-02	1.105448573e-11
-1.050000000e-02	1.847028310e+01	1.247641226e-02	2.214521887e-11
-1.060000000e-02	1.847028356e+01	1.228872240e-02	5.544176228e-12
-1.070000000e-02	1.847028403e+01	1.210103254e-02	8.982714062e-11
-1.080000000e-02	1.847028450e+01	1.191334270e-02	1.238954121e-11
-1.090000000e-02	1.847028497e+01	1.172565285e-02	1.093638065e-11
-1.100000000e-02	1.847028544e+01	1.153796302e-02	1.283980655e-11
-1.110000000e-02	1.847028592e+01	1.135027319e-02	3.072640355e-11
-1.120000000e-02	1.847028639e+01	1.116258336e-02	6.118828644e-12
-1.130000000e-02	1.847028687e+01	1.097489355e-02	1.058120050e-11
-1.140000000e-02	1.847028735e+01	1.078720374e-02	1.830324199e-11
-1.150000000e-02	1.847028783e+01	1.059951393e-02	3.207286563e-11
-1.160000000e-02	1.847028832e+01	1.041182413e-02	1.107200876e-11
-1.170000000e-02	1.847028880e+01	1.022413434e-02	8.613046104e-12
-1.180000000e-02	1.847028929e+01	1.003644455e-02	6.644495292e-12
-1.190000000e-02	1.847028978e+01	9.848754769e-03	1.487104392e-11
-1.200000000e-02	1.847029027e+01	9.661064992e-03	2.962457309e-11
-1.210000000e-02	1.847029077e+01	9.473375226e-03	1.283581576e-11
-1.220000000e-02	1.847029126e+01	9.285685465e-03	1.080726546e-11
-1.230000000e-02	1.847029176e+01	9.097995709e-03	2.529379161e-11
-1.240000000e-02	1.847029226e+01	8.910305961e-03	2.799203533e-11
-1.250000000e-02	1.847029276e+01	8.722616221e-03	5.388980989e-12
-1.260000000e-02	1.847029327e+01	8.534926486e-03	2.084698088e-11
-1.270000000e-02	1.847029377e+01	8.347236759e-03	1.938619777e-11
-1.280000000e-02	1.847029428e+01	8.159547039e-03	6.987449556e-12
-1.290000000e-02	1.847029479e+01	7.971857324e-03	2.781893162e-11
-1.300000000e-02	1.847029530e+01	7.784167619e-03	1.285741849e-11
-1.310000000e-02	1.847029581e+01	7.596477919e-03	2.093065880e-11
-1.320000000e-02	1.847029633e+01	7.408788227e-03	1.884497121e-11
-1.330000000e-02	1.847029684e+01	7.221098542e-03	1.016451028e-11
-1.340000000e-02	1.847029736e+01	7.033408863e-03	3.038293334e-11
-1.350000000e-02	1.847029788e+01	6.845719195e-03	3.982349877e-11
-1.360000000e-02	1.847029840e+01	6.658029529e-03	1.583284313e-11
-1.370000000e-02	1.847029893e+01	6.470339874e-03	8.309901033e-12
-1.380000000e-02	1.847029945e+01	6.282650225e-03	8.648378258e-12
-1.390000000e-02	1.847029998e+01	6.094960584e-03	6.891480927e-12
-1.400000000e-02	1.847030051e+01	5.907270951e-03	1.577912849e-11
-1.410000000e-02	1.847030104e+01	5.719581324e-03	5.217890255e-11
-1.420000000e-02	1.847030158e+01	5.531891707e-03	8.305050629e-12
-1.430000000e-02	1.847030211e+01	5.344202097e-03	1.219004594e-11
-1.440000000e-02	1.847030265e+01	5.156512494e-03	6.288451494e-12
-1.450000000e-02	1.847030319e+01	4.968822901e-03	1.674416844e-11
-1.460000000e-02	1.847030373e+01	4.781133314e-03	1.667300247e-11
-1.470000000e-02	1.847030427e+01	4.593443735e-03	2.354640996e-11
-1.480000000e-02	1.847030482e+01	4.405754164e-03	5.149299093e-12
-1.490000000e-02	1.847030537e+01	4.218064601e-03	9.892530284e-12
-1.500000000e-02	1.847030592e+01	4.030375047e-03	1.621321224e-11
-1.510000000e-02	1.847030647e+01	3.842685501e-03	1.848881115e-11
-1.520000000e-02	1.847030702e+01	3.654995963e-03	6.633385264e-12
-1.530000000e-02	1.847030757e+01	3.467306434e-03	1.067746753e-11
-1.540000000e-02	1.847030813e+01	3.279616913e-03	9.291866790e-12
-1.550000000e-02	1.847030869e+01	3.091927400e-03	1.388335885e-11
-1.560000000e-02	1.847030925e+01	2.904237896e-03	2.812029687e-11
-1.570000000e-02	1.847030981e+01	2.716548400e-03	1.717095449e-11
-1.580000000e-02	1.847031038e+01	2.528858914e-03	9.506182806e-12
-1.590000000e-02	1.847031094e+01	2.341169436e-03	9.721916848e-12
-1.600000000e-02	1.847031151e+01	2.153479968e-03	1.528091313e-11
-1.610000000e-02	1.847031208e+01	1.965790507e-03	1.999963274e-11
-1.620000000e-02	1.847031265e+01	1.778101056e-03	1.773261220e-11
-1.630000000e-02	1.847031323e+01	1.590411611e-03	9.624804839e-12
-1.640000000e-02	1.847031380e+01	1.402722178e-03	1.090960020e-11
-1.650000000e-02	1.847031438e+01	1.215032754e-03	1.857078450e-11
-1.660000000e-02	1.847031496e+01	1.027343338e-03	1.136607849e-11
-1.670000000e-02	1.847031554e+01	8.396539309e-04	1.443811835e-11
-1.680000000e-02	1.847031612e+01	6.519645345e-04	8.698148352e-12
-1.690000000e-02	1.847031671e+01	4.642751450e-04	3.139310595e-11
-1.700000000e-02	1.847031730e+01	2.765857667e-04	1.123463287e-11
-1.710000000e-02	1.847031788e+01	8.889639775e-05	3.165020130e-11
-1.720000000e-02	1.847031848e+01	-9.879296250e-05	7.239542299e-12
-1.730000000e-02	1.847031907e+01	-2.864823126e-04	1.478400627e-11
-1.740000000e-02	1.847031966e+01	-4.741716514e-04	2.920627069e-11
-1.750000000e-02	1.847032026e+01	-6.618609846e-04	9.186909034e-12
-1.760000000e-02	1.847032086e+01	-8.495503074e-04	2.281994698e-11
-1.770000000e-02	1.847032146e+01	-1.037239617e-03	1.494913160e-11
-1.780000000e-02	1.847032206e+01	-1.224928919e-03	9.305968175e-12
-1.790000000e-02	1.847032266e+01	-1.412618212e-03	5.359932032e-12
-1.800000000e-02	1.847032327e+01	-1.600307495e-03	1.378405540e-11
-1.810000000e-02	1.847032388e+01	-1.787996769e-03	5.944448681e-11
-1.820000000e-02	1.847032449e+01	-1.975686029e-03	1.091193701e-11
-1.830000000e-02	1.847032510e+01	-2.163375281e-03	5.839932815e-12
-1.840000000e-02	1.847032571e+01	-2.351064524e-03	1.171102919e-11
-1.850000000e-02	1.847032633e+01	-2.538753755e-03	1.483823694e-11
-1.860000000e-02	1.847032695e+01	-2.726442977e-03	1.129640568e-11
-1.870000000e-02	1.847032757e+01	-2.914132189e-03	2.219884695e-11
-1.880000000e-02	1.847032819e+01	-3.101821390e-03	1.793410026e-11
-1.890000000e-02	1.847032881e+01	-3.289510579e-03	2.166739435e-11
-1.900000000e-02	1.847032944e+01	-3.477199758e-03	1.103816909e-11
-1.910000000e-02	1.847033006e+01	-3.664888929e-03	9.642311635e-12
-1.920000000e-02	1.847033069e+01	-3.852578087e-03	8.625060631e-12
-1.930000000e-02	1.847033132e+01	-4.040267235e-03	1.399557108e-11
-1.940000000e-02	1.847033196e+01	-4.227956373e-03	7.937707048e-12
-1.950000000e-02	1.847033259e+01	-4.415645501e-03	8.760643904e-11
-1.960000000e-02	1.847033323e+01	-4.603334615e-03	1.217609255e-11
-1.970000000e-02	1.847033387e+01	-4.791023720e-03	1.522346740e-11
-1.980000000e-02	1.847033451e+01	-4.978712816e-03	1.126935487e-11
-1.990000000e-02	1.847033515e+01	-5.166401898e-03	5.339417393e-12
-2.000000000e-02	1.847033579e+01	-5.354090971e-03	2.307923972e-11
-2.010000000e-02	1.847033644e+01	-5.541780032e-03	2.846951288e-11
-2.020000000e-02	1.847033709e+01	-5.729469081e-03	6.548437756e-12
-2.030000000e-02	1.847033774e+01	-5.917158119e-03	3.199364218e-11
-2.040000000e-02	1.847033839e+01	-6.104847146e-03	1.299471710e-11
-2.050000000e-02	1.847033904e+01	-6.292536164e-03	3.032550119e-11
-2.060000000e-02	1.847033970e+01	-6.480225166e-03	8.031809100e-12
-2.070000000e-02	1.847034036e+01	-6.667914159e-03	9.164109801e-12
-2.080000000e-02	1.847034102e+01	-6.855603140e-03	1.739441962e-11
-2.090000000e-02	1.847034168e+01	-7.043292112e-03	3.499249852e-11
-2.100000000e-02	1.847034234e+01	-7.230981070e-03	1.837091479e-11
-2.110000000e-02	1.847034301e+01	-7.418670016e-03	2.084527781e-11
-2.120000000e-02	1.847034367e+01	-7.606358949e-03	9.510144300e-12
-2.130000000e-02	1.847034434e+01	-7.794047872e-03	8.720943352e-12
-2.140000000e-02	1.847034501e+01	-7.981736785e-03	1.597551930e-11
-2.150000000e-02	1.847034568e+01	-8.169425683e-03	8.000902891e-12
-2.160000000e-02	1.847034636e+01	-8.357114570e-03	1.410851872e-11
-2.170000000e-02	1.847034704e+01	-8.544803445e-03	4.295632024e-12
-2.180000000e-02	1.847034771e+01	-8.732492310e-03	2.209750778e-11
-2.190000000e-02	1.847034839e+01	-8.920181159e-03	7.875738477e-12
-2.200000000e-02	1.847034908e+01	-9.107869998e-03	7.228942936e-12
-2.210000000e-02	1.847034976e+01	-9.295558824e-03	1.095820237e-11
-2.220000000e-02	1.847035045e+01	-9.483247636e-03	4.593708593e-11
-2.230000000e-02	1.847035114e+01	-9.670936440e-03	1.868149682e-11
-2.240000000e-02	1.847035183e+01	-9.858625228e-03	1.246289730e-11
-2.250000000e-02	1.847035252e+01	-1.004631400e-02	1.173047721e-11
-2.260000000e-02	1.847035321e+01	-1.023400277e-02	1.182663379e-11
-2.270000000e-02	1.847035391e+01	-1.042169152e-02	6.172943419e-12
-2.280000000e-02	1.847035460e+01	-1.060938026e-02	1.803106627e-11
-2.290000000e-02	1.847035530e+01	-1.079706898e-02	8.846043797e-12
-2.300000000e-02	1.847035600e+01	-1.098475770e-02	2.097029542e-11
-2.310000000e-02	1.847035671e+01	-1.117244640e-02	7.820452494e-12
-2.320000000e-02	1.847035741e+01	-1.136013509e-02	1.316592742e-11
-2.330000000e-02	1.847035812e+01	-1.154782376e-02	2.292002854e-11
-2.340000000e-02	1.847035883e+01	-1.173551242e-02	1.160019230e-11
-2.350000000e-02	1.847035954e+01	-1.192320107e-02	1.790625148e-11
-2.360000000e-02	1.847036025e+01	-1.211088971e-02	1.269266672e-11
-2.370000000e-02	1.847036097e+01	-1.229857833e-02	1.284344384e-11
-2.380000000e-02	1.847036168e+01	-1.248626694e-02	8.593785560e-12
-2.390000000e-02	1.847036240e+01	-1.267395553e-02	3.281690253e-11
-2.400000000e-02	1.847036312e+01	-1.286164411e-02	1.304046036e-11
-2.410000000e-02	1.847036384e+01	-1.304933268e-02	6.953254744e-12
-2.420000000e-02	1.847036457e+01	-1.323702124e-02	1.348272705e-11
-2.430000000e-02	1.847036529e+01	-1.342470978e-02	6.966838970e-12
-2.440000000e-02	1.847036602e+01	-1.361239831e-02	9.948566527e-12
-2.450000000e-02	1.847036675e+01	-1.380008682e-02	1.051647811e-11
-2.460000000e-02	1.847036748e+01	-1.398777532e-02	8.730551545e-12
-2.470000000e-02	1.847036822e+01	-1.417546381e-02	9.578051517e-12
-2.480000000e-02	1.847036895e+01	-1.436315228e-02	8.955464831e-12
-2.490000000e-02	1.847036969e+01	-1.455084074e-02	7.797788979e-12
-2.500000000e-02	1.847037043e+01	-1.473852918e-02	6.282210108e-11
-2.510000000e-02	1.847037117e+01	-1.492621762e-02	1.172189251e-11
-2.520000000e-02	1.847037192e+01	-1.511390603e-02	1.511943800e-11
-2.530000000e-02	1.847037266e+01	-1.530159444e-02	1.846089868e-11
-2.540000000e-02	1.847037341e+01	-1.548928283e-02	1.269567092e-11
-2.550000000e-02	1.847037416e+01	-1.567697120e-02	1.254969795e-11
-2.560000000e-02	1.847037491e+01	-1.586465956e-02	1.040894484e-11
-2.570000000e-02	1.847037566e+01	-1.605234791e-02	2.807960155e-11
-2.580000000e-02	1.847037641e+01	-1.624003624e-02	1.361194151e-11
-2.590000000e-02	1.847037717e+01	-1.642772456e-02	6.362439353e-11
-2.600000000e-02	1.847037793e+01	-1.661541286e-02	9.511187819e-12
-2.610000000e-02	1.847037869e+01	-1.680310115e-02	3.234070925e-11
-2.620000000e-02	1.847037945e+01	-1.699078942e-02	1.153866007e-11
-2.630000000e-02	1.847038022e+01	-1.717847768e-02	1.190874663e-11
-2.640000000e-02	1.847038098e+01	-1.736616592e-02	1.285135578e-11
-2.650000000e-02	1.847038175e+01	-1.755385415e-02	1.302864598e-11
-2.660000000e-02	1.847038252e+01	-1.774154236e-02	7.136039002e-12
-2.670000000e-02	1.847038329e+01	-1.792923056e-02	9.791465170e-12
-2.680000000e-02	1.847038407e+01	-1.811691875e-02	2.393983691e-11
-2.690000000e-02	1.847038484e+01	-1.830460691e-02	1.001472848e-11
-2.700000000e-02	1.847038562e+01	-1.849229507e-02	4.603575900e-11
-2.710000000e-02	1.847038640e+01	-1.867998321e-02	9.003693144e-12
-2.720000000e-02	1.847038718e+01	-1.886767133e-02	6.557584707e-11
-2.730000000e-02	1.847038796e+01	-1.905535944e-02	1.566177244e-11
-2.740000000e-02	1.847038875e+01	-1.924304753e-02	8.291052067e-12
-2.750000000e-02	1.847038953e+01	-1.943073561e-02	1.147474265e-11
-2.760000000e-02	1.847039032e+01	-1.961842367e-02	2.944953351e-11
-2.770000000e-02	1.847039111e+01	-1.980611172e-02	1.311314442e-11
-2.780000000e-02	1.847039191e+01	-1.999379975e-02	6.941980767e-12
-2.790000000e-02	1.847039270e+01	-2.018148776e-02	1.615370469e-11
-2.800000000e-02	1.847039350e+01	-2.036917576e-02	5.518548662e-12
-2.810000000e-02	1.847039430e+01	-2.055686375e-02	2.992314134e-11
-2.820000000e-02	1.847039510e+01	-2.074455171e-02	1.974741570e-11
-2.830000000e-02	1.847039590e+01	-2.093223967e-02	7.584080219e-12
-2.840000000e-02	1.847039670e+01	-2.111992760e-02	7.564435880e-12
-2.850000000e-02	1.847039751e+01	-2.130761552e-02	5.653064118e-12
-2.860000000e-02	1.847039832e+01	-2.149530343e-02	9.877152964e-12
-2.870000000e-02	1.847039913e+01	-2.168299132e-02	8.451620709e-12
-2.880000000e-02	1.847039994e+01	-2.187067919e-02	6.659965475e-12
-2.890000000e-02	1.847040075e+01	-2.205836704e-02	2.282103380e-11
-2.900000000e-02	1.847040157e+01	-2.224605488e-02	9.196431832e-12
-2.910000000e-02	1.847040239e+01	-2.243374270e-02	2.797719515e-11
-2.920000000e-02	1.847040320e+01	-2.262143051e-02	1.197828641e-11
-2.930000000e-02	1.847040403e+01	-2.280911830e-02	9.727672450e-12
-2.940000000e-02	1.847040485e+01	-2.299680608e-02	1.336295606e-11
-2.950000000e-02	1.847040567e+01	-2.318449383e-02	1.153868387e-11
-2.960000000e-02	1.847040650e+01	-2.337218158e-02	1.570612061e-11
-2.970000000e-02	1.847040733e+01	-2.355986930e-02	1.073154847e-11
-2.980000000e-02	1.847040816e+01	-2.374755700e-02	3.778975048e-11
-2.990000000e-02	1.847040899e+01	-2.393524470e-02	7.436562982e-12
-3.000000000e-02	1.847040983e+01	-2.412293237e-02	1.374302173e-11
-3.010000000e-02	1.847041066e+01	-2.431062003e-02	7.521120503e-12
-3.020000000e-02	1.847041150e+01	-2.449830767e-02	5.943671934e-12
-3.030000000e-02	1.847041234e+01	-2.468599529e-02	1.201968355e-11
-3.040000000e-02	1.847041319e+01	-2.487368290e-02	1.114103233e-11
-3.050000000e-02	1.847041403e+01	-2.506137048e-02	2.507340712e-11
-3.060000000e-02	1.847041488e+01	-2.524905805e-02	1.631413703e-11
-3.070000000e-02	1.847041572e+01	-2.543674561e-02	6.289794622e-12
-3.080000000e-02	1.847041657e+01	-2.562443314e-02	1.456789860e-11
-3.090000000e-02	1.847041743e+01	-2.581212066e-02	1.541802189e-11
-3.100000000e-02	1.847041828e+01	-2.599980816e-02	2.569965413e-11
-3.110000000e-02	1.847041913e+01	-2.618749565e-02	5.072634635e-11
-3.120000000e-02	1.847041999e+01	-2.637518312e-02	6.504550158e-12
-3.130000000e-02	1.847042085e+01	-2.656287057e-02	2.014815011e-11
-3.140000000e-02	1.847042171e+01	-2.675055800e-02	7.846914339e-12
-3.150000000e-02	1.847042258e+01	-2.693824541e-02	1.054163023e-11
-3.160000000e-02	1.847042344e+01	-2.712593281e-02	1.315370302e-11
-3.170000000e-02	1.847042431e+01	-2.731362019e-02	8.998215305e-12
-3.180000000e-02	1.847042518e+01	-2.750130755e-02	1.165208686e-11
-3.190000000e-02	1.847042605e+01	-2.768899489e-02	1.832059550e-11
-3.200000000e-02	1.847042692e+01	-2.787668221e-02	7.537732646e-12
-3.210000000e-02	1.847042779e+01	-2.806436952e-02	2.905322543e-11
-3.220000000e-02	1.847042867e+01	-2.825205681e-02	1.692717138e-11
-3.230000000e-02	1.847042955e+01	-2.843974408e-02	9.686191572e-12
-3.240000000e-02	1.847043043e+01	-2.862743133e-02	1.735987798e-11
-3.250000000e-02	1.847043131e+01	-2.881511856e-02	2.872762341e-11
-3.260000000e-02	1.847043220e+01	-2.900280578e-02	1.031169025e-11
-3.270000000e-02	1.847043308e+01	-2.919049298e-02	7.474491652e-12
-3.280000000e-02	1.847043397e+01	-2.937818016e-02	1.318442700e-11
-3.290000000e-02	1.847043486e+01	-2.956586732e-02	6.104131855e-12
-3.300000000e-02	1.847043575e+01	-2.975355446e-02	8.286436580e-12
-3.310000000e-02	1.847043665e+01	-2.994124158e-02	3.297363149e-11
-3.320000000e-02	1.847043754e+01	-3.012892868e-02	1.365471927e-11
-3.330000000e-02	1.847043844e+01	-3.031661577e-02	6.557909674e-12
-3.340000000e-02	1.847043934e+01	-3.050430283e-02	1.151265967e-11
-3.350000000e-02	1.847044024e+01	-3.069198988e-02	1.116151441e-11
-3.360000000e-02	1.847044114e+01	-3.087967691e-02	9.835626744e-12
-3.370000000e-02	1.847044205e+01	-3.106736392e-02	1.078330612e-11
-3.380000000e-02	1.847044295e+01	-3.125505091e-02	2.706387886e-11
-3.390000000e-02	1.847044386e+01	-3.144273788e-02	1.109699097e-11
-3.400000000e-02	1.847044477e+01	-3.163042483e-02	1.942486215e-11
-3.410000000e-02	1.847044569e+01	-3.181811177e-02	2.888221033e-11
-3.420000000e-02	1.847044660e+01	-3.200579868e-02	7.376031735e-12
-3.430000000e-02	1.847044752e+01	-3.219348558e-02	1.135217835e-11
-3.440000000e-02	1.847044844e+01	-3.238117245e-02	1.600927723e-11
-3.450000000e-02	1.847044936e+01	-3.256885931e-02	1.206841464e-11
-3.460000000e-02	1.847045028e+01	-3.275654614e-02	1.575265429e-11
-3.470000000e-02	1.847045120e+01	-3.294423296e-02	1.469238144e-11
-3.480000000e-02	1.847045213e+01	-3.313191976e-02	1.196833287e-11
-3.490000000e-02	1.847045306e+01	-3.331960653e-02	8.192899000e-12
-3.500000000e-02	1.847045399e+01	-3.350729329e-02	1.012103316e-11
-3.510000000e-02	1.847045492e+01	-3.369498003e-02	1.023850324e-11
-3.520000000e-02	1.847045585e+01	-3.388266675e-02	1.325413630e-11
-3.530000000e-02	1.847045679e+01	-3.407035344e-02	9.328181751e-12
-3.540000000e-02	1.847045772e+01	-3.425804012e-02	3.822762570e-11
-3.550000000e-02	1.847045866e+01	-3.444572678e-02	2.369385911e-11
-3.560000000e-02	1.847045960e+01	-3.463341342e-02	6.921543496e-12
-3.570000000e-02	1.847046055e+01	-3.482110003e-02	4.800218084e-11
-3.580000000e-02	1.847046149e+01	-3.500878663e-02	9.071414638e-12
-3.590000000e-02	1.847046244e+01	-3.519647321e-02	1.062863996e-11
-3.600000000e-02	1.847046339e+01	-3.538415977e-02	9.450512256e-12
-3.610000000e-02	1.847046434e+01	-3.557184630e-02	7.620632343e-12
-3.620000000e-02	1.847046529e+01	-3.575953282e-02	1.398868250e-11
-3.630000000e-02	1.847046625e+01	-3.594721931e-02	9.645009644e-12
-3.640000000e-02	1.847046720e+01	-3.613490579e-02	1.010740159e-11
-3.650000000e-02	1.847046816e+01	-3.632259224e-02	1.050472017e-11
-3.660000000e-02	1.847046912e+01	-3.651027868e-02	4.151444014e-11
-3.670000000e-02	1.847047008e+01	-3.669796509e-02	5.329200265e-12
-3.680000000e-02	1.847047105e+01	-3.688565148e-02	1.319649461e-11
-3.690000000e-02	1.847047201e+01	-3.707333785e-02	7.179114246e-12
-3.700000000e-02	1.847047298e+01	-3.726102420e-02	7.762293532e-12
-3.710000000e-02	1.847047395e+01	-3.744871053e-02	5.873087322e-12
-3.720000000e-02	1.847047492e+01	-3.763639684e-02	8.342177403e-12
-3.730000000e-02	1.847047590e+01	-3.782408313e-02	9.173931265e-12
-3.740000000e-02	1.847047687e+01	-3.801176940e-02	1.779739931e-11
-3.750000000e-02	1.847047785e+01	-3.819945564e-02	1.071862387e-11
-3.760000000e-02	1.847047883e+01	-3.838714186e-02	1.533819013e-11
-3.770000000e-02	1.847047981e+01	-3.857482807e-02	1.258150111e-11
-3.780000000e-02	1.847048079e+01	-3.876251425e-02	9.335804383e-12
-3.790000000e-02	1.847048178e+01	-3.895020041e-02	2.194787714e-11
-3.800000000e-02	1.847048276e+01	-3.913788655e-02	9.772311163e-12
-3.810000000e-02	1.847048375e+01	-3.932557266e-02	8.737396597e-12
-3.820000000e-02	1.847048474e+01	-3.951325876e-02	1.266529272e-11
-3.830000000e-02	1.847048574e+01	-3.970094483e-02	1.974029896e-11
-3.840000000e-02	1.847048673e+01	-3.988863088e-02	1.500727889e-11
-3.850000000e-02	1.847048773e+01	-4.007631691e-02	1.448053151e-11
-3.860000000e-02	1.847048873e+01	-4.026400292e-02	8.570111997e-12
-3.870000000e-02	1.847048973e+01	-4.045168891e-02	2.062426746e-11
-3.880000000e-02	1.847049073e+01	-4.063937487e-02	8.580300017e-12
-3.890000000e-02	1.847049173e+01	-4.082706082e-02	6.890211578e-12
-3.900000000e-02	1.847049274e+01	-4.101474674e-02	1.239591085e-11
-3.910000000e-02	1.847049375e+01	-4.120243264e-02	1.257307432e-11
-3.920000000e-02	1.847049476e+01	-4.139011851e-02	7.646481116e-12
-3.930000000e-02	1.847049577e+01	-4.157780437e-02	2.027398948e-11
-3.940000000e-02	1.847049678e+01	-4.176549020e-02	8.107401642e-12
-3.950000000e-02	1.847049780e+01	-4.195317601e-02	2.078650732e-11
-3.960000000e-02	1.847049881e+01	-4.214086179e-02	1.067506313e-11
-3.970000000e-02	1.847049983e+01	-4.232854756e-02	2.311480924e-11
-3.980000000e-02	1.847050085e+01	-4.251623330e-02	1.314737991e-11
-3.990000000e-02	1.847050188e+01	-4.270391902e-02	1.071640983e-11
-4.000000000e-02	1.847050290e+01	-4.289160472e-02	1.611663923e-11
