# Im(epsi1)     Re(Lambda)      Im(Lambda)      Eq(det).Opt det SIN kz, R=0.5 \mum, Re(epsi1)=3.90solve_det_sinkz_vs_mu.py
0.000000000e+00	1.406322236e+01	1.403087351e-02	1.009209554e-11
-1.000000000e-04	1.406322251e+01	1.388760820e-02	1.126546525e-11
-2.000000000e-04	1.406322267e+01	1.374434289e-02	8.464887274e-12
-3.000000000e-04	1.406322284e+01	1.360107759e-02	6.775698152e-12
-4.000000000e-04	1.406322300e+01	1.345781228e-02	9.765345487e-12
-5.000000000e-04	1.406322316e+01	1.331454698e-02	6.264333985e-11
-6.000000000e-04	1.406322333e+01	1.317128167e-02	8.817369286e-12
-7.000000000e-04	1.406322350e+01	1.302801636e-02	1.144060092e-11
-8.000000000e-04	1.406322367e+01	1.288475105e-02	3.359180666e-11
-9.000000000e-04	1.406322384e+01	1.274148575e-02	9.353559410e-12
-1.000000000e-03	1.406322401e+01	1.259822044e-02	2.220506639e-11
-1.100000000e-03	1.406322418e+01	1.245495514e-02	2.050352474e-11
-1.200000000e-03	1.406322436e+01	1.231168983e-02	8.487821954e-12
-1.300000000e-03	1.406322453e+01	1.216842453e-02	2.121163873e-11
-1.400000000e-03	1.406322471e+01	1.202515923e-02	1.529057515e-11
-1.500000000e-03	1.406322489e+01	1.188189392e-02	1.145536979e-11
-1.600000000e-03	1.406322507e+01	1.173862862e-02	4.329082704e-11
-1.700000000e-03	1.406322525e+01	1.159536332e-02	1.656065474e-11
-1.800000000e-03	1.406322543e+01	1.145209801e-02	2.002729880e-11
-1.900000000e-03	1.406322562e+01	1.130883271e-02	1.032094584e-11
-2.000000000e-03	1.406322580e+01	1.116556741e-02	1.827054748e-11
-2.100000000e-03	1.406322599e+01	1.102230211e-02	1.957484179e-11
-2.200000000e-03	1.406322618e+01	1.087903681e-02	6.035833721e-12
-2.300000000e-03	1.406322637e+01	1.073577152e-02	6.704926486e-12
-2.400000000e-03	1.406322656e+01	1.059250622e-02	1.899635781e-11
-2.500000000e-03	1.406322676e+01	1.044924092e-02	9.391228731e-12
-2.600000000e-03	1.406322695e+01	1.030597563e-02	1.143856480e-11
-2.700000000e-03	1.406322715e+01	1.016271033e-02	8.436174489e-12
-2.800000000e-03	1.406322735e+01	1.001944504e-02	1.373514710e-11
-2.900000000e-03	1.406322755e+01	9.876179750e-03	1.753542612e-11
-3.000000000e-03	1.406322775e+01	9.732914458e-03	2.151410986e-11
-3.100000000e-03	1.406322795e+01	9.589649170e-03	1.453115055e-11
-3.200000000e-03	1.406322815e+01	9.446383880e-03	1.670001212e-11
-3.300000000e-03	1.406322836e+01	9.303118594e-03	1.183141042e-11
-3.400000000e-03	1.406322857e+01	9.159853310e-03	2.393030159e-11
-3.500000000e-03	1.406322877e+01	9.016588025e-03	1.877462752e-11
-3.600000000e-03	1.406322898e+01	8.873322741e-03	1.991815557e-11
-3.700000000e-03	1.406322919e+01	8.730057462e-03	2.675736766e-11
-3.800000000e-03	1.406322941e+01	8.586792183e-03	1.894069147e-11
-3.900000000e-03	1.406322962e+01	8.443526903e-03	6.723713025e-12
-4.000000000e-03	1.406322984e+01	8.300261627e-03	7.106421698e-12
-4.100000000e-03	1.406323005e+01	8.156996351e-03	7.169179354e-11
-4.200000000e-03	1.406323027e+01	8.013731079e-03	9.710753940e-12
-4.300000000e-03	1.406323049e+01	7.870465807e-03	1.533916529e-11
-4.400000000e-03	1.406323071e+01	7.727200537e-03	1.275496760e-11
-4.500000000e-03	1.406323093e+01	7.583935270e-03	7.278113614e-12
-4.600000000e-03	1.406323116e+01	7.440670004e-03	8.503668326e-12
-4.700000000e-03	1.406323138e+01	7.297404739e-03	2.375133582e-11
-4.800000000e-03	1.406323161e+01	7.154139478e-03	1.894934859e-11
-4.900000000e-03	1.406323184e+01	7.010874218e-03	1.604622944e-11
-5.000000000e-03	1.406323207e+01	6.867608961e-03	2.267802842e-11
-5.100000000e-03	1.406323230e+01	6.724343706e-03	2.499361381e-11
-5.200000000e-03	1.406323253e+01	6.581078451e-03	6.995344932e-12
-5.300000000e-03	1.406323277e+01	6.437813200e-03	1.674671766e-11
-5.400000000e-03	1.406323300e+01	6.294547951e-03	1.068746334e-11
-5.500000000e-03	1.406323324e+01	6.151282705e-03	2.077604891e-11
-5.600000000e-03	1.406323348e+01	6.008017461e-03	4.605590158e-11
-5.700000000e-03	1.406323372e+01	5.864752216e-03	3.257847429e-11
-5.800000000e-03	1.406323396e+01	5.721486977e-03	7.024624885e-12
-5.900000000e-03	1.406323420e+01	5.578221740e-03	6.656948995e-12
-6.000000000e-03	1.406323445e+01	5.434956502e-03	4.153352202e-11
-6.100000000e-03	1.406323470e+01	5.291691272e-03	1.166803577e-11
-6.200000000e-03	1.406323494e+01	5.148426043e-03	1.569742987e-11
-6.300000000e-03	1.406323519e+01	5.005160813e-03	2.977853670e-11
-6.400000000e-03	1.406323544e+01	4.861895590e-03	1.819135927e-11
-6.500000000e-03	1.406323569e+01	4.718630369e-03	1.316268887e-11
-6.600000000e-03	1.406323595e+01	4.575365149e-03	2.141934298e-11
-6.700000000e-03	1.406323620e+01	4.432099935e-03	1.414027309e-11
-6.800000000e-03	1.406323646e+01	4.288834719e-03	1.922621362e-11
-6.900000000e-03	1.406323672e+01	4.145569513e-03	5.205905163e-11
-7.000000000e-03	1.406323697e+01	4.002304303e-03	1.114274761e-11
-7.100000000e-03	1.406323723e+01	3.859039098e-03	8.110125551e-12
-7.200000000e-03	1.406323750e+01	3.715773897e-03	7.960308669e-12
-7.300000000e-03	1.406323776e+01	3.572508698e-03	1.193607850e-11
-7.400000000e-03	1.406323803e+01	3.429243503e-03	1.679748246e-11
-7.500000000e-03	1.406323829e+01	3.285978312e-03	1.659929126e-11
-7.600000000e-03	1.406323856e+01	3.142713121e-03	1.767149337e-11
-7.700000000e-03	1.406323883e+01	2.999447935e-03	9.619704477e-12
-7.800000000e-03	1.406323910e+01	2.856182754e-03	3.303208673e-11
-7.900000000e-03	1.406323937e+01	2.712917576e-03	1.809238895e-11
-8.000000000e-03	1.406323964e+01	2.569652397e-03	3.317314906e-11
-8.100000000e-03	1.406323992e+01	2.426387226e-03	9.007587676e-12
-8.200000000e-03	1.406324020e+01	2.283122057e-03	1.524495750e-11
-8.300000000e-03	1.406324047e+01	2.139856892e-03	1.056045733e-11
-8.400000000e-03	1.406324075e+01	1.996591732e-03	1.784261676e-11
-8.500000000e-03	1.406324103e+01	1.853326574e-03	2.423960786e-11
-8.600000000e-03	1.406324132e+01	1.710061417e-03	5.069597333e-11
-8.700000000e-03	1.406324160e+01	1.566796268e-03	5.891014910e-12
-8.800000000e-03	1.406324189e+01	1.423531121e-03	1.126487711e-11
-8.900000000e-03	1.406324217e+01	1.280265977e-03	7.756032382e-12
-9.000000000e-03	1.406324246e+01	1.137000839e-03	1.451367750e-11
-9.100000000e-03	1.406324275e+01	9.937357012e-04	4.240128019e-11
-9.200000000e-03	1.406324304e+01	8.504705701e-04	7.410592891e-12
-9.300000000e-03	1.406324333e+01	7.072054435e-04	1.784742779e-11
-9.400000000e-03	1.406324363e+01	5.639403181e-04	1.679137872e-11
-9.500000000e-03	1.406324392e+01	4.206752000e-04	1.132038172e-11
-9.600000000e-03	1.406324422e+01	2.774100861e-04	3.190463674e-11
-9.700000000e-03	1.406324452e+01	1.341449720e-04	1.196553311e-11
-9.800000000e-03	1.406324482e+01	-9.120134144e-06	9.572254484e-12
-9.900000000e-03	1.406324512e+01	-1.523852380e-04	5.904516450e-12
-1.000000000e-02	1.406324542e+01	-2.956503373e-04	1.377840367e-11
-1.010000000e-02	1.406324573e+01	-4.389154313e-04	1.764813665e-11
-1.020000000e-02	1.406324603e+01	-5.821805204e-04	3.188802406e-11
-1.030000000e-02	1.406324634e+01	-7.254456063e-04	4.457825887e-12
-1.040000000e-02	1.406324665e+01	-8.687106878e-04	5.822609899e-12
-1.050000000e-02	1.406324696e+01	-1.011975765e-03	1.452400626e-11
-1.060000000e-02	1.406324727e+01	-1.155240835e-03	2.240993117e-11
-1.070000000e-02	1.406324758e+01	-1.298505905e-03	8.919715727e-12
-1.080000000e-02	1.406324790e+01	-1.441770968e-03	9.759554790e-12
-1.090000000e-02	1.406324821e+01	-1.585036026e-03	7.957535022e-12
-1.100000000e-02	1.406324853e+01	-1.728301083e-03	5.019280458e-11
-1.110000000e-02	1.406324885e+01	-1.871566128e-03	1.044596921e-11
-1.120000000e-02	1.406324917e+01	-2.014831172e-03	3.774980682e-11
-1.130000000e-02	1.406324949e+01	-2.158096211e-03	1.339667221e-11
-1.140000000e-02	1.406324981e+01	-2.301361246e-03	1.481710809e-11
-1.150000000e-02	1.406325014e+01	-2.444626275e-03	1.149679308e-11
-1.160000000e-02	1.406325046e+01	-2.587891300e-03	1.316099030e-11
-1.170000000e-02	1.406325079e+01	-2.731156320e-03	1.654449791e-11
-1.180000000e-02	1.406325112e+01	-2.874421334e-03	9.589885080e-12
-1.190000000e-02	1.406325145e+01	-3.017686342e-03	1.120093768e-11
-1.200000000e-02	1.406325178e+01	-3.160951347e-03	6.953785339e-12
-1.210000000e-02	1.406325212e+01	-3.304216345e-03	2.034989854e-11
-1.220000000e-02	1.406325245e+01	-3.447481339e-03	1.743726678e-11
-1.230000000e-02	1.406325279e+01	-3.590746328e-03	6.970441868e-12
-1.240000000e-02	1.406325312e+01	-3.734011310e-03	2.322331601e-11
-1.250000000e-02	1.406325346e+01	-3.877276288e-03	7.124613670e-12
-1.260000000e-02	1.406325380e+01	-4.020541260e-03	1.816257614e-11
-1.270000000e-02	1.406325415e+01	-4.163806228e-03	2.064867217e-11
-1.280000000e-02	1.406325449e+01	-4.307071191e-03	2.899493781e-11
-1.290000000e-02	1.406325483e+01	-4.450336145e-03	1.470383476e-11
-1.300000000e-02	1.406325518e+01	-4.593601094e-03	2.493612509e-11
-1.310000000e-02	1.406325553e+01	-4.736866039e-03	1.193441005e-11
-1.320000000e-02	1.406325588e+01	-4.880130978e-03	1.573500537e-11
-1.330000000e-02	1.406325623e+01	-5.023395911e-03	7.482192346e-12
-1.340000000e-02	1.406325658e+01	-5.166660839e-03	7.031805985e-12
-1.350000000e-02	1.406325693e+01	-5.309925760e-03	5.649458502e-12
-1.360000000e-02	1.406325729e+01	-5.453190677e-03	2.293394233e-11
-1.370000000e-02	1.406325765e+01	-5.596455584e-03	2.767908922e-11
-1.380000000e-02	1.406325800e+01	-5.739720490e-03	7.224017512e-12
-1.390000000e-02	1.406325836e+01	-5.882985389e-03	1.808821709e-11
-1.400000000e-02	1.406325872e+01	-6.026250278e-03	1.473796179e-11
-1.410000000e-02	1.406325909e+01	-6.169515164e-03	6.697906314e-12
-1.420000000e-02	1.406325945e+01	-6.312780044e-03	1.003325656e-11
-1.430000000e-02	1.406325982e+01	-6.456044917e-03	1.544488125e-11
-1.440000000e-02	1.406326018e+01	-6.599309784e-03	1.075522270e-11
-1.450000000e-02	1.406326055e+01	-6.742574646e-03	7.765302069e-12
-1.460000000e-02	1.406326092e+01	-6.885839501e-03	1.138819965e-11
-1.470000000e-02	1.406326129e+01	-7.029104350e-03	2.323059262e-11
-1.480000000e-02	1.406326166e+01	-7.172369191e-03	5.312107160e-12
-1.490000000e-02	1.406326204e+01	-7.315634028e-03	2.622944864e-11
-1.500000000e-02	1.406326241e+01	-7.458898858e-03	3.659586562e-11
-1.510000000e-02	1.406326279e+01	-7.602163677e-03	8.927709656e-12
-1.520000000e-02	1.406326317e+01	-7.745428494e-03	1.209034798e-11
-1.530000000e-02	1.406326355e+01	-7.888693302e-03	1.412613087e-11
-1.540000000e-02	1.406326393e+01	-8.031958102e-03	5.023252861e-11
-1.550000000e-02	1.406326431e+01	-8.175222900e-03	2.157512690e-11
-1.560000000e-02	1.406326470e+01	-8.318487692e-03	1.763291465e-11
-1.570000000e-02	1.406326508e+01	-8.461752472e-03	1.046638337e-11
-1.580000000e-02	1.406326547e+01	-8.605017249e-03	1.082221807e-11
-1.590000000e-02	1.406326586e+01	-8.748282016e-03	1.237523184e-11
-1.600000000e-02	1.406326625e+01	-8.891546778e-03	1.574338483e-11
-1.610000000e-02	1.406326664e+01	-9.034811533e-03	2.768195752e-11
-1.620000000e-02	1.406326703e+01	-9.178076282e-03	1.542155616e-11
-1.630000000e-02	1.406326743e+01	-9.321341023e-03	1.005344512e-11
-1.640000000e-02	1.406326782e+01	-9.464605757e-03	5.708804951e-11
-1.650000000e-02	1.406326822e+01	-9.607870482e-03	3.929812264e-12
-1.660000000e-02	1.406326862e+01	-9.751135202e-03	1.201220896e-11
-1.670000000e-02	1.406326902e+01	-9.894399914e-03	1.270766800e-11
-1.680000000e-02	1.406326942e+01	-1.003766462e-02	2.617900420e-11
-1.690000000e-02	1.406326983e+01	-1.018092932e-02	1.476120041e-11
-1.700000000e-02	1.406327023e+01	-1.032419401e-02	1.389196868e-11
-1.710000000e-02	1.406327064e+01	-1.046745869e-02	1.951800660e-11
-1.720000000e-02	1.406327104e+01	-1.061072336e-02	7.407651041e-12
-1.730000000e-02	1.406327145e+01	-1.075398803e-02	6.412115296e-12
-1.740000000e-02	1.406327186e+01	-1.089725269e-02	8.462426162e-12
-1.750000000e-02	1.406327227e+01	-1.104051734e-02	4.930209857e-11
-1.760000000e-02	1.406327269e+01	-1.118378199e-02	7.020238880e-12
-1.770000000e-02	1.406327310e+01	-1.132704663e-02	9.541381345e-12
-1.780000000e-02	1.406327352e+01	-1.147031126e-02	1.269263760e-11
-1.790000000e-02	1.406327394e+01	-1.161357588e-02	1.253716246e-11
-1.800000000e-02	1.406327436e+01	-1.175684049e-02	8.705687421e-12
-1.810000000e-02	1.406327478e+01	-1.190010510e-02	7.118847221e-12
-1.820000000e-02	1.406327520e+01	-1.204336970e-02	8.756067684e-12
-1.830000000e-02	1.406327562e+01	-1.218663429e-02	1.727701574e-11
-1.840000000e-02	1.406327605e+01	-1.232989887e-02	2.926402660e-11
-1.850000000e-02	1.406327647e+01	-1.247316345e-02	3.247351030e-11
-1.860000000e-02	1.406327690e+01	-1.261642801e-02	1.880459136e-11
-1.870000000e-02	1.406327733e+01	-1.275969257e-02	9.244181516e-12
-1.880000000e-02	1.406327776e+01	-1.290295712e-02	3.163084707e-11
-1.890000000e-02	1.406327819e+01	-1.304622166e-02	1.633736203e-11
-1.900000000e-02	1.406327863e+01	-1.318948619e-02	1.182650319e-11
-1.910000000e-02	1.406327906e+01	-1.333275072e-02	4.382893406e-11
-1.920000000e-02	1.406327950e+01	-1.347601524e-02	7.178164631e-12
-1.930000000e-02	1.406327994e+01	-1.361927975e-02	3.350066682e-11
-1.940000000e-02	1.406328038e+01	-1.376254424e-02	1.887339333e-11
-1.950000000e-02	1.406328082e+01	-1.390580874e-02	1.886802227e-11
-1.960000000e-02	1.406328126e+01	-1.404907322e-02	1.082370327e-11
-1.970000000e-02	1.406328170e+01	-1.419233770e-02	1.140961963e-11
-1.980000000e-02	1.406328215e+01	-1.433560216e-02	1.097784269e-11
-1.990000000e-02	1.406328260e+01	-1.447886662e-02	4.965760995e-11
-2.000000000e-02	1.406328304e+01	-1.462213107e-02	1.586117251e-11
-2.010000000e-02	1.406328349e+01	-1.476539551e-02	2.782639459e-11
-2.020000000e-02	1.406328395e+01	-1.490865994e-02	8.678120875e-12
-2.030000000e-02	1.406328440e+01	-1.505192436e-02	7.762301154e-12
-2.040000000e-02	1.406328485e+01	-1.519518877e-02	2.191564368e-11
-2.050000000e-02	1.406328531e+01	-1.533845318e-02	1.508964254e-11
-2.060000000e-02	1.406328576e+01	-1.548171757e-02	3.342487888e-11
-2.070000000e-02	1.406328622e+01	-1.562498196e-02	6.196914463e-12
-2.080000000e-02	1.406328668e+01	-1.576824634e-02	6.582112388e-12
-2.090000000e-02	1.406328714e+01	-1.591151071e-02	1.679619643e-11
-2.100000000e-02	1.406328761e+01	-1.605477506e-02	1.320614524e-11
-2.110000000e-02	1.406328807e+01	-1.619803941e-02	9.157461185e-12
-2.120000000e-02	1.406328854e+01	-1.634130376e-02	4.279103943e-11
-2.130000000e-02	1.406328900e+01	-1.648456809e-02	1.181881935e-11
-2.140000000e-02	1.406328947e+01	-1.662783241e-02	2.085806287e-11
-2.150000000e-02	1.406328994e+01	-1.677109672e-02	1.788443697e-11
-2.160000000e-02	1.406329041e+01	-1.691436103e-02	1.013765059e-11
-2.170000000e-02	1.406329089e+01	-1.705762532e-02	4.668730748e-11
-2.180000000e-02	1.406329136e+01	-1.720088961e-02	1.971630483e-11
-2.190000000e-02	1.406329184e+01	-1.734415388e-02	1.676107410e-11
-2.200000000e-02	1.406329232e+01	-1.748741815e-02	2.053572398e-11
-2.210000000e-02	1.406329279e+01	-1.763068240e-02	1.229112997e-11
-2.220000000e-02	1.406329327e+01	-1.777394665e-02	3.726413906e-11
-2.230000000e-02	1.406329376e+01	-1.791721088e-02	1.378779430e-11
-2.240000000e-02	1.406329424e+01	-1.806047511e-02	7.408861391e-12
-2.250000000e-02	1.406329472e+01	-1.820373933e-02	1.045458978e-11
-2.260000000e-02	1.406329521e+01	-1.834700354e-02	1.066980003e-11
-2.270000000e-02	1.406329570e+01	-1.849026773e-02	1.206640538e-11
-2.280000000e-02	1.406329619e+01	-1.863353192e-02	7.969874917e-12
-2.290000000e-02	1.406329668e+01	-1.877679610e-02	1.173885960e-11
-2.300000000e-02	1.406329717e+01	-1.892006027e-02	1.752374771e-11
-2.310000000e-02	1.406329766e+01	-1.906332442e-02	3.767451746e-11
-2.320000000e-02	1.406329816e+01	-1.920658857e-02	7.817542771e-12
-2.330000000e-02	1.406329865e+01	-1.934985271e-02	1.934120806e-11
-2.340000000e-02	1.406329915e+01	-1.949311683e-02	1.046738356e-11
-2.350000000e-02	1.406329965e+01	-1.963638095e-02	1.763250025e-11
-2.360000000e-02	1.406330015e+01	-1.977964506e-02	1.365950151e-11
-2.370000000e-02	1.406330065e+01	-1.992290915e-02	9.383691407e-12
-2.380000000e-02	1.406330116e+01	-2.006617324e-02	6.934554940e-12
-2.390000000e-02	1.406330166e+01	-2.020943731e-02	7.884976402e-12
-2.400000000e-02	1.406330217e+01	-2.035270138e-02	1.189486435e-11
-2.410000000e-02	1.406330268e+01	-2.049596543e-02	1.133393011e-11
-2.420000000e-02	1.406330319e+01	-2.063922948e-02	1.819589411e-11
-2.430000000e-02	1.406330370e+01	-2.078249351e-02	1.344127566e-11
-2.440000000e-02	1.406330421e+01	-2.092575753e-02	1.870059824e-11
-2.450000000e-02	1.406330472e+01	-2.106902154e-02	1.162093676e-11
-2.460000000e-02	1.406330524e+01	-2.121228555e-02	1.618263072e-11
-2.470000000e-02	1.406330575e+01	-2.135554954e-02	1.075309753e-11
-2.480000000e-02	1.406330627e+01	-2.149881352e-02	1.904972363e-11
-2.490000000e-02	1.406330679e+01	-2.164207749e-02	2.264713449e-11
-2.500000000e-02	1.406330731e+01	-2.178534144e-02	1.792834058e-11
-2.510000000e-02	1.406330784e+01	-2.192860539e-02	1.021685114e-11
-2.520000000e-02	1.406330836e+01	-2.207186932e-02	6.211365144e-12
-2.530000000e-02	1.406330888e+01	-2.221513325e-02	7.718059829e-12
-2.540000000e-02	1.406330941e+01	-2.235839716e-02	1.904335784e-11
-2.550000000e-02	1.406330994e+01	-2.250166107e-02	1.889854554e-11
-2.560000000e-02	1.406331047e+01	-2.264492495e-02	5.993901064e-11
-2.570000000e-02	1.406331100e+01	-2.278818884e-02	7.674467262e-12
-2.580000000e-02	1.406331153e+01	-2.293145271e-02	6.059161398e-12
-2.590000000e-02	1.406331207e+01	-2.307471656e-02	1.978877664e-11
-2.600000000e-02	1.406331260e+01	-2.321798041e-02	4.176257628e-11
-2.610000000e-02	1.406331314e+01	-2.336124425e-02	2.118284938e-11
-2.620000000e-02	1.406331368e+01	-2.350450807e-02	1.548662017e-11
-2.630000000e-02	1.406331422e+01	-2.364777188e-02	1.116999852e-11
-2.640000000e-02	1.406331476e+01	-2.379103568e-02	2.596817876e-11
-2.650000000e-02	1.406331530e+01	-2.393429947e-02	1.435431088e-11
-2.660000000e-02	1.406331585e+01	-2.407756325e-02	2.356786610e-11
-2.670000000e-02	1.406331639e+01	-2.422082701e-02	3.743668899e-11
-2.680000000e-02	1.406331694e+01	-2.436409077e-02	6.880226073e-12
-2.690000000e-02	1.406331749e+01	-2.450735451e-02	1.506822010e-11
-2.700000000e-02	1.406331804e+01	-2.465061824e-02	9.597380252e-12
-2.710000000e-02	1.406331859e+01	-2.479388196e-02	1.085235786e-11
-2.720000000e-02	1.406331914e+01	-2.493714566e-02	1.604635179e-11
-2.730000000e-02	1.406331970e+01	-2.508040936e-02	1.104650286e-11
-2.740000000e-02	1.406332025e+01	-2.522367304e-02	7.846181029e-12
-2.750000000e-02	1.406332081e+01	-2.536693671e-02	1.231627731e-11
-2.760000000e-02	1.406332137e+01	-2.551020037e-02	1.117848600e-11
-2.770000000e-02	1.406332193e+01	-2.565346402e-02	3.292996535e-11
-2.780000000e-02	1.406332249e+01	-2.579672765e-02	8.653521944e-12
-2.790000000e-02	1.406332306e+01	-2.593999128e-02	9.334616101e-12
-2.800000000e-02	1.406332362e+01	-2.608325489e-02	1.150263148e-11
-2.810000000e-02	1.406332419e+01	-2.622651848e-02	1.459030046e-11
-2.820000000e-02	1.406332475e+01	-2.636978207e-02	8.652588944e-12
-2.830000000e-02	1.406332532e+01	-2.651304564e-02	7.543872958e-12
-2.840000000e-02	1.406332589e+01	-2.665630920e-02	8.510849768e-12
-2.850000000e-02	1.406332647e+01	-2.679957275e-02	8.415372661e-12
-2.860000000e-02	1.406332704e+01	-2.694283629e-02	1.026917255e-11
-2.870000000e-02	1.406332761e+01	-2.708609981e-02	1.281642583e-11
-2.880000000e-02	1.406332819e+01	-2.722936332e-02	1.150327163e-11
-2.890000000e-02	1.406332877e+01	-2.737262682e-02	2.134543946e-11
-2.900000000e-02	1.406332935e+01	-2.751589030e-02	5.442759168e-12
-2.910000000e-02	1.406332993e+01	-2.765915378e-02	9.705380218e-12
-2.920000000e-02	1.406333051e+01	-2.780241724e-02	6.612610218e-11
-2.930000000e-02	1.406333109e+01	-2.794568068e-02	1.494500000e-11
-2.940000000e-02	1.406333168e+01	-2.808894412e-02	1.481508740e-11
-2.950000000e-02	1.406333227e+01	-2.823220754e-02	9.759060533e-12
-2.960000000e-02	1.406333285e+01	-2.837547095e-02	1.117732303e-11
-2.970000000e-02	1.406333344e+01	-2.851873434e-02	5.880475316e-12
-2.980000000e-02	1.406333403e+01	-2.866199772e-02	8.938546169e-12
-2.990000000e-02	1.406333463e+01	-2.880526109e-02	4.940083042e-12
-3.000000000e-02	1.406333522e+01	-2.894852445e-02	1.705442376e-11
-3.010000000e-02	1.406333582e+01	-2.909178779e-02	7.727825196e-12
-3.020000000e-02	1.406333641e+01	-2.923505112e-02	9.017115566e-12
-3.030000000e-02	1.406333701e+01	-2.937831444e-02	1.514040596e-11
-3.040000000e-02	1.406333761e+01	-2.952157774e-02	1.033775843e-11
-3.050000000e-02	1.406333821e+01	-2.966484103e-02	7.446170953e-12
-3.060000000e-02	1.406333881e+01	-2.980810431e-02	4.214898543e-11
-3.070000000e-02	1.406333942e+01	-2.995136757e-02	1.190711038e-11
-3.080000000e-02	1.406334002e+01	-3.009463082e-02	2.778509715e-11
-3.090000000e-02	1.406334063e+01	-3.023789406e-02	1.078238733e-11
-3.100000000e-02	1.406334124e+01	-3.038115728e-02	8.981569010e-12
-3.110000000e-02	1.406334185e+01	-3.052442049e-02	1.079286115e-11
-3.120000000e-02	1.406334246e+01	-3.066768369e-02	2.618222337e-11
-3.130000000e-02	1.406334307e+01	-3.081094687e-02	7.149109838e-11
-3.140000000e-02	1.406334369e+01	-3.095421004e-02	9.457545521e-12
-3.150000000e-02	1.406334430e+01	-3.109747319e-02	3.492050144e-11
-3.160000000e-02	1.406334492e+01	-3.124073633e-02	7.810588011e-12
-3.170000000e-02	1.406334554e+01	-3.138399946e-02	9.633167909e-12
-3.180000000e-02	1.406334616e+01	-3.152726257e-02	1.068319626e-11
-3.190000000e-02	1.406334678e+01	-3.167052567e-02	7.875069219e-12
-3.200000000e-02	1.406334740e+01	-3.181378876e-02	7.658093667e-11
-3.210000000e-02	1.406334803e+01	-3.195705182e-02	6.800076406e-12
-3.220000000e-02	1.406334865e+01	-3.210031488e-02	1.473396480e-11
-3.230000000e-02	1.406334928e+01	-3.224357792e-02	1.743963457e-11
-3.240000000e-02	1.406334991e+01	-3.238684095e-02	2.619115366e-11
-3.250000000e-02	1.406335054e+01	-3.253010397e-02	1.315225352e-11
-3.260000000e-02	1.406335117e+01	-3.267336697e-02	7.196789862e-11
-3.270000000e-02	1.406335180e+01	-3.281662995e-02	6.062830804e-12
-3.280000000e-02	1.406335244e+01	-3.295989292e-02	1.638428082e-11
-3.290000000e-02	1.406335307e+01	-3.310315588e-02	2.737689174e-11
-3.300000000e-02	1.406335371e+01	-3.324641882e-02	1.026414398e-11
-3.310000000e-02	1.406335435e+01	-3.338968175e-02	9.088037592e-12
-3.320000000e-02	1.406335499e+01	-3.353294466e-02	2.041438451e-11
-3.330000000e-02	1.406335563e+01	-3.367620756e-02	1.640287271e-11
-3.340000000e-02	1.406335628e+01	-3.381947045e-02	1.777031492e-11
-3.350000000e-02	1.406335692e+01	-3.396273331e-02	1.948794030e-11
-3.360000000e-02	1.406335757e+01	-3.410599617e-02	9.058472441e-12
-3.370000000e-02	1.406335821e+01	-3.424925901e-02	1.119848926e-11
-3.380000000e-02	1.406335886e+01	-3.439252184e-02	1.460580995e-11
-3.390000000e-02	1.406335951e+01	-3.453578464e-02	7.004553224e-12
-3.400000000e-02	1.406336017e+01	-3.467904744e-02	1.338791434e-11
-3.410000000e-02	1.406336082e+01	-3.482231022e-02	6.350807457e-11
-3.420000000e-02	1.406336147e+01	-3.496557299e-02	2.335960224e-11
-3.430000000e-02	1.406336213e+01	-3.510883574e-02	1.413253281e-11
-3.440000000e-02	1.406336279e+01	-3.525209847e-02	1.794495620e-11
-3.450000000e-02	1.406336345e+01	-3.539536119e-02	1.538658875e-11
-3.460000000e-02	1.406336411e+01	-3.553862390e-02	1.085943055e-11
-3.470000000e-02	1.406336477e+01	-3.568188659e-02	2.517232256e-11
-3.480000000e-02	1.406336543e+01	-3.582514926e-02	8.278182626e-12
-3.490000000e-02	1.406336610e+01	-3.596841192e-02	5.568091233e-11
-3.500000000e-02	1.406336677e+01	-3.611167457e-02	3.884808601e-11
-3.510000000e-02	1.406336743e+01	-3.625493720e-02	9.976818257e-12
-3.520000000e-02	1.406336810e+01	-3.639819981e-02	1.235933721e-11
-3.530000000e-02	1.406336877e+01	-3.654146241e-02	5.657714381e-12
-3.540000000e-02	1.406336945e+01	-3.668472499e-02	8.301979539e-12
-3.550000000e-02	1.406337012e+01	-3.682798756e-02	3.325697981e-11
-3.560000000e-02	1.406337080e+01	-3.697125011e-02	7.669679595e-12
-3.570000000e-02	1.406337147e+01	-3.711451264e-02	2.550766338e-11
-3.580000000e-02	1.406337215e+01	-3.725777516e-02	1.172820431e-11
-3.590000000e-02	1.406337283e+01	-3.740103767e-02	2.912495953e-11
-3.600000000e-02	1.406337351e+01	-3.754430016e-02	8.708810847e-12
-3.610000000e-02	1.406337419e+01	-3.768756263e-02	1.625106188e-11
-3.620000000e-02	1.406337488e+01	-3.783082508e-02	2.676603852e-11
-3.630000000e-02	1.406337556e+01	-3.797408753e-02	3.995773399e-11
-3.640000000e-02	1.406337625e+01	-3.811734995e-02	2.048772450e-11
-3.650000000e-02	1.406337694e+01	-3.826061236e-02	7.491639659e-12
-3.660000000e-02	1.406337763e+01	-3.840387476e-02	4.028456756e-11
-3.670000000e-02	1.406337832e+01	-3.854713713e-02	1.139220000e-11
-3.680000000e-02	1.406337901e+01	-3.869039949e-02	8.420956292e-11
-3.690000000e-02	1.406337971e+01	-3.883366183e-02	4.638744178e-11
-3.700000000e-02	1.406338040e+01	-3.897692416e-02	1.090673740e-11
-3.710000000e-02	1.406338110e+01	-3.912018648e-02	1.234279232e-11
-3.720000000e-02	1.406338180e+01	-3.926344877e-02	5.747732866e-12
-3.730000000e-02	1.406338250e+01	-3.940671105e-02	1.073016918e-11
-3.740000000e-02	1.406338320e+01	-3.954997331e-02	4.145142387e-11
-3.750000000e-02	1.406338390e+01	-3.969323556e-02	1.347320892e-11
-3.760000000e-02	1.406338461e+01	-3.983649779e-02	1.161959695e-11
-3.770000000e-02	1.406338531e+01	-3.997976001e-02	1.860551560e-11
-3.780000000e-02	1.406338602e+01	-4.012302220e-02	2.964211214e-11
-3.790000000e-02	1.406338673e+01	-4.026628438e-02	2.824577331e-11
-3.800000000e-02	1.406338744e+01	-4.040954655e-02	1.515577251e-11
-3.810000000e-02	1.406338815e+01	-4.055280870e-02	3.181722782e-11
-3.820000000e-02	1.406338886e+01	-4.069607082e-02	2.398420481e-11
-3.830000000e-02	1.406338958e+01	-4.083933294e-02	1.894621872e-11
-3.840000000e-02	1.406339029e+01	-4.098259504e-02	1.662011556e-11
-3.850000000e-02	1.406339101e+01	-4.112585712e-02	1.318544136e-11
-3.860000000e-02	1.406339173e+01	-4.126911918e-02	1.988834761e-11
-3.870000000e-02	1.406339245e+01	-4.141238122e-02	8.461241726e-12
-3.880000000e-02	1.406339317e+01	-4.155564325e-02	1.336882665e-11
-3.890000000e-02	1.406339390e+01	-4.169890527e-02	1.200714001e-11
-3.900000000e-02	1.406339462e+01	-4.184216726e-02	1.501913405e-11
-3.910000000e-02	1.406339535e+01	-4.198542924e-02	1.224760414e-11
-3.920000000e-02	1.406339608e+01	-4.212869120e-02	8.644182233e-12
-3.930000000e-02	1.406339680e+01	-4.227195314e-02	1.203716677e-11
-3.940000000e-02	1.406339754e+01	-4.241521507e-02	1.257949820e-11
-3.950000000e-02	1.406339827e+01	-4.255847698e-02	2.174821754e-11
-3.960000000e-02	1.406339900e+01	-4.270173887e-02	9.543263494e-12
-3.970000000e-02	1.406339974e+01	-4.284500074e-02	1.019549251e-11
-3.980000000e-02	1.406340047e+01	-4.298826260e-02	4.396603294e-11
-3.990000000e-02	1.406340121e+01	-4.313152444e-02	4.027633444e-11
-4.000000000e-02	1.406340195e+01	-4.327478626e-02	2.150994570e-11
