# Im(epsi1)     Re(Lambda)      Im(Lambda)      Eq(det).Opt det SIN kz, R=0.5 \mum, Re(epsi1)=3.90solve_det_sinkz_vs_mu.py
0.000000000e+00	1.860586471e+01	3.294410942e-02	1.131711151e-11
-1.000000000e-04	1.860586498e+01	3.275505629e-02	2.796545320e-11
-2.000000000e-04	1.860586525e+01	3.256600314e-02	1.892589950e-11
-3.000000000e-04	1.860586553e+01	3.237695000e-02	9.121716670e-12
-4.000000000e-04	1.860586580e+01	3.218789686e-02	6.078646672e-12
-5.000000000e-04	1.860586608e+01	3.199884372e-02	2.728146672e-11
-6.000000000e-04	1.860586636e+01	3.180979058e-02	1.439119298e-11
-7.000000000e-04	1.860586664e+01	3.162073744e-02	7.953241071e-12
-8.000000000e-04	1.860586692e+01	3.143168429e-02	1.136733693e-11
-9.000000000e-04	1.860586720e+01	3.124263115e-02	1.365932245e-11
-1.000000000e-03	1.860586749e+01	3.105357801e-02	2.869590205e-11
-1.100000000e-03	1.860586778e+01	3.086452487e-02	1.546796801e-11
-1.200000000e-03	1.860586807e+01	3.067547173e-02	1.046598844e-11
-1.300000000e-03	1.860586836e+01	3.048641859e-02	2.182770263e-11
-1.400000000e-03	1.860586865e+01	3.029736545e-02	2.319278040e-11
-1.500000000e-03	1.860586895e+01	3.010831230e-02	8.347279715e-12
-1.600000000e-03	1.860586924e+01	2.991925916e-02	2.140145990e-11
-1.700000000e-03	1.860586954e+01	2.973020603e-02	1.274306718e-11
-1.800000000e-03	1.860586985e+01	2.954115288e-02	1.040507351e-11
-1.900000000e-03	1.860587015e+01	2.935209975e-02	1.078203332e-11
-2.000000000e-03	1.860587045e+01	2.916304661e-02	1.129996324e-11
-2.100000000e-03	1.860587076e+01	2.897399347e-02	8.300970445e-12
-2.200000000e-03	1.860587107e+01	2.878494033e-02	1.103308978e-11
-2.300000000e-03	1.860587138e+01	2.859588720e-02	1.181120873e-11
-2.400000000e-03	1.860587169e+01	2.840683406e-02	1.568463215e-11
-2.500000000e-03	1.860587201e+01	2.821778093e-02	5.034880126e-12
-2.600000000e-03	1.860587233e+01	2.802872780e-02	2.703328162e-11
-2.700000000e-03	1.860587265e+01	2.783967466e-02	1.344448831e-11
-2.800000000e-03	1.860587297e+01	2.765062153e-02	1.808465139e-11
-2.900000000e-03	1.860587329e+01	2.746156841e-02	5.463961142e-11
-3.000000000e-03	1.860587361e+01	2.727251528e-02	5.317944554e-12
-3.100000000e-03	1.860587394e+01	2.708346215e-02	6.732422471e-12
-3.200000000e-03	1.860587427e+01	2.689440902e-02	1.286320821e-11
-3.300000000e-03	1.860587460e+01	2.670535590e-02	1.935471404e-11
-3.400000000e-03	1.860587493e+01	2.651630277e-02	2.367891593e-11
-3.500000000e-03	1.860587526e+01	2.632724965e-02	1.545694227e-11
-3.600000000e-03	1.860587560e+01	2.613819653e-02	1.891169094e-11
-3.700000000e-03	1.860587594e+01	2.594914341e-02	9.663965554e-12
-3.800000000e-03	1.860587628e+01	2.576009030e-02	2.570706276e-11
-3.900000000e-03	1.860587662e+01	2.557103718e-02	1.199472460e-11
-4.000000000e-03	1.860587696e+01	2.538198407e-02	6.552832369e-12
-4.100000000e-03	1.860587731e+01	2.519293096e-02	5.386112596e-11
-4.200000000e-03	1.860587766e+01	2.500387785e-02	2.482007033e-11
-4.300000000e-03	1.860587801e+01	2.481482474e-02	1.462227136e-11
-4.400000000e-03	1.860587836e+01	2.462577164e-02	1.100410673e-11
-4.500000000e-03	1.860587871e+01	2.443671853e-02	1.200383794e-11
-4.600000000e-03	1.860587907e+01	2.424766543e-02	9.596833159e-12
-4.700000000e-03	1.860587942e+01	2.405861234e-02	8.060563131e-12
-4.800000000e-03	1.860587978e+01	2.386955924e-02	1.184805349e-11
-4.900000000e-03	1.860588014e+01	2.368050614e-02	7.245537752e-12
-5.000000000e-03	1.860588050e+01	2.349145305e-02	1.403587438e-11
-5.100000000e-03	1.860588087e+01	2.330239996e-02	4.340154017e-11
-5.200000000e-03	1.860588124e+01	2.311334688e-02	6.975700953e-12
-5.300000000e-03	1.860588160e+01	2.292429379e-02	4.925440302e-11
-5.400000000e-03	1.860588198e+01	2.273524071e-02	8.854886365e-12
-5.500000000e-03	1.860588235e+01	2.254618763e-02	5.712179932e-12
-5.600000000e-03	1.860588272e+01	2.235713456e-02	1.632655490e-11
-5.700000000e-03	1.860588310e+01	2.216808148e-02	2.859544917e-11
-5.800000000e-03	1.860588348e+01	2.197902841e-02	1.542050470e-11
-5.900000000e-03	1.860588386e+01	2.178997534e-02	2.345960068e-11
-6.000000000e-03	1.860588424e+01	2.160092228e-02	1.230516959e-11
-6.100000000e-03	1.860588462e+01	2.141186922e-02	1.480918692e-11
-6.200000000e-03	1.860588501e+01	2.122281616e-02	1.077259177e-11
-6.300000000e-03	1.860588540e+01	2.103376310e-02	1.698486423e-11
-6.400000000e-03	1.860588579e+01	2.084471005e-02	8.804458548e-12
-6.500000000e-03	1.860588618e+01	2.065565700e-02	1.528431413e-11
-6.600000000e-03	1.860588657e+01	2.046660396e-02	1.260322303e-11
-6.700000000e-03	1.860588697e+01	2.027755091e-02	1.551294661e-11
-6.800000000e-03	1.860588736e+01	2.008849787e-02	4.824752034e-11
-6.900000000e-03	1.860588776e+01	1.989944484e-02	1.349733159e-11
-7.000000000e-03	1.860588816e+01	1.971039181e-02	1.558301726e-11
-7.100000000e-03	1.860588857e+01	1.952133878e-02	1.809595074e-11
-7.200000000e-03	1.860588897e+01	1.933228576e-02	2.128104886e-11
-7.300000000e-03	1.860588938e+01	1.914323274e-02	4.616974718e-11
-7.400000000e-03	1.860588979e+01	1.895417972e-02	1.480765542e-11
-7.500000000e-03	1.860589020e+01	1.876512670e-02	4.907332005e-11
-7.600000000e-03	1.860589061e+01	1.857607369e-02	2.070862943e-11
-7.700000000e-03	1.860589103e+01	1.838702069e-02	2.909178640e-11
-7.800000000e-03	1.860589144e+01	1.819796769e-02	8.896126142e-12
-7.900000000e-03	1.860589186e+01	1.800891469e-02	3.046036256e-11
-8.000000000e-03	1.860589228e+01	1.781986170e-02	1.802340542e-11
-8.100000000e-03	1.860589270e+01	1.763080871e-02	1.795544202e-11
-8.200000000e-03	1.860589313e+01	1.744175572e-02	1.663906947e-11
-8.300000000e-03	1.860589355e+01	1.725270274e-02	1.425742113e-11
-8.400000000e-03	1.860589398e+01	1.706364977e-02	1.291363837e-11
-8.500000000e-03	1.860589441e+01	1.687459679e-02	4.240601603e-11
-8.600000000e-03	1.860589484e+01	1.668554383e-02	6.029045902e-11
-8.700000000e-03	1.860589528e+01	1.649649087e-02	1.533413002e-11
-8.800000000e-03	1.860589571e+01	1.630743791e-02	1.000864108e-11
-8.900000000e-03	1.860589615e+01	1.611838496e-02	7.070929976e-12
-9.000000000e-03	1.860589659e+01	1.592933201e-02	2.064822790e-11
-9.100000000e-03	1.860589703e+01	1.574027906e-02	5.985883620e-12
-9.200000000e-03	1.860589748e+01	1.555122612e-02	2.381680302e-11
-9.300000000e-03	1.860589792e+01	1.536217319e-02	1.131821555e-11
-9.400000000e-03	1.860589837e+01	1.517312026e-02	1.074409118e-11
-9.500000000e-03	1.860589882e+01	1.498406734e-02	9.336440676e-12
-9.600000000e-03	1.860589927e+01	1.479501442e-02	1.196606095e-11
-9.700000000e-03	1.860589972e+01	1.460596150e-02	7.081505192e-12
-9.800000000e-03	1.860590018e+01	1.441690860e-02	7.352567036e-12
-9.900000000e-03	1.860590063e+01	1.422785569e-02	9.254756782e-12
-1.000000000e-02	1.860590109e+01	1.403880279e-02	1.697775492e-11
-1.010000000e-02	1.860590155e+01	1.384974990e-02	7.478594778e-11
-1.020000000e-02	1.860590201e+01	1.366069701e-02	1.981251537e-11
-1.030000000e-02	1.860590248e+01	1.347164413e-02	1.061343050e-11
-1.040000000e-02	1.860590295e+01	1.328259125e-02	4.595890906e-11
-1.050000000e-02	1.860590341e+01	1.309353838e-02	1.395548817e-11
-1.060000000e-02	1.860590388e+01	1.290448552e-02	2.081626610e-11
-1.070000000e-02	1.860590436e+01	1.271543266e-02	1.275932883e-11
-1.080000000e-02	1.860590483e+01	1.252637981e-02	9.487159528e-12
-1.090000000e-02	1.860590531e+01	1.233732696e-02	2.808845691e-11
-1.100000000e-02	1.860590578e+01	1.214827412e-02	4.267519320e-11
-1.110000000e-02	1.860590626e+01	1.195922128e-02	7.877542676e-12
-1.120000000e-02	1.860590675e+01	1.177016845e-02	1.636083706e-11
-1.130000000e-02	1.860590723e+01	1.158111563e-02	2.660687740e-11
-1.140000000e-02	1.860590771e+01	1.139206281e-02	3.393847655e-11
-1.150000000e-02	1.860590820e+01	1.120301000e-02	1.184704414e-11
-1.160000000e-02	1.860590869e+01	1.101395719e-02	8.407587327e-12
-1.170000000e-02	1.860590918e+01	1.082490439e-02	3.023390903e-11
-1.180000000e-02	1.860590968e+01	1.063585160e-02	2.212624402e-11
-1.190000000e-02	1.860591017e+01	1.044679881e-02	8.615950462e-12
-1.200000000e-02	1.860591067e+01	1.025774603e-02	2.178818261e-11
-1.210000000e-02	1.860591117e+01	1.006869326e-02	2.270929094e-11
-1.220000000e-02	1.860591167e+01	9.879640495e-03	1.597180114e-11
-1.230000000e-02	1.860591217e+01	9.690587734e-03	1.108516112e-11
-1.240000000e-02	1.860591268e+01	9.501534980e-03	7.285891723e-12
-1.250000000e-02	1.860591318e+01	9.312482234e-03	1.750802021e-11
-1.260000000e-02	1.860591369e+01	9.123429495e-03	2.280397503e-11
-1.270000000e-02	1.860591420e+01	8.934376760e-03	3.219235353e-11
-1.280000000e-02	1.860591471e+01	8.745324035e-03	7.237821531e-12
-1.290000000e-02	1.860591523e+01	8.556271316e-03	1.499447801e-11
-1.300000000e-02	1.860591574e+01	8.367218605e-03	1.980263133e-11
-1.310000000e-02	1.860591626e+01	8.178165900e-03	2.142016017e-11
-1.320000000e-02	1.860591678e+01	7.989113202e-03	1.559092518e-11
-1.330000000e-02	1.860591730e+01	7.800060511e-03	4.748756392e-12
-1.340000000e-02	1.860591783e+01	7.611007828e-03	1.368947324e-11
-1.350000000e-02	1.860591835e+01	7.421955152e-03	7.712200872e-12
-1.360000000e-02	1.860591888e+01	7.232902483e-03	1.399089581e-11
-1.370000000e-02	1.860591941e+01	7.043849823e-03	1.119779177e-11
-1.380000000e-02	1.860591994e+01	6.854797169e-03	1.119089562e-11
-1.390000000e-02	1.860592048e+01	6.665744523e-03	1.461310742e-11
-1.400000000e-02	1.860592101e+01	6.476691882e-03	3.185799722e-11
-1.410000000e-02	1.860592155e+01	6.287639253e-03	2.081968652e-11
-1.420000000e-02	1.860592209e+01	6.098586630e-03	1.205485264e-11
-1.430000000e-02	1.860592263e+01	5.909534015e-03	2.630588074e-11
-1.440000000e-02	1.860592317e+01	5.720481410e-03	2.089521925e-11
-1.450000000e-02	1.860592372e+01	5.531428809e-03	5.521140780e-12
-1.460000000e-02	1.860592427e+01	5.342376218e-03	1.499730014e-11
-1.470000000e-02	1.860592481e+01	5.153323633e-03	1.829644963e-11
-1.480000000e-02	1.860592536e+01	4.964271057e-03	3.572022181e-11
-1.490000000e-02	1.860592592e+01	4.775218492e-03	6.336824108e-12
-1.500000000e-02	1.860592647e+01	4.586165933e-03	1.187496673e-11
-1.510000000e-02	1.860592703e+01	4.397113383e-03	2.327769922e-11
-1.520000000e-02	1.860592759e+01	4.208060843e-03	6.691317361e-11
-1.530000000e-02	1.860592815e+01	4.019008307e-03	1.067490580e-11
-1.540000000e-02	1.860592871e+01	3.829955781e-03	2.070520138e-11
-1.550000000e-02	1.860592927e+01	3.640903264e-03	2.031991919e-11
-1.560000000e-02	1.860592984e+01	3.451850756e-03	6.954442244e-12
-1.570000000e-02	1.860593041e+01	3.262798258e-03	2.038345965e-11
-1.580000000e-02	1.860593098e+01	3.073745766e-03	7.322441130e-12
-1.590000000e-02	1.860593155e+01	2.884693284e-03	1.187212645e-11
-1.600000000e-02	1.860593212e+01	2.695640809e-03	2.767654890e-11
-1.610000000e-02	1.860593270e+01	2.506588346e-03	1.092776395e-11
-1.620000000e-02	1.860593328e+01	2.317535891e-03	3.368894836e-11
-1.630000000e-02	1.860593386e+01	2.128483444e-03	3.152733178e-11
-1.640000000e-02	1.860593444e+01	1.939431006e-03	3.191251915e-11
-1.650000000e-02	1.860593502e+01	1.750378578e-03	1.822467058e-11
-1.660000000e-02	1.860593561e+01	1.561326157e-03	1.324048871e-11
-1.670000000e-02	1.860593619e+01	1.372273748e-03	7.378978614e-12
-1.680000000e-02	1.860593678e+01	1.183221346e-03	8.893219693e-12
-1.690000000e-02	1.860593737e+01	9.941689543e-04	9.068124028e-12
-1.700000000e-02	1.860593797e+01	8.051165730e-04	1.731275306e-11
-1.710000000e-02	1.860593856e+01	6.160642001e-04	4.995789777e-12
-1.720000000e-02	1.860593916e+01	4.270118370e-04	2.104579098e-11
-1.730000000e-02	1.860593976e+01	2.379594837e-04	1.547309064e-11
-1.740000000e-02	1.860594036e+01	4.890713926e-05	1.404754895e-11
-1.750000000e-02	1.860594096e+01	-1.401451961e-04	1.504156381e-11
-1.760000000e-02	1.860594156e+01	-3.291975204e-04	1.056097046e-11
-1.770000000e-02	1.860594217e+01	-5.182498353e-04	1.236723961e-11
-1.780000000e-02	1.860594278e+01	-7.073021408e-04	1.239208723e-11
-1.790000000e-02	1.860594339e+01	-8.963544374e-04	2.678214975e-11
-1.800000000e-02	1.860594400e+01	-1.085406721e-03	1.896781419e-11
-1.810000000e-02	1.860594462e+01	-1.274458995e-03	2.861278976e-11
-1.820000000e-02	1.860594523e+01	-1.463511261e-03	1.702972712e-11
-1.830000000e-02	1.860594585e+01	-1.652563517e-03	1.211352449e-11
-1.840000000e-02	1.860594647e+01	-1.841615760e-03	3.641508944e-11
-1.850000000e-02	1.860594709e+01	-2.030667995e-03	1.127546515e-11
-1.860000000e-02	1.860594771e+01	-2.219720222e-03	2.698932653e-11
-1.870000000e-02	1.860594834e+01	-2.408772432e-03	3.492968312e-11
-1.880000000e-02	1.860594897e+01	-2.597824639e-03	1.352636566e-11
-1.890000000e-02	1.860594960e+01	-2.786876831e-03	4.210197747e-11
-1.900000000e-02	1.860595023e+01	-2.975929013e-03	1.088941921e-11
-1.910000000e-02	1.860595086e+01	-3.164981185e-03	1.792806733e-11
-1.920000000e-02	1.860595150e+01	-3.354033346e-03	1.218680059e-11
-1.930000000e-02	1.860595213e+01	-3.543085497e-03	1.302238321e-11
-1.940000000e-02	1.860595277e+01	-3.732137637e-03	7.089219798e-12
-1.950000000e-02	1.860595341e+01	-3.921189766e-03	1.114565353e-11
-1.960000000e-02	1.860595406e+01	-4.110241883e-03	7.157551741e-12
-1.970000000e-02	1.860595470e+01	-4.299293987e-03	4.564071006e-11
-1.980000000e-02	1.860595535e+01	-4.488346085e-03	1.971615551e-11
-1.990000000e-02	1.860595600e+01	-4.677398171e-03	1.465602908e-11
-2.000000000e-02	1.860595665e+01	-4.866450245e-03	9.442008853e-12
-2.010000000e-02	1.860595730e+01	-5.055502307e-03	1.467728144e-11
-2.020000000e-02	1.860595795e+01	-5.244554358e-03	5.115092312e-12
-2.030000000e-02	1.860595861e+01	-5.433606399e-03	6.100308257e-12
-2.040000000e-02	1.860595927e+01	-5.622658427e-03	1.316735355e-11
-2.050000000e-02	1.860595993e+01	-5.811710446e-03	2.255047448e-11
-2.060000000e-02	1.860596059e+01	-6.000762452e-03	2.517555451e-11
-2.070000000e-02	1.860596125e+01	-6.189814446e-03	2.251278930e-11
-2.080000000e-02	1.860596192e+01	-6.378866428e-03	1.206247861e-11
-2.090000000e-02	1.860596259e+01	-6.567918399e-03	2.418875939e-11
-2.100000000e-02	1.860596326e+01	-6.756970356e-03	4.024754109e-11
-2.110000000e-02	1.860596393e+01	-6.946022304e-03	2.428419203e-11
-2.120000000e-02	1.860596460e+01	-7.135074241e-03	1.314069721e-11
-2.130000000e-02	1.860596528e+01	-7.324126165e-03	7.239170226e-12
-2.140000000e-02	1.860596596e+01	-7.513178076e-03	1.005345471e-11
-2.150000000e-02	1.860596663e+01	-7.702229977e-03	9.385472021e-12
-2.160000000e-02	1.860596732e+01	-7.891281860e-03	5.972747368e-11
-2.170000000e-02	1.860596800e+01	-8.080333741e-03	2.820772436e-11
-2.180000000e-02	1.860596868e+01	-8.269385602e-03	3.708912890e-11
-2.190000000e-02	1.860596937e+01	-8.458437454e-03	6.874995774e-12
-2.200000000e-02	1.860597006e+01	-8.647489295e-03	2.940421210e-11
-2.210000000e-02	1.860597075e+01	-8.836541121e-03	2.031608841e-11
-2.220000000e-02	1.860597144e+01	-9.025592935e-03	8.053983802e-12
-2.230000000e-02	1.860597214e+01	-9.214644736e-03	6.956256037e-12
-2.240000000e-02	1.860597283e+01	-9.403696525e-03	5.306059222e-12
-2.250000000e-02	1.860597353e+01	-9.592748301e-03	2.099429256e-11
-2.260000000e-02	1.860597423e+01	-9.781800067e-03	9.878233029e-12
-2.270000000e-02	1.860597494e+01	-9.970851817e-03	1.212627229e-11
-2.280000000e-02	1.860597564e+01	-1.015990356e-02	3.828531913e-11
-2.290000000e-02	1.860597635e+01	-1.034895528e-02	6.057017633e-12
-2.300000000e-02	1.860597705e+01	-1.053800699e-02	8.962097217e-12
-2.310000000e-02	1.860597776e+01	-1.072705869e-02	1.554166841e-11
-2.320000000e-02	1.860597848e+01	-1.091611038e-02	4.268100451e-11
-2.330000000e-02	1.860597919e+01	-1.110516205e-02	1.079562163e-11
-2.340000000e-02	1.860597991e+01	-1.129421371e-02	3.241265128e-11
-2.350000000e-02	1.860598062e+01	-1.148326536e-02	2.365697279e-11
-2.360000000e-02	1.860598134e+01	-1.167231700e-02	2.127492152e-11
-2.370000000e-02	1.860598206e+01	-1.186136862e-02	2.341852088e-11
-2.380000000e-02	1.860598279e+01	-1.205042023e-02	1.188914534e-11
-2.390000000e-02	1.860598351e+01	-1.223947182e-02	2.503876034e-11
-2.400000000e-02	1.860598424e+01	-1.242852340e-02	2.358668714e-11
-2.410000000e-02	1.860598497e+01	-1.261757497e-02	1.212690811e-11
-2.420000000e-02	1.860598570e+01	-1.280662652e-02	2.590917878e-11
-2.430000000e-02	1.860598643e+01	-1.299567806e-02	1.653427946e-11
-2.440000000e-02	1.860598717e+01	-1.318472959e-02	1.260967097e-11
-2.450000000e-02	1.860598790e+01	-1.337378110e-02	1.525181762e-11
-2.460000000e-02	1.860598864e+01	-1.356283260e-02	1.963872242e-11
-2.470000000e-02	1.860598938e+01	-1.375188409e-02	1.020967367e-11
-2.480000000e-02	1.860599013e+01	-1.394093556e-02	5.991050495e-12
-2.490000000e-02	1.860599087e+01	-1.412998701e-02	2.155291702e-11
-2.500000000e-02	1.860599162e+01	-1.431903845e-02	4.282583357e-11
-2.510000000e-02	1.860599237e+01	-1.450808989e-02	1.884477400e-11
-2.520000000e-02	1.860599312e+01	-1.469714130e-02	1.558800633e-11
-2.530000000e-02	1.860599387e+01	-1.488619270e-02	1.845941105e-11
-2.540000000e-02	1.860599462e+01	-1.507524409e-02	1.189506279e-11
-2.550000000e-02	1.860599538e+01	-1.526429546e-02	1.722878489e-11
-2.560000000e-02	1.860599614e+01	-1.545334682e-02	1.110856741e-11
-2.570000000e-02	1.860599690e+01	-1.564239816e-02	1.059294072e-11
-2.580000000e-02	1.860599766e+01	-1.583144949e-02	1.051854613e-11
-2.590000000e-02	1.860599842e+01	-1.602050081e-02	3.906383676e-11
-2.600000000e-02	1.860599919e+01	-1.620955210e-02	9.318871435e-12
-2.610000000e-02	1.860599995e+01	-1.639860339e-02	1.374690223e-11
-2.620000000e-02	1.860600072e+01	-1.658765466e-02	6.396994746e-12
-2.630000000e-02	1.860600149e+01	-1.677670591e-02	9.515737831e-12
-2.640000000e-02	1.860600227e+01	-1.696575715e-02	1.031616861e-11
-2.650000000e-02	1.860600304e+01	-1.715480838e-02	1.084850922e-11
-2.660000000e-02	1.860600382e+01	-1.734385959e-02	1.356959865e-11
-2.670000000e-02	1.860600460e+01	-1.753291079e-02	9.624954148e-12
-2.680000000e-02	1.860600538e+01	-1.772196197e-02	2.154936459e-11
-2.690000000e-02	1.860600616e+01	-1.791101313e-02	1.687119316e-11
-2.700000000e-02	1.860600695e+01	-1.810006428e-02	7.958775077e-12
-2.710000000e-02	1.860600773e+01	-1.828911542e-02	9.814615975e-12
-2.720000000e-02	1.860600852e+01	-1.847816653e-02	1.523721084e-11
-2.730000000e-02	1.860600931e+01	-1.866721764e-02	8.318071623e-12
-2.740000000e-02	1.860601011e+01	-1.885626873e-02	8.740845368e-12
-2.750000000e-02	1.860601090e+01	-1.904531980e-02	7.047030854e-12
-2.760000000e-02	1.860601170e+01	-1.923437086e-02	1.644128434e-11
-2.770000000e-02	1.860601249e+01	-1.942342190e-02	1.498243704e-11
-2.780000000e-02	1.860601329e+01	-1.961247293e-02	1.647919654e-11
-2.790000000e-02	1.860601410e+01	-1.980152394e-02	4.168388461e-11
-2.800000000e-02	1.860601490e+01	-1.999057493e-02	3.045889058e-11
-2.810000000e-02	1.860601571e+01	-2.017962591e-02	1.113678304e-11
-2.820000000e-02	1.860601651e+01	-2.036867687e-02	2.127730070e-11
-2.830000000e-02	1.860601732e+01	-2.055772782e-02	1.169267174e-11
-2.840000000e-02	1.860601814e+01	-2.074677875e-02	1.723513430e-11
-2.850000000e-02	1.860601895e+01	-2.093582967e-02	1.562381914e-11
-2.860000000e-02	1.860601976e+01	-2.112488057e-02	1.800185092e-11
-2.870000000e-02	1.860602058e+01	-2.131393145e-02	2.310562774e-11
-2.880000000e-02	1.860602140e+01	-2.150298232e-02	1.378124428e-11
-2.890000000e-02	1.860602222e+01	-2.169203316e-02	4.629437926e-11
-2.900000000e-02	1.860602304e+01	-2.188108400e-02	2.195056624e-11
-2.910000000e-02	1.860602387e+01	-2.207013481e-02	2.175512527e-11
-2.920000000e-02	1.860602470e+01	-2.225918562e-02	8.586175561e-12
-2.930000000e-02	1.860602553e+01	-2.244823640e-02	1.385464788e-11
-2.940000000e-02	1.860602636e+01	-2.263728717e-02	7.117608955e-12
-2.950000000e-02	1.860602719e+01	-2.282633792e-02	1.180192489e-11
-2.960000000e-02	1.860602802e+01	-2.301538865e-02	1.567623236e-11
-2.970000000e-02	1.860602886e+01	-2.320443937e-02	6.038512074e-12
-2.980000000e-02	1.860602970e+01	-2.339349007e-02	2.338530933e-11
-2.990000000e-02	1.860603054e+01	-2.358254075e-02	6.412936919e-12
-3.000000000e-02	1.860603138e+01	-2.377159142e-02	9.021418279e-12
-3.010000000e-02	1.860603223e+01	-2.396064207e-02	4.145084148e-11
-3.020000000e-02	1.860603307e+01	-2.414969270e-02	1.441687143e-11
-3.030000000e-02	1.860603392e+01	-2.433874332e-02	6.376532840e-12
-3.040000000e-02	1.860603477e+01	-2.452779392e-02	9.274629210e-12
-3.050000000e-02	1.860603562e+01	-2.471684450e-02	3.687041725e-11
-3.060000000e-02	1.860603648e+01	-2.490589506e-02	2.267842706e-11
-3.070000000e-02	1.860603733e+01	-2.509494561e-02	6.200005292e-12
-3.080000000e-02	1.860603819e+01	-2.528399614e-02	7.714256076e-12
-3.090000000e-02	1.860603905e+01	-2.547304665e-02	8.262396231e-12
-3.100000000e-02	1.860603991e+01	-2.566209714e-02	1.481365775e-11
-3.110000000e-02	1.860604077e+01	-2.585114762e-02	5.500089882e-12
-3.120000000e-02	1.860604164e+01	-2.604019808e-02	1.162006051e-11
-3.130000000e-02	1.860604251e+01	-2.622924852e-02	1.443117656e-11
-3.140000000e-02	1.860604337e+01	-2.641829894e-02	1.746414693e-11
-3.150000000e-02	1.860604425e+01	-2.660734935e-02	6.873677518e-12
-3.160000000e-02	1.860604512e+01	-2.679639974e-02	1.840140259e-11
-3.170000000e-02	1.860604599e+01	-2.698545011e-02	1.148718335e-11
-3.180000000e-02	1.860604687e+01	-2.717450046e-02	1.613630517e-11
-3.190000000e-02	1.860604775e+01	-2.736355079e-02	1.689853639e-11
-3.200000000e-02	1.860604863e+01	-2.755260111e-02	1.684256953e-11
-3.210000000e-02	1.860604951e+01	-2.774165140e-02	9.323198676e-12
-3.220000000e-02	1.860605040e+01	-2.793070168e-02	2.431224590e-11
-3.230000000e-02	1.860605128e+01	-2.811975194e-02	1.910391156e-11
-3.240000000e-02	1.860605217e+01	-2.830880219e-02	8.038265261e-12
-3.250000000e-02	1.860605306e+01	-2.849785241e-02	3.964487967e-11
-3.260000000e-02	1.860605395e+01	-2.868690262e-02	2.260426650e-11
-3.270000000e-02	1.860605485e+01	-2.887595280e-02	8.671704711e-12
-3.280000000e-02	1.860605574e+01	-2.906500297e-02	6.847037444e-12
-3.290000000e-02	1.860605664e+01	-2.925405312e-02	1.049013233e-11
-3.300000000e-02	1.860605754e+01	-2.944310325e-02	1.160106791e-11
-3.310000000e-02	1.860605844e+01	-2.963215336e-02	7.678750123e-12
-3.320000000e-02	1.860605935e+01	-2.982120346e-02	2.671886743e-11
-3.330000000e-02	1.860606025e+01	-3.001025353e-02	1.081136395e-11
-3.340000000e-02	1.860606116e+01	-3.019930359e-02	6.075086632e-12
-3.350000000e-02	1.860606207e+01	-3.038835362e-02	1.777341020e-11
-3.360000000e-02	1.860606298e+01	-3.057740364e-02	9.908403327e-12
-3.370000000e-02	1.860606389e+01	-3.076645364e-02	1.453646203e-11
-3.380000000e-02	1.860606481e+01	-3.095550362e-02	1.131184049e-11
-3.390000000e-02	1.860606573e+01	-3.114455358e-02	7.489605286e-12
-3.400000000e-02	1.860606664e+01	-3.133360352e-02	8.044205420e-12
-3.410000000e-02	1.860606757e+01	-3.152265344e-02	6.410161054e-12
-3.420000000e-02	1.860606849e+01	-3.171170334e-02	1.083937052e-11
-3.430000000e-02	1.860606941e+01	-3.190075323e-02	9.635122304e-12
-3.440000000e-02	1.860607034e+01	-3.208980309e-02	1.750623918e-11
-3.450000000e-02	1.860607127e+01	-3.227885293e-02	2.109422461e-11
-3.460000000e-02	1.860607220e+01	-3.246790276e-02	2.802022438e-11
-3.470000000e-02	1.860607313e+01	-3.265695256e-02	8.696705126e-12
-3.480000000e-02	1.860607407e+01	-3.284600235e-02	1.175512997e-11
-3.490000000e-02	1.860607500e+01	-3.303505211e-02	2.096728641e-11
-3.500000000e-02	1.860607594e+01	-3.322410185e-02	9.442361178e-12
-3.510000000e-02	1.860607688e+01	-3.341315158e-02	1.773525648e-11
-3.520000000e-02	1.860607782e+01	-3.360220128e-02	1.021530857e-11
-3.530000000e-02	1.860607877e+01	-3.379125097e-02	1.126332908e-11
-3.540000000e-02	1.860607971e+01	-3.398030063e-02	1.419422164e-11
-3.550000000e-02	1.860608066e+01	-3.416935028e-02	6.673180436e-12
-3.560000000e-02	1.860608161e+01	-3.435839990e-02	6.902357189e-11
-3.570000000e-02	1.860608256e+01	-3.454744951e-02	3.016894929e-11
-3.580000000e-02	1.860608351e+01	-3.473649909e-02	6.676286885e-12
-3.590000000e-02	1.860608447e+01	-3.492554865e-02	1.484406521e-11
-3.600000000e-02	1.860608543e+01	-3.511459820e-02	2.748207231e-11
-3.610000000e-02	1.860608639e+01	-3.530364772e-02	1.004451559e-11
-3.620000000e-02	1.860608735e+01	-3.549269722e-02	2.901827499e-11
-3.630000000e-02	1.860608831e+01	-3.568174670e-02	1.367341294e-11
-3.640000000e-02	1.860608927e+01	-3.587079616e-02	1.532036760e-11
-3.650000000e-02	1.860609024e+01	-3.605984560e-02	1.686135850e-11
-3.660000000e-02	1.860609121e+01	-3.624889502e-02	1.469374807e-11
-3.670000000e-02	1.860609218e+01	-3.643794442e-02	1.935354929e-11
-3.680000000e-02	1.860609315e+01	-3.662699380e-02	6.618152594e-12
-3.690000000e-02	1.860609413e+01	-3.681604315e-02	8.186010890e-12
-3.700000000e-02	1.860609511e+01	-3.700509249e-02	1.113878122e-11
-3.710000000e-02	1.860609608e+01	-3.719414180e-02	8.122059825e-12
-3.720000000e-02	1.860609706e+01	-3.738319110e-02	1.505547592e-11
-3.730000000e-02	1.860609805e+01	-3.757224037e-02	1.299133349e-11
-3.740000000e-02	1.860609903e+01	-3.776128962e-02	1.177181803e-11
-3.750000000e-02	1.860610002e+01	-3.795033885e-02	4.268139200e-11
-3.760000000e-02	1.860610100e+01	-3.813938805e-02	1.651385939e-11
-3.770000000e-02	1.860610199e+01	-3.832843724e-02	7.304379378e-12
-3.780000000e-02	1.860610299e+01	-3.851748641e-02	1.271712238e-11
-3.790000000e-02	1.860610398e+01	-3.870653555e-02	1.190340101e-11
-3.800000000e-02	1.860610498e+01	-3.889558467e-02	5.932325780e-12
-3.810000000e-02	1.860610597e+01	-3.908463377e-02	7.306273801e-12
-3.820000000e-02	1.860610697e+01	-3.927368285e-02	2.022566499e-11
-3.830000000e-02	1.860610797e+01	-3.946273191e-02	6.041032671e-12
-3.840000000e-02	1.860610898e+01	-3.965178094e-02	1.218395011e-11
-3.850000000e-02	1.860610998e+01	-3.984082995e-02	5.435119068e-12
-3.860000000e-02	1.860611099e+01	-4.002987894e-02	1.101974763e-11
-3.870000000e-02	1.860611200e+01	-4.021892791e-02	1.450703475e-11
-3.880000000e-02	1.860611301e+01	-4.040797686e-02	1.549966614e-11
-3.890000000e-02	1.860611402e+01	-4.059702578e-02	1.423756780e-11
-3.900000000e-02	1.860611504e+01	-4.078607469e-02	8.507930809e-12
-3.910000000e-02	1.860611605e+01	-4.097512356e-02	1.381164233e-11
-3.920000000e-02	1.860611707e+01	-4.116417242e-02	1.228186276e-11
-3.930000000e-02	1.860611809e+01	-4.135322126e-02	1.515996504e-11
-3.940000000e-02	1.860611912e+01	-4.154227007e-02	8.327216990e-12
-3.950000000e-02	1.860612014e+01	-4.173131886e-02	1.334861345e-11
-3.960000000e-02	1.860612117e+01	-4.192036763e-02	1.003853874e-11
-3.970000000e-02	1.860612220e+01	-4.210941637e-02	1.721803396e-11
-3.980000000e-02	1.860612323e+01	-4.229846510e-02	2.233463298e-11
-3.990000000e-02	1.860612426e+01	-4.248751380e-02	7.772158817e-12
-4.000000000e-02	1.860612529e+01	-4.267656247e-02	6.876705283e-12
