# Im(epsi1)     Re(Lambda)      Im(Lambda)      Eq(det).Opt det SIN kz, R=0.5 \mum, Re(epsi1)=3.90solve_det_sinkz_vs_mu.py
0.000000000e+00	1.990617047e+01	4.097557426e-02	7.989232572e-12
-1.000000000e-04	1.990617078e+01	4.077346677e-02	2.671343717e-11
-2.000000000e-04	1.990617108e+01	4.057135928e-02	6.398208362e-12
-3.000000000e-04	1.990617139e+01	4.036925179e-02	1.166989791e-11
-4.000000000e-04	1.990617170e+01	4.016714430e-02	9.802862976e-12
-5.000000000e-04	1.990617201e+01	3.996503681e-02	1.126404775e-11
-6.000000000e-04	1.990617232e+01	3.976292932e-02	3.749606088e-11
-7.000000000e-04	1.990617264e+01	3.956082182e-02	8.260235726e-12
-8.000000000e-04	1.990617296e+01	3.935871433e-02	9.862336550e-12
-9.000000000e-04	1.990617328e+01	3.915660684e-02	7.592502362e-12
-1.000000000e-03	1.990617360e+01	3.895449935e-02	4.811896496e-12
-1.100000000e-03	1.990617392e+01	3.875239185e-02	1.453038857e-11
-1.200000000e-03	1.990617425e+01	3.855028436e-02	1.534037497e-11
-1.300000000e-03	1.990617458e+01	3.834817687e-02	5.511191133e-12
-1.400000000e-03	1.990617491e+01	3.814606938e-02	7.591136155e-12
-1.500000000e-03	1.990617524e+01	3.794396188e-02	1.202590421e-11
-1.600000000e-03	1.990617558e+01	3.774185439e-02	1.461403603e-11
-1.700000000e-03	1.990617591e+01	3.753974690e-02	1.773860581e-11
-1.800000000e-03	1.990617625e+01	3.733763941e-02	9.522513007e-12
-1.900000000e-03	1.990617659e+01	3.713553192e-02	2.517408948e-11
-2.000000000e-03	1.990617693e+01	3.693342443e-02	1.243055423e-11
-2.100000000e-03	1.990617728e+01	3.673131694e-02	1.193629650e-11
-2.200000000e-03	1.990617763e+01	3.652920945e-02	1.985108801e-11
-2.300000000e-03	1.990617797e+01	3.632710197e-02	7.000542938e-12
-2.400000000e-03	1.990617832e+01	3.612499448e-02	3.825614552e-11
-2.500000000e-03	1.990617868e+01	3.592288699e-02	1.168273999e-11
-2.600000000e-03	1.990617903e+01	3.572077951e-02	6.876421963e-12
-2.700000000e-03	1.990617939e+01	3.551867202e-02	1.310589296e-11
-2.800000000e-03	1.990617975e+01	3.531656454e-02	9.280616709e-11
-2.900000000e-03	1.990618011e+01	3.511445706e-02	1.129319172e-11
-3.000000000e-03	1.990618047e+01	3.491234957e-02	2.070381871e-11
-3.100000000e-03	1.990618084e+01	3.471024209e-02	2.430039529e-11
-3.200000000e-03	1.990618120e+01	3.450813461e-02	2.103935155e-11
-3.300000000e-03	1.990618157e+01	3.430602714e-02	1.162076990e-11
-3.400000000e-03	1.990618195e+01	3.410391966e-02	1.212142039e-11
-3.500000000e-03	1.990618232e+01	3.390181219e-02	8.759025852e-12
-3.600000000e-03	1.990618269e+01	3.369970472e-02	3.235779477e-11
-3.700000000e-03	1.990618307e+01	3.349759724e-02	8.200848877e-12
-3.800000000e-03	1.990618345e+01	3.329548977e-02	1.115254106e-11
-3.900000000e-03	1.990618383e+01	3.309338230e-02	2.089047910e-11
-4.000000000e-03	1.990618422e+01	3.289127484e-02	1.245086887e-11
-4.100000000e-03	1.990618460e+01	3.268916737e-02	1.309706303e-11
-4.200000000e-03	1.990618499e+01	3.248705991e-02	6.042360085e-12
-4.300000000e-03	1.990618538e+01	3.228495245e-02	1.236561014e-11
-4.400000000e-03	1.990618577e+01	3.208284499e-02	7.514259078e-12
-4.500000000e-03	1.990618616e+01	3.188073754e-02	1.072843670e-11
-4.600000000e-03	1.990618656e+01	3.167863008e-02	1.437154434e-11
-4.700000000e-03	1.990618696e+01	3.147652263e-02	2.095821702e-11
-4.800000000e-03	1.990618736e+01	3.127441518e-02	1.820226068e-11
-4.900000000e-03	1.990618776e+01	3.107230773e-02	7.033676841e-12
-5.000000000e-03	1.990618816e+01	3.087020028e-02	5.007166339e-12
-5.100000000e-03	1.990618857e+01	3.066809284e-02	1.933727896e-11
-5.200000000e-03	1.990618898e+01	3.046598540e-02	1.174147859e-11
-5.300000000e-03	1.990618939e+01	3.026387796e-02	1.096846567e-11
-5.400000000e-03	1.990618980e+01	3.006177053e-02	2.655604788e-11
-5.500000000e-03	1.990619022e+01	2.985966310e-02	9.308306425e-12
-5.600000000e-03	1.990619063e+01	2.965755567e-02	1.523106136e-11
-5.700000000e-03	1.990619105e+01	2.945544824e-02	6.640897624e-12
-5.800000000e-03	1.990619147e+01	2.925334082e-02	9.572020441e-12
-5.900000000e-03	1.990619189e+01	2.905123339e-02	6.548654986e-12
-6.000000000e-03	1.990619232e+01	2.884912598e-02	7.744451155e-12
-6.100000000e-03	1.990619274e+01	2.864701856e-02	9.972324751e-12
-6.200000000e-03	1.990619317e+01	2.844491115e-02	4.799081910e-12
-6.300000000e-03	1.990619360e+01	2.824280374e-02	9.529539716e-12
-6.400000000e-03	1.990619404e+01	2.804069634e-02	1.094174823e-11
-6.500000000e-03	1.990619447e+01	2.783858893e-02	9.747799915e-12
-6.600000000e-03	1.990619491e+01	2.763648154e-02	8.146034659e-12
-6.700000000e-03	1.990619535e+01	2.743437414e-02	9.479542806e-12
-6.800000000e-03	1.990619579e+01	2.723226675e-02	4.602903066e-11
-6.900000000e-03	1.990619623e+01	2.703015936e-02	1.819479567e-11
-7.000000000e-03	1.990619668e+01	2.682805197e-02	2.953250173e-11
-7.100000000e-03	1.990619712e+01	2.662594460e-02	1.286387155e-11
-7.200000000e-03	1.990619757e+01	2.642383722e-02	6.086950013e-12
-7.300000000e-03	1.990619802e+01	2.622172984e-02	6.112757375e-12
-7.400000000e-03	1.990619848e+01	2.601962248e-02	2.389497980e-11
-7.500000000e-03	1.990619893e+01	2.581751511e-02	2.595840964e-11
-7.600000000e-03	1.990619939e+01	2.561540775e-02	9.892481320e-12
-7.700000000e-03	1.990619985e+01	2.541330039e-02	1.342987391e-11
-7.800000000e-03	1.990620031e+01	2.521119304e-02	6.469077872e-12
-7.900000000e-03	1.990620077e+01	2.500908569e-02	2.008228140e-11
-8.000000000e-03	1.990620124e+01	2.480697834e-02	3.680494500e-11
-8.100000000e-03	1.990620171e+01	2.460487100e-02	1.125689525e-11
-8.200000000e-03	1.990620218e+01	2.440276367e-02	1.058308954e-11
-8.300000000e-03	1.990620265e+01	2.420065633e-02	1.781370568e-11
-8.400000000e-03	1.990620312e+01	2.399854901e-02	1.197914814e-11
-8.500000000e-03	1.990620360e+01	2.379644169e-02	3.706071767e-11
-8.600000000e-03	1.990620408e+01	2.359433437e-02	7.853632130e-11
-8.700000000e-03	1.990620456e+01	2.339222705e-02	8.446200111e-12
-8.800000000e-03	1.990620504e+01	2.319011975e-02	2.361651030e-11
-8.900000000e-03	1.990620552e+01	2.298801244e-02	1.394985161e-11
-9.000000000e-03	1.990620601e+01	2.278590514e-02	6.657501152e-12
-9.100000000e-03	1.990620650e+01	2.258379785e-02	1.716768170e-11
-9.200000000e-03	1.990620699e+01	2.238169056e-02	1.701157865e-11
-9.300000000e-03	1.990620748e+01	2.217958328e-02	9.521909318e-12
-9.400000000e-03	1.990620797e+01	2.197747600e-02	1.349582933e-11
-9.500000000e-03	1.990620847e+01	2.177536872e-02	5.150224648e-11
-9.600000000e-03	1.990620897e+01	2.157326146e-02	4.110236974e-12
-9.700000000e-03	1.990620947e+01	2.137115419e-02	7.667049827e-12
-9.800000000e-03	1.990620997e+01	2.116904694e-02	8.774145946e-12
-9.900000000e-03	1.990621047e+01	2.096693968e-02	8.416295281e-12
-1.000000000e-02	1.990621098e+01	2.076483244e-02	5.727346504e-12
-1.010000000e-02	1.990621149e+01	2.056272520e-02	1.299723337e-11
-1.020000000e-02	1.990621200e+01	2.036061796e-02	8.124247512e-12
-1.030000000e-02	1.990621251e+01	2.015851073e-02	1.132487832e-11
-1.040000000e-02	1.990621303e+01	1.995640351e-02	7.967892227e-12
-1.050000000e-02	1.990621354e+01	1.975429629e-02	8.061645710e-12
-1.060000000e-02	1.990621406e+01	1.955218908e-02	1.091275359e-11
-1.070000000e-02	1.990621458e+01	1.935008187e-02	2.097577913e-11
-1.080000000e-02	1.990621511e+01	1.914797467e-02	1.211514792e-11
-1.090000000e-02	1.990621563e+01	1.894586748e-02	1.153822940e-11
-1.100000000e-02	1.990621616e+01	1.874376029e-02	6.417225857e-12
-1.110000000e-02	1.990621669e+01	1.854165310e-02	2.827959026e-11
-1.120000000e-02	1.990621722e+01	1.833954593e-02	1.037719190e-11
-1.130000000e-02	1.990621775e+01	1.813743876e-02	3.597180817e-11
-1.140000000e-02	1.990621829e+01	1.793533160e-02	1.089121105e-11
-1.150000000e-02	1.990621882e+01	1.773322444e-02	9.484488392e-12
-1.160000000e-02	1.990621936e+01	1.753111729e-02	1.432014359e-11
-1.170000000e-02	1.990621990e+01	1.732901015e-02	2.248274437e-11
-1.180000000e-02	1.990622045e+01	1.712690301e-02	4.201077539e-11
-1.190000000e-02	1.990622099e+01	1.692479588e-02	2.112457267e-11
-1.200000000e-02	1.990622154e+01	1.672268876e-02	1.246202201e-11
-1.210000000e-02	1.990622209e+01	1.652058164e-02	1.929531675e-11
-1.220000000e-02	1.990622264e+01	1.631847453e-02	1.529942529e-11
-1.230000000e-02	1.990622320e+01	1.611636743e-02	9.468921785e-12
-1.240000000e-02	1.990622375e+01	1.591426033e-02	8.270128813e-12
-1.250000000e-02	1.990622431e+01	1.571215324e-02	2.674094548e-11
-1.260000000e-02	1.990622487e+01	1.551004616e-02	9.259257067e-12
-1.270000000e-02	1.990622543e+01	1.530793908e-02	1.727306607e-11
-1.280000000e-02	1.990622599e+01	1.510583202e-02	1.291819135e-11
-1.290000000e-02	1.990622656e+01	1.490372496e-02	2.850379493e-11
-1.300000000e-02	1.990622713e+01	1.470161791e-02	9.331967196e-12
-1.310000000e-02	1.990622770e+01	1.449951086e-02	2.065983238e-11
-1.320000000e-02	1.990622827e+01	1.429740382e-02	1.084865493e-11
-1.330000000e-02	1.990622884e+01	1.409529679e-02	8.681514048e-12
-1.340000000e-02	1.990622942e+01	1.389318977e-02	1.134860626e-11
-1.350000000e-02	1.990623000e+01	1.369108275e-02	8.544479793e-12
-1.360000000e-02	1.990623058e+01	1.348897575e-02	4.661750967e-12
-1.370000000e-02	1.990623116e+01	1.328686875e-02	1.760537756e-11
-1.380000000e-02	1.990623175e+01	1.308476176e-02	1.047356986e-11
-1.390000000e-02	1.990623233e+01	1.288265477e-02	7.354114395e-12
-1.400000000e-02	1.990623292e+01	1.268054780e-02	3.265413480e-11
-1.410000000e-02	1.990623351e+01	1.247844083e-02	1.912925113e-11
-1.420000000e-02	1.990623410e+01	1.227633387e-02	1.506758437e-11
-1.430000000e-02	1.990623470e+01	1.207422692e-02	1.528831972e-11
-1.440000000e-02	1.990623530e+01	1.187211998e-02	1.150206456e-11
-1.450000000e-02	1.990623589e+01	1.167001304e-02	1.175334977e-11
-1.460000000e-02	1.990623649e+01	1.146790611e-02	1.182515001e-11
-1.470000000e-02	1.990623710e+01	1.126579920e-02	1.561129069e-11
-1.480000000e-02	1.990623770e+01	1.106369229e-02	9.551381984e-12
-1.490000000e-02	1.990623831e+01	1.086158539e-02	7.872968333e-12
-1.500000000e-02	1.990623892e+01	1.065947849e-02	1.541503059e-11
-1.510000000e-02	1.990623953e+01	1.045737161e-02	6.282938373e-12
-1.520000000e-02	1.990624014e+01	1.025526474e-02	1.207927569e-11
-1.530000000e-02	1.990624076e+01	1.005315787e-02	8.313090789e-12
-1.540000000e-02	1.990624137e+01	9.851051012e-03	6.091967610e-12
-1.550000000e-02	1.990624199e+01	9.648944164e-03	7.803287039e-12
-1.560000000e-02	1.990624261e+01	9.446837325e-03	8.910012503e-12
-1.570000000e-02	1.990624324e+01	9.244730494e-03	2.280842440e-11
-1.580000000e-02	1.990624386e+01	9.042623674e-03	1.603005637e-11
-1.590000000e-02	1.990624449e+01	8.840516862e-03	1.549404525e-11
-1.600000000e-02	1.990624512e+01	8.638410058e-03	1.106861218e-11
-1.610000000e-02	1.990624575e+01	8.436303264e-03	1.470490617e-11
-1.620000000e-02	1.990624639e+01	8.234196482e-03	1.748482505e-11
-1.630000000e-02	1.990624702e+01	8.032089708e-03	3.150241117e-11
-1.640000000e-02	1.990624766e+01	7.829982942e-03	1.942658462e-11
-1.650000000e-02	1.990624830e+01	7.627876185e-03	9.285142051e-12
-1.660000000e-02	1.990624894e+01	7.425769439e-03	1.126765793e-11
-1.670000000e-02	1.990624958e+01	7.223662703e-03	5.800898964e-12
-1.680000000e-02	1.990625023e+01	7.021555974e-03	3.553465411e-11
-1.690000000e-02	1.990625088e+01	6.819449259e-03	9.029340295e-12
-1.700000000e-02	1.990625153e+01	6.617342552e-03	1.249621491e-11
-1.710000000e-02	1.990625218e+01	6.415235857e-03	1.975438580e-11
-1.720000000e-02	1.990625283e+01	6.213129168e-03	2.805919030e-11
-1.730000000e-02	1.990625349e+01	6.011022493e-03	2.336972465e-11
-1.740000000e-02	1.990625415e+01	5.808915825e-03	9.953957313e-12
-1.750000000e-02	1.990625481e+01	5.606809167e-03	1.070172440e-11
-1.760000000e-02	1.990625547e+01	5.404702521e-03	1.012300995e-11
-1.770000000e-02	1.990625613e+01	5.202595886e-03	2.002231764e-11
-1.780000000e-02	1.990625680e+01	5.000489260e-03	1.509674998e-11
-1.790000000e-02	1.990625747e+01	4.798382646e-03	5.017361991e-11
-1.800000000e-02	1.990625814e+01	4.596276038e-03	2.069665890e-11
-1.810000000e-02	1.990625881e+01	4.394169443e-03	2.289040015e-11
-1.820000000e-02	1.990625949e+01	4.192062860e-03	2.379414590e-11
-1.830000000e-02	1.990626016e+01	3.989956287e-03	9.881757345e-12
-1.840000000e-02	1.990626084e+01	3.787849725e-03	1.372434780e-11
-1.850000000e-02	1.990626152e+01	3.585743173e-03	7.896938179e-12
-1.860000000e-02	1.990626221e+01	3.383636632e-03	9.980203513e-12
-1.870000000e-02	1.990626289e+01	3.181530101e-03	6.502402677e-12
-1.880000000e-02	1.990626358e+01	2.979423584e-03	1.769513922e-11
-1.890000000e-02	1.990626427e+01	2.777317075e-03	2.105452893e-11
-1.900000000e-02	1.990626496e+01	2.575210577e-03	2.741335378e-11
-1.910000000e-02	1.990626565e+01	2.373104093e-03	1.584545071e-11
-1.920000000e-02	1.990626634e+01	2.170997618e-03	2.671832116e-11
-1.930000000e-02	1.990626704e+01	1.968891155e-03	8.499295582e-12
-1.940000000e-02	1.990626774e+01	1.766784703e-03	6.367164941e-12
-1.950000000e-02	1.990626844e+01	1.564678263e-03	8.838265016e-12
-1.960000000e-02	1.990626915e+01	1.362571834e-03	9.600354197e-12
-1.970000000e-02	1.990626985e+01	1.160465417e-03	1.395046237e-11
-1.980000000e-02	1.990627056e+01	9.583590111e-04	1.026512516e-11
-1.990000000e-02	1.990627127e+01	7.562526161e-04	9.525169904e-12
-2.000000000e-02	1.990627198e+01	5.541462338e-04	2.043843048e-11
-2.010000000e-02	1.990627269e+01	3.520398626e-04	9.644754774e-12
-2.020000000e-02	1.990627341e+01	1.499335058e-04	2.162138334e-11
-2.030000000e-02	1.990627413e+01	-5.217284247e-05	6.102031700e-12
-2.040000000e-02	1.990627484e+01	-2.542791769e-04	4.207428052e-11
-2.050000000e-02	1.990627557e+01	-4.563855016e-04	2.357349673e-11
-2.060000000e-02	1.990627629e+01	-6.584918114e-04	7.635456905e-12
-2.070000000e-02	1.990627702e+01	-8.605981070e-04	4.623312241e-11
-2.080000000e-02	1.990627774e+01	-1.062704393e-03	3.739926824e-11
-2.090000000e-02	1.990627847e+01	-1.264810671e-03	1.707105355e-11
-2.100000000e-02	1.990627921e+01	-1.466916932e-03	5.735955686e-12
-2.110000000e-02	1.990627994e+01	-1.669023182e-03	1.460753363e-11
-2.120000000e-02	1.990628068e+01	-1.871129420e-03	2.633852946e-11
-2.130000000e-02	1.990628141e+01	-2.073235642e-03	9.933175177e-12
-2.140000000e-02	1.990628215e+01	-2.275341854e-03	2.307048292e-11
-2.150000000e-02	1.990628290e+01	-2.477448053e-03	8.221203713e-12
-2.160000000e-02	1.990628364e+01	-2.679554239e-03	1.527299527e-11
-2.170000000e-02	1.990628439e+01	-2.881660412e-03	1.599901486e-11
-2.180000000e-02	1.990628513e+01	-3.083766573e-03	1.604468009e-11
-2.190000000e-02	1.990628588e+01	-3.285872722e-03	8.811870872e-12
-2.200000000e-02	1.990628664e+01	-3.487978857e-03	2.094198859e-11
-2.210000000e-02	1.990628739e+01	-3.690084978e-03	1.302177740e-11
-2.220000000e-02	1.990628815e+01	-3.892191088e-03	1.528496174e-11
-2.230000000e-02	1.990628891e+01	-4.094297182e-03	1.097258830e-11
-2.240000000e-02	1.990628967e+01	-4.296403266e-03	2.226997561e-11
-2.250000000e-02	1.990629043e+01	-4.498509334e-03	7.982761671e-12
-2.260000000e-02	1.990629119e+01	-4.700615389e-03	2.733128161e-11
-2.270000000e-02	1.990629196e+01	-4.902721432e-03	1.419851611e-11
-2.280000000e-02	1.990629273e+01	-5.104827461e-03	1.729249589e-11
-2.290000000e-02	1.990629350e+01	-5.306933476e-03	5.120059192e-12
-2.300000000e-02	1.990629427e+01	-5.509039478e-03	2.321926343e-11
-2.310000000e-02	1.990629505e+01	-5.711145466e-03	1.069919308e-11
-2.320000000e-02	1.990629583e+01	-5.913251441e-03	1.242754457e-11
-2.330000000e-02	1.990629660e+01	-6.115357401e-03	1.058615741e-11
-2.340000000e-02	1.990629739e+01	-6.317463348e-03	1.455052958e-11
-2.350000000e-02	1.990629817e+01	-6.519569282e-03	8.781559601e-12
-2.360000000e-02	1.990629895e+01	-6.721675200e-03	1.324655779e-11
-2.370000000e-02	1.990629974e+01	-6.923781107e-03	3.927047361e-11
-2.380000000e-02	1.990630053e+01	-7.125886996e-03	1.122131744e-11
-2.390000000e-02	1.990630132e+01	-7.327992872e-03	1.034945470e-11
-2.400000000e-02	1.990630212e+01	-7.530098735e-03	6.941960384e-12
-2.410000000e-02	1.990630291e+01	-7.732204583e-03	1.143156613e-11
-2.420000000e-02	1.990630371e+01	-7.934310417e-03	1.398474806e-11
-2.430000000e-02	1.990630451e+01	-8.136416238e-03	1.639535129e-11
-2.440000000e-02	1.990630531e+01	-8.338522041e-03	3.115103129e-11
-2.450000000e-02	1.990630611e+01	-8.540627832e-03	5.883305182e-12
-2.460000000e-02	1.990630692e+01	-8.742733607e-03	2.620637074e-11
-2.470000000e-02	1.990630773e+01	-8.944839370e-03	6.181266529e-12
-2.480000000e-02	1.990630854e+01	-9.146945117e-03	1.996618278e-11
-2.490000000e-02	1.990630935e+01	-9.349050848e-03	8.790572613e-12
-2.500000000e-02	1.990631016e+01	-9.551156565e-03	9.712912298e-12
-2.510000000e-02	1.990631098e+01	-9.753262267e-03	1.124881781e-11
-2.520000000e-02	1.990631180e+01	-9.955367954e-03	5.663266049e-12
-2.530000000e-02	1.990631262e+01	-1.015747363e-02	1.636939411e-11
-2.540000000e-02	1.990631344e+01	-1.035957929e-02	4.628132776e-11
-2.550000000e-02	1.990631426e+01	-1.056168492e-02	8.237470415e-12
-2.560000000e-02	1.990631509e+01	-1.076379055e-02	6.867106076e-12
-2.570000000e-02	1.990631592e+01	-1.096589616e-02	1.649586213e-11
-2.580000000e-02	1.990631675e+01	-1.116800176e-02	1.802730337e-11
-2.590000000e-02	1.990631758e+01	-1.137010734e-02	2.510971523e-11
-2.600000000e-02	1.990631841e+01	-1.157221291e-02	1.367535650e-11
-2.610000000e-02	1.990631925e+01	-1.177431845e-02	6.184371731e-12
-2.620000000e-02	1.990632009e+01	-1.197642399e-02	2.040077896e-11
-2.630000000e-02	1.990632093e+01	-1.217852950e-02	3.334407912e-11
-2.640000000e-02	1.990632177e+01	-1.238063501e-02	1.208159184e-11
-2.650000000e-02	1.990632262e+01	-1.258274050e-02	8.527940503e-12
-2.660000000e-02	1.990632346e+01	-1.278484597e-02	1.174930917e-11
-2.670000000e-02	1.990632431e+01	-1.298695142e-02	1.272875580e-11
-2.680000000e-02	1.990632516e+01	-1.318905686e-02	5.024741460e-12
-2.690000000e-02	1.990632601e+01	-1.339116229e-02	1.107110634e-11
-2.700000000e-02	1.990632687e+01	-1.359326769e-02	1.925610934e-11
-2.710000000e-02	1.990632773e+01	-1.379537308e-02	6.327687400e-12
-2.720000000e-02	1.990632859e+01	-1.399747846e-02	3.496887090e-11
-2.730000000e-02	1.990632945e+01	-1.419958382e-02	1.115657018e-11
-2.740000000e-02	1.990633031e+01	-1.440168916e-02	2.002273595e-11
-2.750000000e-02	1.990633117e+01	-1.460379448e-02	2.742932152e-11
-2.760000000e-02	1.990633204e+01	-1.480589979e-02	1.545155448e-11
-2.770000000e-02	1.990633291e+01	-1.500800509e-02	4.575231881e-12
-2.780000000e-02	1.990633378e+01	-1.521011036e-02	1.216486983e-11
-2.790000000e-02	1.990633465e+01	-1.541221562e-02	9.388030939e-12
-2.800000000e-02	1.990633553e+01	-1.561432087e-02	1.166454998e-11
-2.810000000e-02	1.990633641e+01	-1.581642609e-02	2.688055846e-11
-2.820000000e-02	1.990633729e+01	-1.601853130e-02	1.981682833e-11
-2.830000000e-02	1.990633817e+01	-1.622063649e-02	1.032695855e-11
-2.840000000e-02	1.990633905e+01	-1.642274167e-02	2.222168327e-11
-2.850000000e-02	1.990633994e+01	-1.662484683e-02	8.395319936e-12
-2.860000000e-02	1.990634083e+01	-1.682695197e-02	1.413932957e-11
-2.870000000e-02	1.990634171e+01	-1.702905709e-02	9.882275428e-12
-2.880000000e-02	1.990634261e+01	-1.723116220e-02	1.298604428e-11
-2.890000000e-02	1.990634350e+01	-1.743326729e-02	7.304116667e-12
-2.900000000e-02	1.990634440e+01	-1.763537236e-02	1.151573138e-11
-2.910000000e-02	1.990634529e+01	-1.783747742e-02	9.649178568e-12
-2.920000000e-02	1.990634619e+01	-1.803958246e-02	1.243906089e-11
-2.930000000e-02	1.990634710e+01	-1.824168748e-02	2.383266682e-11
-2.940000000e-02	1.990634800e+01	-1.844379248e-02	2.189811718e-11
-2.950000000e-02	1.990634891e+01	-1.864589747e-02	1.100084540e-11
-2.960000000e-02	1.990634981e+01	-1.884800243e-02	1.927105211e-11
-2.970000000e-02	1.990635072e+01	-1.905010738e-02	5.790085477e-12
-2.980000000e-02	1.990635164e+01	-1.925221232e-02	5.308083364e-11
-2.990000000e-02	1.990635255e+01	-1.945431723e-02	1.377249155e-11
-3.000000000e-02	1.990635347e+01	-1.965642212e-02	7.054925487e-12
-3.010000000e-02	1.990635439e+01	-1.985852700e-02	3.218965676e-11
-3.020000000e-02	1.990635531e+01	-2.006063186e-02	1.214001734e-11
-3.030000000e-02	1.990635623e+01	-2.026273670e-02	1.647377092e-11
-3.040000000e-02	1.990635715e+01	-2.046484153e-02	9.852541872e-12
-3.050000000e-02	1.990635808e+01	-2.066694633e-02	1.478543655e-11
-3.060000000e-02	1.990635901e+01	-2.086905112e-02	6.407470939e-12
-3.070000000e-02	1.990635994e+01	-2.107115589e-02	3.338813494e-11
-3.080000000e-02	1.990636087e+01	-2.127326064e-02	1.860760379e-11
-3.090000000e-02	1.990636181e+01	-2.147536537e-02	7.575253917e-12
-3.100000000e-02	1.990636274e+01	-2.167747008e-02	1.574284822e-11
-3.110000000e-02	1.990636368e+01	-2.187957478e-02	1.812072557e-11
-3.120000000e-02	1.990636462e+01	-2.208167945e-02	9.801584058e-12
-3.130000000e-02	1.990636557e+01	-2.228378411e-02	9.238564662e-12
-3.140000000e-02	1.990636651e+01	-2.248588875e-02	6.672955354e-12
-3.150000000e-02	1.990636746e+01	-2.268799337e-02	5.594893843e-12
-3.160000000e-02	1.990636841e+01	-2.289009797e-02	1.735205335e-11
-3.170000000e-02	1.990636936e+01	-2.309220255e-02	9.320107526e-12
-3.180000000e-02	1.990637031e+01	-2.329430711e-02	1.365810256e-11
-3.190000000e-02	1.990637127e+01	-2.349641165e-02	9.519297925e-12
-3.200000000e-02	1.990637222e+01	-2.369851618e-02	1.983839344e-11
-3.210000000e-02	1.990637318e+01	-2.390062068e-02	2.735073477e-11
-3.220000000e-02	1.990637414e+01	-2.410272517e-02	4.560932298e-11
-3.230000000e-02	1.990637511e+01	-2.430482963e-02	6.328432793e-12
-3.240000000e-02	1.990637607e+01	-2.450693408e-02	1.099236059e-11
-3.250000000e-02	1.990637704e+01	-2.470903851e-02	6.964973583e-12
-3.260000000e-02	1.990637801e+01	-2.491114292e-02	9.504725942e-12
-3.270000000e-02	1.990637898e+01	-2.511324730e-02	2.802722179e-11
-3.280000000e-02	1.990637996e+01	-2.531535167e-02	6.977016945e-12
-3.290000000e-02	1.990638093e+01	-2.551745602e-02	1.408571475e-11
-3.300000000e-02	1.990638191e+01	-2.571956035e-02	9.343073668e-12
-3.310000000e-02	1.990638289e+01	-2.592166466e-02	6.372106688e-12
-3.320000000e-02	1.990638387e+01	-2.612376895e-02	1.170645469e-11
-3.330000000e-02	1.990638485e+01	-2.632587321e-02	8.375709220e-12
-3.340000000e-02	1.990638584e+01	-2.652797746e-02	1.673401178e-11
-3.350000000e-02	1.990638683e+01	-2.673008169e-02	1.066041121e-11
-3.360000000e-02	1.990638782e+01	-2.693218590e-02	1.260532785e-11
-3.370000000e-02	1.990638881e+01	-2.713429009e-02	1.229667938e-11
-3.380000000e-02	1.990638980e+01	-2.733639426e-02	5.371764467e-11
-3.390000000e-02	1.990639080e+01	-2.753849840e-02	1.191481879e-11
-3.400000000e-02	1.990639180e+01	-2.774060253e-02	8.496430450e-12
-3.410000000e-02	1.990639280e+01	-2.794270664e-02	1.258366823e-11
-3.420000000e-02	1.990639380e+01	-2.814481072e-02	9.981723228e-12
-3.430000000e-02	1.990639481e+01	-2.834691479e-02	1.009686075e-11
-3.440000000e-02	1.990639581e+01	-2.854901883e-02	3.394878007e-11
-3.450000000e-02	1.990639682e+01	-2.875112286e-02	9.337538225e-12
-3.460000000e-02	1.990639783e+01	-2.895322686e-02	1.545835389e-11
-3.470000000e-02	1.990639884e+01	-2.915533084e-02	1.045845821e-11
-3.480000000e-02	1.990639986e+01	-2.935743481e-02	1.847073303e-11
-3.490000000e-02	1.990640088e+01	-2.955953874e-02	5.187730916e-11
-3.500000000e-02	1.990640189e+01	-2.976164266e-02	2.127727022e-11
-3.510000000e-02	1.990640292e+01	-2.996374656e-02	1.664050584e-11
-3.520000000e-02	1.990640394e+01	-3.016585044e-02	1.184718839e-11
-3.530000000e-02	1.990640496e+01	-3.036795430e-02	2.730581303e-11
-3.540000000e-02	1.990640599e+01	-3.057005813e-02	9.319960536e-12
-3.550000000e-02	1.990640702e+01	-3.077216194e-02	1.425825504e-11
-3.560000000e-02	1.990640805e+01	-3.097426573e-02	1.134549991e-11
-3.570000000e-02	1.990640908e+01	-3.117636951e-02	1.181704698e-11
-3.580000000e-02	1.990641012e+01	-3.137847325e-02	2.322444889e-11
-3.590000000e-02	1.990641116e+01	-3.158057698e-02	9.153805339e-12
-3.600000000e-02	1.990641219e+01	-3.178268069e-02	9.592128406e-12
-3.610000000e-02	1.990641324e+01	-3.198478437e-02	1.143184929e-11
-3.620000000e-02	1.990641428e+01	-3.218688803e-02	1.072063774e-11
-3.630000000e-02	1.990641532e+01	-3.238899167e-02	2.834050718e-11
-3.640000000e-02	1.990641637e+01	-3.259109529e-02	9.259791085e-12
-3.650000000e-02	1.990641742e+01	-3.279319889e-02	1.840906942e-11
-3.660000000e-02	1.990641847e+01	-3.299530246e-02	2.208897408e-11
-3.670000000e-02	1.990641953e+01	-3.319740601e-02	1.643542111e-11
-3.680000000e-02	1.990642058e+01	-3.339950954e-02	2.458176202e-11
-3.690000000e-02	1.990642164e+01	-3.360161305e-02	1.014763124e-11
-3.700000000e-02	1.990642270e+01	-3.380371653e-02	1.996885236e-11
-3.710000000e-02	1.990642376e+01	-3.400582000e-02	3.316798745e-11
-3.720000000e-02	1.990642483e+01	-3.420792344e-02	6.582437917e-12
-3.730000000e-02	1.990642589e+01	-3.441002685e-02	1.469621056e-11
-3.740000000e-02	1.990642696e+01	-3.461213025e-02	1.557174183e-11
-3.750000000e-02	1.990642803e+01	-3.481423363e-02	6.874462561e-11
-3.760000000e-02	1.990642910e+01	-3.501633697e-02	1.622519867e-11
-3.770000000e-02	1.990643018e+01	-3.521844030e-02	1.835487474e-11
-3.780000000e-02	1.990643125e+01	-3.542054361e-02	7.835851510e-12
-3.790000000e-02	1.990643233e+01	-3.562264689e-02	1.332779418e-11
-3.800000000e-02	1.990643341e+01	-3.582475015e-02	8.430021563e-12
-3.810000000e-02	1.990643449e+01	-3.602685338e-02	1.361347872e-11
-3.820000000e-02	1.990643558e+01	-3.622895659e-02	3.230235362e-11
-3.830000000e-02	1.990643666e+01	-3.643105978e-02	1.043244935e-11
-3.840000000e-02	1.990643775e+01	-3.663316295e-02	1.257812991e-11
-3.850000000e-02	1.990643884e+01	-3.683526609e-02	1.457354200e-11
-3.860000000e-02	1.990643993e+01	-3.703736921e-02	2.213603446e-11
-3.870000000e-02	1.990644103e+01	-3.723947231e-02	2.545490920e-11
-3.880000000e-02	1.990644213e+01	-3.744157538e-02	2.561572973e-11
-3.890000000e-02	1.990644322e+01	-3.764367843e-02	1.065420927e-11
-3.900000000e-02	1.990644432e+01	-3.784578146e-02	1.240807215e-11
-3.910000000e-02	1.990644543e+01	-3.804788446e-02	5.660643696e-12
-3.920000000e-02	1.990644653e+01	-3.824998744e-02	7.262825182e-12
-3.930000000e-02	1.990644764e+01	-3.845209039e-02	2.172415075e-11
-3.940000000e-02	1.990644875e+01	-3.865419333e-02	1.301153387e-11
-3.950000000e-02	1.990644986e+01	-3.885629623e-02	9.079912276e-12
-3.960000000e-02	1.990645097e+01	-3.905839912e-02	9.870495253e-12
-3.970000000e-02	1.990645209e+01	-3.926050198e-02	1.091993229e-11
-3.980000000e-02	1.990645320e+01	-3.946260481e-02	9.078350868e-12
-3.990000000e-02	1.990645432e+01	-3.966470762e-02	1.712140858e-11
-4.000000000e-02	1.990645544e+01	-3.986681041e-02	1.044642881e-11
