# Im(epsi1)     Re(Lambda)      Im(Lambda)      Eq(det).Opt det SIN kz, R=0.5 \mum, Re(epsi1)=3.90solve_det_sinkz_vs_mu.py
0.000000000e+00	1.552959515e+01	1.880926532e-02	2.034818083e-11
-1.000000000e-04	1.552959534e+01	1.865119161e-02	1.255804008e-11
-2.000000000e-04	1.552959553e+01	1.849311789e-02	1.660468559e-11
-3.000000000e-04	1.552959573e+01	1.833504417e-02	1.457182267e-11
-4.000000000e-04	1.552959592e+01	1.817697046e-02	1.417896936e-11
-5.000000000e-04	1.552959612e+01	1.801889674e-02	1.067816804e-11
-6.000000000e-04	1.552959632e+01	1.786082303e-02	2.670895336e-11
-7.000000000e-04	1.552959652e+01	1.770274931e-02	3.158361501e-11
-8.000000000e-04	1.552959673e+01	1.754467560e-02	7.310327786e-12
-9.000000000e-04	1.552959693e+01	1.738660188e-02	4.388775431e-11
-1.000000000e-03	1.552959714e+01	1.722852816e-02	1.095961154e-11
-1.100000000e-03	1.552959734e+01	1.707045445e-02	9.973649858e-12
-1.200000000e-03	1.552959755e+01	1.691238073e-02	1.194571363e-11
-1.300000000e-03	1.552959777e+01	1.675430702e-02	2.865533361e-11
-1.400000000e-03	1.552959798e+01	1.659623331e-02	1.795508763e-11
-1.500000000e-03	1.552959819e+01	1.643815959e-02	6.109974759e-12
-1.600000000e-03	1.552959841e+01	1.628008588e-02	1.388778320e-11
-1.700000000e-03	1.552959863e+01	1.612201217e-02	1.329673497e-11
-1.800000000e-03	1.552959885e+01	1.596393846e-02	7.307144276e-12
-1.900000000e-03	1.552959907e+01	1.580586474e-02	1.121700270e-11
-2.000000000e-03	1.552959929e+01	1.564779103e-02	1.174909965e-11
-2.100000000e-03	1.552959951e+01	1.548971733e-02	1.879315149e-11
-2.200000000e-03	1.552959974e+01	1.533164362e-02	1.757673787e-11
-2.300000000e-03	1.552959996e+01	1.517356991e-02	7.481432263e-12
-2.400000000e-03	1.552960019e+01	1.501549620e-02	1.339890031e-11
-2.500000000e-03	1.552960042e+01	1.485742250e-02	1.145262799e-11
-2.600000000e-03	1.552960066e+01	1.469934879e-02	4.224747756e-11
-2.700000000e-03	1.552960089e+01	1.454127509e-02	1.228473035e-11
-2.800000000e-03	1.552960112e+01	1.438320139e-02	9.435628263e-12
-2.900000000e-03	1.552960136e+01	1.422512768e-02	1.050666455e-11
-3.000000000e-03	1.552960160e+01	1.406705398e-02	1.056140433e-11
-3.100000000e-03	1.552960184e+01	1.390898028e-02	2.333196251e-11
-3.200000000e-03	1.552960208e+01	1.375090659e-02	1.014793948e-11
-3.300000000e-03	1.552960232e+01	1.359283289e-02	3.285565381e-11
-3.400000000e-03	1.552960257e+01	1.343475920e-02	5.798592882e-12
-3.500000000e-03	1.552960282e+01	1.327668550e-02	9.289141230e-12
-3.600000000e-03	1.552960306e+01	1.311861181e-02	8.202221287e-12
-3.700000000e-03	1.552960331e+01	1.296053812e-02	1.331800949e-11
-3.800000000e-03	1.552960357e+01	1.280246444e-02	3.185649294e-11
-3.900000000e-03	1.552960382e+01	1.264439075e-02	1.336823456e-11
-4.000000000e-03	1.552960407e+01	1.248631706e-02	4.967023637e-11
-4.100000000e-03	1.552960433e+01	1.232824338e-02	2.007514545e-11
-4.200000000e-03	1.552960459e+01	1.217016970e-02	7.109259773e-12
-4.300000000e-03	1.552960485e+01	1.201209602e-02	1.851621440e-11
-4.400000000e-03	1.552960511e+01	1.185402234e-02	1.609226033e-11
-4.500000000e-03	1.552960537e+01	1.169594866e-02	1.480662687e-11
-4.600000000e-03	1.552960563e+01	1.153787499e-02	5.231138965e-12
-4.700000000e-03	1.552960590e+01	1.137980132e-02	2.193787093e-11
-4.800000000e-03	1.552960617e+01	1.122172765e-02	8.078628823e-12
-4.900000000e-03	1.552960643e+01	1.106365398e-02	1.657972335e-11
-5.000000000e-03	1.552960671e+01	1.090558032e-02	4.750143780e-11
-5.100000000e-03	1.552960698e+01	1.074750665e-02	1.629093763e-11
-5.200000000e-03	1.552960725e+01	1.058943299e-02	5.380024159e-12
-5.300000000e-03	1.552960753e+01	1.043135933e-02	8.306144872e-12
-5.400000000e-03	1.552960780e+01	1.027328568e-02	1.235139531e-11
-5.500000000e-03	1.552960808e+01	1.011521202e-02	4.114258465e-11
-5.600000000e-03	1.552960836e+01	9.957138374e-03	2.053554517e-11
-5.700000000e-03	1.552960864e+01	9.799064725e-03	2.645586479e-11
-5.800000000e-03	1.552960893e+01	9.640991079e-03	1.956869351e-11
-5.900000000e-03	1.552960921e+01	9.482917432e-03	5.228569261e-11
-6.000000000e-03	1.552960950e+01	9.324843797e-03	3.776022944e-11
-6.100000000e-03	1.552960979e+01	9.166770159e-03	2.289056584e-11
-6.200000000e-03	1.552961008e+01	9.008696521e-03	2.308408775e-11
-6.300000000e-03	1.552961037e+01	8.850622890e-03	1.086805328e-11
-6.400000000e-03	1.552961066e+01	8.692549260e-03	1.419786175e-11
-6.500000000e-03	1.552961096e+01	8.534475634e-03	1.332214814e-11
-6.600000000e-03	1.552961125e+01	8.376402011e-03	1.225811227e-11
-6.700000000e-03	1.552961155e+01	8.218328391e-03	1.001100069e-11
-6.800000000e-03	1.552961185e+01	8.060254774e-03	9.628530690e-12
-6.900000000e-03	1.552961215e+01	7.902181160e-03	1.548518490e-11
-7.000000000e-03	1.552961245e+01	7.744107548e-03	1.088070987e-11
-7.100000000e-03	1.552961276e+01	7.586033942e-03	1.769892522e-11
-7.200000000e-03	1.552961306e+01	7.427960337e-03	9.591749461e-12
-7.300000000e-03	1.552961337e+01	7.269886734e-03	1.702647479e-11
-7.400000000e-03	1.552961368e+01	7.111813137e-03	1.727246613e-11
-7.500000000e-03	1.552961399e+01	6.953739543e-03	9.976980616e-12
-7.600000000e-03	1.552961430e+01	6.795665952e-03	1.109174734e-11
-7.700000000e-03	1.552961462e+01	6.637592364e-03	1.208349363e-11
-7.800000000e-03	1.552961493e+01	6.479518782e-03	9.215433528e-12
-7.900000000e-03	1.552961525e+01	6.321445201e-03	1.072504276e-11
-8.000000000e-03	1.552961557e+01	6.163371625e-03	1.306837600e-11
-8.100000000e-03	1.552961589e+01	6.005298052e-03	9.352361177e-12
-8.200000000e-03	1.552961621e+01	5.847224484e-03	5.811778778e-12
-8.300000000e-03	1.552961653e+01	5.689150918e-03	1.441033210e-11
-8.400000000e-03	1.552961686e+01	5.531077359e-03	3.139125811e-11
-8.500000000e-03	1.552961718e+01	5.373003800e-03	1.228236969e-11
-8.600000000e-03	1.552961751e+01	5.214930247e-03	1.142802666e-11
-8.700000000e-03	1.552961784e+01	5.056856697e-03	1.228759213e-11
-8.800000000e-03	1.552961817e+01	4.898783152e-03	1.128628319e-11
-8.900000000e-03	1.552961851e+01	4.740709610e-03	1.366731996e-11
-9.000000000e-03	1.552961884e+01	4.582636074e-03	2.167963043e-11
-9.100000000e-03	1.552961918e+01	4.424562540e-03	1.135881221e-11
-9.200000000e-03	1.552961952e+01	4.266489011e-03	2.426737381e-11
-9.300000000e-03	1.552961986e+01	4.108415488e-03	9.006384986e-12
-9.400000000e-03	1.552962020e+01	3.950341967e-03	1.671625566e-11
-9.500000000e-03	1.552962054e+01	3.792268453e-03	9.996292026e-12
-9.600000000e-03	1.552962088e+01	3.634194942e-03	3.489323067e-11
-9.700000000e-03	1.552962123e+01	3.476121437e-03	3.344548763e-11
-9.800000000e-03	1.552962158e+01	3.318047931e-03	4.997136465e-11
-9.900000000e-03	1.552962193e+01	3.159974436e-03	1.667806413e-11
-1.000000000e-02	1.552962228e+01	3.001900943e-03	2.764850544e-11
-1.010000000e-02	1.552962263e+01	2.843827454e-03	1.207579475e-11
-1.020000000e-02	1.552962298e+01	2.685753970e-03	2.302531421e-11
-1.030000000e-02	1.552962334e+01	2.527680493e-03	1.049763863e-11
-1.040000000e-02	1.552962370e+01	2.369607020e-03	1.967689385e-11
-1.050000000e-02	1.552962406e+01	2.211533551e-03	1.447325230e-11
-1.060000000e-02	1.552962442e+01	2.053460087e-03	1.242901775e-11
-1.070000000e-02	1.552962478e+01	1.895386627e-03	1.509075249e-11
-1.080000000e-02	1.552962514e+01	1.737313172e-03	1.771291154e-11
-1.090000000e-02	1.552962551e+01	1.579239724e-03	1.605996465e-11
-1.100000000e-02	1.552962587e+01	1.421166282e-03	1.648229750e-11
-1.110000000e-02	1.552962624e+01	1.263092843e-03	6.717009368e-12
-1.120000000e-02	1.552962661e+01	1.105019409e-03	1.034000664e-11
-1.130000000e-02	1.552962698e+01	9.469459810e-04	5.585325009e-12
-1.140000000e-02	1.552962736e+01	7.888725580e-04	1.325722211e-11
-1.150000000e-02	1.552962773e+01	6.307991420e-04	1.229457815e-11
-1.160000000e-02	1.552962811e+01	4.727257302e-04	8.777467906e-12
-1.170000000e-02	1.552962849e+01	3.146523240e-04	9.835316950e-12
-1.180000000e-02	1.552962887e+01	1.565789212e-04	3.294532836e-11
-1.190000000e-02	1.552962925e+01	-1.494473588e-06	1.335334262e-11
-1.200000000e-02	1.552962963e+01	-1.595678625e-04	5.532142830e-12
-1.210000000e-02	1.552963002e+01	-3.176412458e-04	8.084715481e-12
-1.220000000e-02	1.552963040e+01	-4.757146255e-04	1.528553657e-11
-1.230000000e-02	1.552963079e+01	-6.337879956e-04	3.619533502e-11
-1.240000000e-02	1.552963118e+01	-7.918613644e-04	2.251730849e-11
-1.250000000e-02	1.552963157e+01	-9.499347233e-04	1.781677907e-11
-1.260000000e-02	1.552963196e+01	-1.108008081e-03	2.110852486e-11
-1.270000000e-02	1.552963236e+01	-1.266081429e-03	8.174372007e-12
-1.280000000e-02	1.552963275e+01	-1.424154771e-03	1.261432993e-11
-1.290000000e-02	1.552963315e+01	-1.582228108e-03	9.554727130e-12
-1.300000000e-02	1.552963355e+01	-1.740301437e-03	3.327862380e-11
-1.310000000e-02	1.552963395e+01	-1.898374764e-03	1.015940113e-11
-1.320000000e-02	1.552963435e+01	-2.056448082e-03	8.754189155e-12
-1.330000000e-02	1.552963475e+01	-2.214521395e-03	1.672228366e-11
-1.340000000e-02	1.552963516e+01	-2.372594698e-03	1.832031921e-11
-1.350000000e-02	1.552963557e+01	-2.530667999e-03	5.171633305e-12
-1.360000000e-02	1.552963598e+01	-2.688741293e-03	1.872803176e-11
-1.370000000e-02	1.552963639e+01	-2.846814582e-03	6.049933921e-11
-1.380000000e-02	1.552963680e+01	-3.004887857e-03	3.043452329e-11
-1.390000000e-02	1.552963721e+01	-3.162961133e-03	1.468046303e-11
-1.400000000e-02	1.552963763e+01	-3.321034399e-03	1.144546859e-11
-1.410000000e-02	1.552963804e+01	-3.479107661e-03	2.344026229e-11
-1.420000000e-02	1.552963846e+01	-3.637180913e-03	1.052836814e-11
-1.430000000e-02	1.552963888e+01	-3.795254159e-03	1.712311195e-11
-1.440000000e-02	1.552963930e+01	-3.953327401e-03	3.405959729e-11
-1.450000000e-02	1.552963972e+01	-4.111400632e-03	2.130448774e-11
-1.460000000e-02	1.552964015e+01	-4.269473859e-03	1.135888068e-11
-1.470000000e-02	1.552964058e+01	-4.427547080e-03	1.181603966e-11
-1.480000000e-02	1.552964100e+01	-4.585620293e-03	3.715257211e-11
-1.490000000e-02	1.552964143e+01	-4.743693496e-03	1.016095448e-11
-1.500000000e-02	1.552964186e+01	-4.901766695e-03	1.049271459e-11
-1.510000000e-02	1.552964230e+01	-5.059839887e-03	1.121252886e-11
-1.520000000e-02	1.552964273e+01	-5.217913070e-03	1.202099669e-11
-1.530000000e-02	1.552964317e+01	-5.375986246e-03	8.922800084e-12
-1.540000000e-02	1.552964360e+01	-5.534059415e-03	3.832263913e-11
-1.550000000e-02	1.552964404e+01	-5.692132579e-03	1.470826735e-11
-1.560000000e-02	1.552964448e+01	-5.850205733e-03	1.108889361e-11
-1.570000000e-02	1.552964493e+01	-6.008278881e-03	5.412324651e-12
-1.580000000e-02	1.552964537e+01	-6.166352021e-03	9.787978007e-12
-1.590000000e-02	1.552964582e+01	-6.324425153e-03	1.594155101e-11
-1.600000000e-02	1.552964626e+01	-6.482498277e-03	9.138271203e-12
-1.610000000e-02	1.552964671e+01	-6.640571396e-03	1.145776877e-11
-1.620000000e-02	1.552964716e+01	-6.798644504e-03	7.944419157e-12
-1.630000000e-02	1.552964761e+01	-6.956717605e-03	1.564377556e-11
-1.640000000e-02	1.552964807e+01	-7.114790700e-03	1.348654294e-11
-1.650000000e-02	1.552964852e+01	-7.272863787e-03	1.109090581e-11
-1.660000000e-02	1.552964898e+01	-7.430936865e-03	1.687227731e-11
-1.670000000e-02	1.552964944e+01	-7.589009934e-03	1.707724006e-11
-1.680000000e-02	1.552964990e+01	-7.747082995e-03	3.079129839e-11
-1.690000000e-02	1.552965036e+01	-7.905156053e-03	1.778520581e-11
-1.700000000e-02	1.552965082e+01	-8.063229097e-03	1.816951567e-11
-1.710000000e-02	1.552965129e+01	-8.221302139e-03	3.716830662e-11
-1.720000000e-02	1.552965175e+01	-8.379375167e-03	7.013367267e-12
-1.730000000e-02	1.552965222e+01	-8.537448189e-03	1.495266632e-11
-1.740000000e-02	1.552965269e+01	-8.695521201e-03	1.363082557e-11
-1.750000000e-02	1.552965316e+01	-8.853594208e-03	1.269314496e-11
-1.760000000e-02	1.552965363e+01	-9.011667203e-03	1.166936523e-11
-1.770000000e-02	1.552965411e+01	-9.169740191e-03	2.492262375e-11
-1.780000000e-02	1.552965458e+01	-9.327813173e-03	1.593304513e-11
-1.790000000e-02	1.552965506e+01	-9.485886145e-03	8.899587875e-12
-1.800000000e-02	1.552965554e+01	-9.643959108e-03	1.254503206e-11
-1.810000000e-02	1.552965602e+01	-9.802032061e-03	1.305970894e-11
-1.820000000e-02	1.552965651e+01	-9.960105008e-03	1.099403106e-11
-1.830000000e-02	1.552965699e+01	-1.011817795e-02	8.928978294e-12
-1.840000000e-02	1.552965747e+01	-1.027625087e-02	2.674202249e-11
-1.850000000e-02	1.552965796e+01	-1.043432379e-02	9.799864337e-12
-1.860000000e-02	1.552965845e+01	-1.059239670e-02	6.721434775e-12
-1.870000000e-02	1.552965894e+01	-1.075046961e-02	2.197262688e-11
-1.880000000e-02	1.552965943e+01	-1.090854250e-02	6.816460328e-12
-1.890000000e-02	1.552965993e+01	-1.106661538e-02	1.220759531e-11
-1.900000000e-02	1.552966042e+01	-1.122468826e-02	1.744110354e-11
-1.910000000e-02	1.552966092e+01	-1.138276112e-02	2.048408785e-11
-1.920000000e-02	1.552966142e+01	-1.154083398e-02	2.328312262e-11
-1.930000000e-02	1.552966192e+01	-1.169890683e-02	1.112206148e-11
-1.940000000e-02	1.552966242e+01	-1.185697966e-02	1.204150185e-11
-1.950000000e-02	1.552966292e+01	-1.201505249e-02	8.030481096e-12
-1.960000000e-02	1.552966343e+01	-1.217312531e-02	1.477190589e-11
-1.970000000e-02	1.552966393e+01	-1.233119812e-02	6.368160396e-12
-1.980000000e-02	1.552966444e+01	-1.248927092e-02	2.615213544e-11
-1.990000000e-02	1.552966495e+01	-1.264734372e-02	1.793504659e-11
-2.000000000e-02	1.552966546e+01	-1.280541650e-02	7.221077666e-12
-2.010000000e-02	1.552966598e+01	-1.296348927e-02	9.207114029e-12
-2.020000000e-02	1.552966649e+01	-1.312156203e-02	4.152565961e-11
-2.030000000e-02	1.552966701e+01	-1.327963479e-02	9.956668714e-12
-2.040000000e-02	1.552966752e+01	-1.343770753e-02	5.648989310e-12
-2.050000000e-02	1.552966804e+01	-1.359578026e-02	6.118334395e-12
-2.060000000e-02	1.552966856e+01	-1.375385299e-02	3.516114221e-11
-2.070000000e-02	1.552966909e+01	-1.391192570e-02	3.293073983e-11
-2.080000000e-02	1.552966961e+01	-1.406999840e-02	1.623899536e-11
-2.090000000e-02	1.552967014e+01	-1.422807110e-02	2.129406605e-11
-2.100000000e-02	1.552967066e+01	-1.438614378e-02	1.695872909e-11
-2.110000000e-02	1.552967119e+01	-1.454421645e-02	3.268483165e-11
-2.120000000e-02	1.552967172e+01	-1.470228912e-02	1.069175193e-11
-2.130000000e-02	1.552967226e+01	-1.486036177e-02	1.117980289e-11
-2.140000000e-02	1.552967279e+01	-1.501843442e-02	1.089951812e-11
-2.150000000e-02	1.552967333e+01	-1.517650705e-02	1.196482962e-11
-2.160000000e-02	1.552967386e+01	-1.533457967e-02	1.175479770e-11
-2.170000000e-02	1.552967440e+01	-1.549265228e-02	7.570711436e-12
-2.180000000e-02	1.552967494e+01	-1.565072489e-02	8.111891952e-12
-2.190000000e-02	1.552967548e+01	-1.580879748e-02	1.063175338e-11
-2.200000000e-02	1.552967603e+01	-1.596687006e-02	1.373800315e-11
-2.210000000e-02	1.552967657e+01	-1.612494263e-02	1.062832199e-11
-2.220000000e-02	1.552967712e+01	-1.628301519e-02	1.679999744e-11
-2.230000000e-02	1.552967767e+01	-1.644108774e-02	3.123342627e-11
-2.240000000e-02	1.552967822e+01	-1.659916028e-02	2.137990158e-11
-2.250000000e-02	1.552967877e+01	-1.675723280e-02	1.445975767e-11
-2.260000000e-02	1.552967932e+01	-1.691530532e-02	1.279000517e-11
-2.270000000e-02	1.552967988e+01	-1.707337783e-02	1.987683616e-11
-2.280000000e-02	1.552968043e+01	-1.723145032e-02	9.474026480e-12
-2.290000000e-02	1.552968099e+01	-1.738952281e-02	3.308378790e-11
-2.300000000e-02	1.552968155e+01	-1.754759528e-02	4.696277923e-11
-2.310000000e-02	1.552968211e+01	-1.770566774e-02	1.051807904e-11
-2.320000000e-02	1.552968267e+01	-1.786374020e-02	8.841147500e-12
-2.330000000e-02	1.552968324e+01	-1.802181263e-02	5.701979257e-11
-2.340000000e-02	1.552968380e+01	-1.817988506e-02	1.241764838e-11
-2.350000000e-02	1.552968437e+01	-1.833795748e-02	2.113007810e-11
-2.360000000e-02	1.552968494e+01	-1.849602989e-02	1.091912607e-11
-2.370000000e-02	1.552968551e+01	-1.865410229e-02	4.552173797e-11
-2.380000000e-02	1.552968608e+01	-1.881217467e-02	1.316975195e-11
-2.390000000e-02	1.552968666e+01	-1.897024704e-02	1.659746789e-11
-2.400000000e-02	1.552968723e+01	-1.912831940e-02	8.048981765e-12
-2.410000000e-02	1.552968781e+01	-1.928639175e-02	1.197049642e-11
-2.420000000e-02	1.552968839e+01	-1.944446409e-02	1.131370084e-11
-2.430000000e-02	1.552968897e+01	-1.960253641e-02	1.996036219e-11
-2.440000000e-02	1.552968955e+01	-1.976060873e-02	2.068145787e-11
-2.450000000e-02	1.552969013e+01	-1.991868103e-02	6.428361322e-12
-2.460000000e-02	1.552969072e+01	-2.007675332e-02	7.051348336e-12
-2.470000000e-02	1.552969131e+01	-2.023482560e-02	1.063039434e-11
-2.480000000e-02	1.552969189e+01	-2.039289787e-02	8.805937930e-12
-2.490000000e-02	1.552969248e+01	-2.055097012e-02	8.382962479e-12
-2.500000000e-02	1.552969308e+01	-2.070904237e-02	6.371972984e-12
-2.510000000e-02	1.552969367e+01	-2.086711460e-02	4.874173552e-11
-2.520000000e-02	1.552969426e+01	-2.102518682e-02	5.859861273e-11
-2.530000000e-02	1.552969486e+01	-2.118325903e-02	1.129044865e-11
-2.540000000e-02	1.552969546e+01	-2.134133122e-02	2.623107476e-11
-2.550000000e-02	1.552969606e+01	-2.149940340e-02	1.134426428e-11
-2.560000000e-02	1.552969666e+01	-2.165747557e-02	9.762147891e-12
-2.570000000e-02	1.552969726e+01	-2.181554773e-02	1.383596475e-11
-2.580000000e-02	1.552969787e+01	-2.197361988e-02	2.384474196e-11
-2.590000000e-02	1.552969847e+01	-2.213169201e-02	1.446990003e-11
-2.600000000e-02	1.552969908e+01	-2.228976413e-02	1.263604912e-11
-2.610000000e-02	1.552969969e+01	-2.244783624e-02	1.034831105e-11
-2.620000000e-02	1.552970030e+01	-2.260590834e-02	1.183034668e-11
-2.630000000e-02	1.552970091e+01	-2.276398042e-02	1.809364405e-11
-2.640000000e-02	1.552970153e+01	-2.292205249e-02	3.000654374e-11
-2.650000000e-02	1.552970214e+01	-2.308012455e-02	1.157759489e-11
-2.660000000e-02	1.552970276e+01	-2.323819659e-02	2.255968179e-11
-2.670000000e-02	1.552970338e+01	-2.339626863e-02	3.165643884e-11
-2.680000000e-02	1.552970400e+01	-2.355434065e-02	1.577279934e-11
-2.690000000e-02	1.552970462e+01	-2.371241265e-02	7.978885482e-12
-2.700000000e-02	1.552970524e+01	-2.387048465e-02	6.851413986e-12
-2.710000000e-02	1.552970587e+01	-2.402855663e-02	1.096438369e-11
-2.720000000e-02	1.552970650e+01	-2.418662860e-02	6.636506298e-12
-2.730000000e-02	1.552970712e+01	-2.434470055e-02	9.974451351e-12
-2.740000000e-02	1.552970775e+01	-2.450277249e-02	6.003338805e-12
-2.750000000e-02	1.552970839e+01	-2.466084442e-02	1.382655371e-11
-2.760000000e-02	1.552970902e+01	-2.481891633e-02	2.109951009e-11
-2.770000000e-02	1.552970965e+01	-2.497698824e-02	1.904249690e-11
-2.780000000e-02	1.552971029e+01	-2.513506012e-02	1.105526422e-11
-2.790000000e-02	1.552971093e+01	-2.529313200e-02	1.454752683e-11
-2.800000000e-02	1.552971157e+01	-2.545120386e-02	9.483356953e-12
-2.810000000e-02	1.552971221e+01	-2.560927571e-02	1.787871673e-11
-2.820000000e-02	1.552971285e+01	-2.576734755e-02	1.433581568e-11
-2.830000000e-02	1.552971350e+01	-2.592541937e-02	5.029163830e-11
-2.840000000e-02	1.552971414e+01	-2.608349117e-02	1.598207755e-11
-2.850000000e-02	1.552971479e+01	-2.624156297e-02	7.048124292e-12
-2.860000000e-02	1.552971544e+01	-2.639963475e-02	1.641843375e-11
-2.870000000e-02	1.552971609e+01	-2.655770651e-02	6.937056751e-12
-2.880000000e-02	1.552971675e+01	-2.671577827e-02	1.558280403e-11
-2.890000000e-02	1.552971740e+01	-2.687385001e-02	2.027859283e-11
-2.900000000e-02	1.552971805e+01	-2.703192173e-02	1.630694418e-11
-2.910000000e-02	1.552971871e+01	-2.718999344e-02	9.998508004e-12
-2.920000000e-02	1.552971937e+01	-2.734806514e-02	5.936420048e-12
-2.930000000e-02	1.552972003e+01	-2.750613682e-02	1.464059473e-11
-2.940000000e-02	1.552972069e+01	-2.766420849e-02	1.135436123e-11
-2.950000000e-02	1.552972136e+01	-2.782228015e-02	2.293113666e-11
-2.960000000e-02	1.552972202e+01	-2.798035178e-02	1.365069127e-11
-2.970000000e-02	1.552972269e+01	-2.813842341e-02	1.000258256e-11
-2.980000000e-02	1.552972336e+01	-2.829649502e-02	5.739378160e-12
-2.990000000e-02	1.552972403e+01	-2.845456662e-02	6.481598782e-12
-3.000000000e-02	1.552972470e+01	-2.861263820e-02	1.618824544e-11
-3.010000000e-02	1.552972537e+01	-2.877070977e-02	1.122384294e-11
-3.020000000e-02	1.552972605e+01	-2.892878132e-02	6.991090843e-12
-3.030000000e-02	1.552972673e+01	-2.908685286e-02	7.962879353e-12
-3.040000000e-02	1.552972740e+01	-2.924492439e-02	1.533487902e-11
-3.050000000e-02	1.552972808e+01	-2.940299590e-02	3.638806255e-11
-3.060000000e-02	1.552972877e+01	-2.956106739e-02	6.737854041e-12
-3.070000000e-02	1.552972945e+01	-2.971913888e-02	7.380614530e-12
-3.080000000e-02	1.552973013e+01	-2.987721034e-02	1.124701600e-11
-3.090000000e-02	1.552973082e+01	-3.003528179e-02	1.863734312e-11
-3.100000000e-02	1.552973151e+01	-3.019335323e-02	8.396603450e-12
-3.110000000e-02	1.552973220e+01	-3.035142465e-02	6.402914203e-12
-3.120000000e-02	1.552973289e+01	-3.050949606e-02	3.078576055e-11
-3.130000000e-02	1.552973358e+01	-3.066756745e-02	8.819328345e-12
-3.140000000e-02	1.552973428e+01	-3.082563882e-02	3.848464773e-11
-3.150000000e-02	1.552973497e+01	-3.098371019e-02	3.887307260e-11
-3.160000000e-02	1.552973567e+01	-3.114178153e-02	5.987301326e-12
-3.170000000e-02	1.552973637e+01	-3.129985286e-02	3.427024227e-11
-3.180000000e-02	1.552973707e+01	-3.145792418e-02	1.602758003e-11
-3.190000000e-02	1.552973777e+01	-3.161599548e-02	1.348755370e-11
-3.200000000e-02	1.552973848e+01	-3.177406676e-02	9.230949882e-12
-3.210000000e-02	1.552973918e+01	-3.193213803e-02	2.502855850e-11
-3.220000000e-02	1.552973989e+01	-3.209020928e-02	2.024766620e-11
-3.230000000e-02	1.552974060e+01	-3.224828052e-02	1.501927054e-11
-3.240000000e-02	1.552974131e+01	-3.240635175e-02	1.211627937e-11
-3.250000000e-02	1.552974202e+01	-3.256442295e-02	8.323440000e-12
-3.260000000e-02	1.552974273e+01	-3.272249414e-02	4.884264577e-12
-3.270000000e-02	1.552974345e+01	-3.288056532e-02	1.958434634e-11
-3.280000000e-02	1.552974416e+01	-3.303863648e-02	1.647469842e-11
-3.290000000e-02	1.552974488e+01	-3.319670762e-02	1.052488174e-11
-3.300000000e-02	1.552974560e+01	-3.335477875e-02	1.221281022e-11
-3.310000000e-02	1.552974632e+01	-3.351284986e-02	3.829182281e-11
-3.320000000e-02	1.552974705e+01	-3.367092096e-02	8.956860286e-12
-3.330000000e-02	1.552974777e+01	-3.382899204e-02	3.887621062e-11
-3.340000000e-02	1.552974850e+01	-3.398706310e-02	9.625487857e-12
-3.350000000e-02	1.552974923e+01	-3.414513415e-02	1.537017866e-11
-3.360000000e-02	1.552974996e+01	-3.430320518e-02	8.522207882e-12
-3.370000000e-02	1.552975069e+01	-3.446127620e-02	1.062915152e-11
-3.380000000e-02	1.552975142e+01	-3.461934720e-02	7.725870922e-12
-3.390000000e-02	1.552975216e+01	-3.477741818e-02	5.498783413e-12
-3.400000000e-02	1.552975289e+01	-3.493548915e-02	1.402107744e-11
-3.410000000e-02	1.552975363e+01	-3.509356010e-02	7.574545859e-12
-3.420000000e-02	1.552975437e+01	-3.525163103e-02	9.989561244e-12
-3.430000000e-02	1.552975511e+01	-3.540970195e-02	8.689595700e-12
-3.440000000e-02	1.552975585e+01	-3.556777285e-02	8.670882763e-12
-3.450000000e-02	1.552975660e+01	-3.572584373e-02	6.130461534e-12
-3.460000000e-02	1.552975734e+01	-3.588391460e-02	9.353352929e-12
-3.470000000e-02	1.552975809e+01	-3.604198545e-02	3.552615180e-11
-3.480000000e-02	1.552975884e+01	-3.620005629e-02	3.176434199e-11
-3.490000000e-02	1.552975959e+01	-3.635812710e-02	3.987545822e-11
-3.500000000e-02	1.552976034e+01	-3.651619790e-02	2.974631388e-11
-3.510000000e-02	1.552976109e+01	-3.667426869e-02	5.829045340e-12
-3.520000000e-02	1.552976185e+01	-3.683233946e-02	1.324489159e-11
-3.530000000e-02	1.552976261e+01	-3.699041020e-02	9.436112032e-12
-3.540000000e-02	1.552976336e+01	-3.714848094e-02	1.800991357e-11
-3.550000000e-02	1.552976412e+01	-3.730655165e-02	8.788985697e-12
-3.560000000e-02	1.552976489e+01	-3.746462235e-02	2.367163328e-11
-3.570000000e-02	1.552976565e+01	-3.762269303e-02	3.929818888e-11
-3.580000000e-02	1.552976641e+01	-3.778076370e-02	2.255833914e-11
-3.590000000e-02	1.552976718e+01	-3.793883434e-02	1.885897798e-11
-3.600000000e-02	1.552976795e+01	-3.809690497e-02	9.434688589e-12
-3.610000000e-02	1.552976872e+01	-3.825497558e-02	2.157019338e-11
-3.620000000e-02	1.552976949e+01	-3.841304618e-02	9.666727133e-12
-3.630000000e-02	1.552977026e+01	-3.857111676e-02	1.169060398e-11
-3.640000000e-02	1.552977104e+01	-3.872918732e-02	6.018134031e-11
-3.650000000e-02	1.552977181e+01	-3.888725786e-02	1.817040517e-11
-3.660000000e-02	1.552977259e+01	-3.904532838e-02	1.065926811e-11
-3.670000000e-02	1.552977337e+01	-3.920339889e-02	4.779729069e-11
-3.680000000e-02	1.552977415e+01	-3.936146938e-02	2.615764320e-11
-3.690000000e-02	1.552977493e+01	-3.951953985e-02	2.070483894e-11
-3.700000000e-02	1.552977572e+01	-3.967761030e-02	2.171861368e-11
-3.710000000e-02	1.552977650e+01	-3.983568074e-02	9.392256657e-12
-3.720000000e-02	1.552977729e+01	-3.999375116e-02	6.897596481e-12
-3.730000000e-02	1.552977808e+01	-4.015182156e-02	1.478877570e-11
-3.740000000e-02	1.552977887e+01	-4.030989194e-02	2.095826969e-11
-3.750000000e-02	1.552977966e+01	-4.046796230e-02	1.008671302e-11
-3.760000000e-02	1.552978046e+01	-4.062603265e-02	1.036369680e-11
-3.770000000e-02	1.552978125e+01	-4.078410297e-02	3.094735560e-11
-3.780000000e-02	1.552978205e+01	-4.094217328e-02	9.071507512e-12
-3.790000000e-02	1.552978285e+01	-4.110024357e-02	1.625527130e-11
-3.800000000e-02	1.552978365e+01	-4.125831384e-02	2.088291292e-11
-3.810000000e-02	1.552978445e+01	-4.141638410e-02	7.880252112e-12
-3.820000000e-02	1.552978525e+01	-4.157445434e-02	1.709486763e-11
-3.830000000e-02	1.552978606e+01	-4.173252455e-02	1.399968677e-11
-3.840000000e-02	1.552978687e+01	-4.189059475e-02	1.157468127e-11
-3.850000000e-02	1.552978767e+01	-4.204866493e-02	2.215648940e-11
-3.860000000e-02	1.552978848e+01	-4.220673509e-02	9.721276521e-12
-3.870000000e-02	1.552978930e+01	-4.236480524e-02	9.101355084e-12
-3.880000000e-02	1.552979011e+01	-4.252287536e-02	9.900587760e-12
-3.890000000e-02	1.552979092e+01	-4.268094547e-02	8.635430235e-12
-3.900000000e-02	1.552979174e+01	-4.283901555e-02	1.822852681e-11
-3.910000000e-02	1.552979256e+01	-4.299708562e-02	9.893593997e-12
-3.920000000e-02	1.552979338e+01	-4.315515567e-02	1.128456195e-11
-3.930000000e-02	1.552979420e+01	-4.331322570e-02	1.923197994e-11
-3.940000000e-02	1.552979502e+01	-4.347129571e-02	1.798822614e-11
-3.950000000e-02	1.552979585e+01	-4.362936570e-02	1.873838070e-11
-3.960000000e-02	1.552979667e+01	-4.378743568e-02	1.442735463e-11
-3.970000000e-02	1.552979750e+01	-4.394550563e-02	1.494007943e-11
-3.980000000e-02	1.552979833e+01	-4.410357556e-02	1.223424620e-11
-3.990000000e-02	1.552979916e+01	-4.426164548e-02	1.666694408e-11
-4.000000000e-02	1.552979999e+01	-4.441971538e-02	1.387026752e-11
