# epsi_ci     Re(Lambda)      Im(Lambda)      Eq(det), R = 0.10 $\mu$m, $E_p$ = 0.900 eV, modo = 4, $\epsilon_\infty$ = 3.9, $\gamma_{DL}$ = 0.01 eV, solve_det_sinkz_vs_mu.py
0.000000000e+00	2.248759692e+00	2.239453669e-02	5.505366549e-20
-5.000000000e-04	2.248762197e+00	2.221028590e-02	6.043162378e-20
-1.000000000e-03	2.248764716e+00	2.202603492e-02	3.608334614e-20
-1.500000000e-03	2.248767250e+00	2.184178375e-02	4.520592202e-20
-2.000000000e-03	2.248769799e+00	2.165753238e-02	5.352592444e-20
-2.500000000e-03	2.248772363e+00	2.147328084e-02	5.457454218e-20
-3.000000000e-03	2.248774941e+00	2.128902911e-02	4.119154130e-20
-3.500000000e-03	2.248777533e+00	2.110477720e-02	5.698674216e-20
-4.000000000e-03	2.248780141e+00	2.092052511e-02	4.289579336e-20
-4.500000000e-03	2.248782763e+00	2.073627286e-02	6.544817058e-20
-5.000000000e-03	2.248785399e+00	2.055202043e-02	4.338604710e-20
-5.500000000e-03	2.248788051e+00	2.036776784e-02	5.546452916e-20
-6.000000000e-03	2.248790717e+00	2.018351508e-02	3.565552729e-20
-6.500000000e-03	2.248793397e+00	1.999926217e-02	4.332393728e-20
-7.000000000e-03	2.248796092e+00	1.981500910e-02	7.076031704e-20
-7.500000000e-03	2.248798802e+00	1.963075588e-02	5.630259198e-20
-8.000000000e-03	2.248801527e+00	1.944650250e-02	5.291426720e-20
-8.500000000e-03	2.248804266e+00	1.926224899e-02	8.598837781e-20
-9.000000000e-03	2.248807019e+00	1.907799533e-02	5.399077844e-20
-9.500000000e-03	2.248809788e+00	1.889374153e-02	6.311806679e-20
-1.000000000e-02	2.248812571e+00	1.870948760e-02	3.382323319e-20
-1.050000000e-02	2.248815369e+00	1.852523353e-02	5.832415728e-20
-1.100000000e-02	2.248818181e+00	1.834097933e-02	2.437094148e-20
-1.150000000e-02	2.248821008e+00	1.815672500e-02	5.582698754e-20
-1.200000000e-02	2.248823850e+00	1.797247056e-02	5.037114850e-20
-1.250000000e-02	2.248826706e+00	1.778821599e-02	5.201500051e-20
-1.300000000e-02	2.248829577e+00	1.760396132e-02	6.346849484e-20
-1.350000000e-02	2.248832462e+00	1.741970652e-02	4.577391775e-20
-1.400000000e-02	2.248835362e+00	1.723545161e-02	5.200407807e-20
-1.450000000e-02	2.248838277e+00	1.705119661e-02	4.600661273e-20
-1.500000000e-02	2.248841207e+00	1.686694149e-02	5.600262649e-20
-1.550000000e-02	2.248844151e+00	1.668268628e-02	4.216204721e-20
-1.600000000e-02	2.248847110e+00	1.649843097e-02	4.510931838e-20
-1.650000000e-02	2.248850083e+00	1.631417557e-02	8.088657843e-20
-1.700000000e-02	2.248853071e+00	1.612992008e-02	2.881889383e-20
-1.750000000e-02	2.248856074e+00	1.594566451e-02	5.942448671e-20
-1.800000000e-02	2.248859091e+00	1.576140885e-02	1.962546908e-20
-1.850000000e-02	2.248862123e+00	1.557715311e-02	4.226020220e-20
-1.900000000e-02	2.248865170e+00	1.539289729e-02	5.109299297e-20
-1.950000000e-02	2.248868231e+00	1.520864141e-02	4.482134486e-20
-2.000000000e-02	2.248871307e+00	1.502438544e-02	4.259787725e-20
-2.050000000e-02	2.248874398e+00	1.484012942e-02	2.531869238e-20
-2.100000000e-02	2.248877503e+00	1.465587334e-02	4.305375749e-20
-2.150000000e-02	2.248880623e+00	1.447161718e-02	7.054529945e-20
-2.200000000e-02	2.248883757e+00	1.428736098e-02	4.598142140e-20
-2.250000000e-02	2.248886906e+00	1.410310473e-02	4.644687109e-20
-2.300000000e-02	2.248890070e+00	1.391884843e-02	5.190152801e-20
-2.350000000e-02	2.248893249e+00	1.373459207e-02	6.567399403e-20
-2.400000000e-02	2.248896442e+00	1.355033568e-02	6.259301265e-20
-2.450000000e-02	2.248899649e+00	1.336607924e-02	8.793439510e-20
-2.500000000e-02	2.248902872e+00	1.318182277e-02	4.846743264e-20
-2.550000000e-02	2.248906109e+00	1.299756627e-02	6.989401620e-20
-2.600000000e-02	2.248909360e+00	1.281330974e-02	6.216798833e-20
-2.650000000e-02	2.248912627e+00	1.262905318e-02	5.148667854e-20
-2.700000000e-02	2.248915908e+00	1.244479659e-02	5.089373974e-20
-2.750000000e-02	2.248919203e+00	1.226053999e-02	2.804665122e-20
-2.800000000e-02	2.248922514e+00	1.207628336e-02	4.972514727e-20
-2.850000000e-02	2.248925838e+00	1.189202674e-02	4.605851139e-20
-2.900000000e-02	2.248929178e+00	1.170777009e-02	6.130404591e-20
-2.950000000e-02	2.248932532e+00	1.152351345e-02	4.400526408e-20
-3.000000000e-02	2.248935901e+00	1.133925679e-02	6.332335442e-20
-3.050000000e-02	2.248939285e+00	1.115500014e-02	9.494005495e-20
-3.100000000e-02	2.248942683e+00	1.097074349e-02	3.949929486e-20
-3.150000000e-02	2.248946095e+00	1.078648685e-02	3.793382090e-20
-3.200000000e-02	2.248949523e+00	1.060223021e-02	4.980016779e-20
-3.250000000e-02	2.248952965e+00	1.041797360e-02	8.675674779e-20
-3.300000000e-02	2.248956422e+00	1.023371699e-02	8.168003548e-20
-3.350000000e-02	2.248959893e+00	1.004946042e-02	7.924825925e-20
-3.400000000e-02	2.248963379e+00	9.865203861e-03	5.157113226e-20
-3.450000000e-02	2.248966880e+00	9.680947327e-03	3.914070450e-20
-3.500000000e-02	2.248970395e+00	9.496690822e-03	4.829345047e-20
-3.550000000e-02	2.248973925e+00	9.312434360e-03	5.473657025e-20
-3.600000000e-02	2.248977470e+00	9.128177926e-03	8.160721816e-20
-3.650000000e-02	2.248981029e+00	8.943921533e-03	3.713094367e-20
-3.700000000e-02	2.248984603e+00	8.759665190e-03	4.049717140e-20
-3.750000000e-02	2.248988191e+00	8.575408889e-03	4.552061602e-20
-3.800000000e-02	2.248991794e+00	8.391152632e-03	5.543593031e-20
-3.850000000e-02	2.248995412e+00	8.206896438e-03	6.510757685e-20
-3.900000000e-02	2.248999045e+00	8.022640294e-03	5.391242572e-20
-3.950000000e-02	2.249002692e+00	7.838384213e-03	4.337550266e-20
-4.000000000e-02	2.249006354e+00	7.654128197e-03	5.565906256e-20
-4.050000000e-02	2.249010030e+00	7.469872250e-03	4.997490028e-20
-4.100000000e-02	2.249013721e+00	7.285616364e-03	3.317802853e-20
-4.150000000e-02	2.249017427e+00	7.101360554e-03	4.675396391e-20
-4.200000000e-02	2.249021147e+00	6.917104825e-03	3.927441534e-20
-4.250000000e-02	2.249024882e+00	6.732849178e-03	6.812923595e-20
-4.300000000e-02	2.249028632e+00	6.548593609e-03	6.106395835e-20
-4.350000000e-02	2.249032396e+00	6.364338125e-03	8.415081096e-20
-4.400000000e-02	2.249036175e+00	6.180082733e-03	6.521163895e-20
-4.450000000e-02	2.249039969e+00	5.995827434e-03	5.590757536e-20
-4.500000000e-02	2.249043777e+00	5.811572233e-03	5.459660041e-20
-4.550000000e-02	2.249047600e+00	5.627317125e-03	3.712554872e-20
-4.600000000e-02	2.249051438e+00	5.443062123e-03	8.351014877e-20
-4.650000000e-02	2.249055290e+00	5.258807233e-03	3.518012256e-20
-4.700000000e-02	2.249059157e+00	5.074552450e-03	3.923224046e-20
-4.750000000e-02	2.249063038e+00	4.890297781e-03	4.479563540e-20
-4.800000000e-02	2.249066934e+00	4.706043229e-03	4.496439373e-20
-4.850000000e-02	2.249070845e+00	4.521788795e-03	3.620057831e-20
-4.900000000e-02	2.249074770e+00	4.337534484e-03	4.108478101e-20
-4.950000000e-02	2.249078711e+00	4.153280299e-03	5.124682025e-20
-5.000000000e-02	2.249082665e+00	3.969026248e-03	6.206094795e-20
-5.050000000e-02	2.249086635e+00	3.784772327e-03	4.992483095e-20
-5.100000000e-02	2.249090619e+00	3.600518543e-03	6.245478759e-20
-5.150000000e-02	2.249094617e+00	3.416264894e-03	4.816702814e-20
-5.200000000e-02	2.249098631e+00	3.232011393e-03	2.600918543e-20
-5.250000000e-02	2.249102659e+00	3.047758043e-03	6.527516871e-20
-5.300000000e-02	2.249106701e+00	2.863504831e-03	4.079552332e-20
-5.350000000e-02	2.249110759e+00	2.679251782e-03	7.321866920e-20
-5.400000000e-02	2.249114831e+00	2.494998887e-03	5.954944861e-20
-5.450000000e-02	2.249118917e+00	2.310746145e-03	5.180474505e-20
-5.500000000e-02	2.249123018e+00	2.126493575e-03	3.682806990e-20
-5.550000000e-02	2.249127134e+00	1.942241166e-03	4.168046203e-20
-5.600000000e-02	2.249131265e+00	1.757988927e-03	5.008320065e-20
-5.650000000e-02	2.249135410e+00	1.573736864e-03	3.788117383e-20
-5.700000000e-02	2.249139570e+00	1.389484978e-03	4.488198833e-20
-5.750000000e-02	2.249143744e+00	1.205233263e-03	6.299554939e-20
-5.800000000e-02	2.249147933e+00	1.020981741e-03	5.484515067e-20
-5.850000000e-02	2.249152137e+00	8.367303985e-04	4.870054228e-20
-5.900000000e-02	2.249156355e+00	6.524792513e-04	4.568106809e-20
-5.950000000e-02	2.249160589e+00	4.682282958e-04	5.819077505e-20
-6.000000000e-02	2.249164836e+00	2.839775320e-04	3.919400171e-20
-6.050000000e-02	2.249169099e+00	9.972697161e-05	6.555741585e-20
-6.100000000e-02	2.249173376e+00	-8.452338656e-05	5.738734980e-20
-6.150000000e-02	2.249177667e+00	-2.687735331e-04	4.790029266e-20
-6.200000000e-02	2.249181974e+00	-4.530234811e-04	4.898790765e-20
-6.250000000e-02	2.249186294e+00	-6.372732059e-04	4.926621942e-20
-6.300000000e-02	2.249190630e+00	-8.215227168e-04	5.921360710e-20
-6.350000000e-02	2.249194980e+00	-1.005772012e-03	3.094508743e-20
-6.400000000e-02	2.249199345e+00	-1.190021084e-03	3.168571749e-20
-6.450000000e-02	2.249203725e+00	-1.374269930e-03	5.510312748e-20
-6.500000000e-02	2.249208119e+00	-1.558518541e-03	3.991838474e-20
-6.550000000e-02	2.249212528e+00	-1.742766922e-03	4.761467637e-20
-6.600000000e-02	2.249216951e+00	-1.927015074e-03	5.405061507e-20
-6.650000000e-02	2.249221389e+00	-2.111262980e-03	5.646410495e-20
-6.700000000e-02	2.249225842e+00	-2.295510643e-03	4.477606066e-20
-6.750000000e-02	2.249230310e+00	-2.479758054e-03	4.379225152e-20
-6.800000000e-02	2.249234792e+00	-2.664005221e-03	5.464113131e-20
-6.850000000e-02	2.249239288e+00	-2.848252144e-03	7.021413749e-20
-6.900000000e-02	2.249243800e+00	-3.032498799e-03	3.160458045e-20
-6.950000000e-02	2.249248326e+00	-3.216745193e-03	6.405941860e-20
-7.000000000e-02	2.249252866e+00	-3.400991333e-03	2.583325526e-20
-7.050000000e-02	2.249257422e+00	-3.585237204e-03	2.600889158e-20
-7.100000000e-02	2.249261992e+00	-3.769482799e-03	5.869633417e-20
-7.150000000e-02	2.249266576e+00	-3.953728127e-03	5.338568369e-20
-7.200000000e-02	2.249271176e+00	-4.137973178e-03	6.472652035e-20
-7.250000000e-02	2.249275790e+00	-4.322217952e-03	4.737079838e-20
-7.300000000e-02	2.249280418e+00	-4.506462445e-03	5.550170351e-20
-7.350000000e-02	2.249285061e+00	-4.690706650e-03	5.606793336e-20
-7.400000000e-02	2.249289719e+00	-4.874950556e-03	5.910536408e-20
-7.450000000e-02	2.249294392e+00	-5.059194181e-03	3.280297236e-20
-7.500000000e-02	2.249299079e+00	-5.243437506e-03	5.719484517e-20
-7.550000000e-02	2.249303781e+00	-5.427680534e-03	4.820299836e-20
-7.600000000e-02	2.249308497e+00	-5.611923256e-03	4.037547192e-20
-7.650000000e-02	2.249313228e+00	-5.796165672e-03	5.246209529e-20
-7.700000000e-02	2.249317974e+00	-5.980407777e-03	5.253141338e-20
-7.750000000e-02	2.249322734e+00	-6.164649568e-03	5.123003662e-20
-7.800000000e-02	2.249327509e+00	-6.348891048e-03	5.390893838e-20
-7.850000000e-02	2.249332299e+00	-6.533132204e-03	6.122838547e-20
-7.900000000e-02	2.249337103e+00	-6.717373042e-03	5.533350062e-20
-7.950000000e-02	2.249341922e+00	-6.901613555e-03	3.158171295e-20
-8.000000000e-02	2.249346756e+00	-7.085853737e-03	4.794731915e-20
-8.050000000e-02	2.249351604e+00	-7.270093585e-03	6.733745337e-20
-8.100000000e-02	2.249356467e+00	-7.454333094e-03	3.314117679e-20
-8.150000000e-02	2.249361345e+00	-7.638572264e-03	4.995980185e-20
-8.200000000e-02	2.249366237e+00	-7.822811093e-03	5.761511827e-20
-8.250000000e-02	2.249371144e+00	-8.007049575e-03	7.203188456e-20
-8.300000000e-02	2.249376065e+00	-8.191287716e-03	3.430700368e-20
-8.350000000e-02	2.249381001e+00	-8.375525494e-03	9.212784955e-20
-8.400000000e-02	2.249385952e+00	-8.559762920e-03	4.563203804e-20
-8.450000000e-02	2.249390918e+00	-8.743999984e-03	4.713932832e-20
-8.500000000e-02	2.249395898e+00	-8.928236695e-03	5.721280486e-20
-8.550000000e-02	2.249400892e+00	-9.112473025e-03	6.392393329e-20
-8.600000000e-02	2.249405902e+00	-9.296708995e-03	2.366851526e-20
-8.650000000e-02	2.249410926e+00	-9.480944589e-03	6.243333915e-20
-8.700000000e-02	2.249415965e+00	-9.665179814e-03	3.772968540e-20
-8.750000000e-02	2.249421018e+00	-9.849414649e-03	4.258788404e-20
-8.800000000e-02	2.249426086e+00	-1.003364911e-02	2.503281194e-20
-8.850000000e-02	2.249431169e+00	-1.021788318e-02	5.829258763e-20
-8.900000000e-02	2.249436266e+00	-1.040211687e-02	5.050697109e-20
-8.950000000e-02	2.249441378e+00	-1.058635015e-02	5.544196542e-20
-9.000000000e-02	2.249446504e+00	-1.077058304e-02	2.615566894e-20
-9.050000000e-02	2.249451645e+00	-1.095481554e-02	4.999363532e-20
-9.100000000e-02	2.249456801e+00	-1.113904763e-02	6.640190216e-20
-9.150000000e-02	2.249461972e+00	-1.132327931e-02	5.273249739e-20
-9.200000000e-02	2.249467157e+00	-1.150751059e-02	6.386515230e-20
-9.250000000e-02	2.249472357e+00	-1.169174146e-02	3.056633422e-20
-9.300000000e-02	2.249477571e+00	-1.187597190e-02	5.982455088e-20
-9.350000000e-02	2.249482800e+00	-1.206020193e-02	5.335349233e-20
-9.400000000e-02	2.249488044e+00	-1.224443154e-02	5.915055137e-20
-9.450000000e-02	2.249493302e+00	-1.242866072e-02	2.663905049e-20
-9.500000000e-02	2.249498575e+00	-1.261288947e-02	8.145498087e-20
-9.550000000e-02	2.249503863e+00	-1.279711778e-02	6.280737120e-20
-9.600000000e-02	2.249509165e+00	-1.298134567e-02	3.370041783e-20
-9.650000000e-02	2.249514482e+00	-1.316557311e-02	4.882959511e-20
-9.700000000e-02	2.249519814e+00	-1.334980011e-02	5.364324532e-20
-9.750000000e-02	2.249525160e+00	-1.353402666e-02	6.676097407e-20
-9.800000000e-02	2.249530521e+00	-1.371825277e-02	4.645592255e-20
-9.850000000e-02	2.249535897e+00	-1.390247842e-02	4.844839624e-20
-9.900000000e-02	2.249541287e+00	-1.408670362e-02	6.519576828e-20
-9.950000000e-02	2.249546692e+00	-1.427092836e-02	3.677122459e-20
-1.000000000e-01	2.249552111e+00	-1.445515263e-02	5.943744604e-20
-1.005000000e-01	2.249557545e+00	-1.463937644e-02	6.189226977e-20
-1.010000000e-01	2.249562994e+00	-1.482359977e-02	5.808899257e-20
-1.015000000e-01	2.249568457e+00	-1.500782264e-02	6.975224059e-20
-1.020000000e-01	2.249573935e+00	-1.519204503e-02	4.418271076e-20
-1.025000000e-01	2.249579428e+00	-1.537626694e-02	5.451721842e-20
-1.030000000e-01	2.249584935e+00	-1.556048837e-02	2.158518178e-20
-1.035000000e-01	2.249590457e+00	-1.574470932e-02	2.810424640e-20
-1.040000000e-01	2.249595994e+00	-1.592892977e-02	6.762269537e-20
-1.045000000e-01	2.249601545e+00	-1.611314973e-02	3.524961343e-20
-1.050000000e-01	2.249607111e+00	-1.629736920e-02	5.639128538e-20
-1.055000000e-01	2.249612692e+00	-1.648158816e-02	3.008213951e-20
-1.060000000e-01	2.249618287e+00	-1.666580662e-02	7.191148698e-20
-1.065000000e-01	2.249623897e+00	-1.685002458e-02	4.726009293e-20
-1.070000000e-01	2.249629521e+00	-1.703424203e-02	2.961101478e-20
-1.075000000e-01	2.249635160e+00	-1.721845897e-02	5.766135575e-20
-1.080000000e-01	2.249640814e+00	-1.740267539e-02	5.439041089e-20
-1.085000000e-01	2.249646482e+00	-1.758689129e-02	4.260077107e-20
-1.090000000e-01	2.249652166e+00	-1.777110666e-02	6.181106823e-20
-1.095000000e-01	2.249657863e+00	-1.795532152e-02	4.345834122e-20
-1.100000000e-01	2.249663576e+00	-1.813953584e-02	4.370362110e-20
-1.105000000e-01	2.249669303e+00	-1.832374963e-02	5.262738194e-20
-1.110000000e-01	2.249675044e+00	-1.850796289e-02	5.027861015e-20
-1.115000000e-01	2.249680800e+00	-1.869217560e-02	4.596345145e-20
-1.120000000e-01	2.249686571e+00	-1.887638778e-02	3.173216994e-20
-1.125000000e-01	2.249692357e+00	-1.906059940e-02	5.690652026e-20
-1.130000000e-01	2.249698157e+00	-1.924481048e-02	4.971518844e-20
-1.135000000e-01	2.249703972e+00	-1.942902100e-02	4.195086384e-20
-1.140000000e-01	2.249709801e+00	-1.961323097e-02	6.877658026e-20
-1.145000000e-01	2.249715645e+00	-1.979744039e-02	6.019040126e-20
-1.150000000e-01	2.249721504e+00	-1.998164923e-02	4.100260143e-20
-1.155000000e-01	2.249727378e+00	-2.016585751e-02	5.102585721e-20
-1.160000000e-01	2.249733266e+00	-2.035006523e-02	5.046431118e-20
-1.165000000e-01	2.249739168e+00	-2.053427237e-02	4.251022669e-20
-1.170000000e-01	2.249745086e+00	-2.071847893e-02	8.026862798e-20
-1.175000000e-01	2.249751018e+00	-2.090268492e-02	8.417273140e-20
-1.180000000e-01	2.249756964e+00	-2.108689032e-02	6.318958379e-20
-1.185000000e-01	2.249762925e+00	-2.127109513e-02	4.102279576e-20
-1.190000000e-01	2.249768901e+00	-2.145529936e-02	5.993244590e-20
-1.195000000e-01	2.249774892e+00	-2.163950300e-02	1.876227022e-20
-1.200000000e-01	2.249780897e+00	-2.182370604e-02	4.711568365e-20
-1.205000000e-01	2.249786917e+00	-2.200790847e-02	8.648065965e-20
-1.210000000e-01	2.249792951e+00	-2.219211032e-02	5.806658326e-20
-1.215000000e-01	2.249799000e+00	-2.237631155e-02	5.451358536e-20
-1.220000000e-01	2.249805064e+00	-2.256051217e-02	6.075776233e-20
-1.225000000e-01	2.249811142e+00	-2.274471218e-02	4.950774558e-20
-1.230000000e-01	2.249817235e+00	-2.292891157e-02	4.322303356e-20
-1.235000000e-01	2.249823343e+00	-2.311311035e-02	3.856856214e-20
-1.240000000e-01	2.249829465e+00	-2.329730850e-02	4.009065151e-20
-1.245000000e-01	2.249835602e+00	-2.348150603e-02	5.743469208e-20
-1.250000000e-01	2.249841754e+00	-2.366570293e-02	6.662529741e-20
-1.255000000e-01	2.249847920e+00	-2.384989920e-02	3.228191957e-20
-1.260000000e-01	2.249854101e+00	-2.403409483e-02	6.346614734e-20
-1.265000000e-01	2.249860296e+00	-2.421828981e-02	6.333157223e-20
-1.270000000e-01	2.249866506e+00	-2.440248417e-02	7.009526667e-20
-1.275000000e-01	2.249872731e+00	-2.458667786e-02	4.681308696e-20
-1.280000000e-01	2.249878970e+00	-2.477087092e-02	6.129166288e-20
-1.285000000e-01	2.249885224e+00	-2.495506332e-02	7.020302467e-20
-1.290000000e-01	2.249891493e+00	-2.513925506e-02	4.952792268e-20
-1.295000000e-01	2.249897776e+00	-2.532344615e-02	2.602474430e-20
-1.300000000e-01	2.249904074e+00	-2.550763657e-02	4.491812214e-20
-1.305000000e-01	2.249910387e+00	-2.569182632e-02	5.478762390e-20
-1.310000000e-01	2.249916714e+00	-2.587601541e-02	3.611346690e-20
-1.315000000e-01	2.249923056e+00	-2.606020383e-02	5.161331373e-20
-1.320000000e-01	2.249929412e+00	-2.624439157e-02	6.030037082e-20
-1.325000000e-01	2.249935783e+00	-2.642857863e-02	4.306493070e-20
-1.330000000e-01	2.249942169e+00	-2.661276501e-02	6.866469738e-20
-1.335000000e-01	2.249948569e+00	-2.679695070e-02	2.805971122e-20
-1.340000000e-01	2.249954984e+00	-2.698113570e-02	5.267915403e-20
-1.345000000e-01	2.249961414e+00	-2.716532002e-02	6.539848372e-20
-1.350000000e-01	2.249967858e+00	-2.734950363e-02	5.274007685e-20
-1.355000000e-01	2.249974317e+00	-2.753368655e-02	6.204493855e-20
-1.360000000e-01	2.249980791e+00	-2.771786876e-02	5.002527285e-20
-1.365000000e-01	2.249987279e+00	-2.790205027e-02	4.243386255e-20
-1.370000000e-01	2.249993782e+00	-2.808623107e-02	2.736672775e-20
-1.375000000e-01	2.250000299e+00	-2.827041115e-02	5.799528560e-20
-1.380000000e-01	2.250006831e+00	-2.845459053e-02	6.004725102e-20
-1.385000000e-01	2.250013378e+00	-2.863876918e-02	6.317472193e-20
-1.390000000e-01	2.250019939e+00	-2.882294711e-02	4.477049089e-20
-1.395000000e-01	2.250026515e+00	-2.900712431e-02	3.287460845e-20
-1.400000000e-01	2.250033106e+00	-2.919130078e-02	4.784222798e-20
-1.405000000e-01	2.250039711e+00	-2.937547653e-02	2.276711404e-20
-1.410000000e-01	2.250046331e+00	-2.955965153e-02	5.667923929e-20
-1.415000000e-01	2.250052966e+00	-2.974382580e-02	7.217506487e-20
-1.420000000e-01	2.250059615e+00	-2.992799933e-02	6.863303250e-20
-1.425000000e-01	2.250066279e+00	-3.011217210e-02	6.048708566e-20
-1.430000000e-01	2.250072957e+00	-3.029634413e-02	4.809364579e-20
-1.435000000e-01	2.250079650e+00	-3.048051541e-02	3.341619431e-20
-1.440000000e-01	2.250086358e+00	-3.066468593e-02	6.871176152e-20
-1.445000000e-01	2.250093080e+00	-3.084885569e-02	4.786177690e-20
-1.450000000e-01	2.250099817e+00	-3.103302469e-02	5.070735282e-20
-1.455000000e-01	2.250106568e+00	-3.121719294e-02	6.770129339e-20
-1.460000000e-01	2.250113335e+00	-3.140136040e-02	3.640900556e-20
-1.465000000e-01	2.250120115e+00	-3.158552708e-02	8.014405137e-20
-1.470000000e-01	2.250126911e+00	-3.176969300e-02	7.195064636e-20
-1.475000000e-01	2.250133721e+00	-3.195385815e-02	6.566176192e-20
-1.480000000e-01	2.250140546e+00	-3.213802250e-02	7.223080190e-20
-1.485000000e-01	2.250147385e+00	-3.232218607e-02	6.479779570e-20
-1.490000000e-01	2.250154239e+00	-3.250634885e-02	1.997187777e-20
-1.495000000e-01	2.250161108e+00	-3.269051084e-02	2.145093520e-20
-1.500000000e-01	2.250167991e+00	-3.287467203e-02	3.223980076e-20
