# epsi_ci     Re(Lambda)      Im(Lambda)      Eq(det), R = 0.10 $\mu$m, $E_p$ = 0.900 eV, modo = 4, $\epsilon_\infty$ = 3.9, $\gamma_{DL}$ = 0.01 eV, solve_det_sinkz_vs_mu.py
0.000000000e+00	2.201590134e+00	1.942655218e-02	1.134234382e-19
-5.000000000e-04	2.201592725e+00	1.924363444e-02	7.249849902e-20
-1.000000000e-03	2.201595330e+00	1.906071664e-02	7.773744634e-20
-1.500000000e-03	2.201597951e+00	1.887779877e-02	6.516618518e-20
-2.000000000e-03	2.201600586e+00	1.869488085e-02	6.026633638e-20
-2.500000000e-03	2.201603237e+00	1.851196287e-02	1.111899365e-19
-3.000000000e-03	2.201605902e+00	1.832904484e-02	4.613980963e-20
-3.500000000e-03	2.201608582e+00	1.814612675e-02	5.722955106e-20
-4.000000000e-03	2.201611278e+00	1.796320862e-02	5.630633472e-20
-4.500000000e-03	2.201613988e+00	1.778029046e-02	5.753144635e-20
-5.000000000e-03	2.201616714e+00	1.759737224e-02	8.909624218e-20
-5.500000000e-03	2.201619454e+00	1.741445400e-02	7.426339337e-20
-6.000000000e-03	2.201622210e+00	1.723153572e-02	1.011499186e-19
-6.500000000e-03	2.201624981e+00	1.704861742e-02	6.549194084e-20
-7.000000000e-03	2.201627766e+00	1.686569910e-02	5.559972926e-20
-7.500000000e-03	2.201630567e+00	1.668278075e-02	4.018620810e-20
-8.000000000e-03	2.201633382e+00	1.649986238e-02	4.489854482e-20
-8.500000000e-03	2.201636213e+00	1.631694401e-02	6.012468643e-20
-9.000000000e-03	2.201639059e+00	1.613402562e-02	7.502669004e-20
-9.500000000e-03	2.201641919e+00	1.595110724e-02	5.327232864e-20
-1.000000000e-02	2.201644795e+00	1.576818884e-02	6.753543197e-20
-1.050000000e-02	2.201647686e+00	1.558527045e-02	8.732626206e-20
-1.100000000e-02	2.201650591e+00	1.540235206e-02	3.186715655e-20
-1.150000000e-02	2.201653512e+00	1.521943369e-02	6.862469145e-20
-1.200000000e-02	2.201656448e+00	1.503651533e-02	1.074267244e-19
-1.250000000e-02	2.201659399e+00	1.485359698e-02	3.777846213e-20
-1.300000000e-02	2.201662364e+00	1.467067865e-02	6.200814382e-20
-1.350000000e-02	2.201665345e+00	1.448776034e-02	6.557423874e-20
-1.400000000e-02	2.201668341e+00	1.430484207e-02	9.250092721e-20
-1.450000000e-02	2.201671352e+00	1.412192382e-02	9.758189651e-20
-1.500000000e-02	2.201674378e+00	1.393900561e-02	7.294842995e-20
-1.550000000e-02	2.201677418e+00	1.375608743e-02	7.789036070e-20
-1.600000000e-02	2.201680474e+00	1.357316930e-02	4.840277080e-20
-1.650000000e-02	2.201683545e+00	1.339025121e-02	5.866556262e-20
-1.700000000e-02	2.201686631e+00	1.320733317e-02	5.440084681e-20
-1.750000000e-02	2.201689732e+00	1.302441519e-02	6.998351818e-20
-1.800000000e-02	2.201692848e+00	1.284149725e-02	5.287408321e-20
-1.850000000e-02	2.201695979e+00	1.265857938e-02	5.143167393e-20
-1.900000000e-02	2.201699125e+00	1.247566158e-02	8.438907334e-20
-1.950000000e-02	2.201702286e+00	1.229274384e-02	6.847735951e-20
-2.000000000e-02	2.201705462e+00	1.210982617e-02	8.925507057e-20
-2.050000000e-02	2.201708653e+00	1.192690858e-02	6.406103530e-20
-2.100000000e-02	2.201711859e+00	1.174399106e-02	5.629250773e-20
-2.150000000e-02	2.201715080e+00	1.156107362e-02	6.000826920e-20
-2.200000000e-02	2.201718316e+00	1.137815627e-02	8.105792386e-20
-2.250000000e-02	2.201721567e+00	1.119523902e-02	4.744351171e-20
-2.300000000e-02	2.201724833e+00	1.101232185e-02	5.314639007e-20
-2.350000000e-02	2.201728114e+00	1.082940478e-02	7.859726705e-20
-2.400000000e-02	2.201731410e+00	1.064648780e-02	6.180631549e-20
-2.450000000e-02	2.201734722e+00	1.046357093e-02	9.353599417e-20
-2.500000000e-02	2.201738048e+00	1.028065418e-02	5.731350985e-20
-2.550000000e-02	2.201741389e+00	1.009773753e-02	6.576246207e-20
-2.600000000e-02	2.201744745e+00	9.914820991e-03	8.558412486e-20
-2.650000000e-02	2.201748116e+00	9.731904576e-03	5.965659957e-20
-2.700000000e-02	2.201751503e+00	9.548988279e-03	6.147832760e-20
-2.750000000e-02	2.201754904e+00	9.366072112e-03	8.988499208e-20
-2.800000000e-02	2.201758320e+00	9.183156066e-03	5.267203149e-20
-2.850000000e-02	2.201761751e+00	9.000240157e-03	5.194538452e-20
-2.900000000e-02	2.201765198e+00	8.817324383e-03	7.306240249e-20
-2.950000000e-02	2.201768659e+00	8.634408753e-03	9.250004790e-20
-3.000000000e-02	2.201772135e+00	8.451493269e-03	7.873218666e-20
-3.050000000e-02	2.201775627e+00	8.268577925e-03	4.857409201e-20
-3.100000000e-02	2.201779133e+00	8.085662733e-03	7.745738402e-20
-3.150000000e-02	2.201782654e+00	7.902747693e-03	5.946406469e-20
-3.200000000e-02	2.201786191e+00	7.719832814e-03	1.132478536e-19
-3.250000000e-02	2.201789742e+00	7.536918104e-03	7.331698389e-20
-3.300000000e-02	2.201793309e+00	7.354003552e-03	7.221756972e-20
-3.350000000e-02	2.201796890e+00	7.171089172e-03	1.233722829e-19
-3.400000000e-02	2.201800486e+00	6.988174955e-03	4.722155019e-20
-3.450000000e-02	2.201804098e+00	6.805260926e-03	6.553265162e-20
-3.500000000e-02	2.201807724e+00	6.622347073e-03	7.177938616e-20
-3.550000000e-02	2.201811366e+00	6.439433403e-03	9.805031491e-20
-3.600000000e-02	2.201815022e+00	6.256519920e-03	6.377730087e-20
-3.650000000e-02	2.201818694e+00	6.073606626e-03	8.250975948e-20
-3.700000000e-02	2.201822380e+00	5.890693525e-03	5.357554765e-20
-3.750000000e-02	2.201826082e+00	5.707780633e-03	1.137258479e-19
-3.800000000e-02	2.201829799e+00	5.524867930e-03	1.930658800e-20
-3.850000000e-02	2.201833530e+00	5.341955433e-03	1.140672174e-19
-3.900000000e-02	2.201837277e+00	5.159043154e-03	4.944287462e-20
-3.950000000e-02	2.201841038e+00	4.976131081e-03	8.308391334e-20
-4.000000000e-02	2.201844815e+00	4.793219229e-03	6.204548675e-20
-4.050000000e-02	2.201848607e+00	4.610307596e-03	5.478341794e-20
-4.100000000e-02	2.201852413e+00	4.427396187e-03	4.106702126e-20
-4.150000000e-02	2.201856235e+00	4.244485000e-03	4.824675817e-20
-4.200000000e-02	2.201860072e+00	4.061574048e-03	7.252514699e-20
-4.250000000e-02	2.201863923e+00	3.878663331e-03	7.205715879e-20
-4.300000000e-02	2.201867790e+00	3.695752853e-03	4.790375925e-20
-4.350000000e-02	2.201871672e+00	3.512842612e-03	7.371382038e-20
-4.400000000e-02	2.201875568e+00	3.329932623e-03	5.782618684e-20
-4.450000000e-02	2.201879480e+00	3.147022873e-03	7.114499299e-20
-4.500000000e-02	2.201883407e+00	2.964113383e-03	5.720321962e-20
-4.550000000e-02	2.201887349e+00	2.781204149e-03	4.580247153e-20
-4.600000000e-02	2.201891305e+00	2.598295177e-03	5.097659804e-20
-4.650000000e-02	2.201895277e+00	2.415386462e-03	4.136531993e-20
-4.700000000e-02	2.201899264e+00	2.232478018e-03	1.011613018e-19
-4.750000000e-02	2.201903266e+00	2.049569851e-03	1.003143560e-19
-4.800000000e-02	2.201907283e+00	1.866661949e-03	9.053704551e-20
-4.850000000e-02	2.201911315e+00	1.683754328e-03	1.029376365e-19
-4.900000000e-02	2.201915361e+00	1.500846991e-03	6.517031959e-20
-4.950000000e-02	2.201919423e+00	1.317939938e-03	7.797086836e-20
-5.000000000e-02	2.201923500e+00	1.135033171e-03	8.114420834e-20
-5.050000000e-02	2.201927592e+00	9.521267043e-04	8.650174976e-20
-5.100000000e-02	2.201931699e+00	7.692205244e-04	3.254925863e-20
-5.150000000e-02	2.201935821e+00	5.863146533e-04	8.267378878e-20
-5.200000000e-02	2.201939958e+00	4.034090764e-04	5.030298174e-20
-5.250000000e-02	2.201944110e+00	2.205038102e-04	9.678674192e-20
-5.300000000e-02	2.201948277e+00	3.759885905e-05	6.427137553e-20
-5.350000000e-02	2.201952459e+00	-1.453057748e-04	7.739265357e-20
-5.400000000e-02	2.201956656e+00	-3.282100980e-04	6.742168870e-20
-5.450000000e-02	2.201960868e+00	-5.111140988e-04	8.716037161e-20
-5.500000000e-02	2.201965095e+00	-6.940177745e-04	9.006154338e-20
-5.550000000e-02	2.201969337e+00	-8.769211199e-04	8.108279765e-20
-5.600000000e-02	2.201973594e+00	-1.059824132e-03	7.679749655e-20
-5.650000000e-02	2.201977866e+00	-1.242726806e-03	6.661509516e-20
-5.700000000e-02	2.201982153e+00	-1.425629142e-03	7.411404684e-20
-5.750000000e-02	2.201986455e+00	-1.608531127e-03	9.489768081e-20
-5.800000000e-02	2.201990772e+00	-1.791432775e-03	5.578034625e-20
-5.850000000e-02	2.201995104e+00	-1.974334073e-03	7.224399578e-20
-5.900000000e-02	2.201999451e+00	-2.157235006e-03	1.016693996e-19
-5.950000000e-02	2.202003814e+00	-2.340135591e-03	6.286110956e-20
-6.000000000e-02	2.202008191e+00	-2.523035811e-03	4.689747400e-20
-6.050000000e-02	2.202012583e+00	-2.705935660e-03	8.054582211e-20
-6.100000000e-02	2.202016990e+00	-2.888835147e-03	8.089785383e-20
-6.150000000e-02	2.202021412e+00	-3.071734264e-03	6.941454796e-20
-6.200000000e-02	2.202025849e+00	-3.254632994e-03	4.552519827e-20
-6.250000000e-02	2.202030302e+00	-3.437531357e-03	1.052028398e-19
-6.300000000e-02	2.202034769e+00	-3.620429323e-03	8.597236849e-20
-6.350000000e-02	2.202039251e+00	-3.803326908e-03	9.645601030e-20
-6.400000000e-02	2.202043748e+00	-3.986224100e-03	1.024000782e-19
-6.450000000e-02	2.202048260e+00	-4.169120903e-03	8.506473360e-20
-6.500000000e-02	2.202052788e+00	-4.352017306e-03	4.895212049e-20
-6.550000000e-02	2.202057330e+00	-4.534913306e-03	7.198343304e-20
-6.600000000e-02	2.202061887e+00	-4.717808902e-03	8.694374327e-20
-6.650000000e-02	2.202066459e+00	-4.900704084e-03	9.621265629e-20
-6.700000000e-02	2.202071047e+00	-5.083598855e-03	7.074017191e-20
-6.750000000e-02	2.202075649e+00	-5.266493212e-03	5.791906257e-20
-6.800000000e-02	2.202080266e+00	-5.449387146e-03	4.872980709e-20
-6.850000000e-02	2.202084898e+00	-5.632280666e-03	8.842069039e-20
-6.900000000e-02	2.202089546e+00	-5.815173747e-03	4.172746462e-20
-6.950000000e-02	2.202094208e+00	-5.998066398e-03	9.134780772e-20
-7.000000000e-02	2.202098885e+00	-6.180958620e-03	6.909219985e-20
-7.050000000e-02	2.202103578e+00	-6.363850402e-03	6.472174814e-20
-7.100000000e-02	2.202108285e+00	-6.546741740e-03	5.938215367e-20
-7.150000000e-02	2.202113007e+00	-6.729632640e-03	6.607662082e-20
-7.200000000e-02	2.202117745e+00	-6.912523085e-03	6.074910813e-20
-7.250000000e-02	2.202122497e+00	-7.095413075e-03	7.915152695e-20
-7.300000000e-02	2.202127264e+00	-7.278302615e-03	5.653446775e-20
-7.350000000e-02	2.202132047e+00	-7.461191693e-03	9.248857644e-20
-7.400000000e-02	2.202136844e+00	-7.644080307e-03	8.260560176e-20
-7.450000000e-02	2.202141656e+00	-7.826968446e-03	5.890470337e-20
-7.500000000e-02	2.202146484e+00	-8.009856120e-03	8.367644720e-20
-7.550000000e-02	2.202151326e+00	-8.192743321e-03	7.363932924e-20
-7.600000000e-02	2.202156184e+00	-8.375630049e-03	7.677446032e-20
-7.650000000e-02	2.202161056e+00	-8.558516284e-03	9.220652068e-20
-7.700000000e-02	2.202165943e+00	-8.741402046e-03	7.147468644e-20
-7.750000000e-02	2.202170846e+00	-8.924287310e-03	7.076702226e-20
-7.800000000e-02	2.202175763e+00	-9.107172081e-03	5.530062726e-20
-7.850000000e-02	2.202180696e+00	-9.290056362e-03	6.729424194e-20
-7.900000000e-02	2.202185643e+00	-9.472940135e-03	5.572929821e-20
-7.950000000e-02	2.202190605e+00	-9.655823408e-03	9.511522004e-20
-8.000000000e-02	2.202195583e+00	-9.838706176e-03	7.519922466e-20
-8.050000000e-02	2.202200575e+00	-1.002158843e-02	6.078463128e-20
-8.100000000e-02	2.202205583e+00	-1.020447017e-02	8.851802780e-20
-8.150000000e-02	2.202210605e+00	-1.038735141e-02	1.356072961e-19
-8.200000000e-02	2.202215643e+00	-1.057023211e-02	8.856005496e-20
-8.250000000e-02	2.202220695e+00	-1.075311228e-02	9.901502152e-20
-8.300000000e-02	2.202225762e+00	-1.093599192e-02	5.904521869e-20
-8.350000000e-02	2.202230845e+00	-1.111887104e-02	9.465761926e-20
-8.400000000e-02	2.202235942e+00	-1.130174962e-02	5.869073612e-20
-8.450000000e-02	2.202241055e+00	-1.148462766e-02	5.227023155e-20
-8.500000000e-02	2.202246182e+00	-1.166750515e-02	4.127783642e-20
-8.550000000e-02	2.202251325e+00	-1.185038210e-02	6.742663014e-20
-8.600000000e-02	2.202256482e+00	-1.203325849e-02	6.103592450e-20
-8.650000000e-02	2.202261655e+00	-1.221613434e-02	1.074487420e-19
-8.700000000e-02	2.202266842e+00	-1.239900962e-02	5.997401226e-20
-8.750000000e-02	2.202272045e+00	-1.258188435e-02	5.765448707e-20
-8.800000000e-02	2.202277262e+00	-1.276475850e-02	1.014909237e-19
-8.850000000e-02	2.202282494e+00	-1.294763210e-02	6.764391941e-20
-8.900000000e-02	2.202287742e+00	-1.313050511e-02	8.094699698e-20
-8.950000000e-02	2.202293004e+00	-1.331337755e-02	8.619467267e-20
-9.000000000e-02	2.202298282e+00	-1.349624941e-02	3.849541930e-20
-9.050000000e-02	2.202303574e+00	-1.367912069e-02	8.774068565e-20
-9.100000000e-02	2.202308882e+00	-1.386199138e-02	5.728272182e-20
-9.150000000e-02	2.202314204e+00	-1.404486148e-02	7.597249072e-20
-9.200000000e-02	2.202319542e+00	-1.422773098e-02	6.792077728e-20
-9.250000000e-02	2.202324894e+00	-1.441059988e-02	6.321252427e-20
-9.300000000e-02	2.202330262e+00	-1.459346819e-02	1.158073124e-19
-9.350000000e-02	2.202335644e+00	-1.477633589e-02	6.691580904e-20
-9.400000000e-02	2.202341042e+00	-1.495920298e-02	4.821064986e-20
-9.450000000e-02	2.202346454e+00	-1.514206946e-02	1.010472863e-19
-9.500000000e-02	2.202351882e+00	-1.532493532e-02	2.792056052e-20
-9.550000000e-02	2.202357324e+00	-1.550780056e-02	7.575125891e-20
-9.600000000e-02	2.202362781e+00	-1.569066519e-02	8.280716416e-20
-9.650000000e-02	2.202368254e+00	-1.587352918e-02	5.520348650e-20
-9.700000000e-02	2.202373741e+00	-1.605639254e-02	3.876898973e-20
-9.750000000e-02	2.202379244e+00	-1.623925526e-02	2.853510703e-20
-9.800000000e-02	2.202384761e+00	-1.642211735e-02	6.551272645e-20
-9.850000000e-02	2.202390294e+00	-1.660497880e-02	6.893862626e-20
-9.900000000e-02	2.202395841e+00	-1.678783960e-02	6.319144362e-20
-9.950000000e-02	2.202401404e+00	-1.697069976e-02	7.674505653e-20
-1.000000000e-01	2.202406981e+00	-1.715355926e-02	7.869413263e-20
-1.005000000e-01	2.202412573e+00	-1.733641810e-02	6.213668767e-20
-1.010000000e-01	2.202418181e+00	-1.751927628e-02	9.763906045e-20
-1.015000000e-01	2.202423803e+00	-1.770213381e-02	6.464354753e-20
-1.020000000e-01	2.202429441e+00	-1.788499066e-02	5.157523857e-20
-1.025000000e-01	2.202435093e+00	-1.806784685e-02	6.789819961e-20
-1.030000000e-01	2.202440760e+00	-1.825070236e-02	6.966095248e-20
-1.035000000e-01	2.202446443e+00	-1.843355719e-02	7.041558906e-20
-1.040000000e-01	2.202452140e+00	-1.861641134e-02	2.256204602e-20
-1.045000000e-01	2.202457853e+00	-1.879926481e-02	5.587243661e-20
-1.050000000e-01	2.202463580e+00	-1.898211759e-02	6.697715877e-20
-1.055000000e-01	2.202469322e+00	-1.916496967e-02	7.686768109e-20
-1.060000000e-01	2.202475080e+00	-1.934782106e-02	8.791653127e-20
-1.065000000e-01	2.202480852e+00	-1.953067175e-02	3.600742623e-20
-1.070000000e-01	2.202486639e+00	-1.971352174e-02	6.815174437e-20
-1.075000000e-01	2.202492442e+00	-1.989637101e-02	8.172876235e-20
-1.080000000e-01	2.202498259e+00	-2.007921958e-02	6.772157988e-20
-1.085000000e-01	2.202504091e+00	-2.026206744e-02	9.985733516e-20
-1.090000000e-01	2.202509939e+00	-2.044491457e-02	6.842498410e-20
-1.095000000e-01	2.202515801e+00	-2.062776099e-02	6.430895557e-20
-1.100000000e-01	2.202521678e+00	-2.081060668e-02	6.335572845e-20
-1.105000000e-01	2.202527570e+00	-2.099345164e-02	8.393595667e-20
-1.110000000e-01	2.202533478e+00	-2.117629587e-02	6.989610038e-20
-1.115000000e-01	2.202539400e+00	-2.135913936e-02	4.069647156e-20
-1.120000000e-01	2.202545337e+00	-2.154198212e-02	8.526912502e-20
-1.125000000e-01	2.202551289e+00	-2.172482413e-02	1.153752853e-19
-1.130000000e-01	2.202557257e+00	-2.190766539e-02	9.209035602e-20
-1.135000000e-01	2.202563239e+00	-2.209050591e-02	4.981794822e-20
-1.140000000e-01	2.202569236e+00	-2.227334566e-02	4.595758823e-20
-1.145000000e-01	2.202575248e+00	-2.245618466e-02	8.111245740e-20
-1.150000000e-01	2.202581275e+00	-2.263902291e-02	8.010973898e-20
-1.155000000e-01	2.202587318e+00	-2.282186039e-02	4.319201665e-20
-1.160000000e-01	2.202593375e+00	-2.300469710e-02	9.000755431e-20
-1.165000000e-01	2.202599447e+00	-2.318753303e-02	9.019299453e-20
-1.170000000e-01	2.202605534e+00	-2.337036819e-02	8.649413276e-20
-1.175000000e-01	2.202611636e+00	-2.355320257e-02	6.732385538e-20
-1.180000000e-01	2.202617753e+00	-2.373603617e-02	7.836443451e-20
-1.185000000e-01	2.202623885e+00	-2.391886898e-02	7.234536552e-20
-1.190000000e-01	2.202630032e+00	-2.410170100e-02	8.032474938e-20
-1.195000000e-01	2.202636194e+00	-2.428453222e-02	4.784700831e-20
-1.200000000e-01	2.202642371e+00	-2.446736266e-02	9.330112435e-20
-1.205000000e-01	2.202648563e+00	-2.465019228e-02	4.376874600e-20
-1.210000000e-01	2.202654770e+00	-2.483302111e-02	8.985793660e-20
-1.215000000e-01	2.202660992e+00	-2.501584912e-02	5.165014979e-20
-1.220000000e-01	2.202667229e+00	-2.519867632e-02	5.438219826e-20
-1.225000000e-01	2.202673481e+00	-2.538150271e-02	1.231964737e-19
-1.230000000e-01	2.202679748e+00	-2.556432827e-02	1.080653438e-19
-1.235000000e-01	2.202686030e+00	-2.574715302e-02	7.947299208e-20
-1.240000000e-01	2.202692327e+00	-2.592997694e-02	6.960643996e-20
-1.245000000e-01	2.202698639e+00	-2.611280002e-02	1.123102960e-19
-1.250000000e-01	2.202704966e+00	-2.629562229e-02	7.469480743e-20
-1.255000000e-01	2.202711308e+00	-2.647844370e-02	6.696526205e-20
-1.260000000e-01	2.202717665e+00	-2.666126428e-02	6.283999001e-20
-1.265000000e-01	2.202724036e+00	-2.684408401e-02	7.511151410e-20
-1.270000000e-01	2.202730423e+00	-2.702690289e-02	7.356099438e-20
-1.275000000e-01	2.202736825e+00	-2.720972093e-02	7.236416525e-20
-1.280000000e-01	2.202743242e+00	-2.739253810e-02	5.463997996e-20
-1.285000000e-01	2.202749673e+00	-2.757535442e-02	6.688231478e-20
-1.290000000e-01	2.202756120e+00	-2.775816988e-02	5.639150312e-20
-1.295000000e-01	2.202762582e+00	-2.794098447e-02	8.591899258e-20
-1.300000000e-01	2.202769058e+00	-2.812379818e-02	6.650983980e-20
-1.305000000e-01	2.202775550e+00	-2.830661103e-02	2.438392958e-20
-1.310000000e-01	2.202782057e+00	-2.848942299e-02	5.995520602e-20
-1.315000000e-01	2.202788578e+00	-2.867223408e-02	6.857991514e-20
-1.320000000e-01	2.202795115e+00	-2.885504428e-02	4.549544517e-20
-1.325000000e-01	2.202801666e+00	-2.903785360e-02	8.951345277e-20
-1.330000000e-01	2.202808233e+00	-2.922066202e-02	9.011932050e-20
-1.335000000e-01	2.202814814e+00	-2.940346955e-02	3.350648491e-20
-1.340000000e-01	2.202821411e+00	-2.958627617e-02	3.514414804e-20
-1.345000000e-01	2.202828022e+00	-2.976908190e-02	4.702000487e-20
-1.350000000e-01	2.202834649e+00	-2.995188672e-02	8.076352367e-20
-1.355000000e-01	2.202841290e+00	-3.013469063e-02	5.980354180e-20
-1.360000000e-01	2.202847947e+00	-3.031749363e-02	8.656279036e-20
-1.365000000e-01	2.202854618e+00	-3.050029571e-02	6.896968048e-20
-1.370000000e-01	2.202861304e+00	-3.068309687e-02	4.903925571e-20
-1.375000000e-01	2.202868006e+00	-3.086589710e-02	6.898110222e-20
-1.380000000e-01	2.202874722e+00	-3.104869641e-02	1.109387153e-19
-1.385000000e-01	2.202881453e+00	-3.123149478e-02	7.268284135e-20
-1.390000000e-01	2.202888199e+00	-3.141429223e-02	6.431985501e-20
-1.395000000e-01	2.202894960e+00	-3.159708872e-02	8.502557622e-20
-1.400000000e-01	2.202901737e+00	-3.177988429e-02	4.039526023e-20
-1.405000000e-01	2.202908528e+00	-3.196267890e-02	3.952817909e-20
-1.410000000e-01	2.202915334e+00	-3.214547257e-02	7.210231964e-20
-1.415000000e-01	2.202922155e+00	-3.232826527e-02	1.047704672e-19
-1.420000000e-01	2.202928991e+00	-3.251105703e-02	9.092002660e-20
-1.425000000e-01	2.202935842e+00	-3.269384782e-02	5.798377548e-20
-1.430000000e-01	2.202942708e+00	-3.287663765e-02	9.167424447e-20
-1.435000000e-01	2.202949589e+00	-3.305942651e-02	5.153294721e-20
-1.440000000e-01	2.202956485e+00	-3.324221441e-02	8.310391447e-20
-1.445000000e-01	2.202963396e+00	-3.342500132e-02	7.001245186e-20
-1.450000000e-01	2.202970322e+00	-3.360778725e-02	6.187635910e-20
-1.455000000e-01	2.202977262e+00	-3.379057221e-02	6.887831909e-20
-1.460000000e-01	2.202984218e+00	-3.397335618e-02	8.108320019e-20
-1.465000000e-01	2.202991189e+00	-3.415613916e-02	6.272498075e-20
-1.470000000e-01	2.202998175e+00	-3.433892115e-02	7.040890548e-20
-1.475000000e-01	2.203005175e+00	-3.452170214e-02	8.221507444e-20
-1.480000000e-01	2.203012191e+00	-3.470448213e-02	8.858214816e-20
-1.485000000e-01	2.203019222e+00	-3.488726111e-02	6.624659078e-20
-1.490000000e-01	2.203026267e+00	-3.507003910e-02	6.957058353e-20
-1.495000000e-01	2.203033328e+00	-3.525281606e-02	1.046207319e-19
-1.500000000e-01	2.203040403e+00	-3.543559202e-02	1.153611816e-19
