# epsi_ci     Re(Lambda)      Im(Lambda)      Eq(det), R = 0.10 $\mu$m, $E_p$ = 0.900 eV, modo = 4, $\epsilon_\infty$ = 3.9, $\gamma_{DL}$ = 0.01 eV, solve_det_sinkz_vs_mu.py
0.000000000e+00	2.151511677e+00	1.714319134e-02	1.418639563e-19
-5.000000000e-04	2.151514163e+00	1.696284197e-02	1.341929895e-19
-1.000000000e-03	2.151516663e+00	1.678249257e-02	1.262792321e-19
-1.500000000e-03	2.151519179e+00	1.660214314e-02	9.476490211e-20
-2.000000000e-03	2.151521710e+00	1.642179370e-02	6.366548835e-20
-2.500000000e-03	2.151524255e+00	1.624144424e-02	1.410938969e-19
-3.000000000e-03	2.151526816e+00	1.606109476e-02	1.190630974e-19
-3.500000000e-03	2.151529392e+00	1.588074529e-02	5.798231050e-20
-4.000000000e-03	2.151531983e+00	1.570039580e-02	1.350611432e-19
-4.500000000e-03	2.151534589e+00	1.552004632e-02	1.139481415e-19
-5.000000000e-03	2.151537210e+00	1.533969684e-02	7.479955502e-20
-5.500000000e-03	2.151539846e+00	1.515934736e-02	8.807035979e-20
-6.000000000e-03	2.151542497e+00	1.497899790e-02	1.328369639e-19
-6.500000000e-03	2.151545163e+00	1.479864845e-02	6.382161265e-20
-7.000000000e-03	2.151547844e+00	1.461829902e-02	7.327396607e-20
-7.500000000e-03	2.151550540e+00	1.443794961e-02	1.259943345e-19
-8.000000000e-03	2.151553251e+00	1.425760023e-02	5.931754858e-20
-8.500000000e-03	2.151555977e+00	1.407725088e-02	7.703097051e-20
-9.000000000e-03	2.151558718e+00	1.389690156e-02	6.885737582e-20
-9.500000000e-03	2.151561475e+00	1.371655227e-02	7.562174538e-20
-1.000000000e-02	2.151564246e+00	1.353620303e-02	1.327657555e-19
-1.050000000e-02	2.151567032e+00	1.335585383e-02	5.605932668e-20
-1.100000000e-02	2.151569834e+00	1.317550468e-02	8.943202167e-20
-1.150000000e-02	2.151572650e+00	1.299515558e-02	8.104422673e-20
-1.200000000e-02	2.151575482e+00	1.281480654e-02	4.497702839e-20
-1.250000000e-02	2.151578328e+00	1.263445756e-02	1.155387645e-19
-1.300000000e-02	2.151581190e+00	1.245410864e-02	1.341704727e-19
-1.350000000e-02	2.151584066e+00	1.227375978e-02	1.171567499e-19
-1.400000000e-02	2.151586958e+00	1.209341100e-02	9.779912216e-20
-1.450000000e-02	2.151589865e+00	1.191306230e-02	1.287336540e-19
-1.500000000e-02	2.151592786e+00	1.173271366e-02	6.008131878e-20
-1.550000000e-02	2.151595723e+00	1.155236512e-02	7.357436334e-20
-1.600000000e-02	2.151598675e+00	1.137201665e-02	9.287645921e-20
-1.650000000e-02	2.151601642e+00	1.119166828e-02	1.058030260e-19
-1.700000000e-02	2.151604623e+00	1.101132000e-02	8.527256178e-20
-1.750000000e-02	2.151607620e+00	1.083097181e-02	1.061885177e-19
-1.800000000e-02	2.151610632e+00	1.065062373e-02	1.042502114e-19
-1.850000000e-02	2.151613659e+00	1.047027575e-02	9.573440175e-20
-1.900000000e-02	2.151616701e+00	1.028992788e-02	8.796210451e-20
-1.950000000e-02	2.151619758e+00	1.010958012e-02	1.323574840e-19
-2.000000000e-02	2.151622830e+00	9.929232478e-03	1.056496902e-19
-2.050000000e-02	2.151625917e+00	9.748884951e-03	1.434339199e-19
-2.100000000e-02	2.151629020e+00	9.568537550e-03	6.670751905e-20
-2.150000000e-02	2.151632137e+00	9.388190280e-03	8.885382805e-20
-2.200000000e-02	2.151635269e+00	9.207843136e-03	1.454870920e-19
-2.250000000e-02	2.151638416e+00	9.027496117e-03	1.430153969e-19
-2.300000000e-02	2.151641579e+00	8.847149248e-03	8.614069661e-20
-2.350000000e-02	2.151644756e+00	8.666802514e-03	1.038264312e-19
-2.400000000e-02	2.151647948e+00	8.486455931e-03	1.130217898e-19
-2.450000000e-02	2.151651156e+00	8.306109492e-03	1.131055507e-19
-2.500000000e-02	2.151654378e+00	8.125763209e-03	1.177779634e-19
-2.550000000e-02	2.151657616e+00	7.945417080e-03	8.193092489e-20
-2.600000000e-02	2.151660868e+00	7.765071115e-03	1.183730558e-19
-2.650000000e-02	2.151664136e+00	7.584725309e-03	1.313156573e-19
-2.700000000e-02	2.151667418e+00	7.404379680e-03	1.178728687e-19
-2.750000000e-02	2.151670716e+00	7.224034216e-03	8.627860780e-20
-2.800000000e-02	2.151674029e+00	7.043688924e-03	1.295913960e-19
-2.850000000e-02	2.151677357e+00	6.863343816e-03	4.324445812e-20
-2.900000000e-02	2.151680699e+00	6.682998889e-03	1.046973815e-19
-2.950000000e-02	2.151684057e+00	6.502654144e-03	1.138560430e-19
-3.000000000e-02	2.151687430e+00	6.322309598e-03	5.330843766e-20
-3.050000000e-02	2.151690818e+00	6.141965243e-03	1.390326129e-19
-3.100000000e-02	2.151694221e+00	5.961621082e-03	1.400698849e-19
-3.150000000e-02	2.151697639e+00	5.781277122e-03	8.135179806e-20
-3.200000000e-02	2.151701072e+00	5.600933370e-03	7.863923468e-20
-3.250000000e-02	2.151704520e+00	5.420589825e-03	1.346249836e-19
-3.300000000e-02	2.151707983e+00	5.240246496e-03	4.038362030e-20
-3.350000000e-02	2.151711461e+00	5.059903386e-03	1.238348099e-19
-3.400000000e-02	2.151714954e+00	4.879560493e-03	1.197183386e-19
-3.450000000e-02	2.151718462e+00	4.699217822e-03	1.198735070e-19
-3.500000000e-02	2.151721985e+00	4.518875379e-03	1.018762546e-19
-3.550000000e-02	2.151725523e+00	4.338533168e-03	1.136666182e-19
-3.600000000e-02	2.151729077e+00	4.158191186e-03	8.106589851e-20
-3.650000000e-02	2.151732645e+00	3.977849450e-03	1.079082318e-19
-3.700000000e-02	2.151736228e+00	3.797507952e-03	5.411352871e-20
-3.750000000e-02	2.151739827e+00	3.617166701e-03	1.247885166e-19
-3.800000000e-02	2.151743440e+00	3.436825708e-03	1.351677312e-19
-3.850000000e-02	2.151747069e+00	3.256484956e-03	1.196049135e-19
-3.900000000e-02	2.151750712e+00	3.076144478e-03	1.765392718e-19
-3.950000000e-02	2.151754371e+00	2.895804249e-03	1.443340891e-19
-4.000000000e-02	2.151758044e+00	2.715464284e-03	5.127376397e-20
-4.050000000e-02	2.151761733e+00	2.535124594e-03	1.269465853e-19
-4.100000000e-02	2.151765436e+00	2.354785171e-03	7.675711021e-20
-4.150000000e-02	2.151769155e+00	2.174446021e-03	1.177842389e-19
-4.200000000e-02	2.151772889e+00	1.994107162e-03	1.258188216e-19
-4.250000000e-02	2.151776637e+00	1.813768576e-03	9.764997393e-20
-4.300000000e-02	2.151780401e+00	1.633430284e-03	6.877375117e-20
-4.350000000e-02	2.151784180e+00	1.453092279e-03	8.646602879e-20
-4.400000000e-02	2.151787974e+00	1.272754578e-03	1.275173171e-19
-4.450000000e-02	2.151791783e+00	1.092417164e-03	4.993749690e-20
-4.500000000e-02	2.151795606e+00	9.120800594e-04	5.936357161e-20
-4.550000000e-02	2.151799445e+00	7.317432557e-04	1.039205186e-19
-4.600000000e-02	2.151803299e+00	5.514067652e-04	1.156513027e-19
-4.650000000e-02	2.151807168e+00	3.710705851e-04	6.869949327e-20
-4.700000000e-02	2.151811052e+00	1.907347301e-04	1.270543040e-19
-4.750000000e-02	2.151814951e+00	1.039918549e-05	3.994054703e-20
-4.800000000e-02	2.151818866e+00	-1.699360279e-04	1.243082248e-19
-4.850000000e-02	2.151822795e+00	-3.502709126e-04	8.699681329e-20
-4.900000000e-02	2.151826739e+00	-5.306054671e-04	1.006399962e-19
-4.950000000e-02	2.151830698e+00	-7.109396913e-04	1.045699646e-19
-5.000000000e-02	2.151834672e+00	-8.912735685e-04	9.931671989e-20
-5.050000000e-02	2.151838661e+00	-1.071607104e-03	9.679250396e-20
-5.100000000e-02	2.151842666e+00	-1.251940288e-03	9.771716272e-20
-5.150000000e-02	2.151846685e+00	-1.432273125e-03	1.117596204e-19
-5.200000000e-02	2.151850719e+00	-1.612605611e-03	3.187197253e-20
-5.250000000e-02	2.151854769e+00	-1.792937733e-03	1.149697716e-19
-5.300000000e-02	2.151858833e+00	-1.973269497e-03	7.565765414e-20
-5.350000000e-02	2.151862913e+00	-2.153600899e-03	1.079046629e-19
-5.400000000e-02	2.151867007e+00	-2.333931927e-03	1.150807950e-19
-5.450000000e-02	2.151871117e+00	-2.514262575e-03	6.707217072e-20
-5.500000000e-02	2.151875241e+00	-2.694592853e-03	1.137223030e-19
-5.550000000e-02	2.151879381e+00	-2.874922754e-03	8.353263725e-20
-5.600000000e-02	2.151883535e+00	-3.055252265e-03	6.643716736e-20
-5.650000000e-02	2.151887705e+00	-3.235581386e-03	6.041952275e-20
-5.700000000e-02	2.151891890e+00	-3.415910121e-03	7.098310909e-20
-5.750000000e-02	2.151896089e+00	-3.596238451e-03	1.250518933e-19
-5.800000000e-02	2.151900304e+00	-3.776566395e-03	9.304759399e-20
-5.850000000e-02	2.151904534e+00	-3.956893922e-03	1.204083827e-19
-5.900000000e-02	2.151908779e+00	-4.137221050e-03	6.957679436e-20
-5.950000000e-02	2.151913038e+00	-4.317547768e-03	7.113241069e-20
-6.000000000e-02	2.151917313e+00	-4.497874069e-03	7.081001169e-20
-6.050000000e-02	2.151921603e+00	-4.678199956e-03	5.807588757e-20
-6.100000000e-02	2.151925908e+00	-4.858525417e-03	7.649849368e-20
-6.150000000e-02	2.151930228e+00	-5.038850450e-03	1.263849675e-19
-6.200000000e-02	2.151934563e+00	-5.219175065e-03	1.382806138e-19
-6.250000000e-02	2.151938913e+00	-5.399499238e-03	1.018236519e-19
-6.300000000e-02	2.151943278e+00	-5.579822972e-03	1.143619275e-19
-6.350000000e-02	2.151947658e+00	-5.760146269e-03	5.024845699e-20
-6.400000000e-02	2.151952053e+00	-5.940469120e-03	9.714443569e-20
-6.450000000e-02	2.151956463e+00	-6.120791531e-03	1.382797190e-19
-6.500000000e-02	2.151960888e+00	-6.301113485e-03	1.230706197e-19
-6.550000000e-02	2.151965329e+00	-6.481434982e-03	8.547226614e-20
-6.600000000e-02	2.151969784e+00	-6.661756017e-03	1.053931431e-19
-6.650000000e-02	2.151974254e+00	-6.842076591e-03	1.091571942e-19
-6.700000000e-02	2.151978739e+00	-7.022396703e-03	1.201618517e-19
-6.750000000e-02	2.151983239e+00	-7.202716345e-03	6.294368938e-20
-6.800000000e-02	2.151987755e+00	-7.383035513e-03	1.116938443e-19
-6.850000000e-02	2.151992285e+00	-7.563354196e-03	3.628342659e-20
-6.900000000e-02	2.151996830e+00	-7.743672401e-03	9.647939016e-20
-6.950000000e-02	2.152001391e+00	-7.923990123e-03	2.087467963e-19
-7.000000000e-02	2.152005966e+00	-8.104307357e-03	9.416493624e-20
-7.050000000e-02	2.152010557e+00	-8.284624096e-03	8.381504875e-20
-7.100000000e-02	2.152015162e+00	-8.464940338e-03	7.789708815e-20
-7.150000000e-02	2.152019783e+00	-8.645256080e-03	7.718239714e-20
-7.200000000e-02	2.152024418e+00	-8.825571316e-03	3.952341391e-20
-7.250000000e-02	2.152029069e+00	-9.005886053e-03	1.431270096e-19
-7.300000000e-02	2.152033734e+00	-9.186200264e-03	1.200169455e-19
-7.350000000e-02	2.152038415e+00	-9.366513971e-03	1.374033804e-19
-7.400000000e-02	2.152043110e+00	-9.546827160e-03	8.827294865e-20
-7.450000000e-02	2.152047821e+00	-9.727139821e-03	1.372209308e-19
-7.500000000e-02	2.152052547e+00	-9.907451961e-03	1.325112043e-19
-7.550000000e-02	2.152057287e+00	-1.008776356e-02	1.527403710e-19
-7.600000000e-02	2.152062043e+00	-1.026807464e-02	7.226242914e-20
-7.650000000e-02	2.152066814e+00	-1.044838517e-02	9.659580635e-20
-7.700000000e-02	2.152071599e+00	-1.062869516e-02	1.235380352e-19
-7.750000000e-02	2.152076400e+00	-1.080900462e-02	9.666604910e-20
-7.800000000e-02	2.152081216e+00	-1.098931352e-02	1.541856611e-19
-7.850000000e-02	2.152086047e+00	-1.116962187e-02	1.542777167e-19
-7.900000000e-02	2.152090893e+00	-1.134992966e-02	1.822638728e-19
-7.950000000e-02	2.152095754e+00	-1.153023689e-02	1.270931701e-19
-8.000000000e-02	2.152100629e+00	-1.171054356e-02	1.857518431e-19
-8.050000000e-02	2.152105520e+00	-1.189084967e-02	1.060020831e-19
-8.100000000e-02	2.152110426e+00	-1.207115520e-02	1.194865917e-19
-8.150000000e-02	2.152115347e+00	-1.225146015e-02	1.428091278e-19
-8.200000000e-02	2.152120283e+00	-1.243176452e-02	1.089013298e-19
-8.250000000e-02	2.152125234e+00	-1.261206832e-02	7.003541482e-20
-8.300000000e-02	2.152130200e+00	-1.279237153e-02	9.347817906e-20
-8.350000000e-02	2.152135181e+00	-1.297267415e-02	1.361756640e-19
-8.400000000e-02	2.152140177e+00	-1.315297618e-02	8.049873955e-20
-8.450000000e-02	2.152145188e+00	-1.333327761e-02	1.468679935e-19
-8.500000000e-02	2.152150214e+00	-1.351357844e-02	7.868872540e-20
-8.550000000e-02	2.152155255e+00	-1.369387866e-02	1.081514068e-19
-8.600000000e-02	2.152160312e+00	-1.387417827e-02	8.728563752e-20
-8.650000000e-02	2.152165383e+00	-1.405447728e-02	1.498092018e-19
-8.700000000e-02	2.152170469e+00	-1.423477566e-02	6.152317019e-20
-8.750000000e-02	2.152175570e+00	-1.441507343e-02	4.437447828e-20
-8.800000000e-02	2.152180686e+00	-1.459537058e-02	9.401525686e-20
-8.850000000e-02	2.152185817e+00	-1.477566710e-02	7.952798224e-20
-8.900000000e-02	2.152190964e+00	-1.495596298e-02	1.155475727e-19
-8.950000000e-02	2.152196125e+00	-1.513625824e-02	1.063904841e-19
-9.000000000e-02	2.152201301e+00	-1.531655285e-02	6.583752364e-20
-9.050000000e-02	2.152206492e+00	-1.549684683e-02	1.344217547e-19
-9.100000000e-02	2.152211699e+00	-1.567714015e-02	9.980375073e-20
-9.150000000e-02	2.152216920e+00	-1.585743283e-02	1.064275847e-19
-9.200000000e-02	2.152222156e+00	-1.603772485e-02	8.081496128e-20
-9.250000000e-02	2.152227408e+00	-1.621801623e-02	9.635239688e-20
-9.300000000e-02	2.152232674e+00	-1.639830693e-02	1.475280152e-19
-9.350000000e-02	2.152237956e+00	-1.657859697e-02	4.809871650e-20
-9.400000000e-02	2.152243252e+00	-1.675888635e-02	1.641978498e-19
-9.450000000e-02	2.152248563e+00	-1.693917506e-02	5.699109327e-20
-9.500000000e-02	2.152253890e+00	-1.711946308e-02	7.415746389e-20
-9.550000000e-02	2.152259231e+00	-1.729975043e-02	1.220731841e-19
-9.600000000e-02	2.152264588e+00	-1.748003710e-02	9.968609292e-20
-9.650000000e-02	2.152269959e+00	-1.766032308e-02	8.871657591e-20
-9.700000000e-02	2.152275346e+00	-1.784060837e-02	1.026544802e-19
-9.750000000e-02	2.152280747e+00	-1.802089296e-02	1.410328829e-19
-9.800000000e-02	2.152286164e+00	-1.820117687e-02	6.976049547e-20
-9.850000000e-02	2.152291595e+00	-1.838146007e-02	1.264225052e-19
-9.900000000e-02	2.152297042e+00	-1.856174256e-02	1.032105157e-19
-9.950000000e-02	2.152302503e+00	-1.874202434e-02	1.148360885e-19
-1.000000000e-01	2.152307980e+00	-1.892230541e-02	1.091351218e-19
-1.005000000e-01	2.152313471e+00	-1.910258576e-02	7.382517645e-20
-1.010000000e-01	2.152318978e+00	-1.928286539e-02	1.556415044e-19
-1.015000000e-01	2.152324499e+00	-1.946314430e-02	1.337193550e-19
-1.020000000e-01	2.152330036e+00	-1.964342248e-02	9.203922414e-20
-1.025000000e-01	2.152335588e+00	-1.982369994e-02	1.044972857e-19
-1.030000000e-01	2.152341154e+00	-2.000397665e-02	6.368652391e-20
-1.035000000e-01	2.152346736e+00	-2.018425263e-02	1.446900644e-19
-1.040000000e-01	2.152352332e+00	-2.036452787e-02	1.270990022e-19
-1.045000000e-01	2.152357944e+00	-2.054480236e-02	1.028761659e-19
-1.050000000e-01	2.152363571e+00	-2.072507609e-02	7.112442393e-20
-1.055000000e-01	2.152369212e+00	-2.090534908e-02	8.593749521e-20
-1.060000000e-01	2.152374869e+00	-2.108562131e-02	1.107978483e-19
-1.065000000e-01	2.152380541e+00	-2.126589278e-02	9.044577456e-20
-1.070000000e-01	2.152386227e+00	-2.144616348e-02	9.109172741e-20
-1.075000000e-01	2.152391929e+00	-2.162643341e-02	9.572058330e-20
-1.080000000e-01	2.152397646e+00	-2.180670258e-02	1.411526864e-19
-1.085000000e-01	2.152403377e+00	-2.198697096e-02	6.095903157e-20
-1.090000000e-01	2.152409124e+00	-2.216723857e-02	9.183283429e-20
-1.095000000e-01	2.152414886e+00	-2.234750539e-02	8.939490436e-20
-1.100000000e-01	2.152420662e+00	-2.252777143e-02	9.572972530e-20
-1.105000000e-01	2.152426454e+00	-2.270803668e-02	8.190649181e-20
-1.110000000e-01	2.152432261e+00	-2.288830113e-02	8.453538381e-20
-1.115000000e-01	2.152438083e+00	-2.306856478e-02	1.168270759e-19
-1.120000000e-01	2.152443919e+00	-2.324882763e-02	1.177888649e-19
-1.125000000e-01	2.152449771e+00	-2.342908967e-02	1.276744576e-19
-1.130000000e-01	2.152455638e+00	-2.360935091e-02	9.335312537e-20
-1.135000000e-01	2.152461520e+00	-2.378961133e-02	6.242443496e-20
-1.140000000e-01	2.152467416e+00	-2.396987094e-02	8.366510406e-20
-1.145000000e-01	2.152473328e+00	-2.415012973e-02	6.488482646e-20
-1.150000000e-01	2.152479255e+00	-2.433038769e-02	1.045046535e-19
-1.155000000e-01	2.152485197e+00	-2.451064482e-02	1.151539012e-19
-1.160000000e-01	2.152491153e+00	-2.469090112e-02	1.187667111e-19
-1.165000000e-01	2.152497125e+00	-2.487115659e-02	5.873047027e-20
-1.170000000e-01	2.152503112e+00	-2.505141122e-02	1.312711454e-19
-1.175000000e-01	2.152509114e+00	-2.523166500e-02	1.173704443e-19
-1.180000000e-01	2.152515130e+00	-2.541191794e-02	8.539131609e-20
-1.185000000e-01	2.152521162e+00	-2.559217003e-02	1.060924777e-19
-1.190000000e-01	2.152527209e+00	-2.577242126e-02	8.623960986e-20
-1.195000000e-01	2.152533271e+00	-2.595267164e-02	1.361182546e-19
-1.200000000e-01	2.152539347e+00	-2.613292114e-02	1.293148383e-19
-1.205000000e-01	2.152545439e+00	-2.631316980e-02	1.008535130e-19
-1.210000000e-01	2.152551546e+00	-2.649341758e-02	1.005737249e-19
-1.215000000e-01	2.152557668e+00	-2.667366449e-02	1.442868036e-19
-1.220000000e-01	2.152563804e+00	-2.685391052e-02	7.201774486e-20
-1.225000000e-01	2.152569956e+00	-2.703415567e-02	8.428003515e-20
-1.230000000e-01	2.152576123e+00	-2.721439994e-02	1.385494284e-19
-1.235000000e-01	2.152582304e+00	-2.739464332e-02	1.042129563e-19
-1.240000000e-01	2.152588501e+00	-2.757488581e-02	9.211768620e-20
-1.245000000e-01	2.152594713e+00	-2.775512741e-02	1.431745195e-19
-1.250000000e-01	2.152600940e+00	-2.793536810e-02	6.345589558e-20
-1.255000000e-01	2.152607181e+00	-2.811560789e-02	6.201584762e-20
-1.260000000e-01	2.152613438e+00	-2.829584678e-02	8.470605008e-20
-1.265000000e-01	2.152619710e+00	-2.847608476e-02	9.732359619e-20
-1.270000000e-01	2.152625996e+00	-2.865632182e-02	7.717335080e-20
-1.275000000e-01	2.152632298e+00	-2.883655797e-02	1.046710249e-19
-1.280000000e-01	2.152638615e+00	-2.901679320e-02	8.801495472e-20
-1.285000000e-01	2.152644946e+00	-2.919702750e-02	7.828930214e-20
-1.290000000e-01	2.152651293e+00	-2.937726088e-02	9.268531034e-20
-1.295000000e-01	2.152657655e+00	-2.955749332e-02	9.954695379e-20
-1.300000000e-01	2.152664031e+00	-2.973772483e-02	1.451947167e-19
-1.305000000e-01	2.152670423e+00	-2.991795539e-02	1.016025297e-19
-1.310000000e-01	2.152676830e+00	-3.009818501e-02	1.081412431e-19
-1.315000000e-01	2.152683251e+00	-3.027841369e-02	9.124332269e-20
-1.320000000e-01	2.152689688e+00	-3.045864142e-02	1.250977431e-19
-1.325000000e-01	2.152696140e+00	-3.063886819e-02	3.813736965e-20
-1.330000000e-01	2.152702606e+00	-3.081909400e-02	6.701036616e-20
-1.335000000e-01	2.152709088e+00	-3.099931886e-02	1.056090057e-19
-1.340000000e-01	2.152715584e+00	-3.117954274e-02	1.209450333e-19
-1.345000000e-01	2.152722096e+00	-3.135976567e-02	7.340317854e-20
-1.350000000e-01	2.152728622e+00	-3.153998761e-02	1.194036439e-19
-1.355000000e-01	2.152735164e+00	-3.172020858e-02	1.406539059e-19
-1.360000000e-01	2.152741720e+00	-3.190042857e-02	1.485986099e-19
-1.365000000e-01	2.152748292e+00	-3.208064758e-02	1.094498190e-19
-1.370000000e-01	2.152754878e+00	-3.226086559e-02	1.066670798e-19
-1.375000000e-01	2.152761480e+00	-3.244108262e-02	1.171163133e-19
-1.380000000e-01	2.152768096e+00	-3.262129865e-02	7.607216279e-20
-1.385000000e-01	2.152774728e+00	-3.280151368e-02	8.234196751e-20
-1.390000000e-01	2.152781374e+00	-3.298172771e-02	7.408236414e-20
-1.395000000e-01	2.152788036e+00	-3.316194073e-02	8.732623352e-20
-1.400000000e-01	2.152794712e+00	-3.334215275e-02	1.369382485e-19
-1.405000000e-01	2.152801403e+00	-3.352236375e-02	6.262075516e-20
-1.410000000e-01	2.152808110e+00	-3.370257373e-02	9.408476066e-20
-1.415000000e-01	2.152814831e+00	-3.388278269e-02	1.184878943e-19
-1.420000000e-01	2.152821567e+00	-3.406299063e-02	4.614597729e-20
-1.425000000e-01	2.152828319e+00	-3.424319754e-02	9.960686919e-20
-1.430000000e-01	2.152835085e+00	-3.442340341e-02	8.908437126e-20
-1.435000000e-01	2.152841866e+00	-3.460360826e-02	1.237107297e-19
-1.440000000e-01	2.152848662e+00	-3.478381206e-02	8.287732329e-20
-1.445000000e-01	2.152855474e+00	-3.496401481e-02	9.987232895e-20
-1.450000000e-01	2.152862300e+00	-3.514421652e-02	6.570977379e-20
-1.455000000e-01	2.152869141e+00	-3.532441719e-02	6.947421756e-20
-1.460000000e-01	2.152875997e+00	-3.550461679e-02	9.870235478e-20
-1.465000000e-01	2.152882868e+00	-3.568481534e-02	5.035697815e-20
-1.470000000e-01	2.152889754e+00	-3.586501283e-02	8.983789198e-20
-1.475000000e-01	2.152896656e+00	-3.604520924e-02	1.031068366e-19
-1.480000000e-01	2.152903572e+00	-3.622540460e-02	7.653621319e-20
-1.485000000e-01	2.152910503e+00	-3.640559887e-02	8.439847864e-20
-1.490000000e-01	2.152917449e+00	-3.658579208e-02	9.668376179e-20
-1.495000000e-01	2.152924410e+00	-3.676598420e-02	8.519065739e-20
-1.500000000e-01	2.152931386e+00	-3.694617524e-02	9.639211435e-20
