# epsi_ci     Re(Lambda)      Im(Lambda)      Eq(det), R = 0.10 $\mu$m, $E_p$ = 0.900 eV, modo = 4, $\epsilon_\infty$ = 3.9, $\gamma_{DL}$ = 0.01 eV, solve_det_sinkz_vs_mu.py
0.000000000e+00	2.128345141e+00	1.625197644e-02	9.770795257e-20
-5.000000000e-04	2.128347554e+00	1.607304830e-02	1.325865150e-19
-1.000000000e-03	2.128349982e+00	1.589412014e-02	1.150795138e-19
-1.500000000e-03	2.128352425e+00	1.571519196e-02	1.227060564e-19
-2.000000000e-03	2.128354884e+00	1.553626378e-02	1.016643981e-19
-2.500000000e-03	2.128357357e+00	1.535733558e-02	1.257502585e-19
-3.000000000e-03	2.128359845e+00	1.517840739e-02	1.022001733e-19
-3.500000000e-03	2.128362348e+00	1.499947919e-02	1.001381975e-19
-4.000000000e-03	2.128364866e+00	1.482055100e-02	2.415761600e-19
-4.500000000e-03	2.128367399e+00	1.464162282e-02	9.705913878e-20
-5.000000000e-03	2.128369947e+00	1.446269464e-02	8.652056307e-20
-5.500000000e-03	2.128372510e+00	1.428376649e-02	1.137537073e-19
-6.000000000e-03	2.128375088e+00	1.410483835e-02	9.305804289e-20
-6.500000000e-03	2.128377681e+00	1.392591024e-02	4.466761479e-20
-7.000000000e-03	2.128380288e+00	1.374698215e-02	1.162881410e-19
-7.500000000e-03	2.128382911e+00	1.356805410e-02	9.243287641e-20
-8.000000000e-03	2.128385549e+00	1.338912608e-02	8.233634406e-20
-8.500000000e-03	2.128388202e+00	1.321019809e-02	1.064487147e-19
-9.000000000e-03	2.128390870e+00	1.303127016e-02	1.108024828e-19
-9.500000000e-03	2.128393553e+00	1.285234226e-02	1.153206433e-19
-1.000000000e-02	2.128396251e+00	1.267341442e-02	1.192702971e-19
-1.050000000e-02	2.128398964e+00	1.249448663e-02	1.395362797e-19
-1.100000000e-02	2.128401691e+00	1.231555889e-02	1.629699241e-19
-1.150000000e-02	2.128404434e+00	1.213663122e-02	1.332706077e-19
-1.200000000e-02	2.128407192e+00	1.195770361e-02	8.902528934e-20
-1.250000000e-02	2.128409965e+00	1.177877607e-02	9.529481641e-20
-1.300000000e-02	2.128412753e+00	1.159984860e-02	8.947901678e-20
-1.350000000e-02	2.128415555e+00	1.142092121e-02	1.033247826e-19
-1.400000000e-02	2.128418373e+00	1.124199389e-02	1.262857676e-19
-1.450000000e-02	2.128421206e+00	1.106306666e-02	1.413769593e-19
-1.500000000e-02	2.128424053e+00	1.088413952e-02	1.087302696e-19
-1.550000000e-02	2.128426916e+00	1.070521246e-02	8.715458196e-20
-1.600000000e-02	2.128429794e+00	1.052628551e-02	1.207579406e-19
-1.650000000e-02	2.128432687e+00	1.034735865e-02	1.287384377e-19
-1.700000000e-02	2.128435594e+00	1.016843189e-02	1.945681361e-19
-1.750000000e-02	2.128438517e+00	9.989505238e-03	7.553220151e-20
-1.800000000e-02	2.128441454e+00	9.810578697e-03	1.161930854e-19
-1.850000000e-02	2.128444407e+00	9.631652263e-03	1.733447337e-19
-1.900000000e-02	2.128447375e+00	9.452725950e-03	1.604690622e-19
-1.950000000e-02	2.128450357e+00	9.273799762e-03	1.464487227e-19
-2.000000000e-02	2.128453355e+00	9.094873694e-03	8.816713500e-20
-2.050000000e-02	2.128456367e+00	8.915947756e-03	3.467709844e-20
-2.100000000e-02	2.128459395e+00	8.737021949e-03	1.005016731e-19
-2.150000000e-02	2.128462437e+00	8.558096280e-03	1.286298897e-19
-2.200000000e-02	2.128465495e+00	8.379170750e-03	1.204446553e-19
-2.250000000e-02	2.128468567e+00	8.200245360e-03	1.108944244e-19
-2.300000000e-02	2.128471655e+00	8.021320119e-03	1.603398694e-19
-2.350000000e-02	2.128474757e+00	7.842395030e-03	1.273053290e-19
-2.400000000e-02	2.128477875e+00	7.663470090e-03	1.152312662e-19
-2.450000000e-02	2.128481007e+00	7.484545307e-03	1.590040504e-19
-2.500000000e-02	2.128484155e+00	7.305620696e-03	2.738934042e-20
-2.550000000e-02	2.128487317e+00	7.126696245e-03	1.279276331e-19
-2.600000000e-02	2.128490494e+00	6.947771967e-03	1.331464009e-19
-2.650000000e-02	2.128493687e+00	6.768847859e-03	8.039117322e-20
-2.700000000e-02	2.128496894e+00	6.589923927e-03	1.010172596e-19
-2.750000000e-02	2.128500117e+00	6.411000175e-03	1.115232722e-19
-2.800000000e-02	2.128503354e+00	6.232076610e-03	1.165142314e-19
-2.850000000e-02	2.128506606e+00	6.053153237e-03	1.241095168e-19
-2.900000000e-02	2.128509873e+00	5.874230051e-03	1.236599787e-19
-2.950000000e-02	2.128513156e+00	5.695307056e-03	1.374344647e-19
-3.000000000e-02	2.128516453e+00	5.516384270e-03	1.011267378e-19
-3.050000000e-02	2.128519765e+00	5.337461678e-03	2.018010663e-19
-3.100000000e-02	2.128523093e+00	5.158539301e-03	1.177035601e-19
-3.150000000e-02	2.128526435e+00	4.979617137e-03	9.680433932e-20
-3.200000000e-02	2.128529792e+00	4.800695181e-03	9.548700257e-20
-3.250000000e-02	2.128533164e+00	4.621773440e-03	1.339769078e-19
-3.300000000e-02	2.128536551e+00	4.442851926e-03	8.721444879e-20
-3.350000000e-02	2.128539953e+00	4.263930638e-03	1.057223360e-19
-3.400000000e-02	2.128543371e+00	4.085009582e-03	9.890621002e-20
-3.450000000e-02	2.128546803e+00	3.906088756e-03	1.161805682e-19
-3.500000000e-02	2.128550250e+00	3.727168166e-03	1.960812996e-19
-3.550000000e-02	2.128553712e+00	3.548247815e-03	1.472516492e-19
-3.600000000e-02	2.128557189e+00	3.369327711e-03	1.126655623e-19
-3.650000000e-02	2.128560681e+00	3.190407857e-03	6.151636094e-20
-3.700000000e-02	2.128564188e+00	3.011488252e-03	5.182198324e-20
-3.750000000e-02	2.128567710e+00	2.832568908e-03	1.637533478e-19
-3.800000000e-02	2.128571247e+00	2.653649819e-03	1.444179495e-19
-3.850000000e-02	2.128574799e+00	2.474730992e-03	1.054398573e-19
-3.900000000e-02	2.128578366e+00	2.295812425e-03	1.969834856e-19
-3.950000000e-02	2.128581948e+00	2.116894140e-03	8.071294285e-20
-4.000000000e-02	2.128585545e+00	1.937976127e-03	7.176656673e-20
-4.050000000e-02	2.128589157e+00	1.759058393e-03	1.215521195e-19
-4.100000000e-02	2.128592784e+00	1.580140937e-03	1.231682537e-19
-4.150000000e-02	2.128596426e+00	1.401223773e-03	7.950441899e-20
-4.200000000e-02	2.128600082e+00	1.222306890e-03	1.392758783e-19
-4.250000000e-02	2.128603754e+00	1.043390306e-03	4.905472183e-20
-4.300000000e-02	2.128607441e+00	8.644740161e-04	1.053310801e-19
-4.350000000e-02	2.128611143e+00	6.855580344e-04	1.071636061e-19
-4.400000000e-02	2.128614860e+00	5.066423483e-04	8.950759776e-20
-4.450000000e-02	2.128618592e+00	3.277269757e-04	1.297816854e-19
-4.500000000e-02	2.128622338e+00	1.488119068e-04	8.595881569e-20
-4.550000000e-02	2.128626100e+00	-3.010284365e-05	1.925385180e-19
-4.600000000e-02	2.128629877e+00	-2.090172691e-04	1.361780199e-19
-4.650000000e-02	2.128633668e+00	-3.879313729e-04	1.283954746e-19
-4.700000000e-02	2.128637475e+00	-5.668451499e-04	1.130901392e-19
-4.750000000e-02	2.128641297e+00	-7.457585955e-04	1.248805386e-19
-4.800000000e-02	2.128645133e+00	-9.246717131e-04	3.831973795e-20
-4.850000000e-02	2.128648985e+00	-1.103584491e-03	1.353749042e-19
-4.900000000e-02	2.128652852e+00	-1.282496926e-03	1.636111124e-19
-4.950000000e-02	2.128656733e+00	-1.461409010e-03	2.601358817e-20
-5.000000000e-02	2.128660630e+00	-1.640320747e-03	1.011512922e-19
-5.050000000e-02	2.128664541e+00	-1.819232132e-03	9.503195932e-20
-5.100000000e-02	2.128668468e+00	-1.998143159e-03	1.356351369e-19
-5.150000000e-02	2.128672409e+00	-2.177053830e-03	3.301112234e-20
-5.200000000e-02	2.128676366e+00	-2.355964131e-03	9.732194292e-20
-5.250000000e-02	2.128680337e+00	-2.534874069e-03	6.048757526e-20
-5.300000000e-02	2.128684324e+00	-2.713783631e-03	9.832278117e-20
-5.350000000e-02	2.128688325e+00	-2.892692822e-03	7.040833141e-20
-5.400000000e-02	2.128692341e+00	-3.071601628e-03	1.387063106e-19
-5.450000000e-02	2.128696373e+00	-3.250510053e-03	1.161587934e-19
-5.500000000e-02	2.128700419e+00	-3.429418097e-03	5.859660677e-20
-5.550000000e-02	2.128704480e+00	-3.608325739e-03	1.886703803e-19
-5.600000000e-02	2.128708557e+00	-3.787233003e-03	1.262670904e-19
-5.650000000e-02	2.128712648e+00	-3.966139854e-03	9.688780492e-20
-5.700000000e-02	2.128716754e+00	-4.145046309e-03	8.582666116e-20
-5.750000000e-02	2.128720876e+00	-4.323952360e-03	1.824357463e-19
-5.800000000e-02	2.128725012e+00	-4.502857996e-03	1.312368358e-19
-5.850000000e-02	2.128729163e+00	-4.681763227e-03	8.217515518e-20
-5.900000000e-02	2.128733329e+00	-4.860668039e-03	1.439487704e-19
-5.950000000e-02	2.128737510e+00	-5.039572423e-03	9.091269444e-20
-6.000000000e-02	2.128741706e+00	-5.218476389e-03	1.746463416e-19
-6.050000000e-02	2.128745917e+00	-5.397379924e-03	1.125856780e-19
-6.100000000e-02	2.128750144e+00	-5.576283033e-03	8.918275671e-20
-6.150000000e-02	2.128754385e+00	-5.755185707e-03	1.485825647e-19
-6.200000000e-02	2.128758641e+00	-5.934087935e-03	7.473481054e-20
-6.250000000e-02	2.128762912e+00	-6.112989724e-03	1.253211633e-19
-6.300000000e-02	2.128767198e+00	-6.291891058e-03	1.777851136e-19
-6.350000000e-02	2.128771499e+00	-6.470791953e-03	1.091669679e-19
-6.400000000e-02	2.128775814e+00	-6.649692396e-03	1.754064335e-19
-6.450000000e-02	2.128780145e+00	-6.828592367e-03	8.765309676e-20
-6.500000000e-02	2.128784491e+00	-7.007491888e-03	7.442332849e-20
-6.550000000e-02	2.128788852e+00	-7.186390936e-03	1.720180834e-19
-6.600000000e-02	2.128793228e+00	-7.365289516e-03	1.542100806e-19
-6.650000000e-02	2.128797619e+00	-7.544187627e-03	1.025980933e-19
-6.700000000e-02	2.128802025e+00	-7.723085263e-03	1.210100571e-19
-6.750000000e-02	2.128806445e+00	-7.901982414e-03	1.345987433e-19
-6.800000000e-02	2.128810881e+00	-8.080879083e-03	1.134466277e-19
-6.850000000e-02	2.128815332e+00	-8.259775262e-03	1.576526229e-19
-6.900000000e-02	2.128819797e+00	-8.438670948e-03	1.685090076e-19
-6.950000000e-02	2.128824278e+00	-8.617566146e-03	1.197288496e-19
-7.000000000e-02	2.128828774e+00	-8.796460846e-03	1.740314836e-19
-7.050000000e-02	2.128833284e+00	-8.975355031e-03	1.045346676e-19
-7.100000000e-02	2.128837810e+00	-9.154248721e-03	1.751300704e-19
-7.150000000e-02	2.128842350e+00	-9.333141895e-03	1.225004559e-19
-7.200000000e-02	2.128846906e+00	-9.512034554e-03	8.608156502e-20
-7.250000000e-02	2.128851476e+00	-9.690926699e-03	1.006086849e-19
-7.300000000e-02	2.128856062e+00	-9.869818316e-03	1.521528658e-19
-7.350000000e-02	2.128860662e+00	-1.004870941e-02	1.706428673e-19
-7.400000000e-02	2.128865278e+00	-1.022759998e-02	1.202960860e-19
-7.450000000e-02	2.128869908e+00	-1.040649002e-02	6.459930929e-20
-7.500000000e-02	2.128874553e+00	-1.058537951e-02	9.589091156e-20
-7.550000000e-02	2.128879214e+00	-1.076426847e-02	1.969526347e-19
-7.600000000e-02	2.128883889e+00	-1.094315688e-02	1.322086021e-19
-7.650000000e-02	2.128888579e+00	-1.112204475e-02	1.324940871e-19
-7.700000000e-02	2.128893284e+00	-1.130093206e-02	1.127455673e-19
-7.750000000e-02	2.128898004e+00	-1.147981883e-02	1.231989062e-19
-7.800000000e-02	2.128902740e+00	-1.165870503e-02	1.261173326e-19
-7.850000000e-02	2.128907490e+00	-1.183759066e-02	1.800097378e-19
-7.900000000e-02	2.128912255e+00	-1.201647573e-02	1.344537330e-19
-7.950000000e-02	2.128917035e+00	-1.219536023e-02	1.675187290e-19
-8.000000000e-02	2.128921830e+00	-1.237424416e-02	1.471160451e-19
-8.050000000e-02	2.128926640e+00	-1.255312750e-02	1.500129112e-19
-8.100000000e-02	2.128931465e+00	-1.273201028e-02	7.022787099e-20
-8.150000000e-02	2.128936305e+00	-1.291089246e-02	7.439753927e-20
-8.200000000e-02	2.128941160e+00	-1.308977405e-02	1.386992170e-19
-8.250000000e-02	2.128946030e+00	-1.326865505e-02	1.149891442e-19
-8.300000000e-02	2.128950914e+00	-1.344753546e-02	8.904753824e-20
-8.350000000e-02	2.128955814e+00	-1.362641527e-02	1.183500403e-19
-8.400000000e-02	2.128960729e+00	-1.380529446e-02	1.554588288e-19
-8.450000000e-02	2.128965659e+00	-1.398417306e-02	1.633432777e-19
-8.500000000e-02	2.128970603e+00	-1.416305104e-02	7.556379806e-20
-8.550000000e-02	2.128975563e+00	-1.434192841e-02	7.820007528e-20
-8.600000000e-02	2.128980538e+00	-1.452080516e-02	6.742168408e-20
-8.650000000e-02	2.128985527e+00	-1.469968128e-02	1.485732485e-19
-8.700000000e-02	2.128990532e+00	-1.487855679e-02	1.370573438e-19
-8.750000000e-02	2.128995551e+00	-1.505743166e-02	1.717580459e-19
-8.800000000e-02	2.129000586e+00	-1.523630589e-02	9.819999866e-20
-8.850000000e-02	2.129005635e+00	-1.541517949e-02	1.477190738e-19
-8.900000000e-02	2.129010700e+00	-1.559405245e-02	1.230204341e-19
-8.950000000e-02	2.129015779e+00	-1.577292476e-02	1.564356080e-19
-9.000000000e-02	2.129020874e+00	-1.595179642e-02	9.210189070e-20
-9.050000000e-02	2.129025983e+00	-1.613066743e-02	1.501407034e-19
-9.100000000e-02	2.129031107e+00	-1.630953779e-02	1.169810056e-19
-9.150000000e-02	2.129036246e+00	-1.648840749e-02	7.380847102e-20
-9.200000000e-02	2.129041401e+00	-1.666727652e-02	1.014485962e-19
-9.250000000e-02	2.129046570e+00	-1.684614488e-02	7.510962537e-20
-9.300000000e-02	2.129051754e+00	-1.702501258e-02	8.580167378e-20
-9.350000000e-02	2.129056953e+00	-1.720387960e-02	1.410755254e-19
-9.400000000e-02	2.129062167e+00	-1.738274594e-02	1.298974001e-19
-9.450000000e-02	2.129067396e+00	-1.756161159e-02	1.504850136e-19
-9.500000000e-02	2.129072640e+00	-1.774047657e-02	1.149344891e-19
-9.550000000e-02	2.129077899e+00	-1.791934085e-02	1.622671307e-19
-9.600000000e-02	2.129083173e+00	-1.809820443e-02	1.596561483e-19
-9.650000000e-02	2.129088462e+00	-1.827706733e-02	9.325310350e-20
-9.700000000e-02	2.129093765e+00	-1.845592952e-02	1.081915643e-19
-9.750000000e-02	2.129099084e+00	-1.863479100e-02	1.186519311e-19
-9.800000000e-02	2.129104418e+00	-1.881365178e-02	1.870453285e-19
-9.850000000e-02	2.129109767e+00	-1.899251184e-02	1.620760811e-19
-9.900000000e-02	2.129115130e+00	-1.917137120e-02	6.262838540e-20
-9.950000000e-02	2.129120509e+00	-1.935022982e-02	1.243563895e-19
-1.000000000e-01	2.129125902e+00	-1.952908774e-02	1.925937671e-19
-1.005000000e-01	2.129131311e+00	-1.970794491e-02	1.117214105e-19
-1.010000000e-01	2.129136734e+00	-1.988680136e-02	9.566070045e-20
-1.015000000e-01	2.129142173e+00	-2.006565708e-02	1.032785321e-19
-1.020000000e-01	2.129147626e+00	-2.024451205e-02	9.691434513e-20
-1.025000000e-01	2.129153095e+00	-2.042336628e-02	1.668465608e-19
-1.030000000e-01	2.129158578e+00	-2.060221977e-02	1.247913633e-19
-1.035000000e-01	2.129164076e+00	-2.078107251e-02	1.095508542e-19
-1.040000000e-01	2.129169589e+00	-2.095992449e-02	1.228253686e-19
-1.045000000e-01	2.129175117e+00	-2.113877572e-02	1.075329831e-19
-1.050000000e-01	2.129180661e+00	-2.131762619e-02	8.391360103e-20
-1.055000000e-01	2.129186219e+00	-2.149647590e-02	4.121719360e-20
-1.060000000e-01	2.129191792e+00	-2.167532483e-02	1.237090382e-19
-1.065000000e-01	2.129197380e+00	-2.185417299e-02	9.310678650e-20
-1.070000000e-01	2.129202983e+00	-2.203302038e-02	1.303062722e-19
-1.075000000e-01	2.129208601e+00	-2.221186699e-02	9.958276690e-20
-1.080000000e-01	2.129214233e+00	-2.239071282e-02	1.161368629e-19
-1.085000000e-01	2.129219881e+00	-2.256955785e-02	1.212287077e-19
-1.090000000e-01	2.129225544e+00	-2.274840210e-02	3.664572916e-20
-1.095000000e-01	2.129231222e+00	-2.292724555e-02	1.446171593e-19
-1.100000000e-01	2.129236914e+00	-2.310608821e-02	1.435040865e-19
-1.105000000e-01	2.129242622e+00	-2.328493006e-02	1.025860610e-19
-1.110000000e-01	2.129248344e+00	-2.346377111e-02	8.744866078e-20
-1.115000000e-01	2.129254082e+00	-2.364261136e-02	1.591592579e-19
-1.120000000e-01	2.129259834e+00	-2.382145078e-02	5.574824846e-20
-1.125000000e-01	2.129265602e+00	-2.400028939e-02	9.292756047e-20
-1.130000000e-01	2.129271384e+00	-2.417912718e-02	1.465963999e-19
-1.135000000e-01	2.129277181e+00	-2.435796415e-02	1.348610063e-19
-1.140000000e-01	2.129282994e+00	-2.453680028e-02	1.266906603e-19
-1.145000000e-01	2.129288821e+00	-2.471563559e-02	1.520925474e-19
-1.150000000e-01	2.129294663e+00	-2.489447006e-02	1.199299347e-19
-1.155000000e-01	2.129300520e+00	-2.507330368e-02	1.723002898e-19
-1.160000000e-01	2.129306392e+00	-2.525213648e-02	7.379966114e-20
-1.165000000e-01	2.129312279e+00	-2.543096842e-02	1.350986586e-19
-1.170000000e-01	2.129318181e+00	-2.560979951e-02	1.018647480e-19
-1.175000000e-01	2.129324098e+00	-2.578862975e-02	1.447935417e-19
-1.180000000e-01	2.129330030e+00	-2.596745914e-02	2.180112729e-19
-1.185000000e-01	2.129335977e+00	-2.614628765e-02	1.267884874e-19
-1.190000000e-01	2.129341938e+00	-2.632511531e-02	1.212732149e-19
-1.195000000e-01	2.129347915e+00	-2.650394210e-02	1.167935290e-19
-1.200000000e-01	2.129353907e+00	-2.668276800e-02	1.046743290e-19
-1.205000000e-01	2.129359913e+00	-2.686159305e-02	1.996076714e-19
-1.210000000e-01	2.129365935e+00	-2.704041720e-02	9.405676884e-20
-1.215000000e-01	2.129371971e+00	-2.721924047e-02	8.175087601e-20
-1.220000000e-01	2.129378022e+00	-2.739806286e-02	1.206743784e-19
-1.225000000e-01	2.129384089e+00	-2.757688435e-02	1.538972609e-19
-1.230000000e-01	2.129390170e+00	-2.775570496e-02	1.351203083e-19
-1.235000000e-01	2.129396266e+00	-2.793452465e-02	1.069724057e-19
-1.240000000e-01	2.129402377e+00	-2.811334345e-02	6.631684048e-20
-1.245000000e-01	2.129408504e+00	-2.829216135e-02	1.111172927e-19
-1.250000000e-01	2.129414645e+00	-2.847097833e-02	1.325055518e-19
-1.255000000e-01	2.129420801e+00	-2.864979440e-02	1.457394307e-19
-1.260000000e-01	2.129426971e+00	-2.882860955e-02	1.338640829e-19
-1.265000000e-01	2.129433157e+00	-2.900742378e-02	1.031719801e-19
-1.270000000e-01	2.129439358e+00	-2.918623709e-02	7.562788614e-20
-1.275000000e-01	2.129445574e+00	-2.936504947e-02	7.798858723e-20
-1.280000000e-01	2.129451805e+00	-2.954386092e-02	1.114518394e-19
-1.285000000e-01	2.129458050e+00	-2.972267142e-02	9.172203905e-20
-1.290000000e-01	2.129464311e+00	-2.990148099e-02	1.010870226e-19
-1.295000000e-01	2.129470586e+00	-3.008028963e-02	2.296449643e-19
-1.300000000e-01	2.129476877e+00	-3.025909731e-02	1.058492909e-19
-1.305000000e-01	2.129483182e+00	-3.043790403e-02	2.541395098e-20
-1.310000000e-01	2.129489502e+00	-3.061670981e-02	6.252677418e-20
-1.315000000e-01	2.129495838e+00	-3.079551463e-02	1.453042965e-19
-1.320000000e-01	2.129502188e+00	-3.097431848e-02	1.056961040e-19
-1.325000000e-01	2.129508553e+00	-3.115312137e-02	1.433941791e-19
-1.330000000e-01	2.129514933e+00	-3.133192329e-02	5.565126433e-20
-1.335000000e-01	2.129521328e+00	-3.151072424e-02	1.753871989e-19
-1.340000000e-01	2.129527738e+00	-3.168952421e-02	7.277988542e-20
-1.345000000e-01	2.129534163e+00	-3.186832320e-02	1.084146239e-19
-1.350000000e-01	2.129540602e+00	-3.204712120e-02	1.188668404e-19
-1.355000000e-01	2.129547057e+00	-3.222591822e-02	1.439219514e-19
-1.360000000e-01	2.129553527e+00	-3.240471425e-02	7.443230859e-20
-1.365000000e-01	2.129560011e+00	-3.258350928e-02	1.192894005e-19
-1.370000000e-01	2.129566511e+00	-3.276230331e-02	1.298094071e-19
-1.375000000e-01	2.129573025e+00	-3.294109634e-02	1.515322671e-19
-1.380000000e-01	2.129579555e+00	-3.311988837e-02	1.821496643e-19
-1.385000000e-01	2.129586099e+00	-3.329867938e-02	9.144166184e-20
-1.390000000e-01	2.129592658e+00	-3.347746938e-02	1.299027644e-19
-1.395000000e-01	2.129599232e+00	-3.365625836e-02	6.375826398e-20
-1.400000000e-01	2.129605821e+00	-3.383504631e-02	1.424600446e-19
-1.405000000e-01	2.129612425e+00	-3.401383326e-02	1.797954361e-19
-1.410000000e-01	2.129619044e+00	-3.419261916e-02	1.039805303e-19
-1.415000000e-01	2.129625678e+00	-3.437140403e-02	1.262110737e-19
-1.420000000e-01	2.129632327e+00	-3.455018787e-02	1.597615575e-19
-1.425000000e-01	2.129638991e+00	-3.472897067e-02	1.453274532e-19
-1.430000000e-01	2.129645669e+00	-3.490775242e-02	1.268730364e-19
-1.435000000e-01	2.129652363e+00	-3.508653312e-02	1.560047999e-19
-1.440000000e-01	2.129659072e+00	-3.526531277e-02	1.405668498e-19
-1.445000000e-01	2.129665795e+00	-3.544409138e-02	7.902352805e-20
-1.450000000e-01	2.129672533e+00	-3.562286892e-02	1.002378118e-19
-1.455000000e-01	2.129679287e+00	-3.580164540e-02	1.790519284e-19
-1.460000000e-01	2.129686055e+00	-3.598042081e-02	1.265450140e-19
-1.465000000e-01	2.129692838e+00	-3.615919515e-02	8.881997858e-20
-1.470000000e-01	2.129699636e+00	-3.633796843e-02	1.175684595e-19
-1.475000000e-01	2.129706449e+00	-3.651674062e-02	7.109798203e-20
-1.480000000e-01	2.129713277e+00	-3.669551173e-02	1.388794532e-19
-1.485000000e-01	2.129720120e+00	-3.687428175e-02	1.422035430e-19
-1.490000000e-01	2.129726977e+00	-3.705305070e-02	8.283162906e-20
-1.495000000e-01	2.129733850e+00	-3.723181855e-02	8.703561438e-20
-1.500000000e-01	2.129740738e+00	-3.741058529e-02	6.423270326e-20
