# epsi_ci     Re(Lambda)      Im(Lambda)      Eq(det), R = 0.10 $\mu$m, $E_p$ = 0.900 eV, modo = 4, $\epsilon_\infty$ = 3.9, $\gamma_{DL}$ = 0.01 eV, solve_det_sinkz_vs_mu.py
0.000000000e+00	2.181362285e+00	1.843104391e-02	1.052851721e-19
-5.000000000e-04	2.181364846e+00	1.824906122e-02	7.122626785e-20
-1.000000000e-03	2.181367422e+00	1.806707848e-02	1.215909395e-19
-1.500000000e-03	2.181370012e+00	1.788509570e-02	5.252409402e-20
-2.000000000e-03	2.181372618e+00	1.770311288e-02	5.613725465e-20
-2.500000000e-03	2.181375239e+00	1.752113003e-02	4.968431697e-20
-3.000000000e-03	2.181377875e+00	1.733914715e-02	2.936258904e-20
-3.500000000e-03	2.181380526e+00	1.715716423e-02	7.421639622e-20
-4.000000000e-03	2.181383192e+00	1.697518130e-02	9.870968286e-20
-4.500000000e-03	2.181385873e+00	1.679319835e-02	6.743961633e-20
-5.000000000e-03	2.181388569e+00	1.661121537e-02	9.680283736e-20
-5.500000000e-03	2.181391280e+00	1.642923240e-02	1.240315196e-19
-6.000000000e-03	2.181394006e+00	1.624724941e-02	1.216529401e-19
-6.500000000e-03	2.181396747e+00	1.606526641e-02	7.372493522e-20
-7.000000000e-03	2.181399504e+00	1.588328341e-02	6.230533497e-20
-7.500000000e-03	2.181402275e+00	1.570130042e-02	9.316946187e-20
-8.000000000e-03	2.181405061e+00	1.551931743e-02	1.194526133e-19
-8.500000000e-03	2.181407863e+00	1.533733446e-02	1.001504435e-19
-9.000000000e-03	2.181410679e+00	1.515535149e-02	6.845893239e-20
-9.500000000e-03	2.181413511e+00	1.497336854e-02	8.859106701e-20
-1.000000000e-02	2.181416358e+00	1.479138562e-02	5.919219184e-20
-1.050000000e-02	2.181419219e+00	1.460940271e-02	8.844216310e-20
-1.100000000e-02	2.181422096e+00	1.442741984e-02	7.815748624e-20
-1.150000000e-02	2.181424988e+00	1.424543701e-02	8.994229303e-20
-1.200000000e-02	2.181427895e+00	1.406345420e-02	5.628785322e-20
-1.250000000e-02	2.181430817e+00	1.388147143e-02	1.031260255e-19
-1.300000000e-02	2.181433754e+00	1.369948871e-02	6.976450589e-20
-1.350000000e-02	2.181436706e+00	1.351750604e-02	9.855253912e-20
-1.400000000e-02	2.181439673e+00	1.333552342e-02	1.097772771e-19
-1.450000000e-02	2.181442655e+00	1.315354085e-02	1.593431925e-19
-1.500000000e-02	2.181445652e+00	1.297155833e-02	6.079132517e-20
-1.550000000e-02	2.181448664e+00	1.278957588e-02	4.363869427e-20
-1.600000000e-02	2.181451691e+00	1.260759350e-02	8.161942170e-20
-1.650000000e-02	2.181454734e+00	1.242561118e-02	1.080825710e-19
-1.700000000e-02	2.181457791e+00	1.224362893e-02	7.275507542e-20
-1.750000000e-02	2.181460864e+00	1.206164677e-02	4.643149229e-20
-1.800000000e-02	2.181463951e+00	1.187966469e-02	8.416856898e-20
-1.850000000e-02	2.181467054e+00	1.169768268e-02	1.149155579e-19
-1.900000000e-02	2.181470171e+00	1.151570076e-02	7.491284358e-20
-1.950000000e-02	2.181473304e+00	1.133371894e-02	7.627876377e-20
-2.000000000e-02	2.181476452e+00	1.115173721e-02	9.456936017e-20
-2.050000000e-02	2.181479614e+00	1.096975558e-02	9.245063888e-20
-2.100000000e-02	2.181482792e+00	1.078777405e-02	4.454272847e-20
-2.150000000e-02	2.181485985e+00	1.060579263e-02	5.319149529e-20
-2.200000000e-02	2.181489193e+00	1.042381132e-02	5.886111322e-20
-2.250000000e-02	2.181492416e+00	1.024183011e-02	9.938945996e-20
-2.300000000e-02	2.181495654e+00	1.005984903e-02	8.834526830e-20
-2.350000000e-02	2.181498907e+00	9.877868073e-03	5.200597115e-20
-2.400000000e-02	2.181502175e+00	9.695887236e-03	6.207180703e-20
-2.450000000e-02	2.181505458e+00	9.513906525e-03	9.699965442e-20
-2.500000000e-02	2.181508757e+00	9.331925953e-03	6.720578120e-20
-2.550000000e-02	2.181512070e+00	9.149945507e-03	1.168450975e-19
-2.600000000e-02	2.181515398e+00	8.967965207e-03	5.040942680e-20
-2.650000000e-02	2.181518742e+00	8.785985047e-03	7.811572574e-20
-2.700000000e-02	2.181522100e+00	8.604005036e-03	7.399703079e-20
-2.750000000e-02	2.181525474e+00	8.422025176e-03	6.012190449e-20
-2.800000000e-02	2.181528862e+00	8.240045473e-03	1.220245847e-19
-2.850000000e-02	2.181532266e+00	8.058065917e-03	6.424298082e-20
-2.900000000e-02	2.181535685e+00	7.876086533e-03	9.262146510e-20
-2.950000000e-02	2.181539118e+00	7.694107304e-03	8.103976088e-20
-3.000000000e-02	2.181542567e+00	7.512128255e-03	1.059483553e-19
-3.050000000e-02	2.181546031e+00	7.330149369e-03	7.005602610e-20
-3.100000000e-02	2.181549510e+00	7.148170666e-03	6.392439521e-20
-3.150000000e-02	2.181553004e+00	6.966192140e-03	6.050991874e-20
-3.200000000e-02	2.181556513e+00	6.784213792e-03	6.986909654e-20
-3.250000000e-02	2.181560037e+00	6.602235639e-03	8.989737436e-20
-3.300000000e-02	2.181563576e+00	6.420257673e-03	7.197987659e-20
-3.350000000e-02	2.181567130e+00	6.238279904e-03	5.459661809e-20
-3.400000000e-02	2.181570699e+00	6.056302334e-03	4.586660593e-20
-3.450000000e-02	2.181574284e+00	5.874324970e-03	8.670616972e-20
-3.500000000e-02	2.181577883e+00	5.692347800e-03	8.337570455e-20
-3.550000000e-02	2.181581497e+00	5.510370849e-03	8.290321420e-20
-3.600000000e-02	2.181585127e+00	5.328394105e-03	8.786112204e-20
-3.650000000e-02	2.181588771e+00	5.146417587e-03	5.421729402e-20
-3.700000000e-02	2.181592431e+00	4.964441280e-03	1.136061466e-19
-3.750000000e-02	2.181596105e+00	4.782465202e-03	4.610030195e-20
-3.800000000e-02	2.181599795e+00	4.600489353e-03	8.393911323e-20
-3.850000000e-02	2.181603500e+00	4.418513734e-03	1.001541353e-19
-3.900000000e-02	2.181607219e+00	4.236538353e-03	9.002792863e-20
-3.950000000e-02	2.181610954e+00	4.054563208e-03	1.150589065e-19
-4.000000000e-02	2.181614704e+00	3.872588297e-03	1.268819054e-19
-4.050000000e-02	2.181618469e+00	3.690613650e-03	7.519188693e-20
-4.100000000e-02	2.181622249e+00	3.508639243e-03	9.604812487e-20
-4.150000000e-02	2.181626044e+00	3.326665087e-03	1.080656698e-19
-4.200000000e-02	2.181629854e+00	3.144691195e-03	2.838825117e-20
-4.250000000e-02	2.181633679e+00	2.962717562e-03	3.081897941e-20
-4.300000000e-02	2.181637519e+00	2.780744197e-03	6.178912589e-20
-4.350000000e-02	2.181641374e+00	2.598771095e-03	8.940544344e-20
-4.400000000e-02	2.181645245e+00	2.416798265e-03	8.527353375e-20
-4.450000000e-02	2.181649130e+00	2.234825718e-03	9.577573447e-20
-4.500000000e-02	2.181653030e+00	2.052853441e-03	9.393056129e-20
-4.550000000e-02	2.181656946e+00	1.870881456e-03	2.210697725e-20
-4.600000000e-02	2.181660876e+00	1.688909754e-03	5.734566807e-20
-4.650000000e-02	2.181664822e+00	1.506938343e-03	3.765576873e-20
-4.700000000e-02	2.181668782e+00	1.324967227e-03	8.062168532e-20
-4.750000000e-02	2.181672758e+00	1.142996409e-03	8.214217512e-20
-4.800000000e-02	2.181676748e+00	9.610258950e-04	8.339662126e-20
-4.850000000e-02	2.181680754e+00	7.790556803e-04	9.641258535e-20
-4.900000000e-02	2.181684775e+00	5.970857816e-04	9.230180349e-20
-4.950000000e-02	2.181688811e+00	4.151161921e-04	7.055559602e-20
-5.000000000e-02	2.181692861e+00	2.331469198e-04	1.191578039e-19
-5.050000000e-02	2.181696927e+00	5.117797468e-05	8.159865293e-20
-5.100000000e-02	2.181701008e+00	-1.307906602e-04	1.170208227e-19
-5.150000000e-02	2.181705104e+00	-3.127589525e-04	7.769141076e-20
-5.200000000e-02	2.181709215e+00	-4.947269257e-04	7.425331289e-20
-5.250000000e-02	2.181713341e+00	-6.766945542e-04	9.451389170e-20
-5.300000000e-02	2.181717483e+00	-8.586618534e-04	5.607441995e-20
-5.350000000e-02	2.181721639e+00	-1.040628807e-03	7.833215896e-20
-5.400000000e-02	2.181725810e+00	-1.222595409e-03	5.009094573e-20
-5.450000000e-02	2.181729996e+00	-1.404561664e-03	9.352936595e-20
-5.500000000e-02	2.181734198e+00	-1.586527569e-03	7.212845379e-20
-5.550000000e-02	2.181738414e+00	-1.768493112e-03	6.158603805e-20
-5.600000000e-02	2.181742646e+00	-1.950458296e-03	8.090794988e-20
-5.650000000e-02	2.181746892e+00	-2.132423115e-03	6.738772468e-20
-5.700000000e-02	2.181751154e+00	-2.314387569e-03	7.901569588e-20
-5.750000000e-02	2.181755430e+00	-2.496351649e-03	7.374139268e-20
-5.800000000e-02	2.181759722e+00	-2.678315351e-03	4.402419215e-20
-5.850000000e-02	2.181764028e+00	-2.860278678e-03	7.341555465e-20
-5.900000000e-02	2.181768350e+00	-3.042241621e-03	6.570634442e-20
-5.950000000e-02	2.181772687e+00	-3.224204173e-03	6.927137318e-20
-6.000000000e-02	2.181777039e+00	-3.406166334e-03	6.174152256e-20
-6.050000000e-02	2.181781406e+00	-3.588128108e-03	9.635910563e-20
-6.100000000e-02	2.181785787e+00	-3.770089477e-03	6.165535286e-20
-6.150000000e-02	2.181790184e+00	-3.952050444e-03	1.218577153e-19
-6.200000000e-02	2.181794596e+00	-4.134011019e-03	1.151929692e-19
-6.250000000e-02	2.181799023e+00	-4.315971174e-03	1.077629077e-19
-6.300000000e-02	2.181803466e+00	-4.497930917e-03	7.617776500e-20
-6.350000000e-02	2.181807923e+00	-4.679890242e-03	1.098384700e-19
-6.400000000e-02	2.181812395e+00	-4.861849146e-03	7.352111805e-20
-6.450000000e-02	2.181816882e+00	-5.043807636e-03	7.794678604e-20
-6.500000000e-02	2.181821384e+00	-5.225765693e-03	1.000036783e-19
-6.550000000e-02	2.181825902e+00	-5.407723311e-03	7.831223432e-20
-6.600000000e-02	2.181830434e+00	-5.589680507e-03	9.379117644e-20
-6.650000000e-02	2.181834981e+00	-5.771637260e-03	9.038394178e-20
-6.700000000e-02	2.181839544e+00	-5.953593564e-03	8.423059967e-20
-6.750000000e-02	2.181844121e+00	-6.135549432e-03	7.530263896e-20
-6.800000000e-02	2.181848714e+00	-6.317504842e-03	8.922820014e-20
-6.850000000e-02	2.181853322e+00	-6.499459809e-03	1.064312556e-19
-6.900000000e-02	2.181857944e+00	-6.681414311e-03	7.418044980e-20
-6.950000000e-02	2.181862582e+00	-6.863368359e-03	1.021504272e-19
-7.000000000e-02	2.181867235e+00	-7.045321937e-03	6.920382746e-20
-7.050000000e-02	2.181871902e+00	-7.227275045e-03	5.209240672e-20
-7.100000000e-02	2.181876585e+00	-7.409227684e-03	5.922290079e-20
-7.150000000e-02	2.181881283e+00	-7.591179853e-03	7.389251942e-20
-7.200000000e-02	2.181885996e+00	-7.773131533e-03	6.453548783e-20
-7.250000000e-02	2.181890724e+00	-7.955082740e-03	5.482323554e-20
-7.300000000e-02	2.181895467e+00	-8.137033458e-03	7.625715160e-20
-7.350000000e-02	2.181900225e+00	-8.318983684e-03	6.815047177e-20
-7.400000000e-02	2.181904998e+00	-8.500933413e-03	4.336624104e-20
-7.450000000e-02	2.181909786e+00	-8.682882651e-03	6.609823873e-20
-7.500000000e-02	2.181914589e+00	-8.864831379e-03	1.282291597e-19
-7.550000000e-02	2.181919407e+00	-9.046779611e-03	7.541142316e-20
-7.600000000e-02	2.181924241e+00	-9.228727329e-03	8.506075921e-20
-7.650000000e-02	2.181929089e+00	-9.410674543e-03	9.168080466e-20
-7.700000000e-02	2.181933952e+00	-9.592621236e-03	1.161143625e-19
-7.750000000e-02	2.181938830e+00	-9.774567401e-03	8.837740108e-20
-7.800000000e-02	2.181943724e+00	-9.956513055e-03	5.093804940e-20
-7.850000000e-02	2.181948632e+00	-1.013845818e-02	9.754041511e-20
-7.900000000e-02	2.181953556e+00	-1.032040277e-02	5.262099833e-20
-7.950000000e-02	2.181958494e+00	-1.050234683e-02	1.031644897e-19
-8.000000000e-02	2.181963448e+00	-1.068429035e-02	7.523308228e-20
-8.050000000e-02	2.181968416e+00	-1.086623332e-02	4.639860235e-20
-8.100000000e-02	2.181973400e+00	-1.104817575e-02	1.318706519e-19
-8.150000000e-02	2.181978399e+00	-1.123011764e-02	9.981901081e-20
-8.200000000e-02	2.181983412e+00	-1.141205896e-02	7.233462097e-20
-8.250000000e-02	2.181988441e+00	-1.159399974e-02	7.408990696e-20
-8.300000000e-02	2.181993485e+00	-1.177593995e-02	7.189985649e-20
-8.350000000e-02	2.181998544e+00	-1.195787960e-02	1.520331638e-19
-8.400000000e-02	2.182003618e+00	-1.213981868e-02	7.397245789e-20
-8.450000000e-02	2.182008707e+00	-1.232175719e-02	3.132824216e-20
-8.500000000e-02	2.182013810e+00	-1.250369513e-02	7.757782292e-20
-8.550000000e-02	2.182018929e+00	-1.268563249e-02	8.252878179e-20
-8.600000000e-02	2.182024063e+00	-1.286756926e-02	8.521607526e-20
-8.650000000e-02	2.182029213e+00	-1.304950545e-02	8.745165864e-20
-8.700000000e-02	2.182034377e+00	-1.323144104e-02	1.163166334e-19
-8.750000000e-02	2.182039556e+00	-1.341337605e-02	8.182811816e-20
-8.800000000e-02	2.182044750e+00	-1.359531046e-02	2.662821151e-20
-8.850000000e-02	2.182049959e+00	-1.377724427e-02	5.828302403e-20
-8.900000000e-02	2.182055183e+00	-1.395917747e-02	8.196372959e-20
-8.950000000e-02	2.182060423e+00	-1.414111006e-02	3.703036099e-20
-9.000000000e-02	2.182065677e+00	-1.432304205e-02	7.865360548e-20
-9.050000000e-02	2.182070946e+00	-1.450497342e-02	6.223690786e-20
-9.100000000e-02	2.182076231e+00	-1.468690417e-02	9.754149550e-20
-9.150000000e-02	2.182081530e+00	-1.486883429e-02	7.173352988e-20
-9.200000000e-02	2.182086844e+00	-1.505076379e-02	9.583165722e-20
-9.250000000e-02	2.182092174e+00	-1.523269266e-02	8.299996591e-20
-9.300000000e-02	2.182097518e+00	-1.541462089e-02	9.502750002e-20
-9.350000000e-02	2.182102878e+00	-1.559654849e-02	2.955033779e-20
-9.400000000e-02	2.182108252e+00	-1.577847545e-02	7.715971134e-20
-9.450000000e-02	2.182113642e+00	-1.596040175e-02	7.767234763e-20
-9.500000000e-02	2.182119047e+00	-1.614232742e-02	7.502039617e-20
-9.550000000e-02	2.182124466e+00	-1.632425243e-02	8.359239789e-20
-9.600000000e-02	2.182129901e+00	-1.650617679e-02	8.636912746e-20
-9.650000000e-02	2.182135351e+00	-1.668810048e-02	6.494711983e-20
-9.700000000e-02	2.182140816e+00	-1.687002350e-02	1.214126043e-19
-9.750000000e-02	2.182146295e+00	-1.705194587e-02	5.093233979e-20
-9.800000000e-02	2.182151790e+00	-1.723386756e-02	6.099299468e-20
-9.850000000e-02	2.182157300e+00	-1.741578858e-02	9.249235293e-20
-9.900000000e-02	2.182162825e+00	-1.759770892e-02	7.599011246e-20
-9.950000000e-02	2.182168365e+00	-1.777962858e-02	7.088156341e-20
-1.000000000e-01	2.182173920e+00	-1.796154755e-02	4.471681323e-20
-1.005000000e-01	2.182179490e+00	-1.814346583e-02	7.109527383e-20
-1.010000000e-01	2.182185075e+00	-1.832538342e-02	8.697295725e-20
-1.015000000e-01	2.182190675e+00	-1.850730032e-02	7.674829285e-20
-1.020000000e-01	2.182196290e+00	-1.868921652e-02	4.232706949e-20
-1.025000000e-01	2.182201920e+00	-1.887113201e-02	8.522357378e-20
-1.030000000e-01	2.182207565e+00	-1.905304679e-02	4.078221919e-20
-1.035000000e-01	2.182213225e+00	-1.923496086e-02	6.853815369e-20
-1.040000000e-01	2.182218901e+00	-1.941687421e-02	6.040011259e-20
-1.045000000e-01	2.182224591e+00	-1.959878685e-02	9.684644579e-20
-1.050000000e-01	2.182230296e+00	-1.978069877e-02	8.930003787e-20
-1.055000000e-01	2.182236016e+00	-1.996260995e-02	1.109694351e-19
-1.060000000e-01	2.182241752e+00	-2.014452042e-02	7.928435412e-20
-1.065000000e-01	2.182247502e+00	-2.032643014e-02	6.878944066e-20
-1.070000000e-01	2.182253267e+00	-2.050833913e-02	6.226699572e-20
-1.075000000e-01	2.182259048e+00	-2.069024738e-02	7.426440179e-20
-1.080000000e-01	2.182264843e+00	-2.087215489e-02	7.447048232e-20
-1.085000000e-01	2.182270653e+00	-2.105406164e-02	8.327120104e-20
-1.090000000e-01	2.182276479e+00	-2.123596764e-02	6.241786445e-20
-1.095000000e-01	2.182282319e+00	-2.141787289e-02	8.634364186e-20
-1.100000000e-01	2.182288175e+00	-2.159977738e-02	1.003686439e-19
-1.105000000e-01	2.182294045e+00	-2.178168111e-02	9.388350235e-20
-1.110000000e-01	2.182299931e+00	-2.196358407e-02	8.514267220e-20
-1.115000000e-01	2.182305831e+00	-2.214548626e-02	7.939640065e-20
-1.120000000e-01	2.182311747e+00	-2.232738768e-02	1.005310223e-19
-1.125000000e-01	2.182317678e+00	-2.250928832e-02	5.859768660e-20
-1.130000000e-01	2.182323623e+00	-2.269118817e-02	8.339911245e-20
-1.135000000e-01	2.182329584e+00	-2.287308725e-02	7.973495091e-20
-1.140000000e-01	2.182335560e+00	-2.305498553e-02	7.931397717e-20
-1.145000000e-01	2.182341550e+00	-2.323688302e-02	7.684285388e-20
-1.150000000e-01	2.182347556e+00	-2.341877971e-02	6.731010886e-20
-1.155000000e-01	2.182353577e+00	-2.360067561e-02	7.898277244e-20
-1.160000000e-01	2.182359613e+00	-2.378257070e-02	9.526726532e-20
-1.165000000e-01	2.182365663e+00	-2.396446499e-02	5.227111212e-20
-1.170000000e-01	2.182371729e+00	-2.414635846e-02	1.228729644e-19
-1.175000000e-01	2.182377810e+00	-2.432825112e-02	1.333969763e-19
-1.180000000e-01	2.182383906e+00	-2.451014297e-02	5.970288643e-20
-1.185000000e-01	2.182390017e+00	-2.469203399e-02	7.318527927e-20
-1.190000000e-01	2.182396143e+00	-2.487392418e-02	7.925871945e-20
-1.195000000e-01	2.182402284e+00	-2.505581355e-02	8.572595177e-20
-1.200000000e-01	2.182408439e+00	-2.523770208e-02	7.837394226e-20
-1.205000000e-01	2.182414610e+00	-2.541958978e-02	6.681347531e-20
-1.210000000e-01	2.182420796e+00	-2.560147663e-02	1.054035530e-19
-1.215000000e-01	2.182426997e+00	-2.578336265e-02	7.900869264e-20
-1.220000000e-01	2.182433213e+00	-2.596524782e-02	3.431907495e-20
-1.225000000e-01	2.182439444e+00	-2.614713214e-02	9.332295464e-20
-1.230000000e-01	2.182445690e+00	-2.632901560e-02	8.563598444e-20
-1.235000000e-01	2.182451951e+00	-2.651089820e-02	8.633953522e-20
-1.240000000e-01	2.182458227e+00	-2.669277993e-02	9.053758273e-20
-1.245000000e-01	2.182464519e+00	-2.687466081e-02	1.084384103e-19
-1.250000000e-01	2.182470825e+00	-2.705654081e-02	1.028469366e-19
-1.255000000e-01	2.182477146e+00	-2.723841994e-02	1.110864477e-19
-1.260000000e-01	2.182483482e+00	-2.742029820e-02	9.351481133e-20
-1.265000000e-01	2.182489833e+00	-2.760217557e-02	2.167281342e-20
-1.270000000e-01	2.182496199e+00	-2.778405207e-02	7.393652500e-20
-1.275000000e-01	2.182502580e+00	-2.796592767e-02	1.085859802e-19
-1.280000000e-01	2.182508976e+00	-2.814780238e-02	7.445598975e-20
-1.285000000e-01	2.182515388e+00	-2.832967619e-02	1.007468815e-19
-1.290000000e-01	2.182521814e+00	-2.851154911e-02	5.892413018e-20
-1.295000000e-01	2.182528255e+00	-2.869342113e-02	1.085819410e-19
-1.300000000e-01	2.182534711e+00	-2.887529223e-02	4.917414309e-20
-1.305000000e-01	2.182541182e+00	-2.905716243e-02	9.319380201e-20
-1.310000000e-01	2.182547669e+00	-2.923903171e-02	1.059712239e-19
-1.315000000e-01	2.182554170e+00	-2.942090008e-02	1.062067981e-19
-1.320000000e-01	2.182560686e+00	-2.960276753e-02	9.610243528e-20
-1.325000000e-01	2.182567218e+00	-2.978463405e-02	6.767029379e-20
-1.330000000e-01	2.182573764e+00	-2.996649965e-02	1.173084822e-19
-1.335000000e-01	2.182580325e+00	-3.014836430e-02	1.042652271e-19
-1.340000000e-01	2.182586901e+00	-3.033022803e-02	1.058203075e-19
-1.345000000e-01	2.182593493e+00	-3.051209082e-02	8.057334731e-20
-1.350000000e-01	2.182600099e+00	-3.069395266e-02	9.631335605e-20
-1.355000000e-01	2.182606720e+00	-3.087581356e-02	4.912242687e-20
-1.360000000e-01	2.182613357e+00	-3.105767350e-02	7.983483774e-20
-1.365000000e-01	2.182620008e+00	-3.123953249e-02	1.462583076e-19
-1.370000000e-01	2.182626674e+00	-3.142139053e-02	1.146539487e-19
-1.375000000e-01	2.182633356e+00	-3.160324760e-02	8.581253902e-20
-1.380000000e-01	2.182640052e+00	-3.178510371e-02	1.132375761e-19
-1.385000000e-01	2.182646763e+00	-3.196695885e-02	7.854802076e-20
-1.390000000e-01	2.182653490e+00	-3.214881302e-02	7.140167691e-20
-1.395000000e-01	2.182660231e+00	-3.233066621e-02	7.344106707e-20
-1.400000000e-01	2.182666987e+00	-3.251251842e-02	7.439807344e-20
-1.405000000e-01	2.182673759e+00	-3.269436965e-02	7.330697024e-20
-1.410000000e-01	2.182680545e+00	-3.287621990e-02	1.028028395e-19
-1.415000000e-01	2.182687347e+00	-3.305806915e-02	1.226296419e-19
-1.420000000e-01	2.182694163e+00	-3.323991740e-02	6.740023108e-20
-1.425000000e-01	2.182700994e+00	-3.342176466e-02	9.244990987e-20
-1.430000000e-01	2.182707841e+00	-3.360361092e-02	9.338031029e-20
-1.435000000e-01	2.182714702e+00	-3.378545618e-02	1.245825707e-19
-1.440000000e-01	2.182721579e+00	-3.396730041e-02	7.848985381e-20
-1.445000000e-01	2.182728470e+00	-3.414914365e-02	1.000974832e-19
-1.450000000e-01	2.182735376e+00	-3.433098586e-02	5.510396176e-20
-1.455000000e-01	2.182742298e+00	-3.451282705e-02	7.558604593e-20
-1.460000000e-01	2.182749234e+00	-3.469466722e-02	6.969106039e-20
-1.465000000e-01	2.182756185e+00	-3.487650636e-02	4.651373583e-20
-1.470000000e-01	2.182763152e+00	-3.505834448e-02	9.651189208e-20
-1.475000000e-01	2.182770133e+00	-3.524018156e-02	5.590107467e-20
-1.480000000e-01	2.182777130e+00	-3.542201760e-02	9.119516008e-20
-1.485000000e-01	2.182784141e+00	-3.560385259e-02	8.287021996e-20
-1.490000000e-01	2.182791167e+00	-3.578568655e-02	8.969550075e-20
-1.495000000e-01	2.182798209e+00	-3.596751944e-02	8.803954500e-20
-1.500000000e-01	2.182805265e+00	-3.614935130e-02	1.016335461e-19
