# epsi_ci     Re(Lambda)      Im(Lambda)      Eq(det), R = 0.05 $\mu$m, $E_p$ = 0.600 eV, modo = 3, $\epsilon_\infty$ = 3.9, $\gamma_{DL}$ = 0.01 eV, solve_det_sinkz_vs_mu.py
0.000000000e+00	3.958712717e+00	5.602000102e-02	5.948247153e-14
-1.000000000e-03	3.958720986e+00	5.563426675e-02	5.395294867e-14
-2.000000000e-03	3.958729293e+00	5.524853223e-02	2.862673877e-14
-3.000000000e-03	3.958737637e+00	5.486279749e-02	2.580314165e-14
-4.000000000e-03	3.958746018e+00	5.447706253e-02	2.264189895e-14
-5.000000000e-03	3.958754437e+00	5.409132736e-02	5.832453043e-14
-6.000000000e-03	3.958762892e+00	5.370559199e-02	3.993008790e-14
-7.000000000e-03	3.958771385e+00	5.331985644e-02	3.162086233e-14
-8.000000000e-03	3.958779915e+00	5.293412071e-02	3.407125790e-14
-9.000000000e-03	3.958788482e+00	5.254838482e-02	2.967373824e-14
-1.000000000e-02	3.958797086e+00	5.216264877e-02	2.307730591e-14
-1.100000000e-02	3.958805727e+00	5.177691258e-02	3.965331567e-14
-1.200000000e-02	3.958814405e+00	5.139117626e-02	3.469109705e-14
-1.300000000e-02	3.958823121e+00	5.100543982e-02	4.616410810e-14
-1.400000000e-02	3.958831874e+00	5.061970326e-02	3.225175195e-14
-1.500000000e-02	3.958840664e+00	5.023396660e-02	1.437205743e-14
-1.600000000e-02	3.958849491e+00	4.984822985e-02	5.490561498e-14
-1.700000000e-02	3.958858355e+00	4.946249302e-02	2.503163731e-14
-1.800000000e-02	3.958867257e+00	4.907675613e-02	4.148135544e-14
-1.900000000e-02	3.958876196e+00	4.869101917e-02	3.101101535e-14
-2.000000000e-02	3.958885171e+00	4.830528217e-02	3.673926451e-14
-2.100000000e-02	3.958894184e+00	4.791954512e-02	3.376831664e-14
-2.200000000e-02	3.958903235e+00	4.753380806e-02	3.205134583e-14
-2.300000000e-02	3.958912322e+00	4.714807097e-02	4.135830373e-14
-2.400000000e-02	3.958921446e+00	4.676233388e-02	5.897236277e-14
-2.500000000e-02	3.958930608e+00	4.637659679e-02	4.247920801e-14
-2.600000000e-02	3.958939807e+00	4.599085972e-02	3.367268428e-14
-2.700000000e-02	3.958949043e+00	4.560512268e-02	2.121058844e-14
-2.800000000e-02	3.958958316e+00	4.521938567e-02	5.478134272e-14
-2.900000000e-02	3.958967627e+00	4.483364871e-02	1.197452110e-14
-3.000000000e-02	3.958976974e+00	4.444791181e-02	4.930146390e-14
-3.100000000e-02	3.958986359e+00	4.406217498e-02	2.182657314e-14
-3.200000000e-02	3.958995781e+00	4.367643822e-02	5.416199585e-14
-3.300000000e-02	3.959005240e+00	4.329070156e-02	3.838078305e-14
-3.400000000e-02	3.959014736e+00	4.290496499e-02	3.504758053e-14
-3.500000000e-02	3.959024269e+00	4.251922854e-02	5.510806031e-14
-3.600000000e-02	3.959033840e+00	4.213349221e-02	4.221069238e-14
-3.700000000e-02	3.959043448e+00	4.174775601e-02	3.889738712e-14
-3.800000000e-02	3.959053092e+00	4.136201995e-02	3.330704857e-14
-3.900000000e-02	3.959062775e+00	4.097628405e-02	5.739097719e-14
-4.000000000e-02	3.959072494e+00	4.059054831e-02	4.540775072e-14
-4.100000000e-02	3.959082250e+00	4.020481275e-02	2.006269798e-14
-4.200000000e-02	3.959092044e+00	3.981907737e-02	2.309278903e-14
-4.300000000e-02	3.959101875e+00	3.943334218e-02	3.062416187e-14
-4.400000000e-02	3.959111742e+00	3.904760721e-02	4.884110727e-14
-4.500000000e-02	3.959121648e+00	3.866187245e-02	2.953385425e-14
-4.600000000e-02	3.959131590e+00	3.827613792e-02	2.459392748e-14
-4.700000000e-02	3.959141569e+00	3.789040362e-02	5.421411238e-14
-4.800000000e-02	3.959151586e+00	3.750466958e-02	4.004032316e-14
-4.900000000e-02	3.959161640e+00	3.711893580e-02	4.987107838e-14
-5.000000000e-02	3.959171730e+00	3.673320228e-02	4.932002562e-14
-5.100000000e-02	3.959181859e+00	3.634746905e-02	6.044914950e-14
-5.200000000e-02	3.959192024e+00	3.596173610e-02	2.434236883e-14
-5.300000000e-02	3.959202226e+00	3.557600346e-02	1.540854652e-14
-5.400000000e-02	3.959212466e+00	3.519027114e-02	2.335906671e-14
-5.500000000e-02	3.959222743e+00	3.480453913e-02	6.312240849e-14
-5.600000000e-02	3.959233057e+00	3.441880746e-02	3.587718779e-14
-5.700000000e-02	3.959243408e+00	3.403307613e-02	4.108534081e-14
-5.800000000e-02	3.959253796e+00	3.364734516e-02	5.753715702e-14
-5.900000000e-02	3.959264221e+00	3.326161456e-02	5.355642048e-14
-6.000000000e-02	3.959274684e+00	3.287588433e-02	5.546324897e-14
-6.100000000e-02	3.959285184e+00	3.249015449e-02	2.216110707e-14
-6.200000000e-02	3.959295721e+00	3.210442504e-02	3.660962598e-14
-6.300000000e-02	3.959306295e+00	3.171869600e-02	5.489492949e-14
-6.400000000e-02	3.959316906e+00	3.133296739e-02	5.893801484e-14
-6.500000000e-02	3.959327555e+00	3.094723920e-02	5.662665684e-14
-6.600000000e-02	3.959338240e+00	3.056151145e-02	2.188375770e-14
-6.700000000e-02	3.959348963e+00	3.017578415e-02	4.263884881e-14
-6.800000000e-02	3.959359723e+00	2.979005731e-02	2.681712225e-14
-6.900000000e-02	3.959370520e+00	2.940433095e-02	4.622664455e-14
-7.000000000e-02	3.959381355e+00	2.901860506e-02	5.170283462e-14
-7.100000000e-02	3.959392226e+00	2.863287967e-02	5.068883523e-14
-7.200000000e-02	3.959403135e+00	2.824715478e-02	3.404148721e-14
-7.300000000e-02	3.959414080e+00	2.786143041e-02	4.032389940e-14
-7.400000000e-02	3.959425063e+00	2.747570656e-02	2.888015658e-14
-7.500000000e-02	3.959436083e+00	2.708998325e-02	3.339561412e-14
-7.600000000e-02	3.959447141e+00	2.670426049e-02	8.501843681e-14
-7.700000000e-02	3.959458235e+00	2.631853828e-02	4.233445273e-14
-7.800000000e-02	3.959469367e+00	2.593281663e-02	4.811706621e-14
-7.900000000e-02	3.959480536e+00	2.554709557e-02	5.652182927e-14
-8.000000000e-02	3.959491742e+00	2.516137509e-02	5.888370061e-14
-8.100000000e-02	3.959502985e+00	2.477565521e-02	3.412316341e-14
-8.200000000e-02	3.959514265e+00	2.438993595e-02	1.353950328e-14
-8.300000000e-02	3.959525582e+00	2.400421730e-02	3.711691145e-14
-8.400000000e-02	3.959536937e+00	2.361849928e-02	2.527629426e-14
-8.500000000e-02	3.959548329e+00	2.323278191e-02	2.761413450e-14
-8.600000000e-02	3.959559758e+00	2.284706518e-02	4.197403168e-14
-8.700000000e-02	3.959571224e+00	2.246134912e-02	4.274704731e-14
-8.800000000e-02	3.959582727e+00	2.207563374e-02	4.474791053e-14
-8.900000000e-02	3.959594267e+00	2.168991903e-02	5.343346241e-14
-9.000000000e-02	3.959605845e+00	2.130420502e-02	4.064615233e-14
-9.100000000e-02	3.959617460e+00	2.091849172e-02	4.470285125e-14
-9.200000000e-02	3.959629112e+00	2.053277913e-02	3.603980267e-14
-9.300000000e-02	3.959640801e+00	2.014706727e-02	5.862881043e-14
-9.400000000e-02	3.959652527e+00	1.976135615e-02	4.329898319e-14
-9.500000000e-02	3.959664290e+00	1.937564577e-02	5.184215927e-14
-9.600000000e-02	3.959676091e+00	1.898993615e-02	7.344411800e-14
-9.700000000e-02	3.959687929e+00	1.860422730e-02	5.307241705e-14
-9.800000000e-02	3.959699803e+00	1.821851923e-02	5.378971521e-14
-9.900000000e-02	3.959711716e+00	1.783281195e-02	3.081156516e-14
-1.000000000e-01	3.959723665e+00	1.744710546e-02	6.101543333e-14
-1.010000000e-01	3.959735651e+00	1.706139980e-02	4.237679766e-14
-1.020000000e-01	3.959747675e+00	1.667569495e-02	4.768792382e-14
-1.030000000e-01	3.959759735e+00	1.628999093e-02	3.282865139e-14
-1.040000000e-01	3.959771833e+00	1.590428776e-02	3.462508892e-14
-1.050000000e-01	3.959783968e+00	1.551858544e-02	5.852346049e-14
-1.060000000e-01	3.959796140e+00	1.513288399e-02	3.844094367e-14
-1.070000000e-01	3.959808349e+00	1.474718341e-02	4.160620036e-14
-1.080000000e-01	3.959820596e+00	1.436148371e-02	4.625658205e-14
-1.090000000e-01	3.959832879e+00	1.397578491e-02	2.845936390e-14
-1.100000000e-01	3.959845200e+00	1.359008702e-02	4.138661606e-14
-1.110000000e-01	3.959857558e+00	1.320439005e-02	5.395187732e-14
-1.120000000e-01	3.959869953e+00	1.281869400e-02	3.455771194e-14
-1.130000000e-01	3.959882385e+00	1.243299889e-02	3.960424985e-14
-1.140000000e-01	3.959894855e+00	1.204730473e-02	4.535179521e-14
-1.150000000e-01	3.959907361e+00	1.166161153e-02	3.069923506e-14
-1.160000000e-01	3.959919905e+00	1.127591930e-02	4.275966228e-14
-1.170000000e-01	3.959932486e+00	1.089022805e-02	2.049649190e-14
-1.180000000e-01	3.959945104e+00	1.050453779e-02	3.922696837e-14
-1.190000000e-01	3.959957759e+00	1.011884854e-02	5.479979940e-14
-1.200000000e-01	3.959970451e+00	9.733160293e-03	5.046598718e-14
-1.210000000e-01	3.959983181e+00	9.347473073e-03	5.022278415e-14
-1.220000000e-01	3.959995947e+00	8.961786887e-03	4.206870029e-14
-1.230000000e-01	3.960008751e+00	8.576101745e-03	3.160925057e-14
-1.240000000e-01	3.960021592e+00	8.190417658e-03	5.611116380e-14
-1.250000000e-01	3.960034470e+00	7.804734637e-03	3.465963822e-14
-1.260000000e-01	3.960047385e+00	7.419052692e-03	3.586098780e-14
-1.270000000e-01	3.960060337e+00	7.033371833e-03	3.585144845e-14
-1.280000000e-01	3.960073327e+00	6.647692072e-03	4.542605283e-14
-1.290000000e-01	3.960086353e+00	6.262013419e-03	2.854482499e-14
-1.300000000e-01	3.960099417e+00	5.876335885e-03	3.951848174e-14
-1.310000000e-01	3.960112518e+00	5.490659479e-03	5.559581230e-14
-1.320000000e-01	3.960125656e+00	5.104984214e-03	5.465963651e-14
-1.330000000e-01	3.960138831e+00	4.719310099e-03	3.155800709e-14
-1.340000000e-01	3.960152044e+00	4.333637145e-03	3.407418302e-14
-1.350000000e-01	3.960165293e+00	3.947965362e-03	3.740397484e-14
-1.360000000e-01	3.960178580e+00	3.562294761e-03	3.887734880e-14
-1.370000000e-01	3.960191904e+00	3.176625354e-03	2.122503185e-14
-1.380000000e-01	3.960205265e+00	2.790957149e-03	3.509578396e-14
-1.390000000e-01	3.960218663e+00	2.405290159e-03	4.415300578e-14
-1.400000000e-01	3.960232098e+00	2.019624393e-03	4.107127726e-14
-1.410000000e-01	3.960245570e+00	1.633959862e-03	4.874135131e-14
-1.420000000e-01	3.960259080e+00	1.248296577e-03	4.862699418e-14
-1.430000000e-01	3.960272626e+00	8.626345484e-04	6.303384871e-14
-1.440000000e-01	3.960286210e+00	4.769737867e-04	3.785404676e-14
-1.450000000e-01	3.960299831e+00	9.131430236e-05	3.281357367e-14
-1.460000000e-01	3.960313489e+00	-2.943438939e-04	3.609276186e-14
-1.470000000e-01	3.960327184e+00	-6.800007914e-04	4.956026947e-14
-1.480000000e-01	3.960340917e+00	-1.065656380e-03	4.130354433e-14
-1.490000000e-01	3.960354686e+00	-1.451310648e-03	6.923606084e-14
-1.500000000e-01	3.960368493e+00	-1.836963586e-03	4.934157827e-14
-1.510000000e-01	3.960382336e+00	-2.222615183e-03	3.443700831e-14
-1.520000000e-01	3.960396217e+00	-2.608265428e-03	4.954543814e-14
-1.530000000e-01	3.960410135e+00	-2.993914311e-03	4.993856911e-14
-1.540000000e-01	3.960424090e+00	-3.379561821e-03	3.464154924e-14
-1.550000000e-01	3.960438083e+00	-3.765207948e-03	6.339174779e-14
-1.560000000e-01	3.960452112e+00	-4.150852681e-03	4.075384352e-14
-1.570000000e-01	3.960466179e+00	-4.536496009e-03	3.371794118e-14
-1.580000000e-01	3.960480282e+00	-4.922137922e-03	2.381022371e-14
-1.590000000e-01	3.960494423e+00	-5.307778409e-03	2.516541577e-14
-1.600000000e-01	3.960508601e+00	-5.693417460e-03	3.408244549e-14
-1.610000000e-01	3.960522816e+00	-6.079055064e-03	1.882867550e-14
-1.620000000e-01	3.960537068e+00	-6.464691210e-03	3.689850900e-14
-1.630000000e-01	3.960551358e+00	-6.850325888e-03	2.364703372e-14
-1.640000000e-01	3.960565684e+00	-7.235959088e-03	3.489953232e-14
-1.650000000e-01	3.960580048e+00	-7.621590798e-03	3.563081954e-14
-1.660000000e-01	3.960594448e+00	-8.007221008e-03	5.405078921e-14
-1.670000000e-01	3.960608886e+00	-8.392849708e-03	3.133937585e-14
-1.680000000e-01	3.960623361e+00	-8.778476887e-03	3.515167770e-14
-1.690000000e-01	3.960637873e+00	-9.164102534e-03	3.682666003e-14
-1.700000000e-01	3.960652422e+00	-9.549726639e-03	5.113412490e-14
-1.710000000e-01	3.960667009e+00	-9.935349191e-03	4.162241704e-14
-1.720000000e-01	3.960681632e+00	-1.032097018e-02	1.795820061e-14
-1.730000000e-01	3.960696293e+00	-1.070658959e-02	5.977829351e-14
-1.740000000e-01	3.960710990e+00	-1.109220742e-02	4.150096234e-14
-1.750000000e-01	3.960725725e+00	-1.147782366e-02	3.042335223e-14
-1.760000000e-01	3.960740497e+00	-1.186343829e-02	4.944731942e-14
-1.770000000e-01	3.960755306e+00	-1.224905130e-02	3.264925298e-14
-1.780000000e-01	3.960770152e+00	-1.263466269e-02	3.969202586e-14
-1.790000000e-01	3.960785035e+00	-1.302027244e-02	6.139706482e-14
-1.800000000e-01	3.960799956e+00	-1.340588054e-02	4.063749930e-14
-1.810000000e-01	3.960814913e+00	-1.379148698e-02	6.334559988e-14
-1.820000000e-01	3.960829908e+00	-1.417709175e-02	4.636228076e-14
-1.830000000e-01	3.960844940e+00	-1.456269485e-02	2.458034779e-14
-1.840000000e-01	3.960860008e+00	-1.494829625e-02	4.740330548e-14
-1.850000000e-01	3.960875114e+00	-1.533389595e-02	4.221680533e-14
-1.860000000e-01	3.960890257e+00	-1.571949394e-02	4.677189218e-14
-1.870000000e-01	3.960905438e+00	-1.610509021e-02	4.494546498e-14
-1.880000000e-01	3.960920655e+00	-1.649068474e-02	4.137611641e-14
-1.890000000e-01	3.960935909e+00	-1.687627754e-02	4.591148083e-14
-1.900000000e-01	3.960951201e+00	-1.726186858e-02	3.339100722e-14
-1.910000000e-01	3.960966529e+00	-1.764745785e-02	5.395558256e-14
-1.920000000e-01	3.960981895e+00	-1.803304535e-02	3.806010062e-14
-1.930000000e-01	3.960997298e+00	-1.841863106e-02	3.077526409e-14
-1.940000000e-01	3.961012738e+00	-1.880421498e-02	2.214199196e-14
-1.950000000e-01	3.961028215e+00	-1.918979709e-02	2.104604841e-14
-1.960000000e-01	3.961043729e+00	-1.957537738e-02	4.053006920e-14
-1.970000000e-01	3.961059280e+00	-1.996095585e-02	2.881130357e-14
-1.980000000e-01	3.961074869e+00	-2.034653248e-02	5.728568591e-14
-1.990000000e-01	3.961090494e+00	-2.073210726e-02	5.406786130e-14
-2.000000000e-01	3.961106157e+00	-2.111768017e-02	2.005827682e-14
