# epsi_ci     Re(Lambda)      Im(Lambda)      Eq(det), R = 0.05 $\mu$m, $E_p$ = 0.600 eV, modo = 3, $\epsilon_\infty$ = 3.9, $\gamma_{DL}$ = 0.01 eV, solve_det_sinkz_vs_mu.py
0.000000000e+00	3.508997584e+00	3.241365983e-02	1.700159396e-13
-1.000000000e-03	3.509003219e+00	3.206386893e-02	1.811519648e-13
-2.000000000e-03	3.509008889e+00	3.171407800e-02	4.764305797e-14
-3.000000000e-03	3.509014594e+00	3.136428706e-02	9.054426923e-14
-4.000000000e-03	3.509020333e+00	3.101449610e-02	1.948121679e-13
-5.000000000e-03	3.509026108e+00	3.066470515e-02	1.143512604e-13
-6.000000000e-03	3.509031917e+00	3.031491421e-02	9.405266656e-14
-7.000000000e-03	3.509037761e+00	2.996512329e-02	1.305928237e-13
-8.000000000e-03	3.509043639e+00	2.961533241e-02	9.311364789e-14
-9.000000000e-03	3.509049552e+00	2.926554157e-02	8.222848675e-14
-1.000000000e-02	3.509055501e+00	2.891575078e-02	7.954226932e-14
-1.100000000e-02	3.509061483e+00	2.856596006e-02	1.102218465e-13
-1.200000000e-02	3.509067501e+00	2.821616941e-02	9.075231183e-14
-1.300000000e-02	3.509073554e+00	2.786637885e-02	4.065413574e-13
-1.400000000e-02	3.509079641e+00	2.751658839e-02	9.824854344e-14
-1.500000000e-02	3.509085763e+00	2.716679803e-02	3.498549383e-13
-1.600000000e-02	3.509091919e+00	2.681700778e-02	2.271050955e-13
-1.700000000e-02	3.509098111e+00	2.646721766e-02	1.258595850e-13
-1.800000000e-02	3.509104337e+00	2.611742768e-02	9.568963236e-14
-1.900000000e-02	3.509110598e+00	2.576763785e-02	1.306449136e-13
-2.000000000e-02	3.509116894e+00	2.541784817e-02	3.508630827e-13
-2.100000000e-02	3.509123224e+00	2.506805867e-02	5.862145783e-14
-2.200000000e-02	3.509129589e+00	2.471826934e-02	3.611115078e-13
-2.300000000e-02	3.509135989e+00	2.436848019e-02	4.166134090e-13
-2.400000000e-02	3.509142424e+00	2.401869125e-02	1.227894745e-13
-2.500000000e-02	3.509148894e+00	2.366890252e-02	1.745084223e-13
-2.600000000e-02	3.509155398e+00	2.331911401e-02	1.912906942e-13
-2.700000000e-02	3.509161937e+00	2.296932572e-02	1.960744387e-13
-2.800000000e-02	3.509168511e+00	2.261953768e-02	2.146981955e-13
-2.900000000e-02	3.509175119e+00	2.226974989e-02	3.138060698e-13
-3.000000000e-02	3.509181763e+00	2.191996235e-02	5.645440413e-14
-3.100000000e-02	3.509188441e+00	2.157017509e-02	1.133529009e-13
-3.200000000e-02	3.509195154e+00	2.122038811e-02	1.167401622e-13
-3.300000000e-02	3.509201901e+00	2.087060143e-02	8.641474597e-14
-3.400000000e-02	3.509208684e+00	2.052081504e-02	2.270822245e-13
-3.500000000e-02	3.509215501e+00	2.017102897e-02	1.108732104e-13
-3.600000000e-02	3.509222353e+00	1.982124322e-02	1.438082238e-13
-3.700000000e-02	3.509229239e+00	1.947145780e-02	6.698248526e-14
-3.800000000e-02	3.509236161e+00	1.912167273e-02	4.534525974e-13
-3.900000000e-02	3.509243117e+00	1.877188801e-02	9.546988477e-14
-4.000000000e-02	3.509250108e+00	1.842210366e-02	2.112665736e-13
-4.100000000e-02	3.509257133e+00	1.807231968e-02	2.263232610e-13
-4.200000000e-02	3.509264194e+00	1.772253608e-02	1.124922249e-13
-4.300000000e-02	3.509271289e+00	1.737275289e-02	1.366782874e-13
-4.400000000e-02	3.509278419e+00	1.702297009e-02	1.087864481e-13
-4.500000000e-02	3.509285584e+00	1.667318771e-02	5.169528675e-14
-4.600000000e-02	3.509292783e+00	1.632340576e-02	8.360182564e-14
-4.700000000e-02	3.509300017e+00	1.597362425e-02	1.029885061e-13
-4.800000000e-02	3.509307286e+00	1.562384318e-02	8.461844755e-14
-4.900000000e-02	3.509314590e+00	1.527406257e-02	3.542198280e-13
-5.000000000e-02	3.509321928e+00	1.492428243e-02	7.002727327e-14
-5.100000000e-02	3.509329302e+00	1.457450276e-02	2.657187841e-13
-5.200000000e-02	3.509336710e+00	1.422472359e-02	1.393791187e-13
-5.300000000e-02	3.509344152e+00	1.387494491e-02	4.971317460e-13
-5.400000000e-02	3.509351630e+00	1.352516674e-02	1.631395199e-13
-5.500000000e-02	3.509359142e+00	1.317538909e-02	1.615001737e-13
-5.600000000e-02	3.509366689e+00	1.282561197e-02	8.678666648e-14
-5.700000000e-02	3.509374271e+00	1.247583540e-02	1.454156777e-13
-5.800000000e-02	3.509381888e+00	1.212605937e-02	1.576732378e-13
-5.900000000e-02	3.509389539e+00	1.177628390e-02	7.179479007e-14
-6.000000000e-02	3.509397225e+00	1.142650900e-02	8.171449343e-14
-6.100000000e-02	3.509404946e+00	1.107673469e-02	9.512580673e-14
-6.200000000e-02	3.509412701e+00	1.072696096e-02	2.185112343e-13
-6.300000000e-02	3.509420491e+00	1.037718784e-02	2.444849134e-13
-6.400000000e-02	3.509428316e+00	1.002741533e-02	1.473364506e-13
-6.500000000e-02	3.509436176e+00	9.677643444e-03	2.975400956e-13
-6.600000000e-02	3.509444071e+00	9.327872190e-03	3.055383353e-13
-6.700000000e-02	3.509452000e+00	8.978101580e-03	1.039004695e-13
-6.800000000e-02	3.509459964e+00	8.628331623e-03	1.443144722e-13
-6.900000000e-02	3.509467963e+00	8.278562331e-03	2.541526640e-13
-7.000000000e-02	3.509475996e+00	7.928793713e-03	6.364575763e-14
-7.100000000e-02	3.509484065e+00	7.579025779e-03	5.344560950e-14
-7.200000000e-02	3.509492168e+00	7.229258541e-03	1.228882816e-13
-7.300000000e-02	3.509500306e+00	6.879492008e-03	8.620723678e-14
-7.400000000e-02	3.509508478e+00	6.529726190e-03	1.155118952e-13
-7.500000000e-02	3.509516685e+00	6.179961099e-03	2.269238303e-13
-7.600000000e-02	3.509524927e+00	5.830196744e-03	8.197295287e-14
-7.700000000e-02	3.509533204e+00	5.480433136e-03	1.468880526e-13
-7.800000000e-02	3.509541516e+00	5.130670285e-03	9.095677135e-14
-7.900000000e-02	3.509549862e+00	4.780908202e-03	1.524330710e-13
-8.000000000e-02	3.509558243e+00	4.431146896e-03	8.871873831e-14
-8.100000000e-02	3.509566659e+00	4.081386378e-03	1.229829010e-13
-8.200000000e-02	3.509575109e+00	3.731626658e-03	9.801053405e-14
-8.300000000e-02	3.509583595e+00	3.381867747e-03	5.000519561e-14
-8.400000000e-02	3.509592115e+00	3.032109655e-03	1.538165120e-13
-8.500000000e-02	3.509600669e+00	2.682352393e-03	1.505796050e-13
-8.600000000e-02	3.509609259e+00	2.332595970e-03	9.691076940e-14
-8.700000000e-02	3.509617883e+00	1.982840397e-03	2.482813174e-13
-8.800000000e-02	3.509626542e+00	1.633085685e-03	2.665885688e-13
-8.900000000e-02	3.509635236e+00	1.283331843e-03	1.207880940e-13
-9.000000000e-02	3.509643964e+00	9.335788826e-04	1.533183654e-13
-9.100000000e-02	3.509652727e+00	5.838268132e-04	4.034121054e-13
-9.200000000e-02	3.509661525e+00	2.340756454e-04	2.404576241e-13
-9.300000000e-02	3.509670358e+00	-1.156746103e-04	1.685083125e-13
-9.400000000e-02	3.509679226e+00	-4.654239437e-04	1.403275158e-13
-9.500000000e-02	3.509688128e+00	-8.151723445e-04	5.552331794e-13
-9.600000000e-02	3.509697065e+00	-1.164919802e-03	5.633471858e-14
-9.700000000e-02	3.509706036e+00	-1.514666307e-03	8.438192108e-14
-9.800000000e-02	3.509715043e+00	-1.864411848e-03	2.618142489e-13
-9.900000000e-02	3.509724084e+00	-2.214156415e-03	5.581949199e-14
-1.000000000e-01	3.509733160e+00	-2.563899997e-03	1.280458291e-13
-1.010000000e-01	3.509742270e+00	-2.913642586e-03	1.134668334e-13
-1.020000000e-01	3.509751416e+00	-3.263384169e-03	1.076038242e-13
-1.030000000e-01	3.509760596e+00	-3.613124737e-03	3.428279221e-13
-1.040000000e-01	3.509769811e+00	-3.962864279e-03	1.544311148e-13
-1.050000000e-01	3.509779060e+00	-4.312602786e-03	1.212144427e-13
-1.060000000e-01	3.509788344e+00	-4.662340246e-03	1.305386357e-13
-1.070000000e-01	3.509797663e+00	-5.012076650e-03	1.020898820e-13
-1.080000000e-01	3.509807017e+00	-5.361811986e-03	1.718596913e-13
-1.090000000e-01	3.509816406e+00	-5.711546246e-03	3.576587222e-13
-1.100000000e-01	3.509825829e+00	-6.061279418e-03	1.174207163e-13
-1.110000000e-01	3.509835287e+00	-6.411011493e-03	1.529263707e-13
-1.120000000e-01	3.509844780e+00	-6.760742459e-03	1.014440128e-13
-1.130000000e-01	3.509854307e+00	-7.110472307e-03	5.029939419e-13
-1.140000000e-01	3.509863869e+00	-7.460201026e-03	1.046829049e-13
-1.150000000e-01	3.509873466e+00	-7.809928606e-03	4.654178103e-13
-1.160000000e-01	3.509883098e+00	-8.159655036e-03	2.612122625e-13
-1.170000000e-01	3.509892764e+00	-8.509380307e-03	1.157310987e-13
-1.180000000e-01	3.509902465e+00	-8.859104408e-03	1.001657463e-13
-1.190000000e-01	3.509912201e+00	-9.208827328e-03	6.565915661e-14
-1.200000000e-01	3.509921971e+00	-9.558549057e-03	8.232107209e-14
-1.210000000e-01	3.509931777e+00	-9.908269586e-03	1.366756241e-13
-1.220000000e-01	3.509941617e+00	-1.025798890e-02	1.102773415e-13
-1.230000000e-01	3.509951491e+00	-1.060770700e-02	1.851591071e-13
-1.240000000e-01	3.509961401e+00	-1.095742386e-02	8.176822725e-14
-1.250000000e-01	3.509971345e+00	-1.130713948e-02	8.969344706e-14
-1.260000000e-01	3.509981324e+00	-1.165685385e-02	1.135273617e-13
-1.270000000e-01	3.509991337e+00	-1.200656696e-02	9.327077723e-14
-1.280000000e-01	3.510001386e+00	-1.235627879e-02	1.489103368e-13
-1.290000000e-01	3.510011469e+00	-1.270598934e-02	1.094884813e-13
-1.300000000e-01	3.510021587e+00	-1.305569860e-02	1.230311467e-13
-1.310000000e-01	3.510031739e+00	-1.340540655e-02	1.224601789e-13
-1.320000000e-01	3.510041926e+00	-1.375511318e-02	2.157883176e-13
-1.330000000e-01	3.510052148e+00	-1.410481850e-02	1.020720869e-13
-1.340000000e-01	3.510062405e+00	-1.445452247e-02	1.578789060e-13
-1.350000000e-01	3.510072696e+00	-1.480422510e-02	1.174683117e-13
-1.360000000e-01	3.510083022e+00	-1.515392638e-02	1.438304534e-13
-1.370000000e-01	3.510093383e+00	-1.550362629e-02	5.435525394e-14
-1.380000000e-01	3.510103779e+00	-1.585332482e-02	5.119006252e-13
-1.390000000e-01	3.510114209e+00	-1.620302197e-02	6.164087811e-14
-1.400000000e-01	3.510124674e+00	-1.655271772e-02	9.970272555e-14
-1.410000000e-01	3.510135173e+00	-1.690241206e-02	5.808586706e-13
-1.420000000e-01	3.510145708e+00	-1.725210499e-02	1.348498293e-13
-1.430000000e-01	3.510156277e+00	-1.760179648e-02	9.079099522e-14
-1.440000000e-01	3.510166881e+00	-1.795148654e-02	5.769326051e-14
-1.450000000e-01	3.510177519e+00	-1.830117515e-02	1.160331258e-13
-1.460000000e-01	3.510188192e+00	-1.865086230e-02	2.468752840e-13
-1.470000000e-01	3.510198900e+00	-1.900054799e-02	9.865635703e-14
-1.480000000e-01	3.510209643e+00	-1.935023219e-02	9.252415114e-14
-1.490000000e-01	3.510220420e+00	-1.969991490e-02	1.459252074e-13
-1.500000000e-01	3.510231232e+00	-2.004959611e-02	7.738883636e-14
-1.510000000e-01	3.510242079e+00	-2.039927582e-02	7.106962422e-14
-1.520000000e-01	3.510252960e+00	-2.074895400e-02	1.427120337e-13
-1.530000000e-01	3.510263877e+00	-2.109863065e-02	1.903211133e-13
-1.540000000e-01	3.510274828e+00	-2.144830576e-02	1.472419029e-13
-1.550000000e-01	3.510285813e+00	-2.179797932e-02	1.021414837e-13
-1.560000000e-01	3.510296833e+00	-2.214765132e-02	8.514274245e-14
-1.570000000e-01	3.510307888e+00	-2.249732174e-02	9.518956651e-14
-1.580000000e-01	3.510318978e+00	-2.284699058e-02	1.066648757e-13
-1.590000000e-01	3.510330102e+00	-2.319665783e-02	1.543799747e-13
-1.600000000e-01	3.510341262e+00	-2.354632348e-02	1.499210987e-13
-1.610000000e-01	3.510352455e+00	-2.389598751e-02	1.326549274e-13
-1.620000000e-01	3.510363684e+00	-2.424564992e-02	2.345541833e-13
-1.630000000e-01	3.510374947e+00	-2.459531070e-02	2.649690936e-14
-1.640000000e-01	3.510386245e+00	-2.494496983e-02	3.360316451e-13
-1.650000000e-01	3.510397577e+00	-2.529462730e-02	1.283365954e-13
-1.660000000e-01	3.510408945e+00	-2.564428312e-02	1.305654375e-13
-1.670000000e-01	3.510420347e+00	-2.599393725e-02	4.622915883e-14
-1.680000000e-01	3.510431783e+00	-2.634358970e-02	3.802436548e-13
-1.690000000e-01	3.510443255e+00	-2.669324046e-02	1.040998534e-13
-1.700000000e-01	3.510454761e+00	-2.704288951e-02	1.068643729e-13
-1.710000000e-01	3.510466301e+00	-2.739253684e-02	8.766123027e-14
-1.720000000e-01	3.510477877e+00	-2.774218245e-02	1.577899958e-13
-1.730000000e-01	3.510489487e+00	-2.809182632e-02	7.552944419e-14
-1.740000000e-01	3.510501132e+00	-2.844146844e-02	3.680389327e-13
-1.750000000e-01	3.510512811e+00	-2.879110881e-02	3.762151384e-13
-1.760000000e-01	3.510524525e+00	-2.914074740e-02	4.437393518e-14
-1.770000000e-01	3.510536274e+00	-2.949038422e-02	3.442452153e-13
-1.780000000e-01	3.510548058e+00	-2.984001926e-02	1.922449828e-13
-1.790000000e-01	3.510559876e+00	-3.018965249e-02	6.070402647e-14
-1.800000000e-01	3.510571729e+00	-3.053928391e-02	2.756821483e-13
-1.810000000e-01	3.510583617e+00	-3.088891352e-02	6.029655896e-14
-1.820000000e-01	3.510595539e+00	-3.123854129e-02	1.901225730e-13
-1.830000000e-01	3.510607496e+00	-3.158816723e-02	1.877710129e-13
-1.840000000e-01	3.510619487e+00	-3.193779131e-02	1.677434935e-13
-1.850000000e-01	3.510631514e+00	-3.228741354e-02	1.160807592e-13
-1.860000000e-01	3.510643575e+00	-3.263703389e-02	6.959185756e-14
-1.870000000e-01	3.510655670e+00	-3.298665236e-02	5.326958016e-13
-1.880000000e-01	3.510667801e+00	-3.333626895e-02	9.034378042e-14
-1.890000000e-01	3.510679966e+00	-3.368588363e-02	9.700300089e-14
-1.900000000e-01	3.510692165e+00	-3.403549640e-02	5.159288939e-14
-1.910000000e-01	3.510704400e+00	-3.438510724e-02	1.353111839e-13
-1.920000000e-01	3.510716669e+00	-3.473471616e-02	1.997315598e-13
-1.930000000e-01	3.510728972e+00	-3.508432313e-02	1.785968957e-13
-1.940000000e-01	3.510741311e+00	-3.543392815e-02	1.235913615e-13
-1.950000000e-01	3.510753684e+00	-3.578353121e-02	9.060569487e-14
-1.960000000e-01	3.510766092e+00	-3.613313229e-02	1.248175117e-13
-1.970000000e-01	3.510778534e+00	-3.648273139e-02	2.910655000e-13
-1.980000000e-01	3.510791011e+00	-3.683232849e-02	8.350766673e-14
-1.990000000e-01	3.510803523e+00	-3.718192359e-02	4.148138070e-13
-2.000000000e-01	3.510816069e+00	-3.753151668e-02	2.713846566e-13
