# epsi_ci     Re(Lambda)      Im(Lambda)      Eq(det), R = 0.05 $\mu$m, $E_p$ = 0.600 eV, modo = 3, $\epsilon_\infty$ = 3.9, $\gamma_{DL}$ = 0.01 eV, solve_det_sinkz_vs_mu.py
0.000000000e+00	3.420942831e+00	2.910709288e-02	2.358930026e-13
-1.000000000e-03	3.420947969e+00	2.876521100e-02	1.582953793e-13
-2.000000000e-03	3.420953141e+00	2.842332910e-02	1.446729660e-13
-3.000000000e-03	3.420958348e+00	2.808144719e-02	4.374310417e-13
-4.000000000e-03	3.420963588e+00	2.773956528e-02	1.467495213e-13
-5.000000000e-03	3.420968862e+00	2.739768338e-02	1.116714395e-13
-6.000000000e-03	3.420974171e+00	2.705580150e-02	1.401276073e-13
-7.000000000e-03	3.420979513e+00	2.671391966e-02	5.605144865e-14
-8.000000000e-03	3.420984890e+00	2.637203786e-02	6.766353937e-14
-9.000000000e-03	3.420990301e+00	2.603015611e-02	2.806015063e-13
-1.000000000e-02	3.420995746e+00	2.568827443e-02	6.623373671e-14
-1.100000000e-02	3.421001225e+00	2.534639281e-02	1.899372669e-13
-1.200000000e-02	3.421006737e+00	2.500451129e-02	4.593993006e-14
-1.300000000e-02	3.421012285e+00	2.466262985e-02	1.248135616e-13
-1.400000000e-02	3.421017866e+00	2.432074852e-02	8.629199085e-14
-1.500000000e-02	3.421023481e+00	2.397886730e-02	1.984607504e-13
-1.600000000e-02	3.421029130e+00	2.363698620e-02	6.133439635e-14
-1.700000000e-02	3.421034813e+00	2.329510524e-02	1.156681903e-13
-1.800000000e-02	3.421040531e+00	2.295322442e-02	6.078833519e-14
-1.900000000e-02	3.421046282e+00	2.261134376e-02	5.580892706e-13
-2.000000000e-02	3.421052068e+00	2.226946326e-02	1.280550700e-13
-2.100000000e-02	3.421057887e+00	2.192758294e-02	4.672449311e-13
-2.200000000e-02	3.421063741e+00	2.158570280e-02	9.480037019e-14
-2.300000000e-02	3.421069629e+00	2.124382285e-02	4.171808789e-13
-2.400000000e-02	3.421075551e+00	2.090194311e-02	1.291708229e-13
-2.500000000e-02	3.421081507e+00	2.056006359e-02	2.683024384e-13
-2.600000000e-02	3.421087497e+00	2.021818429e-02	9.426682662e-14
-2.700000000e-02	3.421093521e+00	1.987630523e-02	7.273106963e-14
-2.800000000e-02	3.421099579e+00	1.953442641e-02	8.254924418e-14
-2.900000000e-02	3.421105671e+00	1.919254785e-02	5.280265641e-13
-3.000000000e-02	3.421111797e+00	1.885066955e-02	7.579354034e-14
-3.100000000e-02	3.421117958e+00	1.850879153e-02	1.254669052e-13
-3.200000000e-02	3.421124152e+00	1.816691380e-02	9.077770656e-14
-3.300000000e-02	3.421130381e+00	1.782503636e-02	2.503511564e-13
-3.400000000e-02	3.421136643e+00	1.748315923e-02	3.376231891e-13
-3.500000000e-02	3.421142940e+00	1.714128242e-02	1.904619876e-13
-3.600000000e-02	3.421149271e+00	1.679940594e-02	1.823712321e-13
-3.700000000e-02	3.421155636e+00	1.645752979e-02	7.211221712e-14
-3.800000000e-02	3.421162034e+00	1.611565399e-02	2.028713350e-13
-3.900000000e-02	3.421168467e+00	1.577377854e-02	1.867288194e-13
-4.000000000e-02	3.421174934e+00	1.543190347e-02	1.422645866e-13
-4.100000000e-02	3.421181435e+00	1.509002877e-02	6.554155809e-14
-4.200000000e-02	3.421187971e+00	1.474815446e-02	1.521008608e-13
-4.300000000e-02	3.421194540e+00	1.440628055e-02	2.216432296e-13
-4.400000000e-02	3.421201143e+00	1.406440705e-02	3.096775036e-13
-4.500000000e-02	3.421207780e+00	1.372253397e-02	1.867016234e-13
-4.600000000e-02	3.421214452e+00	1.338066131e-02	2.781685681e-13
-4.700000000e-02	3.421221157e+00	1.303878910e-02	2.414218594e-13
-4.800000000e-02	3.421227897e+00	1.269691733e-02	7.734036735e-14
-4.900000000e-02	3.421234671e+00	1.235504602e-02	1.983443360e-13
-5.000000000e-02	3.421241478e+00	1.201317519e-02	2.804183428e-13
-5.100000000e-02	3.421248320e+00	1.167130483e-02	1.488951081e-13
-5.200000000e-02	3.421255196e+00	1.132943496e-02	1.118250097e-13
-5.300000000e-02	3.421262106e+00	1.098756559e-02	1.793294442e-13
-5.400000000e-02	3.421269050e+00	1.064569673e-02	2.890203375e-13
-5.500000000e-02	3.421276028e+00	1.030382840e-02	1.294827827e-13
-5.600000000e-02	3.421283040e+00	9.961960589e-03	9.946696920e-14
-5.700000000e-02	3.421290086e+00	9.620093323e-03	1.190168436e-13
-5.800000000e-02	3.421297167e+00	9.278226607e-03	1.628831556e-13
-5.900000000e-02	3.421304281e+00	8.936360452e-03	1.053832714e-13
-6.000000000e-02	3.421311429e+00	8.594494868e-03	2.226920470e-13
-6.100000000e-02	3.421318612e+00	8.252629866e-03	1.253805596e-13
-6.200000000e-02	3.421325828e+00	7.910765455e-03	1.512369812e-13
-6.300000000e-02	3.421333079e+00	7.568901646e-03	5.685379079e-14
-6.400000000e-02	3.421340364e+00	7.227038448e-03	1.645769176e-13
-6.500000000e-02	3.421347682e+00	6.885175873e-03	8.902605990e-14
-6.600000000e-02	3.421355035e+00	6.543313929e-03	9.195863386e-14
-6.700000000e-02	3.421362422e+00	6.201452628e-03	6.116330379e-13
-6.800000000e-02	3.421369843e+00	5.859591980e-03	6.016063922e-14
-6.900000000e-02	3.421377298e+00	5.517731994e-03	2.641592695e-13
-7.000000000e-02	3.421384787e+00	5.175872680e-03	3.014972688e-13
-7.100000000e-02	3.421392310e+00	4.834014050e-03	1.125679724e-13
-7.200000000e-02	3.421399867e+00	4.492156113e-03	1.654853710e-13
-7.300000000e-02	3.421407458e+00	4.150298879e-03	7.578595787e-14
-7.400000000e-02	3.421415084e+00	3.808442359e-03	1.487690212e-13
-7.500000000e-02	3.421422743e+00	3.466586562e-03	8.142026198e-14
-7.600000000e-02	3.421430436e+00	3.124731499e-03	5.765222582e-14
-7.700000000e-02	3.421438164e+00	2.782877179e-03	1.275813889e-13
-7.800000000e-02	3.421445926e+00	2.441023614e-03	5.949889792e-14
-7.900000000e-02	3.421453721e+00	2.099170814e-03	1.492112130e-13
-8.000000000e-02	3.421461551e+00	1.757318787e-03	1.328265277e-13
-8.100000000e-02	3.421469415e+00	1.415467545e-03	8.687458367e-14
-8.200000000e-02	3.421477312e+00	1.073617098e-03	9.573100823e-14
-8.300000000e-02	3.421485244e+00	7.317674558e-04	9.915768249e-14
-8.400000000e-02	3.421493210e+00	3.899186286e-04	1.717706983e-13
-8.500000000e-02	3.421501210e+00	4.807062657e-05	8.656922655e-14
-8.600000000e-02	3.421509244e+00	-2.937765401e-04	2.102030455e-13
-8.700000000e-02	3.421517312e+00	-6.356228612e-04	1.282373556e-13
-8.800000000e-02	3.421525414e+00	-9.774683267e-04	1.286664785e-13
-8.900000000e-02	3.421533550e+00	-1.319312926e-03	1.531697042e-13
-9.000000000e-02	3.421541721e+00	-1.661156650e-03	1.349124986e-13
-9.100000000e-02	3.421549925e+00	-2.002999487e-03	2.290235912e-13
-9.200000000e-02	3.421558163e+00	-2.344841429e-03	1.569725897e-13
-9.300000000e-02	3.421566436e+00	-2.686682463e-03	7.869030719e-14
-9.400000000e-02	3.421574742e+00	-3.028522581e-03	1.304624991e-13
-9.500000000e-02	3.421583083e+00	-3.370361773e-03	7.047706341e-14
-9.600000000e-02	3.421591457e+00	-3.712200027e-03	9.235674355e-14
-9.700000000e-02	3.421599866e+00	-4.054037334e-03	1.402553254e-13
-9.800000000e-02	3.421608309e+00	-4.395873684e-03	9.374242580e-14
-9.900000000e-02	3.421616785e+00	-4.737709067e-03	1.195664839e-13
-1.000000000e-01	3.421625296e+00	-5.079543472e-03	1.247780171e-13
-1.010000000e-01	3.421633841e+00	-5.421376889e-03	1.675078307e-13
-1.020000000e-01	3.421642420e+00	-5.763209308e-03	9.225118292e-14
-1.030000000e-01	3.421651033e+00	-6.105040720e-03	3.398948289e-13
-1.040000000e-01	3.421659680e+00	-6.446871113e-03	1.240599592e-13
-1.050000000e-01	3.421668361e+00	-6.788700478e-03	1.695131419e-13
-1.060000000e-01	3.421677076e+00	-7.130528805e-03	1.114691008e-13
-1.070000000e-01	3.421685825e+00	-7.472356082e-03	1.273412863e-13
-1.080000000e-01	3.421694608e+00	-7.814182301e-03	3.088446698e-13
-1.090000000e-01	3.421703426e+00	-8.156007451e-03	1.853455410e-13
-1.100000000e-01	3.421712277e+00	-8.497831522e-03	1.414519989e-13
-1.110000000e-01	3.421721162e+00	-8.839654504e-03	7.829213737e-14
-1.120000000e-01	3.421730081e+00	-9.181476387e-03	1.225887330e-13
-1.130000000e-01	3.421739035e+00	-9.523297159e-03	1.711526095e-13
-1.140000000e-01	3.421748022e+00	-9.865116812e-03	1.616978759e-13
-1.150000000e-01	3.421757044e+00	-1.020693534e-02	3.154065308e-13
-1.160000000e-01	3.421766099e+00	-1.054875272e-02	4.613454266e-13
-1.170000000e-01	3.421775189e+00	-1.089056895e-02	7.062853296e-14
-1.180000000e-01	3.421784313e+00	-1.123238403e-02	1.406466354e-13
-1.190000000e-01	3.421793470e+00	-1.157419793e-02	2.608529480e-13
-1.200000000e-01	3.421802662e+00	-1.191601065e-02	2.585152882e-13
-1.210000000e-01	3.421811888e+00	-1.225782218e-02	2.238209893e-13
-1.220000000e-01	3.421821147e+00	-1.259963251e-02	9.641992950e-14
-1.230000000e-01	3.421830441e+00	-1.294144163e-02	8.401419722e-14
-1.240000000e-01	3.421839769e+00	-1.328324953e-02	1.031052951e-13
-1.250000000e-01	3.421849131e+00	-1.362505619e-02	8.695621179e-14
-1.260000000e-01	3.421858527e+00	-1.396686162e-02	9.960284670e-14
-1.270000000e-01	3.421867957e+00	-1.430866579e-02	2.932583246e-13
-1.280000000e-01	3.421877421e+00	-1.465046871e-02	1.790402530e-13
-1.290000000e-01	3.421886919e+00	-1.499227035e-02	1.328947627e-13
-1.300000000e-01	3.421896451e+00	-1.533407070e-02	1.515867554e-13
-1.310000000e-01	3.421906017e+00	-1.567586977e-02	1.394512600e-13
-1.320000000e-01	3.421915617e+00	-1.601766753e-02	1.102424071e-13
-1.330000000e-01	3.421925252e+00	-1.635946398e-02	1.844082783e-13
-1.340000000e-01	3.421934920e+00	-1.670125911e-02	1.681128797e-13
-1.350000000e-01	3.421944622e+00	-1.704305291e-02	7.693845561e-14
-1.360000000e-01	3.421954358e+00	-1.738484536e-02	1.243330829e-13
-1.370000000e-01	3.421964129e+00	-1.772663646e-02	8.098458671e-14
-1.380000000e-01	3.421973933e+00	-1.806842620e-02	8.444419383e-14
-1.390000000e-01	3.421983771e+00	-1.841021456e-02	1.012873935e-13
-1.400000000e-01	3.421993644e+00	-1.875200154e-02	1.189630781e-13
-1.410000000e-01	3.422003550e+00	-1.909378713e-02	5.685653619e-14
-1.420000000e-01	3.422013491e+00	-1.943557131e-02	8.388181306e-14
-1.430000000e-01	3.422023465e+00	-1.977735408e-02	1.813321526e-13
-1.440000000e-01	3.422033474e+00	-2.011913542e-02	1.783514805e-13
-1.450000000e-01	3.422043516e+00	-2.046091533e-02	7.723458601e-14
-1.460000000e-01	3.422053593e+00	-2.080269380e-02	1.878865099e-13
-1.470000000e-01	3.422063703e+00	-2.114447081e-02	9.773595398e-14
-1.480000000e-01	3.422073848e+00	-2.148624636e-02	5.327775101e-14
-1.490000000e-01	3.422084027e+00	-2.182802043e-02	2.905601285e-13
-1.500000000e-01	3.422094239e+00	-2.216979302e-02	9.561463452e-14
-1.510000000e-01	3.422104486e+00	-2.251156411e-02	1.079648366e-13
-1.520000000e-01	3.422114767e+00	-2.285333370e-02	1.205538625e-13
-1.530000000e-01	3.422125081e+00	-2.319510177e-02	1.001871557e-13
-1.540000000e-01	3.422135430e+00	-2.353686832e-02	2.639415555e-13
-1.550000000e-01	3.422145813e+00	-2.387863333e-02	2.108612836e-13
-1.560000000e-01	3.422156229e+00	-2.422039680e-02	1.223008804e-13
-1.570000000e-01	3.422166680e+00	-2.456215871e-02	6.380219029e-14
-1.580000000e-01	3.422177165e+00	-2.490391905e-02	2.006655560e-13
-1.590000000e-01	3.422187684e+00	-2.524567782e-02	7.988554208e-14
-1.600000000e-01	3.422198237e+00	-2.558743501e-02	9.376305062e-14
-1.610000000e-01	3.422208823e+00	-2.592919059e-02	3.239414099e-13
-1.620000000e-01	3.422219444e+00	-2.627094457e-02	6.217288589e-14
-1.630000000e-01	3.422230099e+00	-2.661269694e-02	2.225775662e-13
-1.640000000e-01	3.422240788e+00	-2.695444767e-02	2.046615670e-13
-1.650000000e-01	3.422251511e+00	-2.729619677e-02	1.511959500e-13
-1.660000000e-01	3.422262268e+00	-2.763794423e-02	1.145442442e-13
-1.670000000e-01	3.422273059e+00	-2.797969002e-02	3.309719896e-13
-1.680000000e-01	3.422283883e+00	-2.832143415e-02	1.345315928e-13
-1.690000000e-01	3.422294742e+00	-2.866317660e-02	2.438854490e-13
-1.700000000e-01	3.422305635e+00	-2.900491737e-02	1.167675978e-13
-1.710000000e-01	3.422316562e+00	-2.934665644e-02	1.654642070e-13
-1.720000000e-01	3.422327523e+00	-2.968839379e-02	1.030761215e-13
-1.730000000e-01	3.422338518e+00	-3.003012944e-02	2.691869375e-13
-1.740000000e-01	3.422349547e+00	-3.037186335e-02	1.201441890e-13
-1.750000000e-01	3.422360610e+00	-3.071359553e-02	1.309762057e-13
-1.760000000e-01	3.422371707e+00	-3.105532595e-02	6.102996041e-14
-1.770000000e-01	3.422382838e+00	-3.139705462e-02	1.286251711e-13
-1.780000000e-01	3.422394003e+00	-3.173878152e-02	1.764740620e-13
-1.790000000e-01	3.422405202e+00	-3.208050665e-02	1.162394493e-13
-1.800000000e-01	3.422416434e+00	-3.242222998e-02	1.437616644e-13
-1.810000000e-01	3.422427701e+00	-3.276395152e-02	1.942437587e-13
-1.820000000e-01	3.422439002e+00	-3.310567124e-02	1.206334335e-13
-1.830000000e-01	3.422450337e+00	-3.344738915e-02	8.119215146e-14
-1.840000000e-01	3.422461706e+00	-3.378910523e-02	1.044394181e-13
-1.850000000e-01	3.422473109e+00	-3.413081947e-02	4.674831582e-13
-1.860000000e-01	3.422484546e+00	-3.447253186e-02	3.376977257e-13
-1.870000000e-01	3.422496017e+00	-3.481424239e-02	1.452669025e-13
-1.880000000e-01	3.422507521e+00	-3.515595105e-02	3.085253655e-13
-1.890000000e-01	3.422519060e+00	-3.549765783e-02	5.483422876e-14
-1.900000000e-01	3.422530633e+00	-3.583936273e-02	1.428713395e-13
-1.910000000e-01	3.422542240e+00	-3.618106572e-02	2.141343648e-13
-1.920000000e-01	3.422553881e+00	-3.652276680e-02	1.146371804e-13
-1.930000000e-01	3.422565556e+00	-3.686446596e-02	3.307507746e-13
-1.940000000e-01	3.422577264e+00	-3.720616320e-02	1.569918169e-13
-1.950000000e-01	3.422589007e+00	-3.754785849e-02	7.253510415e-13
-1.960000000e-01	3.422600784e+00	-3.788955183e-02	2.891475213e-13
-1.970000000e-01	3.422612595e+00	-3.823124321e-02	1.792868222e-13
-1.980000000e-01	3.422624439e+00	-3.857293262e-02	1.501126635e-13
-1.990000000e-01	3.422636318e+00	-3.891462005e-02	3.583984268e-13
-2.000000000e-01	3.422648231e+00	-3.925630549e-02	1.399952054e-13
