# epsi_ci     Re(Lambda)      Im(Lambda)      Eq(det), R = 0.05 $\mu$m, $E_p$ = 0.600 eV, modo = 3, $\epsilon_\infty$ = 3.9, $\gamma_{DL}$ = 0.01 eV, solve_det_sinkz_vs_mu.py
0.000000000e+00	3.439893725e+00	2.979240392e-02	3.911175793e-13
-1.000000000e-03	3.439898969e+00	2.944880546e-02	1.531850309e-13
-2.000000000e-03	3.439904246e+00	2.910520698e-02	6.011885870e-14
-3.000000000e-03	3.439909557e+00	2.876160849e-02	8.816492078e-14
-4.000000000e-03	3.439914903e+00	2.841801000e-02	1.591312138e-13
-5.000000000e-03	3.439920283e+00	2.807441151e-02	8.365648363e-14
-6.000000000e-03	3.439925697e+00	2.773081305e-02	1.417527545e-13
-7.000000000e-03	3.439931146e+00	2.738721462e-02	1.043715936e-13
-8.000000000e-03	3.439936628e+00	2.704361623e-02	9.625575999e-14
-9.000000000e-03	3.439942145e+00	2.670001789e-02	2.423052022e-13
-1.000000000e-02	3.439947696e+00	2.635641961e-02	1.021250705e-13
-1.100000000e-02	3.439953282e+00	2.601282141e-02	1.294434349e-13
-1.200000000e-02	3.439958901e+00	2.566922328e-02	4.082831097e-13
-1.300000000e-02	3.439964555e+00	2.532562525e-02	2.104324655e-13
-1.400000000e-02	3.439970243e+00	2.498202732e-02	1.255257744e-13
-1.500000000e-02	3.439975965e+00	2.463842950e-02	3.194200638e-13
-1.600000000e-02	3.439981722e+00	2.429483180e-02	1.188685468e-13
-1.700000000e-02	3.439987513e+00	2.395123424e-02	8.616367866e-14
-1.800000000e-02	3.439993337e+00	2.360763681e-02	1.592778126e-13
-1.900000000e-02	3.439999197e+00	2.326403955e-02	7.548741004e-14
-2.000000000e-02	3.440005090e+00	2.292044244e-02	1.486300060e-13
-2.100000000e-02	3.440011018e+00	2.257684551e-02	1.417598845e-13
-2.200000000e-02	3.440016979e+00	2.223324876e-02	1.067772686e-13
-2.300000000e-02	3.440022975e+00	2.188965221e-02	1.595561608e-13
-2.400000000e-02	3.440029006e+00	2.154605586e-02	1.707201122e-13
-2.500000000e-02	3.440035070e+00	2.120245972e-02	7.347168770e-14
-2.600000000e-02	3.440041169e+00	2.085886381e-02	2.816541999e-13
-2.700000000e-02	3.440047302e+00	2.051526813e-02	6.130042417e-14
-2.800000000e-02	3.440053469e+00	2.017167270e-02	1.007834418e-13
-2.900000000e-02	3.440059670e+00	1.982807753e-02	2.762492795e-13
-3.000000000e-02	3.440065906e+00	1.948448262e-02	3.686561713e-13
-3.100000000e-02	3.440072176e+00	1.914088798e-02	2.370754348e-13
-3.200000000e-02	3.440078480e+00	1.879729363e-02	1.038759602e-13
-3.300000000e-02	3.440084818e+00	1.845369958e-02	4.207276541e-14
-3.400000000e-02	3.440091191e+00	1.811010583e-02	3.572013140e-13
-3.500000000e-02	3.440097597e+00	1.776651240e-02	9.781438170e-14
-3.600000000e-02	3.440104038e+00	1.742291929e-02	5.766580710e-14
-3.700000000e-02	3.440110514e+00	1.707932652e-02	1.136545375e-13
-3.800000000e-02	3.440117023e+00	1.673573410e-02	2.683861706e-13
-3.900000000e-02	3.440123567e+00	1.639214204e-02	1.310725372e-13
-4.000000000e-02	3.440130144e+00	1.604855034e-02	2.372587905e-13
-4.100000000e-02	3.440136756e+00	1.570495902e-02	8.532887362e-14
-4.200000000e-02	3.440143403e+00	1.536136809e-02	1.015885956e-13
-4.300000000e-02	3.440150083e+00	1.501777756e-02	5.361012242e-14
-4.400000000e-02	3.440156798e+00	1.467418743e-02	1.279736875e-13
-4.500000000e-02	3.440163547e+00	1.433059773e-02	1.172551924e-13
-4.600000000e-02	3.440170330e+00	1.398700845e-02	9.415110192e-14
-4.700000000e-02	3.440177148e+00	1.364341961e-02	1.694886992e-13
-4.800000000e-02	3.440183999e+00	1.329983122e-02	1.765938089e-13
-4.900000000e-02	3.440190885e+00	1.295624329e-02	1.415143874e-13
-5.000000000e-02	3.440197805e+00	1.261265583e-02	7.643917775e-14
-5.100000000e-02	3.440204759e+00	1.226906885e-02	8.665959233e-14
-5.200000000e-02	3.440211748e+00	1.192548236e-02	9.732040507e-14
-5.300000000e-02	3.440218771e+00	1.158189637e-02	1.264636165e-13
-5.400000000e-02	3.440225828e+00	1.123831089e-02	5.304202961e-13
-5.500000000e-02	3.440232919e+00	1.089472592e-02	1.380164662e-13
-5.600000000e-02	3.440240044e+00	1.055114149e-02	1.185522872e-13
-5.700000000e-02	3.440247204e+00	1.020755761e-02	1.158521392e-13
-5.800000000e-02	3.440254397e+00	9.863974267e-03	1.034043506e-13
-5.900000000e-02	3.440261625e+00	9.520391490e-03	1.115859751e-13
-6.000000000e-02	3.440268888e+00	9.176809285e-03	8.411318633e-14
-6.100000000e-02	3.440276184e+00	8.833227662e-03	7.842679118e-14
-6.200000000e-02	3.440283515e+00	8.489646630e-03	8.084779480e-14
-6.300000000e-02	3.440290880e+00	8.146066201e-03	9.103152261e-14
-6.400000000e-02	3.440298279e+00	7.802486383e-03	7.819810437e-14
-6.500000000e-02	3.440305712e+00	7.458907189e-03	2.221101360e-13
-6.600000000e-02	3.440313180e+00	7.115328627e-03	2.982237446e-13
-6.700000000e-02	3.440320682e+00	6.771750708e-03	1.032401753e-13
-6.800000000e-02	3.440328218e+00	6.428173442e-03	8.083989909e-14
-6.900000000e-02	3.440335788e+00	6.084596839e-03	1.453178450e-13
-7.000000000e-02	3.440343392e+00	5.741020910e-03	4.265078392e-13
-7.100000000e-02	3.440351031e+00	5.397445665e-03	1.289804682e-13
-7.200000000e-02	3.440358704e+00	5.053871114e-03	1.668977104e-13
-7.300000000e-02	3.440366411e+00	4.710297267e-03	1.260366669e-13
-7.400000000e-02	3.440374152e+00	4.366724134e-03	9.015086827e-14
-7.500000000e-02	3.440381927e+00	4.023151725e-03	6.791733348e-14
-7.600000000e-02	3.440389737e+00	3.679580052e-03	5.385229916e-14
-7.700000000e-02	3.440397581e+00	3.336009123e-03	6.718047155e-14
-7.800000000e-02	3.440405459e+00	2.992438949e-03	2.909263771e-13
-7.900000000e-02	3.440413371e+00	2.648869541e-03	1.440334413e-13
-8.000000000e-02	3.440421318e+00	2.305300908e-03	1.666289633e-13
-8.100000000e-02	3.440429299e+00	1.961733062e-03	1.035524632e-13
-8.200000000e-02	3.440437314e+00	1.618166010e-03	4.336462953e-14
-8.300000000e-02	3.440445363e+00	1.274599766e-03	2.520232080e-13
-8.400000000e-02	3.440453446e+00	9.310343370e-04	9.031473238e-14
-8.500000000e-02	3.440461564e+00	5.874697349e-04	7.652217734e-14
-8.600000000e-02	3.440469716e+00	2.439059696e-04	1.703409311e-13
-8.700000000e-02	3.440477902e+00	-9.965694886e-05	4.680072577e-13
-8.800000000e-02	3.440486122e+00	-4.432190102e-04	1.486171953e-13
-8.900000000e-02	3.440494376e+00	-7.867802042e-04	6.468562395e-14
-9.000000000e-02	3.440502665e+00	-1.130340521e-03	2.276708931e-13
-9.100000000e-02	3.440510988e+00	-1.473899949e-03	7.131685919e-14
-9.200000000e-02	3.440519345e+00	-1.817458480e-03	1.437567880e-13
-9.300000000e-02	3.440527736e+00	-2.161016103e-03	5.152063633e-14
-9.400000000e-02	3.440536162e+00	-2.504572808e-03	1.626128565e-13
-9.500000000e-02	3.440544621e+00	-2.848128584e-03	2.542148004e-13
-9.600000000e-02	3.440553115e+00	-3.191683421e-03	1.434939100e-13
-9.700000000e-02	3.440561643e+00	-3.535237310e-03	9.546344528e-14
-9.800000000e-02	3.440570205e+00	-3.878790239e-03	9.657984773e-14
-9.900000000e-02	3.440578802e+00	-4.222342199e-03	7.061096990e-14
-1.000000000e-01	3.440587433e+00	-4.565893180e-03	9.817311493e-14
-1.010000000e-01	3.440596097e+00	-4.909443171e-03	3.611750926e-13
-1.020000000e-01	3.440604796e+00	-5.252992162e-03	1.000985508e-13
-1.030000000e-01	3.440613530e+00	-5.596540143e-03	1.578560682e-13
-1.040000000e-01	3.440622297e+00	-5.940087104e-03	2.010376022e-13
-1.050000000e-01	3.440631099e+00	-6.283633035e-03	8.731747047e-14
-1.060000000e-01	3.440639935e+00	-6.627177925e-03	1.065749339e-13
-1.070000000e-01	3.440648805e+00	-6.970721764e-03	9.496452469e-14
-1.080000000e-01	3.440657709e+00	-7.314264542e-03	1.175749902e-13
-1.090000000e-01	3.440666648e+00	-7.657806249e-03	1.161315706e-13
-1.100000000e-01	3.440675620e+00	-8.001346875e-03	4.193011355e-13
-1.110000000e-01	3.440684627e+00	-8.344886409e-03	1.577517142e-13
-1.120000000e-01	3.440693668e+00	-8.688424841e-03	1.712509569e-13
-1.130000000e-01	3.440702744e+00	-9.031962162e-03	1.871395105e-13
-1.140000000e-01	3.440711853e+00	-9.375498360e-03	6.677638483e-14
-1.150000000e-01	3.440720997e+00	-9.719033426e-03	7.344158875e-14
-1.160000000e-01	3.440730175e+00	-1.006256735e-02	1.220894547e-13
-1.170000000e-01	3.440739387e+00	-1.040610012e-02	1.200863254e-13
-1.180000000e-01	3.440748633e+00	-1.074963173e-02	9.610614046e-14
-1.190000000e-01	3.440757913e+00	-1.109316216e-02	2.612292494e-13
-1.200000000e-01	3.440767228e+00	-1.143669142e-02	6.397669210e-14
-1.210000000e-01	3.440776577e+00	-1.178021947e-02	2.412368314e-13
-1.220000000e-01	3.440785960e+00	-1.212374633e-02	1.375293897e-13
-1.230000000e-01	3.440795377e+00	-1.246727197e-02	8.977539968e-14
-1.240000000e-01	3.440804828e+00	-1.281079639e-02	2.124053160e-13
-1.250000000e-01	3.440814314e+00	-1.315431957e-02	2.667309604e-13
-1.260000000e-01	3.440823834e+00	-1.349784151e-02	1.218189906e-13
-1.270000000e-01	3.440833388e+00	-1.384136219e-02	1.512956605e-13
-1.280000000e-01	3.440842976e+00	-1.418488161e-02	1.531637164e-13
-1.290000000e-01	3.440852598e+00	-1.452839975e-02	8.223096005e-14
-1.300000000e-01	3.440862254e+00	-1.487191661e-02	1.220264404e-13
-1.310000000e-01	3.440871945e+00	-1.521543218e-02	1.327670777e-13
-1.320000000e-01	3.440881670e+00	-1.555894644e-02	1.502375850e-13
-1.330000000e-01	3.440891429e+00	-1.590245938e-02	1.073750980e-13
-1.340000000e-01	3.440901222e+00	-1.624597100e-02	1.024961961e-13
-1.350000000e-01	3.440911050e+00	-1.658948128e-02	1.357755553e-13
-1.360000000e-01	3.440920911e+00	-1.693299021e-02	6.323175797e-14
-1.370000000e-01	3.440930807e+00	-1.727649779e-02	6.193741122e-14
-1.380000000e-01	3.440940737e+00	-1.762000400e-02	1.935620592e-13
-1.390000000e-01	3.440950701e+00	-1.796350884e-02	2.708321656e-13
-1.400000000e-01	3.440960700e+00	-1.830701229e-02	7.270901361e-14
-1.410000000e-01	3.440970732e+00	-1.865051434e-02	2.421366638e-13
-1.420000000e-01	3.440980799e+00	-1.899401498e-02	1.042532525e-13
-1.430000000e-01	3.440990900e+00	-1.933751421e-02	6.217248938e-14
-1.440000000e-01	3.441001035e+00	-1.968101201e-02	2.819279503e-13
-1.450000000e-01	3.441011204e+00	-2.002450837e-02	8.035714183e-14
-1.460000000e-01	3.441021407e+00	-2.036800328e-02	2.580842553e-13
-1.470000000e-01	3.441031645e+00	-2.071149674e-02	9.629288854e-14
-1.480000000e-01	3.441041917e+00	-2.105498873e-02	1.748767613e-13
-1.490000000e-01	3.441052223e+00	-2.139847923e-02	1.428511502e-13
-1.500000000e-01	3.441062563e+00	-2.174196825e-02	7.079289040e-14
-1.510000000e-01	3.441072937e+00	-2.208545578e-02	7.218200184e-14
-1.520000000e-01	3.441083345e+00	-2.242894179e-02	1.993244589e-13
-1.530000000e-01	3.441093788e+00	-2.277242628e-02	1.168899829e-13
-1.540000000e-01	3.441104265e+00	-2.311590925e-02	9.466941453e-14
-1.550000000e-01	3.441114776e+00	-2.345939067e-02	7.576668206e-14
-1.560000000e-01	3.441125321e+00	-2.380287055e-02	3.734915004e-13
-1.570000000e-01	3.441135900e+00	-2.414634886e-02	1.665385236e-13
-1.580000000e-01	3.441146513e+00	-2.448982561e-02	2.064867089e-13
-1.590000000e-01	3.441157161e+00	-2.483330077e-02	1.767547581e-13
-1.600000000e-01	3.441167843e+00	-2.517677435e-02	9.332241798e-14
-1.610000000e-01	3.441178559e+00	-2.552024632e-02	1.391326959e-13
-1.620000000e-01	3.441189309e+00	-2.586371668e-02	5.354618423e-13
-1.630000000e-01	3.441200093e+00	-2.620718543e-02	1.156304609e-13
-1.640000000e-01	3.441210911e+00	-2.655065254e-02	2.040154059e-13
-1.650000000e-01	3.441221764e+00	-2.689411801e-02	1.879927570e-13
-1.660000000e-01	3.441232651e+00	-2.723758183e-02	1.773585017e-13
-1.670000000e-01	3.441243572e+00	-2.758104399e-02	7.706779281e-14
-1.680000000e-01	3.441254527e+00	-2.792450447e-02	2.029134185e-13
-1.690000000e-01	3.441265516e+00	-2.826796328e-02	1.546184771e-13
-1.700000000e-01	3.441276539e+00	-2.861142039e-02	1.117187260e-13
-1.710000000e-01	3.441287597e+00	-2.895487580e-02	1.561150440e-13
-1.720000000e-01	3.441298688e+00	-2.929832950e-02	1.441321360e-13
-1.730000000e-01	3.441309814e+00	-2.964178148e-02	2.043476692e-13
-1.740000000e-01	3.441320974e+00	-2.998523172e-02	3.452930151e-13
-1.750000000e-01	3.441332168e+00	-3.032868022e-02	1.967460864e-13
-1.760000000e-01	3.441343397e+00	-3.067212697e-02	3.180257254e-13
-1.770000000e-01	3.441354659e+00	-3.101557195e-02	2.227789135e-13
-1.780000000e-01	3.441365956e+00	-3.135901516e-02	6.726751429e-14
-1.790000000e-01	3.441377286e+00	-3.170245659e-02	1.134589811e-13
-1.800000000e-01	3.441388651e+00	-3.204589623e-02	2.586560424e-13
-1.810000000e-01	3.441400050e+00	-3.238933406e-02	1.395889020e-13
-1.820000000e-01	3.441411483e+00	-3.273277007e-02	1.330936547e-13
-1.830000000e-01	3.441422951e+00	-3.307620427e-02	1.934486763e-13
-1.840000000e-01	3.441434452e+00	-3.341963662e-02	8.828004545e-14
-1.850000000e-01	3.441445988e+00	-3.376306714e-02	1.897711202e-13
-1.860000000e-01	3.441457558e+00	-3.410649580e-02	1.719130076e-13
-1.870000000e-01	3.441469161e+00	-3.444992259e-02	4.736698584e-13
-1.880000000e-01	3.441480800e+00	-3.479334752e-02	1.207930814e-13
-1.890000000e-01	3.441492472e+00	-3.513677055e-02	4.417777050e-13
-1.900000000e-01	3.441504178e+00	-3.548019169e-02	1.330936547e-13
-1.910000000e-01	3.441515918e+00	-3.582361093e-02	1.915523095e-13
-1.920000000e-01	3.441527693e+00	-3.616702825e-02	1.122843364e-13
-1.930000000e-01	3.441539502e+00	-3.651044364e-02	2.131110040e-13
-1.940000000e-01	3.441551345e+00	-3.685385710e-02	1.931583873e-13
-1.950000000e-01	3.441563222e+00	-3.719726862e-02	7.826182520e-14
-1.960000000e-01	3.441575133e+00	-3.754067817e-02	6.411862375e-14
-1.970000000e-01	3.441587078e+00	-3.788408576e-02	7.982248763e-14
-1.980000000e-01	3.441599057e+00	-3.822749138e-02	1.050456393e-13
-1.990000000e-01	3.441611071e+00	-3.857089501e-02	3.072680970e-13
-2.000000000e-01	3.441623118e+00	-3.891429664e-02	1.041540688e-13
