# epsi_ci     Re(Lambda)      Im(Lambda)      Eq(det), R = 0.05 $\mu$m, $E_p$ = 0.600 eV, modo = 3, $\epsilon_\infty$ = 3.9, $\gamma_{DL}$ = 0.01 eV, solve_det_sinkz_vs_mu.py
0.000000000e+00	3.604937820e+00	3.640075351e-02	1.737550110e-13
-1.000000000e-03	3.604944021e+00	3.604256872e-02	3.031628231e-13
-2.000000000e-03	3.604950258e+00	3.568438389e-02	1.281287922e-13
-3.000000000e-03	3.604956530e+00	3.532619903e-02	1.095510706e-13
-4.000000000e-03	3.604962838e+00	3.496801414e-02	3.174183789e-13
-5.000000000e-03	3.604969181e+00	3.460982924e-02	1.143958634e-13
-6.000000000e-03	3.604975560e+00	3.425164433e-02	9.552874000e-14
-7.000000000e-03	3.604981974e+00	3.389345944e-02	1.028405167e-13
-8.000000000e-03	3.604988423e+00	3.353527456e-02	5.034686985e-14
-9.000000000e-03	3.604994908e+00	3.317708971e-02	8.905905732e-14
-1.000000000e-02	3.605001429e+00	3.281890490e-02	9.232357273e-14
-1.100000000e-02	3.605007985e+00	3.246072015e-02	8.363482184e-14
-1.200000000e-02	3.605014576e+00	3.210253545e-02	1.557839633e-13
-1.300000000e-02	3.605021203e+00	3.174435082e-02	1.212964384e-13
-1.400000000e-02	3.605027865e+00	3.138616627e-02	2.452942300e-13
-1.500000000e-02	3.605034563e+00	3.102798182e-02	1.633436919e-13
-1.600000000e-02	3.605041296e+00	3.066979747e-02	6.514512093e-14
-1.700000000e-02	3.605048065e+00	3.031161323e-02	2.776911703e-13
-1.800000000e-02	3.605054869e+00	2.995342912e-02	1.136217670e-13
-1.900000000e-02	3.605061708e+00	2.959524514e-02	1.000869597e-13
-2.000000000e-02	3.605068584e+00	2.923706130e-02	9.060100139e-14
-2.100000000e-02	3.605075494e+00	2.887887762e-02	2.276657413e-13
-2.200000000e-02	3.605082440e+00	2.852069410e-02	1.198010512e-13
-2.300000000e-02	3.605089421e+00	2.816251076e-02	1.717569202e-13
-2.400000000e-02	3.605096438e+00	2.780432761e-02	6.189174725e-14
-2.500000000e-02	3.605103491e+00	2.744614465e-02	1.327339417e-13
-2.600000000e-02	3.605110578e+00	2.708796190e-02	1.600726996e-13
-2.700000000e-02	3.605117701e+00	2.672977937e-02	2.821642902e-13
-2.800000000e-02	3.605124860e+00	2.637159707e-02	1.394457383e-13
-2.900000000e-02	3.605132054e+00	2.601341501e-02	5.687561055e-14
-3.000000000e-02	3.605139284e+00	2.565523319e-02	1.018513340e-13
-3.100000000e-02	3.605146549e+00	2.529705164e-02	7.063900326e-14
-3.200000000e-02	3.605153849e+00	2.493887036e-02	4.672974079e-14
-3.300000000e-02	3.605161185e+00	2.458068935e-02	5.719063128e-14
-3.400000000e-02	3.605168557e+00	2.422250864e-02	3.890346669e-14
-3.500000000e-02	3.605175964e+00	2.386432824e-02	1.367791274e-13
-3.600000000e-02	3.605183406e+00	2.350614814e-02	1.093570560e-13
-3.700000000e-02	3.605190884e+00	2.314796837e-02	1.135406509e-13
-3.800000000e-02	3.605198397e+00	2.278978893e-02	1.187274684e-13
-3.900000000e-02	3.605205946e+00	2.243160983e-02	2.253005283e-13
-4.000000000e-02	3.605213530e+00	2.207343109e-02	8.579636328e-14
-4.100000000e-02	3.605221149e+00	2.171525271e-02	3.860177215e-13
-4.200000000e-02	3.605228804e+00	2.135707471e-02	1.286529703e-13
-4.300000000e-02	3.605236495e+00	2.099889709e-02	8.740468298e-14
-4.400000000e-02	3.605244221e+00	2.064071988e-02	1.603788948e-13
-4.500000000e-02	3.605251982e+00	2.028254306e-02	4.886275083e-14
-4.600000000e-02	3.605259779e+00	1.992436667e-02	1.122589894e-13
-4.700000000e-02	3.605267611e+00	1.956619070e-02	2.433893057e-13
-4.800000000e-02	3.605275479e+00	1.920801517e-02	7.821255763e-14
-4.900000000e-02	3.605283382e+00	1.884984009e-02	8.502655125e-14
-5.000000000e-02	3.605291321e+00	1.849166547e-02	1.180605334e-13
-5.100000000e-02	3.605299295e+00	1.813349133e-02	1.450441858e-13
-5.200000000e-02	3.605307305e+00	1.777531766e-02	1.853900970e-13
-5.300000000e-02	3.605315350e+00	1.741714448e-02	1.661051577e-13
-5.400000000e-02	3.605323430e+00	1.705897180e-02	1.374432003e-13
-5.500000000e-02	3.605331546e+00	1.670079963e-02	2.932361159e-13
-5.600000000e-02	3.605339698e+00	1.634262799e-02	7.972810232e-14
-5.700000000e-02	3.605347884e+00	1.598445688e-02	2.518985214e-13
-5.800000000e-02	3.605356107e+00	1.562628632e-02	1.796346906e-13
-5.900000000e-02	3.605364365e+00	1.526811630e-02	1.611499429e-13
-6.000000000e-02	3.605372658e+00	1.490994685e-02	1.503726960e-13
-6.100000000e-02	3.605380986e+00	1.455177798e-02	1.377358135e-13
-6.200000000e-02	3.605389350e+00	1.419360969e-02	1.251342050e-13
-6.300000000e-02	3.605397750e+00	1.383544200e-02	2.853357195e-13
-6.400000000e-02	3.605406185e+00	1.347727491e-02	1.270994482e-13
-6.500000000e-02	3.605414655e+00	1.311910844e-02	6.743129306e-14
-6.600000000e-02	3.605423161e+00	1.276094260e-02	6.636826256e-14
-6.700000000e-02	3.605431703e+00	1.240277740e-02	3.828047533e-13
-6.800000000e-02	3.605440279e+00	1.204461284e-02	8.063414450e-14
-6.900000000e-02	3.605448892e+00	1.168644895e-02	1.049172270e-13
-7.000000000e-02	3.605457539e+00	1.132828572e-02	3.597605523e-13
-7.100000000e-02	3.605466222e+00	1.097012317e-02	2.353685578e-13
-7.200000000e-02	3.605474941e+00	1.061196131e-02	3.699305277e-13
-7.300000000e-02	3.605483695e+00	1.025380016e-02	1.151116215e-13
-7.400000000e-02	3.605492484e+00	9.895639711e-03	7.531716142e-14
-7.500000000e-02	3.605501309e+00	9.537479988e-03	6.090229983e-14
-7.600000000e-02	3.605510170e+00	9.179320996e-03	1.634130275e-13
-7.700000000e-02	3.605519065e+00	8.821162747e-03	3.266230314e-13
-7.800000000e-02	3.605527997e+00	8.463005252e-03	1.443374584e-13
-7.900000000e-02	3.605536963e+00	8.104848520e-03	2.411493237e-13
-8.000000000e-02	3.605545965e+00	7.746692562e-03	9.306167710e-14
-8.100000000e-02	3.605555003e+00	7.388537389e-03	2.739407063e-13
-8.200000000e-02	3.605564076e+00	7.030383012e-03	2.030159955e-13
-8.300000000e-02	3.605573184e+00	6.672229440e-03	9.083175811e-14
-8.400000000e-02	3.605582328e+00	6.314076684e-03	1.040397686e-13
-8.500000000e-02	3.605591508e+00	5.955924755e-03	1.321842388e-13
-8.600000000e-02	3.605600722e+00	5.597773663e-03	2.029546676e-13
-8.700000000e-02	3.605609973e+00	5.239623418e-03	1.227823353e-13
-8.800000000e-02	3.605619258e+00	4.881474032e-03	2.012824412e-13
-8.900000000e-02	3.605628579e+00	4.523325514e-03	3.010997212e-13
-9.000000000e-02	3.605637936e+00	4.165177875e-03	1.490486944e-13
-9.100000000e-02	3.605647328e+00	3.807031126e-03	2.332499062e-13
-9.200000000e-02	3.605656755e+00	3.448885277e-03	1.453276532e-13
-9.300000000e-02	3.605666218e+00	3.090740339e-03	3.020226618e-13
-9.400000000e-02	3.605675716e+00	2.732596321e-03	2.932470824e-13
-9.500000000e-02	3.605685250e+00	2.374453235e-03	1.094223923e-13
-9.600000000e-02	3.605694819e+00	2.016311091e-03	1.350359842e-13
-9.700000000e-02	3.605704424e+00	1.658169900e-03	1.780487617e-13
-9.800000000e-02	3.605714064e+00	1.300029671e-03	3.808322332e-13
-9.900000000e-02	3.605723739e+00	9.418904163e-04	2.390677618e-13
-1.000000000e-01	3.605733450e+00	5.837521453e-04	7.480708465e-14
-1.010000000e-01	3.605743197e+00	2.256148686e-04	1.258770436e-13
-1.020000000e-01	3.605752978e+00	-1.325214031e-04	2.927572556e-13
-1.030000000e-01	3.605762795e+00	-4.906566594e-04	1.711490896e-13
-1.040000000e-01	3.605772648e+00	-8.487908899e-04	9.598918224e-14
-1.050000000e-01	3.605782536e+00	-1.206924084e-03	3.583935270e-13
-1.060000000e-01	3.605792460e+00	-1.565056231e-03	2.138427022e-13
-1.070000000e-01	3.605802419e+00	-1.923187321e-03	1.465301878e-13
-1.080000000e-01	3.605812413e+00	-2.281317343e-03	6.779537265e-14
-1.090000000e-01	3.605822443e+00	-2.639446287e-03	1.241080873e-13
-1.100000000e-01	3.605832508e+00	-2.997574142e-03	1.164360920e-13
-1.110000000e-01	3.605842609e+00	-3.355700898e-03	1.794462017e-13
-1.120000000e-01	3.605852745e+00	-3.713826544e-03	1.396503273e-13
-1.130000000e-01	3.605862916e+00	-4.071951070e-03	1.059670837e-13
-1.140000000e-01	3.605873123e+00	-4.430074466e-03	1.048375121e-13
-1.150000000e-01	3.605883365e+00	-4.788196720e-03	1.153103443e-13
-1.160000000e-01	3.605893643e+00	-5.146317822e-03	1.025913509e-13
-1.170000000e-01	3.605903956e+00	-5.504437762e-03	1.470779056e-13
-1.180000000e-01	3.605914305e+00	-5.862556530e-03	2.747611784e-13
-1.190000000e-01	3.605924689e+00	-6.220674115e-03	1.033111890e-13
-1.200000000e-01	3.605935109e+00	-6.578790506e-03	5.656760631e-14
-1.210000000e-01	3.605945564e+00	-6.936905693e-03	1.109295045e-13
-1.220000000e-01	3.605956054e+00	-7.295019666e-03	2.063405644e-13
-1.230000000e-01	3.605966580e+00	-7.653132413e-03	7.020668473e-14
-1.240000000e-01	3.605977141e+00	-8.011243925e-03	5.299114384e-14
-1.250000000e-01	3.605987737e+00	-8.369354192e-03	1.308219654e-13
-1.260000000e-01	3.605998369e+00	-8.727463201e-03	1.669138996e-13
-1.270000000e-01	3.606009037e+00	-9.085570944e-03	2.114186486e-13
-1.280000000e-01	3.606019740e+00	-9.443677410e-03	1.748593950e-13
-1.290000000e-01	3.606030478e+00	-9.801782588e-03	3.521969068e-13
-1.300000000e-01	3.606041252e+00	-1.015988647e-02	1.141233668e-13
-1.310000000e-01	3.606052061e+00	-1.051798904e-02	1.255069197e-13
-1.320000000e-01	3.606062905e+00	-1.087609029e-02	1.188243779e-13
-1.330000000e-01	3.606073785e+00	-1.123419021e-02	1.586202176e-13
-1.340000000e-01	3.606084701e+00	-1.159228879e-02	1.626894621e-13
-1.350000000e-01	3.606095652e+00	-1.195038602e-02	2.687282848e-13
-1.360000000e-01	3.606106638e+00	-1.230848189e-02	2.113735187e-13
-1.370000000e-01	3.606117659e+00	-1.266657639e-02	1.727347549e-13
-1.380000000e-01	3.606128716e+00	-1.302466951e-02	1.064082600e-13
-1.390000000e-01	3.606139809e+00	-1.338276123e-02	9.262880189e-14
-1.400000000e-01	3.606150937e+00	-1.374085155e-02	2.526998574e-13
-1.410000000e-01	3.606162100e+00	-1.409894046e-02	1.354990702e-13
-1.420000000e-01	3.606173299e+00	-1.445702794e-02	1.391839919e-13
-1.430000000e-01	3.606184533e+00	-1.481511399e-02	1.023421506e-13
-1.440000000e-01	3.606195802e+00	-1.517319860e-02	1.476461386e-13
-1.450000000e-01	3.606207107e+00	-1.553128174e-02	8.978693194e-14
-1.460000000e-01	3.606218447e+00	-1.588936343e-02	1.390609627e-13
-1.470000000e-01	3.606229823e+00	-1.624744363e-02	1.051268652e-13
-1.480000000e-01	3.606241234e+00	-1.660552235e-02	1.449007784e-13
-1.490000000e-01	3.606252681e+00	-1.696359958e-02	2.480201523e-13
-1.500000000e-01	3.606264163e+00	-1.732167529e-02	4.485689169e-14
-1.510000000e-01	3.606275680e+00	-1.767974949e-02	1.148394111e-13
-1.520000000e-01	3.606287233e+00	-1.803782216e-02	4.286140186e-13
-1.530000000e-01	3.606298821e+00	-1.839589328e-02	9.048120124e-14
-1.540000000e-01	3.606310444e+00	-1.875396286e-02	1.057988515e-13
-1.550000000e-01	3.606322103e+00	-1.911203088e-02	4.842230435e-14
-1.560000000e-01	3.606333798e+00	-1.947009733e-02	1.502728697e-13
-1.570000000e-01	3.606345527e+00	-1.982816220e-02	1.495631540e-13
-1.580000000e-01	3.606357292e+00	-2.018622548e-02	2.296169972e-13
-1.590000000e-01	3.606369093e+00	-2.054428715e-02	8.146013200e-14
-1.600000000e-01	3.606380929e+00	-2.090234722e-02	2.974723418e-13
-1.610000000e-01	3.606392800e+00	-2.126040566e-02	1.092095104e-13
-1.620000000e-01	3.606404707e+00	-2.161846246e-02	8.727256925e-14
-1.630000000e-01	3.606416649e+00	-2.197651763e-02	7.232828214e-14
-1.640000000e-01	3.606428627e+00	-2.233457114e-02	9.848279007e-14
-1.650000000e-01	3.606440639e+00	-2.269262298e-02	9.359252532e-14
-1.660000000e-01	3.606452688e+00	-2.305067315e-02	1.110083128e-13
-1.670000000e-01	3.606464771e+00	-2.340872164e-02	4.942875621e-13
-1.680000000e-01	3.606476890e+00	-2.376676843e-02	1.152580481e-13
-1.690000000e-01	3.606489045e+00	-2.412481351e-02	1.046063422e-13
-1.700000000e-01	3.606501235e+00	-2.448285687e-02	7.020130779e-14
-1.710000000e-01	3.606513460e+00	-2.484089851e-02	1.251543932e-13
-1.720000000e-01	3.606525721e+00	-2.519893841e-02	2.385732888e-13
-1.730000000e-01	3.606538017e+00	-2.555697656e-02	6.488728837e-14
-1.740000000e-01	3.606550348e+00	-2.591501296e-02	6.189600401e-14
-1.750000000e-01	3.606562715e+00	-2.627304758e-02	8.827913789e-14
-1.760000000e-01	3.606575117e+00	-2.663108043e-02	1.658918782e-13
-1.770000000e-01	3.606587555e+00	-2.698911148e-02	8.748282692e-14
-1.780000000e-01	3.606600027e+00	-2.734714074e-02	3.777282381e-13
-1.790000000e-01	3.606612536e+00	-2.770516818e-02	1.282430625e-13
-1.800000000e-01	3.606625079e+00	-2.806319380e-02	2.534117798e-13
-1.810000000e-01	3.606637659e+00	-2.842121759e-02	1.048840566e-13
-1.820000000e-01	3.606650273e+00	-2.877923954e-02	5.082057264e-14
-1.830000000e-01	3.606662923e+00	-2.913725964e-02	2.833916418e-13
-1.840000000e-01	3.606675608e+00	-2.949527787e-02	7.031148563e-14
-1.850000000e-01	3.606688329e+00	-2.985329423e-02	1.517330073e-13
-1.860000000e-01	3.606701085e+00	-3.021130870e-02	7.857524533e-14
-1.870000000e-01	3.606713876e+00	-3.056932129e-02	1.182147209e-13
-1.880000000e-01	3.606726703e+00	-3.092733196e-02	1.331810509e-13
-1.890000000e-01	3.606739565e+00	-3.128534072e-02	1.272666721e-13
-1.900000000e-01	3.606752462e+00	-3.164334756e-02	9.218308199e-14
-1.910000000e-01	3.606765395e+00	-3.200135246e-02	7.993181723e-14
-1.920000000e-01	3.606778363e+00	-3.235935541e-02	2.153829234e-13
-1.930000000e-01	3.606791367e+00	-3.271735640e-02	2.910934693e-13
-1.940000000e-01	3.606804406e+00	-3.307535543e-02	6.833645930e-14
-1.950000000e-01	3.606817480e+00	-3.343335248e-02	4.933189529e-14
-1.960000000e-01	3.606830589e+00	-3.379134754e-02	2.978683478e-13
-1.970000000e-01	3.606843735e+00	-3.414934060e-02	1.097439595e-13
-1.980000000e-01	3.606856915e+00	-3.450733166e-02	5.886318298e-14
-1.990000000e-01	3.606870131e+00	-3.486532069e-02	4.634087396e-14
-2.000000000e-01	3.606883382e+00	-3.522330769e-02	1.065406944e-13
