# epsi_ci     Re(Lambda)      Im(Lambda)      Eq(det), R = 0.05 $\mu$m, $E_p$ = 0.600 eV, modo = 3, $\epsilon_\infty$ = 3.9, $\gamma_{DL}$ = 0.01 eV, solve_det_sinkz_vs_mu.py
0.000000000e+00	3.494815645e+00	3.185951776e-02	1.418683017e-13
-1.000000000e-03	3.494821199e+00	3.151098861e-02	2.694186760e-13
-2.000000000e-03	3.494826787e+00	3.116245944e-02	1.229138861e-13
-3.000000000e-03	3.494832410e+00	3.081393024e-02	1.089569505e-13
-4.000000000e-03	3.494838068e+00	3.046540105e-02	2.509371507e-13
-5.000000000e-03	3.494843760e+00	3.011687185e-02	1.597192326e-13
-6.000000000e-03	3.494849487e+00	2.976834267e-02	1.158938970e-13
-7.000000000e-03	3.494855248e+00	2.941981352e-02	9.414377030e-14
-8.000000000e-03	3.494861044e+00	2.907128440e-02	9.420033009e-14
-9.000000000e-03	3.494866875e+00	2.872275533e-02	1.657000705e-13
-1.000000000e-02	3.494872741e+00	2.837422631e-02	1.354990702e-13
-1.100000000e-02	3.494878641e+00	2.802569736e-02	1.390701806e-13
-1.200000000e-02	3.494884576e+00	2.767716848e-02	8.029553228e-14
-1.300000000e-02	3.494890545e+00	2.732863969e-02	1.641167354e-13
-1.400000000e-02	3.494896549e+00	2.698011100e-02	1.464017135e-13
-1.500000000e-02	3.494902588e+00	2.663158242e-02	3.632557146e-13
-1.600000000e-02	3.494908661e+00	2.628305395e-02	1.868425941e-13
-1.700000000e-02	3.494914770e+00	2.593452561e-02	5.329116777e-14
-1.800000000e-02	3.494920912e+00	2.558599741e-02	3.252691289e-13
-1.900000000e-02	3.494927090e+00	2.523746936e-02	1.232020573e-13
-2.000000000e-02	3.494933302e+00	2.488894146e-02	5.715492397e-14
-2.100000000e-02	3.494939548e+00	2.454041374e-02	1.172520749e-13
-2.200000000e-02	3.494945830e+00	2.419188620e-02	1.003568078e-13
-2.300000000e-02	3.494952146e+00	2.384335884e-02	6.971159683e-14
-2.400000000e-02	3.494958496e+00	2.349483169e-02	1.099282270e-13
-2.500000000e-02	3.494964882e+00	2.314630474e-02	3.384793254e-13
-2.600000000e-02	3.494971302e+00	2.279777802e-02	1.047971147e-13
-2.700000000e-02	3.494977756e+00	2.244925153e-02	2.749319545e-13
-2.800000000e-02	3.494984245e+00	2.210072528e-02	2.205648819e-13
-2.900000000e-02	3.494990769e+00	2.175219928e-02	1.111905403e-13
-3.000000000e-02	3.494997328e+00	2.140367354e-02	4.000876565e-13
-3.100000000e-02	3.495003921e+00	2.105514808e-02	1.150834396e-13
-3.200000000e-02	3.495010549e+00	2.070662290e-02	1.972363073e-13
-3.300000000e-02	3.495017211e+00	2.035809801e-02	1.171091117e-13
-3.400000000e-02	3.495023908e+00	2.000957342e-02	3.229494332e-13
-3.500000000e-02	3.495030640e+00	1.966104915e-02	1.404222902e-13
-3.600000000e-02	3.495037407e+00	1.931252520e-02	1.084460173e-13
-3.700000000e-02	3.495044208e+00	1.896400159e-02	1.715223992e-13
-3.800000000e-02	3.495051044e+00	1.861547832e-02	9.209108007e-14
-3.900000000e-02	3.495057914e+00	1.826695540e-02	1.055774815e-13
-4.000000000e-02	3.495064819e+00	1.791843285e-02	1.352578866e-13
-4.100000000e-02	3.495071759e+00	1.756991068e-02	8.631941178e-14
-4.200000000e-02	3.495078733e+00	1.722138889e-02	2.377926929e-13
-4.300000000e-02	3.495085742e+00	1.687286750e-02	1.556131168e-13
-4.400000000e-02	3.495092786e+00	1.652434652e-02	1.567479835e-13
-4.500000000e-02	3.495099864e+00	1.617582595e-02	2.203948343e-13
-4.600000000e-02	3.495106977e+00	1.582730581e-02	1.204402698e-13
-4.700000000e-02	3.495114125e+00	1.547878610e-02	1.053044052e-13
-4.800000000e-02	3.495121307e+00	1.513026685e-02	1.601273498e-13
-4.900000000e-02	3.495128524e+00	1.478174805e-02	8.408384314e-14
-5.000000000e-02	3.495135775e+00	1.443322972e-02	1.779124538e-13
-5.100000000e-02	3.495143062e+00	1.408471187e-02	1.180792128e-13
-5.200000000e-02	3.495150382e+00	1.373619450e-02	1.155044411e-13
-5.300000000e-02	3.495157738e+00	1.338767764e-02	1.220764335e-13
-5.400000000e-02	3.495165128e+00	1.303916129e-02	9.396489435e-14
-5.500000000e-02	3.495172553e+00	1.269064545e-02	1.694715195e-13
-5.600000000e-02	3.495180012e+00	1.234213015e-02	6.535024344e-14
-5.700000000e-02	3.495187506e+00	1.199361538e-02	1.767754354e-13
-5.800000000e-02	3.495195035e+00	1.164510117e-02	1.254409432e-13
-5.900000000e-02	3.495202598e+00	1.129658752e-02	1.018893571e-13
-6.000000000e-02	3.495210196e+00	1.094807444e-02	1.513726118e-13
-6.100000000e-02	3.495217829e+00	1.059956194e-02	1.538004699e-13
-6.200000000e-02	3.495225496e+00	1.025105003e-02	6.799642501e-14
-6.300000000e-02	3.495233198e+00	9.902538730e-03	1.018118403e-13
-6.400000000e-02	3.495240935e+00	9.554028039e-03	1.461067901e-13
-6.500000000e-02	3.495248706e+00	9.205517970e-03	3.067486070e-13
-6.600000000e-02	3.495256512e+00	8.857008535e-03	8.456889810e-14
-6.700000000e-02	3.495264352e+00	8.508499743e-03	7.733718761e-14
-6.800000000e-02	3.495272228e+00	8.159991605e-03	2.031998491e-13
-6.900000000e-02	3.495280137e+00	7.811484131e-03	4.090296439e-13
-7.000000000e-02	3.495288082e+00	7.462977332e-03	7.999082503e-14
-7.100000000e-02	3.495296061e+00	7.114471217e-03	7.019563834e-14
-7.200000000e-02	3.495304075e+00	6.765965798e-03	1.845712264e-13
-7.300000000e-02	3.495312123e+00	6.417461084e-03	7.358455191e-14
-7.400000000e-02	3.495320206e+00	6.068957086e-03	1.364177621e-13
-7.500000000e-02	3.495328324e+00	5.720453813e-03	1.345565460e-13
-7.600000000e-02	3.495336476e+00	5.371951277e-03	1.608858388e-13
-7.700000000e-02	3.495344663e+00	5.023449488e-03	1.426378076e-13
-7.800000000e-02	3.495352885e+00	4.674948455e-03	9.100021875e-14
-7.900000000e-02	3.495361141e+00	4.326448190e-03	9.341948287e-14
-8.000000000e-02	3.495369432e+00	3.977948702e-03	1.021865544e-13
-8.100000000e-02	3.495377757e+00	3.629450003e-03	1.234704098e-13
-8.200000000e-02	3.495386117e+00	3.280952101e-03	8.660001242e-14
-8.300000000e-02	3.495394512e+00	2.932455008e-03	6.004336319e-14
-8.400000000e-02	3.495402941e+00	2.583958733e-03	1.050370008e-13
-8.500000000e-02	3.495411406e+00	2.235463288e-03	1.351899989e-13
-8.600000000e-02	3.495419904e+00	1.886968682e-03	3.452890627e-13
-8.700000000e-02	3.495428438e+00	1.538474925e-03	4.119389299e-13
-8.800000000e-02	3.495437005e+00	1.189982029e-03	1.124109585e-13
-8.900000000e-02	3.495445608e+00	8.414900024e-04	4.854793363e-13
-9.000000000e-02	3.495454245e+00	4.929988568e-04	9.374385571e-14
-9.100000000e-02	3.495462917e+00	1.445086020e-04	2.138058687e-13
-9.200000000e-02	3.495471624e+00	-2.039807516e-04	3.420202718e-13
-9.300000000e-02	3.495480365e+00	-5.524691936e-04	1.689124178e-13
-9.400000000e-02	3.495489141e+00	-9.009567140e-04	1.126816892e-13
-9.500000000e-02	3.495497951e+00	-1.249443302e-03	4.092677977e-14
-9.600000000e-02	3.495506796e+00	-1.597928948e-03	1.022447634e-13
-9.700000000e-02	3.495515676e+00	-1.946413641e-03	1.238918394e-13
-9.800000000e-02	3.495524590e+00	-2.294897372e-03	1.159188879e-13
-9.900000000e-02	3.495533539e+00	-2.643380129e-03	1.485718422e-13
-1.000000000e-01	3.495542522e+00	-2.991861902e-03	7.543800531e-14
-1.010000000e-01	3.495551541e+00	-3.340342681e-03	2.462848615e-13
-1.020000000e-01	3.495560593e+00	-3.688822457e-03	5.279604288e-13
-1.030000000e-01	3.495569681e+00	-4.037301218e-03	9.085059208e-14
-1.040000000e-01	3.495578803e+00	-4.385778954e-03	9.845393683e-14
-1.050000000e-01	3.495587960e+00	-4.734255655e-03	7.468632932e-14
-1.060000000e-01	3.495597151e+00	-5.082731310e-03	1.450839453e-13
-1.070000000e-01	3.495606377e+00	-5.431205910e-03	1.640164305e-13
-1.080000000e-01	3.495615637e+00	-5.779679445e-03	1.582393053e-13
-1.090000000e-01	3.495624933e+00	-6.128151902e-03	1.157541015e-13
-1.100000000e-01	3.495634262e+00	-6.476623274e-03	9.102853920e-14
-1.110000000e-01	3.495643627e+00	-6.825093548e-03	8.509444860e-14
-1.120000000e-01	3.495653026e+00	-7.173562715e-03	7.709529698e-14
-1.130000000e-01	3.495662460e+00	-7.522030765e-03	7.690618749e-14
-1.140000000e-01	3.495671928e+00	-7.870497687e-03	1.989282980e-13
-1.150000000e-01	3.495681431e+00	-8.218963471e-03	9.669755743e-14
-1.160000000e-01	3.495690968e+00	-8.567428107e-03	1.297426596e-13
-1.170000000e-01	3.495700541e+00	-8.915891585e-03	1.198234784e-13
-1.180000000e-01	3.495710147e+00	-9.264353893e-03	5.949179570e-14
-1.190000000e-01	3.495719789e+00	-9.612815022e-03	1.394921339e-13
-1.200000000e-01	3.495729465e+00	-9.961274962e-03	6.658157062e-14
-1.210000000e-01	3.495739175e+00	-1.030973370e-02	2.774875412e-13
-1.220000000e-01	3.495748921e+00	-1.065819123e-02	1.002541227e-13
-1.230000000e-01	3.495758701e+00	-1.100664754e-02	2.422841668e-13
-1.240000000e-01	3.495768515e+00	-1.135510262e-02	8.196546212e-14
-1.250000000e-01	3.495778364e+00	-1.170355646e-02	1.153044516e-13
-1.260000000e-01	3.495788248e+00	-1.205200904e-02	9.948900807e-14
-1.270000000e-01	3.495798166e+00	-1.240046037e-02	8.705168046e-14
-1.280000000e-01	3.495808119e+00	-1.274891042e-02	1.206346213e-13
-1.290000000e-01	3.495818107e+00	-1.309735919e-02	5.205241313e-14
-1.300000000e-01	3.495828129e+00	-1.344580667e-02	1.728834004e-13
-1.310000000e-01	3.495838186e+00	-1.379425285e-02	1.165195329e-13
-1.320000000e-01	3.495848277e+00	-1.414269771e-02	2.376915221e-13
-1.330000000e-01	3.495858403e+00	-1.449114125e-02	7.988918722e-14
-1.340000000e-01	3.495868564e+00	-1.483958346e-02	1.222653993e-13
-1.350000000e-01	3.495878759e+00	-1.518802432e-02	4.110369252e-13
-1.360000000e-01	3.495888989e+00	-1.553646383e-02	5.865574703e-14
-1.370000000e-01	3.495899254e+00	-1.588490197e-02	7.928626852e-14
-1.380000000e-01	3.495909553e+00	-1.623333874e-02	1.793636767e-13
-1.390000000e-01	3.495919887e+00	-1.658177413e-02	9.665471832e-14
-1.400000000e-01	3.495930255e+00	-1.693020812e-02	1.491824157e-13
-1.410000000e-01	3.495940658e+00	-1.727864070e-02	3.970754205e-13
-1.420000000e-01	3.495951095e+00	-1.762707187e-02	1.872382820e-13
-1.430000000e-01	3.495961567e+00	-1.797550161e-02	1.424821059e-13
-1.440000000e-01	3.495972074e+00	-1.832392992e-02	1.536504144e-13
-1.450000000e-01	3.495982615e+00	-1.867235678e-02	1.326902313e-13
-1.460000000e-01	3.495993191e+00	-1.902078218e-02	1.266643324e-13
-1.470000000e-01	3.496003802e+00	-1.936920611e-02	2.396503258e-13
-1.480000000e-01	3.496014447e+00	-1.971762857e-02	7.892803411e-14
-1.490000000e-01	3.496025127e+00	-2.006604954e-02	1.533788277e-13
-1.500000000e-01	3.496035841e+00	-2.041446901e-02	1.604065963e-13
-1.510000000e-01	3.496046590e+00	-2.076288698e-02	2.210438429e-13
-1.520000000e-01	3.496057374e+00	-2.111130342e-02	2.360091048e-13
-1.530000000e-01	3.496068192e+00	-2.145971834e-02	1.245636590e-13
-1.540000000e-01	3.496079044e+00	-2.180813172e-02	1.131305822e-13
-1.550000000e-01	3.496089932e+00	-2.215654354e-02	1.021079304e-13
-1.560000000e-01	3.496100854e+00	-2.250495381e-02	1.847603257e-13
-1.570000000e-01	3.496111810e+00	-2.285336251e-02	3.621836112e-13
-1.580000000e-01	3.496122801e+00	-2.320176963e-02	1.289467527e-13
-1.590000000e-01	3.496133827e+00	-2.355017515e-02	1.382491597e-13
-1.600000000e-01	3.496144887e+00	-2.389857908e-02	1.341267048e-13
-1.610000000e-01	3.496155982e+00	-2.424698139e-02	7.759251739e-14
-1.620000000e-01	3.496167112e+00	-2.459538209e-02	2.485640591e-13
-1.630000000e-01	3.496178276e+00	-2.494378115e-02	2.274745110e-13
-1.640000000e-01	3.496189474e+00	-2.529217857e-02	1.124445477e-13
-1.650000000e-01	3.496200707e+00	-2.564057434e-02	1.032583813e-13
-1.660000000e-01	3.496211975e+00	-2.598896845e-02	1.588325662e-13
-1.670000000e-01	3.496223278e+00	-2.633736088e-02	1.124550705e-13
-1.680000000e-01	3.496234615e+00	-2.668575163e-02	1.031243612e-13
-1.690000000e-01	3.496245986e+00	-2.703414069e-02	1.051228200e-13
-1.700000000e-01	3.496257392e+00	-2.738252804e-02	2.295902561e-13
-1.710000000e-01	3.496268833e+00	-2.773091368e-02	1.142425426e-13
-1.720000000e-01	3.496280309e+00	-2.807929760e-02	9.372919394e-14
-1.730000000e-01	3.496291818e+00	-2.842767978e-02	1.081375464e-13
-1.740000000e-01	3.496303363e+00	-2.877606021e-02	2.454163503e-13
-1.750000000e-01	3.496314942e+00	-2.912443890e-02	1.376368519e-13
-1.760000000e-01	3.496326556e+00	-2.947281581e-02	1.876872330e-13
-1.770000000e-01	3.496338204e+00	-2.982119096e-02	1.189829698e-13
-1.780000000e-01	3.496349887e+00	-3.016956431e-02	1.283410133e-13
-1.790000000e-01	3.496361604e+00	-3.051793587e-02	6.788475911e-14
-1.800000000e-01	3.496373356e+00	-3.086630563e-02	9.048917015e-14
-1.810000000e-01	3.496385143e+00	-3.121467356e-02	5.162334117e-14
-1.820000000e-01	3.496396964e+00	-3.156303968e-02	2.140118671e-13
-1.830000000e-01	3.496408819e+00	-3.191140395e-02	2.109281458e-13
-1.840000000e-01	3.496420710e+00	-3.225976638e-02	1.084192329e-13
-1.850000000e-01	3.496432634e+00	-3.260812695e-02	1.239120808e-13
-1.860000000e-01	3.496444594e+00	-3.295648565e-02	8.617419240e-14
-1.870000000e-01	3.496456588e+00	-3.330484247e-02	3.175558479e-13
-1.880000000e-01	3.496468616e+00	-3.365319741e-02	1.438849040e-13
-1.890000000e-01	3.496480679e+00	-3.400155045e-02	4.266068630e-13
-1.900000000e-01	3.496492777e+00	-3.434990158e-02	9.210114719e-14
-1.910000000e-01	3.496504909e+00	-3.469825079e-02	1.880837408e-13
-1.920000000e-01	3.496517076e+00	-3.504659807e-02	1.012811261e-13
-1.930000000e-01	3.496529277e+00	-3.539494341e-02	1.532887949e-13
-1.940000000e-01	3.496541513e+00	-3.574328680e-02	1.371941454e-13
-1.950000000e-01	3.496553784e+00	-3.609162823e-02	2.091439772e-13
-1.960000000e-01	3.496566089e+00	-3.643996769e-02	9.393405368e-14
-1.970000000e-01	3.496578428e+00	-3.678830517e-02	6.201537272e-14
-1.980000000e-01	3.496590803e+00	-3.713664066e-02	5.086711874e-14
-1.990000000e-01	3.496603211e+00	-3.748497415e-02	1.450930248e-13
-2.000000000e-01	3.496615655e+00	-3.783330563e-02	7.070368842e-14
