# epsi_ci     Re(Lambda)      Im(Lambda)      Eq(det), R = 0.05 $\mu$m, $E_p$ = 0.600 eV, modo = 3, $\epsilon_\infty$ = 3.9, $\gamma_{DL}$ = 0.01 eV, solve_det_sinkz_vs_mu.py
0.000000000e+00	3.469948210e+00	3.090832044e-02	4.023963494e-13
-1.000000000e-03	3.469953622e+00	3.056201534e-02	9.408090440e-14
-2.000000000e-03	3.469959068e+00	3.021571022e-02	9.673848229e-14
-3.000000000e-03	3.469964549e+00	2.986940509e-02	1.256988703e-13
-4.000000000e-03	3.469970064e+00	2.952309995e-02	5.413453047e-14
-5.000000000e-03	3.469975614e+00	2.917679481e-02	1.333259175e-13
-6.000000000e-03	3.469981198e+00	2.883048970e-02	1.303024570e-13
-7.000000000e-03	3.469986817e+00	2.848418461e-02	1.429284409e-13
-8.000000000e-03	3.469992470e+00	2.813787956e-02	1.121916622e-13
-9.000000000e-03	3.469998158e+00	2.779157456e-02	2.454169090e-13
-1.000000000e-02	3.470003880e+00	2.744526962e-02	1.503444081e-13
-1.100000000e-02	3.470009636e+00	2.709896475e-02	1.030739242e-13
-1.200000000e-02	3.470015427e+00	2.675265995e-02	6.876863821e-14
-1.300000000e-02	3.470021252e+00	2.640635524e-02	9.912260241e-14
-1.400000000e-02	3.470027112e+00	2.606005064e-02	2.493872310e-13
-1.500000000e-02	3.470033007e+00	2.571374614e-02	1.200669244e-13
-1.600000000e-02	3.470038935e+00	2.536744176e-02	1.947692022e-13
-1.700000000e-02	3.470044899e+00	2.502113752e-02	1.881677780e-13
-1.800000000e-02	3.470050896e+00	2.467483341e-02	5.528703802e-13
-1.900000000e-02	3.470056929e+00	2.432852946e-02	1.139902264e-13
-2.000000000e-02	3.470062995e+00	2.398222566e-02	1.929993086e-13
-2.100000000e-02	3.470069096e+00	2.363592204e-02	1.586635724e-13
-2.200000000e-02	3.470075232e+00	2.328961860e-02	9.141527103e-14
-2.300000000e-02	3.470081402e+00	2.294331535e-02	1.684401252e-13
-2.400000000e-02	3.470087606e+00	2.259701230e-02	8.657008084e-14
-2.500000000e-02	3.470093845e+00	2.225070947e-02	1.912844680e-13
-2.600000000e-02	3.470100119e+00	2.190440686e-02	1.101261216e-13
-2.700000000e-02	3.470106426e+00	2.155810448e-02	1.126870491e-13
-2.800000000e-02	3.470112769e+00	2.121180234e-02	1.293577180e-13
-2.900000000e-02	3.470119146e+00	2.086550046e-02	1.715682568e-13
-3.000000000e-02	3.470125557e+00	2.051919884e-02	7.776747752e-14
-3.100000000e-02	3.470132003e+00	2.017289749e-02	8.740609318e-14
-3.200000000e-02	3.470138483e+00	1.982659643e-02	2.133457050e-13
-3.300000000e-02	3.470144997e+00	1.948029567e-02	1.491413566e-13
-3.400000000e-02	3.470151546e+00	1.913399521e-02	2.052454085e-13
-3.500000000e-02	3.470158130e+00	1.878769506e-02	9.414871675e-14
-3.600000000e-02	3.470164748e+00	1.844139524e-02	1.265564191e-13
-3.700000000e-02	3.470171400e+00	1.809509575e-02	1.558636486e-13
-3.800000000e-02	3.470178087e+00	1.774879661e-02	1.446243333e-13
-3.900000000e-02	3.470184809e+00	1.740249783e-02	1.053795249e-13
-4.000000000e-02	3.470191564e+00	1.705619941e-02	1.477669831e-13
-4.100000000e-02	3.470198355e+00	1.670990137e-02	5.527486473e-14
-4.200000000e-02	3.470205179e+00	1.636360372e-02	1.825849442e-13
-4.300000000e-02	3.470212039e+00	1.601730647e-02	6.212729580e-14
-4.400000000e-02	3.470218932e+00	1.567100962e-02	7.638334409e-14
-4.500000000e-02	3.470225860e+00	1.532471319e-02	1.985238360e-13
-4.600000000e-02	3.470232823e+00	1.497841718e-02	2.120174353e-13
-4.700000000e-02	3.470239820e+00	1.463212162e-02	1.467567052e-13
-4.800000000e-02	3.470246852e+00	1.428582650e-02	3.464773151e-13
-4.900000000e-02	3.470253918e+00	1.393953184e-02	1.674263439e-13
-5.000000000e-02	3.470261018e+00	1.359323766e-02	7.400519254e-14
-5.100000000e-02	3.470268153e+00	1.324694395e-02	7.305310211e-14
-5.200000000e-02	3.470275322e+00	1.290065073e-02	1.253983053e-13
-5.300000000e-02	3.470282526e+00	1.255435801e-02	2.599061389e-13
-5.400000000e-02	3.470289764e+00	1.220806580e-02	1.123146652e-13
-5.500000000e-02	3.470297037e+00	1.186177411e-02	1.024023606e-13
-5.600000000e-02	3.470304344e+00	1.151548295e-02	1.026532563e-13
-5.700000000e-02	3.470311685e+00	1.116919233e-02	4.885040927e-13
-5.800000000e-02	3.470319062e+00	1.082290227e-02	9.956641083e-14
-5.900000000e-02	3.470326472e+00	1.047661276e-02	1.406974951e-13
-6.000000000e-02	3.470333917e+00	1.013032383e-02	1.014457831e-13
-6.100000000e-02	3.470341396e+00	9.784035476e-03	4.956905005e-13
-6.200000000e-02	3.470348910e+00	9.437747717e-03	7.520115065e-14
-6.300000000e-02	3.470356459e+00	9.091460560e-03	3.047137703e-13
-6.400000000e-02	3.470364041e+00	8.745174016e-03	2.228639434e-13
-6.500000000e-02	3.470371659e+00	8.398888095e-03	1.487192979e-13
-6.600000000e-02	3.470379310e+00	8.052602807e-03	6.253686369e-14
-6.700000000e-02	3.470386996e+00	7.706318162e-03	1.380850065e-13
-6.800000000e-02	3.470394717e+00	7.360034172e-03	7.751736776e-14
-6.900000000e-02	3.470402472e+00	7.013750845e-03	6.662758735e-14
-7.000000000e-02	3.470410261e+00	6.667468193e-03	1.769896084e-13
-7.100000000e-02	3.470418085e+00	6.321186225e-03	1.279337360e-13
-7.200000000e-02	3.470425944e+00	5.974904952e-03	6.676296065e-14
-7.300000000e-02	3.470433837e+00	5.628624384e-03	1.673666401e-13
-7.400000000e-02	3.470441764e+00	5.282344531e-03	1.050739179e-13
-7.500000000e-02	3.470449726e+00	4.936065404e-03	1.583713985e-13
-7.600000000e-02	3.470457722e+00	4.589787013e-03	1.206298079e-13
-7.700000000e-02	3.470465752e+00	4.243509368e-03	1.090930172e-13
-7.800000000e-02	3.470473817e+00	3.897232479e-03	1.136940551e-13
-7.900000000e-02	3.470481917e+00	3.550956357e-03	1.105757618e-13
-8.000000000e-02	3.470490051e+00	3.204681012e-03	1.448952657e-13
-8.100000000e-02	3.470498219e+00	2.858406454e-03	1.603332057e-13
-8.200000000e-02	3.470506422e+00	2.512132693e-03	5.464129406e-13
-8.300000000e-02	3.470514659e+00	2.165859740e-03	1.223246631e-13
-8.400000000e-02	3.470522931e+00	1.819587605e-03	1.140365049e-13
-8.500000000e-02	3.470531237e+00	1.473316298e-03	1.628471352e-13
-8.600000000e-02	3.470539578e+00	1.127045829e-03	1.822178124e-13
-8.700000000e-02	3.470547953e+00	7.807762092e-04	5.707237494e-14
-8.800000000e-02	3.470556363e+00	4.345074482e-04	1.407034132e-13
-8.900000000e-02	3.470564807e+00	8.823955642e-05	2.240740487e-13
-9.000000000e-02	3.470573285e+00	-2.580274560e-04	1.667647584e-13
-9.100000000e-02	3.470581798e+00	-6.042935786e-04	1.575574703e-13
-9.200000000e-02	3.470590345e+00	-9.505588013e-04	1.034663866e-13
-9.300000000e-02	3.470598927e+00	-1.296823114e-03	1.055859453e-13
-9.400000000e-02	3.470607543e+00	-1.643086506e-03	4.611690580e-14
-9.500000000e-02	3.470616194e+00	-1.989348967e-03	8.560975474e-14
-9.600000000e-02	3.470624879e+00	-2.335610488e-03	7.195624280e-14
-9.700000000e-02	3.470633598e+00	-2.681871057e-03	1.022161581e-13
-9.800000000e-02	3.470642352e+00	-3.028130664e-03	3.390416545e-13
-9.900000000e-02	3.470651141e+00	-3.374389300e-03	8.810752936e-14
-1.000000000e-01	3.470659963e+00	-3.720646954e-03	1.578224888e-13
-1.010000000e-01	3.470668821e+00	-4.066903616e-03	1.605218562e-13
-1.020000000e-01	3.470677712e+00	-4.413159275e-03	3.080535808e-13
-1.030000000e-01	3.470686638e+00	-4.759413922e-03	1.232590082e-13
-1.040000000e-01	3.470695599e+00	-5.105667546e-03	1.702632706e-13
-1.050000000e-01	3.470704594e+00	-5.451920136e-03	1.121259437e-13
-1.060000000e-01	3.470713623e+00	-5.798171683e-03	5.347429853e-14
-1.070000000e-01	3.470722687e+00	-6.144422176e-03	9.632187727e-14
-1.080000000e-01	3.470731786e+00	-6.490671605e-03	1.242563276e-13
-1.090000000e-01	3.470740918e+00	-6.836919960e-03	8.435490687e-14
-1.100000000e-01	3.470750086e+00	-7.183167231e-03	1.362090387e-13
-1.110000000e-01	3.470759287e+00	-7.529413406e-03	2.688396515e-13
-1.120000000e-01	3.470768523e+00	-7.875658477e-03	1.157874794e-13
-1.130000000e-01	3.470777794e+00	-8.221902433e-03	1.289501102e-13
-1.140000000e-01	3.470787099e+00	-8.568145263e-03	2.409200399e-13
-1.150000000e-01	3.470796438e+00	-8.914386957e-03	1.075952756e-13
-1.160000000e-01	3.470805812e+00	-9.260627505e-03	6.970794995e-14
-1.170000000e-01	3.470815220e+00	-9.606866898e-03	1.243904821e-13
-1.180000000e-01	3.470824662e+00	-9.953105123e-03	2.524834202e-13
-1.190000000e-01	3.470834140e+00	-1.029934217e-02	4.578764887e-14
-1.200000000e-01	3.470843651e+00	-1.064557803e-02	1.581386434e-13
-1.210000000e-01	3.470853197e+00	-1.099181270e-02	7.502750516e-14
-1.220000000e-01	3.470862777e+00	-1.133804616e-02	1.036942510e-13
-1.230000000e-01	3.470872392e+00	-1.168427840e-02	9.398023149e-14
-1.240000000e-01	3.470882041e+00	-1.203050941e-02	1.697559050e-13
-1.250000000e-01	3.470891725e+00	-1.237673918e-02	1.127656537e-13
-1.260000000e-01	3.470901443e+00	-1.272296771e-02	1.007926598e-13
-1.270000000e-01	3.470911195e+00	-1.306919497e-02	8.165962048e-14
-1.280000000e-01	3.470920982e+00	-1.341542097e-02	6.072513999e-14
-1.290000000e-01	3.470930803e+00	-1.376164569e-02	3.123372550e-13
-1.300000000e-01	3.470940659e+00	-1.410786912e-02	1.585100292e-13
-1.310000000e-01	3.470950549e+00	-1.445409125e-02	2.495168884e-13
-1.320000000e-01	3.470960474e+00	-1.480031207e-02	4.633154361e-13
-1.330000000e-01	3.470970433e+00	-1.514653157e-02	6.561568358e-14
-1.340000000e-01	3.470980426e+00	-1.549274974e-02	1.218788253e-13
-1.350000000e-01	3.470990454e+00	-1.583896657e-02	1.614067266e-13
-1.360000000e-01	3.471000516e+00	-1.618518205e-02	1.452443305e-13
-1.370000000e-01	3.471010613e+00	-1.653139616e-02	1.585582339e-13
-1.380000000e-01	3.471020744e+00	-1.687760891e-02	1.434319207e-13
-1.390000000e-01	3.471030910e+00	-1.722382027e-02	4.504650263e-13
-1.400000000e-01	3.471041110e+00	-1.757003025e-02	8.650995730e-14
-1.410000000e-01	3.471051344e+00	-1.791623882e-02	1.096473818e-13
-1.420000000e-01	3.471061613e+00	-1.826244598e-02	4.343228798e-13
-1.430000000e-01	3.471071916e+00	-1.860865171e-02	8.867290900e-14
-1.440000000e-01	3.471082253e+00	-1.895485601e-02	1.016227713e-13
-1.450000000e-01	3.471092625e+00	-1.930105887e-02	7.666369345e-14
-1.460000000e-01	3.471103032e+00	-1.964726028e-02	9.607535469e-14
-1.470000000e-01	3.471113472e+00	-1.999346023e-02	1.265339159e-13
-1.480000000e-01	3.471123948e+00	-2.033965870e-02	1.939283478e-13
-1.490000000e-01	3.471134457e+00	-2.068585568e-02	8.482983031e-14
-1.500000000e-01	3.471145001e+00	-2.103205117e-02	5.715179684e-14
-1.510000000e-01	3.471155580e+00	-2.137824516e-02	1.034089760e-13
-1.520000000e-01	3.471166193e+00	-2.172443764e-02	8.606462922e-14
-1.530000000e-01	3.471176840e+00	-2.207062858e-02	8.562929307e-14
-1.540000000e-01	3.471187521e+00	-2.241681800e-02	1.248080312e-13
-1.550000000e-01	3.471198237e+00	-2.276300587e-02	7.528924869e-14
-1.560000000e-01	3.471208988e+00	-2.310919218e-02	6.877650182e-14
-1.570000000e-01	3.471219773e+00	-2.345537693e-02	1.365935321e-13
-1.580000000e-01	3.471230592e+00	-2.380156010e-02	3.904709147e-13
-1.590000000e-01	3.471241446e+00	-2.414774168e-02	9.571976958e-14
-1.600000000e-01	3.471252334e+00	-2.449392167e-02	7.884186099e-14
-1.610000000e-01	3.471263256e+00	-2.484010005e-02	1.196538197e-13
-1.620000000e-01	3.471274213e+00	-2.518627682e-02	4.034155275e-13
-1.630000000e-01	3.471285204e+00	-2.553245196e-02	1.480383221e-13
-1.640000000e-01	3.471296230e+00	-2.587862546e-02	1.356043691e-13
-1.650000000e-01	3.471307290e+00	-2.622479731e-02	2.076044920e-13
-1.660000000e-01	3.471318384e+00	-2.657096751e-02	1.237521737e-13
-1.670000000e-01	3.471329513e+00	-2.691713604e-02	1.386305843e-13
-1.680000000e-01	3.471340676e+00	-2.726330289e-02	8.942086642e-14
-1.690000000e-01	3.471351874e+00	-2.760946805e-02	2.876067406e-13
-1.700000000e-01	3.471363106e+00	-2.795563151e-02	2.686813351e-13
-1.710000000e-01	3.471374373e+00	-2.830179327e-02	3.387717444e-13
-1.720000000e-01	3.471385673e+00	-2.864795330e-02	1.936320941e-13
-1.730000000e-01	3.471397009e+00	-2.899411161e-02	9.594183550e-14
-1.740000000e-01	3.471408378e+00	-2.934026817e-02	1.631059701e-13
-1.750000000e-01	3.471419782e+00	-2.968642299e-02	1.063077244e-13
-1.760000000e-01	3.471431220e+00	-3.003257605e-02	1.531483347e-13
-1.770000000e-01	3.471442693e+00	-3.037872733e-02	2.087616389e-13
-1.780000000e-01	3.471454200e+00	-3.072487684e-02	1.559404970e-13
-1.790000000e-01	3.471465742e+00	-3.107102455e-02	4.396024626e-13
-1.800000000e-01	3.471477318e+00	-3.141717047e-02	1.850845342e-13
-1.810000000e-01	3.471488928e+00	-3.176331457e-02	1.335151551e-13
-1.820000000e-01	3.471500573e+00	-3.210945686e-02	9.399203467e-14
-1.830000000e-01	3.471512252e+00	-3.245559731e-02	2.332589143e-13
-1.840000000e-01	3.471523965e+00	-3.280173592e-02	1.060174051e-13
-1.850000000e-01	3.471535713e+00	-3.314787268e-02	6.489412655e-14
-1.860000000e-01	3.471547495e+00	-3.349400757e-02	2.034340631e-13
-1.870000000e-01	3.471559312e+00	-3.384014060e-02	1.959325670e-13
-1.880000000e-01	3.471571163e+00	-3.418627174e-02	6.286058843e-14
-1.890000000e-01	3.471583048e+00	-3.453240099e-02	1.966450702e-13
-1.900000000e-01	3.471594967e+00	-3.487852833e-02	1.505881562e-13
-1.910000000e-01	3.471606922e+00	-3.522465376e-02	6.901529602e-13
-1.920000000e-01	3.471618910e+00	-3.557077727e-02	1.790459326e-13
-1.930000000e-01	3.471630933e+00	-3.591689885e-02	8.029177126e-14
-1.940000000e-01	3.471642990e+00	-3.626301848e-02	1.768359456e-13
-1.950000000e-01	3.471655081e+00	-3.660913616e-02	2.170875266e-13
-1.960000000e-01	3.471667207e+00	-3.695525187e-02	2.321758794e-13
-1.970000000e-01	3.471679368e+00	-3.730136561e-02	1.318773456e-13
-1.980000000e-01	3.471691562e+00	-3.764747737e-02	1.102643751e-13
-1.990000000e-01	3.471703791e+00	-3.799358713e-02	2.415273796e-13
-2.000000000e-01	3.471716055e+00	-3.833969489e-02	1.510588884e-13
