# epsi_ci     Re(Lambda)      Im(Lambda)      Eq(det), R = 0.5 $\mu$m, $E_p$ = 0.600 eV, modo = 2, $\epsilon_\infty$ = 3.9, $\gamma_{DL}$ = 0.01 eV, solve_det_sinkz_vs_mu.py
0.000000000e+00	4.589070368e+00	8.489873154e-02	1.636296357e-02
-1.000000000e-03	4.588920154e+00	8.442695227e-02	1.639951193e-02
-2.000000000e-03	4.588926798e+00	8.396097479e-02	1.643695655e-02
-3.000000000e-03	4.588933476e+00	8.349499468e-02	1.647439476e-02
-4.000000000e-03	4.588940188e+00	8.302901197e-02	1.651182654e-02
-5.000000000e-03	4.588946935e+00	8.256302665e-02	1.654925190e-02
-6.000000000e-03	4.588953714e+00	8.209703870e-02	1.658667082e-02
-7.000000000e-03	4.588960521e+00	8.163104788e-02	1.662408331e-02
-8.000000000e-03	4.588967377e+00	8.116505509e-02	1.666148935e-02
-9.000000000e-03	4.588972886e+00	8.069900731e-02	1.669888901e-02
-1.000000000e-02	4.588981179e+00	8.023306130e-02	1.673628209e-02
-1.100000000e-02	4.589061062e+00	7.976984135e-02	1.677385897e-02
-1.200000000e-02	4.588995117e+00	7.930105733e-02	1.681104898e-02
-1.300000000e-02	4.589002136e+00	7.883505150e-02	1.684842272e-02
-1.400000000e-02	4.589009190e+00	7.836904320e-02	1.688578999e-02
-1.500000000e-02	4.589016274e+00	7.790303222e-02	1.692315077e-02
-1.600000000e-02	4.589023400e+00	7.743701908e-02	1.696050507e-02
-1.700000000e-02	4.589030509e+00	7.697100145e-02	1.699785287e-02
-1.800000000e-02	4.589037747e+00	7.650498504e-02	1.703519417e-02
-1.900000000e-02	4.589044974e+00	7.603896440e-02	1.707252897e-02
-2.000000000e-02	4.589052155e+00	7.557293818e-02	1.710985726e-02
-2.100000000e-02	4.589059527e+00	7.510691568e-02	1.714717903e-02
-2.200000000e-02	4.589059687e+00	7.464060635e-02	1.718449608e-02
-2.300000000e-02	4.589074217e+00	7.417485724e-02	1.722180301e-02
-2.400000000e-02	4.589105974e+00	7.370978537e-02	1.725912580e-02
-2.500000000e-02	4.589089045e+00	7.324278919e-02	1.729640086e-02
-2.600000000e-02	4.589135948e+00	7.277831537e-02	1.733374373e-02
-2.700000000e-02	4.589108617e+00	7.231089479e-02	1.737097327e-02
-2.800000000e-02	4.589111541e+00	7.184466921e-02	1.740824854e-02
-2.900000000e-02	4.589119110e+00	7.137862453e-02	1.744551799e-02
-3.000000000e-02	4.589126714e+00	7.091257759e-02	1.748278088e-02
-3.100000000e-02	4.589134349e+00	7.044652816e-02	1.752003719e-02
-3.200000000e-02	4.589142021e+00	6.998047650e-02	1.755728693e-02
-3.300000000e-02	4.589059387e+00	6.951077622e-02	1.759480763e-02
-3.400000000e-02	4.589157463e+00	6.904836613e-02	1.763176665e-02
-3.500000000e-02	4.589165239e+00	6.858230765e-02	1.766899663e-02
-3.600000000e-02	4.589173047e+00	6.811624678e-02	1.770622001e-02
-3.700000000e-02	4.589180890e+00	6.765018365e-02	1.774343678e-02
-3.800000000e-02	4.589188767e+00	6.718411830e-02	1.778064695e-02
-3.900000000e-02	4.589196677e+00	6.671805062e-02	1.781785050e-02
-4.000000000e-02	4.589204623e+00	6.625198079e-02	1.785504743e-02
-4.100000000e-02	4.589212603e+00	6.578590870e-02	1.789223774e-02
-4.200000000e-02	4.589220618e+00	6.531983441e-02	1.792942141e-02
-4.300000000e-02	4.589228667e+00	6.485375796e-02	1.796659846e-02
-4.400000000e-02	4.589236749e+00	6.438767922e-02	1.800376886e-02
-4.500000000e-02	4.589244868e+00	6.392159838e-02	1.804093261e-02
-4.600000000e-02	4.589253019e+00	6.345551529e-02	1.807808971e-02
-4.700000000e-02	4.589261205e+00	6.298943011e-02	1.811524015e-02
-4.800000000e-02	4.589269425e+00	6.252334271e-02	1.815238393e-02
-4.900000000e-02	4.589277680e+00	6.205725324e-02	1.818952105e-02
-5.000000000e-02	4.589285970e+00	6.159116161e-02	1.822665149e-02
-5.100000000e-02	4.589294294e+00	6.112506787e-02	1.826377525e-02
-5.200000000e-02	4.589302611e+00	6.065897030e-02	1.830089232e-02
-5.300000000e-02	4.589311046e+00	6.019287414e-02	1.833800271e-02
-5.400000000e-02	4.589319474e+00	5.972677413e-02	1.837510640e-02
-5.500000000e-02	4.589327933e+00	5.926067193e-02	1.841220339e-02
-5.600000000e-02	4.589336430e+00	5.879456780e-02	1.844929368e-02
-5.700000000e-02	4.589344960e+00	5.832846155e-02	1.848637725e-02
-5.800000000e-02	4.589351467e+00	5.786226503e-02	1.852345425e-02
-5.900000000e-02	4.589362124e+00	5.739624297e-02	1.856052425e-02
-6.000000000e-02	4.589370758e+00	5.693013066e-02	1.859758766e-02
-6.100000000e-02	4.589379426e+00	5.646401634e-02	1.863464434e-02
-6.200000000e-02	4.589388129e+00	5.599790000e-02	1.867169428e-02
-6.300000000e-02	4.589406887e+00	5.553221671e-02	1.870874068e-02
-6.400000000e-02	4.589405639e+00	5.506566142e-02	1.874577392e-02
-6.500000000e-02	4.589414445e+00	5.459953915e-02	1.878280362e-02
-6.600000000e-02	4.589423285e+00	5.413341492e-02	1.881982656e-02
-6.700000000e-02	4.589432163e+00	5.366728884e-02	1.885684273e-02
-6.800000000e-02	4.589441071e+00	5.320116068e-02	1.889385214e-02
-6.900000000e-02	4.589450016e+00	5.273503067e-02	1.893085477e-02
-7.000000000e-02	4.589458993e+00	5.226889864e-02	1.896785062e-02
-7.100000000e-02	4.589468007e+00	5.180276482e-02	1.900483969e-02
-7.200000000e-02	4.589477055e+00	5.133662910e-02	1.904182196e-02
-7.300000000e-02	4.589472549e+00	5.086988779e-02	1.907880322e-02
-7.400000000e-02	4.589495254e+00	5.040435197e-02	1.911576613e-02
-7.500000000e-02	4.589504406e+00	4.993821061e-02	1.915272800e-02
-7.600000000e-02	4.589518355e+00	4.947228048e-02	1.918968377e-02
-7.700000000e-02	4.589522811e+00	4.900592231e-02	1.922663131e-02
-7.800000000e-02	4.589532071e+00	4.853977564e-02	1.926357274e-02
-7.900000000e-02	4.589541358e+00	4.807362684e-02	1.930050734e-02
-8.000000000e-02	4.589862438e+00	4.762154876e-02	1.934043815e-02
-8.100000000e-02	4.589560041e+00	4.714132402e-02	1.937435604e-02
-8.200000000e-02	4.589569324e+00	4.667516493e-02	1.941127013e-02
-8.300000000e-02	4.589578861e+00	4.620901402e-02	1.944817737e-02
-8.400000000e-02	4.589588324e+00	4.574285642e-02	1.948507776e-02
-8.500000000e-02	4.589406367e+00	4.526795780e-02	1.952308998e-02
-8.600000000e-02	4.589607354e+00	4.481053593e-02	1.955885796e-02
-8.700000000e-02	4.589616920e+00	4.434437309e-02	1.959573777e-02
-8.800000000e-02	4.589626524e+00	4.387820864e-02	1.963261069e-02
-8.900000000e-02	4.589636158e+00	4.341204227e-02	1.966947675e-02
-9.000000000e-02	4.589645827e+00	4.294587423e-02	1.970633591e-02
-9.100000000e-02	4.589655533e+00	4.247970460e-02	1.974318819e-02
-9.200000000e-02	4.589665273e+00	4.201353327e-02	1.978003358e-02
-9.300000000e-02	4.589675048e+00	4.154736030e-02	1.981687206e-02
-9.400000000e-02	4.589684857e+00	4.108118566e-02	1.985370365e-02
-9.500000000e-02	4.589694699e+00	4.061500925e-02	1.989052832e-02
-9.600000000e-02	4.589704577e+00	4.014883127e-02	1.992734608e-02
-9.700000000e-02	4.589715506e+00	3.968269935e-02	1.996415695e-02
-9.800000000e-02	4.589724438e+00	3.921647056e-02	2.000096084e-02
-9.900000000e-02	4.589734421e+00	3.875028779e-02	2.003775783e-02
-1.000000000e-01	4.589744430e+00	3.828410301e-02	2.007454788e-02
-1.010000000e-01	4.589754490e+00	3.781791745e-02	2.011133100e-02
-1.020000000e-01	4.589764577e+00	3.735172994e-02	2.014810717e-02
-1.030000000e-01	4.589784838e+00	3.688602226e-02	2.018487942e-02
-1.040000000e-01	4.589784854e+00	3.641935022e-02	2.022163865e-02
-1.050000000e-01	4.589795043e+00	3.595315800e-02	2.025839396e-02
-1.060000000e-01	4.589805268e+00	3.548696429e-02	2.029514230e-02
-1.070000000e-01	4.589815546e+00	3.502076993e-02	2.033188368e-02
-1.080000000e-01	4.589825667e+00	3.455456483e-02	2.036861808e-02
-1.090000000e-01	4.589836153e+00	3.408837417e-02	2.040534549e-02
-1.100000000e-01	4.589846517e+00	3.362217443e-02	2.044206593e-02
-1.110000000e-01	4.589856184e+00	3.315593790e-02	2.047877939e-02
-1.120000000e-01	4.589867351e+00	3.268977068e-02	2.051548582e-02
-1.130000000e-01	4.589877818e+00	3.222356655e-02	2.055218527e-02
-1.140000000e-01	4.589888321e+00	3.175736101e-02	2.058887772e-02
-1.150000000e-01	4.589899020e+00	3.129116187e-02	2.062556316e-02
-1.160000000e-01	4.589909432e+00	3.082494570e-02	2.066224158e-02
-1.170000000e-01	4.589920039e+00	3.035873589e-02	2.069891298e-02
-1.180000000e-01	4.589930682e+00	2.989252471e-02	2.073557736e-02
-1.190000000e-01	4.589941359e+00	2.942631215e-02	2.077223471e-02
-1.200000000e-01	4.589952578e+00	2.896012318e-02	2.080888503e-02
-1.210000000e-01	4.589962818e+00	2.849388291e-02	2.084552829e-02
-1.220000000e-01	4.589973599e+00	2.802766622e-02	2.088216453e-02
-1.230000000e-01	4.589984414e+00	2.756144819e-02	2.091879371e-02
-1.240000000e-01	4.589995266e+00	2.709522886e-02	2.095541583e-02
-1.250000000e-01	4.590006152e+00	2.662900825e-02	2.099203090e-02
-1.260000000e-01	4.590017075e+00	2.616278634e-02	2.102863891e-02
-1.270000000e-01	4.590028034e+00	2.569656328e-02	2.106523984e-02
-1.280000000e-01	4.590039020e+00	2.523033849e-02	2.110183370e-02
-1.290000000e-01	4.590015943e+00	4.411443233e-02	4.676160684e-14
-1.300000000e-01	4.590026644e+00	4.368230116e-02	3.524362800e-14
-1.310000000e-01	4.590037378e+00	4.325016439e-02	3.092091350e-14
-1.320000000e-01	4.590048146e+00	4.281802202e-02	2.894760276e-14
-1.330000000e-01	4.590058948e+00	4.238587406e-02	2.771977820e-14
-1.340000000e-01	4.590069783e+00	4.195372052e-02	5.250289417e-14
-1.350000000e-01	4.590080653e+00	4.152156140e-02	4.004257973e-14
-1.360000000e-01	4.590091555e+00	4.108939670e-02	2.989218842e-14
-1.370000000e-01	4.590102492e+00	4.065722644e-02	4.250259416e-14
-1.380000000e-01	4.590113462e+00	4.022505062e-02	3.218322250e-14
-1.390000000e-01	4.590124466e+00	3.979286924e-02	5.190371409e-14
-1.400000000e-01	4.590135504e+00	3.936068232e-02	4.138400254e-14
-1.410000000e-01	4.590146575e+00	3.892848984e-02	4.962251873e-14
-1.420000000e-01	4.590157681e+00	3.849629183e-02	1.796623759e-14
-1.430000000e-01	4.590168820e+00	3.806408829e-02	3.881921671e-14
-1.440000000e-01	4.590179992e+00	3.763187922e-02	4.496568141e-14
-1.450000000e-01	4.590191199e+00	3.719966463e-02	3.170175234e-14
-1.460000000e-01	4.590202439e+00	3.676744452e-02	4.110441806e-14
-1.470000000e-01	4.590213713e+00	3.633521890e-02	3.859590749e-14
-1.480000000e-01	4.590225021e+00	3.590298778e-02	4.899393048e-14
-1.490000000e-01	4.590236362e+00	3.547075116e-02	3.851213594e-14
-1.500000000e-01	4.590247738e+00	3.503850904e-02	2.560242584e-14
-1.510000000e-01	4.590259147e+00	3.460626144e-02	2.422181887e-14
-1.520000000e-01	4.590270590e+00	3.417400836e-02	4.907223887e-14
-1.530000000e-01	4.590282066e+00	3.374174980e-02	2.623215045e-14
-1.540000000e-01	4.590293577e+00	3.330948577e-02	4.520306366e-14
-1.550000000e-01	4.590305121e+00	3.287721628e-02	3.712774806e-14
-1.560000000e-01	4.590316699e+00	3.244494133e-02	3.743358090e-14
-1.570000000e-01	4.590328311e+00	3.201266093e-02	3.653127944e-14
-1.580000000e-01	4.590339957e+00	3.158037508e-02	4.399728648e-14
-1.590000000e-01	4.590351636e+00	3.114808379e-02	4.297308381e-14
-1.600000000e-01	4.590363350e+00	3.071578706e-02	3.134344760e-14
-1.610000000e-01	4.590375097e+00	3.028348491e-02	4.374050698e-14
-1.620000000e-01	4.590386878e+00	2.985117733e-02	4.185070314e-14
-1.630000000e-01	4.590398693e+00	2.941886434e-02	4.085193370e-14
-1.640000000e-01	4.590410542e+00	2.898654593e-02	3.269977458e-14
-1.650000000e-01	4.590422425e+00	2.855422211e-02	2.378870540e-14
-1.660000000e-01	4.590434341e+00	2.812189290e-02	3.501593548e-14
-1.670000000e-01	4.590446291e+00	2.768955829e-02	5.544632851e-14
-1.680000000e-01	4.590458276e+00	2.725721829e-02	5.440254380e-14
-1.690000000e-01	4.590470294e+00	2.682487291e-02	5.271708709e-14
-1.700000000e-01	4.590482346e+00	2.639252216e-02	1.519275257e-14
-1.710000000e-01	4.590494432e+00	2.596016603e-02	5.743786801e-14
-1.720000000e-01	4.590506551e+00	2.552780454e-02	4.060792024e-14
-1.730000000e-01	4.590518705e+00	2.509543768e-02	5.783498717e-14
-1.740000000e-01	4.590530893e+00	2.466306548e-02	2.698040755e-14
-1.750000000e-01	4.590543114e+00	2.423068793e-02	2.852389154e-14
-1.760000000e-01	4.590555370e+00	2.379830503e-02	3.428285869e-14
-1.770000000e-01	4.590567659e+00	2.336591680e-02	2.137006864e-14
-1.780000000e-01	4.590579982e+00	2.293352324e-02	5.230494334e-14
-1.790000000e-01	4.590592339e+00	2.250112435e-02	2.667399380e-14
-1.800000000e-01	4.590604730e+00	2.206872015e-02	4.064430817e-14
-1.810000000e-01	4.590617155e+00	2.163631063e-02	2.350069571e-14
-1.820000000e-01	4.590629614e+00	2.120389581e-02	3.797330545e-14
-1.830000000e-01	4.590642107e+00	2.077147569e-02	4.236512223e-14
-1.840000000e-01	4.590654634e+00	2.033905027e-02	3.737145009e-14
-1.850000000e-01	4.590667195e+00	1.990661957e-02	2.202589908e-14
-1.860000000e-01	4.590679790e+00	1.947418358e-02	4.927263598e-14
-1.870000000e-01	4.590692419e+00	1.904174231e-02	1.958313781e-14
-1.880000000e-01	4.590705081e+00	1.860929578e-02	2.501911669e-14
-1.890000000e-01	4.590717778e+00	1.817684398e-02	4.131118928e-14
-1.900000000e-01	4.590730509e+00	1.774438692e-02	3.222683789e-14
-1.910000000e-01	4.590743273e+00	1.731192460e-02	3.140306487e-14
-1.920000000e-01	4.590756072e+00	1.687945704e-02	4.829037966e-14
-1.930000000e-01	4.590768905e+00	1.644698424e-02	4.740135203e-14
-1.940000000e-01	4.590781771e+00	1.601450621e-02	4.914464689e-14
-1.950000000e-01	4.590794672e+00	1.558202294e-02	4.205555725e-14
-1.960000000e-01	4.590807607e+00	1.514953445e-02	2.968109419e-14
-1.970000000e-01	4.590820576e+00	1.471704074e-02	3.079380075e-14
-1.980000000e-01	4.590833578e+00	1.428454183e-02	3.706078258e-14
-1.990000000e-01	4.590846615e+00	1.385203770e-02	3.576162812e-14
-2.000000000e-01	4.590859686e+00	1.341952838e-02	5.265403901e-14
-2.010000000e-01	4.590872791e+00	1.298701387e-02	2.171754236e-14
-2.020000000e-01	4.590885930e+00	1.255449417e-02	5.489970131e-14
-2.030000000e-01	4.590899102e+00	1.212196928e-02	2.113744007e-14
-2.040000000e-01	4.590912309e+00	1.168943922e-02	3.333542529e-14
-2.050000000e-01	4.590925550e+00	1.125690400e-02	3.377349224e-14
-2.060000000e-01	4.590938826e+00	1.082436360e-02	2.876458999e-14
-2.070000000e-01	4.590952135e+00	1.039181806e-02	3.822327096e-14
-2.080000000e-01	4.590965478e+00	9.959267357e-03	3.622680823e-14
-2.090000000e-01	4.590978855e+00	9.526711512e-03	4.865514059e-14
-2.100000000e-01	4.590992267e+00	9.094150529e-03	5.159881422e-14
-2.110000000e-01	4.591005712e+00	8.661584412e-03	4.342894472e-14
-2.120000000e-01	4.591019192e+00	8.229013169e-03	3.186362898e-14
-2.130000000e-01	4.591032705e+00	7.796436804e-03	4.600952780e-14
-2.140000000e-01	4.591046253e+00	7.363855325e-03	5.270808485e-14
-2.150000000e-01	4.591059835e+00	6.931268738e-03	3.577912398e-14
-2.160000000e-01	4.591073451e+00	6.498677047e-03	5.342903147e-14
-2.170000000e-01	4.591087101e+00	6.066080260e-03	3.905010305e-14
-2.180000000e-01	4.591100785e+00	5.633478383e-03	3.405424174e-14
-2.190000000e-01	4.591114504e+00	5.200871421e-03	3.848975380e-14
-2.200000000e-01	4.591128256e+00	4.768259381e-03	3.871664516e-14
-2.210000000e-01	4.591142043e+00	4.335642269e-03	5.695041786e-14
-2.220000000e-01	4.591155864e+00	3.903020090e-03	2.812632796e-14
-2.230000000e-01	4.591169719e+00	3.470392852e-03	4.381395589e-14
-2.240000000e-01	4.591183608e+00	3.037760560e-03	3.674450034e-14
-2.250000000e-01	4.591197531e+00	2.605123220e-03	4.835031234e-14
-2.260000000e-01	4.591211488e+00	2.172480838e-03	3.679617815e-14
-2.270000000e-01	4.591225480e+00	1.739833422e-03	3.383619727e-14
-2.280000000e-01	4.591239506e+00	1.307180975e-03	3.896234473e-14
-2.290000000e-01	4.591253566e+00	8.745235058e-04	2.482416147e-14
-2.300000000e-01	4.591267660e+00	4.418610193e-04	3.886401726e-14
-2.310000000e-01	4.591281788e+00	9.193521949e-06	2.608383148e-14
-2.330000000e-01	4.591310147e+00	-8.561564808e-04	3.449593401e-14
-2.340000000e-01	4.591324378e+00	-1.288838974e-03	2.708827023e-14
-2.350000000e-01	4.591338643e+00	-1.721526453e-03	1.724782245e-14
-2.360000000e-01	4.591352943e+00	-2.154218912e-03	3.168224207e-14
-2.370000000e-01	4.591367276e+00	-2.586916345e-03	6.193984138e-14
-2.380000000e-01	4.591381644e+00	-3.019618746e-03	3.796755603e-14
-2.390000000e-01	4.591396046e+00	-3.452326108e-03	3.546107562e-14
-2.400000000e-01	4.591410482e+00	-3.885038426e-03	3.847345387e-14
-2.410000000e-01	4.591424953e+00	-4.317755692e-03	5.528144373e-14
-2.420000000e-01	4.591439457e+00	-4.750477902e-03	4.381714635e-14
-2.430000000e-01	4.591453996e+00	-5.183205048e-03	4.435645195e-14
-2.440000000e-01	4.591468569e+00	-5.615937124e-03	2.243991994e-14
-2.450000000e-01	4.591483177e+00	-6.048674125e-03	3.594781471e-14
-2.460000000e-01	4.591497819e+00	-6.481416044e-03	3.099071799e-14
-2.470000000e-01	4.591512495e+00	-6.914162874e-03	3.337297765e-14
-2.480000000e-01	4.591527205e+00	-7.346914610e-03	4.801482829e-14
-2.490000000e-01	4.591541949e+00	-7.779671245e-03	5.669930368e-14
-2.500000000e-01	4.591556728e+00	-8.212432773e-03	1.429870203e-14
-2.510000000e-01	4.591571541e+00	-8.645199188e-03	3.812053074e-14
-2.520000000e-01	4.591586389e+00	-9.077970483e-03	3.781523357e-14
-2.530000000e-01	4.591601270e+00	-9.510746653e-03	3.261124407e-14
-2.540000000e-01	4.591616186e+00	-9.943527690e-03	3.287922763e-14
-2.550000000e-01	4.591631137e+00	-1.037631359e-02	4.019801516e-14
-2.560000000e-01	4.591646121e+00	-1.080910434e-02	4.998861117e-14
-2.570000000e-01	4.591661140e+00	-1.124189995e-02	3.845597074e-14
-2.580000000e-01	4.591676194e+00	-1.167470039e-02	3.135213845e-14
-2.590000000e-01	4.591691281e+00	-1.210750568e-02	3.629917156e-14
-2.600000000e-01	4.591706403e+00	-1.254031579e-02	2.916876492e-14
-2.610000000e-01	4.591721559e+00	-1.297313073e-02	4.869293150e-14
-2.620000000e-01	4.591736750e+00	-1.340595048e-02	5.683604925e-14
-2.630000000e-01	4.591751975e+00	-1.383877505e-02	3.938567388e-14
-2.640000000e-01	4.591767234e+00	-1.427160442e-02	4.420130929e-14
-2.650000000e-01	4.591782528e+00	-1.470443859e-02	1.402743723e-14
-2.660000000e-01	4.591797856e+00	-1.513727755e-02	4.713752120e-14
-2.670000000e-01	4.591813218e+00	-1.557012130e-02	3.803321815e-14
-2.680000000e-01	4.591828615e+00	-1.600296982e-02	3.474744843e-14
-2.690000000e-01	4.591844046e+00	-1.643582312e-02	3.240765437e-14
-2.700000000e-01	4.591859512e+00	-1.686868119e-02	2.951927248e-14
-2.710000000e-01	4.591875012e+00	-1.730154402e-02	4.274242059e-14
-2.720000000e-01	4.591890546e+00	-1.773441160e-02	4.855074654e-14
-2.730000000e-01	4.591906115e+00	-1.816728393e-02	3.521430958e-14
-2.740000000e-01	4.591921718e+00	-1.860016100e-02	3.771606809e-14
-2.750000000e-01	4.591937355e+00	-1.903304281e-02	3.040270460e-14
-2.760000000e-01	4.591953027e+00	-1.946592934e-02	3.748289356e-14
-2.770000000e-01	4.591968734e+00	-1.989882060e-02	3.696092987e-14
-2.780000000e-01	4.591984474e+00	-2.033171657e-02	5.283962415e-14
-2.790000000e-01	4.592000250e+00	-2.076461726e-02	2.237307510e-14
-2.800000000e-01	4.592016059e+00	-2.119752264e-02	3.844189934e-14
-2.810000000e-01	4.592031903e+00	-2.163043272e-02	5.220426637e-14
-2.820000000e-01	4.592047782e+00	-2.206334750e-02	5.641421161e-14
-2.830000000e-01	4.592063695e+00	-2.249626695e-02	1.447813705e-14
-2.840000000e-01	4.592079642e+00	-2.292919109e-02	6.116447886e-14
-2.850000000e-01	4.592095624e+00	-2.336211989e-02	3.867804415e-14
-2.860000000e-01	4.592111640e+00	-2.379505336e-02	3.340910734e-14
-2.870000000e-01	4.592127691e+00	-2.422799149e-02	2.681036791e-14
-2.880000000e-01	4.592143776e+00	-2.466093427e-02	4.034794240e-14
-2.890000000e-01	4.592159896e+00	-2.509388169e-02	4.498536695e-14
-2.900000000e-01	4.592176050e+00	-2.552683375e-02	4.664925142e-14
-2.910000000e-01	4.592192239e+00	-2.595979045e-02	3.283433826e-14
-2.920000000e-01	4.592208462e+00	-2.639275177e-02	3.814246364e-14
-2.930000000e-01	4.592224720e+00	-2.682571771e-02	4.215149560e-14
-2.940000000e-01	4.592241012e+00	-2.725868826e-02	4.782390160e-14
-2.950000000e-01	4.592257339e+00	-2.769166342e-02	4.115281138e-14
-2.960000000e-01	4.592273700e+00	-2.812464318e-02	1.595692681e-14
-2.970000000e-01	4.592290096e+00	-2.855762753e-02	3.719404664e-14
-2.980000000e-01	4.592306526e+00	-2.899061647e-02	3.269562781e-14
-2.990000000e-01	4.592322991e+00	-2.942360999e-02	4.035212314e-14
-3.000000000e-01	4.592339490e+00	-2.985660809e-02	3.178582834e-14
