# epsi_ci     Re(Lambda)      Im(Lambda)      Eq(det), R = 0.5 $\mu$m, $E_p$ = 0.600 eV, modo = 2, $\epsilon_\infty$ = 3.9, $\gamma_{DL}$ = 0.01 eV, solve_det_sinkz_vs_mu.py
0.000000000e+00	4.595711619e+00	8.514472275e-02	1.678439372e-02
-1.000000000e-03	4.594921824e+00	8.464983881e-02	1.679775232e-02
-2.000000000e-03	4.594928627e+00	8.418447572e-02	1.683448425e-02
-3.000000000e-03	4.594935463e+00	8.371911002e-02	1.687120980e-02
-4.000000000e-03	4.594942336e+00	8.325374183e-02	1.690792896e-02
-5.000000000e-03	4.594949239e+00	8.278837092e-02	1.694464172e-02
-6.000000000e-03	4.594956251e+00	8.232300029e-02	1.698134807e-02
-7.000000000e-03	4.594836187e+00	8.185282634e-02	1.701863048e-02
-8.000000000e-03	4.594970162e+00	8.139224327e-02	1.705474155e-02
-9.000000000e-03	4.594977204e+00	8.092686231e-02	1.709142866e-02
-1.000000000e-02	4.594259067e+00	8.043386995e-02	1.714692046e-02
-1.100000000e-02	4.594991394e+00	7.999609304e-02	1.716478361e-02
-1.200000000e-02	4.594998541e+00	7.953070465e-02	1.720145143e-02
-1.300000000e-02	4.595005722e+00	7.906531382e-02	1.723811281e-02
-1.400000000e-02	4.595012937e+00	7.859992048e-02	1.727476774e-02
-1.500000000e-02	4.595020232e+00	7.813452646e-02	1.731141622e-02
-1.600000000e-02	4.595027429e+00	7.766912492e-02	1.734805824e-02
-1.700000000e-02	4.595034788e+00	7.720372587e-02	1.738469379e-02
-1.800000000e-02	4.595042142e+00	7.673832286e-02	1.742132288e-02
-1.900000000e-02	4.595438800e+00	7.628809341e-02	1.746329108e-02
-2.000000000e-02	4.595056951e+00	7.580750955e-02	1.749456162e-02
-2.100000000e-02	4.595064407e+00	7.534209930e-02	1.753117126e-02
-2.200000000e-02	4.595071898e+00	7.487668673e-02	1.756777441e-02
-2.300000000e-02	4.595079633e+00	7.441128003e-02	1.760437107e-02
-2.400000000e-02	4.595087622e+00	7.394587967e-02	1.764096124e-02
-2.500000000e-02	4.594313066e+00	7.344949530e-02	1.769868170e-02
-2.600000000e-02	4.595104727e+00	7.301511287e-02	1.771412222e-02
-2.700000000e-02	4.595109870e+00	7.254958853e-02	1.775069261e-02
-2.800000000e-02	4.595117569e+00	7.208416195e-02	1.778725670e-02
-2.900000000e-02	4.595125086e+00	7.161872445e-02	1.782381426e-02
-3.000000000e-02	4.595133069e+00	7.115330187e-02	1.786036528e-02
-3.100000000e-02	4.595140869e+00	7.068786834e-02	1.789690976e-02
-3.200000000e-02	4.595148703e+00	7.022243252e-02	1.793344770e-02
-3.300000000e-02	4.595156576e+00	6.975699463e-02	1.796997909e-02
-3.400000000e-02	4.595164480e+00	6.929155436e-02	1.800650391e-02
-3.500000000e-02	4.595172420e+00	6.882611190e-02	1.804302218e-02
-3.600000000e-02	4.595180397e+00	6.836066730e-02	1.807953388e-02
-3.700000000e-02	4.595188404e+00	6.789522033e-02	1.811603900e-02
-3.800000000e-02	4.595196449e+00	6.742977128e-02	1.815253755e-02
-3.900000000e-02	4.595204528e+00	6.696432000e-02	1.818902951e-02
-4.000000000e-02	4.595212639e+00	6.649886645e-02	1.822551488e-02
-4.100000000e-02	4.595211315e+00	6.603302047e-02	1.826199668e-02
-4.200000000e-02	4.595223918e+00	6.556774436e-02	1.829846669e-02
-4.300000000e-02	4.595237183e+00	6.510249300e-02	1.833493141e-02
-4.400000000e-02	4.596142047e+00	6.467425802e-02	1.839834468e-02
-4.500000000e-02	4.595253722e+00	6.417156675e-02	1.840784272e-02
-4.600000000e-02	4.595262041e+00	6.370610036e-02	1.844428844e-02
-4.700000000e-02	4.595270395e+00	6.324063189e-02	1.848072754e-02
-4.800000000e-02	4.595280787e+00	6.277524527e-02	1.851716014e-02
-4.900000000e-02	4.595287210e+00	6.230968876e-02	1.855358583e-02
-5.000000000e-02	4.595295668e+00	6.184421404e-02	1.859000502e-02
-5.100000000e-02	4.595304162e+00	6.137873727e-02	1.862641755e-02
-5.200000000e-02	4.595312693e+00	6.091325858e-02	1.866282343e-02
-5.300000000e-02	4.595321252e+00	6.044777758e-02	1.869922266e-02
-5.400000000e-02	4.595329953e+00	5.998229911e-02	1.873561522e-02
-5.500000000e-02	4.595338482e+00	5.951680981e-02	1.877200111e-02
-5.600000000e-02	4.595347148e+00	5.905132283e-02	1.880838032e-02
-5.700000000e-02	4.595355850e+00	5.858583397e-02	1.884475286e-02
-5.800000000e-02	4.595364590e+00	5.812034323e-02	1.888111871e-02
-5.900000000e-02	4.595373358e+00	5.765485020e-02	1.891747787e-02
-6.000000000e-02	4.595382163e+00	5.718935536e-02	1.895383033e-02
-6.100000000e-02	4.595390953e+00	5.672385637e-02	1.899017610e-02
-6.200000000e-02	4.595399877e+00	5.625835975e-02	1.902651515e-02
-6.300000000e-02	4.595408787e+00	5.579285906e-02	1.906284750e-02
-6.400000000e-02	4.595417731e+00	5.532735645e-02	1.909917312e-02
-6.500000000e-02	4.595426719e+00	5.486185232e-02	1.913549203e-02
-6.600000000e-02	4.595435724e+00	5.439634550e-02	1.917180421e-02
-6.700000000e-02	4.595444772e+00	5.393083717e-02	1.920810965e-02
-6.800000000e-02	4.595453855e+00	5.346532699e-02	1.924440836e-02
-6.900000000e-02	4.595462973e+00	5.299981490e-02	1.928070033e-02
-7.000000000e-02	4.595472114e+00	5.253430046e-02	1.931698554e-02
-7.100000000e-02	4.595481313e+00	5.206878522e-02	1.935326401e-02
-7.200000000e-02	4.595490536e+00	5.160326760e-02	1.938953571e-02
-7.300000000e-02	4.595499793e+00	5.113774818e-02	1.942580065e-02
-7.400000000e-02	4.595509085e+00	5.067222694e-02	1.946205882e-02
-7.500000000e-02	4.595518413e+00	5.020670396e-02	1.949831022e-02
-7.600000000e-02	4.595527772e+00	4.974117898e-02	1.953455484e-02
-7.700000000e-02	4.595426022e+00	4.927066615e-02	1.957117894e-02
-7.800000000e-02	4.595546600e+00	4.881012397e-02	1.960702372e-02
-7.900000000e-02	4.595556065e+00	4.834459379e-02	1.964324797e-02
-8.000000000e-02	4.595565566e+00	4.787906186e-02	1.967946541e-02
-8.100000000e-02	4.595575107e+00	4.741352845e-02	1.971567606e-02
-8.200000000e-02	4.595966848e+00	4.696533199e-02	1.975641385e-02
-8.300000000e-02	4.595594276e+00	4.648245567e-02	1.978807691e-02
-8.400000000e-02	4.595603916e+00	4.601691686e-02	1.982426711e-02
-8.500000000e-02	4.595613590e+00	4.555137631e-02	1.986045048e-02
-8.600000000e-02	4.595623300e+00	4.508583412e-02	1.989662702e-02
-8.700000000e-02	4.595633043e+00	4.462029022e-02	1.993279672e-02
-8.800000000e-02	4.595642823e+00	4.415474469e-02	1.996895959e-02
-8.900000000e-02	4.595652903e+00	4.368920975e-02	2.000511561e-02
-9.000000000e-02	4.595665931e+00	4.322380773e-02	2.004126513e-02
-9.100000000e-02	4.595672369e+00	4.275809814e-02	2.007740708e-02
-9.200000000e-02	4.595682288e+00	4.229254605e-02	2.011354253e-02
-9.300000000e-02	4.595692241e+00	4.182699235e-02	2.014967111e-02
-9.400000000e-02	4.595702230e+00	4.136143707e-02	2.018579282e-02
-9.500000000e-02	4.595712251e+00	4.089588007e-02	2.022190766e-02
-9.600000000e-02	4.595722311e+00	4.043032164e-02	2.025801561e-02
-9.700000000e-02	4.595732405e+00	3.996476164e-02	2.029411667e-02
-9.800000000e-02	4.595742344e+00	3.949919118e-02	2.033021085e-02
-9.900000000e-02	4.595752706e+00	3.903363740e-02	2.036629812e-02
-1.000000000e-01	4.595762893e+00	3.856807221e-02	2.040237850e-02
-1.010000000e-01	4.595773126e+00	3.810250603e-02	2.043845197e-02
-1.020000000e-01	4.595783393e+00	3.763693826e-02	2.047451852e-02
-1.030000000e-01	4.595793719e+00	3.717137015e-02	2.051057816e-02
-1.040000000e-01	4.595804033e+00	3.670579833e-02	2.054663088e-02
-1.050000000e-01	4.595814405e+00	3.624022612e-02	2.058267667e-02
-1.060000000e-01	4.595839316e+00	3.577534579e-02	2.061872176e-02
-1.070000000e-01	4.595835254e+00	3.530907730e-02	2.065474744e-02
-1.080000000e-01	4.595845731e+00	3.484350074e-02	2.069077242e-02
-1.090000000e-01	4.595856244e+00	3.437792276e-02	2.072679046e-02
-1.100000000e-01	4.595866791e+00	3.391234332e-02	2.076280154e-02
-1.110000000e-01	4.595877374e+00	3.344676248e-02	2.079880566e-02
-1.120000000e-01	4.595887990e+00	3.298118017e-02	2.083480282e-02
-1.130000000e-01	4.595898660e+00	3.251559740e-02	2.087079301e-02
-1.140000000e-01	4.595909329e+00	3.205001149e-02	2.090677624e-02
-1.150000000e-01	4.595923142e+00	3.158457562e-02	2.094275276e-02
-1.160000000e-01	4.595930810e+00	3.111883737e-02	2.097872174e-02
-1.170000000e-01	4.595941600e+00	3.065324815e-02	2.101468402e-02
-1.180000000e-01	4.595952429e+00	3.018765778e-02	2.105063931e-02
-1.190000000e-01	4.595963291e+00	2.972206600e-02	2.108658760e-02
-1.200000000e-01	4.595974187e+00	2.925647286e-02	2.112252889e-02
-1.210000000e-01	4.595985119e+00	2.879087844e-02	2.115846317e-02
-1.220000000e-01	4.595993843e+00	2.832517182e-02	2.119439058e-02
-1.230000000e-01	4.595174522e+00	2.781845203e-02	2.125014414e-02
-1.240000000e-01	4.596018127e+00	2.739408749e-02	2.126622392e-02
-1.250000000e-01	4.596029047e+00	2.692848040e-02	2.130213013e-02
-1.260000000e-01	4.596040306e+00	2.646288717e-02	2.133802931e-02
-1.270000000e-01	4.596051447e+00	2.599728508e-02	2.137392145e-02
-1.280000000e-01	4.596062638e+00	2.553168248e-02	2.140980655e-02
-1.290000000e-01	4.596080386e+00	2.506640568e-02	2.144568582e-02
-1.300000000e-01	4.596085086e+00	2.460047172e-02	2.148155561e-02
-1.310000000e-01	4.596053444e+00	4.358166739e-02	4.226466180e-14
-1.320000000e-01	4.596064324e+00	4.314906347e-02	3.349148714e-14
-1.330000000e-01	4.596075238e+00	4.271645398e-02	4.002386840e-14
-1.340000000e-01	4.596086185e+00	4.228383893e-02	4.689658334e-14
-1.350000000e-01	4.596097166e+00	4.185121832e-02	3.602959199e-14
-1.360000000e-01	4.596108181e+00	4.141859217e-02	5.120331824e-14
-1.370000000e-01	4.596119230e+00	4.098596048e-02	3.269348625e-14
-1.380000000e-01	4.596130312e+00	4.055332325e-02	3.588209883e-14
-1.390000000e-01	4.596141428e+00	4.012068049e-02	3.374237705e-14
-1.400000000e-01	4.596152578e+00	3.968803221e-02	4.690757985e-14
-1.410000000e-01	4.596163762e+00	3.925537840e-02	4.143971032e-14
-1.420000000e-01	4.596174979e+00	3.882271908e-02	2.064096199e-14
-1.430000000e-01	4.596186231e+00	3.839005426e-02	3.014664331e-14
-1.440000000e-01	4.596197516e+00	3.795738393e-02	5.591181703e-14
-1.450000000e-01	4.596208835e+00	3.752470811e-02	4.518420090e-14
-1.460000000e-01	4.596220187e+00	3.709202679e-02	3.667237268e-14
-1.470000000e-01	4.596231574e+00	3.665933999e-02	2.974226174e-14
-1.480000000e-01	4.596242994e+00	3.622664771e-02	4.219496652e-14
-1.490000000e-01	4.596254448e+00	3.579394996e-02	3.077944907e-14
-1.500000000e-01	4.596265936e+00	3.536124674e-02	1.337063167e-14
-1.510000000e-01	4.596277458e+00	3.492853806e-02	4.879446044e-14
-1.520000000e-01	4.596289013e+00	3.449582392e-02	3.902194259e-14
-1.530000000e-01	4.596300603e+00	3.406310433e-02	4.589951391e-14
-1.540000000e-01	4.596312226e+00	3.363037930e-02	4.652303290e-14
-1.550000000e-01	4.596323883e+00	3.319764882e-02	4.832315307e-14
-1.560000000e-01	4.596335574e+00	3.276491292e-02	1.688974669e-14
-1.570000000e-01	4.596347299e+00	3.233217159e-02	4.547489633e-14
-1.580000000e-01	4.596359057e+00	3.189942483e-02	1.441612137e-14
-1.590000000e-01	4.596370850e+00	3.146667266e-02	5.020368413e-14
-1.600000000e-01	4.596382676e+00	3.103391508e-02	5.583422508e-14
-1.610000000e-01	4.596394536e+00	3.060115210e-02	3.362607407e-14
-1.620000000e-01	4.596406431e+00	3.016838372e-02	4.073166126e-14
-1.630000000e-01	4.596418359e+00	2.973560994e-02	4.613147266e-14
-1.640000000e-01	4.596430321e+00	2.930283078e-02	2.569980238e-14
-1.650000000e-01	4.596442316e+00	2.887004624e-02	6.298099513e-14
-1.660000000e-01	4.596454346e+00	2.843725632e-02	2.717680056e-14
-1.670000000e-01	4.596466410e+00	2.800446104e-02	4.450778643e-14
-1.680000000e-01	4.596478507e+00	2.757166039e-02	2.633721236e-14
-1.690000000e-01	4.596490639e+00	2.713885438e-02	5.294990601e-14
-1.700000000e-01	4.596502804e+00	2.670604302e-02	3.986673255e-14
-1.710000000e-01	4.596515003e+00	2.627322632e-02	5.138285572e-14
-1.720000000e-01	4.596527236e+00	2.584040428e-02	5.884626430e-14
-1.730000000e-01	4.596539503e+00	2.540757690e-02	3.570650452e-14
-1.740000000e-01	4.596551805e+00	2.497474419e-02	5.168152903e-14
-1.750000000e-01	4.596564140e+00	2.454190616e-02	2.395199025e-14
-1.760000000e-01	4.596576509e+00	2.410906282e-02	3.883654915e-14
-1.770000000e-01	4.596588911e+00	2.367621416e-02	2.234636485e-14
-1.780000000e-01	4.596601348e+00	2.324336020e-02	3.982791195e-14
-1.790000000e-01	4.596613819e+00	2.281050095e-02	4.669822918e-14
-1.800000000e-01	4.596626324e+00	2.237763640e-02	3.934292938e-14
-1.810000000e-01	4.596638863e+00	2.194476656e-02	4.799760176e-14
-1.820000000e-01	4.596651436e+00	2.151189144e-02	5.418667341e-14
-1.830000000e-01	4.596664042e+00	2.107901104e-02	3.489324128e-14
-1.840000000e-01	4.596676683e+00	2.064612538e-02	3.266983684e-14
-1.850000000e-01	4.596689358e+00	2.021323446e-02	4.262186095e-14
-1.860000000e-01	4.596702066e+00	1.978033827e-02	3.551806895e-14
-1.870000000e-01	4.596714809e+00	1.934743684e-02	4.745020732e-14
-1.880000000e-01	4.596727586e+00	1.891453016e-02	3.542778007e-14
-1.890000000e-01	4.596740397e+00	1.848161824e-02	3.844072169e-14
-1.900000000e-01	4.596753241e+00	1.804870109e-02	3.518106938e-14
-1.910000000e-01	4.596766120e+00	1.761577871e-02	3.139554867e-14
-1.920000000e-01	4.596779033e+00	1.718285110e-02	6.223385059e-14
-1.930000000e-01	4.596791980e+00	1.674991829e-02	3.405223722e-14
-1.940000000e-01	4.596804961e+00	1.631698026e-02	5.799783509e-14
-1.950000000e-01	4.596817976e+00	1.588403703e-02	3.954883461e-14
-1.960000000e-01	4.596831025e+00	1.545108860e-02	4.373027361e-14
-1.970000000e-01	4.596844108e+00	1.501813498e-02	5.923317511e-14
-1.980000000e-01	4.596857225e+00	1.458517618e-02	4.152348180e-14
-1.990000000e-01	4.596870376e+00	1.415221219e-02	2.507392235e-14
-2.000000000e-01	4.596883561e+00	1.371924303e-02	2.439052354e-14
-2.010000000e-01	4.596896781e+00	1.328626870e-02	2.370953445e-14
-2.020000000e-01	4.596910034e+00	1.285328922e-02	3.405190898e-14
-2.030000000e-01	4.596923322e+00	1.242030457e-02	3.996482735e-14
-2.040000000e-01	4.596936643e+00	1.198731478e-02	5.525980213e-14
-2.050000000e-01	4.596949999e+00	1.155431984e-02	1.416889604e-14
-2.060000000e-01	4.596963389e+00	1.112131977e-02	4.789550276e-14
-2.070000000e-01	4.596976812e+00	1.068831456e-02	4.046140755e-14
-2.080000000e-01	4.596990270e+00	1.025530423e-02	2.800398096e-14
-2.090000000e-01	4.597003763e+00	9.822288781e-03	5.131250843e-14
-2.100000000e-01	4.597017289e+00	9.389268218e-03	1.614506219e-14
-2.110000000e-01	4.597030849e+00	8.956242547e-03	3.497410362e-14
-2.120000000e-01	4.597044444e+00	8.523211774e-03	3.681865572e-14
-2.130000000e-01	4.597058072e+00	8.090175907e-03	3.817954505e-14
-2.140000000e-01	4.597071735e+00	7.657134950e-03	4.374222056e-14
-2.150000000e-01	4.597085432e+00	7.224088911e-03	3.280784272e-14
-2.160000000e-01	4.597099163e+00	6.791037795e-03	4.954903613e-14
-2.170000000e-01	4.597112928e+00	6.357981608e-03	3.819540583e-14
-2.180000000e-01	4.597126727e+00	5.924920356e-03	4.009559751e-14
-2.190000000e-01	4.597140561e+00	5.491854046e-03	4.270935114e-14
-2.200000000e-01	4.597154429e+00	5.058782683e-03	3.312834914e-14
-2.210000000e-01	4.597168330e+00	4.625706273e-03	3.038497455e-14
-2.220000000e-01	4.597182266e+00	4.192624824e-03	2.595869018e-14
-2.230000000e-01	4.597196237e+00	3.759538340e-03	4.484990619e-14
-2.240000000e-01	4.597210241e+00	3.326446829e-03	3.880722349e-14
-2.250000000e-01	4.597224280e+00	2.893350295e-03	2.702929432e-14
-2.260000000e-01	4.597238352e+00	2.460248746e-03	3.506144378e-14
-2.270000000e-01	4.597252460e+00	2.027142187e-03	4.124136196e-14
-2.280000000e-01	4.597266601e+00	1.594030625e-03	3.957633344e-14
-2.290000000e-01	4.597280776e+00	1.160914065e-03	5.519916733e-14
-2.300000000e-01	4.597294986e+00	7.277925144e-04	4.191748335e-14
-2.310000000e-01	4.597309230e+00	2.946659787e-04	3.139811711e-14
-2.320000000e-01	4.597323508e+00	-1.384655358e-04	4.800097720e-14
-2.330000000e-01	4.597337820e+00	-5.716020230e-04	2.273242468e-14
-2.340000000e-01	4.597352167e+00	-1.004743477e-03	1.138501219e-14
-2.350000000e-01	4.597366547e+00	-1.437889891e-03	3.430738789e-14
-2.360000000e-01	4.597380963e+00	-1.871041259e-03	4.805023673e-14
-2.370000000e-01	4.597395412e+00	-2.304197575e-03	3.946336047e-14
-2.380000000e-01	4.597409895e+00	-2.737358833e-03	7.064334177e-14
-2.390000000e-01	4.597424413e+00	-3.170525026e-03	4.459425505e-14
-2.400000000e-01	4.597438965e+00	-3.603696148e-03	2.389197059e-14
-2.410000000e-01	4.597453552e+00	-4.036872194e-03	3.010564871e-14
-2.420000000e-01	4.597468172e+00	-4.470053156e-03	3.357519398e-14
-2.430000000e-01	4.597482827e+00	-4.903239029e-03	5.282673762e-14
-2.440000000e-01	4.597497517e+00	-5.336429807e-03	3.661984063e-14
-2.450000000e-01	4.597512240e+00	-5.769625482e-03	3.222109324e-14
-2.460000000e-01	4.597526998e+00	-6.202826050e-03	3.307539558e-14
-2.470000000e-01	4.597541790e+00	-6.636031503e-03	4.897580671e-14
-2.480000000e-01	4.597556617e+00	-7.069241836e-03	1.454127984e-14
-2.490000000e-01	4.597571477e+00	-7.502457042e-03	3.969789478e-14
-2.500000000e-01	4.597586372e+00	-7.935677115e-03	2.311804819e-14
-2.510000000e-01	4.597601302e+00	-8.368902049e-03	4.413033260e-14
-2.520000000e-01	4.597616266e+00	-8.802131837e-03	3.584420171e-14
-2.530000000e-01	4.597631264e+00	-9.235366473e-03	4.154882740e-14
-2.540000000e-01	4.597646296e+00	-9.668605951e-03	4.140730795e-14
-2.550000000e-01	4.597661363e+00	-1.010185026e-02	3.307503150e-14
-2.560000000e-01	4.597676464e+00	-1.053509941e-02	3.811352177e-14
-2.570000000e-01	4.597691599e+00	-1.096835337e-02	3.641565637e-14
-2.580000000e-01	4.597706769e+00	-1.140161216e-02	2.695741074e-14
-2.590000000e-01	4.597721973e+00	-1.183487575e-02	4.297613354e-14
-2.600000000e-01	4.597737212e+00	-1.226814415e-02	5.020364314e-14
-2.610000000e-01	4.597752485e+00	-1.270141734e-02	4.242225099e-14
-2.620000000e-01	4.597767792e+00	-1.313469533e-02	4.183084378e-14
-2.630000000e-01	4.597783134e+00	-1.356797810e-02	1.756421668e-14
-2.640000000e-01	4.597798510e+00	-1.400126565e-02	4.727222650e-14
-2.650000000e-01	4.597813920e+00	-1.443455797e-02	4.100180665e-14
-2.660000000e-01	4.597829365e+00	-1.486785506e-02	4.127739380e-14
-2.670000000e-01	4.597844844e+00	-1.530115691e-02	2.815800272e-14
-2.680000000e-01	4.597860358e+00	-1.573446351e-02	2.759331892e-14
-2.690000000e-01	4.597875906e+00	-1.616777486e-02	6.586740257e-14
-2.700000000e-01	4.597891488e+00	-1.660109095e-02	2.021760802e-14
-2.710000000e-01	4.597907105e+00	-1.703441177e-02	3.677954039e-14
-2.720000000e-01	4.597922757e+00	-1.746773732e-02	4.623937601e-14
-2.730000000e-01	4.597938442e+00	-1.790106760e-02	3.016153302e-14
-2.740000000e-01	4.597954163e+00	-1.833440258e-02	6.792674464e-14
-2.750000000e-01	4.597969917e+00	-1.876774228e-02	3.225248414e-14
-2.760000000e-01	4.597985706e+00	-1.920108668e-02	3.294587588e-14
-2.770000000e-01	4.598001530e+00	-1.963443578e-02	2.751751956e-14
-2.780000000e-01	4.598017388e+00	-2.006778956e-02	4.238375657e-14
-2.790000000e-01	4.598033280e+00	-2.050114803e-02	2.210437031e-14
-2.800000000e-01	4.598049207e+00	-2.093451117e-02	4.263914851e-14
-2.810000000e-01	4.598065169e+00	-2.136787899e-02	7.135505916e-14
-2.820000000e-01	4.598081165e+00	-2.180125147e-02	5.472166015e-14
-2.830000000e-01	4.598097195e+00	-2.223462861e-02	1.655703875e-14
-2.840000000e-01	4.598113260e+00	-2.266801040e-02	3.712892406e-14
-2.850000000e-01	4.598129359e+00	-2.310139683e-02	3.522486865e-14
-2.860000000e-01	4.598145493e+00	-2.353478790e-02	4.089815298e-14
-2.870000000e-01	4.598161661e+00	-2.396818360e-02	3.149145023e-14
-2.880000000e-01	4.598177864e+00	-2.440158393e-02	3.243758302e-14
-2.890000000e-01	4.598194102e+00	-2.483498888e-02	3.426986546e-14
-2.900000000e-01	4.598210373e+00	-2.526839844e-02	4.604407608e-14
-2.910000000e-01	4.598226680e+00	-2.570181260e-02	4.215025323e-14
-2.920000000e-01	4.598243021e+00	-2.613523136e-02	3.901799809e-14
-2.930000000e-01	4.598259396e+00	-2.656865472e-02	5.688803726e-14
-2.940000000e-01	4.598275806e+00	-2.700208267e-02	3.034900502e-14
-2.950000000e-01	4.598292251e+00	-2.743551519e-02	2.730351846e-14
-2.960000000e-01	4.598308730e+00	-2.786895229e-02	1.915029785e-14
-2.970000000e-01	4.598325243e+00	-2.830239395e-02	5.108363134e-14
-2.980000000e-01	4.598341792e+00	-2.873584018e-02	4.820806353e-14
-2.990000000e-01	4.598358374e+00	-2.916929095e-02	4.479527822e-14
-3.000000000e-01	4.598374992e+00	-2.960274628e-02	1.480180367e-14
