# epsi_ci     Re(Lambda)      Im(Lambda)      Eq(det), R = 0.5 $\mu$m, $E_p$ = 0.600 eV, modo = 2, $\epsilon_\infty$ = 3.9, $\gamma_{DL}$ = 0.01 eV, solve_det_sinkz_vs_mu.py
0.000000000e+00	4.564424016e+00	8.398894730e-02	1.489790795e-02
-1.000000000e-03	4.562633248e+00	8.345413300e-02	1.482079550e-02
-2.000000000e-03	4.562639152e+00	8.298544429e-02	1.486115731e-02
-3.000000000e-03	4.562645111e+00	8.251675355e-02	1.490151256e-02
-4.000000000e-03	4.561912651e+00	8.202058409e-02	1.496129271e-02
-5.000000000e-03	4.562657124e+00	8.157936328e-02	1.498220334e-02
-6.000000000e-03	4.562663183e+00	8.111066402e-02	1.502253886e-02
-7.000000000e-03	4.561953170e+00	8.061509686e-02	1.508099275e-02
-8.000000000e-03	4.562675397e+00	8.017325686e-02	1.510319014e-02
-9.000000000e-03	4.562681553e+00	7.970454907e-02	1.514350588e-02
-1.000000000e-02	4.562687739e+00	7.923583835e-02	1.518381502e-02
-1.100000000e-02	4.563060215e+00	7.878101714e-02	1.522883564e-02
-1.200000000e-02	4.562700568e+00	7.829842214e-02	1.526441346e-02
-1.300000000e-02	4.562700601e+00	7.782946473e-02	1.530470397e-02
-1.400000000e-02	4.562712826e+00	7.736096817e-02	1.534498541e-02
-1.500000000e-02	4.562719180e+00	7.689224371e-02	1.538526144e-02
-1.600000000e-02	4.562725578e+00	7.642351695e-02	1.542553083e-02
-1.700000000e-02	4.562546712e+00	7.594764524e-02	1.546697820e-02
-1.800000000e-02	4.562738437e+00	7.548605386e-02	1.550604967e-02
-1.900000000e-02	4.562744935e+00	7.501731899e-02	1.554629910e-02
-2.000000000e-02	4.562751441e+00	7.454858042e-02	1.558654188e-02
-2.100000000e-02	4.562757992e+00	7.407983966e-02	1.562677798e-02
-2.200000000e-02	4.562768345e+00	7.361124342e-02	1.566700790e-02
-2.300000000e-02	4.562771192e+00	7.314235009e-02	1.570723017e-02
-2.400000000e-02	4.562777844e+00	7.267360138e-02	1.574744623e-02
-2.500000000e-02	4.562784525e+00	7.220484988e-02	1.578765561e-02
-2.600000000e-02	4.562791241e+00	7.173609585e-02	1.582785828e-02
-2.700000000e-02	4.562797991e+00	7.126733918e-02	1.586805426e-02
-2.800000000e-02	4.562662827e+00	7.079294823e-02	1.590891908e-02
-2.900000000e-02	4.562811587e+00	7.032981794e-02	1.594842608e-02
-3.000000000e-02	4.562818435e+00	6.986105346e-02	1.598860191e-02
-3.100000000e-02	4.562825317e+00	6.939228643e-02	1.602877101e-02
-3.200000000e-02	4.562832230e+00	6.892351669e-02	1.606893339e-02
-3.300000000e-02	4.562839176e+00	6.845474443e-02	1.610908902e-02
-3.400000000e-02	4.562845835e+00	6.798595669e-02	1.614923792e-02
-3.500000000e-02	4.562853171e+00	6.751719238e-02	1.618938006e-02
-3.600000000e-02	4.562860216e+00	6.704841248e-02	1.622951545e-02
-3.700000000e-02	4.562867269e+00	6.657962903e-02	1.626964408e-02
-3.800000000e-02	4.562874516e+00	6.611084959e-02	1.630976595e-02
-3.900000000e-02	4.562881552e+00	6.564205777e-02	1.634988104e-02
-4.000000000e-02	4.562888705e+00	6.517326683e-02	1.638998936e-02
-4.100000000e-02	4.562895943e+00	6.470447551e-02	1.643009089e-02
-4.200000000e-02	4.562903185e+00	6.423568057e-02	1.647018563e-02
-4.300000000e-02	4.562910463e+00	6.376688328e-02	1.651027358e-02
-4.400000000e-02	4.562917775e+00	6.329808354e-02	1.655035474e-02
-4.500000000e-02	4.562925119e+00	6.282928135e-02	1.659042908e-02
-4.600000000e-02	4.562932495e+00	6.236047669e-02	1.663049662e-02
-4.700000000e-02	4.562449925e+00	6.187127367e-02	1.667821116e-02
-4.800000000e-02	4.562947348e+00	6.142286016e-02	1.671061123e-02
-4.900000000e-02	4.562954824e+00	6.095404827e-02	1.675065830e-02
-5.000000000e-02	4.562962333e+00	6.048523401e-02	1.679069853e-02
-5.100000000e-02	4.562969876e+00	6.001641739e-02	1.683073193e-02
-5.200000000e-02	4.562977452e+00	5.954759840e-02	1.687075848e-02
-5.300000000e-02	4.562972028e+00	5.907822650e-02	1.691078353e-02
-5.400000000e-02	4.562874980e+00	5.860496817e-02	1.695122622e-02
-5.500000000e-02	4.563000376e+00	5.814112722e-02	1.699079701e-02
-5.600000000e-02	4.563051034e+00	5.767412648e-02	1.703085382e-02
-5.700000000e-02	4.563015827e+00	5.720346820e-02	1.707078837e-02
-5.800000000e-02	4.563023600e+00	5.673463514e-02	1.711077373e-02
-5.900000000e-02	4.563031397e+00	5.626579942e-02	1.715075222e-02
-6.000000000e-02	4.563038776e+00	5.579694198e-02	1.719072382e-02
-6.100000000e-02	4.563047162e+00	5.532812414e-02	1.723068851e-02
-6.200000000e-02	4.563055030e+00	5.485928034e-02	1.727064630e-02
-6.300000000e-02	4.563062969e+00	5.439043592e-02	1.731059720e-02
-6.400000000e-02	4.563071039e+00	5.392159347e-02	1.735054118e-02
-6.500000000e-02	4.563082122e+00	5.345287838e-02	1.739047855e-02
-6.600000000e-02	4.563086989e+00	5.298388937e-02	1.743040838e-02
-6.700000000e-02	4.563095064e+00	5.251503615e-02	1.747033159e-02
-6.800000000e-02	4.563103169e+00	5.204618061e-02	1.751024788e-02
-6.900000000e-02	4.563111309e+00	5.157732293e-02	1.755015722e-02
-7.000000000e-02	4.563115109e+00	5.110827070e-02	1.759006019e-02
-7.100000000e-02	4.563127687e+00	5.063960102e-02	1.762995506e-02
-7.200000000e-02	4.563105712e+00	5.016940141e-02	1.766987103e-02
-7.300000000e-02	4.563144199e+00	4.970187047e-02	1.770972508e-02
-7.400000000e-02	4.563152505e+00	4.923300202e-02	1.774959965e-02
-7.500000000e-02	4.563160845e+00	4.876413147e-02	1.778946724e-02
-7.600000000e-02	4.563169217e+00	4.829525871e-02	1.782932786e-02
-7.700000000e-02	4.563177622e+00	4.782638385e-02	1.786918149e-02
-7.800000000e-02	4.563186060e+00	4.735750690e-02	1.790902813e-02
-7.900000000e-02	4.563194534e+00	4.688862793e-02	1.794886779e-02
-8.000000000e-02	4.563203039e+00	4.641974684e-02	1.798870044e-02
-8.100000000e-02	4.563211577e+00	4.595086364e-02	1.802852609e-02
-8.200000000e-02	4.563220148e+00	4.548197837e-02	1.806834473e-02
-8.300000000e-02	4.563228764e+00	4.501309161e-02	1.810815635e-02
-8.400000000e-02	4.563237620e+00	4.454421216e-02	1.814796095e-02
-8.500000000e-02	4.563245016e+00	4.407526279e-02	1.818775856e-02
-8.600000000e-02	4.563254771e+00	4.360641723e-02	1.822754907e-02
-8.700000000e-02	4.563263077e+00	4.313750213e-02	1.826733259e-02
-8.800000000e-02	4.563272282e+00	4.266862460e-02	1.830710905e-02
-8.900000000e-02	4.563281086e+00	4.219972526e-02	1.834687847e-02
-9.000000000e-02	4.563289955e+00	4.173082534e-02	1.838664084e-02
-9.100000000e-02	4.563298796e+00	4.126192068e-02	1.842639614e-02
-9.200000000e-02	4.563311988e+00	4.079321378e-02	1.846614492e-02
-9.300000000e-02	4.563315980e+00	4.032407775e-02	1.850588558e-02
-9.400000000e-02	4.563325613e+00	3.985519933e-02	1.854561967e-02
-9.500000000e-02	4.563334618e+00	3.938628835e-02	1.858534669e-02
-9.600000000e-02	4.563343658e+00	3.891737549e-02	1.862506663e-02
-9.700000000e-02	4.563352731e+00	3.844846077e-02	1.866477947e-02
-9.800000000e-02	4.563361824e+00	3.797954350e-02	1.870448523e-02
-9.900000000e-02	4.563370974e+00	3.751062544e-02	1.874418388e-02
-1.000000000e-01	4.563380275e+00	3.704171109e-02	1.878387542e-02
-1.010000000e-01	4.563389353e+00	3.657278280e-02	1.882355985e-02
-1.020000000e-01	4.563398591e+00	3.610385863e-02	1.886323717e-02
-1.030000000e-01	4.563407864e+00	3.563493271e-02	1.890290737e-02
-1.040000000e-01	4.563417170e+00	3.516600490e-02	1.894257043e-02
-1.050000000e-01	4.563426510e+00	3.469707536e-02	1.898222637e-02
-1.060000000e-01	4.563435881e+00	3.422814385e-02	1.902187516e-02
-1.070000000e-01	4.563445290e+00	3.375921078e-02	1.906151682e-02
-1.080000000e-01	4.563454729e+00	3.329027580e-02	1.910115132e-02
-1.090000000e-01	4.563464203e+00	3.282133907e-02	1.914077868e-02
-1.100000000e-01	4.563473708e+00	3.235240050e-02	1.918039887e-02
-1.110000000e-01	4.563483249e+00	3.188346027e-02	1.922001190e-02
-1.120000000e-01	4.563492823e+00	3.141451828e-02	1.925961776e-02
-1.130000000e-01	4.563502425e+00	3.094557435e-02	1.929921644e-02
-1.140000000e-01	4.563512093e+00	3.047663022e-02	1.933880795e-02
-1.150000000e-01	4.563521745e+00	3.000768202e-02	1.937839227e-02
-1.160000000e-01	4.563531191e+00	2.953872043e-02	1.941796940e-02
-1.170000000e-01	4.563541193e+00	2.906978257e-02	1.945753934e-02
-1.180000000e-01	4.563551778e+00	2.860087001e-02	1.949710209e-02
-1.190000000e-01	4.563560777e+00	2.813187656e-02	1.953665760e-02
-1.200000000e-01	4.563600360e+00	2.766438238e-02	1.957622985e-02
-1.210000000e-01	4.563580493e+00	2.719396382e-02	1.961574702e-02
-1.220000000e-01	4.563590402e+00	2.672500504e-02	1.965528090e-02
-1.230000000e-01	4.563608701e+00	4.535388954e-02	3.499484566e-14
-1.240000000e-01	4.563618697e+00	4.492392517e-02	3.734861565e-14
-1.250000000e-01	4.563628727e+00	4.449395507e-02	4.294356258e-14
-1.260000000e-01	4.563638791e+00	4.406397922e-02	2.849608506e-14
-1.270000000e-01	4.563648888e+00	4.363399764e-02	2.090060385e-14
-1.280000000e-01	4.563659018e+00	4.320401033e-02	3.679664639e-14
-1.290000000e-01	4.563669182e+00	4.277401730e-02	2.987167353e-14
-1.300000000e-01	4.563679380e+00	4.234401855e-02	4.057194600e-14
-1.310000000e-01	4.563689611e+00	4.191401409e-02	3.607587497e-14
-1.320000000e-01	4.563699875e+00	4.148400392e-02	2.475977131e-14
-1.330000000e-01	4.563710173e+00	4.105398805e-02	5.276146027e-14
-1.340000000e-01	4.563720505e+00	4.062396649e-02	5.845957455e-14
-1.350000000e-01	4.563730870e+00	4.019393924e-02	2.830871514e-14
-1.360000000e-01	4.563741268e+00	3.976390631e-02	4.095439825e-14
-1.370000000e-01	4.563751700e+00	3.933386770e-02	4.378300469e-14
-1.380000000e-01	4.563762166e+00	3.890382341e-02	3.425373120e-14
-1.390000000e-01	4.563772665e+00	3.847377346e-02	3.205887090e-14
-1.400000000e-01	4.563783197e+00	3.804371785e-02	3.441643462e-14
-1.410000000e-01	4.563793764e+00	3.761365658e-02	4.557837590e-14
-1.420000000e-01	4.563804363e+00	3.718358967e-02	1.410376327e-14
-1.430000000e-01	4.563814997e+00	3.675351711e-02	3.233186197e-14
-1.440000000e-01	4.563825663e+00	3.632343891e-02	2.335308073e-14
-1.450000000e-01	4.563836364e+00	3.589335508e-02	2.998512241e-14
-1.460000000e-01	4.563847098e+00	3.546326562e-02	4.225007222e-14
-1.470000000e-01	4.563857865e+00	3.503317054e-02	2.372787645e-14
-1.480000000e-01	4.563868666e+00	3.460306985e-02	3.204719634e-14
-1.490000000e-01	4.563879501e+00	3.417296354e-02	3.174528130e-14
-1.500000000e-01	4.563890369e+00	3.374285163e-02	3.742902768e-14
-1.510000000e-01	4.563901271e+00	3.331273412e-02	4.310314812e-14
-1.520000000e-01	4.563912207e+00	3.288261102e-02	2.222482766e-14
-1.530000000e-01	4.563923176e+00	3.245248233e-02	2.457042270e-14
-1.540000000e-01	4.563934179e+00	3.202234806e-02	3.165237510e-14
-1.550000000e-01	4.563945215e+00	3.159220822e-02	3.508904603e-14
-1.560000000e-01	4.563956285e+00	3.116206280e-02	1.751689427e-14
-1.570000000e-01	4.563967389e+00	3.073191182e-02	3.525687671e-14
-1.580000000e-01	4.563978526e+00	3.030175528e-02	2.349478162e-14
-1.590000000e-01	4.563989697e+00	2.987159319e-02	3.072027054e-14
-1.600000000e-01	4.564000901e+00	2.944142555e-02	2.628778367e-14
-1.610000000e-01	4.564012139e+00	2.901125237e-02	3.095740059e-14
-1.620000000e-01	4.564023411e+00	2.858107366e-02	4.020489776e-14
-1.630000000e-01	4.564034716e+00	2.815088941e-02	2.718031355e-14
-1.640000000e-01	4.564046056e+00	2.772069964e-02	4.940073684e-14
-1.650000000e-01	4.564057428e+00	2.729050435e-02	5.698080889e-14
-1.660000000e-01	4.564068835e+00	2.686030355e-02	5.128488710e-14
-1.670000000e-01	4.564080275e+00	2.643009725e-02	3.917077886e-14
-1.680000000e-01	4.564091749e+00	2.599988544e-02	3.623657171e-14
-1.690000000e-01	4.564103256e+00	2.556966813e-02	2.326327929e-14
-1.700000000e-01	4.564114798e+00	2.513944534e-02	3.596738440e-14
-1.710000000e-01	4.564126372e+00	2.470921706e-02	3.664302007e-14
-1.720000000e-01	4.564137981e+00	2.427898331e-02	2.967216286e-14
-1.730000000e-01	4.564149623e+00	2.384874408e-02	3.620962058e-14
-1.740000000e-01	4.564161299e+00	2.341849939e-02	5.401448519e-14
-1.750000000e-01	4.564173009e+00	2.298824923e-02	3.167807586e-14
-1.760000000e-01	4.564184753e+00	2.255799363e-02	5.254029541e-14
-1.770000000e-01	4.564196530e+00	2.212773257e-02	3.748891029e-14
-1.780000000e-01	4.564208341e+00	2.169746607e-02	2.777470221e-14
-1.790000000e-01	4.564220185e+00	2.126719413e-02	5.446606923e-14
-1.800000000e-01	4.564232064e+00	2.083691676e-02	3.999433511e-14
-1.810000000e-01	4.564243976e+00	2.040663397e-02	2.794375607e-14
-1.820000000e-01	4.564255922e+00	1.997634575e-02	5.103636468e-14
-1.830000000e-01	4.564267902e+00	1.954605213e-02	3.502605710e-14
-1.840000000e-01	4.564279915e+00	1.911575309e-02	3.829501013e-14
-1.850000000e-01	4.564291962e+00	1.868544865e-02	2.039604769e-14
-1.860000000e-01	4.564304043e+00	1.825513882e-02	2.695021953e-14
-1.870000000e-01	4.564316158e+00	1.782482360e-02	2.977832870e-14
-1.880000000e-01	4.564328307e+00	1.739450299e-02	3.040302176e-14
-1.890000000e-01	4.564340489e+00	1.696417700e-02	3.830426955e-14
-1.900000000e-01	4.564352705e+00	1.653384564e-02	3.265790091e-14
-1.910000000e-01	4.564364955e+00	1.610350891e-02	4.335081030e-14
-1.920000000e-01	4.564377239e+00	1.567316683e-02	2.725695174e-14
-1.930000000e-01	4.564389556e+00	1.524281939e-02	4.635588220e-14
-1.940000000e-01	4.564401908e+00	1.481246659e-02	5.340938297e-14
-1.950000000e-01	4.564414293e+00	1.438210846e-02	3.945362391e-14
-1.960000000e-01	4.564426712e+00	1.395174499e-02	4.394883751e-14
-1.970000000e-01	4.564439165e+00	1.352137619e-02	4.868170818e-14
-1.980000000e-01	4.564451652e+00	1.309100206e-02	1.633297280e-13
-1.990000000e-01	4.564464172e+00	1.266062261e-02	5.837680712e-14
-2.000000000e-01	4.564476726e+00	1.223023785e-02	2.686863571e-14
-2.010000000e-01	4.564489315e+00	1.179984778e-02	3.935709710e-14
-2.020000000e-01	4.564501937e+00	1.136945241e-02	5.497283266e-14
-2.030000000e-01	4.564514593e+00	1.093905175e-02	3.793607124e-14
-2.040000000e-01	4.564527283e+00	1.050864579e-02	2.871869477e-14
-2.050000000e-01	4.564540006e+00	1.007823455e-02	3.315781800e-14
-2.060000000e-01	4.564552764e+00	9.647818036e-03	3.833487155e-14
-2.070000000e-01	4.564565555e+00	9.217396248e-03	4.715105032e-14
-2.080000000e-01	4.564578381e+00	8.786969194e-03	2.125596033e-14
-2.090000000e-01	4.564591240e+00	8.356536881e-03	3.633403776e-14
-2.100000000e-01	4.564604133e+00	7.926099313e-03	4.900067539e-14
-2.110000000e-01	4.564617060e+00	7.495656498e-03	2.648985274e-14
-2.120000000e-01	4.564630021e+00	7.065208442e-03	2.177354146e-14
-2.130000000e-01	4.564643016e+00	6.634755149e-03	5.217950109e-14
-2.140000000e-01	4.564656045e+00	6.204296627e-03	2.499225600e-14
-2.150000000e-01	4.564669107e+00	5.773832882e-03	2.804765855e-14
-2.160000000e-01	4.564682204e+00	5.343363918e-03	3.249792791e-14
-2.170000000e-01	4.564695335e+00	4.912889743e-03	4.060571022e-14
-2.180000000e-01	4.564708499e+00	4.482410363e-03	3.194925169e-14
-2.190000000e-01	4.564721698e+00	4.051925783e-03	3.757867841e-14
-2.200000000e-01	4.564734930e+00	3.621436009e-03	2.207423590e-14
-2.210000000e-01	4.564748196e+00	3.190941048e-03	3.744501328e-14
-2.220000000e-01	4.564761497e+00	2.760440905e-03	3.135574465e-14
-2.230000000e-01	4.564774831e+00	2.329935588e-03	9.684047193e-15
-2.240000000e-01	4.564788199e+00	1.899425101e-03	3.154068881e-14
-2.250000000e-01	4.564801601e+00	1.468909450e-03	2.551773529e-14
-2.260000000e-01	4.564815038e+00	1.038388643e-03	3.945160342e-14
-2.270000000e-01	4.564828508e+00	6.078626848e-04	2.161071887e-14
-2.280000000e-01	4.564842012e+00	1.773315815e-04	3.254630982e-14
-2.290000000e-01	4.564855550e+00	-2.532046606e-04	1.903591201e-14
-2.300000000e-01	4.564869122e+00	-6.837460354e-04	2.566240559e-14
-2.310000000e-01	4.564882729e+00	-1.114292537e-03	2.068682242e-14
-2.320000000e-01	4.564896369e+00	-1.544844159e-03	1.867363107e-14
-2.330000000e-01	4.564910043e+00	-1.975400895e-03	4.662708086e-14
-2.340000000e-01	4.564923751e+00	-2.405962740e-03	1.801275381e-14
-2.350000000e-01	4.564937493e+00	-2.836529687e-03	5.632750571e-14
-2.360000000e-01	4.564951270e+00	-3.267101730e-03	3.518895450e-14
-2.370000000e-01	4.564965080e+00	-3.697678863e-03	6.417494126e-14
-2.380000000e-01	4.564978924e+00	-4.128261079e-03	4.304535297e-14
-2.390000000e-01	4.564992803e+00	-4.558848374e-03	4.395261715e-14
-2.400000000e-01	4.565006715e+00	-4.989440739e-03	6.084236321e-14
-2.410000000e-01	4.565020662e+00	-5.420038170e-03	3.747990378e-14
-2.420000000e-01	4.565034642e+00	-5.850640660e-03	4.638276714e-14
-2.430000000e-01	4.565048657e+00	-6.281248203e-03	5.265591527e-14
-2.440000000e-01	4.565062706e+00	-6.711860793e-03	3.740892950e-14
-2.450000000e-01	4.565076789e+00	-7.142478424e-03	2.789467941e-14
-2.460000000e-01	4.565090905e+00	-7.573101089e-03	3.877847793e-14
-2.470000000e-01	4.565105056e+00	-8.003728782e-03	5.280773447e-14
-2.480000000e-01	4.565119241e+00	-8.434361498e-03	2.815062329e-14
-2.490000000e-01	4.565133461e+00	-8.864999229e-03	4.800352046e-14
-2.500000000e-01	4.565147714e+00	-9.295641970e-03	2.475797758e-14
-2.510000000e-01	4.565162001e+00	-9.726289714e-03	2.803950402e-14
-2.520000000e-01	4.565176323e+00	-1.015694246e-02	4.934768541e-14
-2.530000000e-01	4.565190678e+00	-1.058760019e-02	2.135037487e-14
-2.540000000e-01	4.565205068e+00	-1.101826291e-02	3.389386524e-14
-2.550000000e-01	4.565219492e+00	-1.144893060e-02	4.029093483e-14
-2.560000000e-01	4.565233950e+00	-1.187960327e-02	3.426116362e-14
-2.570000000e-01	4.565248442e+00	-1.231028091e-02	4.371740701e-14
-2.580000000e-01	4.565262968e+00	-1.274096350e-02	3.885744793e-14
-2.590000000e-01	4.565277528e+00	-1.317165105e-02	3.613539413e-14
-2.600000000e-01	4.565292123e+00	-1.360234354e-02	3.964293936e-14
-2.610000000e-01	4.565306752e+00	-1.403304098e-02	4.018196970e-14
-2.620000000e-01	4.565321415e+00	-1.446374335e-02	4.018959762e-14
-2.630000000e-01	4.565336112e+00	-1.489445065e-02	4.362823004e-14
-2.640000000e-01	4.565350843e+00	-1.532516287e-02	3.010685465e-14
-2.650000000e-01	4.565365608e+00	-1.575588001e-02	2.619383487e-14
-2.660000000e-01	4.565380408e+00	-1.618660206e-02	6.230725679e-14
-2.670000000e-01	4.565395242e+00	-1.661732901e-02	4.715649880e-14
-2.680000000e-01	4.565410109e+00	-1.704806086e-02	1.657972905e-14
-2.690000000e-01	4.565425012e+00	-1.747879760e-02	4.332028211e-14
-2.700000000e-01	4.565439948e+00	-1.790953922e-02	3.870265347e-14
-2.710000000e-01	4.565454919e+00	-1.834028572e-02	3.236362814e-14
-2.720000000e-01	4.565469923e+00	-1.877103710e-02	1.549416168e-14
-2.730000000e-01	4.565484962e+00	-1.920179334e-02	4.681309036e-14
-2.740000000e-01	4.565500036e+00	-1.963255444e-02	3.117610842e-14
-2.750000000e-01	4.565515143e+00	-2.006332039e-02	4.532921423e-14
-2.760000000e-01	4.565530285e+00	-2.049409119e-02	3.287215148e-14
-2.770000000e-01	4.565545461e+00	-2.092486682e-02	3.751414793e-14
-2.780000000e-01	4.565560671e+00	-2.135564730e-02	4.369208827e-14
-2.790000000e-01	4.565575915e+00	-2.178643260e-02	3.431180319e-14
-2.800000000e-01	4.565591194e+00	-2.221722272e-02	3.554171378e-14
-2.810000000e-01	4.565606507e+00	-2.264801765e-02	3.465764905e-14
-2.820000000e-01	4.565621854e+00	-2.307881740e-02	5.345727642e-14
-2.830000000e-01	4.565637235e+00	-2.350962194e-02	3.101142374e-14
-2.840000000e-01	4.565652651e+00	-2.394043128e-02	3.456209213e-14
-2.850000000e-01	4.565668101e+00	-2.437124541e-02	2.504633740e-14
-2.860000000e-01	4.565683585e+00	-2.480206433e-02	4.190835251e-14
-2.870000000e-01	4.565699104e+00	-2.523288802e-02	5.352446194e-14
-2.880000000e-01	4.565714657e+00	-2.566371648e-02	2.213854183e-14
-2.890000000e-01	4.565730244e+00	-2.609454970e-02	4.328279335e-14
-2.900000000e-01	4.565745866e+00	-2.652538768e-02	3.774125432e-14
-2.910000000e-01	4.565761521e+00	-2.695623042e-02	2.585626756e-14
-2.920000000e-01	4.565777211e+00	-2.738707789e-02	2.854142449e-14
-2.930000000e-01	4.565792936e+00	-2.781793011e-02	4.892157989e-14
-2.940000000e-01	4.565808695e+00	-2.824878705e-02	3.227996447e-14
-2.950000000e-01	4.565824488e+00	-2.867964872e-02	3.216195343e-14
-2.960000000e-01	4.565840315e+00	-2.911051511e-02	2.959265810e-14
-2.970000000e-01	4.565856177e+00	-2.954138622e-02	3.452098410e-14
-2.980000000e-01	4.565872073e+00	-2.997226202e-02	3.926942376e-14
-2.990000000e-01	4.565888003e+00	-3.040314253e-02	5.137495204e-14
-3.000000000e-01	4.565903968e+00	-3.083402773e-02	1.391029315e-14
