# epsi_ci     Re(Lambda)      Im(Lambda)      Eq(det), R = 0.05 $\mu$m, $E_p$ = 0.600 eV, modo = 4, $\epsilon_\infty$ = 3.9, $\gamma_{DL}$ = 0.01 eV, solve_det_sinkz_vs_mu.py
0.000000000e+00	3.549084976e+00	3.688900165e-02	2.039390626e-13
-1.000000000e-03	3.549090456e+00	3.654198244e-02	2.676171126e-13
-2.000000000e-03	3.549095970e+00	3.619496312e-02	6.883438711e-14
-3.000000000e-03	3.549101517e+00	3.584794370e-02	1.074842684e-13
-4.000000000e-03	3.549107098e+00	3.550092420e-02	8.110709212e-14
-5.000000000e-03	3.549112713e+00	3.515390462e-02	2.243892571e-13
-6.000000000e-03	3.549118361e+00	3.480688497e-02	1.830489450e-13
-7.000000000e-03	3.549124044e+00	3.445986526e-02	1.373590544e-13
-8.000000000e-03	3.549129759e+00	3.411284550e-02	1.176260337e-13
-9.000000000e-03	3.549135509e+00	3.376582571e-02	1.385434230e-13
-1.000000000e-02	3.549141292e+00	3.341880588e-02	9.234668344e-14
-1.100000000e-02	3.549147109e+00	3.307178604e-02	1.739075775e-13
-1.200000000e-02	3.549152960e+00	3.272476619e-02	8.689756110e-14
-1.300000000e-02	3.549158844e+00	3.237774633e-02	8.792966355e-14
-1.400000000e-02	3.549164763e+00	3.203072649e-02	6.287649373e-14
-1.500000000e-02	3.549170714e+00	3.168370667e-02	2.212206229e-13
-1.600000000e-02	3.549176700e+00	3.133668687e-02	7.639915668e-14
-1.700000000e-02	3.549182719e+00	3.098966712e-02	1.186250313e-13
-1.800000000e-02	3.549188772e+00	3.064264741e-02	2.216232711e-13
-1.900000000e-02	3.549194859e+00	3.029562776e-02	1.556872461e-13
-2.000000000e-02	3.549200979e+00	2.994860818e-02	2.434868941e-13
-2.100000000e-02	3.549207133e+00	2.960158868e-02	2.170986621e-13
-2.200000000e-02	3.549213321e+00	2.925456927e-02	2.973786825e-13
-2.300000000e-02	3.549219542e+00	2.890754996e-02	1.491206936e-13
-2.400000000e-02	3.549225797e+00	2.856053075e-02	2.283104749e-13
-2.500000000e-02	3.549232086e+00	2.821351166e-02	1.652415088e-13
-2.600000000e-02	3.549238408e+00	2.786649269e-02	7.376970435e-14
-2.700000000e-02	3.549244765e+00	2.751947387e-02	1.022097781e-13
-2.800000000e-02	3.549251155e+00	2.717245519e-02	1.908576390e-13
-2.900000000e-02	3.549257578e+00	2.682543666e-02	1.052827632e-13
-3.000000000e-02	3.549264035e+00	2.647841831e-02	1.738454698e-13
-3.100000000e-02	3.549270527e+00	2.613140012e-02	1.422724815e-13
-3.200000000e-02	3.549277051e+00	2.578438213e-02	4.464922392e-14
-3.300000000e-02	3.549283610e+00	2.543736433e-02	1.334001947e-13
-3.400000000e-02	3.549290202e+00	2.509034673e-02	2.054897232e-13
-3.500000000e-02	3.549296828e+00	2.474332935e-02	3.464622398e-13
-3.600000000e-02	3.549303487e+00	2.439631219e-02	9.598858834e-14
-3.700000000e-02	3.549310180e+00	2.404929527e-02	1.609546572e-13
-3.800000000e-02	3.549316907e+00	2.370227859e-02	1.432317679e-13
-3.900000000e-02	3.549323668e+00	2.335526216e-02	1.085157820e-13
-4.000000000e-02	3.549330462e+00	2.300824600e-02	2.108123527e-13
-4.100000000e-02	3.549337290e+00	2.266123011e-02	1.185703149e-13
-4.200000000e-02	3.549344152e+00	2.231421451e-02	1.008684513e-13
-4.300000000e-02	3.549351047e+00	2.196719920e-02	1.918572378e-13
-4.400000000e-02	3.549357977e+00	2.162018419e-02	1.310349632e-13
-4.500000000e-02	3.549364939e+00	2.127316949e-02	2.815007424e-13
-4.600000000e-02	3.549371936e+00	2.092615511e-02	1.718395566e-13
-4.700000000e-02	3.549378966e+00	2.057914107e-02	8.498264129e-14
-4.800000000e-02	3.549386030e+00	2.023212737e-02	9.811181110e-14
-4.900000000e-02	3.549393128e+00	1.988511402e-02	4.191610035e-13
-5.000000000e-02	3.549400259e+00	1.953810103e-02	1.370934392e-13
-5.100000000e-02	3.549407424e+00	1.919108841e-02	1.207986370e-13
-5.200000000e-02	3.549414623e+00	1.884407617e-02	9.553701361e-14
-5.300000000e-02	3.549421855e+00	1.849706433e-02	8.011488392e-14
-5.400000000e-02	3.549429121e+00	1.815005288e-02	2.215037829e-13
-5.500000000e-02	3.549436421e+00	1.780304184e-02	2.628620097e-13
-5.600000000e-02	3.549443755e+00	1.745603122e-02	1.065912987e-13
-5.700000000e-02	3.549451122e+00	1.710902103e-02	9.131100989e-14
-5.800000000e-02	3.549458523e+00	1.676201129e-02	6.588627368e-13
-5.900000000e-02	3.549465957e+00	1.641500198e-02	4.252570065e-13
-6.000000000e-02	3.549473426e+00	1.606799314e-02	1.724536272e-13
-6.100000000e-02	3.549480928e+00	1.572098477e-02	1.307070427e-13
-6.200000000e-02	3.549488463e+00	1.537397687e-02	8.468982974e-14
-6.300000000e-02	3.549496033e+00	1.502696947e-02	9.333544364e-14
-6.400000000e-02	3.549503636e+00	1.467996256e-02	1.114513518e-13
-6.500000000e-02	3.549511273e+00	1.433295615e-02	1.572095704e-13
-6.600000000e-02	3.549518943e+00	1.398595027e-02	1.996979853e-13
-6.700000000e-02	3.549526647e+00	1.363894491e-02	5.621677212e-14
-6.800000000e-02	3.549534385e+00	1.329194009e-02	9.016214077e-14
-6.900000000e-02	3.549542157e+00	1.294493581e-02	1.010030583e-13
-7.000000000e-02	3.549549962e+00	1.259793209e-02	2.025104696e-13
-7.100000000e-02	3.549557801e+00	1.225092894e-02	1.372439122e-13
-7.200000000e-02	3.549565674e+00	1.190392636e-02	1.058993064e-13
-7.300000000e-02	3.549573580e+00	1.155692437e-02	1.084914717e-13
-7.400000000e-02	3.549581520e+00	1.120992297e-02	1.264600345e-13
-7.500000000e-02	3.549589494e+00	1.086292218e-02	1.485406864e-13
-7.600000000e-02	3.549597501e+00	1.051592200e-02	4.539453378e-13
-7.700000000e-02	3.549605542e+00	1.016892245e-02	1.219566854e-13
-7.800000000e-02	3.549613617e+00	9.821923531e-03	1.366510130e-13
-7.900000000e-02	3.549621726e+00	9.474925256e-03	1.609045108e-13
-8.000000000e-02	3.549629868e+00	9.127927634e-03	9.905174778e-14
-8.100000000e-02	3.549638044e+00	8.780930676e-03	1.159367404e-13
-8.200000000e-02	3.549646253e+00	8.433934391e-03	8.351403185e-14
-8.300000000e-02	3.549654496e+00	8.086938789e-03	1.633633127e-13
-8.400000000e-02	3.549662773e+00	7.739943880e-03	6.922158760e-14
-8.500000000e-02	3.549671084e+00	7.392949673e-03	3.564319840e-13
-8.600000000e-02	3.549679428e+00	7.045956178e-03	3.330083947e-13
-8.700000000e-02	3.549687806e+00	6.698963405e-03	9.605452059e-14
-8.800000000e-02	3.549696218e+00	6.351971364e-03	1.927654840e-13
-8.900000000e-02	3.549704664e+00	6.004980064e-03	7.248508730e-14
-9.000000000e-02	3.549713143e+00	5.657989516e-03	2.234858818e-13
-9.100000000e-02	3.549721655e+00	5.310999728e-03	9.701788255e-14
-9.200000000e-02	3.549730202e+00	4.964010711e-03	3.791134632e-13
-9.300000000e-02	3.549738782e+00	4.617022474e-03	1.082581312e-13
-9.400000000e-02	3.549747396e+00	4.270035027e-03	7.701659613e-14
-9.500000000e-02	3.549756043e+00	3.923048380e-03	2.782787742e-13
-9.600000000e-02	3.549764725e+00	3.576062543e-03	1.089554233e-13
-9.700000000e-02	3.549773440e+00	3.229077525e-03	2.836162068e-13
-9.800000000e-02	3.549782188e+00	2.882093337e-03	2.202906375e-13
-9.900000000e-02	3.549790970e+00	2.535109987e-03	1.157156145e-13
-1.000000000e-01	3.549799786e+00	2.188127486e-03	1.225253719e-13
-1.010000000e-01	3.549808636e+00	1.841145843e-03	7.831474577e-14
-1.020000000e-01	3.549817519e+00	1.494165068e-03	1.066480029e-13
-1.030000000e-01	3.549826436e+00	1.147185171e-03	2.930000352e-13
-1.040000000e-01	3.549835387e+00	8.002061616e-04	2.560044541e-13
-1.050000000e-01	3.549844371e+00	4.532280495e-04	1.592758876e-13
-1.060000000e-01	3.549853390e+00	1.062508445e-04	1.637077308e-13
-1.070000000e-01	3.549862441e+00	-2.407254436e-04	7.665468926e-14
-1.080000000e-01	3.549871527e+00	-5.877008052e-04	1.103597427e-13
-1.090000000e-01	3.549880646e+00	-9.346752305e-04	1.746299384e-13
-1.100000000e-01	3.549889799e+00	-1.281648710e-03	1.586736810e-13
-1.110000000e-01	3.549898985e+00	-1.628621233e-03	1.378129035e-13
-1.120000000e-01	3.549908205e+00	-1.975592791e-03	1.036941767e-13
-1.130000000e-01	3.549917459e+00	-2.322563374e-03	1.360933397e-13
-1.140000000e-01	3.549926747e+00	-2.669532971e-03	7.182756869e-14
-1.150000000e-01	3.549936068e+00	-3.016501574e-03	1.356864351e-13
-1.160000000e-01	3.549945423e+00	-3.363469173e-03	2.132668787e-13
-1.170000000e-01	3.549954811e+00	-3.710435757e-03	9.600895531e-14
-1.180000000e-01	3.549964233e+00	-4.057401317e-03	1.709207006e-13
-1.190000000e-01	3.549973689e+00	-4.404365844e-03	1.528607478e-13
-1.200000000e-01	3.549983179e+00	-4.751329327e-03	1.142255483e-13
-1.210000000e-01	3.549992702e+00	-5.098291756e-03	3.714915776e-13
-1.220000000e-01	3.550002259e+00	-5.445253123e-03	1.043416517e-13
-1.230000000e-01	3.550011850e+00	-5.792213418e-03	1.329745499e-13
-1.240000000e-01	3.550021474e+00	-6.139172629e-03	9.339668299e-14
-1.250000000e-01	3.550031132e+00	-6.486130749e-03	1.643964407e-13
-1.260000000e-01	3.550040824e+00	-6.833087767e-03	1.010595716e-13
-1.270000000e-01	3.550050549e+00	-7.180043673e-03	1.330112516e-13
-1.280000000e-01	3.550060308e+00	-7.526998458e-03	9.026079050e-14
-1.290000000e-01	3.550070100e+00	-7.873952112e-03	1.175755013e-13
-1.300000000e-01	3.550079927e+00	-8.220904624e-03	5.847999008e-14
-1.310000000e-01	3.550089787e+00	-8.567855987e-03	2.672236710e-13
-1.320000000e-01	3.550099680e+00	-8.914806189e-03	1.976077226e-13
-1.330000000e-01	3.550109608e+00	-9.261755221e-03	5.412835399e-14
-1.340000000e-01	3.550119569e+00	-9.608703073e-03	3.006006902e-13
-1.350000000e-01	3.550129563e+00	-9.955649735e-03	1.214535276e-13
-1.360000000e-01	3.550139592e+00	-1.030259520e-02	1.120043369e-13
-1.370000000e-01	3.550149654e+00	-1.064953945e-02	2.020605905e-13
-1.380000000e-01	3.550159749e+00	-1.099648249e-02	1.680889392e-13
-1.390000000e-01	3.550169879e+00	-1.134342430e-02	1.956393483e-13
-1.400000000e-01	3.550180042e+00	-1.169036487e-02	9.008801417e-14
-1.410000000e-01	3.550190238e+00	-1.203730419e-02	1.424682638e-13
-1.420000000e-01	3.550200469e+00	-1.238424225e-02	1.170931650e-13
-1.430000000e-01	3.550210733e+00	-1.273117905e-02	1.527777013e-13
-1.440000000e-01	3.550221030e+00	-1.307811457e-02	1.190689220e-13
-1.450000000e-01	3.550231362e+00	-1.342504880e-02	2.074824758e-13
-1.460000000e-01	3.550241727e+00	-1.377198173e-02	1.371653476e-13
-1.470000000e-01	3.550252125e+00	-1.411891336e-02	5.072844573e-14
-1.480000000e-01	3.550262558e+00	-1.446584368e-02	8.011965053e-14
-1.490000000e-01	3.550273024e+00	-1.481277266e-02	1.467310416e-13
-1.500000000e-01	3.550283523e+00	-1.515970032e-02	3.034455429e-13
-1.510000000e-01	3.550294056e+00	-1.550662662e-02	2.182806041e-13
-1.520000000e-01	3.550304623e+00	-1.585355157e-02	1.776365513e-13
-1.530000000e-01	3.550315224e+00	-1.620047516e-02	4.280125175e-13
-1.540000000e-01	3.550325858e+00	-1.654739737e-02	1.897236021e-13
-1.550000000e-01	3.550336526e+00	-1.689431820e-02	1.563998487e-13
-1.560000000e-01	3.550347228e+00	-1.724123764e-02	7.844690082e-14
-1.570000000e-01	3.550357963e+00	-1.758815567e-02	4.613841652e-14
-1.580000000e-01	3.550368732e+00	-1.793507229e-02	1.196147197e-13
-1.590000000e-01	3.550379534e+00	-1.828198748e-02	2.182751831e-13
-1.600000000e-01	3.550390370e+00	-1.862890124e-02	5.651111536e-14
-1.610000000e-01	3.550401240e+00	-1.897581356e-02	1.909072315e-13
-1.620000000e-01	3.550412144e+00	-1.932272443e-02	1.461148406e-13
-1.630000000e-01	3.550423081e+00	-1.966963384e-02	1.350651904e-13
-1.640000000e-01	3.550434052e+00	-2.001654177e-02	1.596455929e-13
-1.650000000e-01	3.550445056e+00	-2.036344822e-02	1.135923102e-13
-1.660000000e-01	3.550456094e+00	-2.071035319e-02	8.189390648e-14
-1.670000000e-01	3.550467166e+00	-2.105725665e-02	1.018507251e-13
-1.680000000e-01	3.550478271e+00	-2.140415860e-02	2.668766475e-13
-1.690000000e-01	3.550489410e+00	-2.175105903e-02	1.045026578e-13
-1.700000000e-01	3.550500583e+00	-2.209795793e-02	1.246721138e-13
-1.710000000e-01	3.550511789e+00	-2.244485529e-02	6.851083646e-14
-1.720000000e-01	3.550523029e+00	-2.279175110e-02	2.643954584e-13
-1.730000000e-01	3.550534303e+00	-2.313864535e-02	9.677502762e-14
-1.740000000e-01	3.550545610e+00	-2.348553803e-02	3.240562052e-13
-1.750000000e-01	3.550556951e+00	-2.383242914e-02	1.434059227e-13
-1.760000000e-01	3.550568326e+00	-2.417931865e-02	8.389885686e-14
-1.770000000e-01	3.550579734e+00	-2.452620657e-02	9.903911247e-14
-1.780000000e-01	3.550591176e+00	-2.487309288e-02	3.186965148e-13
-1.790000000e-01	3.550602651e+00	-2.521997757e-02	2.335687875e-13
-1.800000000e-01	3.550614160e+00	-2.556686064e-02	4.987768838e-14
-1.810000000e-01	3.550625703e+00	-2.591374207e-02	1.002366012e-13
-1.820000000e-01	3.550637279e+00	-2.626062185e-02	1.962644463e-13
-1.830000000e-01	3.550648889e+00	-2.660749997e-02	1.904604344e-13
-1.840000000e-01	3.550660533e+00	-2.695437643e-02	7.757853690e-14
-1.850000000e-01	3.550672210e+00	-2.730125122e-02	2.144783367e-13
-1.860000000e-01	3.550683921e+00	-2.764812432e-02	5.868030207e-14
-1.870000000e-01	3.550695666e+00	-2.799499572e-02	3.156334966e-13
-1.880000000e-01	3.550707444e+00	-2.834186542e-02	1.222871730e-13
-1.890000000e-01	3.550719256e+00	-2.868873340e-02	1.274483808e-13
-1.900000000e-01	3.550731101e+00	-2.903559966e-02	2.019635752e-13
-1.910000000e-01	3.550742980e+00	-2.938246419e-02	2.581438283e-13
-1.920000000e-01	3.550754893e+00	-2.972932697e-02	2.428913242e-13
-1.930000000e-01	3.550766839e+00	-3.007618800e-02	5.075067345e-14
-1.940000000e-01	3.550778819e+00	-3.042304726e-02	3.871013841e-13
-1.950000000e-01	3.550790833e+00	-3.076990476e-02	2.169070088e-13
-1.960000000e-01	3.550802880e+00	-3.111676047e-02	1.210768327e-13
-1.970000000e-01	3.550814961e+00	-3.146361439e-02	6.530527750e-14
-1.980000000e-01	3.550827075e+00	-3.181046650e-02	7.679052396e-14
-1.990000000e-01	3.550839223e+00	-3.215731681e-02	1.155470713e-13
-2.000000000e-01	3.550851405e+00	-3.250416529e-02	1.230024902e-13
