# epsi_ci     Re(Lambda)      Im(Lambda)      Eq(det), R = 0.05 $\mu$m, $E_p$ = 0.600 eV, modo = 4, $\epsilon_\infty$ = 3.9, $\gamma_{DL}$ = 0.01 eV, solve_det_sinkz_vs_mu.py
0.000000000e+00	3.178183160e+00	2.282103228e-02	1.674270801e-13
-1.000000000e-03	3.178186917e+00	2.250537077e-02	1.196505232e-13
-2.000000000e-03	3.178190706e+00	2.218970923e-02	1.433163763e-13
-3.000000000e-03	3.178194526e+00	2.187404767e-02	1.226586939e-13
-4.000000000e-03	3.178198378e+00	2.155838611e-02	9.750387943e-14
-5.000000000e-03	3.178202260e+00	2.124272455e-02	7.644302754e-14
-6.000000000e-03	3.178206174e+00	2.092706300e-02	9.692247005e-14
-7.000000000e-03	3.178210119e+00	2.061140147e-02	7.701619603e-14
-8.000000000e-03	3.178214096e+00	2.029573998e-02	9.927579274e-14
-9.000000000e-03	3.178218103e+00	1.998007852e-02	8.965571648e-14
-1.000000000e-02	3.178222142e+00	1.966441711e-02	1.118196877e-13
-1.100000000e-02	3.178226212e+00	1.934875577e-02	8.911052799e-14
-1.200000000e-02	3.178230314e+00	1.903309448e-02	1.369214700e-13
-1.300000000e-02	3.178234447e+00	1.871743328e-02	9.831236456e-14
-1.400000000e-02	3.178238611e+00	1.840177216e-02	1.502827429e-13
-1.500000000e-02	3.178242806e+00	1.808611114e-02	7.127744223e-14
-1.600000000e-02	3.178247032e+00	1.777045022e-02	9.198651686e-14
-1.700000000e-02	3.178251290e+00	1.745478941e-02	1.559157942e-13
-1.800000000e-02	3.178255579e+00	1.713912873e-02	1.397470493e-13
-1.900000000e-02	3.178259899e+00	1.682346818e-02	1.207532785e-13
-2.000000000e-02	3.178264251e+00	1.650780777e-02	1.112224618e-13
-2.100000000e-02	3.178268634e+00	1.619214752e-02	1.464717451e-13
-2.200000000e-02	3.178273048e+00	1.587648742e-02	1.632274040e-13
-2.300000000e-02	3.178277493e+00	1.556082749e-02	1.457938856e-13
-2.400000000e-02	3.178281970e+00	1.524516774e-02	1.196513474e-13
-2.500000000e-02	3.178286478e+00	1.492950818e-02	9.887544285e-14
-2.600000000e-02	3.178291017e+00	1.461384882e-02	1.663590203e-13
-2.700000000e-02	3.178295587e+00	1.429818966e-02	7.470012920e-14
-2.800000000e-02	3.178300189e+00	1.398253072e-02	9.622157947e-14
-2.900000000e-02	3.178304822e+00	1.366687201e-02	2.226772248e-13
-3.000000000e-02	3.178309486e+00	1.335121352e-02	1.565569672e-13
-3.100000000e-02	3.178314181e+00	1.303555529e-02	1.360756661e-13
-3.200000000e-02	3.178318908e+00	1.271989730e-02	6.138501816e-14
-3.300000000e-02	3.178323666e+00	1.240423958e-02	1.103287447e-13
-3.400000000e-02	3.178328455e+00	1.208858213e-02	1.060414834e-13
-3.500000000e-02	3.178333275e+00	1.177292496e-02	3.317214305e-13
-3.600000000e-02	3.178338127e+00	1.145726808e-02	2.751078499e-13
-3.700000000e-02	3.178343010e+00	1.114161149e-02	8.909116079e-14
-3.800000000e-02	3.178347924e+00	1.082595522e-02	1.069305731e-13
-3.900000000e-02	3.178352870e+00	1.051029926e-02	7.591589847e-14
-4.000000000e-02	3.178357846e+00	1.019464364e-02	1.175815946e-13
-4.100000000e-02	3.178362854e+00	9.878988344e-03	8.498139030e-14
-4.200000000e-02	3.178367894e+00	9.563333397e-03	5.411765735e-14
-4.300000000e-02	3.178372964e+00	9.247678805e-03	2.026752366e-13
-4.400000000e-02	3.178378066e+00	8.932024577e-03	1.160981721e-13
-4.500000000e-02	3.178383199e+00	8.616370722e-03	1.060833205e-13
-4.600000000e-02	3.178388363e+00	8.300717250e-03	1.223310614e-13
-4.700000000e-02	3.178393559e+00	7.985064170e-03	1.266342868e-13
-4.800000000e-02	3.178398785e+00	7.669411491e-03	1.104008514e-13
-4.900000000e-02	3.178404043e+00	7.353759223e-03	1.189142549e-13
-5.000000000e-02	3.178409333e+00	7.038107374e-03	8.456841160e-14
-5.100000000e-02	3.178414653e+00	6.722455954e-03	1.208755318e-13
-5.200000000e-02	3.178420005e+00	6.406804972e-03	1.694129450e-13
-5.300000000e-02	3.178425388e+00	6.091154437e-03	1.789525579e-13
-5.400000000e-02	3.178430802e+00	5.775504360e-03	1.752612664e-13
-5.500000000e-02	3.178436248e+00	5.459854748e-03	7.346398240e-13
-5.600000000e-02	3.178441725e+00	5.144205612e-03	1.093966718e-13
-5.700000000e-02	3.178447233e+00	4.828556960e-03	8.845868833e-14
-5.800000000e-02	3.178452772e+00	4.512908802e-03	1.248147474e-13
-5.900000000e-02	3.178458343e+00	4.197261147e-03	3.677613769e-14
-6.000000000e-02	3.178463945e+00	3.881614004e-03	7.140348265e-14
-6.100000000e-02	3.178469578e+00	3.565967383e-03	8.875113849e-14
-6.200000000e-02	3.178475242e+00	3.250321292e-03	5.224953751e-14
-6.300000000e-02	3.178480938e+00	2.934675742e-03	1.232222026e-13
-6.400000000e-02	3.178486665e+00	2.619030741e-03	6.086779381e-14
-6.500000000e-02	3.178492423e+00	2.303386299e-03	4.050716829e-13
-6.600000000e-02	3.178498212e+00	1.987742424e-03	1.144243592e-13
-6.700000000e-02	3.178504033e+00	1.672099127e-03	1.229519871e-13
-6.800000000e-02	3.178509884e+00	1.356456416e-03	6.947656912e-14
-6.900000000e-02	3.178515768e+00	1.040814301e-03	1.959153292e-13
-7.000000000e-02	3.178521682e+00	7.251727910e-04	1.456501328e-13
-7.100000000e-02	3.178527628e+00	4.095318950e-04	1.747457272e-13
-7.200000000e-02	3.178533604e+00	9.389162239e-05	5.029884374e-13
-7.300000000e-02	3.178539612e+00	-2.217480174e-04	1.008148684e-13
-7.400000000e-02	3.178545652e+00	-5.373870153e-04	1.867490174e-13
-7.500000000e-02	3.178551722e+00	-8.530253620e-04	1.292519075e-13
-7.600000000e-02	3.178557824e+00	-1.168663048e-03	8.837404914e-14
-7.700000000e-02	3.178563957e+00	-1.484300064e-03	3.089898079e-13
-7.800000000e-02	3.178570122e+00	-1.799936402e-03	1.079822456e-13
-7.900000000e-02	3.178576317e+00	-2.115572051e-03	9.793174030e-14
-8.000000000e-02	3.178582544e+00	-2.431207002e-03	6.166287022e-14
-8.100000000e-02	3.178588802e+00	-2.746841247e-03	1.112189154e-13
-8.200000000e-02	3.178595092e+00	-3.062474776e-03	1.745626508e-13
-8.300000000e-02	3.178601412e+00	-3.378107579e-03	1.029044395e-13
-8.400000000e-02	3.178607764e+00	-3.693739648e-03	2.858703563e-13
-8.500000000e-02	3.178614147e+00	-4.009370973e-03	1.722548501e-13
-8.600000000e-02	3.178620562e+00	-4.325001545e-03	1.844850287e-13
-8.700000000e-02	3.178627007e+00	-4.640631354e-03	8.553365986e-14
-8.800000000e-02	3.178633484e+00	-4.956260392e-03	8.777364534e-14
-8.900000000e-02	3.178639992e+00	-5.271888649e-03	7.373561075e-14
-9.000000000e-02	3.178646531e+00	-5.587516116e-03	8.439126469e-14
-9.100000000e-02	3.178653102e+00	-5.903142783e-03	2.551678257e-13
-9.200000000e-02	3.178659704e+00	-6.218768642e-03	1.657809839e-13
-9.300000000e-02	3.178666337e+00	-6.534393683e-03	1.615693039e-13
-9.400000000e-02	3.178673001e+00	-6.850017897e-03	1.322249521e-13
-9.500000000e-02	3.178679697e+00	-7.165641274e-03	4.035168165e-14
-9.600000000e-02	3.178686423e+00	-7.481263806e-03	1.030789914e-13
-9.700000000e-02	3.178693181e+00	-7.796885482e-03	4.447160435e-14
-9.800000000e-02	3.178699971e+00	-8.112506295e-03	8.893433899e-14
-9.900000000e-02	3.178706791e+00	-8.428126234e-03	1.401810343e-13
-1.000000000e-01	3.178713643e+00	-8.743745291e-03	1.875547899e-13
-1.010000000e-01	3.178720526e+00	-9.059363455e-03	1.015256313e-13
-1.020000000e-01	3.178727440e+00	-9.374980719e-03	1.444854072e-13
-1.030000000e-01	3.178734385e+00	-9.690597071e-03	1.632660626e-13
-1.040000000e-01	3.178741362e+00	-1.000621250e-02	9.436040146e-14
-1.050000000e-01	3.178748370e+00	-1.032182701e-02	2.920233532e-13
-1.060000000e-01	3.178755409e+00	-1.063744057e-02	1.989539485e-13
-1.070000000e-01	3.178762480e+00	-1.095305319e-02	5.961391094e-14
-1.080000000e-01	3.178769581e+00	-1.126866486e-02	8.527553600e-14
-1.090000000e-01	3.178776714e+00	-1.158427555e-02	5.554205124e-13
-1.100000000e-01	3.178783878e+00	-1.189988527e-02	2.697504750e-13
-1.110000000e-01	3.178791074e+00	-1.221549401e-02	9.226828379e-14
-1.120000000e-01	3.178798300e+00	-1.253110175e-02	1.910854772e-13
-1.130000000e-01	3.178805558e+00	-1.284670849e-02	1.727799541e-13
-1.140000000e-01	3.178812847e+00	-1.316231422e-02	6.860603395e-14
-1.150000000e-01	3.178820167e+00	-1.347791892e-02	9.909559911e-14
-1.160000000e-01	3.178827519e+00	-1.379352260e-02	9.577538259e-14
-1.170000000e-01	3.178834901e+00	-1.410912523e-02	2.221512717e-13
-1.180000000e-01	3.178842315e+00	-1.442472682e-02	1.115240995e-13
-1.190000000e-01	3.178849761e+00	-1.474032735e-02	1.352805730e-13
-1.200000000e-01	3.178857237e+00	-1.505592681e-02	8.303518246e-14
-1.210000000e-01	3.178864745e+00	-1.537152519e-02	1.785216529e-13
-1.220000000e-01	3.178872284e+00	-1.568712249e-02	8.379058453e-14
-1.230000000e-01	3.178879854e+00	-1.600271869e-02	1.534559566e-13
-1.240000000e-01	3.178887455e+00	-1.631831378e-02	3.554447979e-14
-1.250000000e-01	3.178895088e+00	-1.663390777e-02	2.210173820e-13
-1.260000000e-01	3.178902751e+00	-1.694950063e-02	1.328786232e-13
-1.270000000e-01	3.178910446e+00	-1.726509235e-02	6.769447763e-14
-1.280000000e-01	3.178918173e+00	-1.758068294e-02	7.822149574e-14
-1.290000000e-01	3.178925930e+00	-1.789627237e-02	9.237295754e-14
-1.300000000e-01	3.178933719e+00	-1.821186065e-02	6.147227791e-14
-1.310000000e-01	3.178941539e+00	-1.852744775e-02	2.054866566e-13
-1.320000000e-01	3.178949390e+00	-1.884303368e-02	1.361667607e-13
-1.330000000e-01	3.178957272e+00	-1.915861841e-02	1.120689719e-13
-1.340000000e-01	3.178965186e+00	-1.947420196e-02	1.261283720e-13
-1.350000000e-01	3.178973131e+00	-1.978978429e-02	8.747796588e-14
-1.360000000e-01	3.178981107e+00	-2.010536541e-02	2.088338658e-13
-1.370000000e-01	3.178989114e+00	-2.042094530e-02	2.174464121e-13
-1.380000000e-01	3.178997153e+00	-2.073652396e-02	6.418932787e-14
-1.390000000e-01	3.179005222e+00	-2.105210138e-02	1.410318891e-13
-1.400000000e-01	3.179013323e+00	-2.136767754e-02	1.755472907e-13
-1.410000000e-01	3.179021455e+00	-2.168325245e-02	6.871912830e-14
-1.420000000e-01	3.179029619e+00	-2.199882608e-02	1.501441910e-13
-1.430000000e-01	3.179037813e+00	-2.231439843e-02	1.138448047e-13
-1.440000000e-01	3.179046039e+00	-2.262996949e-02	1.263465021e-13
-1.450000000e-01	3.179054296e+00	-2.294553925e-02	8.715344369e-13
-1.460000000e-01	3.179062584e+00	-2.326110771e-02	1.460837514e-13
-1.470000000e-01	3.179070904e+00	-2.357667484e-02	1.667512111e-13
-1.480000000e-01	3.179079254e+00	-2.389224065e-02	8.010641883e-14
-1.490000000e-01	3.179087636e+00	-2.420780513e-02	1.668735748e-13
-1.500000000e-01	3.179096049e+00	-2.452336826e-02	1.239241662e-13
-1.510000000e-01	3.179104494e+00	-2.483893003e-02	1.765448713e-13
-1.520000000e-01	3.179112969e+00	-2.515449045e-02	8.245512122e-14
-1.530000000e-01	3.179121476e+00	-2.547004949e-02	1.358448496e-13
-1.540000000e-01	3.179130014e+00	-2.578560714e-02	5.810521668e-13
-1.550000000e-01	3.179138583e+00	-2.610116341e-02	8.343678738e-14
-1.560000000e-01	3.179147183e+00	-2.641671828e-02	8.929727457e-14
-1.570000000e-01	3.179155815e+00	-2.673227173e-02	1.055251654e-13
-1.580000000e-01	3.179164478e+00	-2.704782377e-02	3.820532793e-13
-1.590000000e-01	3.179173172e+00	-2.736337438e-02	3.836941053e-14
-1.600000000e-01	3.179181897e+00	-2.767892355e-02	2.305438994e-13
-1.610000000e-01	3.179190653e+00	-2.799447128e-02	6.118124709e-14
-1.620000000e-01	3.179199441e+00	-2.831001755e-02	1.115327199e-13
-1.630000000e-01	3.179208260e+00	-2.862556235e-02	2.959980345e-13
-1.640000000e-01	3.179217110e+00	-2.894110568e-02	1.599861811e-13
-1.650000000e-01	3.179225991e+00	-2.925664753e-02	1.311259406e-13
-1.660000000e-01	3.179234903e+00	-2.957218789e-02	1.183112332e-13
-1.670000000e-01	3.179243847e+00	-2.988772674e-02	1.155323493e-13
-1.680000000e-01	3.179252822e+00	-3.020326408e-02	1.390793536e-13
-1.690000000e-01	3.179261828e+00	-3.051879990e-02	1.919292735e-13
-1.700000000e-01	3.179270865e+00	-3.083433419e-02	2.282618539e-13
-1.710000000e-01	3.179279933e+00	-3.114986695e-02	8.633424330e-13
-1.720000000e-01	3.179289033e+00	-3.146539815e-02	1.254070501e-13
-1.730000000e-01	3.179298163e+00	-3.178092780e-02	1.327291940e-13
-1.740000000e-01	3.179307325e+00	-3.209645588e-02	7.549516567e-14
-1.750000000e-01	3.179316519e+00	-3.241198238e-02	1.794169872e-13
-1.760000000e-01	3.179325743e+00	-3.272750731e-02	9.156425995e-14
-1.770000000e-01	3.179334999e+00	-3.304303063e-02	3.370400130e-14
-1.780000000e-01	3.179344285e+00	-3.335855235e-02	1.438986098e-13
-1.790000000e-01	3.179353603e+00	-3.367407246e-02	8.824757706e-14
-1.800000000e-01	3.179362952e+00	-3.398959095e-02	8.066425455e-14
-1.810000000e-01	3.179372333e+00	-3.430510781e-02	7.518759513e-14
-1.820000000e-01	3.179381744e+00	-3.462062303e-02	1.273537601e-13
-1.830000000e-01	3.179391187e+00	-3.493613659e-02	6.634787914e-14
-1.840000000e-01	3.179400661e+00	-3.525164850e-02	2.352583285e-13
-1.850000000e-01	3.179410166e+00	-3.556715874e-02	7.098130834e-13
-1.860000000e-01	3.179419702e+00	-3.588266731e-02	4.145729166e-13
-1.870000000e-01	3.179429270e+00	-3.619817419e-02	1.435012972e-13
-1.880000000e-01	3.179438868e+00	-3.651367937e-02	1.134028557e-13
-1.890000000e-01	3.179448498e+00	-3.682918284e-02	8.246319311e-14
-1.900000000e-01	3.179458159e+00	-3.714468461e-02	1.330993965e-13
-1.910000000e-01	3.179467851e+00	-3.746018465e-02	9.312011751e-14
-1.920000000e-01	3.179477575e+00	-3.777568295e-02	3.479528938e-13
-1.930000000e-01	3.179487329e+00	-3.809117952e-02	9.768448559e-14
-1.940000000e-01	3.179497115e+00	-3.840667433e-02	1.582958465e-13
-1.950000000e-01	3.179506932e+00	-3.872216739e-02	1.180475662e-13
-1.960000000e-01	3.179516780e+00	-3.903765867e-02	3.082506987e-13
-1.970000000e-01	3.179526659e+00	-3.935314818e-02	1.552280785e-13
-1.980000000e-01	3.179536570e+00	-3.966863590e-02	9.103828802e-14
-1.990000000e-01	3.179546511e+00	-3.998412182e-02	1.992372474e-13
-2.000000000e-01	3.179556484e+00	-4.029960594e-02	4.619418010e-13
