# epsi_ci     Re(Lambda)      Im(Lambda)      Eq(det), R = 0.05 $\mu$m, $E_p$ = 0.600 eV, modo = 4, $\epsilon_\infty$ = 3.9, $\gamma_{DL}$ = 0.01 eV, solve_det_sinkz_vs_mu.py
0.000000000e+00	3.402909873e+00	3.059596031e-02	3.332962930e-13
-1.000000000e-03	3.402914649e+00	3.026081047e-02	1.555227106e-13
-2.000000000e-03	3.402919459e+00	2.992566057e-02	5.492397969e-13
-3.000000000e-03	3.402924301e+00	2.959051063e-02	1.094067194e-13
-4.000000000e-03	3.402929176e+00	2.925536064e-02	2.533327761e-13
-5.000000000e-03	3.402934084e+00	2.892021061e-02	2.467123406e-13
-6.000000000e-03	3.402939025e+00	2.858506057e-02	1.489110404e-13
-7.000000000e-03	3.402943998e+00	2.824991051e-02	2.467106420e-13
-8.000000000e-03	3.402949005e+00	2.791476045e-02	1.356372696e-13
-9.000000000e-03	3.402954044e+00	2.757961039e-02	1.285824724e-13
-1.000000000e-02	3.402959116e+00	2.724446035e-02	7.984541527e-14
-1.100000000e-02	3.402964221e+00	2.690931034e-02	1.107521897e-13
-1.200000000e-02	3.402969359e+00	2.657416036e-02	1.036929286e-13
-1.300000000e-02	3.402974530e+00	2.623901043e-02	2.221184225e-13
-1.400000000e-02	3.402979733e+00	2.590386055e-02	1.568936445e-13
-1.500000000e-02	3.402984970e+00	2.556871074e-02	1.208283827e-13
-1.600000000e-02	3.402990239e+00	2.523356099e-02	1.077617864e-13
-1.700000000e-02	3.402995541e+00	2.489841134e-02	6.902489674e-14
-1.800000000e-02	3.403000876e+00	2.456326177e-02	1.145769526e-13
-1.900000000e-02	3.403006244e+00	2.422811231e-02	9.605618876e-14
-2.000000000e-02	3.403011645e+00	2.389296296e-02	8.229862822e-14
-2.100000000e-02	3.403017079e+00	2.355781373e-02	9.831292875e-14
-2.200000000e-02	3.403022545e+00	2.322266464e-02	9.768816055e-14
-2.300000000e-02	3.403028044e+00	2.288751568e-02	2.244632646e-13
-2.400000000e-02	3.403033576e+00	2.255236688e-02	1.304006923e-13
-2.500000000e-02	3.403039141e+00	2.221721823e-02	1.439835567e-13
-2.600000000e-02	3.403044739e+00	2.188206976e-02	1.069734884e-13
-2.700000000e-02	3.403050370e+00	2.154692146e-02	1.657970893e-13
-2.800000000e-02	3.403056034e+00	2.121177336e-02	4.352697049e-13
-2.900000000e-02	3.403061730e+00	2.087662545e-02	1.925827369e-13
-3.000000000e-02	3.403067459e+00	2.054147775e-02	1.346549958e-13
-3.100000000e-02	3.403073221e+00	2.020633027e-02	1.591970877e-13
-3.200000000e-02	3.403079016e+00	1.987118302e-02	1.350081527e-13
-3.300000000e-02	3.403084844e+00	1.953603600e-02	6.918676154e-14
-3.400000000e-02	3.403090705e+00	1.920088924e-02	1.352177923e-13
-3.500000000e-02	3.403096598e+00	1.886574272e-02	6.395848284e-14
-3.600000000e-02	3.403102525e+00	1.853059648e-02	8.575522476e-14
-3.700000000e-02	3.403108484e+00	1.819545051e-02	1.215027674e-13
-3.800000000e-02	3.403114476e+00	1.786030483e-02	1.246983139e-13
-3.900000000e-02	3.403120501e+00	1.752515944e-02	1.054121281e-13
-4.000000000e-02	3.403126559e+00	1.719001435e-02	2.238500440e-13
-4.100000000e-02	3.403132650e+00	1.685486958e-02	6.065111295e-13
-4.200000000e-02	3.403138773e+00	1.651972514e-02	8.342631650e-14
-4.300000000e-02	3.403144930e+00	1.618458102e-02	8.272973830e-14
-4.400000000e-02	3.403151119e+00	1.584943725e-02	1.359332681e-13
-4.500000000e-02	3.403157341e+00	1.551429384e-02	1.377857894e-13
-4.600000000e-02	3.403163596e+00	1.517915078e-02	1.351646292e-13
-4.700000000e-02	3.403169884e+00	1.484400810e-02	1.742676756e-13
-4.800000000e-02	3.403176204e+00	1.450886580e-02	5.585450827e-13
-4.900000000e-02	3.403182558e+00	1.417372389e-02	1.024153511e-13
-5.000000000e-02	3.403188944e+00	1.383858239e-02	1.404950391e-13
-5.100000000e-02	3.403195363e+00	1.350344129e-02	1.084980051e-13
-5.200000000e-02	3.403201815e+00	1.316830061e-02	9.418434173e-14
-5.300000000e-02	3.403208300e+00	1.283316036e-02	8.904624664e-14
-5.400000000e-02	3.403214818e+00	1.249802056e-02	9.166005594e-14
-5.500000000e-02	3.403221369e+00	1.216288120e-02	1.314517777e-13
-5.600000000e-02	3.403227952e+00	1.182774230e-02	1.180100852e-13
-5.700000000e-02	3.403234568e+00	1.149260386e-02	7.502187944e-14
-5.800000000e-02	3.403241218e+00	1.115746591e-02	1.470992576e-13
-5.900000000e-02	3.403247900e+00	1.082232844e-02	1.263147220e-13
-6.000000000e-02	3.403254614e+00	1.048719147e-02	9.747270623e-14
-6.100000000e-02	3.403261362e+00	1.015205501e-02	3.044918229e-13
-6.200000000e-02	3.403268143e+00	9.816919065e-03	3.498672241e-13
-6.300000000e-02	3.403274956e+00	9.481783645e-03	5.204047238e-14
-6.400000000e-02	3.403281802e+00	9.146648760e-03	1.563532703e-13
-6.500000000e-02	3.403288681e+00	8.811514420e-03	9.130172446e-14
-6.600000000e-02	3.403295593e+00	8.476380636e-03	2.702690721e-13
-6.700000000e-02	3.403302538e+00	8.141247416e-03	5.664769682e-14
-6.800000000e-02	3.403309516e+00	7.806114770e-03	1.075870306e-13
-6.900000000e-02	3.403316526e+00	7.470982708e-03	8.485200415e-14
-7.000000000e-02	3.403323570e+00	7.135851239e-03	1.813817183e-13
-7.100000000e-02	3.403330646e+00	6.800720373e-03	1.158107138e-13
-7.200000000e-02	3.403337755e+00	6.465590120e-03	8.095619621e-14
-7.300000000e-02	3.403344897e+00	6.130460488e-03	8.614651062e-14
-7.400000000e-02	3.403352071e+00	5.795331489e-03	7.835308542e-14
-7.500000000e-02	3.403359279e+00	5.460203131e-03	1.228013191e-13
-7.600000000e-02	3.403366519e+00	5.125075424e-03	7.658185821e-14
-7.700000000e-02	3.403373793e+00	4.789948378e-03	1.205324404e-13
-7.800000000e-02	3.403381099e+00	4.454822002e-03	9.437503455e-14
-7.900000000e-02	3.403388438e+00	4.119696307e-03	1.044773547e-13
-8.000000000e-02	3.403395809e+00	3.784571300e-03	1.361191496e-13
-8.100000000e-02	3.403403214e+00	3.449446993e-03	3.308570092e-13
-8.200000000e-02	3.403410652e+00	3.114323394e-03	9.687718577e-14
-8.300000000e-02	3.403418122e+00	2.779200514e-03	1.842462190e-13
-8.400000000e-02	3.403425625e+00	2.444078362e-03	2.239097799e-13
-8.500000000e-02	3.403433161e+00	2.108956948e-03	9.142713571e-14
-8.600000000e-02	3.403440730e+00	1.773836280e-03	7.869204488e-14
-8.700000000e-02	3.403448332e+00	1.438716370e-03	1.021869078e-13
-8.800000000e-02	3.403455966e+00	1.103597226e-03	6.819273242e-13
-8.900000000e-02	3.403463633e+00	7.684788581e-04	1.814860579e-13
-9.000000000e-02	3.403471334e+00	4.333612759e-04	2.376614108e-13
-9.100000000e-02	3.403479067e+00	9.824448903e-05	1.587437242e-13
-9.200000000e-02	3.403486833e+00	-2.368714930e-04	1.216309115e-13
-9.300000000e-02	3.403494631e+00	-5.719866604e-04	6.988199151e-14
-9.400000000e-02	3.403502463e+00	-9.071010037e-04	4.447160435e-14
-9.500000000e-02	3.403510327e+00	-1.242214513e-03	1.727090643e-13
-9.600000000e-02	3.403518225e+00	-1.577327179e-03	1.389853015e-13
-9.700000000e-02	3.403526155e+00	-1.912438993e-03	1.080847731e-13
-9.800000000e-02	3.403534118e+00	-2.247549943e-03	1.617468165e-13
-9.900000000e-02	3.403542113e+00	-2.582660022e-03	1.014601868e-13
-1.000000000e-01	3.403550142e+00	-2.917769218e-03	2.929394509e-13
-1.010000000e-01	3.403558203e+00	-3.252877523e-03	1.506219164e-13
-1.020000000e-01	3.403566298e+00	-3.587984927e-03	7.718597523e-14
-1.030000000e-01	3.403574425e+00	-3.923091421e-03	6.551219015e-14
-1.040000000e-01	3.403582585e+00	-4.258196994e-03	3.854144307e-13
-1.050000000e-01	3.403590777e+00	-4.593301637e-03	1.000869597e-13
-1.060000000e-01	3.403599003e+00	-4.928405341e-03	9.650769701e-14
-1.070000000e-01	3.403607261e+00	-5.263508096e-03	1.066605422e-13
-1.080000000e-01	3.403615553e+00	-5.598609892e-03	9.456493653e-14
-1.090000000e-01	3.403623877e+00	-5.933710719e-03	2.958530848e-13
-1.100000000e-01	3.403632234e+00	-6.268810569e-03	8.522876362e-14
-1.110000000e-01	3.403640624e+00	-6.603909431e-03	1.113949341e-13
-1.120000000e-01	3.403649046e+00	-6.939007296e-03	2.601559344e-13
-1.130000000e-01	3.403657502e+00	-7.274104154e-03	2.274350601e-13
-1.140000000e-01	3.403665990e+00	-7.609199996e-03	1.075205575e-13
-1.150000000e-01	3.403674511e+00	-7.944294812e-03	1.507709029e-13
-1.160000000e-01	3.403683065e+00	-8.279388593e-03	1.139363641e-13
-1.170000000e-01	3.403691652e+00	-8.614481328e-03	2.508299241e-13
-1.180000000e-01	3.403700271e+00	-8.949573008e-03	2.854102480e-13
-1.190000000e-01	3.403708924e+00	-9.284663624e-03	1.082581312e-13
-1.200000000e-01	3.403717609e+00	-9.619753166e-03	8.172960919e-14
-1.210000000e-01	3.403726327e+00	-9.954841625e-03	5.759479236e-14
-1.220000000e-01	3.403735078e+00	-1.028992899e-02	5.870214348e-14
-1.230000000e-01	3.403743862e+00	-1.062501525e-02	3.403086214e-13
-1.240000000e-01	3.403752678e+00	-1.096010040e-02	4.372529061e-13
-1.250000000e-01	3.403761527e+00	-1.129518443e-02	1.797131148e-13
-1.260000000e-01	3.403770410e+00	-1.163026733e-02	8.672149541e-14
-1.270000000e-01	3.403779325e+00	-1.196534908e-02	7.387514438e-14
-1.280000000e-01	3.403788272e+00	-1.230042969e-02	2.154798746e-13
-1.290000000e-01	3.403797253e+00	-1.263550913e-02	1.888230556e-13
-1.300000000e-01	3.403806267e+00	-1.297058740e-02	5.646933079e-14
-1.310000000e-01	3.403815313e+00	-1.330566450e-02	1.439314984e-13
-1.320000000e-01	3.403824392e+00	-1.364074040e-02	5.590686756e-14
-1.330000000e-01	3.403833504e+00	-1.397581511e-02	1.440699934e-13
-1.340000000e-01	3.403842649e+00	-1.431088860e-02	7.727152251e-14
-1.350000000e-01	3.403851826e+00	-1.464596088e-02	1.191750857e-13
-1.360000000e-01	3.403861037e+00	-1.498103194e-02	3.185773120e-13
-1.370000000e-01	3.403870280e+00	-1.531610175e-02	1.297472197e-13
-1.380000000e-01	3.403879556e+00	-1.565117032e-02	5.487985140e-13
-1.390000000e-01	3.403888865e+00	-1.598623763e-02	1.216719848e-13
-1.400000000e-01	3.403898206e+00	-1.632130367e-02	1.381012128e-13
-1.410000000e-01	3.403907581e+00	-1.665636844e-02	2.680009624e-13
-1.420000000e-01	3.403916988e+00	-1.699143193e-02	8.195371286e-14
-1.430000000e-01	3.403926428e+00	-1.732649412e-02	6.415753987e-14
-1.440000000e-01	3.403935901e+00	-1.766155500e-02	1.193146307e-13
-1.450000000e-01	3.403945407e+00	-1.799661457e-02	6.984247068e-14
-1.460000000e-01	3.403954945e+00	-1.833167282e-02	2.302490136e-13
-1.470000000e-01	3.403964517e+00	-1.866672973e-02	1.478143447e-13
-1.480000000e-01	3.403974121e+00	-1.900178531e-02	1.707141826e-13
-1.490000000e-01	3.403983758e+00	-1.933683952e-02	1.559861374e-13
-1.500000000e-01	3.403993428e+00	-1.967189238e-02	1.326394557e-13
-1.510000000e-01	3.404003130e+00	-2.000694387e-02	2.053023024e-13
-1.520000000e-01	3.404012866e+00	-2.034199397e-02	1.385565452e-13
-1.530000000e-01	3.404022634e+00	-2.067704268e-02	2.438854490e-13
-1.540000000e-01	3.404032435e+00	-2.101209000e-02	1.060211254e-13
-1.550000000e-01	3.404042269e+00	-2.134713590e-02	1.083586772e-13
-1.560000000e-01	3.404052135e+00	-2.168218038e-02	1.949234218e-13
-1.570000000e-01	3.404062035e+00	-2.201722344e-02	3.085397475e-13
-1.580000000e-01	3.404071967e+00	-2.235226505e-02	9.813090428e-14
-1.590000000e-01	3.404081932e+00	-2.268730522e-02	1.235047143e-13
-1.600000000e-01	3.404091930e+00	-2.302234393e-02	2.759595506e-13
-1.610000000e-01	3.404101961e+00	-2.335738117e-02	1.142131920e-13
-1.620000000e-01	3.404112024e+00	-2.369241693e-02	7.863796755e-14
-1.630000000e-01	3.404122120e+00	-2.402745121e-02	9.619863088e-14
-1.640000000e-01	3.404132249e+00	-2.436248399e-02	1.129777264e-13
-1.650000000e-01	3.404142411e+00	-2.469751527e-02	1.074441240e-13
-1.660000000e-01	3.404152606e+00	-2.503254503e-02	2.771267008e-13
-1.670000000e-01	3.404162833e+00	-2.536757326e-02	3.206806898e-13
-1.680000000e-01	3.404173094e+00	-2.570259996e-02	1.462025044e-13
-1.690000000e-01	3.404183387e+00	-2.603762512e-02	1.068770598e-13
-1.700000000e-01	3.404193712e+00	-2.637264872e-02	6.265632928e-14
-1.710000000e-01	3.404204071e+00	-2.670767076e-02	2.467414161e-13
-1.720000000e-01	3.404214463e+00	-2.704269123e-02	2.140680434e-13
-1.730000000e-01	3.404224887e+00	-2.737771011e-02	1.541944310e-13
-1.740000000e-01	3.404235344e+00	-2.771272740e-02	2.299079691e-13
-1.750000000e-01	3.404245834e+00	-2.804774309e-02	1.520478704e-13
-1.760000000e-01	3.404256356e+00	-2.838275717e-02	7.072599946e-14
-1.770000000e-01	3.404266912e+00	-2.871776963e-02	2.408586313e-13
-1.780000000e-01	3.404277500e+00	-2.905278045e-02	1.850612240e-13
-1.790000000e-01	3.404288121e+00	-2.938778964e-02	7.367197733e-14
-1.800000000e-01	3.404298774e+00	-2.972279718e-02	8.992367882e-14
-1.810000000e-01	3.404309461e+00	-3.005780305e-02	8.688841165e-14
-1.820000000e-01	3.404320180e+00	-3.039280726e-02	9.648317167e-14
-1.830000000e-01	3.404330932e+00	-3.072780979e-02	3.771656222e-13
-1.840000000e-01	3.404341717e+00	-3.106281064e-02	8.790835366e-14
-1.850000000e-01	3.404352535e+00	-3.139780978e-02	9.029874601e-14
-1.860000000e-01	3.404363385e+00	-3.173280722e-02	3.547347249e-13
-1.870000000e-01	3.404374269e+00	-3.206780294e-02	1.925024279e-13
-1.880000000e-01	3.404385185e+00	-3.240279694e-02	3.411648697e-13
-1.890000000e-01	3.404396134e+00	-3.273778920e-02	9.105561668e-14
-1.900000000e-01	3.404407115e+00	-3.307277971e-02	1.115665322e-13
-1.910000000e-01	3.404418129e+00	-3.340776847e-02	1.086957671e-13
-1.920000000e-01	3.404429177e+00	-3.374275546e-02	7.249169762e-14
-1.930000000e-01	3.404440257e+00	-3.407774069e-02	1.125019181e-13
-1.940000000e-01	3.404451369e+00	-3.441272412e-02	1.997557497e-13
-1.950000000e-01	3.404462515e+00	-3.474770577e-02	8.710518636e-14
-1.960000000e-01	3.404473693e+00	-3.508268561e-02	1.724530548e-13
-1.970000000e-01	3.404484904e+00	-3.541766363e-02	2.544859794e-13
-1.980000000e-01	3.404496148e+00	-3.575263984e-02	2.206932371e-13
-1.990000000e-01	3.404507424e+00	-3.608761422e-02	1.008551919e-13
-2.000000000e-01	3.404518734e+00	-3.642258675e-02	9.096379136e-14
