# epsi_ci     Re(Lambda)      Im(Lambda)      Eq(det), R = 0.05 $\mu$m, $E_p$ = 0.600 eV, modo = 4, $\epsilon_\infty$ = 3.9, $\gamma_{DL}$ = 0.01 eV, solve_det_sinkz_vs_mu.py
0.000000000e+00	3.533354546e+00	3.615559977e-02	8.995412062e-14
-1.000000000e-03	3.533359950e+00	3.580981882e-02	1.153435701e-13
-2.000000000e-03	3.533365387e+00	3.546403776e-02	1.171885631e-13
-3.000000000e-03	3.533370859e+00	3.511825662e-02	2.532115775e-13
-4.000000000e-03	3.533376364e+00	3.477247539e-02	1.519593609e-13
-5.000000000e-03	3.533381902e+00	3.442669409e-02	2.138399138e-13
-6.000000000e-03	3.533387475e+00	3.408091273e-02	1.249677339e-13
-7.000000000e-03	3.533393080e+00	3.373513132e-02	1.807013487e-13
-8.000000000e-03	3.533398720e+00	3.338934986e-02	2.271375830e-13
-9.000000000e-03	3.533404393e+00	3.304356837e-02	2.492781324e-13
-1.000000000e-02	3.533410099e+00	3.269778686e-02	6.919284081e-14
-1.100000000e-02	3.533415840e+00	3.235200534e-02	7.004004980e-14
-1.200000000e-02	3.533421614e+00	3.200622381e-02	2.697667929e-13
-1.300000000e-02	3.533427421e+00	3.166044229e-02	1.191972300e-13
-1.400000000e-02	3.533433262e+00	3.131466079e-02	8.409382450e-14
-1.500000000e-02	3.533439137e+00	3.096887931e-02	1.105193981e-13
-1.600000000e-02	3.533445045e+00	3.062309787e-02	1.751742752e-13
-1.700000000e-02	3.533450988e+00	3.027731647e-02	1.562775362e-13
-1.800000000e-02	3.533456963e+00	2.993153513e-02	1.516707690e-13
-1.900000000e-02	3.533462972e+00	2.958575385e-02	2.524097906e-13
-2.000000000e-02	3.533469015e+00	2.923997265e-02	2.161757400e-13
-2.100000000e-02	3.533475092e+00	2.889419153e-02	1.439835567e-13
-2.200000000e-02	3.533481202e+00	2.854841051e-02	6.555178323e-14
-2.300000000e-02	3.533487346e+00	2.820262959e-02	8.000541662e-14
-2.400000000e-02	3.533493523e+00	2.785684878e-02	3.402941331e-13
-2.500000000e-02	3.533499734e+00	2.751106810e-02	1.205717667e-13
-2.600000000e-02	3.533505978e+00	2.716528755e-02	9.319806510e-14
-2.700000000e-02	3.533512257e+00	2.681950714e-02	4.996697606e-13
-2.800000000e-02	3.533518569e+00	2.647372688e-02	3.572810691e-13
-2.900000000e-02	3.533524914e+00	2.612794679e-02	3.368499550e-13
-3.000000000e-02	3.533531293e+00	2.578216687e-02	1.403133157e-13
-3.100000000e-02	3.533537706e+00	2.543638713e-02	1.136124405e-13
-3.200000000e-02	3.533544152e+00	2.509060759e-02	1.233000641e-13
-3.300000000e-02	3.533550632e+00	2.474482824e-02	2.498438840e-13
-3.400000000e-02	3.533557146e+00	2.439904911e-02	2.079333691e-13
-3.500000000e-02	3.533563693e+00	2.405327019e-02	1.672726488e-13
-3.600000000e-02	3.533570273e+00	2.370749151e-02	9.194875954e-14
-3.700000000e-02	3.533576888e+00	2.336171307e-02	1.718325091e-13
-3.800000000e-02	3.533583536e+00	2.301593488e-02	1.517206617e-13
-3.900000000e-02	3.533590218e+00	2.267015694e-02	9.434158939e-14
-4.000000000e-02	3.533596933e+00	2.232437928e-02	9.518634543e-14
-4.100000000e-02	3.533603682e+00	2.197860190e-02	1.327774782e-13
-4.200000000e-02	3.533610464e+00	2.163282480e-02	1.006621682e-13
-4.300000000e-02	3.533617280e+00	2.128704801e-02	1.106607838e-13
-4.400000000e-02	3.533624130e+00	2.094127152e-02	1.588311505e-13
-4.500000000e-02	3.533631013e+00	2.059549535e-02	1.128873352e-13
-4.600000000e-02	3.533637930e+00	2.024971951e-02	9.922041901e-14
-4.700000000e-02	3.533644881e+00	1.990394401e-02	1.637551864e-13
-4.800000000e-02	3.533651865e+00	1.955816885e-02	1.320723569e-13
-4.900000000e-02	3.533658883e+00	1.921239405e-02	1.200752147e-13
-5.000000000e-02	3.533665934e+00	1.886661962e-02	9.475058482e-14
-5.100000000e-02	3.533673019e+00	1.852084557e-02	1.156557518e-13
-5.200000000e-02	3.533680138e+00	1.817507190e-02	1.257860228e-13
-5.300000000e-02	3.533687290e+00	1.782929863e-02	9.665885584e-14
-5.400000000e-02	3.533694476e+00	1.748352576e-02	1.015670388e-13
-5.500000000e-02	3.533701696e+00	1.713775331e-02	1.791049557e-13
-5.600000000e-02	3.533708949e+00	1.679198129e-02	1.687440532e-13
-5.700000000e-02	3.533716236e+00	1.644620970e-02	8.467348678e-14
-5.800000000e-02	3.533723556e+00	1.610043856e-02	7.514950399e-14
-5.900000000e-02	3.533730910e+00	1.575466787e-02	9.254096041e-14
-6.000000000e-02	3.533738298e+00	1.540889764e-02	2.173188442e-13
-6.100000000e-02	3.533745719e+00	1.506312789e-02	1.235193968e-13
-6.200000000e-02	3.533753174e+00	1.471735862e-02	5.732996113e-14
-6.300000000e-02	3.533760662e+00	1.437158985e-02	3.541082250e-13
-6.400000000e-02	3.533768184e+00	1.402582158e-02	3.650202806e-13
-6.500000000e-02	3.533775740e+00	1.368005382e-02	1.081341838e-13
-6.600000000e-02	3.533783329e+00	1.333428659e-02	1.049828866e-13
-6.700000000e-02	3.533790952e+00	1.298851989e-02	2.105405592e-13
-6.800000000e-02	3.533798609e+00	1.264275373e-02	9.422924312e-14
-6.900000000e-02	3.533806299e+00	1.229698812e-02	3.227838804e-13
-7.000000000e-02	3.533814023e+00	1.195122308e-02	3.223964988e-13
-7.100000000e-02	3.533821780e+00	1.160545861e-02	2.330700850e-13
-7.200000000e-02	3.533829571e+00	1.125969472e-02	2.405970908e-13
-7.300000000e-02	3.533837395e+00	1.091393142e-02	7.346824844e-14
-7.400000000e-02	3.533845254e+00	1.056816872e-02	2.246974631e-13
-7.500000000e-02	3.533853145e+00	1.022240663e-02	1.895095439e-13
-7.600000000e-02	3.533861071e+00	9.876645159e-03	8.267832057e-14
-7.700000000e-02	3.533869030e+00	9.530884320e-03	6.173329215e-14
-7.800000000e-02	3.533877023e+00	9.185124122e-03	2.728799139e-13
-7.900000000e-02	3.533885049e+00	8.839364572e-03	7.670219550e-14
-8.000000000e-02	3.533893109e+00	8.493605683e-03	1.292193039e-13
-8.100000000e-02	3.533901202e+00	8.147847462e-03	6.203079927e-14
-8.200000000e-02	3.533909329e+00	7.802089920e-03	1.164335645e-13
-8.300000000e-02	3.533917490e+00	7.456333067e-03	6.934878731e-14
-8.400000000e-02	3.533925684e+00	7.110576912e-03	1.315970989e-13
-8.500000000e-02	3.533933912e+00	6.764821465e-03	1.945214107e-13
-8.600000000e-02	3.533942174e+00	6.419066735e-03	4.033379931e-13
-8.700000000e-02	3.533950469e+00	6.073312734e-03	9.706972424e-14
-8.800000000e-02	3.533958797e+00	5.727559469e-03	1.092991626e-13
-8.900000000e-02	3.533967160e+00	5.381806951e-03	1.095652323e-13
-9.000000000e-02	3.533975556e+00	5.036055190e-03	9.975378589e-14
-9.100000000e-02	3.533983985e+00	4.690304196e-03	1.617259350e-13
-9.200000000e-02	3.533992448e+00	4.344553978e-03	2.060026227e-13
-9.300000000e-02	3.534000945e+00	3.998804545e-03	8.182885981e-14
-9.400000000e-02	3.534009476e+00	3.653055908e-03	1.149668106e-13
-9.500000000e-02	3.534018040e+00	3.307308077e-03	5.011481433e-13
-9.600000000e-02	3.534026637e+00	2.961561061e-03	1.118604794e-13
-9.700000000e-02	3.534035268e+00	2.615814870e-03	2.306145689e-13
-9.800000000e-02	3.534043933e+00	2.270069513e-03	1.300478306e-13
-9.900000000e-02	3.534052632e+00	1.924325000e-03	2.009379844e-13
-1.000000000e-01	3.534061364e+00	1.578581342e-03	1.691534358e-13
-1.010000000e-01	3.534070129e+00	1.232838548e-03	1.320709219e-13
-1.020000000e-01	3.534078928e+00	8.870966267e-04	4.859736725e-13
-1.030000000e-01	3.534087761e+00	5.413555890e-04	1.572064826e-13
-1.040000000e-01	3.534096628e+00	1.956154443e-04	2.859288173e-13
-1.050000000e-01	3.534105528e+00	-1.501237975e-04	1.260605323e-13
-1.060000000e-01	3.534114461e+00	-4.958621270e-04	1.247457973e-13
-1.070000000e-01	3.534123428e+00	-8.415995342e-04	1.139964032e-13
-1.080000000e-01	3.534132429e+00	-1.187336009e-03	1.163861682e-13
-1.090000000e-01	3.534141464e+00	-1.533071543e-03	5.729277924e-14
-1.100000000e-01	3.534150532e+00	-1.878806125e-03	8.411893983e-14
-1.110000000e-01	3.534159633e+00	-2.224539746e-03	1.402637618e-13
-1.120000000e-01	3.534168768e+00	-2.570272396e-03	1.378995322e-13
-1.130000000e-01	3.534177937e+00	-2.916004066e-03	9.352113422e-14
-1.140000000e-01	3.534187140e+00	-3.261734745e-03	2.835348761e-13
-1.150000000e-01	3.534196376e+00	-3.607464424e-03	8.849334161e-14
-1.160000000e-01	3.534205645e+00	-3.953193093e-03	1.256984291e-13
-1.170000000e-01	3.534214948e+00	-4.298920742e-03	2.031297068e-13
-1.180000000e-01	3.534224285e+00	-4.644647363e-03	4.604428313e-14
-1.190000000e-01	3.534233655e+00	-4.990372944e-03	1.788733045e-13
-1.200000000e-01	3.534243059e+00	-5.336097477e-03	1.377740253e-13
-1.210000000e-01	3.534252497e+00	-5.681820951e-03	1.052290561e-13
-1.220000000e-01	3.534261968e+00	-6.027543357e-03	6.752492897e-14
-1.230000000e-01	3.534271473e+00	-6.373264685e-03	8.203827001e-14
-1.240000000e-01	3.534281011e+00	-6.718984925e-03	8.051076808e-14
-1.250000000e-01	3.534290583e+00	-7.064704068e-03	2.179184543e-13
-1.260000000e-01	3.534300189e+00	-7.410422104e-03	1.765147424e-13
-1.270000000e-01	3.534309828e+00	-7.756139023e-03	1.158936710e-13
-1.280000000e-01	3.534319501e+00	-8.101854815e-03	1.290216731e-13
-1.290000000e-01	3.534329207e+00	-8.447569471e-03	1.096336102e-13
-1.300000000e-01	3.534338947e+00	-8.793282982e-03	2.001483021e-13
-1.310000000e-01	3.534348720e+00	-9.138995336e-03	5.258286292e-14
-1.320000000e-01	3.534358527e+00	-9.484706525e-03	6.750484666e-14
-1.330000000e-01	3.534368368e+00	-9.830416538e-03	9.889239535e-14
-1.340000000e-01	3.534378242e+00	-1.017612537e-02	1.373600751e-13
-1.350000000e-01	3.534388150e+00	-1.052183300e-02	7.260765213e-14
-1.360000000e-01	3.534398091e+00	-1.086753943e-02	1.382316391e-13
-1.370000000e-01	3.534408066e+00	-1.121324465e-02	6.691256236e-14
-1.380000000e-01	3.534418075e+00	-1.155894864e-02	1.426564010e-13
-1.390000000e-01	3.534428117e+00	-1.190465140e-02	3.726509848e-13
-1.400000000e-01	3.534438193e+00	-1.225035291e-02	1.563294945e-13
-1.410000000e-01	3.534448302e+00	-1.259605317e-02	1.835954436e-13
-1.420000000e-01	3.534458445e+00	-1.294175217e-02	3.646099694e-13
-1.430000000e-01	3.534468622e+00	-1.328744990e-02	9.895619047e-14
-1.440000000e-01	3.534478832e+00	-1.363314634e-02	1.808231593e-13
-1.450000000e-01	3.534489075e+00	-1.397884150e-02	1.012922610e-13
-1.460000000e-01	3.534499353e+00	-1.432453535e-02	1.432752169e-13
-1.470000000e-01	3.534509663e+00	-1.467022789e-02	3.848350746e-13
-1.480000000e-01	3.534520008e+00	-1.501591911e-02	2.746594157e-13
-1.490000000e-01	3.534530386e+00	-1.536160899e-02	1.239697619e-13
-1.500000000e-01	3.534540797e+00	-1.570729754e-02	8.320193863e-14
-1.510000000e-01	3.534551243e+00	-1.605298474e-02	2.624714692e-13
-1.520000000e-01	3.534561721e+00	-1.639867057e-02	1.575765943e-13
-1.530000000e-01	3.534572234e+00	-1.674435504e-02	1.425499127e-13
-1.540000000e-01	3.534582779e+00	-1.709003813e-02	2.305016585e-13
-1.550000000e-01	3.534593359e+00	-1.743571983e-02	1.738880056e-13
-1.560000000e-01	3.534603972e+00	-1.778140013e-02	1.716370326e-13
-1.570000000e-01	3.534614618e+00	-1.812707902e-02	3.241381444e-13
-1.580000000e-01	3.534625299e+00	-1.847275650e-02	2.022630133e-13
-1.590000000e-01	3.534636012e+00	-1.881843254e-02	1.114270736e-13
-1.600000000e-01	3.534646760e+00	-1.916410715e-02	1.228972258e-13
-1.610000000e-01	3.534657540e+00	-1.950978031e-02	3.282955015e-13
-1.620000000e-01	3.534668355e+00	-1.985545201e-02	1.273847276e-13
-1.630000000e-01	3.534679203e+00	-2.020112225e-02	4.183394754e-13
-1.640000000e-01	3.534690084e+00	-2.054679101e-02	1.158936710e-13
-1.650000000e-01	3.534701000e+00	-2.089245828e-02	4.258920292e-13
-1.660000000e-01	3.534711948e+00	-2.123812406e-02	1.165548066e-13
-1.670000000e-01	3.534722931e+00	-2.158378833e-02	2.393036218e-13
-1.680000000e-01	3.534733946e+00	-2.192945109e-02	4.511918097e-13
-1.690000000e-01	3.534744996e+00	-2.227511232e-02	4.363044840e-13
-1.700000000e-01	3.534756079e+00	-2.262077202e-02	1.582852563e-13
-1.710000000e-01	3.534767195e+00	-2.296643017e-02	1.157823695e-13
-1.720000000e-01	3.534778345e+00	-2.331208677e-02	7.445624445e-14
-1.730000000e-01	3.534789529e+00	-2.365774180e-02	8.271698000e-14
-1.740000000e-01	3.534800746e+00	-2.400339527e-02	2.813767772e-13
-1.750000000e-01	3.534811997e+00	-2.434904714e-02	2.974164606e-13
-1.760000000e-01	3.534823281e+00	-2.469469743e-02	9.056759581e-14
-1.770000000e-01	3.534834599e+00	-2.504034611e-02	4.971419532e-13
-1.780000000e-01	3.534845951e+00	-2.538599318e-02	2.089118793e-13
-1.790000000e-01	3.534857336e+00	-2.573163863e-02	1.707095616e-13
-1.800000000e-01	3.534868754e+00	-2.607728244e-02	6.935695725e-14
-1.810000000e-01	3.534880206e+00	-2.642292461e-02	7.164930756e-14
-1.820000000e-01	3.534891692e+00	-2.676856514e-02	7.921237050e-14
-1.830000000e-01	3.534903211e+00	-2.711420400e-02	8.004731105e-14
-1.840000000e-01	3.534914764e+00	-2.745984119e-02	9.734801158e-14
-1.850000000e-01	3.534926350e+00	-2.780547670e-02	4.980980677e-14
-1.860000000e-01	3.534937970e+00	-2.815111052e-02	1.435754907e-13
-1.870000000e-01	3.534949624e+00	-2.849674264e-02	8.209406756e-14
-1.880000000e-01	3.534961311e+00	-2.884237305e-02	6.109253766e-14
-1.890000000e-01	3.534973031e+00	-2.918800174e-02	1.016886717e-13
-1.900000000e-01	3.534984785e+00	-2.953362870e-02	1.667909744e-13
-1.910000000e-01	3.534996573e+00	-2.987925393e-02	9.580086110e-14
-1.920000000e-01	3.535008394e+00	-3.022487740e-02	1.376578059e-13
-1.930000000e-01	3.535020249e+00	-3.057049912e-02	1.177833090e-13
-1.940000000e-01	3.535032137e+00	-3.091611907e-02	1.829086958e-13
-1.950000000e-01	3.535044059e+00	-3.126173724e-02	9.980553023e-14
-1.960000000e-01	3.535056014e+00	-3.160735363e-02	1.351812223e-13
-1.970000000e-01	3.535068003e+00	-3.195296822e-02	2.275480567e-13
-1.980000000e-01	3.535080026e+00	-3.229858100e-02	2.287823525e-13
-1.990000000e-01	3.535092082e+00	-3.264419196e-02	6.709459039e-14
-2.000000000e-01	3.535104171e+00	-3.298980110e-02	1.385004892e-13
