# epsi_ci     Re(Lambda)      Im(Lambda)      Eq(det), R = 0.05 $\mu$m, $E_p$ = 0.600 eV, modo = 4, $\epsilon_\infty$ = 3.9, $\gamma_{DL}$ = 0.01 eV, solve_det_sinkz_vs_mu.py
0.000000000e+00	3.569461383e+00	3.786124790e-02	9.413755106e-14
-1.000000000e-03	3.569466961e+00	3.751264057e-02	1.273263186e-13
-2.000000000e-03	3.569472573e+00	3.716403312e-02	2.708886848e-13
-3.000000000e-03	3.569478218e+00	3.681542556e-02	9.155350692e-14
-4.000000000e-03	3.569483898e+00	3.646681790e-02	9.543430882e-14
-5.000000000e-03	3.569489611e+00	3.611821016e-02	3.098209834e-13
-6.000000000e-03	3.569495358e+00	3.576960235e-02	4.393641799e-13
-7.000000000e-03	3.569501139e+00	3.542099446e-02	3.916484308e-13
-8.000000000e-03	3.569506953e+00	3.507238652e-02	1.402033774e-13
-9.000000000e-03	3.569512802e+00	3.472377853e-02	8.037715669e-14
-1.000000000e-02	3.569518684e+00	3.437517050e-02	2.382508605e-13
-1.100000000e-02	3.569524600e+00	3.402656244e-02	1.088811433e-13
-1.200000000e-02	3.569530550e+00	3.367795437e-02	2.283146589e-13
-1.300000000e-02	3.569536533e+00	3.332934628e-02	1.221006227e-13
-1.400000000e-02	3.569542551e+00	3.298073820e-02	9.510568577e-14
-1.500000000e-02	3.569548602e+00	3.263213013e-02	1.243499350e-13
-1.600000000e-02	3.569554687e+00	3.228352208e-02	1.350995451e-13
-1.700000000e-02	3.569560806e+00	3.193491406e-02	3.159424036e-13
-1.800000000e-02	3.569566959e+00	3.158630608e-02	8.932266899e-14
-1.900000000e-02	3.569573145e+00	3.123769815e-02	1.009895992e-13
-2.000000000e-02	3.569579365e+00	3.088909028e-02	3.576818848e-13
-2.100000000e-02	3.569585619e+00	3.054048248e-02	8.417753144e-14
-2.200000000e-02	3.569591907e+00	3.019187476e-02	7.875739341e-14
-2.300000000e-02	3.569598229e+00	2.984326713e-02	1.637268446e-13
-2.400000000e-02	3.569604584e+00	2.949465959e-02	6.534942857e-14
-2.500000000e-02	3.569610974e+00	2.914605217e-02	8.676650867e-14
-2.600000000e-02	3.569617397e+00	2.879744486e-02	3.603969312e-13
-2.700000000e-02	3.569623854e+00	2.844883768e-02	1.421090784e-13
-2.800000000e-02	3.569630344e+00	2.810023064e-02	2.903766407e-13
-2.900000000e-02	3.569636869e+00	2.775162375e-02	9.251057848e-14
-3.000000000e-02	3.569643427e+00	2.740301701e-02	9.389205414e-14
-3.100000000e-02	3.569650019e+00	2.705441045e-02	9.802609187e-14
-3.200000000e-02	3.569656645e+00	2.670580405e-02	2.043300931e-13
-3.300000000e-02	3.569663305e+00	2.635719785e-02	1.613913024e-13
-3.400000000e-02	3.569669998e+00	2.600859184e-02	2.242892619e-13
-3.500000000e-02	3.569676725e+00	2.565998604e-02	6.367842859e-14
-3.600000000e-02	3.569683486e+00	2.531138045e-02	1.600069142e-13
-3.700000000e-02	3.569690281e+00	2.496277509e-02	2.535385830e-13
-3.800000000e-02	3.569697110e+00	2.461416997e-02	1.922809344e-13
-3.900000000e-02	3.569703973e+00	2.426556509e-02	9.405407947e-14
-4.000000000e-02	3.569710869e+00	2.391696046e-02	3.047787993e-13
-4.100000000e-02	3.569717799e+00	2.356835610e-02	9.819413107e-14
-4.200000000e-02	3.569724763e+00	2.321975202e-02	7.637140685e-14
-4.300000000e-02	3.569731761e+00	2.287114822e-02	4.163693914e-13
-4.400000000e-02	3.569738792e+00	2.252254471e-02	1.313690020e-13
-4.500000000e-02	3.569745857e+00	2.217394151e-02	2.596830181e-13
-4.600000000e-02	3.569752957e+00	2.182533862e-02	1.699841737e-13
-4.700000000e-02	3.569760089e+00	2.147673605e-02	1.096392534e-13
-4.800000000e-02	3.569767256e+00	2.112813382e-02	2.960515478e-13
-4.900000000e-02	3.569774457e+00	2.077953193e-02	6.340072334e-14
-5.000000000e-02	3.569781691e+00	2.043093039e-02	5.442256369e-14
-5.100000000e-02	3.569788959e+00	2.008232922e-02	1.504796433e-13
-5.200000000e-02	3.569796261e+00	1.973372842e-02	1.811912709e-13
-5.300000000e-02	3.569803597e+00	1.938512800e-02	8.398758786e-14
-5.400000000e-02	3.569810966e+00	1.903652797e-02	8.250354335e-14
-5.500000000e-02	3.569818370e+00	1.868792834e-02	8.916871907e-14
-5.600000000e-02	3.569825807e+00	1.833932912e-02	1.147334407e-13
-5.700000000e-02	3.569833278e+00	1.799073033e-02	1.473214240e-13
-5.800000000e-02	3.569840782e+00	1.764213196e-02	9.313461280e-14
-5.900000000e-02	3.569848321e+00	1.729353404e-02	8.628590459e-14
-6.000000000e-02	3.569855893e+00	1.694493657e-02	2.019709026e-13
-6.100000000e-02	3.569863499e+00	1.659633955e-02	4.768650221e-13
-6.200000000e-02	3.569871139e+00	1.624774301e-02	7.082744880e-14
-6.300000000e-02	3.569878813e+00	1.589914695e-02	1.576663504e-13
-6.400000000e-02	3.569886520e+00	1.555055137e-02	9.154124731e-14
-6.500000000e-02	3.569894262e+00	1.520195630e-02	2.052281463e-13
-6.600000000e-02	3.569902037e+00	1.485336173e-02	1.082374152e-13
-6.700000000e-02	3.569909846e+00	1.450476768e-02	8.676665073e-14
-6.800000000e-02	3.569917688e+00	1.415617416e-02	6.005145854e-14
-6.900000000e-02	3.569925565e+00	1.380758118e-02	2.492627479e-13
-7.000000000e-02	3.569933475e+00	1.345898875e-02	1.852161151e-13
-7.100000000e-02	3.569941419e+00	1.311039687e-02	6.655267463e-14
-7.200000000e-02	3.569949397e+00	1.276180556e-02	1.448359897e-13
-7.300000000e-02	3.569957409e+00	1.241321483e-02	2.039400900e-13
-7.400000000e-02	3.569965454e+00	1.206462469e-02	8.024236757e-14
-7.500000000e-02	3.569973533e+00	1.171603514e-02	4.915981803e-14
-7.600000000e-02	3.569981646e+00	1.136744620e-02	9.260827800e-14
-7.700000000e-02	3.569989793e+00	1.101885787e-02	8.507063551e-14
-7.800000000e-02	3.569997974e+00	1.067027018e-02	1.241801203e-13
-7.900000000e-02	3.570006188e+00	1.032168311e-02	5.522801618e-14
-8.000000000e-02	3.570014437e+00	9.973096696e-03	1.305244861e-13
-8.100000000e-02	3.570022719e+00	9.624510933e-03	1.349577155e-13
-8.200000000e-02	3.570031035e+00	9.275925836e-03	2.108513916e-13
-8.300000000e-02	3.570039384e+00	8.927341414e-03	1.056959470e-13
-8.400000000e-02	3.570047768e+00	8.578757676e-03	7.627947751e-14
-8.500000000e-02	3.570056185e+00	8.230174633e-03	9.987664072e-14
-8.600000000e-02	3.570064636e+00	7.881592293e-03	1.425187377e-13
-8.700000000e-02	3.570073121e+00	7.533010668e-03	7.725437776e-14
-8.800000000e-02	3.570081639e+00	7.184429766e-03	1.009540301e-13
-8.900000000e-02	3.570090191e+00	6.835849597e-03	1.988993927e-13
-9.000000000e-02	3.570098778e+00	6.487270172e-03	9.763237460e-14
-9.100000000e-02	3.570107398e+00	6.138691499e-03	2.429820996e-13
-9.200000000e-02	3.570116051e+00	5.790113589e-03	1.347986328e-13
-9.300000000e-02	3.570124739e+00	5.441536451e-03	1.175928108e-13
-9.400000000e-02	3.570133460e+00	5.092960096e-03	1.768922564e-13
-9.500000000e-02	3.570142215e+00	4.744384532e-03	1.678329695e-13
-9.600000000e-02	3.570151004e+00	4.395809770e-03	3.588950479e-13
-9.700000000e-02	3.570159827e+00	4.047235820e-03	1.348504806e-13
-9.800000000e-02	3.570168683e+00	3.698662690e-03	7.804133471e-14
-9.900000000e-02	3.570177574e+00	3.350090392e-03	1.301496912e-13
-1.000000000e-01	3.570186498e+00	3.001518934e-03	9.504604984e-14
-1.010000000e-01	3.570195455e+00	2.652948326e-03	1.038210505e-13
-1.020000000e-01	3.570204447e+00	2.304378579e-03	9.048092879e-14
-1.030000000e-01	3.570213472e+00	1.955809702e-03	1.450881081e-13
-1.040000000e-01	3.570222532e+00	1.607241704e-03	1.252146644e-13
-1.050000000e-01	3.570231625e+00	1.258674596e-03	1.860252807e-13
-1.060000000e-01	3.570240751e+00	9.101083866e-04	7.870103132e-14
-1.070000000e-01	3.570249912e+00	5.615430865e-04	1.899067233e-13
-1.080000000e-01	3.570259106e+00	2.129787051e-04	8.033236559e-14
-1.090000000e-01	3.570268334e+00	-1.355847479e-04	1.343223045e-13
-1.100000000e-01	3.570277596e+00	-4.841472627e-04	2.299321203e-13
-1.110000000e-01	3.570286892e+00	-8.327088295e-04	1.167844861e-13
-1.120000000e-01	3.570296221e+00	-1.181269439e-03	1.437755963e-13
-1.130000000e-01	3.570305585e+00	-1.529829080e-03	6.361066879e-14
-1.140000000e-01	3.570314982e+00	-1.878387745e-03	7.839843249e-14
-1.150000000e-01	3.570324413e+00	-2.226945422e-03	2.213389639e-13
-1.160000000e-01	3.570333877e+00	-2.575502103e-03	3.101472750e-13
-1.170000000e-01	3.570343375e+00	-2.924057777e-03	3.566304266e-13
-1.180000000e-01	3.570352908e+00	-3.272612435e-03	1.338087290e-13
-1.190000000e-01	3.570362474e+00	-3.621166067e-03	1.152856359e-13
-1.200000000e-01	3.570372073e+00	-3.969718664e-03	1.006937397e-13
-1.210000000e-01	3.570381707e+00	-4.318270215e-03	1.050490568e-13
-1.220000000e-01	3.570391374e+00	-4.666820711e-03	1.594515666e-13
-1.230000000e-01	3.570401075e+00	-5.015370141e-03	6.200237766e-14
-1.240000000e-01	3.570410810e+00	-5.363918498e-03	2.754814134e-13
-1.250000000e-01	3.570420578e+00	-5.712465769e-03	8.781099146e-14
-1.260000000e-01	3.570430381e+00	-6.061011947e-03	8.597808240e-14
-1.270000000e-01	3.570440217e+00	-6.409557020e-03	1.969031475e-13
-1.280000000e-01	3.570450087e+00	-6.758100980e-03	1.203612848e-13
-1.290000000e-01	3.570459990e+00	-7.106643816e-03	2.948418766e-13
-1.300000000e-01	3.570469928e+00	-7.455185519e-03	4.625879827e-13
-1.310000000e-01	3.570479899e+00	-7.803726080e-03	1.210703681e-13
-1.320000000e-01	3.570489904e+00	-8.152265487e-03	1.265604092e-13
-1.330000000e-01	3.570499943e+00	-8.500803732e-03	5.728847628e-14
-1.340000000e-01	3.570510015e+00	-8.849340805e-03	1.729488024e-13
-1.350000000e-01	3.570520122e+00	-9.197876696e-03	8.471641887e-14
-1.360000000e-01	3.570530262e+00	-9.546411396e-03	1.873551272e-13
-1.370000000e-01	3.570540436e+00	-9.894944894e-03	7.557349372e-14
-1.380000000e-01	3.570550643e+00	-1.024347718e-02	3.076952618e-13
-1.390000000e-01	3.570560885e+00	-1.059200825e-02	7.416821629e-14
-1.400000000e-01	3.570571160e+00	-1.094053808e-02	8.385646134e-14
-1.410000000e-01	3.570581469e+00	-1.128906668e-02	1.386996964e-13
-1.420000000e-01	3.570591812e+00	-1.163759402e-02	1.442941878e-13
-1.430000000e-01	3.570602188e+00	-1.198612011e-02	1.935598623e-13
-1.440000000e-01	3.570612598e+00	-1.233464492e-02	1.724416543e-13
-1.450000000e-01	3.570623042e+00	-1.268316846e-02	2.844047294e-13
-1.460000000e-01	3.570633520e+00	-1.303169070e-02	1.547503152e-13
-1.470000000e-01	3.570644032e+00	-1.338021165e-02	1.173547225e-13
-1.480000000e-01	3.570654577e+00	-1.372873129e-02	1.486266473e-13
-1.490000000e-01	3.570665156e+00	-1.407724961e-02	3.260773409e-13
-1.500000000e-01	3.570675769e+00	-1.442576661e-02	6.807695305e-14
-1.510000000e-01	3.570686415e+00	-1.477428226e-02	2.615118257e-13
-1.520000000e-01	3.570697096e+00	-1.512279657e-02	9.059447092e-14
-1.530000000e-01	3.570707810e+00	-1.547130952e-02	7.488271182e-14
-1.540000000e-01	3.570718558e+00	-1.581982110e-02	1.223718116e-13
-1.550000000e-01	3.570729339e+00	-1.616833131e-02	6.139693935e-14
-1.560000000e-01	3.570740155e+00	-1.651684013e-02	1.880632602e-13
-1.570000000e-01	3.570751004e+00	-1.686534756e-02	2.314493365e-13
-1.580000000e-01	3.570761887e+00	-1.721385357e-02	6.015903044e-14
-1.590000000e-01	3.570772803e+00	-1.756235818e-02	2.650487445e-13
-1.600000000e-01	3.570783754e+00	-1.791086135e-02	1.422169260e-13
-1.610000000e-01	3.570794738e+00	-1.825936310e-02	4.645861003e-13
-1.620000000e-01	3.570805756e+00	-1.860786339e-02	2.444275443e-13
-1.630000000e-01	3.570816807e+00	-1.895636224e-02	1.093096182e-13
-1.640000000e-01	3.570827893e+00	-1.930485961e-02	1.242674372e-13
-1.650000000e-01	3.570839012e+00	-1.965335552e-02	1.387053838e-13
-1.660000000e-01	3.570850165e+00	-2.000184994e-02	1.380469363e-13
-1.670000000e-01	3.570861351e+00	-2.035034286e-02	2.247108955e-13
-1.680000000e-01	3.570872572e+00	-2.069883429e-02	7.599190730e-14
-1.690000000e-01	3.570883826e+00	-2.104732420e-02	1.018359596e-13
-1.700000000e-01	3.570895114e+00	-2.139581259e-02	1.795378586e-13
-1.710000000e-01	3.570906436e+00	-2.174429944e-02	2.068998236e-13
-1.720000000e-01	3.570917791e+00	-2.209278476e-02	1.238424299e-13
-1.730000000e-01	3.570929180e+00	-2.244126852e-02	1.416254730e-13
-1.740000000e-01	3.570940603e+00	-2.278975072e-02	1.149324839e-13
-1.750000000e-01	3.570952060e+00	-2.313823134e-02	1.283164246e-13
-1.760000000e-01	3.570963550e+00	-2.348671039e-02	1.079027694e-13
-1.770000000e-01	3.570975074e+00	-2.383518785e-02	1.100803905e-13
-1.780000000e-01	3.570986632e+00	-2.418366370e-02	3.283264373e-13
-1.790000000e-01	3.570998224e+00	-2.453213795e-02	1.279659549e-13
-1.800000000e-01	3.571009849e+00	-2.488061057e-02	1.327670777e-13
-1.810000000e-01	3.571021508e+00	-2.522908157e-02	1.138344103e-13
-1.820000000e-01	3.571033201e+00	-2.557755092e-02	1.021671240e-13
-1.830000000e-01	3.571044928e+00	-2.592601863e-02	1.675673775e-13
-1.840000000e-01	3.571056688e+00	-2.627448468e-02	4.773469966e-13
-1.850000000e-01	3.571068482e+00	-2.662294906e-02	5.768813277e-14
-1.860000000e-01	3.571080310e+00	-2.697141176e-02	4.714759951e-13
-1.870000000e-01	3.571092171e+00	-2.731987277e-02	1.516590660e-13
-1.880000000e-01	3.571104067e+00	-2.766833209e-02	2.038098551e-14
-1.890000000e-01	3.571115996e+00	-2.801678970e-02	2.863438876e-13
-1.900000000e-01	3.571127958e+00	-2.836524559e-02	1.881212227e-13
-1.910000000e-01	3.571139955e+00	-2.871369975e-02	1.358869897e-13
-1.920000000e-01	3.571151985e+00	-2.906215218e-02	5.930378682e-14
-1.930000000e-01	3.571164049e+00	-2.941060286e-02	5.596856594e-14
-1.940000000e-01	3.571176146e+00	-2.975905178e-02	1.712171248e-13
-1.950000000e-01	3.571188278e+00	-3.010749894e-02	1.488460900e-13
-1.960000000e-01	3.571200443e+00	-3.045594432e-02	9.839958715e-14
-1.970000000e-01	3.571212642e+00	-3.080438792e-02	3.087439009e-13
-1.980000000e-01	3.571224874e+00	-3.115282972e-02	1.371252633e-13
-1.990000000e-01	3.571237141e+00	-3.150126972e-02	1.689874693e-13
-2.000000000e-01	3.571249441e+00	-3.184970790e-02	9.540608397e-14
