# epsi_ci     Re(Lambda)      Im(Lambda)      Eq(det), R = 0.05 $\mu$m, $E_p$ = 0.600 eV, modo = 4, $\epsilon_\infty$ = 3.9, $\gamma_{DL}$ = 0.01 eV, solve_det_sinkz_vs_mu.py
0.000000000e+00	3.257440562e+00	2.533614856e-02	1.091755750e-13
-1.000000000e-03	3.257444666e+00	2.501347483e-02	9.365920662e-14
-2.000000000e-03	3.257448802e+00	2.469080107e-02	1.006908630e-13
-3.000000000e-03	3.257452969e+00	2.436812728e-02	7.412175187e-14
-4.000000000e-03	3.257457169e+00	2.404545347e-02	1.487362434e-13
-5.000000000e-03	3.257461400e+00	2.372277966e-02	1.445496735e-13
-6.000000000e-03	3.257465663e+00	2.340010585e-02	1.392940600e-13
-7.000000000e-03	3.257469958e+00	2.307743205e-02	1.244104350e-13
-8.000000000e-03	3.257474285e+00	2.275475828e-02	8.528478622e-14
-9.000000000e-03	3.257478644e+00	2.243208453e-02	2.179514559e-13
-1.000000000e-02	3.257483034e+00	2.210941083e-02	1.151895847e-13
-1.100000000e-02	3.257487457e+00	2.178673717e-02	2.820262162e-13
-1.200000000e-02	3.257491911e+00	2.146406358e-02	5.258286292e-14
-1.300000000e-02	3.257496397e+00	2.114139005e-02	6.476712275e-14
-1.400000000e-02	3.257500915e+00	2.081871661e-02	9.425741172e-14
-1.500000000e-02	3.257505465e+00	2.049604325e-02	7.735315098e-14
-1.600000000e-02	3.257510046e+00	2.017336998e-02	1.437275792e-13
-1.700000000e-02	3.257514660e+00	1.985069683e-02	2.127730768e-13
-1.800000000e-02	3.257519305e+00	1.952802379e-02	1.664425756e-13
-1.900000000e-02	3.257523983e+00	1.920535087e-02	5.153352603e-13
-2.000000000e-02	3.257528692e+00	1.888267809e-02	8.351383703e-13
-2.100000000e-02	3.257533433e+00	1.856000545e-02	3.801967947e-13
-2.200000000e-02	3.257538206e+00	1.823733297e-02	5.440511970e-14
-2.300000000e-02	3.257543010e+00	1.791466065e-02	3.362834570e-13
-2.400000000e-02	3.257547847e+00	1.759198850e-02	1.715639103e-13
-2.500000000e-02	3.257552715e+00	1.726931654e-02	1.227390594e-13
-2.600000000e-02	3.257557615e+00	1.694664476e-02	9.220393864e-14
-2.700000000e-02	3.257562548e+00	1.662397319e-02	1.255274069e-13
-2.800000000e-02	3.257567512e+00	1.630130182e-02	9.660248247e-14
-2.900000000e-02	3.257572507e+00	1.597863068e-02	1.477251029e-13
-3.000000000e-02	3.257577535e+00	1.565595976e-02	1.317802461e-13
-3.100000000e-02	3.257582595e+00	1.533328909e-02	2.393794290e-13
-3.200000000e-02	3.257587686e+00	1.501061866e-02	4.042938120e-13
-3.300000000e-02	3.257592809e+00	1.468794848e-02	4.787945401e-14
-3.400000000e-02	3.257597964e+00	1.436527858e-02	1.041185745e-13
-3.500000000e-02	3.257603151e+00	1.404260894e-02	1.251776460e-13
-3.600000000e-02	3.257608370e+00	1.371993960e-02	5.295906851e-13
-3.700000000e-02	3.257613621e+00	1.339727055e-02	1.274659814e-13
-3.800000000e-02	3.257618903e+00	1.307460180e-02	7.302744599e-14
-3.900000000e-02	3.257624217e+00	1.275193337e-02	9.580563756e-14
-4.000000000e-02	3.257629564e+00	1.242926526e-02	1.221321148e-13
-4.100000000e-02	3.257634942e+00	1.210659748e-02	3.324507002e-13
-4.200000000e-02	3.257640351e+00	1.178393004e-02	1.449230317e-13
-4.300000000e-02	3.257645793e+00	1.146126296e-02	1.627717799e-13
-4.400000000e-02	3.257651267e+00	1.113859623e-02	1.285224019e-13
-4.500000000e-02	3.257656772e+00	1.081592988e-02	2.934437069e-13
-4.600000000e-02	3.257662310e+00	1.049326390e-02	2.099142000e-13
-4.700000000e-02	3.257667879e+00	1.017059832e-02	1.316867285e-13
-4.800000000e-02	3.257673480e+00	9.847933126e-03	1.329420689e-13
-4.900000000e-02	3.257679113e+00	9.525268345e-03	2.773412590e-13
-5.000000000e-02	3.257684777e+00	9.202603981e-03	9.710764925e-14
-5.100000000e-02	3.257690474e+00	8.879940043e-03	1.919359063e-13
-5.200000000e-02	3.257696202e+00	8.557276541e-03	8.528125456e-14
-5.300000000e-02	3.257701963e+00	8.234613485e-03	1.276107829e-13
-5.400000000e-02	3.257707755e+00	7.911950882e-03	7.345782614e-14
-5.500000000e-02	3.257713579e+00	7.589288744e-03	8.255474100e-14
-5.600000000e-02	3.257719434e+00	7.266627079e-03	8.566439986e-14
-5.700000000e-02	3.257725322e+00	6.943965897e-03	1.705161252e-13
-5.800000000e-02	3.257731242e+00	6.621305208e-03	1.252713922e-13
-5.900000000e-02	3.257737193e+00	6.298645020e-03	1.624546911e-13
-6.000000000e-02	3.257743176e+00	5.975985343e-03	1.092535833e-13
-6.100000000e-02	3.257749191e+00	5.653326186e-03	3.343567937e-13
-6.200000000e-02	3.257755238e+00	5.330667559e-03	3.138072150e-13
-6.300000000e-02	3.257761317e+00	5.008009472e-03	1.009491348e-13
-6.400000000e-02	3.257767427e+00	4.685351933e-03	3.847586944e-13
-6.500000000e-02	3.257773570e+00	4.362694952e-03	3.832221814e-13
-6.600000000e-02	3.257779744e+00	4.040038539e-03	1.097133072e-13
-6.700000000e-02	3.257785950e+00	3.717382702e-03	7.560439974e-14
-6.800000000e-02	3.257792188e+00	3.394727452e-03	9.107011675e-14
-6.900000000e-02	3.257798458e+00	3.072072798e-03	2.097549964e-13
-7.000000000e-02	3.257804760e+00	2.749418749e-03	8.055769775e-14
-7.100000000e-02	3.257811093e+00	2.426765314e-03	8.876627102e-14
-7.200000000e-02	3.257817459e+00	2.104112503e-03	4.734904304e-13
-7.300000000e-02	3.257823856e+00	1.781460325e-03	1.128429202e-13
-7.400000000e-02	3.257830285e+00	1.458808790e-03	8.796554223e-14
-7.500000000e-02	3.257836746e+00	1.136157907e-03	1.392217128e-13
-7.600000000e-02	3.257843239e+00	8.135076859e-04	7.120892934e-14
-7.700000000e-02	3.257849763e+00	4.908581355e-04	1.296117268e-13
-7.800000000e-02	3.257856320e+00	1.682092654e-04	1.086349684e-13
-7.900000000e-02	3.257862908e+00	-1.544389150e-04	6.396159035e-14
-8.000000000e-02	3.257869528e+00	-4.770863962e-04	9.281464486e-14
-8.100000000e-02	3.257876180e+00	-7.997331689e-04	1.086672436e-13
-8.200000000e-02	3.257882864e+00	-1.122379224e-03	6.751545908e-14
-8.300000000e-02	3.257889579e+00	-1.445024551e-03	5.756116132e-13
-8.400000000e-02	3.257896327e+00	-1.767669142e-03	1.407101146e-13
-8.500000000e-02	3.257903106e+00	-2.090312987e-03	1.038742248e-13
-8.600000000e-02	3.257909917e+00	-2.412956076e-03	8.028018008e-14
-8.700000000e-02	3.257916760e+00	-2.735598400e-03	4.258065419e-13
-8.800000000e-02	3.257923635e+00	-3.058239950e-03	1.019803758e-13
-8.900000000e-02	3.257930542e+00	-3.380880716e-03	9.964336691e-14
-9.000000000e-02	3.257937480e+00	-3.703520689e-03	1.449663910e-13
-9.100000000e-02	3.257944451e+00	-4.026159859e-03	2.597415348e-13
-9.200000000e-02	3.257951453e+00	-4.348798217e-03	9.917573249e-14
-9.300000000e-02	3.257958487e+00	-4.671435755e-03	4.846069454e-14
-9.400000000e-02	3.257965553e+00	-4.994072461e-03	1.086059182e-13
-9.500000000e-02	3.257972651e+00	-5.316708327e-03	1.826108655e-13
-9.600000000e-02	3.257979780e+00	-5.639343344e-03	1.060355987e-13
-9.700000000e-02	3.257986941e+00	-5.961977502e-03	9.158317145e-14
-9.800000000e-02	3.257994135e+00	-6.284610791e-03	3.373535747e-13
-9.900000000e-02	3.258001360e+00	-6.607243203e-03	2.135448404e-13
-1.000000000e-01	3.258008617e+00	-6.929874728e-03	7.832228045e-14
-1.010000000e-01	3.258015905e+00	-7.252505356e-03	1.786458900e-13
-1.020000000e-01	3.258023226e+00	-7.575135078e-03	1.741861734e-13
-1.030000000e-01	3.258030578e+00	-7.897763885e-03	1.637918767e-13
-1.040000000e-01	3.258037963e+00	-8.220391768e-03	9.109378226e-14
-1.050000000e-01	3.258045379e+00	-8.543018716e-03	1.247883272e-13
-1.060000000e-01	3.258052826e+00	-8.865644720e-03	4.003781487e-13
-1.070000000e-01	3.258060306e+00	-9.188269772e-03	1.629081207e-13
-1.080000000e-01	3.258067818e+00	-9.510893862e-03	1.723546782e-13
-1.090000000e-01	3.258075361e+00	-9.833516980e-03	5.092439439e-14
-1.100000000e-01	3.258082936e+00	-1.015613912e-02	7.664142225e-14
-1.110000000e-01	3.258090543e+00	-1.047876026e-02	1.563500325e-13
-1.120000000e-01	3.258098182e+00	-1.080138041e-02	1.510142074e-13
-1.130000000e-01	3.258105853e+00	-1.112399955e-02	9.170442183e-14
-1.140000000e-01	3.258113555e+00	-1.144661766e-02	8.183902676e-14
-1.150000000e-01	3.258121290e+00	-1.176923476e-02	1.055649303e-13
-1.160000000e-01	3.258129056e+00	-1.209185081e-02	6.964134437e-14
-1.170000000e-01	3.258136854e+00	-1.241446581e-02	1.494206765e-13
-1.180000000e-01	3.258144684e+00	-1.273707976e-02	1.602965209e-13
-1.190000000e-01	3.258152546e+00	-1.305969265e-02	3.891562133e-13
-1.200000000e-01	3.258160439e+00	-1.338230446e-02	7.096678966e-14
-1.210000000e-01	3.258168364e+00	-1.370491518e-02	5.280250585e-13
-1.220000000e-01	3.258176321e+00	-1.402752482e-02	1.187645999e-13
-1.230000000e-01	3.258184310e+00	-1.435013334e-02	1.131305822e-13
-1.240000000e-01	3.258192331e+00	-1.467274076e-02	1.813539031e-13
-1.250000000e-01	3.258200384e+00	-1.499534705e-02	1.600915424e-13
-1.260000000e-01	3.258208468e+00	-1.531795221e-02	1.316589701e-13
-1.270000000e-01	3.258216585e+00	-1.564055624e-02	1.431765927e-13
-1.280000000e-01	3.258224733e+00	-1.596315911e-02	1.179380884e-13
-1.290000000e-01	3.258232912e+00	-1.628576082e-02	9.256277651e-14
-1.300000000e-01	3.258241124e+00	-1.660836136e-02	1.138116693e-13
-1.310000000e-01	3.258249368e+00	-1.693096073e-02	2.426646849e-13
-1.320000000e-01	3.258257643e+00	-1.725355891e-02	6.661338148e-14
-1.330000000e-01	3.258265950e+00	-1.757615589e-02	1.139372295e-13
-1.340000000e-01	3.258274289e+00	-1.789875166e-02	8.320312378e-13
-1.350000000e-01	3.258282660e+00	-1.822134622e-02	1.680142727e-13
-1.360000000e-01	3.258291063e+00	-1.854393955e-02	1.316844323e-13
-1.370000000e-01	3.258299497e+00	-1.886653165e-02	8.765673067e-14
-1.380000000e-01	3.258307963e+00	-1.918912250e-02	1.247701019e-13
-1.390000000e-01	3.258316461e+00	-1.951171210e-02	1.682496017e-13
-1.400000000e-01	3.258324991e+00	-1.983430044e-02	9.496554682e-14
-1.410000000e-01	3.258333553e+00	-2.015688751e-02	1.387736148e-13
-1.420000000e-01	3.258342146e+00	-2.047947329e-02	1.851677609e-13
-1.430000000e-01	3.258350772e+00	-2.080205779e-02	3.276815687e-13
-1.440000000e-01	3.258359429e+00	-2.112464098e-02	1.955537394e-13
-1.450000000e-01	3.258368118e+00	-2.144722286e-02	3.610663764e-13
-1.460000000e-01	3.258376839e+00	-2.176980343e-02	7.722684545e-14
-1.470000000e-01	3.258385591e+00	-2.209238266e-02	1.015411702e-13
-1.480000000e-01	3.258394376e+00	-2.241496056e-02	1.465797149e-13
-1.490000000e-01	3.258403192e+00	-2.273753712e-02	1.285260463e-13
-1.500000000e-01	3.258412040e+00	-2.306011231e-02	7.100742059e-14
-1.510000000e-01	3.258420920e+00	-2.338268614e-02	1.067625928e-13
-1.520000000e-01	3.258429831e+00	-2.370525859e-02	5.783127757e-13
-1.530000000e-01	3.258438775e+00	-2.402782966e-02	1.111190717e-13
-1.540000000e-01	3.258447750e+00	-2.435039934e-02	6.376508700e-14
-1.550000000e-01	3.258456757e+00	-2.467296761e-02	2.278866833e-13
-1.560000000e-01	3.258465796e+00	-2.499553447e-02	3.410727283e-13
-1.570000000e-01	3.258474866e+00	-2.531809990e-02	8.492328073e-14
-1.580000000e-01	3.258483969e+00	-2.564066391e-02	2.033754041e-13
-1.590000000e-01	3.258493103e+00	-2.596322647e-02	1.485470109e-13
-1.600000000e-01	3.258502269e+00	-2.628578759e-02	1.210670592e-13
-1.610000000e-01	3.258511467e+00	-2.660834724e-02	1.001184818e-13
-1.620000000e-01	3.258520696e+00	-2.693090543e-02	1.478718712e-13
-1.630000000e-01	3.258529958e+00	-2.725346213e-02	1.015909274e-13
-1.640000000e-01	3.258539251e+00	-2.757601735e-02	7.367900395e-14
-1.650000000e-01	3.258548576e+00	-2.789857108e-02	2.686299264e-13
-1.660000000e-01	3.258557933e+00	-2.822112329e-02	5.593039148e-13
-1.670000000e-01	3.258567321e+00	-2.854367399e-02	1.126210586e-13
-1.680000000e-01	3.258576742e+00	-2.886622317e-02	9.147051971e-14
-1.690000000e-01	3.258586194e+00	-2.918877080e-02	5.417888360e-14
-1.700000000e-01	3.258595678e+00	-2.951131690e-02	6.269408875e-14
-1.710000000e-01	3.258605194e+00	-2.983386144e-02	1.449012462e-13
-1.720000000e-01	3.258614741e+00	-3.015640442e-02	9.205643692e-14
-1.730000000e-01	3.258624321e+00	-3.047894583e-02	6.407208558e-14
-1.740000000e-01	3.258633932e+00	-3.080148566e-02	1.003290310e-13
-1.750000000e-01	3.258643575e+00	-3.112402389e-02	8.679841757e-13
-1.760000000e-01	3.258653250e+00	-3.144656053e-02	8.629968601e-14
-1.770000000e-01	3.258662956e+00	-3.176909555e-02	2.195656277e-13
-1.780000000e-01	3.258672694e+00	-3.209162896e-02	1.454180272e-13
-1.790000000e-01	3.258682464e+00	-3.241416074e-02	5.402936138e-13
-1.800000000e-01	3.258692266e+00	-3.273669088e-02	8.218530456e-14
-1.810000000e-01	3.258702100e+00	-3.305921937e-02	1.495202931e-13
-1.820000000e-01	3.258711965e+00	-3.338174621e-02	1.223786104e-13
-1.830000000e-01	3.258721863e+00	-3.370427138e-02	1.917334270e-13
-1.840000000e-01	3.258731792e+00	-3.402679487e-02	3.898488671e-13
-1.850000000e-01	3.258741753e+00	-3.434931669e-02	3.816853109e-13
-1.860000000e-01	3.258751745e+00	-3.467183680e-02	5.544652528e-13
-1.870000000e-01	3.258761769e+00	-3.499435522e-02	1.849336987e-13
-1.880000000e-01	3.258771826e+00	-3.531687192e-02	1.449833952e-13
-1.890000000e-01	3.258781914e+00	-3.563938690e-02	1.302211628e-13
-1.900000000e-01	3.258792033e+00	-3.596190015e-02	8.063491053e-14
-1.910000000e-01	3.258802185e+00	-3.628441166e-02	1.910641894e-13
-1.920000000e-01	3.258812368e+00	-3.660692142e-02	9.452426052e-14
-1.930000000e-01	3.258822583e+00	-3.692942942e-02	1.507923206e-13
-1.940000000e-01	3.258832830e+00	-3.725193565e-02	1.180208329e-13
-1.950000000e-01	3.258843108e+00	-3.757444010e-02	6.404745668e-14
-1.960000000e-01	3.258853419e+00	-3.789694276e-02	1.791766510e-13
-1.970000000e-01	3.258863761e+00	-3.821944363e-02	1.997295850e-13
-1.980000000e-01	3.258874135e+00	-3.854194269e-02	1.462692606e-13
-1.990000000e-01	3.258884540e+00	-3.886443994e-02	1.817448316e-13
-2.000000000e-01	3.258894978e+00	-3.918693536e-02	1.080552186e-13
