# epsi_ci     Re(Lambda)      Im(Lambda)      Eq(det), R = 0.05 $\mu$m, $E_p$ = 0.600 eV, modo = 4, $\epsilon_\infty$ = 3.9, $\gamma_{DL}$ = 0.01 eV, solve_det_sinkz_vs_mu.py
0.000000000e+00	3.415488708e+00	3.109447638e-02	7.698033790e-14
-1.000000000e-03	3.415493544e+00	3.075827585e-02	9.001882447e-14
-2.000000000e-03	3.415498414e+00	3.042207526e-02	1.414284695e-13
-3.000000000e-03	3.415503316e+00	3.008587461e-02	8.191279346e-14
-4.000000000e-03	3.415508251e+00	2.974967391e-02	6.097500103e-14
-5.000000000e-03	3.415513219e+00	2.941347319e-02	1.074329383e-13
-6.000000000e-03	3.415518220e+00	2.907727243e-02	1.102938825e-13
-7.000000000e-03	3.415523254e+00	2.874107166e-02	1.995866369e-13
-8.000000000e-03	3.415528321e+00	2.840487089e-02	7.998045437e-14
-9.000000000e-03	3.415533421e+00	2.806867012e-02	2.205693246e-13
-1.000000000e-02	3.415538554e+00	2.773246936e-02	2.252863566e-13
-1.100000000e-02	3.415543720e+00	2.739626862e-02	1.574363581e-13
-1.200000000e-02	3.415548918e+00	2.706006792e-02	1.458676314e-13
-1.300000000e-02	3.415554150e+00	2.672386725e-02	1.127026760e-13
-1.400000000e-02	3.415559414e+00	2.638766664e-02	2.005538843e-13
-1.500000000e-02	3.415564712e+00	2.605146610e-02	6.564660121e-14
-1.600000000e-02	3.415570042e+00	2.571526562e-02	8.545041589e-14
-1.700000000e-02	3.415575406e+00	2.537906522e-02	1.103094713e-13
-1.800000000e-02	3.415580802e+00	2.504286491e-02	1.638641044e-13
-1.900000000e-02	3.415586231e+00	2.470666470e-02	1.653865762e-13
-2.000000000e-02	3.415591693e+00	2.437046461e-02	9.543947493e-14
-2.100000000e-02	3.415597188e+00	2.403426463e-02	9.014575132e-14
-2.200000000e-02	3.415602717e+00	2.369806478e-02	1.482023508e-13
-2.300000000e-02	3.415608277e+00	2.336186507e-02	6.587134341e-14
-2.400000000e-02	3.415613871e+00	2.302566550e-02	1.608517004e-13
-2.500000000e-02	3.415619498e+00	2.268946610e-02	1.440901082e-13
-2.600000000e-02	3.415625158e+00	2.235326686e-02	1.174683117e-13
-2.700000000e-02	3.415630851e+00	2.201706780e-02	7.983059411e-14
-2.800000000e-02	3.415636576e+00	2.168086892e-02	1.430209019e-13
-2.900000000e-02	3.415642335e+00	2.134467024e-02	1.210299053e-13
-3.000000000e-02	3.415648126e+00	2.100847177e-02	9.293967654e-14
-3.100000000e-02	3.415653951e+00	2.067227351e-02	5.694221225e-14
-3.200000000e-02	3.415659808e+00	2.033607548e-02	2.376810987e-13
-3.300000000e-02	3.415665698e+00	1.999987768e-02	2.571740754e-13
-3.400000000e-02	3.415671622e+00	1.966368013e-02	2.121333278e-13
-3.500000000e-02	3.415677578e+00	1.932748283e-02	1.126676731e-13
-3.600000000e-02	3.415683567e+00	1.899128579e-02	6.939311335e-14
-3.700000000e-02	3.415689589e+00	1.865508903e-02	8.675810459e-14
-3.800000000e-02	3.415695644e+00	1.831889255e-02	2.187640046e-13
-3.900000000e-02	3.415701732e+00	1.798269637e-02	2.170875266e-13
-4.000000000e-02	3.415707853e+00	1.764650048e-02	1.304163380e-13
-4.100000000e-02	3.415714007e+00	1.731030491e-02	1.112068901e-13
-4.200000000e-02	3.415720193e+00	1.697410966e-02	1.628663499e-13
-4.300000000e-02	3.415726413e+00	1.663791474e-02	1.727735335e-13
-4.400000000e-02	3.415732666e+00	1.630172016e-02	1.844943510e-13
-4.500000000e-02	3.415738951e+00	1.596552593e-02	1.261735162e-13
-4.600000000e-02	3.415745269e+00	1.562933206e-02	9.303869328e-14
-4.700000000e-02	3.415751621e+00	1.529313857e-02	6.122752274e-14
-4.800000000e-02	3.415758005e+00	1.495694545e-02	1.624319181e-13
-4.900000000e-02	3.415764422e+00	1.462075272e-02	1.497706188e-13
-5.000000000e-02	3.415770873e+00	1.428456038e-02	8.649871065e-14
-5.100000000e-02	3.415777356e+00	1.394836846e-02	1.351474926e-13
-5.200000000e-02	3.415783872e+00	1.361217696e-02	5.022339282e-13
-5.300000000e-02	3.415790421e+00	1.327598588e-02	1.082212673e-13
-5.400000000e-02	3.415797003e+00	1.293979524e-02	1.390137998e-13
-5.500000000e-02	3.415803617e+00	1.260360504e-02	1.727089518e-13
-5.600000000e-02	3.415810265e+00	1.226741531e-02	1.513937014e-13
-5.700000000e-02	3.415816946e+00	1.193122604e-02	1.627635411e-13
-5.800000000e-02	3.415823659e+00	1.159503724e-02	2.165003152e-13
-5.900000000e-02	3.415830406e+00	1.125884893e-02	4.953322097e-13
-6.000000000e-02	3.415837185e+00	1.092266112e-02	3.294012771e-13
-6.100000000e-02	3.415843998e+00	1.058647380e-02	6.158766474e-14
-6.200000000e-02	3.415850843e+00	1.025028701e-02	1.706256466e-13
-6.300000000e-02	3.415857721e+00	9.914100737e-03	1.240559050e-13
-6.400000000e-02	3.415864633e+00	9.577914998e-03	6.132503201e-14
-6.500000000e-02	3.415871577e+00	9.241729802e-03	7.038217605e-14
-6.600000000e-02	3.415878554e+00	8.905545160e-03	1.996538374e-13
-6.700000000e-02	3.415885564e+00	8.569361079e-03	4.654196948e-13
-6.800000000e-02	3.415892607e+00	8.233177571e-03	1.042287398e-13
-6.900000000e-02	3.415899683e+00	7.896994645e-03	5.325316499e-13
-7.000000000e-02	3.415906791e+00	7.560812310e-03	2.307639686e-13
-7.100000000e-02	3.415913933e+00	7.224630576e-03	1.620725706e-13
-7.200000000e-02	3.415921108e+00	6.888449452e-03	3.838844957e-14
-7.300000000e-02	3.415928315e+00	6.552268949e-03	1.158316624e-13
-7.400000000e-02	3.415935556e+00	6.216089076e-03	1.432151662e-13
-7.500000000e-02	3.415942829e+00	5.879909842e-03	7.106759175e-14
-7.600000000e-02	3.415950135e+00	5.543731258e-03	1.492228776e-13
-7.700000000e-02	3.415957475e+00	5.207553332e-03	7.152456201e-14
-7.800000000e-02	3.415964847e+00	4.871376074e-03	5.864668402e-14
-7.900000000e-02	3.415972252e+00	4.535199495e-03	2.101733871e-13
-8.000000000e-02	3.415979690e+00	4.199023603e-03	1.260290561e-13
-8.100000000e-02	3.415987161e+00	3.862848409e-03	5.582226347e-13
-8.200000000e-02	3.415994665e+00	3.526673922e-03	1.348115366e-13
-8.300000000e-02	3.416002201e+00	3.190500151e-03	1.201210520e-13
-8.400000000e-02	3.416009771e+00	2.854327106e-03	1.633502285e-13
-8.500000000e-02	3.416017374e+00	2.518154798e-03	1.479909489e-13
-8.600000000e-02	3.416025009e+00	2.181983235e-03	2.046501614e-13
-8.700000000e-02	3.416032678e+00	1.845812426e-03	9.595411996e-14
-8.800000000e-02	3.416040379e+00	1.509642383e-03	1.176588282e-13
-8.900000000e-02	3.416048114e+00	1.173473114e-03	1.014866672e-13
-9.000000000e-02	3.416055881e+00	8.373046291e-04	1.111860645e-13
-9.100000000e-02	3.416063681e+00	5.011369377e-04	8.029040881e-14
-9.200000000e-02	3.416071514e+00	1.649700497e-04	1.118560579e-13
-9.300000000e-02	3.416079380e+00	-1.711960255e-04	1.699140392e-13
-9.400000000e-02	3.416087279e+00	-5.073612782e-04	1.578429594e-13
-9.500000000e-02	3.416095211e+00	-8.435256988e-04	1.283078870e-13
-9.600000000e-02	3.416103175e+00	-1.179689278e-03	1.961611792e-13
-9.700000000e-02	3.416111173e+00	-1.515852005e-03	3.005310413e-13
-9.800000000e-02	3.416119204e+00	-1.852013871e-03	7.588406860e-14
-9.900000000e-02	3.416127267e+00	-2.188174867e-03	1.148536451e-13
-1.000000000e-01	3.416135364e+00	-2.524334982e-03	1.642823986e-13
-1.010000000e-01	3.416143493e+00	-2.860494208e-03	7.450787697e-14
-1.020000000e-01	3.416151655e+00	-3.196652534e-03	1.312524047e-13
-1.030000000e-01	3.416159850e+00	-3.532809950e-03	1.270258169e-13
-1.040000000e-01	3.416168079e+00	-3.868966448e-03	1.396914711e-13
-1.050000000e-01	3.416176340e+00	-4.205122018e-03	2.455111561e-13
-1.060000000e-01	3.416184633e+00	-4.541276649e-03	8.375762670e-14
-1.070000000e-01	3.416192960e+00	-4.877430333e-03	1.133998667e-13
-1.080000000e-01	3.416201320e+00	-5.213583060e-03	4.039807469e-13
-1.090000000e-01	3.416209713e+00	-5.549734819e-03	1.468668548e-13
-1.100000000e-01	3.416218138e+00	-5.885885602e-03	1.051056997e-13
-1.110000000e-01	3.416226597e+00	-6.222035399e-03	9.674318061e-14
-1.120000000e-01	3.416235088e+00	-6.558184200e-03	9.002204219e-14
-1.130000000e-01	3.416243612e+00	-6.894331996e-03	8.595162813e-14
-1.140000000e-01	3.416252170e+00	-7.230478776e-03	3.274957135e-13
-1.150000000e-01	3.416260760e+00	-7.566624532e-03	3.635678514e-13
-1.160000000e-01	3.416269383e+00	-7.902769254e-03	1.046276087e-13
-1.170000000e-01	3.416278039e+00	-8.238912932e-03	7.471264796e-14
-1.180000000e-01	3.416286728e+00	-8.575055556e-03	2.390612074e-13
-1.190000000e-01	3.416295449e+00	-8.911197117e-03	2.828699245e-13
-1.200000000e-01	3.416304204e+00	-9.247337605e-03	6.334501005e-14
-1.210000000e-01	3.416312992e+00	-9.583477011e-03	1.278221615e-13
-1.220000000e-01	3.416321812e+00	-9.919615325e-03	1.389112184e-13
-1.230000000e-01	3.416330665e+00	-1.025575254e-02	6.269094300e-14
-1.240000000e-01	3.416339552e+00	-1.059188864e-02	2.795050574e-13
-1.250000000e-01	3.416348471e+00	-1.092802362e-02	1.218974323e-13
-1.260000000e-01	3.416357423e+00	-1.126415747e-02	2.188470376e-13
-1.270000000e-01	3.416366408e+00	-1.160029018e-02	3.851625937e-14
-1.280000000e-01	3.416375426e+00	-1.193642174e-02	3.311086383e-13
-1.290000000e-01	3.416384477e+00	-1.227255214e-02	6.550880341e-14
-1.300000000e-01	3.416393560e+00	-1.260868137e-02	1.845237427e-13
-1.310000000e-01	3.416402677e+00	-1.294480942e-02	2.473391772e-13
-1.320000000e-01	3.416411826e+00	-1.328093629e-02	1.488040580e-13
-1.330000000e-01	3.416421009e+00	-1.361706195e-02	1.587036922e-13
-1.340000000e-01	3.416430224e+00	-1.395318641e-02	1.017110330e-13
-1.350000000e-01	3.416439472e+00	-1.428930965e-02	6.448054516e-14
-1.360000000e-01	3.416448753e+00	-1.462543167e-02	3.642378983e-13
-1.370000000e-01	3.416458067e+00	-1.496155245e-02	1.603747806e-13
-1.380000000e-01	3.416467414e+00	-1.529767198e-02	1.082669548e-13
-1.390000000e-01	3.416476794e+00	-1.563379026e-02	1.678437284e-13
-1.400000000e-01	3.416486207e+00	-1.596990727e-02	2.323058842e-13
-1.410000000e-01	3.416495652e+00	-1.630602301e-02	1.309319673e-13
-1.420000000e-01	3.416505131e+00	-1.664213747e-02	3.346844971e-13
-1.430000000e-01	3.416514642e+00	-1.697825063e-02	1.008150976e-13
-1.440000000e-01	3.416524187e+00	-1.731436248e-02	6.243205693e-14
-1.450000000e-01	3.416533764e+00	-1.765047302e-02	7.152395884e-14
-1.460000000e-01	3.416543374e+00	-1.798658224e-02	1.039264231e-13
-1.470000000e-01	3.416553017e+00	-1.832269013e-02	1.101484486e-13
-1.480000000e-01	3.416562693e+00	-1.865879668e-02	7.979314300e-14
-1.490000000e-01	3.416572401e+00	-1.899490187e-02	1.674398894e-13
-1.500000000e-01	3.416582143e+00	-1.933100571e-02	2.877794880e-13
-1.510000000e-01	3.416591917e+00	-1.966710817e-02	4.383905086e-14
-1.520000000e-01	3.416601725e+00	-2.000320925e-02	8.329129616e-14
-1.530000000e-01	3.416611565e+00	-2.033930894e-02	9.490218625e-14
-1.540000000e-01	3.416621438e+00	-2.067540723e-02	1.950886477e-13
-1.550000000e-01	3.416631344e+00	-2.101150411e-02	1.059429703e-13
-1.560000000e-01	3.416641283e+00	-2.134759958e-02	1.100770312e-13
-1.570000000e-01	3.416651255e+00	-2.168369361e-02	2.875864257e-13
-1.580000000e-01	3.416661260e+00	-2.201978621e-02	1.143518936e-13
-1.590000000e-01	3.416671297e+00	-2.235587736e-02	2.031552819e-13
-1.600000000e-01	3.416681368e+00	-2.269196705e-02	7.601193646e-14
-1.610000000e-01	3.416691471e+00	-2.302805528e-02	3.549715505e-13
-1.620000000e-01	3.416701608e+00	-2.336414203e-02	8.646207071e-14
-1.630000000e-01	3.416711777e+00	-2.370022729e-02	7.680849942e-14
-1.640000000e-01	3.416721979e+00	-2.403631105e-02	8.716629574e-14
-1.650000000e-01	3.416732214e+00	-2.437239332e-02	2.123453550e-13
-1.660000000e-01	3.416742481e+00	-2.470847406e-02	1.071166741e-13
-1.670000000e-01	3.416752782e+00	-2.504455328e-02	1.327046753e-13
-1.680000000e-01	3.416763115e+00	-2.538063097e-02	2.105143292e-13
-1.690000000e-01	3.416773482e+00	-2.571670712e-02	1.635116932e-13
-1.700000000e-01	3.416783881e+00	-2.605278171e-02	1.156679772e-13
-1.710000000e-01	3.416794313e+00	-2.638885473e-02	6.050746041e-14
-1.720000000e-01	3.416804778e+00	-2.672492619e-02	1.737291519e-13
-1.730000000e-01	3.416815276e+00	-2.706099606e-02	7.394852125e-14
-1.740000000e-01	3.416825807e+00	-2.739706434e-02	1.564721406e-13
-1.750000000e-01	3.416836371e+00	-2.773313102e-02	4.810599825e-13
-1.760000000e-01	3.416846967e+00	-2.806919609e-02	1.322806391e-13
-1.770000000e-01	3.416857596e+00	-2.840525954e-02	9.155133597e-14
-1.780000000e-01	3.416868259e+00	-2.874132136e-02	1.769554802e-13
-1.790000000e-01	3.416878954e+00	-2.907738154e-02	1.234695792e-13
-1.800000000e-01	3.416889682e+00	-2.941344007e-02	1.603155897e-13
-1.810000000e-01	3.416900443e+00	-2.974949694e-02	1.423001050e-13
-1.820000000e-01	3.416911236e+00	-3.008555214e-02	9.597362734e-14
-1.830000000e-01	3.416922063e+00	-3.042160566e-02	9.060399437e-14
-1.840000000e-01	3.416932922e+00	-3.075765750e-02	8.769159654e-14
-1.850000000e-01	3.416943815e+00	-3.109370764e-02	6.972943061e-14
-1.860000000e-01	3.416954740e+00	-3.142975607e-02	7.690857151e-14
-1.870000000e-01	3.416965698e+00	-3.176580279e-02	1.135777146e-13
-1.880000000e-01	3.416976689e+00	-3.210184778e-02	7.313463032e-14
-1.890000000e-01	3.416987713e+00	-3.243789103e-02	5.068262348e-14
-1.900000000e-01	3.416998769e+00	-3.277393254e-02	1.432592145e-13
-1.910000000e-01	3.417009859e+00	-3.310997229e-02	1.255979758e-13
-1.920000000e-01	3.417020981e+00	-3.344601028e-02	1.955486968e-13
-1.930000000e-01	3.417032136e+00	-3.378204650e-02	1.069750439e-13
-1.940000000e-01	3.417043324e+00	-3.411808093e-02	1.750235524e-13
-1.950000000e-01	3.417054545e+00	-3.445411357e-02	1.030755834e-13
-1.960000000e-01	3.417065799e+00	-3.479014440e-02	1.124344076e-13
-1.970000000e-01	3.417077086e+00	-3.512617342e-02	1.635116932e-13
-1.980000000e-01	3.417088405e+00	-3.546220063e-02	1.350222917e-13
-1.990000000e-01	3.417099757e+00	-3.579822600e-02	1.525213708e-13
-2.000000000e-01	3.417111143e+00	-3.613424952e-02	8.178026692e-14
