# Im(epsi1)     Re(Lambda)      Im(Lambda)      Eq(det).Opt det SIN kz, R=0.5 \mum, Re(epsi1)=3.90solve_det_sinkz_vs_mu.py
0.000000000e+00	3.475536991e+01	1.072148068e-01	6.503947673e-12
-1.000000000e-04	3.475536950e+01	1.068620277e-01	5.712443291e-12
-2.000000000e-04	3.475536909e+01	1.065092485e-01	7.581119171e-12
-3.000000000e-04	3.475536869e+01	1.061564693e-01	9.549330323e-12
-4.000000000e-04	3.475536829e+01	1.058036900e-01	5.108900167e-12
-5.000000000e-04	3.475536789e+01	1.054509106e-01	4.039918777e-12
-6.000000000e-04	3.475536750e+01	1.050981312e-01	1.346570728e-11
-7.000000000e-04	3.475536711e+01	1.047453517e-01	5.468701279e-12
-8.000000000e-04	3.475536673e+01	1.043925721e-01	7.655726628e-12
-9.000000000e-04	3.475536635e+01	1.040397925e-01	7.226447581e-12
-1.000000000e-03	3.475536597e+01	1.036870128e-01	1.008122149e-11
-1.100000000e-03	3.475536559e+01	1.033342330e-01	5.989227001e-12
-1.200000000e-03	3.475536522e+01	1.029814531e-01	7.557019160e-12
-1.300000000e-03	3.475536486e+01	1.026286732e-01	5.180758568e-12
-1.400000000e-03	3.475536449e+01	1.022758932e-01	4.442467971e-12
-1.500000000e-03	3.475536413e+01	1.019231131e-01	3.973916770e-12
-1.600000000e-03	3.475536378e+01	1.015703330e-01	7.173522528e-12
-1.700000000e-03	3.475536342e+01	1.012175528e-01	7.024585277e-12
-1.800000000e-03	3.475536307e+01	1.008647725e-01	5.224110698e-12
-1.900000000e-03	3.475536273e+01	1.005119922e-01	5.573398819e-12
-2.000000000e-03	3.475536239e+01	1.001592118e-01	5.517712002e-12
-2.100000000e-03	3.475536205e+01	9.980643128e-02	9.945341700e-12
-2.200000000e-03	3.475536171e+01	9.945365074e-02	9.178829484e-12
-2.300000000e-03	3.475536138e+01	9.910087012e-02	7.668137079e-12
-2.400000000e-03	3.475536105e+01	9.874808944e-02	1.037478070e-11
-2.500000000e-03	3.475536073e+01	9.839530868e-02	8.740635890e-12
-2.600000000e-03	3.475536041e+01	9.804252787e-02	5.184564801e-12
-2.700000000e-03	3.475536009e+01	9.768974698e-02	2.571379003e-12
-2.800000000e-03	3.475535977e+01	9.733696602e-02	5.786094261e-12
-2.900000000e-03	3.475535946e+01	9.698418499e-02	8.981230138e-12
-3.000000000e-03	3.475535916e+01	9.663140391e-02	6.081719038e-12
-3.100000000e-03	3.475535885e+01	9.627862274e-02	7.276324165e-12
-3.200000000e-03	3.475535855e+01	9.592584152e-02	8.589745949e-12
-3.300000000e-03	3.475535826e+01	9.557306023e-02	7.506392300e-12
-3.400000000e-03	3.475535796e+01	9.522027886e-02	4.792876760e-12
-3.500000000e-03	3.475535767e+01	9.486749744e-02	1.252239741e-11
-3.600000000e-03	3.475535739e+01	9.451471594e-02	9.851810812e-12
-3.700000000e-03	3.475535711e+01	9.416193438e-02	6.249205438e-12
-3.800000000e-03	3.475535683e+01	9.380915275e-02	3.935092301e-12
-3.900000000e-03	3.475535655e+01	9.345637105e-02	8.754917731e-12
-4.000000000e-03	3.475535628e+01	9.310358929e-02	8.851120392e-12
-4.100000000e-03	3.475535601e+01	9.275080746e-02	7.746989082e-12
-4.200000000e-03	3.475535575e+01	9.239802557e-02	5.506687720e-12
-4.300000000e-03	3.475535549e+01	9.204524361e-02	4.870742742e-12
-4.400000000e-03	3.475535523e+01	9.169246159e-02	8.173745556e-12
-4.500000000e-03	3.475535497e+01	9.133967949e-02	7.517561555e-12
-4.600000000e-03	3.475535472e+01	9.098689733e-02	6.672665450e-12
-4.700000000e-03	3.475535448e+01	9.063411510e-02	1.398478059e-11
-4.800000000e-03	3.475535423e+01	9.028133282e-02	7.707562722e-12
-4.900000000e-03	3.475535399e+01	8.992855045e-02	8.546062479e-12
-5.000000000e-03	3.475535376e+01	8.957576803e-02	1.555857718e-12
-5.100000000e-03	3.475535352e+01	8.922298554e-02	6.078054353e-12
-5.200000000e-03	3.475535329e+01	8.887020299e-02	6.486840149e-12
-5.300000000e-03	3.475535307e+01	8.851742037e-02	3.364444553e-12
-5.400000000e-03	3.475535285e+01	8.816463770e-02	9.256274356e-12
-5.500000000e-03	3.475535263e+01	8.781185495e-02	7.467652023e-12
-5.600000000e-03	3.475535241e+01	8.745907213e-02	4.765282779e-12
-5.700000000e-03	3.475535220e+01	8.710628925e-02	7.344024998e-12
-5.800000000e-03	3.475535199e+01	8.675350631e-02	5.529433620e-12
-5.900000000e-03	3.475535179e+01	8.640072330e-02	4.777039207e-12
-6.000000000e-03	3.475535159e+01	8.604794023e-02	2.563653094e-12
-6.100000000e-03	3.475535139e+01	8.569515710e-02	5.665786918e-12
-6.200000000e-03	3.475535120e+01	8.534237390e-02	5.251575921e-12
-6.300000000e-03	3.475535100e+01	8.498959063e-02	5.300919700e-12
-6.400000000e-03	3.475535082e+01	8.463680730e-02	7.918345260e-12
-6.500000000e-03	3.475535063e+01	8.428402391e-02	5.408204738e-12
-6.600000000e-03	3.475535045e+01	8.393124045e-02	6.526243247e-12
-6.700000000e-03	3.475535028e+01	8.357845693e-02	7.457634310e-12
-6.800000000e-03	3.475535011e+01	8.322567334e-02	7.067276296e-12
-6.900000000e-03	3.475534994e+01	8.287288970e-02	6.241392031e-12
-7.000000000e-03	3.475534977e+01	8.252010599e-02	4.824316732e-12
-7.100000000e-03	3.475534961e+01	8.216732222e-02	6.418079457e-12
-7.200000000e-03	3.475534945e+01	8.181453838e-02	5.403709788e-12
-7.300000000e-03	3.475534929e+01	8.146175447e-02	7.508185457e-12
-7.400000000e-03	3.475534914e+01	8.110897051e-02	6.139334623e-12
-7.500000000e-03	3.475534899e+01	8.075618648e-02	5.429590506e-12
-7.600000000e-03	3.475534885e+01	8.040340240e-02	4.086687591e-12
-7.700000000e-03	3.475534871e+01	8.005061824e-02	7.454732778e-12
-7.800000000e-03	3.475534857e+01	7.969783403e-02	7.984090030e-12
-7.900000000e-03	3.475534844e+01	7.934504975e-02	7.270224924e-12
-8.000000000e-03	3.475534831e+01	7.899226541e-02	7.912508399e-12
-8.100000000e-03	3.475534818e+01	7.863948101e-02	5.905986981e-12
-8.200000000e-03	3.475534806e+01	7.828669655e-02	7.411912178e-12
-8.300000000e-03	3.475534794e+01	7.793391201e-02	9.327096836e-12
-8.400000000e-03	3.475534782e+01	7.758112742e-02	7.684714802e-12
-8.500000000e-03	3.475534771e+01	7.722834278e-02	3.007167134e-12
-8.600000000e-03	3.475534760e+01	7.687555807e-02	4.751242850e-12
-8.700000000e-03	3.475534749e+01	7.652277329e-02	7.282659638e-12
-8.800000000e-03	3.475534739e+01	7.616998845e-02	7.874801150e-12
-8.900000000e-03	3.475534729e+01	7.581720355e-02	8.042489575e-12
-9.000000000e-03	3.475534720e+01	7.546441860e-02	7.871081023e-12
-9.100000000e-03	3.475534711e+01	7.511163358e-02	1.083679440e-11
-9.200000000e-03	3.475534702e+01	7.475884850e-02	4.949692683e-12
-9.300000000e-03	3.475534693e+01	7.440606336e-02	6.631981741e-12
-9.400000000e-03	3.475534685e+01	7.405327815e-02	2.666834712e-12
-9.500000000e-03	3.475534677e+01	7.370049290e-02	1.058168152e-11
-9.600000000e-03	3.475534670e+01	7.334770757e-02	1.187031761e-11
-9.700000000e-03	3.475534663e+01	7.299492219e-02	7.099307610e-12
-9.800000000e-03	3.475534656e+01	7.264213674e-02	7.955623074e-12
-9.900000000e-03	3.475534650e+01	7.228935123e-02	1.033718234e-11
-1.000000000e-02	3.475534644e+01	7.193656566e-02	3.574942602e-12
-1.010000000e-02	3.475534638e+01	7.158378004e-02	9.173631476e-12
-1.020000000e-02	3.475534633e+01	7.123099435e-02	5.821951009e-12
-1.030000000e-02	3.475534628e+01	7.087820861e-02	6.332710361e-12
-1.040000000e-02	3.475534624e+01	7.052542280e-02	6.760736711e-12
-1.050000000e-02	3.475534619e+01	7.017263694e-02	7.885659000e-12
-1.060000000e-02	3.475534616e+01	6.981985101e-02	6.571275486e-12
-1.070000000e-02	3.475534612e+01	6.946706503e-02	9.619645449e-12
-1.080000000e-02	3.475534609e+01	6.911427898e-02	8.235866385e-12
-1.090000000e-02	3.475534606e+01	6.876149287e-02	3.020498780e-12
-1.100000000e-02	3.475534604e+01	6.840870671e-02	6.052413506e-12
-1.110000000e-02	3.475534602e+01	6.805592049e-02	9.142282833e-12
-1.120000000e-02	3.475534600e+01	6.770313421e-02	8.011079543e-12
-1.130000000e-02	3.475534599e+01	6.735034787e-02	4.397076234e-12
-1.140000000e-02	3.475534597e+01	6.699756147e-02	5.920066964e-12
-1.150000000e-02	3.475534597e+01	6.664477501e-02	6.350665136e-12
-1.160000000e-02	3.475534596e+01	6.629198850e-02	9.344432511e-12
-1.170000000e-02	3.475534597e+01	6.593920192e-02	4.637592761e-12
-1.180000000e-02	3.475534597e+01	6.558641529e-02	3.241983686e-12
-1.190000000e-02	3.475534598e+01	6.523362859e-02	9.291691268e-12
-1.200000000e-02	3.475534599e+01	6.488084184e-02	1.112275449e-11
-1.210000000e-02	3.475534600e+01	6.452805504e-02	6.517969386e-12
-1.220000000e-02	3.475534602e+01	6.417526817e-02	7.429669770e-12
-1.230000000e-02	3.475534604e+01	6.382248124e-02	6.372512273e-12
-1.240000000e-02	3.475534607e+01	6.346969427e-02	8.620161814e-12
-1.250000000e-02	3.475534609e+01	6.311690723e-02	8.162141583e-12
-1.260000000e-02	3.475534613e+01	6.276412012e-02	7.548120027e-12
-1.270000000e-02	3.475534616e+01	6.241133297e-02	6.650913546e-12
-1.280000000e-02	3.475534620e+01	6.205854576e-02	5.817302027e-12
-1.290000000e-02	3.475534624e+01	6.170575849e-02	4.803426875e-12
-1.300000000e-02	3.475534629e+01	6.135297117e-02	4.726836072e-12
-1.310000000e-02	3.475534634e+01	6.100018378e-02	6.976345529e-12
-1.320000000e-02	3.475534639e+01	6.064739634e-02	6.926024941e-12
-1.330000000e-02	3.475534645e+01	6.029460884e-02	8.835428671e-12
-1.340000000e-02	3.475534651e+01	5.994182128e-02	7.840794447e-12
-1.350000000e-02	3.475534657e+01	5.958903368e-02	5.341279915e-12
-1.360000000e-02	3.475534664e+01	5.923624601e-02	6.641479632e-12
-1.370000000e-02	3.475534671e+01	5.888345829e-02	9.555803778e-12
-1.380000000e-02	3.475534679e+01	5.853067051e-02	5.729082080e-12
-1.390000000e-02	3.475534687e+01	5.817788267e-02	5.173373597e-12
-1.400000000e-02	3.475534695e+01	5.782509478e-02	5.875566597e-12
-1.410000000e-02	3.475534703e+01	5.747230683e-02	6.418256108e-12
-1.420000000e-02	3.475534712e+01	5.711951883e-02	4.903680035e-12
-1.430000000e-02	3.475534721e+01	5.676673077e-02	4.725827645e-12
-1.440000000e-02	3.475534731e+01	5.641394265e-02	6.223336135e-12
-1.450000000e-02	3.475534741e+01	5.606115448e-02	6.127485449e-12
-1.460000000e-02	3.475534751e+01	5.570836626e-02	9.566408777e-12
-1.470000000e-02	3.475534762e+01	5.535557797e-02	6.669881338e-12
-1.480000000e-02	3.475534773e+01	5.500278963e-02	2.855185470e-12
-1.490000000e-02	3.475534784e+01	5.465000124e-02	3.753885927e-12
-1.500000000e-02	3.475534796e+01	5.429721280e-02	7.995322865e-12
-1.510000000e-02	3.475534808e+01	5.394442429e-02	3.019578480e-12
-1.520000000e-02	3.475534820e+01	5.359163573e-02	7.000722920e-12
-1.530000000e-02	3.475534833e+01	5.323884712e-02	8.867586082e-12
-1.540000000e-02	3.475534846e+01	5.288605846e-02	5.497610861e-12
-1.550000000e-02	3.475534859e+01	5.253326974e-02	1.093274604e-11
-1.560000000e-02	3.475534873e+01	5.218048095e-02	7.718422761e-12
-1.570000000e-02	3.475534887e+01	5.182769213e-02	6.133542686e-12
-1.580000000e-02	3.475534902e+01	5.147490324e-02	3.784619446e-12
-1.590000000e-02	3.475534917e+01	5.112211431e-02	7.219749599e-12
-1.600000000e-02	3.475534932e+01	5.076932531e-02	6.797867932e-12
-1.610000000e-02	3.475534948e+01	5.041653626e-02	7.469184941e-12
-1.620000000e-02	3.475534964e+01	5.006374716e-02	9.688597921e-12
-1.630000000e-02	3.475534980e+01	4.971095801e-02	5.468263093e-12
-1.640000000e-02	3.475534996e+01	4.935816881e-02	8.338748487e-12
-1.650000000e-02	3.475535013e+01	4.900537955e-02	1.039743431e-11
-1.660000000e-02	3.475535031e+01	4.865259023e-02	7.685472560e-12
-1.670000000e-02	3.475535048e+01	4.829980086e-02	6.419650000e-12
-1.680000000e-02	3.475535066e+01	4.794701144e-02	5.624792798e-12
-1.690000000e-02	3.475535085e+01	4.759422197e-02	5.919804995e-12
-1.700000000e-02	3.475535104e+01	4.724143245e-02	1.219337553e-11
-1.710000000e-02	3.475535123e+01	4.688864286e-02	4.949034611e-12
-1.720000000e-02	3.475535142e+01	4.653585323e-02	7.248065258e-12
-1.730000000e-02	3.475535162e+01	4.618306354e-02	6.572582381e-12
-1.740000000e-02	3.475535182e+01	4.583027380e-02	7.247887168e-12
-1.750000000e-02	3.475535203e+01	4.547748401e-02	9.182691870e-12
-1.760000000e-02	3.475535224e+01	4.512469417e-02	5.284305598e-12
-1.770000000e-02	3.475535245e+01	4.477190428e-02	4.226034462e-12
-1.780000000e-02	3.475535266e+01	4.441911433e-02	7.686034477e-12
-1.790000000e-02	3.475535288e+01	4.406632433e-02	6.680316610e-12
-1.800000000e-02	3.475535311e+01	4.371353428e-02	5.814581273e-12
-1.810000000e-02	3.475535333e+01	4.336074418e-02	7.337001680e-12
-1.820000000e-02	3.475535356e+01	4.300795403e-02	6.366506831e-12
-1.830000000e-02	3.475535380e+01	4.265516382e-02	5.614190273e-12
-1.840000000e-02	3.475535403e+01	4.230237356e-02	7.648120683e-12
-1.850000000e-02	3.475535427e+01	4.194958325e-02	6.440664433e-12
-1.860000000e-02	3.475535452e+01	4.159679290e-02	7.743269636e-12
-1.870000000e-02	3.475535477e+01	4.124400248e-02	5.842904471e-12
-1.880000000e-02	3.475535502e+01	4.089121203e-02	7.897673862e-12
-1.890000000e-02	3.475535527e+01	4.053842151e-02	4.494729534e-12
-1.900000000e-02	3.475535553e+01	4.018563094e-02	6.611292500e-12
-1.910000000e-02	3.475535579e+01	3.983284033e-02	8.741716124e-12
-1.920000000e-02	3.475535606e+01	3.948004967e-02	4.820682207e-12
-1.930000000e-02	3.475535633e+01	3.912725895e-02	6.922872481e-12
-1.940000000e-02	3.475535660e+01	3.877446819e-02	8.235568846e-12
-1.950000000e-02	3.475535687e+01	3.842167737e-02	1.969441847e-12
-1.960000000e-02	3.475535715e+01	3.806888650e-02	5.691554481e-12
-1.970000000e-02	3.475535744e+01	3.771609558e-02	4.702809866e-12
-1.980000000e-02	3.475535772e+01	3.736330461e-02	3.514295213e-12
-1.990000000e-02	3.475535801e+01	3.701051359e-02	7.568963755e-12
-2.000000000e-02	3.475535831e+01	3.665772253e-02	6.009526574e-12
-2.010000000e-02	3.475535860e+01	3.630493141e-02	8.390422853e-12
-2.020000000e-02	3.475535890e+01	3.595214025e-02	9.107718507e-12
-2.030000000e-02	3.475535921e+01	3.559934903e-02	7.568218412e-12
-2.040000000e-02	3.475535952e+01	3.524655777e-02	5.354149369e-12
-2.050000000e-02	3.475535983e+01	3.489376646e-02	7.231818813e-12
-2.060000000e-02	3.475536014e+01	3.454097509e-02	5.758252485e-12
-2.070000000e-02	3.475536046e+01	3.418818367e-02	8.248498507e-12
-2.080000000e-02	3.475536078e+01	3.383539221e-02	6.102423794e-12
-2.090000000e-02	3.475536111e+01	3.348260071e-02	3.662019858e-12
-2.100000000e-02	3.475536144e+01	3.312980914e-02	6.022192064e-12
-2.110000000e-02	3.475536177e+01	3.277701754e-02	3.562570486e-12
-2.120000000e-02	3.475536210e+01	3.242422588e-02	5.165359718e-12
-2.130000000e-02	3.475536244e+01	3.207143418e-02	6.808449274e-12
-2.140000000e-02	3.475536279e+01	3.171864242e-02	5.084001332e-12
-2.150000000e-02	3.475536313e+01	3.136585062e-02	7.978193313e-12
-2.160000000e-02	3.475536348e+01	3.101305877e-02	1.007231069e-11
-2.170000000e-02	3.475536384e+01	3.066026687e-02	6.905217810e-12
-2.180000000e-02	3.475536419e+01	3.030747493e-02	9.459380192e-12
-2.190000000e-02	3.475536456e+01	2.995468293e-02	4.676602485e-12
-2.200000000e-02	3.475536492e+01	2.960189090e-02	9.508865618e-12
-2.210000000e-02	3.475536529e+01	2.924909881e-02	6.689740511e-12
-2.220000000e-02	3.475536566e+01	2.889630667e-02	6.314875271e-12
-2.230000000e-02	3.475536603e+01	2.854351448e-02	6.237239529e-12
-2.240000000e-02	3.475536641e+01	2.819072226e-02	4.726324173e-12
-2.250000000e-02	3.475536679e+01	2.783792997e-02	6.102684595e-12
-2.260000000e-02	3.475536718e+01	2.748513765e-02	5.862504684e-12
-2.270000000e-02	3.475536757e+01	2.713234528e-02	5.362641882e-12
-2.280000000e-02	3.475536796e+01	2.677955286e-02	6.661351296e-12
-2.290000000e-02	3.475536836e+01	2.642676039e-02	8.011785684e-12
-2.300000000e-02	3.475536876e+01	2.607396789e-02	8.749585785e-12
-2.310000000e-02	3.475536916e+01	2.572117532e-02	8.305584226e-12
-2.320000000e-02	3.475536957e+01	2.536838271e-02	6.452418692e-12
-2.330000000e-02	3.475536998e+01	2.501559006e-02	4.955202458e-12
-2.340000000e-02	3.475537039e+01	2.466279737e-02	5.216930579e-12
-2.350000000e-02	3.475537081e+01	2.431000463e-02	8.553323377e-12
-2.360000000e-02	3.475537123e+01	2.395721183e-02	8.266772398e-12
-2.370000000e-02	3.475537165e+01	2.360441900e-02	8.906853287e-12
-2.380000000e-02	3.475537208e+01	2.325162611e-02	4.795416867e-12
-2.390000000e-02	3.475537251e+01	2.289883318e-02	6.498796625e-12
-2.400000000e-02	3.475537295e+01	2.254604022e-02	8.611124580e-12
-2.410000000e-02	3.475537338e+01	2.219324720e-02	7.028793334e-12
-2.420000000e-02	3.475537383e+01	2.184045413e-02	7.053466837e-12
-2.430000000e-02	3.475537427e+01	2.148766102e-02	3.738135528e-12
-2.440000000e-02	3.475537472e+01	2.113486787e-02	5.918856312e-12
-2.450000000e-02	3.475537517e+01	2.078207467e-02	1.068122478e-11
-2.460000000e-02	3.475537563e+01	2.042928142e-02	7.360175082e-12
-2.470000000e-02	3.475537609e+01	2.007648813e-02	8.927921199e-12
-2.480000000e-02	3.475537655e+01	1.972369480e-02	5.598224226e-12
-2.490000000e-02	3.475537702e+01	1.937090142e-02	9.080448124e-12
-2.500000000e-02	3.475537749e+01	1.901810799e-02	6.349255892e-12
-2.510000000e-02	3.475537796e+01	1.866531453e-02	9.037413667e-12
-2.520000000e-02	3.475537844e+01	1.831252101e-02	5.816882764e-12
-2.530000000e-02	3.475537892e+01	1.795972746e-02	1.003182094e-11
-2.540000000e-02	3.475537941e+01	1.760693386e-02	9.503355974e-12
-2.550000000e-02	3.475537989e+01	1.725414022e-02	1.125894021e-11
-2.560000000e-02	3.475538038e+01	1.690134653e-02	8.151114733e-12
-2.570000000e-02	3.475538088e+01	1.654855279e-02	6.876831468e-12
-2.580000000e-02	3.475538138e+01	1.619575901e-02	6.572237223e-12
-2.590000000e-02	3.475538188e+01	1.584296519e-02	7.058351465e-12
-2.600000000e-02	3.475538239e+01	1.549017132e-02	8.225320777e-12
-2.610000000e-02	3.475538290e+01	1.513737742e-02	8.649874578e-12
-2.620000000e-02	3.475538341e+01	1.478458347e-02	3.752804864e-12
-2.630000000e-02	3.475538392e+01	1.443178948e-02	7.864884162e-12
-2.640000000e-02	3.475538444e+01	1.407899545e-02	9.469635189e-12
-2.650000000e-02	3.475538497e+01	1.372620136e-02	9.320622879e-12
-2.660000000e-02	3.475538549e+01	1.337340724e-02	5.876636801e-12
-2.670000000e-02	3.475538602e+01	1.302061307e-02	7.300019228e-12
-2.680000000e-02	3.475538656e+01	1.266781887e-02	8.071184039e-12
-2.690000000e-02	3.475538710e+01	1.231502462e-02	4.925932668e-12
-2.700000000e-02	3.475538764e+01	1.196223032e-02	1.004392751e-11
-2.710000000e-02	3.475538818e+01	1.160943599e-02	6.461436191e-12
-2.720000000e-02	3.475538873e+01	1.125664161e-02	8.199875484e-12
-2.730000000e-02	3.475538928e+01	1.090384719e-02	1.145969608e-11
-2.740000000e-02	3.475538983e+01	1.055105273e-02	8.021569488e-12
-2.750000000e-02	3.475539039e+01	1.019825822e-02	6.669870106e-12
-2.760000000e-02	3.475539096e+01	9.845463681e-03	8.271513686e-12
-2.770000000e-02	3.475539152e+01	9.492669092e-03	4.791011332e-12
-2.780000000e-02	3.475539209e+01	9.139874464e-03	5.665812058e-12
-2.790000000e-02	3.475539266e+01	8.787079791e-03	3.987814139e-12
-2.800000000e-02	3.475539324e+01	8.434285081e-03	4.446838847e-12
-2.810000000e-02	3.475539382e+01	8.081490329e-03	7.607340608e-12
-2.820000000e-02	3.475539440e+01	7.728695533e-03	4.499071116e-12
-2.830000000e-02	3.475539499e+01	7.375900697e-03	4.093282955e-12
-2.840000000e-02	3.475539558e+01	7.023105823e-03	9.157542139e-12
-2.850000000e-02	3.475539617e+01	6.670310898e-03	9.526676815e-12
-2.860000000e-02	3.475539677e+01	6.317515940e-03	5.948322684e-12
-2.870000000e-02	3.475539737e+01	5.964720945e-03	3.819065428e-12
-2.880000000e-02	3.475539798e+01	5.611925904e-03	6.069411423e-12
-2.890000000e-02	3.475539858e+01	5.259130828e-03	6.954606393e-12
-2.900000000e-02	3.475539920e+01	4.906335706e-03	5.162926901e-12
-2.910000000e-02	3.475539981e+01	4.553540541e-03	5.601156120e-12
-2.920000000e-02	3.475540043e+01	4.200745341e-03	6.331824801e-12
-2.930000000e-02	3.475540105e+01	3.847950105e-03	6.543270469e-12
-2.940000000e-02	3.475540168e+01	3.495154820e-03	5.655692185e-12
-2.950000000e-02	3.475540231e+01	3.142359502e-03	9.068280344e-12
-2.960000000e-02	3.475540294e+01	2.789564139e-03	3.520047806e-12
-2.970000000e-02	3.475540358e+01	2.436768742e-03	3.675513782e-12
-2.980000000e-02	3.475540422e+01	2.083973301e-03	5.998114455e-12
-2.990000000e-02	3.475540486e+01	1.731177826e-03	9.010179753e-12
-3.000000000e-02	3.475540551e+01	1.378382306e-03	8.700445929e-12
-3.010000000e-02	3.475540616e+01	1.025586745e-03	9.948619346e-12
-3.020000000e-02	3.475540681e+01	6.727911529e-04	7.052894115e-12
-3.030000000e-02	3.475540747e+01	3.199955117e-04	6.054616996e-12
-3.040000000e-02	3.475540813e+01	-3.280015848e-05	6.351881191e-12
-3.050000000e-02	3.475540879e+01	-3.855958730e-04	5.782323444e-12
-3.060000000e-02	3.475540946e+01	-7.383916225e-04	6.321486324e-12
-3.070000000e-02	3.475541013e+01	-1.091187416e-03	7.726244068e-12
-3.080000000e-02	3.475541081e+01	-1.443983248e-03	5.631269093e-12
-3.090000000e-02	3.475541149e+01	-1.796779113e-03	7.176308885e-12
-3.100000000e-02	3.475541217e+01	-2.149575019e-03	5.048829319e-12
-3.110000000e-02	3.475541286e+01	-2.502370965e-03	5.218503326e-12
-3.120000000e-02	3.475541355e+01	-2.855166947e-03	6.466111958e-12
-3.130000000e-02	3.475541424e+01	-3.207962966e-03	7.302485654e-12
-3.140000000e-02	3.475541493e+01	-3.560759020e-03	3.401610903e-12
-3.150000000e-02	3.475541563e+01	-3.913555119e-03	4.649820199e-12
-3.160000000e-02	3.475541634e+01	-4.266351250e-03	5.973827734e-12
-3.170000000e-02	3.475541704e+01	-4.619147419e-03	6.384320281e-12
-3.180000000e-02	3.475541776e+01	-4.971943627e-03	4.757382977e-12
-3.190000000e-02	3.475541847e+01	-5.324739877e-03	8.092215891e-12
-3.200000000e-02	3.475541919e+01	-5.677536157e-03	5.549441867e-12
-3.210000000e-02	3.475541991e+01	-6.030332476e-03	4.538524720e-12
-3.220000000e-02	3.475542063e+01	-6.383128834e-03	1.341047462e-11
-3.230000000e-02	3.475542136e+01	-6.735925226e-03	2.277887380e-12
-3.240000000e-02	3.475542209e+01	-7.088721658e-03	3.112797257e-12
-3.250000000e-02	3.475542283e+01	-7.441518126e-03	9.659216085e-12
-3.260000000e-02	3.475542357e+01	-7.794314630e-03	5.664596971e-12
-3.270000000e-02	3.475542431e+01	-8.147111165e-03	9.495401508e-12
-3.280000000e-02	3.475542505e+01	-8.499907748e-03	8.030616058e-12
-3.290000000e-02	3.475542580e+01	-8.852704354e-03	5.785441939e-12
-3.300000000e-02	3.475542656e+01	-9.205501007e-03	7.465416991e-12
-3.310000000e-02	3.475542731e+01	-9.558297693e-03	2.737056508e-12
-3.320000000e-02	3.475542807e+01	-9.911094412e-03	6.602694152e-12
-3.330000000e-02	3.475542884e+01	-1.026389117e-02	5.552232557e-12
-3.340000000e-02	3.475542960e+01	-1.061668796e-02	7.416598335e-12
-3.350000000e-02	3.475543037e+01	-1.096948479e-02	7.550102998e-12
-3.360000000e-02	3.475543115e+01	-1.132228166e-02	6.742064173e-12
-3.370000000e-02	3.475543193e+01	-1.167507856e-02	5.176560939e-12
-3.380000000e-02	3.475543271e+01	-1.202787549e-02	8.115453977e-12
-3.390000000e-02	3.475543349e+01	-1.238067246e-02	5.397852447e-12
-3.400000000e-02	3.475543428e+01	-1.273346946e-02	4.651718309e-12
-3.410000000e-02	3.475543507e+01	-1.308626650e-02	9.245375952e-12
-3.420000000e-02	3.475543587e+01	-1.343906358e-02	4.880951050e-12
-3.430000000e-02	3.475543667e+01	-1.379186069e-02	3.332257604e-12
-3.440000000e-02	3.475543747e+01	-1.414465783e-02	3.642900906e-12
-3.450000000e-02	3.475543828e+01	-1.449745501e-02	9.862452928e-12
-3.460000000e-02	3.475543908e+01	-1.485025223e-02	7.251677004e-12
-3.470000000e-02	3.475543990e+01	-1.520304947e-02	8.449997563e-12
-3.480000000e-02	3.475544071e+01	-1.555584675e-02	8.283315189e-12
-3.490000000e-02	3.475544153e+01	-1.590864407e-02	6.612868827e-12
-3.500000000e-02	3.475544236e+01	-1.626144142e-02	7.269314393e-12
-3.510000000e-02	3.475544319e+01	-1.661423881e-02	1.029186094e-11
-3.520000000e-02	3.475544402e+01	-1.696703622e-02	1.072714469e-11
-3.530000000e-02	3.475544485e+01	-1.731983367e-02	7.211898293e-12
-3.540000000e-02	3.475544569e+01	-1.767263116e-02	6.097213891e-12
-3.550000000e-02	3.475544653e+01	-1.802542868e-02	2.171577891e-12
-3.560000000e-02	3.475544737e+01	-1.837822623e-02	6.401976118e-12
-3.570000000e-02	3.475544822e+01	-1.873102382e-02	6.554608722e-12
-3.580000000e-02	3.475544907e+01	-1.908382144e-02	5.804175648e-12
-3.590000000e-02	3.475544993e+01	-1.943661909e-02	6.059590614e-12
-3.600000000e-02	3.475545079e+01	-1.978941678e-02	4.961328798e-12
-3.610000000e-02	3.475545165e+01	-2.014221449e-02	6.293447282e-12
-3.620000000e-02	3.475545252e+01	-2.049501224e-02	9.213273747e-12
-3.630000000e-02	3.475545339e+01	-2.084781003e-02	2.779158326e-12
-3.640000000e-02	3.475545426e+01	-2.120060784e-02	7.515636530e-12
-3.650000000e-02	3.475545514e+01	-2.155340569e-02	6.538029339e-12
-3.660000000e-02	3.475545602e+01	-2.190620357e-02	6.667235441e-12
-3.670000000e-02	3.475545690e+01	-2.225900148e-02	6.305530786e-12
-3.680000000e-02	3.475545779e+01	-2.261179943e-02	7.866678771e-12
-3.690000000e-02	3.475545868e+01	-2.296459741e-02	5.457495509e-12
-3.700000000e-02	3.475545957e+01	-2.331739542e-02	4.669278215e-12
-3.710000000e-02	3.475546047e+01	-2.367019346e-02	7.777697954e-12
-3.720000000e-02	3.475546137e+01	-2.402299153e-02	3.362682192e-12
-3.730000000e-02	3.475546228e+01	-2.437578964e-02	6.885317277e-12
-3.740000000e-02	3.475546319e+01	-2.472858777e-02	3.233504941e-12
-3.750000000e-02	3.475546410e+01	-2.508138595e-02	5.608762302e-12
-3.760000000e-02	3.475546501e+01	-2.543418414e-02	4.652551638e-12
-3.770000000e-02	3.475546593e+01	-2.578698237e-02	5.619468731e-12
-3.780000000e-02	3.475546685e+01	-2.613978064e-02	9.861801925e-12
-3.790000000e-02	3.475546778e+01	-2.649257893e-02	7.782787975e-12
-3.800000000e-02	3.475546871e+01	-2.684537725e-02	7.996797606e-12
-3.810000000e-02	3.475546964e+01	-2.719817560e-02	5.959047380e-12
-3.820000000e-02	3.475547058e+01	-2.755097399e-02	4.631354249e-12
-3.830000000e-02	3.475547152e+01	-2.790377240e-02	5.642811345e-12
-3.840000000e-02	3.475547246e+01	-2.825657085e-02	1.075471961e-11
-3.850000000e-02	3.475547341e+01	-2.860936933e-02	7.043775971e-12
-3.860000000e-02	3.475547436e+01	-2.896216783e-02	3.099005239e-12
-3.870000000e-02	3.475547532e+01	-2.931496637e-02	2.860947324e-12
-3.880000000e-02	3.475547627e+01	-2.966776494e-02	4.582653069e-12
-3.890000000e-02	3.475547724e+01	-3.002056353e-02	5.835413401e-12
-3.900000000e-02	3.475547820e+01	-3.037336217e-02	7.567778854e-12
-3.910000000e-02	3.475547917e+01	-3.072616082e-02	9.957989876e-12
-3.920000000e-02	3.475548014e+01	-3.107895950e-02	7.941727898e-12
-3.930000000e-02	3.475548112e+01	-3.143175822e-02	4.797906766e-12
-3.940000000e-02	3.475548210e+01	-3.178455697e-02	6.132198019e-12
-3.950000000e-02	3.475548308e+01	-3.213735574e-02	7.261941511e-12
-3.960000000e-02	3.475548406e+01	-3.249015455e-02	7.372865853e-12
-3.970000000e-02	3.475548505e+01	-3.284295338e-02	5.575067115e-12
-3.980000000e-02	3.475548605e+01	-3.319575224e-02	9.609434442e-12
-3.990000000e-02	3.475548704e+01	-3.354855113e-02	8.051140331e-12
-4.000000000e-02	3.475548804e+01	-3.390135005e-02	7.429894036e-12
-4.010000000e-02	3.475548905e+01	-3.425414900e-02	7.462866425e-12
-4.020000000e-02	3.475549006e+01	-3.460694798e-02	6.536208740e-12
-4.030000000e-02	3.475549107e+01	-3.495974698e-02	5.623703182e-12
-4.040000000e-02	3.475549208e+01	-3.531254602e-02	5.624992636e-12
-4.050000000e-02	3.475549310e+01	-3.566534508e-02	3.915465742e-12
-4.060000000e-02	3.475549412e+01	-3.601814417e-02	8.618297503e-12
-4.070000000e-02	3.475549515e+01	-3.637094329e-02	6.136734203e-12
-4.080000000e-02	3.475549617e+01	-3.672374244e-02	4.612220485e-12
-4.090000000e-02	3.475549721e+01	-3.707654161e-02	6.519126719e-12
-4.100000000e-02	3.475549824e+01	-3.742934081e-02	2.977254317e-12
-4.110000000e-02	3.475549928e+01	-3.778214004e-02	7.281698152e-12
-4.120000000e-02	3.475550032e+01	-3.813493930e-02	8.764339185e-12
-4.130000000e-02	3.475550137e+01	-3.848773858e-02	9.180965686e-12
-4.140000000e-02	3.475550242e+01	-3.884053790e-02	9.219492648e-12
-4.150000000e-02	3.475550347e+01	-3.919333724e-02	4.781989967e-12
-4.160000000e-02	3.475550453e+01	-3.954613661e-02	6.263564295e-12
-4.170000000e-02	3.475550559e+01	-3.989893599e-02	1.063960013e-11
-4.180000000e-02	3.475550665e+01	-4.025173542e-02	9.369491142e-12
-4.190000000e-02	3.475550772e+01	-4.060453486e-02	7.098281860e-12
-4.200000000e-02	3.475550879e+01	-4.095733434e-02	6.549548347e-12
-4.210000000e-02	3.475550987e+01	-4.131013384e-02	7.678645168e-12
-4.220000000e-02	3.475551095e+01	-4.166293337e-02	1.775416509e-12
-4.230000000e-02	3.475551203e+01	-4.201573292e-02	6.917876963e-12
-4.240000000e-02	3.475551311e+01	-4.236853250e-02	7.703347509e-12
-4.250000000e-02	3.475551420e+01	-4.272133211e-02	5.145203063e-12
-4.260000000e-02	3.475551529e+01	-4.307413174e-02	1.217524989e-11
-4.270000000e-02	3.475551639e+01	-4.342693140e-02	6.756401217e-12
-4.280000000e-02	3.475551749e+01	-4.377973108e-02	3.768894364e-12
-4.290000000e-02	3.475551859e+01	-4.413253080e-02	4.507053411e-12
-4.300000000e-02	3.475551970e+01	-4.448533052e-02	1.293859138e-11
-4.310000000e-02	3.475552081e+01	-4.483813030e-02	9.903692604e-12
-4.320000000e-02	3.475552192e+01	-4.519093008e-02	7.055684950e-12
-4.330000000e-02	3.475552304e+01	-4.554372989e-02	8.381809599e-12
-4.340000000e-02	3.475552416e+01	-4.589652973e-02	5.984846462e-12
-4.350000000e-02	3.475552528e+01	-4.624932959e-02	5.385123972e-12
-4.360000000e-02	3.475552641e+01	-4.660212948e-02	8.605081981e-12
-4.370000000e-02	3.475552754e+01	-4.695492939e-02	8.777600322e-12
-4.380000000e-02	3.475552868e+01	-4.730772932e-02	8.755861631e-12
-4.390000000e-02	3.475552981e+01	-4.766052928e-02	1.153402613e-11
-4.400000000e-02	3.475553096e+01	-4.801332928e-02	6.135482816e-12
-4.410000000e-02	3.475553210e+01	-4.836612928e-02	3.601188764e-12
-4.420000000e-02	3.475553325e+01	-4.871892932e-02	7.815800834e-12
-4.430000000e-02	3.475553440e+01	-4.907172938e-02	8.837293399e-12
-4.440000000e-02	3.475553556e+01	-4.942452946e-02	7.459310831e-12
-4.450000000e-02	3.475553672e+01	-4.977732958e-02	6.374496057e-12
-4.460000000e-02	3.475553788e+01	-5.013012970e-02	3.055815132e-12
-4.470000000e-02	3.475553905e+01	-5.048292986e-02	5.386845174e-12
-4.480000000e-02	3.475554022e+01	-5.083573005e-02	1.057655177e-11
-4.490000000e-02	3.475554139e+01	-5.118853024e-02	6.241982457e-12
-4.500000000e-02	3.475554257e+01	-5.154133047e-02	4.480798642e-12
-4.510000000e-02	3.475554375e+01	-5.189413072e-02	7.433322503e-12
-4.520000000e-02	3.475554493e+01	-5.224693100e-02	4.644536614e-12
-4.530000000e-02	3.475554612e+01	-5.259973129e-02	1.144756718e-11
-4.540000000e-02	3.475554731e+01	-5.295253161e-02	3.927611666e-12
-4.550000000e-02	3.475554851e+01	-5.330533195e-02	8.122284499e-12
-4.560000000e-02	3.475554970e+01	-5.365813232e-02	8.045309960e-12
-4.570000000e-02	3.475555091e+01	-5.401093271e-02	1.046370630e-11
-4.580000000e-02	3.475555211e+01	-5.436373313e-02	1.244216757e-11
-4.590000000e-02	3.475555332e+01	-5.471653356e-02	5.478041352e-12
-4.600000000e-02	3.475555453e+01	-5.506933401e-02	5.086541169e-12
-4.610000000e-02	3.475555575e+01	-5.542213449e-02	5.596807918e-12
-4.620000000e-02	3.475555697e+01	-5.577493499e-02	7.904679407e-12
-4.630000000e-02	3.475555819e+01	-5.612773552e-02	4.098085729e-12
-4.640000000e-02	3.475555942e+01	-5.648053607e-02	7.096057900e-12
-4.650000000e-02	3.475556065e+01	-5.683333663e-02	7.258354494e-12
-4.660000000e-02	3.475556188e+01	-5.718613722e-02	3.884978358e-12
-4.670000000e-02	3.475556312e+01	-5.753893783e-02	7.340416213e-12
-4.680000000e-02	3.475556436e+01	-5.789173846e-02	4.729984982e-12
-4.690000000e-02	3.475556560e+01	-5.824453912e-02	8.181363431e-12
-4.700000000e-02	3.475556685e+01	-5.859733980e-02	5.846688576e-12
-4.710000000e-02	3.475556810e+01	-5.895014049e-02	5.419927012e-12
-4.720000000e-02	3.475556936e+01	-5.930294121e-02	7.085831052e-12
-4.730000000e-02	3.475557061e+01	-5.965574195e-02	4.305126778e-12
-4.740000000e-02	3.475557188e+01	-6.000854271e-02	6.285658232e-12
-4.750000000e-02	3.475557314e+01	-6.036134350e-02	4.564076997e-12
-4.760000000e-02	3.475557441e+01	-6.071414429e-02	7.757561492e-12
-4.770000000e-02	3.475557568e+01	-6.106694512e-02	3.089039073e-12
-4.780000000e-02	3.475557696e+01	-6.141974597e-02	6.251404256e-12
-4.790000000e-02	3.475557824e+01	-6.177254683e-02	7.823145055e-12
-4.800000000e-02	3.475557952e+01	-6.212534771e-02	9.078892332e-12
-4.810000000e-02	3.475558081e+01	-6.247814862e-02	6.936793599e-12
-4.820000000e-02	3.475558210e+01	-6.283094955e-02	5.682831162e-12
-4.830000000e-02	3.475558339e+01	-6.318375049e-02	5.433537853e-12
-4.840000000e-02	3.475558469e+01	-6.353655146e-02	4.697701892e-12
-4.850000000e-02	3.475558599e+01	-6.388935244e-02	5.499393860e-12
-4.860000000e-02	3.475558729e+01	-6.424215345e-02	8.922099204e-12
-4.870000000e-02	3.475558860e+01	-6.459495448e-02	4.514049891e-12
-4.880000000e-02	3.475558991e+01	-6.494775552e-02	7.257222172e-12
-4.890000000e-02	3.475559123e+01	-6.530055659e-02	8.656193002e-12
-4.900000000e-02	3.475559255e+01	-6.565335767e-02	7.158450675e-12
-4.910000000e-02	3.475559387e+01	-6.600615877e-02	5.827748475e-12
-4.920000000e-02	3.475559519e+01	-6.635895989e-02	6.102044047e-12
-4.930000000e-02	3.475559652e+01	-6.671176103e-02	7.886029499e-12
-4.940000000e-02	3.475559786e+01	-6.706456219e-02	9.929931256e-12
-4.950000000e-02	3.475559919e+01	-6.741736337e-02	6.482548354e-12
-4.960000000e-02	3.475560053e+01	-6.777016457e-02	8.200440675e-12
-4.970000000e-02	3.475560187e+01	-6.812296578e-02	6.562793620e-12
-4.980000000e-02	3.475560322e+01	-6.847576702e-02	8.080896169e-12
-4.990000000e-02	3.475560457e+01	-6.882856827e-02	6.919320478e-12
-5.000000000e-02	3.475560592e+01	-6.918136954e-02	7.540547476e-12
