# Im(epsi1)     Re(Lambda)      Im(Lambda)      Eq(det).Opt det SIN kz, R=0.5 \mum, Re(epsi1)=3.90solve_det_sinkz_vs_mu.py
0.000000000e+00	4.373566498e+01	1.476095556e-01	8.360011276e-12
-1.000000000e-04	4.373566542e+01	1.471654259e-01	8.071264937e-12
-2.000000000e-04	4.373566587e+01	1.467212962e-01	3.785927387e-12
-3.000000000e-04	4.373566632e+01	1.462771665e-01	6.756932124e-12
-4.000000000e-04	4.373566678e+01	1.458330367e-01	5.605405089e-12
-5.000000000e-04	4.373566724e+01	1.453889068e-01	6.218675662e-12
-6.000000000e-04	4.373566771e+01	1.449447769e-01	7.185514111e-12
-7.000000000e-04	4.373566818e+01	1.445006469e-01	5.398022149e-12
-8.000000000e-04	4.373566865e+01	1.440565169e-01	5.370166387e-12
-9.000000000e-04	4.373566913e+01	1.436123868e-01	7.664576197e-12
-1.000000000e-03	4.373566962e+01	1.431682567e-01	6.313901264e-12
-1.100000000e-03	4.373567011e+01	1.427241265e-01	1.245569649e-11
-1.200000000e-03	4.373567060e+01	1.422799963e-01	4.781811943e-12
-1.300000000e-03	4.373567110e+01	1.418358660e-01	8.638773299e-12
-1.400000000e-03	4.373567160e+01	1.413917356e-01	5.891212359e-12
-1.500000000e-03	4.373567211e+01	1.409476052e-01	1.975635736e-12
-1.600000000e-03	4.373567262e+01	1.405034747e-01	4.305219287e-12
-1.700000000e-03	4.373567313e+01	1.400593442e-01	3.887612940e-12
-1.800000000e-03	4.373567365e+01	1.396152136e-01	2.810895768e-12
-1.900000000e-03	4.373567418e+01	1.391710830e-01	7.111546647e-12
-2.000000000e-03	4.373567471e+01	1.387269523e-01	4.363254166e-12
-2.100000000e-03	4.373567524e+01	1.382828216e-01	8.059587596e-12
-2.200000000e-03	4.373567578e+01	1.378386908e-01	8.344851115e-12
-2.300000000e-03	4.373567632e+01	1.373945600e-01	5.451921316e-12
-2.400000000e-03	4.373567687e+01	1.369504291e-01	7.495350139e-12
-2.500000000e-03	4.373567742e+01	1.365062981e-01	7.181406285e-12
-2.600000000e-03	4.373567798e+01	1.360621671e-01	6.352629553e-12
-2.700000000e-03	4.373567854e+01	1.356180360e-01	6.602766407e-12
-2.800000000e-03	4.373567910e+01	1.351739049e-01	4.294797659e-12
-2.900000000e-03	4.373567967e+01	1.347297738e-01	6.610220207e-12
-3.000000000e-03	4.373568024e+01	1.342856426e-01	9.776640131e-12
-3.100000000e-03	4.373568082e+01	1.338415113e-01	5.106710081e-12
-3.200000000e-03	4.373568141e+01	1.333973800e-01	1.000555447e-11
-3.300000000e-03	4.373568199e+01	1.329532486e-01	5.564580256e-12
-3.400000000e-03	4.373568258e+01	1.325091172e-01	5.492581396e-12
-3.500000000e-03	4.373568318e+01	1.320649857e-01	6.017500681e-12
-3.600000000e-03	4.373568378e+01	1.316208542e-01	1.086571585e-11
-3.700000000e-03	4.373568439e+01	1.311767226e-01	1.045733261e-11
-3.800000000e-03	4.373568499e+01	1.307325910e-01	6.367037104e-12
-3.900000000e-03	4.373568561e+01	1.302884593e-01	9.153468012e-12
-4.000000000e-03	4.373568623e+01	1.298443276e-01	5.597657990e-12
-4.100000000e-03	4.373568685e+01	1.294001958e-01	9.696211164e-12
-4.200000000e-03	4.373568748e+01	1.289560639e-01	6.381535412e-12
-4.300000000e-03	4.373568811e+01	1.285119321e-01	7.817072642e-12
-4.400000000e-03	4.373568875e+01	1.280678001e-01	7.226009378e-12
-4.500000000e-03	4.373568939e+01	1.276236681e-01	8.758698790e-12
-4.600000000e-03	4.373569003e+01	1.271795361e-01	8.329538007e-12
-4.700000000e-03	4.373569068e+01	1.267354040e-01	5.517216184e-12
-4.800000000e-03	4.373569134e+01	1.262912719e-01	6.141201484e-12
-4.900000000e-03	4.373569199e+01	1.258471397e-01	5.396871345e-12
-5.000000000e-03	4.373569266e+01	1.254030074e-01	1.058711602e-11
-5.100000000e-03	4.373569332e+01	1.249588752e-01	9.151809264e-12
-5.200000000e-03	4.373569400e+01	1.245147428e-01	7.718525586e-12
-5.300000000e-03	4.373569467e+01	1.240706104e-01	5.534113567e-12
-5.400000000e-03	4.373569535e+01	1.236264780e-01	4.305245690e-12
-5.500000000e-03	4.373569604e+01	1.231823455e-01	7.247256177e-12
-5.600000000e-03	4.373569673e+01	1.227382130e-01	9.350339478e-12
-5.700000000e-03	4.373569742e+01	1.222940804e-01	6.775433648e-12
-5.800000000e-03	4.373569812e+01	1.218499478e-01	4.646516630e-12
-5.900000000e-03	4.373569883e+01	1.214058151e-01	7.318181435e-12
-6.000000000e-03	4.373569953e+01	1.209616823e-01	9.480906209e-12
-6.100000000e-03	4.373570025e+01	1.205175496e-01	8.492553542e-12
-6.200000000e-03	4.373570096e+01	1.200734167e-01	4.763135259e-12
-6.300000000e-03	4.373570168e+01	1.196292839e-01	6.763257379e-12
-6.400000000e-03	4.373570241e+01	1.191851509e-01	6.604008951e-12
-6.500000000e-03	4.373570314e+01	1.187410180e-01	5.938685682e-12
-6.600000000e-03	4.373570387e+01	1.182968850e-01	6.383996022e-12
-6.700000000e-03	4.373570461e+01	1.178527519e-01	9.360370577e-12
-6.800000000e-03	4.373570536e+01	1.174086188e-01	8.962617665e-12
-6.900000000e-03	4.373570610e+01	1.169644856e-01	9.088373237e-12
-7.000000000e-03	4.373570686e+01	1.165203524e-01	4.490621167e-12
-7.100000000e-03	4.373570761e+01	1.160762192e-01	9.124170437e-12
-7.200000000e-03	4.373570837e+01	1.156320858e-01	5.587689394e-12
-7.300000000e-03	4.373570914e+01	1.151879525e-01	5.970166368e-12
-7.400000000e-03	4.373570991e+01	1.147438191e-01	3.840382258e-12
-7.500000000e-03	4.373571069e+01	1.142996857e-01	3.257079190e-12
-7.600000000e-03	4.373571146e+01	1.138555522e-01	9.165641622e-12
-7.700000000e-03	4.373571225e+01	1.134114186e-01	3.416770042e-12
-7.800000000e-03	4.373571304e+01	1.129672850e-01	8.524370932e-12
-7.900000000e-03	4.373571383e+01	1.125231514e-01	5.231856786e-12
-8.000000000e-03	4.373571463e+01	1.120790178e-01	6.089827330e-12
-8.100000000e-03	4.373571543e+01	1.116348840e-01	4.145795729e-12
-8.200000000e-03	4.373571623e+01	1.111907503e-01	5.035946598e-12
-8.300000000e-03	4.373571704e+01	1.107466165e-01	3.473041690e-12
-8.400000000e-03	4.373571786e+01	1.103024826e-01	6.372207100e-12
-8.500000000e-03	4.373571868e+01	1.098583487e-01	3.714846948e-12
-8.600000000e-03	4.373571950e+01	1.094142148e-01	9.407520105e-12
-8.700000000e-03	4.373572033e+01	1.089700808e-01	8.203907660e-12
-8.800000000e-03	4.373572116e+01	1.085259467e-01	6.281626034e-12
-8.900000000e-03	4.373572200e+01	1.080818126e-01	7.995417581e-12
-9.000000000e-03	4.373572284e+01	1.076376785e-01	5.053904382e-12
-9.100000000e-03	4.373572369e+01	1.071935443e-01	7.402299613e-12
-9.200000000e-03	4.373572454e+01	1.067494101e-01	6.738392940e-12
-9.300000000e-03	4.373572539e+01	1.063052759e-01	1.029524008e-11
-9.400000000e-03	4.373572625e+01	1.058611416e-01	7.606124010e-12
-9.500000000e-03	4.373572712e+01	1.054170072e-01	7.628546829e-12
-9.600000000e-03	4.373572799e+01	1.049728728e-01	9.094676842e-12
-9.700000000e-03	4.373572886e+01	1.045287384e-01	6.551703583e-12
-9.800000000e-03	4.373572974e+01	1.040846039e-01	1.058359703e-11
-9.900000000e-03	4.373573062e+01	1.036404694e-01	8.086403784e-12
-1.000000000e-02	4.373573151e+01	1.031963348e-01	6.148694055e-12
-1.010000000e-02	4.373573240e+01	1.027522002e-01	6.136368562e-12
-1.020000000e-02	4.373573329e+01	1.023080656e-01	9.178479261e-12
-1.030000000e-02	4.373573419e+01	1.018639309e-01	9.028736016e-12
-1.040000000e-02	4.373573510e+01	1.014197962e-01	9.159393880e-12
-1.050000000e-02	4.373573600e+01	1.009756614e-01	8.132702631e-12
-1.060000000e-02	4.373573692e+01	1.005315266e-01	1.041340690e-11
-1.070000000e-02	4.373573784e+01	1.000873917e-01	4.877743697e-12
-1.080000000e-02	4.373573876e+01	9.964325680e-02	4.564725608e-12
-1.090000000e-02	4.373573968e+01	9.919912185e-02	7.714622793e-12
-1.100000000e-02	4.373574062e+01	9.875498686e-02	6.954178630e-12
-1.110000000e-02	4.373574155e+01	9.831085183e-02	5.570218851e-12
-1.120000000e-02	4.373574249e+01	9.786671676e-02	6.955712936e-12
-1.130000000e-02	4.373574344e+01	9.742258165e-02	8.798228814e-12
-1.140000000e-02	4.373574438e+01	9.697844649e-02	9.121477181e-12
-1.150000000e-02	4.373574534e+01	9.653431129e-02	8.495581664e-12
-1.160000000e-02	4.373574630e+01	9.609017606e-02	7.305390700e-12
-1.170000000e-02	4.373574726e+01	9.564604078e-02	6.698119806e-12
-1.180000000e-02	4.373574823e+01	9.520190546e-02	6.053575013e-12
-1.190000000e-02	4.373574920e+01	9.475777010e-02	4.913571406e-12
-1.200000000e-02	4.373575017e+01	9.431363470e-02	7.444068838e-12
-1.210000000e-02	4.373575115e+01	9.386949926e-02	7.236179498e-12
-1.220000000e-02	4.373575214e+01	9.342536378e-02	4.609895541e-12
-1.230000000e-02	4.373575313e+01	9.298122825e-02	7.812007066e-12
-1.240000000e-02	4.373575412e+01	9.253709270e-02	7.637815328e-12
-1.250000000e-02	4.373575512e+01	9.209295709e-02	6.540432084e-12
-1.260000000e-02	4.373575612e+01	9.164882145e-02	6.017958062e-12
-1.270000000e-02	4.373575713e+01	9.120468577e-02	7.499251121e-12
-1.280000000e-02	4.373575814e+01	9.076055005e-02	4.599564470e-12
-1.290000000e-02	4.373575916e+01	9.031641430e-02	7.154282904e-12
-1.300000000e-02	4.373576018e+01	8.987227849e-02	5.122947030e-12
-1.310000000e-02	4.373576120e+01	8.942814266e-02	5.949272188e-12
-1.320000000e-02	4.373576223e+01	8.898400678e-02	9.716753432e-12
-1.330000000e-02	4.373576326e+01	8.853987087e-02	1.018547435e-11
-1.340000000e-02	4.373576430e+01	8.809573491e-02	9.113523251e-12
-1.350000000e-02	4.373576535e+01	8.765159892e-02	5.960661327e-12
-1.360000000e-02	4.373576639e+01	8.720746288e-02	8.360886861e-12
-1.370000000e-02	4.373576744e+01	8.676332682e-02	5.467634673e-12
-1.380000000e-02	4.373576850e+01	8.631919071e-02	8.535434947e-12
-1.390000000e-02	4.373576956e+01	8.587505456e-02	5.382608738e-12
-1.400000000e-02	4.373577063e+01	8.543091838e-02	5.206328334e-12
-1.410000000e-02	4.373577170e+01	8.498678216e-02	6.197074431e-12
-1.420000000e-02	4.373577277e+01	8.454264590e-02	5.339517026e-12
-1.430000000e-02	4.373577385e+01	8.409850960e-02	6.286029899e-12
-1.440000000e-02	4.373577493e+01	8.365437327e-02	7.378809720e-12
-1.450000000e-02	4.373577602e+01	8.321023690e-02	6.583271711e-12
-1.460000000e-02	4.373577711e+01	8.276610049e-02	5.921825978e-12
-1.470000000e-02	4.373577821e+01	8.232196404e-02	8.238826078e-12
-1.480000000e-02	4.373577931e+01	8.187782756e-02	9.925912294e-12
-1.490000000e-02	4.373578041e+01	8.143369105e-02	9.476436366e-12
-1.500000000e-02	4.373578152e+01	8.098955449e-02	5.335089926e-12
-1.510000000e-02	4.373578264e+01	8.054541790e-02	8.105105189e-12
-1.520000000e-02	4.373578376e+01	8.010128127e-02	7.617003046e-12
-1.530000000e-02	4.373578488e+01	7.965714461e-02	6.208806950e-12
-1.540000000e-02	4.373578601e+01	7.921300791e-02	4.815570359e-12
-1.550000000e-02	4.373578714e+01	7.876887117e-02	5.390680158e-12
-1.560000000e-02	4.373578828e+01	7.832473440e-02	9.654458496e-12
-1.570000000e-02	4.373578942e+01	7.788059759e-02	5.107443590e-12
-1.580000000e-02	4.373579056e+01	7.743646075e-02	3.199940840e-12
-1.590000000e-02	4.373579171e+01	7.699232387e-02	4.855431992e-12
-1.600000000e-02	4.373579287e+01	7.654818696e-02	5.864641274e-12
-1.610000000e-02	4.373579403e+01	7.610405001e-02	4.628614721e-12
-1.620000000e-02	4.373579519e+01	7.565991303e-02	9.050248796e-12
-1.630000000e-02	4.373579636e+01	7.521577601e-02	6.848797770e-12
-1.640000000e-02	4.373579753e+01	7.477163896e-02	6.613048553e-12
-1.650000000e-02	4.373579871e+01	7.432750187e-02	6.948148034e-12
-1.660000000e-02	4.373579989e+01	7.388336475e-02	6.367276945e-12
-1.670000000e-02	4.373580107e+01	7.343922759e-02	5.154938949e-12
-1.680000000e-02	4.373580226e+01	7.299509040e-02	3.796181956e-12
-1.690000000e-02	4.373580346e+01	7.255095318e-02	8.099719057e-12
-1.700000000e-02	4.373580466e+01	7.210681592e-02	6.073688797e-12
-1.710000000e-02	4.373580586e+01	7.166267862e-02	6.518332488e-12
-1.720000000e-02	4.373580707e+01	7.121854130e-02	6.474186226e-12
-1.730000000e-02	4.373580828e+01	7.077440395e-02	7.173155112e-12
-1.740000000e-02	4.373580950e+01	7.033026655e-02	5.953270169e-12
-1.750000000e-02	4.373581072e+01	6.988612913e-02	7.800680008e-12
-1.760000000e-02	4.373581195e+01	6.944199166e-02	3.808518891e-12
-1.770000000e-02	4.373581318e+01	6.899785418e-02	7.197801111e-12
-1.780000000e-02	4.373581441e+01	6.855371665e-02	8.752204850e-12
-1.790000000e-02	4.373581565e+01	6.810957909e-02	1.056082687e-11
-1.800000000e-02	4.373581689e+01	6.766544151e-02	7.558542200e-12
-1.810000000e-02	4.373581814e+01	6.722130388e-02	1.208134944e-11
-1.820000000e-02	4.373581940e+01	6.677716623e-02	6.890827968e-12
-1.830000000e-02	4.373582065e+01	6.633302854e-02	3.336294457e-12
-1.840000000e-02	4.373582191e+01	6.588889082e-02	8.035968680e-12
-1.850000000e-02	4.373582318e+01	6.544475307e-02	6.814662359e-12
-1.860000000e-02	4.373582445e+01	6.500061529e-02	6.959642975e-12
-1.870000000e-02	4.373582573e+01	6.455647748e-02	9.540757021e-12
-1.880000000e-02	4.373582701e+01	6.411233963e-02	6.316848571e-12
-1.890000000e-02	4.373582829e+01	6.366820175e-02	5.991996816e-12
-1.900000000e-02	4.373582958e+01	6.322406385e-02	7.746666745e-12
-1.910000000e-02	4.373583087e+01	6.277992591e-02	6.317319421e-12
-1.920000000e-02	4.373583217e+01	6.233578794e-02	7.897683302e-12
-1.930000000e-02	4.373583347e+01	6.189164994e-02	6.348784610e-12
-1.940000000e-02	4.373583478e+01	6.144751191e-02	8.644729258e-12
-1.950000000e-02	4.373583609e+01	6.100337385e-02	2.166369972e-12
-1.960000000e-02	4.373583740e+01	6.055923576e-02	1.057499458e-11
-1.970000000e-02	4.373583872e+01	6.011509763e-02	6.750577660e-12
-1.980000000e-02	4.373584005e+01	5.967095948e-02	3.120372866e-12
-1.990000000e-02	4.373584138e+01	5.922682130e-02	7.508242275e-12
-2.000000000e-02	4.373584271e+01	5.878268309e-02	7.068353189e-12
-2.010000000e-02	4.373584405e+01	5.833854484e-02	5.118619683e-12
-2.020000000e-02	4.373584539e+01	5.789440657e-02	3.183980796e-12
-2.030000000e-02	4.373584674e+01	5.745026827e-02	4.410082160e-12
-2.040000000e-02	4.373584809e+01	5.700612994e-02	5.983026103e-12
-2.050000000e-02	4.373584944e+01	5.656199158e-02	5.006439575e-12
-2.060000000e-02	4.373585080e+01	5.611785319e-02	7.330506082e-12
-2.070000000e-02	4.373585217e+01	5.567371477e-02	4.490748311e-12
-2.080000000e-02	4.373585354e+01	5.522957633e-02	5.691455604e-12
-2.090000000e-02	4.373585491e+01	5.478543785e-02	2.542250515e-12
-2.100000000e-02	4.373585629e+01	5.434129935e-02	5.822874351e-12
-2.110000000e-02	4.373585767e+01	5.389716082e-02	6.606333437e-12
-2.120000000e-02	4.373585906e+01	5.345302225e-02	7.893162825e-12
-2.130000000e-02	4.373586045e+01	5.300888367e-02	4.529021421e-12
-2.140000000e-02	4.373586184e+01	5.256474505e-02	7.368543340e-12
-2.150000000e-02	4.373586324e+01	5.212060641e-02	9.198349300e-12
-2.160000000e-02	4.373586465e+01	5.167646774e-02	5.330587325e-12
-2.170000000e-02	4.373586606e+01	5.123232903e-02	1.011868415e-11
-2.180000000e-02	4.373586747e+01	5.078819031e-02	6.439729433e-12
-2.190000000e-02	4.373586889e+01	5.034405156e-02	6.854593357e-12
-2.200000000e-02	4.373587031e+01	4.989991277e-02	6.258065242e-12
-2.210000000e-02	4.373587174e+01	4.945577397e-02	9.889475421e-12
-2.220000000e-02	4.373587317e+01	4.901163513e-02	6.575667305e-12
-2.230000000e-02	4.373587461e+01	4.856749627e-02	7.487004949e-12
-2.240000000e-02	4.373587605e+01	4.812335738e-02	4.901008169e-12
-2.250000000e-02	4.373587749e+01	4.767921846e-02	1.077576505e-11
-2.260000000e-02	4.373587894e+01	4.723507952e-02	3.310419228e-12
-2.270000000e-02	4.373588039e+01	4.679094055e-02	5.866982860e-12
-2.280000000e-02	4.373588185e+01	4.634680156e-02	4.961210994e-12
-2.290000000e-02	4.373588332e+01	4.590266254e-02	8.113094271e-12
-2.300000000e-02	4.373588478e+01	4.545852350e-02	6.562974508e-12
-2.310000000e-02	4.373588625e+01	4.501438442e-02	7.485131603e-12
-2.320000000e-02	4.373588773e+01	4.457024532e-02	7.671497641e-12
-2.330000000e-02	4.373588921e+01	4.412610620e-02	4.448493657e-12
-2.340000000e-02	4.373589070e+01	4.368196705e-02	4.957699683e-12
-2.350000000e-02	4.373589219e+01	4.323782788e-02	6.629882925e-12
-2.360000000e-02	4.373589368e+01	4.279368868e-02	6.209851309e-12
-2.370000000e-02	4.373589518e+01	4.234954946e-02	4.200753821e-12
-2.380000000e-02	4.373589668e+01	4.190541021e-02	6.864972298e-12
-2.390000000e-02	4.373589819e+01	4.146127093e-02	5.709960427e-12
-2.400000000e-02	4.373589970e+01	4.101713164e-02	6.619271057e-12
-2.410000000e-02	4.373590122e+01	4.057299231e-02	1.148769645e-11
-2.420000000e-02	4.373590274e+01	4.012885297e-02	9.301069613e-12
-2.430000000e-02	4.373590426e+01	3.968471360e-02	6.999506393e-12
-2.440000000e-02	4.373590579e+01	3.924057421e-02	3.345816652e-12
-2.450000000e-02	4.373590733e+01	3.879643479e-02	9.242837003e-12
-2.460000000e-02	4.373590887e+01	3.835229535e-02	4.961497277e-12
-2.470000000e-02	4.373591041e+01	3.790815588e-02	6.765747712e-12
-2.480000000e-02	4.373591196e+01	3.746401640e-02	5.860283420e-12
-2.490000000e-02	4.373591351e+01	3.701987689e-02	7.835199089e-12
-2.500000000e-02	4.373591507e+01	3.657573735e-02	4.191412634e-12
-2.510000000e-02	4.373591663e+01	3.613159779e-02	9.723452010e-12
-2.520000000e-02	4.373591819e+01	3.568745821e-02	6.681146779e-12
-2.530000000e-02	4.373591976e+01	3.524331860e-02	3.953566490e-12
-2.540000000e-02	4.373592134e+01	3.479917898e-02	6.067814891e-12
-2.550000000e-02	4.373592292e+01	3.435503933e-02	4.679025612e-12
-2.560000000e-02	4.373592450e+01	3.391089966e-02	2.405851205e-12
-2.570000000e-02	4.373592609e+01	3.346675996e-02	1.059122755e-11
-2.580000000e-02	4.373592768e+01	3.302262025e-02	6.607625291e-12
-2.590000000e-02	4.373592928e+01	3.257848050e-02	1.144532657e-11
-2.600000000e-02	4.373593088e+01	3.213434075e-02	4.992479594e-12
-2.610000000e-02	4.373593248e+01	3.169020097e-02	5.934440456e-12
-2.620000000e-02	4.373593409e+01	3.124606117e-02	7.807570373e-12
-2.630000000e-02	4.373593571e+01	3.080192134e-02	5.953649364e-12
-2.640000000e-02	4.373593733e+01	3.035778149e-02	4.676559774e-12
-2.650000000e-02	4.373593895e+01	2.991364163e-02	9.779733437e-12
-2.660000000e-02	4.373594058e+01	2.946950174e-02	4.223506975e-12
-2.670000000e-02	4.373594221e+01	2.902536183e-02	8.095200021e-12
-2.680000000e-02	4.373594385e+01	2.858122190e-02	6.544001089e-12
-2.690000000e-02	4.373594549e+01	2.813708195e-02	6.667570541e-12
-2.700000000e-02	4.373594714e+01	2.769294198e-02	6.378570567e-12
-2.710000000e-02	4.373594879e+01	2.724880199e-02	3.138690427e-12
-2.720000000e-02	4.373595044e+01	2.680466198e-02	9.261769880e-12
-2.730000000e-02	4.373595210e+01	2.636052195e-02	4.027917771e-12
-2.740000000e-02	4.373595376e+01	2.591638190e-02	3.932494583e-12
-2.750000000e-02	4.373595543e+01	2.547224182e-02	8.534977248e-12
-2.760000000e-02	4.373595710e+01	2.502810173e-02	1.095446890e-11
-2.770000000e-02	4.373595878e+01	2.458396163e-02	6.006595522e-12
-2.780000000e-02	4.373596046e+01	2.413982149e-02	4.224004778e-12
-2.790000000e-02	4.373596215e+01	2.369568134e-02	5.865535286e-12
-2.800000000e-02	4.373596384e+01	2.325154117e-02	7.404300739e-12
-2.810000000e-02	4.373596554e+01	2.280740099e-02	7.775858577e-12
-2.820000000e-02	4.373596724e+01	2.236326078e-02	5.927676858e-12
-2.830000000e-02	4.373596894e+01	2.191912056e-02	5.380380469e-12
-2.840000000e-02	4.373597065e+01	2.147498031e-02	7.527261581e-12
-2.850000000e-02	4.373597236e+01	2.103084005e-02	8.292911525e-12
-2.860000000e-02	4.373597408e+01	2.058669977e-02	5.350610693e-12
-2.870000000e-02	4.373597580e+01	2.014255947e-02	5.568202831e-12
-2.880000000e-02	4.373597753e+01	1.969841916e-02	4.154495985e-12
-2.890000000e-02	4.373597926e+01	1.925427882e-02	2.417486163e-12
-2.900000000e-02	4.373598099e+01	1.881013847e-02	8.301861356e-12
-2.910000000e-02	4.373598273e+01	1.836599810e-02	6.372673408e-12
-2.920000000e-02	4.373598448e+01	1.792185771e-02	4.150990501e-12
-2.930000000e-02	4.373598623e+01	1.747771731e-02	5.831131292e-12
-2.940000000e-02	4.373598798e+01	1.703357688e-02	6.082812576e-12
-2.950000000e-02	4.373598974e+01	1.658943644e-02	7.018815380e-12
-2.960000000e-02	4.373599150e+01	1.614529599e-02	6.286257498e-12
-2.970000000e-02	4.373599326e+01	1.570115551e-02	8.200917271e-12
-2.980000000e-02	4.373599504e+01	1.525701502e-02	7.792119878e-12
-2.990000000e-02	4.373599681e+01	1.481287451e-02	8.603392098e-12
-3.000000000e-02	4.373599859e+01	1.436873399e-02	3.280243059e-12
-3.010000000e-02	4.373600038e+01	1.392459345e-02	4.941015241e-12
-3.020000000e-02	4.373600216e+01	1.348045289e-02	9.511188464e-12
-3.030000000e-02	4.373600396e+01	1.303631232e-02	2.856868376e-12
-3.040000000e-02	4.373600576e+01	1.259217173e-02	4.404547462e-12
-3.050000000e-02	4.373600756e+01	1.214803113e-02	4.964650420e-12
-3.060000000e-02	4.373600937e+01	1.170389051e-02	4.686753005e-12
-3.070000000e-02	4.373601118e+01	1.125974987e-02	4.563216505e-12
-3.080000000e-02	4.373601299e+01	1.081560922e-02	6.749752756e-12
-3.090000000e-02	4.373601481e+01	1.037146856e-02	8.175876620e-12
-3.100000000e-02	4.373601664e+01	9.927327871e-03	5.545915317e-12
-3.110000000e-02	4.373601847e+01	9.483187179e-03	1.209935337e-11
-3.120000000e-02	4.373602030e+01	9.039046463e-03	6.529928186e-12
-3.130000000e-02	4.373602214e+01	8.594905738e-03	5.787153923e-12
-3.140000000e-02	4.373602398e+01	8.150765002e-03	7.507618322e-12
-3.150000000e-02	4.373602583e+01	7.706624243e-03	5.926494897e-12
-3.160000000e-02	4.373602768e+01	7.262483477e-03	5.408061892e-12
-3.170000000e-02	4.373602953e+01	6.818342691e-03	6.586259482e-12
-3.180000000e-02	4.373603139e+01	6.374201893e-03	4.760578333e-12
-3.190000000e-02	4.373603326e+01	5.930061084e-03	6.120023616e-12
-3.200000000e-02	4.373603513e+01	5.485920257e-03	7.787959769e-12
-3.210000000e-02	4.373603700e+01	5.041779420e-03	4.853890315e-12
-3.220000000e-02	4.373603888e+01	4.597638566e-03	9.186259667e-12
-3.230000000e-02	4.373604076e+01	4.153497695e-03	7.312115820e-12
-3.240000000e-02	4.373604265e+01	3.709356822e-03	7.291574197e-12
-3.250000000e-02	4.373604454e+01	3.265215925e-03	4.450639484e-12
-3.260000000e-02	4.373604644e+01	2.821075023e-03	7.922540272e-12
-3.270000000e-02	4.373604834e+01	2.376934104e-03	6.982006431e-12
-3.280000000e-02	4.373605024e+01	1.932793171e-03	6.574544562e-12
-3.290000000e-02	4.373605215e+01	1.488652228e-03	5.578350870e-12
-3.300000000e-02	4.373605407e+01	1.044511275e-03	6.617823187e-12
-3.310000000e-02	4.373605599e+01	6.003703032e-04	3.199349123e-12
-3.320000000e-02	4.373605791e+01	1.562293234e-04	6.901196689e-12
-3.330000000e-02	4.373605984e+01	-2.879116732e-04	4.753420627e-12
-3.340000000e-02	4.373606177e+01	-7.320526731e-04	6.760486293e-12
-3.350000000e-02	4.373606371e+01	-1.176193696e-03	6.796589572e-12
-3.360000000e-02	4.373606565e+01	-1.620334720e-03	5.018980905e-12
-3.370000000e-02	4.373606759e+01	-2.064475761e-03	3.636418529e-12
-3.380000000e-02	4.373606954e+01	-2.508616809e-03	6.870663693e-12
-3.390000000e-02	4.373607150e+01	-2.952757872e-03	7.710547123e-12
-3.400000000e-02	4.373607345e+01	-3.396898950e-03	9.343218313e-12
-3.410000000e-02	4.373607542e+01	-3.841040038e-03	8.276036632e-12
-3.420000000e-02	4.373607739e+01	-4.285181131e-03	7.770805943e-12
-3.430000000e-02	4.373607936e+01	-4.729322234e-03	4.198654500e-12
-3.440000000e-02	4.373608133e+01	-5.173463356e-03	8.989343105e-12
-3.450000000e-02	4.373608331e+01	-5.617604484e-03	7.427534939e-12
-3.460000000e-02	4.373608530e+01	-6.061745618e-03	2.917880070e-12
-3.470000000e-02	4.373608729e+01	-6.505886764e-03	5.035579846e-12
-3.480000000e-02	4.373608928e+01	-6.950027925e-03	5.273553843e-12
-3.490000000e-02	4.373609128e+01	-7.394169097e-03	9.691595856e-12
-3.500000000e-02	4.373609329e+01	-7.838310269e-03	2.631682859e-12
-3.510000000e-02	4.373609529e+01	-8.282451452e-03	1.255476814e-11
-3.520000000e-02	4.373609731e+01	-8.726592659e-03	6.814889921e-12
-3.530000000e-02	4.373609932e+01	-9.170733864e-03	7.170795531e-12
-3.540000000e-02	4.373610135e+01	-9.614875074e-03	7.081625364e-12
-3.550000000e-02	4.373610337e+01	-1.005901630e-02	9.278099425e-12
-3.560000000e-02	4.373610540e+01	-1.050315754e-02	3.853537760e-12
-3.570000000e-02	4.373610744e+01	-1.094729878e-02	4.981882796e-12
-3.580000000e-02	4.373610947e+01	-1.139144003e-02	5.745705640e-12
-3.590000000e-02	4.373611152e+01	-1.183558129e-02	7.871034575e-12
-3.600000000e-02	4.373611357e+01	-1.227972256e-02	6.015518521e-12
-3.610000000e-02	4.373611562e+01	-1.272386384e-02	7.533998853e-12
-3.620000000e-02	4.373611768e+01	-1.316800512e-02	6.343743561e-12
-3.630000000e-02	4.373611974e+01	-1.361214641e-02	9.013115966e-12
-3.640000000e-02	4.373612180e+01	-1.405628772e-02	7.775195022e-12
-3.650000000e-02	4.373612387e+01	-1.450042903e-02	6.610587135e-12
-3.660000000e-02	4.373612595e+01	-1.494457034e-02	4.798938777e-12
-3.670000000e-02	4.373612803e+01	-1.538871167e-02	5.761543676e-12
-3.680000000e-02	4.373613011e+01	-1.583285300e-02	1.077768453e-11
-3.690000000e-02	4.373613220e+01	-1.627699433e-02	6.606460711e-12
-3.700000000e-02	4.373613429e+01	-1.672113568e-02	3.658494246e-12
-3.710000000e-02	4.373613639e+01	-1.716527703e-02	5.320650208e-12
-3.720000000e-02	4.373613849e+01	-1.760941839e-02	6.090245257e-12
-3.730000000e-02	4.373614060e+01	-1.805355976e-02	8.775829751e-12
-3.740000000e-02	4.373614271e+01	-1.849770113e-02	4.141708100e-12
-3.750000000e-02	4.373614482e+01	-1.894184251e-02	8.212444612e-12
-3.760000000e-02	4.373614694e+01	-1.938598390e-02	3.574590002e-12
-3.770000000e-02	4.373614907e+01	-1.983012529e-02	8.436139670e-12
-3.780000000e-02	4.373615120e+01	-2.027426669e-02	4.637613242e-12
-3.790000000e-02	4.373615333e+01	-2.071840810e-02	5.243512952e-12
-3.800000000e-02	4.373615547e+01	-2.116254950e-02	5.225788341e-12
-3.810000000e-02	4.373615761e+01	-2.160669092e-02	6.423724282e-12
-3.820000000e-02	4.373615975e+01	-2.205083234e-02	7.932983175e-12
-3.830000000e-02	4.373616191e+01	-2.249497377e-02	5.670032464e-12
-3.840000000e-02	4.373616406e+01	-2.293911519e-02	9.741287288e-12
-3.850000000e-02	4.373616622e+01	-2.338325664e-02	5.821160599e-12
-3.860000000e-02	4.373616838e+01	-2.382739807e-02	1.016955448e-11
-3.870000000e-02	4.373617055e+01	-2.427153952e-02	6.083727614e-12
-3.880000000e-02	4.373617273e+01	-2.471568097e-02	5.987040136e-12
-3.890000000e-02	4.373617490e+01	-2.515982243e-02	8.804354932e-12
-3.900000000e-02	4.373617709e+01	-2.560396390e-02	7.803345354e-12
-3.910000000e-02	4.373617927e+01	-2.604810536e-02	6.141121122e-12
-3.920000000e-02	4.373618146e+01	-2.649224683e-02	8.097857993e-12
-3.930000000e-02	4.373618366e+01	-2.693638830e-02	5.865398608e-12
-3.940000000e-02	4.373618586e+01	-2.738052977e-02	5.483881457e-12
-3.950000000e-02	4.373618806e+01	-2.782467126e-02	5.742373450e-12
-3.960000000e-02	4.373619027e+01	-2.826881274e-02	7.033706035e-12
-3.970000000e-02	4.373619249e+01	-2.871295423e-02	5.990015859e-12
-3.980000000e-02	4.373619470e+01	-2.915709572e-02	6.717130487e-12
-3.990000000e-02	4.373619693e+01	-2.960123721e-02	1.026259237e-11
-4.000000000e-02	4.373619915e+01	-3.004537871e-02	1.534706404e-12
-4.010000000e-02	4.373620138e+01	-3.048952021e-02	3.888155841e-12
-4.020000000e-02	4.373620362e+01	-3.093366172e-02	1.799038444e-12
-4.030000000e-02	4.373620586e+01	-3.137780322e-02	5.078790286e-12
-4.040000000e-02	4.373620810e+01	-3.182194473e-02	5.807138525e-12
-4.050000000e-02	4.373621035e+01	-3.226608625e-02	6.674442059e-12
-4.060000000e-02	4.373621261e+01	-3.271022776e-02	6.612232897e-12
-4.070000000e-02	4.373621487e+01	-3.315436928e-02	7.469767836e-12
-4.080000000e-02	4.373621713e+01	-3.359851079e-02	5.956437477e-12
-4.090000000e-02	4.373621940e+01	-3.404265231e-02	8.409330824e-12
-4.100000000e-02	4.373622167e+01	-3.448679383e-02	6.268553996e-12
-4.110000000e-02	4.373622394e+01	-3.493093536e-02	5.891501632e-12
-4.120000000e-02	4.373622622e+01	-3.537507688e-02	2.655296555e-12
-4.130000000e-02	4.373622851e+01	-3.581921840e-02	6.129405602e-12
-4.140000000e-02	4.373623080e+01	-3.626335993e-02	5.797308906e-12
-4.150000000e-02	4.373623309e+01	-3.670750146e-02	9.418142792e-12
-4.160000000e-02	4.373623539e+01	-3.715164299e-02	7.012624167e-12
-4.170000000e-02	4.373623769e+01	-3.759578452e-02	5.677220315e-12
-4.180000000e-02	4.373624000e+01	-3.803992605e-02	5.138942524e-12
-4.190000000e-02	4.373624231e+01	-3.848406759e-02	5.464873439e-12
-4.200000000e-02	4.373624463e+01	-3.892820911e-02	5.590540311e-12
-4.210000000e-02	4.373624695e+01	-3.937235065e-02	1.071300144e-11
-4.220000000e-02	4.373624927e+01	-3.981649218e-02	3.904681836e-12
-4.230000000e-02	4.373625160e+01	-4.026063371e-02	8.244684839e-12
-4.240000000e-02	4.373625394e+01	-4.070477525e-02	5.458884690e-12
-4.250000000e-02	4.373625627e+01	-4.114891678e-02	5.342711146e-12
-4.260000000e-02	4.373625862e+01	-4.159305831e-02	9.210292361e-12
-4.270000000e-02	4.373626097e+01	-4.203719984e-02	5.770501781e-12
-4.280000000e-02	4.373626332e+01	-4.248134137e-02	6.040216117e-12
-4.290000000e-02	4.373626567e+01	-4.292548290e-02	8.378037888e-12
-4.300000000e-02	4.373626803e+01	-4.336962443e-02	9.656039073e-12
-4.310000000e-02	4.373627040e+01	-4.381376595e-02	5.836709610e-12
-4.320000000e-02	4.373627277e+01	-4.425790749e-02	8.029482630e-12
-4.330000000e-02	4.373627514e+01	-4.470204901e-02	6.133962893e-12
-4.340000000e-02	4.373627752e+01	-4.514619054e-02	4.178743276e-12
-4.350000000e-02	4.373627991e+01	-4.559033206e-02	4.679764948e-12
-4.360000000e-02	4.373628229e+01	-4.603447358e-02	4.368161298e-12
-4.370000000e-02	4.373628469e+01	-4.647861510e-02	7.919195935e-12
-4.380000000e-02	4.373628708e+01	-4.692275661e-02	9.889029205e-12
-4.390000000e-02	4.373628948e+01	-4.736689813e-02	4.782291791e-12
-4.400000000e-02	4.373629189e+01	-4.781103964e-02	1.080061023e-11
-4.410000000e-02	4.373629430e+01	-4.825518115e-02	6.651975601e-12
-4.420000000e-02	4.373629671e+01	-4.869932266e-02	5.196946270e-12
-4.430000000e-02	4.373629913e+01	-4.914346417e-02	4.926805394e-12
-4.440000000e-02	4.373630156e+01	-4.958760567e-02	6.827400216e-12
-4.450000000e-02	4.373630398e+01	-5.003174717e-02	5.875605646e-12
-4.460000000e-02	4.373630642e+01	-5.047588867e-02	7.273732169e-12
-4.470000000e-02	4.373630885e+01	-5.092003016e-02	8.206812577e-12
-4.480000000e-02	4.373631129e+01	-5.136417165e-02	9.880025236e-12
-4.490000000e-02	4.373631374e+01	-5.180831314e-02	8.358877903e-12
-4.500000000e-02	4.373631619e+01	-5.225245461e-02	5.896319462e-12
-4.510000000e-02	4.373631864e+01	-5.269659610e-02	6.635943856e-12
-4.520000000e-02	4.373632110e+01	-5.314073757e-02	6.398137004e-12
-4.530000000e-02	4.373632357e+01	-5.358487904e-02	5.366924925e-12
-4.540000000e-02	4.373632603e+01	-5.402902051e-02	8.099869740e-12
-4.550000000e-02	4.373632851e+01	-5.447316197e-02	8.918063982e-12
-4.560000000e-02	4.373633098e+01	-5.491730343e-02	5.929193054e-12
-4.570000000e-02	4.373633347e+01	-5.536144489e-02	5.850398595e-12
-4.580000000e-02	4.373633595e+01	-5.580558634e-02	4.759230577e-12
-4.590000000e-02	4.373633844e+01	-5.624972778e-02	7.917303047e-12
-4.600000000e-02	4.373634094e+01	-5.669386922e-02	3.488859504e-12
-4.610000000e-02	4.373634344e+01	-5.713801065e-02	6.429909586e-12
-4.620000000e-02	4.373634594e+01	-5.758215209e-02	7.419109508e-12
-4.630000000e-02	4.373634845e+01	-5.802629351e-02	3.414440012e-12
-4.640000000e-02	4.373635096e+01	-5.847043493e-02	5.588419680e-12
-4.650000000e-02	4.373635348e+01	-5.891457634e-02	8.723357117e-12
-4.660000000e-02	4.373635600e+01	-5.935871775e-02	2.909784627e-12
-4.670000000e-02	4.373635853e+01	-5.980285915e-02	7.693859647e-12
-4.680000000e-02	4.373636106e+01	-6.024700055e-02	7.947133810e-12
-4.690000000e-02	4.373636359e+01	-6.069114194e-02	6.284862485e-12
-4.700000000e-02	4.373636613e+01	-6.113528333e-02	6.175724086e-12
-4.710000000e-02	4.373636868e+01	-6.157942470e-02	7.398833235e-12
-4.720000000e-02	4.373637122e+01	-6.202356607e-02	6.040036488e-12
-4.730000000e-02	4.373637378e+01	-6.246770744e-02	4.290971585e-12
-4.740000000e-02	4.373637633e+01	-6.291184879e-02	5.659823144e-12
-4.750000000e-02	4.373637890e+01	-6.335599014e-02	4.733456583e-12
-4.760000000e-02	4.373638146e+01	-6.380013148e-02	6.534368844e-12
-4.770000000e-02	4.373638403e+01	-6.424427283e-02	9.639246861e-12
-4.780000000e-02	4.373638661e+01	-6.468841415e-02	1.034673200e-11
-4.790000000e-02	4.373638919e+01	-6.513255547e-02	6.593970762e-12
-4.800000000e-02	4.373639177e+01	-6.557669679e-02	5.003136179e-12
-4.810000000e-02	4.373639436e+01	-6.602083809e-02	4.711120383e-12
-4.820000000e-02	4.373639696e+01	-6.646497939e-02	7.458570846e-12
-4.830000000e-02	4.373639955e+01	-6.690912068e-02	3.624910011e-12
-4.840000000e-02	4.373640215e+01	-6.735326196e-02	4.615691072e-12
-4.850000000e-02	4.373640476e+01	-6.779740323e-02	6.116153246e-12
-4.860000000e-02	4.373640737e+01	-6.824154450e-02	5.426459895e-12
-4.870000000e-02	4.373640999e+01	-6.868568576e-02	7.555630853e-12
-4.880000000e-02	4.373641261e+01	-6.912982701e-02	4.880815723e-12
-4.890000000e-02	4.373641523e+01	-6.957396824e-02	5.144845180e-12
-4.900000000e-02	4.373641786e+01	-7.001810947e-02	7.270701469e-12
-4.910000000e-02	4.373642049e+01	-7.046225070e-02	7.418069617e-12
-4.920000000e-02	4.373642313e+01	-7.090639191e-02	9.542597906e-12
-4.930000000e-02	4.373642578e+01	-7.135053312e-02	8.169082016e-12
-4.940000000e-02	4.373642842e+01	-7.179467431e-02	7.919648563e-12
-4.950000000e-02	4.373643107e+01	-7.223881549e-02	7.505668075e-12
-4.960000000e-02	4.373643373e+01	-7.268295666e-02	5.391045552e-12
-4.970000000e-02	4.373643639e+01	-7.312709783e-02	8.684186607e-12
-4.980000000e-02	4.373643905e+01	-7.357123898e-02	5.689435468e-12
-4.990000000e-02	4.373644172e+01	-7.401538013e-02	5.226647438e-12
-5.000000000e-02	4.373644440e+01	-7.445952126e-02	6.198388478e-12
