# Im(epsi1)     Re(Lambda)      Im(Lambda)      Eq(det).Opt det SIN kz, R=0.5 \mum, Re(epsi1)=3.90solve_det_sinkz_vs_mu.py
0.000000000e+00	2.859474196e+01	9.356277706e-02	4.984988217e-12
-1.000000000e-04	2.859474094e+01	9.327271936e-02	4.486995482e-12
-2.000000000e-04	2.859473992e+01	9.298266157e-02	8.594262515e-12
-3.000000000e-04	2.859473890e+01	9.269260370e-02	4.889631938e-12
-4.000000000e-04	2.859473788e+01	9.240254574e-02	9.527355749e-12
-5.000000000e-04	2.859473687e+01	9.211248769e-02	6.442453806e-12
-6.000000000e-04	2.859473586e+01	9.182242956e-02	2.414027983e-12
-7.000000000e-04	2.859473485e+01	9.153237134e-02	7.822249768e-12
-8.000000000e-04	2.859473385e+01	9.124231305e-02	7.538858050e-12
-9.000000000e-04	2.859473285e+01	9.095225465e-02	7.644817490e-12
-1.000000000e-03	2.859473185e+01	9.066219618e-02	8.538085707e-12
-1.100000000e-03	2.859473086e+01	9.037213763e-02	8.253318716e-12
-1.200000000e-03	2.859472986e+01	9.008207899e-02	6.448133667e-12
-1.300000000e-03	2.859472887e+01	8.979202026e-02	6.878752064e-12
-1.400000000e-03	2.859472789e+01	8.950196145e-02	7.303360535e-12
-1.500000000e-03	2.859472690e+01	8.921190256e-02	5.532033418e-12
-1.600000000e-03	2.859472592e+01	8.892184358e-02	7.492021875e-12
-1.700000000e-03	2.859472495e+01	8.863178452e-02	7.966841877e-12
-1.800000000e-03	2.859472397e+01	8.834172537e-02	6.931029066e-12
-1.900000000e-03	2.859472300e+01	8.805166614e-02	5.290386010e-12
-2.000000000e-03	2.859472203e+01	8.776160682e-02	9.555200811e-12
-2.100000000e-03	2.859472106e+01	8.747154742e-02	7.588970849e-12
-2.200000000e-03	2.859472010e+01	8.718148794e-02	4.697879259e-12
-2.300000000e-03	2.859471914e+01	8.689142837e-02	8.051893185e-12
-2.400000000e-03	2.859471818e+01	8.660136872e-02	8.256564537e-12
-2.500000000e-03	2.859471723e+01	8.631130899e-02	5.016742078e-12
-2.600000000e-03	2.859471627e+01	8.602124917e-02	6.908326748e-12
-2.700000000e-03	2.859471532e+01	8.573118927e-02	7.566826194e-12
-2.800000000e-03	2.859471438e+01	8.544112928e-02	6.557965753e-12
-2.900000000e-03	2.859471344e+01	8.515106921e-02	4.003878182e-12
-3.000000000e-03	2.859471249e+01	8.486100906e-02	5.951296973e-12
-3.100000000e-03	2.859471156e+01	8.457094882e-02	1.002074574e-11
-3.200000000e-03	2.859471062e+01	8.428088851e-02	7.597574198e-12
-3.300000000e-03	2.859470969e+01	8.399082811e-02	6.646327427e-12
-3.400000000e-03	2.859470876e+01	8.370076763e-02	8.962943471e-12
-3.500000000e-03	2.859470784e+01	8.341070706e-02	8.374978120e-12
-3.600000000e-03	2.859470691e+01	8.312064641e-02	4.715077606e-12
-3.700000000e-03	2.859470599e+01	8.283058568e-02	3.043407334e-12
-3.800000000e-03	2.859470508e+01	8.254052486e-02	3.697141179e-12
-3.900000000e-03	2.859470416e+01	8.225046397e-02	7.889762222e-12
-4.000000000e-03	2.859470325e+01	8.196040299e-02	5.293440069e-12
-4.100000000e-03	2.859470234e+01	8.167034192e-02	1.103551719e-11
-4.200000000e-03	2.859470144e+01	8.138028078e-02	6.791572138e-12
-4.300000000e-03	2.859470053e+01	8.109021956e-02	5.497296823e-12
-4.400000000e-03	2.859469963e+01	8.080015825e-02	5.202931917e-12
-4.500000000e-03	2.859469874e+01	8.051009686e-02	6.007639696e-12
-4.600000000e-03	2.859469784e+01	8.022003539e-02	6.135772823e-12
-4.700000000e-03	2.859469695e+01	7.992997383e-02	8.176722091e-12
-4.800000000e-03	2.859469606e+01	7.963991220e-02	6.350861673e-12
-4.900000000e-03	2.859469518e+01	7.934985048e-02	4.553766050e-12
-5.000000000e-03	2.859469429e+01	7.905978869e-02	4.535180214e-12
-5.100000000e-03	2.859469341e+01	7.876972680e-02	6.920903797e-12
-5.200000000e-03	2.859469254e+01	7.847966484e-02	6.125361634e-12
-5.300000000e-03	2.859469166e+01	7.818960280e-02	7.022272740e-12
-5.400000000e-03	2.859469079e+01	7.789954067e-02	9.098004026e-12
-5.500000000e-03	2.859468992e+01	7.760947847e-02	5.806637440e-12
-5.600000000e-03	2.859468906e+01	7.731941618e-02	7.314581260e-12
-5.700000000e-03	2.859468820e+01	7.702935382e-02	8.873989840e-12
-5.800000000e-03	2.859468734e+01	7.673929137e-02	4.722339084e-12
-5.900000000e-03	2.859468648e+01	7.644922884e-02	3.816810149e-12
-6.000000000e-03	2.859468563e+01	7.615916624e-02	9.103876157e-12
-6.100000000e-03	2.859468478e+01	7.586910355e-02	5.599244336e-12
-6.200000000e-03	2.859468393e+01	7.557904078e-02	8.019085656e-12
-6.300000000e-03	2.859468308e+01	7.528897792e-02	7.283812566e-12
-6.400000000e-03	2.859468224e+01	7.499891500e-02	7.868954720e-12
-6.500000000e-03	2.859468140e+01	7.470885198e-02	4.031659832e-12
-6.600000000e-03	2.859468057e+01	7.441878889e-02	5.225582334e-12
-6.700000000e-03	2.859467973e+01	7.412872572e-02	7.028229693e-12
-6.800000000e-03	2.859467890e+01	7.383866247e-02	1.021128249e-11
-6.900000000e-03	2.859467807e+01	7.354859914e-02	8.143044167e-12
-7.000000000e-03	2.859467725e+01	7.325853573e-02	6.672808682e-12
-7.100000000e-03	2.859467643e+01	7.296847224e-02	5.496067259e-12
-7.200000000e-03	2.859467561e+01	7.267840867e-02	7.198167982e-12
-7.300000000e-03	2.859467479e+01	7.238834501e-02	5.327496157e-12
-7.400000000e-03	2.859467398e+01	7.209828129e-02	9.854428359e-12
-7.500000000e-03	2.859467317e+01	7.180821747e-02	5.762436359e-12
-7.600000000e-03	2.859467236e+01	7.151815359e-02	6.872266880e-12
-7.700000000e-03	2.859467156e+01	7.122808962e-02	3.459060382e-12
-7.800000000e-03	2.859467075e+01	7.093802558e-02	7.802671497e-12
-7.900000000e-03	2.859466996e+01	7.064796145e-02	4.087433781e-12
-8.000000000e-03	2.859466916e+01	7.035789724e-02	5.603437952e-12
-8.100000000e-03	2.859466837e+01	7.006783296e-02	7.616114626e-12
-8.200000000e-03	2.859466758e+01	6.977776860e-02	8.352706098e-12
-8.300000000e-03	2.859466679e+01	6.948770416e-02	4.717966998e-12
-8.400000000e-03	2.859466600e+01	6.919763963e-02	6.436819464e-12
-8.500000000e-03	2.859466522e+01	6.890757504e-02	7.547565026e-12
-8.600000000e-03	2.859466444e+01	6.861751036e-02	7.001591986e-12
-8.700000000e-03	2.859466367e+01	6.832744561e-02	9.623113619e-12
-8.800000000e-03	2.859466290e+01	6.803738078e-02	5.144953534e-12
-8.900000000e-03	2.859466213e+01	6.774731586e-02	1.400410208e-12
-9.000000000e-03	2.859466136e+01	6.745725087e-02	1.066823805e-11
-9.100000000e-03	2.859466060e+01	6.716718581e-02	6.773282443e-12
-9.200000000e-03	2.859465983e+01	6.687712066e-02	7.886019928e-12
-9.300000000e-03	2.859465908e+01	6.658705544e-02	6.287512326e-12
-9.400000000e-03	2.859465832e+01	6.629699013e-02	1.343287321e-11
-9.500000000e-03	2.859465757e+01	6.600692475e-02	4.118546231e-12
-9.600000000e-03	2.859465682e+01	6.571685930e-02	6.700039490e-12
-9.700000000e-03	2.859465607e+01	6.542679376e-02	5.000453068e-12
-9.800000000e-03	2.859465533e+01	6.513672815e-02	6.917925215e-12
-9.900000000e-03	2.859465459e+01	6.484666246e-02	7.494834279e-12
-1.000000000e-02	2.859465385e+01	6.455659670e-02	8.961648230e-12
-1.010000000e-02	2.859465311e+01	6.426653086e-02	6.339774122e-12
-1.020000000e-02	2.859465238e+01	6.397646493e-02	6.337143804e-12
-1.030000000e-02	2.859465165e+01	6.368639894e-02	1.032225164e-11
-1.040000000e-02	2.859465093e+01	6.339633286e-02	6.162011914e-12
-1.050000000e-02	2.859465020e+01	6.310626671e-02	8.664930324e-12
-1.060000000e-02	2.859464948e+01	6.281620048e-02	6.841136227e-12
-1.070000000e-02	2.859464876e+01	6.252613418e-02	2.234589125e-12
-1.080000000e-02	2.859464805e+01	6.223606780e-02	5.757651075e-12
-1.090000000e-02	2.859464734e+01	6.194600133e-02	7.027083557e-12
-1.100000000e-02	2.859464663e+01	6.165593480e-02	4.857590257e-12
-1.110000000e-02	2.859464592e+01	6.136586819e-02	5.008489346e-12
-1.120000000e-02	2.859464522e+01	6.107580150e-02	6.244230383e-12
-1.130000000e-02	2.859464452e+01	6.078573474e-02	7.335784575e-12
-1.140000000e-02	2.859464382e+01	6.049566790e-02	2.539274231e-12
-1.150000000e-02	2.859464312e+01	6.020560098e-02	8.071798432e-12
-1.160000000e-02	2.859464243e+01	5.991553399e-02	7.658155259e-12
-1.170000000e-02	2.859464174e+01	5.962546693e-02	8.114552384e-12
-1.180000000e-02	2.859464106e+01	5.933539979e-02	5.336709718e-12
-1.190000000e-02	2.859464037e+01	5.904533256e-02	8.634577704e-12
-1.200000000e-02	2.859463969e+01	5.875526527e-02	6.535656551e-12
-1.210000000e-02	2.859463902e+01	5.846519791e-02	6.517393149e-12
-1.220000000e-02	2.859463834e+01	5.817513045e-02	5.987649164e-12
-1.230000000e-02	2.859463767e+01	5.788506294e-02	8.132840534e-12
-1.240000000e-02	2.859463700e+01	5.759499534e-02	4.034812906e-12
-1.250000000e-02	2.859463634e+01	5.730492767e-02	8.173921043e-12
-1.260000000e-02	2.859463567e+01	5.701485993e-02	3.344709505e-12
-1.270000000e-02	2.859463501e+01	5.672479211e-02	8.963849799e-12
-1.280000000e-02	2.859463436e+01	5.643472421e-02	6.335721186e-12
-1.290000000e-02	2.859463370e+01	5.614465624e-02	4.057982792e-12
-1.300000000e-02	2.859463305e+01	5.585458819e-02	7.735045002e-12
-1.310000000e-02	2.859463240e+01	5.556452008e-02	7.074825308e-12
-1.320000000e-02	2.859463176e+01	5.527445188e-02	6.498536082e-12
-1.330000000e-02	2.859463111e+01	5.498438361e-02	7.304746522e-12
-1.340000000e-02	2.859463047e+01	5.469431526e-02	3.397734574e-12
-1.350000000e-02	2.859462984e+01	5.440424685e-02	6.852266716e-12
-1.360000000e-02	2.859462920e+01	5.411417836e-02	1.122164631e-11
-1.370000000e-02	2.859462857e+01	5.382410979e-02	4.145922193e-12
-1.380000000e-02	2.859462794e+01	5.353404115e-02	8.260947476e-12
-1.390000000e-02	2.859462732e+01	5.324397244e-02	6.024049766e-12
-1.400000000e-02	2.859462669e+01	5.295390365e-02	8.231830278e-12
-1.410000000e-02	2.859462608e+01	5.266383479e-02	2.814255554e-12
-1.420000000e-02	2.859462546e+01	5.237376586e-02	5.767448741e-12
-1.430000000e-02	2.859462484e+01	5.208369684e-02	8.147972273e-12
-1.440000000e-02	2.859462423e+01	5.179362776e-02	5.725196931e-12
-1.450000000e-02	2.859462363e+01	5.150355861e-02	6.976792188e-12
-1.460000000e-02	2.859462302e+01	5.121348938e-02	5.147368992e-12
-1.470000000e-02	2.859462242e+01	5.092342007e-02	5.243632505e-12
-1.480000000e-02	2.859462182e+01	5.063335070e-02	7.809222775e-12
-1.490000000e-02	2.859462122e+01	5.034328125e-02	4.886595410e-12
-1.500000000e-02	2.859462063e+01	5.005321173e-02	2.210660386e-12
-1.510000000e-02	2.859462004e+01	4.976314213e-02	8.350128961e-12
-1.520000000e-02	2.859461945e+01	4.947307246e-02	6.324982825e-12
-1.530000000e-02	2.859461887e+01	4.918300273e-02	4.486520797e-12
-1.540000000e-02	2.859461828e+01	4.889293291e-02	6.321221856e-12
-1.550000000e-02	2.859461770e+01	4.860286303e-02	7.326224827e-12
-1.560000000e-02	2.859461713e+01	4.831279307e-02	4.202214787e-12
-1.570000000e-02	2.859461655e+01	4.802272304e-02	3.287270107e-12
-1.580000000e-02	2.859461598e+01	4.773265293e-02	1.047288555e-11
-1.590000000e-02	2.859461542e+01	4.744258276e-02	5.735641003e-12
-1.600000000e-02	2.859461485e+01	4.715251251e-02	4.160891217e-12
-1.610000000e-02	2.859461429e+01	4.686244220e-02	7.142073785e-12
-1.620000000e-02	2.859461373e+01	4.657237180e-02	7.778547762e-12
-1.630000000e-02	2.859461318e+01	4.628230134e-02	7.784095636e-12
-1.640000000e-02	2.859461262e+01	4.599223080e-02	8.064790746e-12
-1.650000000e-02	2.859461207e+01	4.570216019e-02	5.883433333e-12
-1.660000000e-02	2.859461152e+01	4.541208952e-02	4.429101917e-12
-1.670000000e-02	2.859461098e+01	4.512201877e-02	7.831096638e-12
-1.680000000e-02	2.859461044e+01	4.483194794e-02	6.400972247e-12
-1.690000000e-02	2.859460990e+01	4.454187706e-02	8.455508518e-12
-1.700000000e-02	2.859460936e+01	4.425180609e-02	9.512838779e-12
-1.710000000e-02	2.859460883e+01	4.396173505e-02	5.332860334e-12
-1.720000000e-02	2.859460830e+01	4.367166394e-02	3.489118352e-12
-1.730000000e-02	2.859460777e+01	4.338159277e-02	4.047752748e-12
-1.740000000e-02	2.859460725e+01	4.309152151e-02	1.193735731e-11
-1.750000000e-02	2.859460673e+01	4.280145020e-02	8.753645865e-12
-1.760000000e-02	2.859460621e+01	4.251137881e-02	6.692995179e-12
-1.770000000e-02	2.859460569e+01	4.222130735e-02	6.311185016e-12
-1.780000000e-02	2.859460518e+01	4.193123582e-02	9.772725662e-12
-1.790000000e-02	2.859460467e+01	4.164116421e-02	5.976018491e-12
-1.800000000e-02	2.859460417e+01	4.135109254e-02	6.763709090e-12
-1.810000000e-02	2.859460366e+01	4.106102079e-02	6.363327654e-12
-1.820000000e-02	2.859460316e+01	4.077094898e-02	6.899369911e-12
-1.830000000e-02	2.859460266e+01	4.048087710e-02	6.463013776e-12
-1.840000000e-02	2.859460217e+01	4.019080515e-02	4.992963315e-12
-1.850000000e-02	2.859460167e+01	3.990073312e-02	4.930034448e-12
-1.860000000e-02	2.859460119e+01	3.961066102e-02	4.419681330e-12
-1.870000000e-02	2.859460070e+01	3.932058886e-02	9.795147970e-12
-1.880000000e-02	2.859460021e+01	3.903051663e-02	4.926236709e-12
-1.890000000e-02	2.859459973e+01	3.874044433e-02	4.212023781e-12
-1.900000000e-02	2.859459926e+01	3.845037195e-02	9.363241921e-12
-1.910000000e-02	2.859459878e+01	3.816029951e-02	8.589760728e-12
-1.920000000e-02	2.859459831e+01	3.787022700e-02	8.459989291e-12
-1.930000000e-02	2.859459784e+01	3.758015442e-02	4.033865363e-12
-1.940000000e-02	2.859459737e+01	3.729008177e-02	6.597868688e-12
-1.950000000e-02	2.859459691e+01	3.700000904e-02	1.090249960e-11
-1.960000000e-02	2.859459645e+01	3.670993626e-02	7.627560863e-12
-1.970000000e-02	2.859459599e+01	3.641986340e-02	7.818649127e-12
-1.980000000e-02	2.859459554e+01	3.612979047e-02	6.897817200e-12
-1.990000000e-02	2.859459508e+01	3.583971748e-02	7.324895160e-12
-2.000000000e-02	2.859459464e+01	3.554964441e-02	3.370042529e-12
-2.010000000e-02	2.859459419e+01	3.525957128e-02	7.303986157e-12
-2.020000000e-02	2.859459375e+01	3.496949808e-02	6.285877314e-12
-2.030000000e-02	2.859459331e+01	3.467942481e-02	7.024638780e-12
-2.040000000e-02	2.859459287e+01	3.438935147e-02	4.085019757e-12
-2.050000000e-02	2.859459243e+01	3.409927806e-02	7.799572977e-12
-2.060000000e-02	2.859459200e+01	3.380920459e-02	5.894484453e-12
-2.070000000e-02	2.859459157e+01	3.351913104e-02	6.901791623e-12
-2.080000000e-02	2.859459115e+01	3.322905743e-02	7.363193408e-12
-2.090000000e-02	2.859459072e+01	3.293898375e-02	7.268251276e-12
-2.100000000e-02	2.859459030e+01	3.264891000e-02	5.051219473e-12
-2.110000000e-02	2.859458989e+01	3.235883619e-02	6.064758925e-12
-2.120000000e-02	2.859458947e+01	3.206876230e-02	5.477242445e-12
-2.130000000e-02	2.859458906e+01	3.177868835e-02	9.166755909e-12
-2.140000000e-02	2.859458865e+01	3.148861433e-02	7.710877600e-12
-2.150000000e-02	2.859458825e+01	3.119854025e-02	8.377011501e-12
-2.160000000e-02	2.859458784e+01	3.090846609e-02	6.023648453e-12
-2.170000000e-02	2.859458744e+01	3.061839188e-02	6.355299069e-12
-2.180000000e-02	2.859458705e+01	3.032831759e-02	4.735514846e-12
-2.190000000e-02	2.859458665e+01	3.003824323e-02	9.059074890e-12
-2.200000000e-02	2.859458626e+01	2.974816881e-02	5.997635882e-12
-2.210000000e-02	2.859458587e+01	2.945809432e-02	8.027490712e-12
-2.220000000e-02	2.859458549e+01	2.916801976e-02	5.171814511e-12
-2.230000000e-02	2.859458510e+01	2.887794515e-02	9.648725333e-12
-2.240000000e-02	2.859458473e+01	2.858787045e-02	4.059908783e-12
-2.250000000e-02	2.859458435e+01	2.829779569e-02	8.068888617e-12
-2.260000000e-02	2.859458397e+01	2.800772088e-02	1.049272111e-11
-2.270000000e-02	2.859458360e+01	2.771764599e-02	6.914888761e-12
-2.280000000e-02	2.859458324e+01	2.742757103e-02	6.597576624e-12
-2.290000000e-02	2.859458287e+01	2.713749601e-02	7.662016244e-12
-2.300000000e-02	2.859458251e+01	2.684742092e-02	5.422418990e-12
-2.310000000e-02	2.859458215e+01	2.655734576e-02	6.658551765e-12
-2.320000000e-02	2.859458179e+01	2.626727054e-02	7.613777078e-12
-2.330000000e-02	2.859458144e+01	2.597719526e-02	5.898259782e-12
-2.340000000e-02	2.859458109e+01	2.568711990e-02	8.096936516e-12
-2.350000000e-02	2.859458074e+01	2.539704449e-02	3.935861414e-12
-2.360000000e-02	2.859458039e+01	2.510696900e-02	6.341323228e-12
-2.370000000e-02	2.859458005e+01	2.481689345e-02	6.091495112e-12
-2.380000000e-02	2.859457971e+01	2.452681784e-02	5.948780265e-12
-2.390000000e-02	2.859457938e+01	2.423674216e-02	5.535717927e-12
-2.400000000e-02	2.859457904e+01	2.394666642e-02	6.360236037e-12
-2.410000000e-02	2.859457871e+01	2.365659060e-02	9.251752216e-12
-2.420000000e-02	2.859457839e+01	2.336651473e-02	6.437405554e-12
-2.430000000e-02	2.859457806e+01	2.307643879e-02	2.789906795e-12
-2.440000000e-02	2.859457774e+01	2.278636278e-02	6.085295220e-12
-2.450000000e-02	2.859457742e+01	2.249628671e-02	8.846582249e-12
-2.460000000e-02	2.859457710e+01	2.220621057e-02	6.732015290e-12
-2.470000000e-02	2.859457679e+01	2.191613437e-02	4.321802905e-12
-2.480000000e-02	2.859457648e+01	2.162605811e-02	4.239056444e-12
-2.490000000e-02	2.859457617e+01	2.133598178e-02	4.771627238e-12
-2.500000000e-02	2.859457587e+01	2.104590538e-02	7.830328109e-12
-2.510000000e-02	2.859457557e+01	2.075582892e-02	5.928174963e-12
-2.520000000e-02	2.859457527e+01	2.046575240e-02	8.190513176e-12
-2.530000000e-02	2.859457497e+01	2.017567581e-02	4.871847509e-12
-2.540000000e-02	2.859457468e+01	1.988559916e-02	8.998347910e-12
-2.550000000e-02	2.859457439e+01	1.959552244e-02	8.060206241e-12
-2.560000000e-02	2.859457410e+01	1.930544567e-02	7.263913222e-12
-2.570000000e-02	2.859457382e+01	1.901536882e-02	6.671185099e-12
-2.580000000e-02	2.859457354e+01	1.872529191e-02	4.078736091e-12
-2.590000000e-02	2.859457326e+01	1.843521494e-02	7.361881324e-12
-2.600000000e-02	2.859457298e+01	1.814513790e-02	8.232243930e-12
-2.610000000e-02	2.859457271e+01	1.785506081e-02	4.342745331e-12
-2.620000000e-02	2.859457244e+01	1.756498365e-02	9.528154389e-12
-2.630000000e-02	2.859457217e+01	1.727490642e-02	6.462628627e-12
-2.640000000e-02	2.859457191e+01	1.698482913e-02	5.765240666e-12
-2.650000000e-02	2.859457165e+01	1.669475178e-02	9.055783236e-12
-2.660000000e-02	2.859457139e+01	1.640467436e-02	9.234798437e-12
-2.670000000e-02	2.859457113e+01	1.611459689e-02	6.500333848e-12
-2.680000000e-02	2.859457088e+01	1.582451935e-02	7.339384636e-12
-2.690000000e-02	2.859457063e+01	1.553444174e-02	5.013950880e-12
-2.700000000e-02	2.859457039e+01	1.524436408e-02	6.158782164e-12
-2.710000000e-02	2.859457014e+01	1.495428635e-02	4.572064919e-12
-2.720000000e-02	2.859456990e+01	1.466420855e-02	5.346469730e-12
-2.730000000e-02	2.859456966e+01	1.437413070e-02	4.740793532e-12
-2.740000000e-02	2.859456943e+01	1.408405278e-02	5.708079378e-12
-2.750000000e-02	2.859456920e+01	1.379397480e-02	9.470589091e-12
-2.760000000e-02	2.859456897e+01	1.350389676e-02	4.317779095e-12
-2.770000000e-02	2.859456874e+01	1.321381865e-02	8.860525914e-12
-2.780000000e-02	2.859456852e+01	1.292374049e-02	5.518008497e-12
-2.790000000e-02	2.859456830e+01	1.263366226e-02	7.040286589e-12
-2.800000000e-02	2.859456808e+01	1.234358397e-02	8.726940288e-12
-2.810000000e-02	2.859456786e+01	1.205350562e-02	8.990222615e-12
-2.820000000e-02	2.859456765e+01	1.176342720e-02	6.764455678e-12
-2.830000000e-02	2.859456744e+01	1.147334872e-02	1.060168197e-11
-2.840000000e-02	2.859456724e+01	1.118327019e-02	4.698616489e-12
-2.850000000e-02	2.859456703e+01	1.089319159e-02	9.136116924e-12
-2.860000000e-02	2.859456683e+01	1.060311293e-02	5.687693062e-12
-2.870000000e-02	2.859456663e+01	1.031303421e-02	6.693410466e-12
-2.880000000e-02	2.859456644e+01	1.002295542e-02	7.428453467e-12
-2.890000000e-02	2.859456625e+01	9.732876579e-03	7.289153375e-12
-2.900000000e-02	2.859456606e+01	9.442797675e-03	4.710177728e-12
-2.910000000e-02	2.859456587e+01	9.152718707e-03	1.083897928e-11
-2.920000000e-02	2.859456569e+01	8.862639681e-03	4.762658772e-12
-2.930000000e-02	2.859456551e+01	8.572560592e-03	6.264034331e-12
-2.940000000e-02	2.859456533e+01	8.282481444e-03	2.917815765e-12
-2.950000000e-02	2.859456516e+01	7.992402238e-03	5.454256355e-12
-2.960000000e-02	2.859456499e+01	7.702322969e-03	1.006269052e-11
-2.970000000e-02	2.859456482e+01	7.412243635e-03	8.265251277e-12
-2.980000000e-02	2.859456465e+01	7.122164241e-03	4.686724760e-12
-2.990000000e-02	2.859456449e+01	6.832084794e-03	6.595759347e-12
-3.000000000e-02	2.859456433e+01	6.542005280e-03	5.619307504e-12
-3.010000000e-02	2.859456417e+01	6.251925709e-03	4.477303403e-12
-3.020000000e-02	2.859456402e+01	5.961846076e-03	2.887055908e-12
-3.030000000e-02	2.859456387e+01	5.671766385e-03	4.901544623e-12
-3.040000000e-02	2.859456372e+01	5.381686633e-03	6.119210481e-12
-3.050000000e-02	2.859456357e+01	5.091606823e-03	5.356187656e-12
-3.060000000e-02	2.859456343e+01	4.801526946e-03	7.169559078e-12
-3.070000000e-02	2.859456329e+01	4.511447021e-03	7.527330529e-12
-3.080000000e-02	2.859456315e+01	4.221367025e-03	6.806328030e-12
-3.090000000e-02	2.859456302e+01	3.931286974e-03	5.576563058e-12
-3.100000000e-02	2.859456289e+01	3.641206869e-03	4.523941770e-12
-3.110000000e-02	2.859456276e+01	3.351126693e-03	9.659078273e-12
-3.120000000e-02	2.859456263e+01	3.061046474e-03	7.576829835e-12
-3.130000000e-02	2.859456251e+01	2.770966186e-03	7.843927518e-12
-3.140000000e-02	2.859456239e+01	2.480885836e-03	6.863135157e-12
-3.150000000e-02	2.859456228e+01	2.190805433e-03	6.797624617e-12
-3.160000000e-02	2.859456216e+01	1.900724966e-03	8.842636914e-12
-3.170000000e-02	2.859456205e+01	1.610644444e-03	3.445538378e-12
-3.180000000e-02	2.859456194e+01	1.320563863e-03	6.027322530e-12
-3.190000000e-02	2.859456184e+01	1.030483223e-03	7.561987522e-12
-3.200000000e-02	2.859456174e+01	7.404025203e-04	7.428594646e-12
-3.210000000e-02	2.859456164e+01	4.503217674e-04	5.553957078e-12
-3.220000000e-02	2.859456154e+01	1.602409444e-04	8.927035887e-12
-3.230000000e-02	2.859456145e+01	-1.298399276e-04	7.828808382e-12
-3.240000000e-02	2.859456136e+01	-4.199208568e-04	6.360165104e-12
-3.250000000e-02	2.859456127e+01	-7.100018463e-04	8.529614098e-12
-3.260000000e-02	2.859456118e+01	-1.000082894e-03	9.449726801e-12
-3.270000000e-02	2.859456110e+01	-1.290164004e-03	8.648777144e-12
-3.280000000e-02	2.859456102e+01	-1.580245170e-03	7.599994108e-12
-3.290000000e-02	2.859456095e+01	-1.870326395e-03	1.097945415e-11
-3.300000000e-02	2.859456087e+01	-2.160407668e-03	7.870516837e-12
-3.310000000e-02	2.859456080e+01	-2.450489009e-03	5.347494834e-12
-3.320000000e-02	2.859456074e+01	-2.740570400e-03	5.865266205e-12
-3.330000000e-02	2.859456067e+01	-3.030651857e-03	6.694856348e-12
-3.340000000e-02	2.859456061e+01	-3.320733363e-03	6.526725242e-12
-3.350000000e-02	2.859456055e+01	-3.610814933e-03	5.234257279e-12
-3.360000000e-02	2.859456050e+01	-3.900896554e-03	4.884420785e-12
-3.370000000e-02	2.859456044e+01	-4.190978234e-03	7.067332980e-12
-3.380000000e-02	2.859456039e+01	-4.481059973e-03	8.574080886e-12
-3.390000000e-02	2.859456035e+01	-4.771141774e-03	9.727320830e-12
-3.400000000e-02	2.859456030e+01	-5.061223622e-03	8.072960523e-12
-3.410000000e-02	2.859456026e+01	-5.351305531e-03	6.593377708e-12
-3.420000000e-02	2.859456022e+01	-5.641387501e-03	7.903788247e-12
-3.430000000e-02	2.859456019e+01	-5.931469518e-03	1.012457046e-11
-3.440000000e-02	2.859456015e+01	-6.221551602e-03	7.494617902e-12
-3.450000000e-02	2.859456012e+01	-6.511633739e-03	9.244818232e-12
-3.460000000e-02	2.859456010e+01	-6.801715925e-03	4.918147653e-12
-3.470000000e-02	2.859456007e+01	-7.091798173e-03	9.088657731e-12
-3.480000000e-02	2.859456005e+01	-7.381880481e-03	7.771625933e-12
-3.490000000e-02	2.859456003e+01	-7.671962838e-03	7.118098858e-12
-3.500000000e-02	2.859456002e+01	-7.962045249e-03	8.669734997e-12
-3.510000000e-02	2.859456000e+01	-8.252127723e-03	6.353933533e-12
-3.520000000e-02	2.859456000e+01	-8.542210251e-03	6.474834273e-12
-3.530000000e-02	2.859455999e+01	-8.832292836e-03	5.026044808e-12
-3.540000000e-02	2.859455998e+01	-9.122375480e-03	8.343938904e-12
-3.550000000e-02	2.859455998e+01	-9.412458170e-03	6.830404477e-12
-3.560000000e-02	2.859455999e+01	-9.702540917e-03	8.086280719e-12
-3.570000000e-02	2.859455999e+01	-9.992623729e-03	8.582719598e-12
-3.580000000e-02	2.859456000e+01	-1.028270659e-02	5.136949553e-12
-3.590000000e-02	2.859456001e+01	-1.057278950e-02	9.928661133e-12
-3.600000000e-02	2.859456002e+01	-1.086287248e-02	3.109772388e-12
-3.610000000e-02	2.859456004e+01	-1.115295550e-02	7.664812321e-12
-3.620000000e-02	2.859456006e+01	-1.144303859e-02	9.528573356e-12
-3.630000000e-02	2.859456008e+01	-1.173312172e-02	4.851021977e-12
-3.640000000e-02	2.859456011e+01	-1.202320491e-02	5.035450036e-12
-3.650000000e-02	2.859456013e+01	-1.231328815e-02	4.814152967e-12
-3.660000000e-02	2.859456016e+01	-1.260337146e-02	8.343095192e-12
-3.670000000e-02	2.859456020e+01	-1.289345481e-02	9.257736802e-12
-3.680000000e-02	2.859456023e+01	-1.318353822e-02	4.497458941e-12
-3.690000000e-02	2.859456027e+01	-1.347362168e-02	6.113658717e-12
-3.700000000e-02	2.859456032e+01	-1.376370521e-02	7.444252888e-12
-3.710000000e-02	2.859456036e+01	-1.405378878e-02	9.188173258e-12
-3.720000000e-02	2.859456041e+01	-1.434387240e-02	7.357206844e-12
-3.730000000e-02	2.859456046e+01	-1.463395609e-02	7.030700329e-12
-3.740000000e-02	2.859456052e+01	-1.492403982e-02	1.266369964e-12
-3.750000000e-02	2.859456057e+01	-1.521412361e-02	7.831754339e-12
-3.760000000e-02	2.859456063e+01	-1.550420745e-02	7.053127226e-12
-3.770000000e-02	2.859456069e+01	-1.579429134e-02	7.538789110e-12
-3.780000000e-02	2.859456076e+01	-1.608437529e-02	3.562755886e-12
-3.790000000e-02	2.859456083e+01	-1.637445930e-02	7.079514185e-12
-3.800000000e-02	2.859456090e+01	-1.666454335e-02	6.802439616e-12
-3.810000000e-02	2.859456097e+01	-1.695462746e-02	6.959219649e-12
-3.820000000e-02	2.859456105e+01	-1.724471162e-02	8.155893978e-12
-3.830000000e-02	2.859456113e+01	-1.753479584e-02	4.573987768e-12
-3.840000000e-02	2.859456121e+01	-1.782488011e-02	5.434684734e-12
-3.850000000e-02	2.859456130e+01	-1.811496443e-02	1.101782791e-11
-3.860000000e-02	2.859456139e+01	-1.840504880e-02	1.007983989e-11
-3.870000000e-02	2.859456148e+01	-1.869513324e-02	3.435759322e-12
-3.880000000e-02	2.859456158e+01	-1.898521772e-02	5.875454287e-12
-3.890000000e-02	2.859456167e+01	-1.927530225e-02	5.220191905e-12
-3.900000000e-02	2.859456177e+01	-1.956538684e-02	7.333166701e-12
-3.910000000e-02	2.859456188e+01	-1.985547148e-02	6.625993168e-12
-3.920000000e-02	2.859456198e+01	-2.014555617e-02	4.706001142e-12
-3.930000000e-02	2.859456209e+01	-2.043564091e-02	8.936549347e-12
-3.940000000e-02	2.859456220e+01	-2.072572571e-02	2.789312564e-12
-3.950000000e-02	2.859456232e+01	-2.101581055e-02	6.209006358e-12
-3.960000000e-02	2.859456244e+01	-2.130589546e-02	6.154112209e-12
-3.970000000e-02	2.859456256e+01	-2.159598041e-02	5.673975653e-12
-3.980000000e-02	2.859456268e+01	-2.188606541e-02	5.433447453e-12
-3.990000000e-02	2.859456281e+01	-2.217615047e-02	6.879465940e-12
-4.000000000e-02	2.859456293e+01	-2.246623557e-02	8.885610980e-12
-4.010000000e-02	2.859456307e+01	-2.275632073e-02	8.500868083e-12
-4.020000000e-02	2.859456320e+01	-2.304640595e-02	6.910708137e-12
-4.030000000e-02	2.859456334e+01	-2.333649121e-02	4.936283935e-12
-4.040000000e-02	2.859456348e+01	-2.362657652e-02	6.045674679e-12
-4.050000000e-02	2.859456362e+01	-2.391666188e-02	6.062956038e-12
-4.060000000e-02	2.859456377e+01	-2.420674730e-02	3.988299527e-12
-4.070000000e-02	2.859456392e+01	-2.449683277e-02	9.501389182e-12
-4.080000000e-02	2.859456407e+01	-2.478691829e-02	6.602814373e-12
-4.090000000e-02	2.859456423e+01	-2.507700385e-02	6.034817661e-12
-4.100000000e-02	2.859456439e+01	-2.536708948e-02	5.739877854e-12
-4.110000000e-02	2.859456455e+01	-2.565717514e-02	7.053547167e-12
-4.120000000e-02	2.859456471e+01	-2.594726087e-02	7.779243418e-12
-4.130000000e-02	2.859456488e+01	-2.623734664e-02	4.716744068e-12
-4.140000000e-02	2.859456505e+01	-2.652743246e-02	9.167696345e-12
-4.150000000e-02	2.859456522e+01	-2.681751833e-02	7.164558388e-12
-4.160000000e-02	2.859456539e+01	-2.710760426e-02	5.207685082e-12
-4.170000000e-02	2.859456557e+01	-2.739769023e-02	5.409470083e-12
-4.180000000e-02	2.859456575e+01	-2.768777626e-02	5.728274365e-12
-4.190000000e-02	2.859456594e+01	-2.797786233e-02	8.982086568e-12
-4.200000000e-02	2.859456613e+01	-2.826794846e-02	6.559321122e-12
-4.210000000e-02	2.859456632e+01	-2.855803463e-02	8.130737695e-12
-4.220000000e-02	2.859456651e+01	-2.884812086e-02	4.980386069e-12
-4.230000000e-02	2.859456670e+01	-2.913820713e-02	7.127537258e-12
-4.240000000e-02	2.859456690e+01	-2.942829346e-02	1.019854298e-11
-4.250000000e-02	2.859456710e+01	-2.971837982e-02	8.633645782e-12
-4.260000000e-02	2.859456731e+01	-3.000846625e-02	3.851113515e-12
-4.270000000e-02	2.859456752e+01	-3.029855272e-02	6.200604360e-12
-4.280000000e-02	2.859456773e+01	-3.058863924e-02	8.894390593e-12
-4.290000000e-02	2.859456794e+01	-3.087872581e-02	6.224159322e-12
-4.300000000e-02	2.859456815e+01	-3.116881244e-02	5.902276572e-12
-4.310000000e-02	2.859456837e+01	-3.145889910e-02	5.066802478e-12
-4.320000000e-02	2.859456860e+01	-3.174898582e-02	5.364679271e-12
-4.330000000e-02	2.859456882e+01	-3.203907258e-02	1.010430409e-11
-4.340000000e-02	2.859456905e+01	-3.232915940e-02	7.793306937e-12
-4.350000000e-02	2.859456928e+01	-3.261924627e-02	8.939272022e-12
-4.360000000e-02	2.859456951e+01	-3.290933318e-02	5.762738690e-12
-4.370000000e-02	2.859456975e+01	-3.319942014e-02	3.077077505e-12
-4.380000000e-02	2.859456999e+01	-3.348950715e-02	3.870145103e-12
-4.390000000e-02	2.859457023e+01	-3.377959422e-02	7.132177399e-12
-4.400000000e-02	2.859457047e+01	-3.406968132e-02	7.047595204e-12
-4.410000000e-02	2.859457072e+01	-3.435976847e-02	4.390052930e-12
-4.420000000e-02	2.859457097e+01	-3.464985568e-02	7.872797057e-12
-4.430000000e-02	2.859457123e+01	-3.493994293e-02	7.765085450e-12
-4.440000000e-02	2.859457148e+01	-3.523003023e-02	7.217477992e-12
-4.450000000e-02	2.859457174e+01	-3.552011758e-02	7.101530076e-12
-4.460000000e-02	2.859457200e+01	-3.581020498e-02	8.873139127e-12
-4.470000000e-02	2.859457227e+01	-3.610029242e-02	7.712664380e-12
-4.480000000e-02	2.859457254e+01	-3.639037991e-02	6.069015804e-12
-4.490000000e-02	2.859457281e+01	-3.668046744e-02	1.059703440e-11
-4.500000000e-02	2.859457308e+01	-3.697055503e-02	3.865729079e-12
-4.510000000e-02	2.859457336e+01	-3.726064267e-02	6.574232835e-12
-4.520000000e-02	2.859457364e+01	-3.755073035e-02	7.505646966e-12
-4.530000000e-02	2.859457392e+01	-3.784081808e-02	8.280011229e-12
-4.540000000e-02	2.859457420e+01	-3.813090584e-02	7.159322052e-12
-4.550000000e-02	2.859457449e+01	-3.842099367e-02	2.906916592e-12
-4.560000000e-02	2.859457478e+01	-3.871108154e-02	4.024655066e-12
-4.570000000e-02	2.859457508e+01	-3.900116946e-02	6.931766385e-12
-4.580000000e-02	2.859457538e+01	-3.929125741e-02	7.122041179e-12
-4.590000000e-02	2.859457567e+01	-3.958134542e-02	3.915843335e-12
-4.600000000e-02	2.859457598e+01	-3.987143348e-02	1.057038286e-11
-4.610000000e-02	2.859457628e+01	-4.016152158e-02	1.330303937e-11
-4.620000000e-02	2.859457659e+01	-4.045160973e-02	6.411119153e-12
-4.630000000e-02	2.859457690e+01	-4.074169793e-02	4.110466793e-12
-4.640000000e-02	2.859457722e+01	-4.103178617e-02	5.421017416e-12
-4.650000000e-02	2.859457753e+01	-4.132187446e-02	6.583282881e-12
-4.660000000e-02	2.859457785e+01	-4.161196279e-02	9.025585195e-12
-4.670000000e-02	2.859457818e+01	-4.190205117e-02	8.442238556e-12
-4.680000000e-02	2.859457850e+01	-4.219213960e-02	5.560796141e-12
-4.690000000e-02	2.859457883e+01	-4.248222807e-02	1.034993013e-11
-4.700000000e-02	2.859457916e+01	-4.277231659e-02	9.991934551e-12
-4.710000000e-02	2.859457950e+01	-4.306240515e-02	4.239325055e-12
-4.720000000e-02	2.859457984e+01	-4.335249376e-02	6.096673930e-12
-4.730000000e-02	2.859458018e+01	-4.364258241e-02	7.852637645e-12
-4.740000000e-02	2.859458052e+01	-4.393267111e-02	6.342601185e-12
-4.750000000e-02	2.859458086e+01	-4.422275986e-02	3.649888599e-12
-4.760000000e-02	2.859458121e+01	-4.451284865e-02	4.550529576e-12
-4.770000000e-02	2.859458157e+01	-4.480293748e-02	7.303717564e-12
-4.780000000e-02	2.859458192e+01	-4.509302637e-02	6.784186373e-12
-4.790000000e-02	2.859458228e+01	-4.538311529e-02	6.610573024e-12
-4.800000000e-02	2.859458264e+01	-4.567320426e-02	6.700946902e-12
-4.810000000e-02	2.859458300e+01	-4.596329328e-02	7.404599449e-12
-4.820000000e-02	2.859458337e+01	-4.625338234e-02	4.182363859e-12
-4.830000000e-02	2.859458374e+01	-4.654347144e-02	6.915212105e-12
-4.840000000e-02	2.859458411e+01	-4.683356059e-02	6.117938148e-12
-4.850000000e-02	2.859458448e+01	-4.712364978e-02	9.281232803e-12
-4.860000000e-02	2.859458486e+01	-4.741373902e-02	7.629073747e-12
-4.870000000e-02	2.859458524e+01	-4.770382830e-02	4.497415944e-12
-4.880000000e-02	2.859458563e+01	-4.799391764e-02	6.687544588e-12
-4.890000000e-02	2.859458601e+01	-4.828400700e-02	5.159240375e-12
-4.900000000e-02	2.859458640e+01	-4.857409642e-02	8.828997434e-12
-4.910000000e-02	2.859458680e+01	-4.886418588e-02	4.162870656e-12
-4.920000000e-02	2.859458719e+01	-4.915427538e-02	4.629745178e-12
-4.930000000e-02	2.859458759e+01	-4.944436493e-02	5.479259137e-12
-4.940000000e-02	2.859458799e+01	-4.973445452e-02	8.325029618e-12
-4.950000000e-02	2.859458839e+01	-5.002454415e-02	8.610147930e-12
-4.960000000e-02	2.859458880e+01	-5.031463383e-02	7.538772739e-12
-4.970000000e-02	2.859458921e+01	-5.060472355e-02	5.925127657e-12
-4.980000000e-02	2.859458962e+01	-5.089481331e-02	6.711941180e-12
-4.990000000e-02	2.859459004e+01	-5.118490312e-02	1.038836486e-11
-5.000000000e-02	2.859459046e+01	-5.147499297e-02	6.482572243e-12
