# Im(epsi1)     Re(Lambda)      Im(Lambda)      Eq(det).Opt det SIN kz, R=0.5 \mum, Re(epsi1)=3.90solve_det_sinkz_vs_mu.py
0.000000000e+00	3.556935573e+01	1.098519741e-01	5.493264676e-12
-1.000000000e-04	3.556935539e+01	1.094909097e-01	6.652433633e-12
-2.000000000e-04	3.556935507e+01	1.091298453e-01	5.177682938e-12
-3.000000000e-04	3.556935474e+01	1.087687809e-01	6.634235649e-12
-4.000000000e-04	3.556935442e+01	1.084077163e-01	5.706226604e-12
-5.000000000e-04	3.556935411e+01	1.080466517e-01	4.044009100e-12
-6.000000000e-04	3.556935379e+01	1.076855871e-01	7.264651959e-12
-7.000000000e-04	3.556935348e+01	1.073245223e-01	7.763836109e-12
-8.000000000e-04	3.556935318e+01	1.069634575e-01	5.616340380e-12
-9.000000000e-04	3.556935287e+01	1.066023927e-01	4.562961782e-12
-1.000000000e-03	3.556935257e+01	1.062413277e-01	9.437000058e-12
-1.100000000e-03	3.556935228e+01	1.058802627e-01	4.624450732e-12
-1.200000000e-03	3.556935199e+01	1.055191976e-01	5.317620902e-12
-1.300000000e-03	3.556935170e+01	1.051581325e-01	6.585903938e-12
-1.400000000e-03	3.556935142e+01	1.047970673e-01	6.112227244e-12
-1.500000000e-03	3.556935114e+01	1.044360020e-01	7.087253434e-12
-1.600000000e-03	3.556935086e+01	1.040749366e-01	4.985097311e-12
-1.700000000e-03	3.556935058e+01	1.037138712e-01	6.672583828e-12
-1.800000000e-03	3.556935031e+01	1.033528057e-01	4.800611357e-12
-1.900000000e-03	3.556935005e+01	1.029917402e-01	5.885707962e-12
-2.000000000e-03	3.556934979e+01	1.026306746e-01	7.133270425e-12
-2.100000000e-03	3.556934953e+01	1.022696089e-01	2.744449101e-12
-2.200000000e-03	3.556934927e+01	1.019085431e-01	9.913234671e-12
-2.300000000e-03	3.556934902e+01	1.015474773e-01	7.431662921e-12
-2.400000000e-03	3.556934877e+01	1.011864114e-01	4.788085571e-12
-2.500000000e-03	3.556934853e+01	1.008253455e-01	6.324910380e-12
-2.600000000e-03	3.556934829e+01	1.004642795e-01	6.662078812e-12
-2.700000000e-03	3.556934805e+01	1.001032134e-01	5.638572456e-12
-2.800000000e-03	3.556934781e+01	9.974214724e-02	4.854123559e-12
-2.900000000e-03	3.556934758e+01	9.938108102e-02	8.002553987e-12
-3.000000000e-03	3.556934736e+01	9.902001473e-02	9.911858880e-12
-3.100000000e-03	3.556934714e+01	9.865894839e-02	4.073336234e-12
-3.200000000e-03	3.556934692e+01	9.829788198e-02	5.923142630e-12
-3.300000000e-03	3.556934670e+01	9.793681550e-02	6.396862191e-12
-3.400000000e-03	3.556934649e+01	9.757574895e-02	5.276457959e-12
-3.500000000e-03	3.556934628e+01	9.721468234e-02	3.397047115e-12
-3.600000000e-03	3.556934608e+01	9.685361567e-02	6.230787103e-12
-3.700000000e-03	3.556934587e+01	9.649254893e-02	8.437920772e-12
-3.800000000e-03	3.556934568e+01	9.613148212e-02	3.941729854e-12
-3.900000000e-03	3.556934548e+01	9.577041525e-02	5.342866728e-12
-4.000000000e-03	3.556934529e+01	9.540934831e-02	5.972053135e-12
-4.100000000e-03	3.556934511e+01	9.504828131e-02	5.741781886e-12
-4.200000000e-03	3.556934492e+01	9.468721425e-02	8.554898208e-12
-4.300000000e-03	3.556934474e+01	9.432614711e-02	1.009584569e-11
-4.400000000e-03	3.556934457e+01	9.396507992e-02	7.866408009e-12
-4.500000000e-03	3.556934440e+01	9.360401267e-02	5.484350984e-12
-4.600000000e-03	3.556934423e+01	9.324294535e-02	8.553388110e-12
-4.700000000e-03	3.556934406e+01	9.288187796e-02	9.702668190e-12
-4.800000000e-03	3.556934390e+01	9.252081051e-02	1.029716966e-11
-4.900000000e-03	3.556934374e+01	9.215974298e-02	7.815017544e-12
-5.000000000e-03	3.556934359e+01	9.179867541e-02	8.284049631e-12
-5.100000000e-03	3.556934344e+01	9.143760777e-02	6.070065398e-12
-5.200000000e-03	3.556934329e+01	9.107654006e-02	6.261218749e-12
-5.300000000e-03	3.556934315e+01	9.071547229e-02	3.510856975e-12
-5.400000000e-03	3.556934301e+01	9.035440446e-02	5.168349753e-12
-5.500000000e-03	3.556934287e+01	8.999333656e-02	4.362378196e-12
-5.600000000e-03	3.556934274e+01	8.963226860e-02	9.175534740e-12
-5.700000000e-03	3.556934261e+01	8.927120058e-02	6.404933206e-12
-5.800000000e-03	3.556934249e+01	8.891013250e-02	8.718414590e-12
-5.900000000e-03	3.556934236e+01	8.854906434e-02	5.930405450e-12
-6.000000000e-03	3.556934225e+01	8.818799614e-02	6.699240557e-12
-6.100000000e-03	3.556934213e+01	8.782692786e-02	7.040843764e-12
-6.200000000e-03	3.556934202e+01	8.746585952e-02	7.087516320e-12
-6.300000000e-03	3.556934191e+01	8.710479112e-02	9.092183251e-12
-6.400000000e-03	3.556934181e+01	8.674372266e-02	8.853383684e-12
-6.500000000e-03	3.556934171e+01	8.638265414e-02	7.447902840e-12
-6.600000000e-03	3.556934161e+01	8.602158556e-02	4.626914715e-12
-6.700000000e-03	3.556934152e+01	8.566051691e-02	4.547035888e-12
-6.800000000e-03	3.556934143e+01	8.529944820e-02	9.949311023e-12
-6.900000000e-03	3.556934135e+01	8.493837943e-02	3.005739514e-12
-7.000000000e-03	3.556934127e+01	8.457731059e-02	9.882541428e-12
-7.100000000e-03	3.556934119e+01	8.421624170e-02	1.224393347e-11
-7.200000000e-03	3.556934111e+01	8.385517274e-02	5.754615038e-12
-7.300000000e-03	3.556934104e+01	8.349410373e-02	8.019505099e-12
-7.400000000e-03	3.556934097e+01	8.313303465e-02	7.670976774e-12
-7.500000000e-03	3.556934091e+01	8.277196551e-02	6.630957248e-12
-7.600000000e-03	3.556934085e+01	8.241089631e-02	6.632847020e-12
-7.700000000e-03	3.556934079e+01	8.204982705e-02	6.843578496e-12
-7.800000000e-03	3.556934074e+01	8.168875772e-02	5.010264921e-12
-7.900000000e-03	3.556934069e+01	8.132768834e-02	5.402897752e-12
-8.000000000e-03	3.556934065e+01	8.096661890e-02	8.924041092e-12
-8.100000000e-03	3.556934060e+01	8.060554939e-02	7.135373194e-12
-8.200000000e-03	3.556934057e+01	8.024447983e-02	6.694511312e-12
-8.300000000e-03	3.556934053e+01	7.988341021e-02	5.752954237e-12
-8.400000000e-03	3.556934050e+01	7.952234052e-02	6.691706978e-12
-8.500000000e-03	3.556934047e+01	7.916127077e-02	8.102626683e-12
-8.600000000e-03	3.556934045e+01	7.880020096e-02	8.993057785e-12
-8.700000000e-03	3.556934043e+01	7.843913111e-02	1.166858361e-11
-8.800000000e-03	3.556934041e+01	7.807806118e-02	6.319163815e-12
-8.900000000e-03	3.556934040e+01	7.771699120e-02	4.408076366e-12
-9.000000000e-03	3.556934039e+01	7.735592115e-02	4.194241855e-12
-9.100000000e-03	3.556934038e+01	7.699485105e-02	7.732013232e-12
-9.200000000e-03	3.556934038e+01	7.663378089e-02	4.424590520e-12
-9.300000000e-03	3.556934038e+01	7.627271066e-02	6.783362113e-12
-9.400000000e-03	3.556934039e+01	7.591164039e-02	4.650902764e-12
-9.500000000e-03	3.556934040e+01	7.555057005e-02	4.297642718e-12
-9.600000000e-03	3.556934041e+01	7.518949964e-02	6.701748994e-12
-9.700000000e-03	3.556934043e+01	7.482842919e-02	9.052874135e-12
-9.800000000e-03	3.556934044e+01	7.446735867e-02	5.455890182e-12
-9.900000000e-03	3.556934047e+01	7.410628810e-02	5.588782940e-12
-1.000000000e-02	3.556934049e+01	7.374521747e-02	6.398767747e-12
-1.010000000e-02	3.556934053e+01	7.338414677e-02	5.191157823e-12
-1.020000000e-02	3.556934056e+01	7.302307602e-02	7.100344564e-12
-1.030000000e-02	3.556934060e+01	7.266200521e-02	5.169221231e-12
-1.040000000e-02	3.556934064e+01	7.230093435e-02	7.638337714e-12
-1.050000000e-02	3.556934068e+01	7.193986342e-02	9.681312596e-12
-1.060000000e-02	3.556934073e+01	7.157879244e-02	6.189818869e-12
-1.070000000e-02	3.556934078e+01	7.121772141e-02	1.001452233e-11
-1.080000000e-02	3.556934084e+01	7.085665031e-02	5.661189972e-12
-1.090000000e-02	3.556934090e+01	7.049557915e-02	5.814313283e-12
-1.100000000e-02	3.556934096e+01	7.013450795e-02	1.234337547e-11
-1.110000000e-02	3.556934103e+01	6.977343667e-02	6.201665470e-12
-1.120000000e-02	3.556934110e+01	6.941236535e-02	6.383213784e-12
-1.130000000e-02	3.556934117e+01	6.905129396e-02	4.691905400e-12
-1.140000000e-02	3.556934125e+01	6.869022252e-02	6.798248915e-12
-1.150000000e-02	3.556934133e+01	6.832915102e-02	9.180447558e-12
-1.160000000e-02	3.556934141e+01	6.796807947e-02	5.342927888e-12
-1.170000000e-02	3.556934150e+01	6.760700786e-02	8.095522823e-12
-1.180000000e-02	3.556934160e+01	6.724593619e-02	5.389559953e-12
-1.190000000e-02	3.556934169e+01	6.688486447e-02	7.598703609e-12
-1.200000000e-02	3.556934179e+01	6.652379269e-02	6.288497404e-12
-1.210000000e-02	3.556934189e+01	6.616272086e-02	6.928191010e-12
-1.220000000e-02	3.556934200e+01	6.580164896e-02	6.610928563e-12
-1.230000000e-02	3.556934211e+01	6.544057701e-02	3.754718109e-12
-1.240000000e-02	3.556934222e+01	6.507950501e-02	1.080158331e-11
-1.250000000e-02	3.556934234e+01	6.471843295e-02	4.427475306e-12
-1.260000000e-02	3.556934246e+01	6.435736084e-02	4.919982002e-12
-1.270000000e-02	3.556934258e+01	6.399628867e-02	5.967753546e-12
-1.280000000e-02	3.556934271e+01	6.363521644e-02	7.911928667e-12
-1.290000000e-02	3.556934284e+01	6.327414415e-02	7.132126637e-12
-1.300000000e-02	3.556934298e+01	6.291307182e-02	8.349268910e-12
-1.310000000e-02	3.556934312e+01	6.255199943e-02	9.362399981e-12
-1.320000000e-02	3.556934326e+01	6.219092698e-02	1.016085273e-11
-1.330000000e-02	3.556934341e+01	6.182985448e-02	7.206458150e-12
-1.340000000e-02	3.556934356e+01	6.146878192e-02	5.779962986e-12
-1.350000000e-02	3.556934371e+01	6.110770931e-02	5.845523656e-12
-1.360000000e-02	3.556934387e+01	6.074663665e-02	4.044133556e-12
-1.370000000e-02	3.556934403e+01	6.038556393e-02	6.792127280e-12
-1.380000000e-02	3.556934419e+01	6.002449115e-02	9.461603836e-12
-1.390000000e-02	3.556934436e+01	5.966341832e-02	5.826476003e-12
-1.400000000e-02	3.556934453e+01	5.930234544e-02	5.591998536e-12
-1.410000000e-02	3.556934471e+01	5.894127250e-02	4.603195564e-12
-1.420000000e-02	3.556934489e+01	5.858019952e-02	1.477301468e-11
-1.430000000e-02	3.556934507e+01	5.821912647e-02	8.670486142e-12
-1.440000000e-02	3.556934525e+01	5.785805337e-02	6.491338420e-12
-1.450000000e-02	3.556934544e+01	5.749698022e-02	4.167331421e-12
-1.460000000e-02	3.556934564e+01	5.713590701e-02	1.008416016e-11
-1.470000000e-02	3.556934583e+01	5.677483375e-02	4.907108634e-12
-1.480000000e-02	3.556934603e+01	5.641376044e-02	8.746885274e-12
-1.490000000e-02	3.556934624e+01	5.605268708e-02	4.066819846e-12
-1.500000000e-02	3.556934645e+01	5.569161366e-02	6.941172427e-12
-1.510000000e-02	3.556934666e+01	5.533054018e-02	7.533761522e-12
-1.520000000e-02	3.556934687e+01	5.496946666e-02	3.707674072e-12
-1.530000000e-02	3.556934709e+01	5.460839308e-02	5.394232423e-12
-1.540000000e-02	3.556934731e+01	5.424731945e-02	6.247848532e-12
-1.550000000e-02	3.556934754e+01	5.388624577e-02	5.587422574e-12
-1.560000000e-02	3.556934777e+01	5.352517204e-02	1.045413607e-11
-1.570000000e-02	3.556934800e+01	5.316409825e-02	7.110530684e-12
-1.580000000e-02	3.556934824e+01	5.280302440e-02	7.477885856e-12
-1.590000000e-02	3.556934848e+01	5.244195051e-02	4.854314950e-12
-1.600000000e-02	3.556934872e+01	5.208087657e-02	1.047919259e-11
-1.610000000e-02	3.556934897e+01	5.171980258e-02	9.342664160e-12
-1.620000000e-02	3.556934922e+01	5.135872853e-02	7.185318900e-12
-1.630000000e-02	3.556934947e+01	5.099765443e-02	2.004246954e-12
-1.640000000e-02	3.556934973e+01	5.063658028e-02	5.949648260e-12
-1.650000000e-02	3.556935000e+01	5.027550608e-02	5.636476897e-12
-1.660000000e-02	3.556935026e+01	4.991443183e-02	5.191243099e-12
-1.670000000e-02	3.556935053e+01	4.955335752e-02	7.548048552e-12
-1.680000000e-02	3.556935080e+01	4.919228316e-02	7.176454928e-12
-1.690000000e-02	3.556935108e+01	4.883120876e-02	9.180849753e-12
-1.700000000e-02	3.556935136e+01	4.847013430e-02	7.527269221e-12
-1.710000000e-02	3.556935164e+01	4.810905979e-02	3.771880900e-12
-1.720000000e-02	3.556935193e+01	4.774798523e-02	6.089697003e-12
-1.730000000e-02	3.556935222e+01	4.738691063e-02	8.275513269e-12
-1.740000000e-02	3.556935252e+01	4.702583596e-02	1.190114777e-11
-1.750000000e-02	3.556935281e+01	4.666476126e-02	5.789230921e-12
-1.760000000e-02	3.556935312e+01	4.630368649e-02	8.593109873e-12
-1.770000000e-02	3.556935342e+01	4.594261168e-02	7.373856784e-12
-1.780000000e-02	3.556935373e+01	4.558153682e-02	7.083026053e-12
-1.790000000e-02	3.556935404e+01	4.522046191e-02	8.252165290e-12
-1.800000000e-02	3.556935436e+01	4.485938694e-02	7.601191688e-12
-1.810000000e-02	3.556935468e+01	4.449831193e-02	5.567763170e-12
-1.820000000e-02	3.556935500e+01	4.413723688e-02	6.421037924e-12
-1.830000000e-02	3.556935533e+01	4.377616176e-02	5.920144146e-12
-1.840000000e-02	3.556935566e+01	4.341508661e-02	7.555533356e-12
-1.850000000e-02	3.556935599e+01	4.305401140e-02	4.564945247e-12
-1.860000000e-02	3.556935633e+01	4.269293614e-02	4.254705125e-12
-1.870000000e-02	3.556935667e+01	4.233186083e-02	7.500235178e-12
-1.880000000e-02	3.556935702e+01	4.197078548e-02	2.941889283e-12
-1.890000000e-02	3.556935737e+01	4.160971007e-02	8.246950897e-12
-1.900000000e-02	3.556935772e+01	4.124863462e-02	4.749563399e-12
-1.910000000e-02	3.556935808e+01	4.088755912e-02	3.011506106e-12
-1.920000000e-02	3.556935844e+01	4.052648357e-02	1.229720045e-11
-1.930000000e-02	3.556935880e+01	4.016540796e-02	7.109595831e-12
-1.940000000e-02	3.556935917e+01	3.980433232e-02	6.329634171e-12
-1.950000000e-02	3.556935954e+01	3.944325663e-02	6.130624862e-12
-1.960000000e-02	3.556935991e+01	3.908218088e-02	5.015213781e-12
-1.970000000e-02	3.556936029e+01	3.872110509e-02	5.308098458e-12
-1.980000000e-02	3.556936067e+01	3.836002925e-02	6.416823338e-12
-1.990000000e-02	3.556936105e+01	3.799895337e-02	9.346739729e-12
-2.000000000e-02	3.556936144e+01	3.763787742e-02	5.911087029e-12
-2.010000000e-02	3.556936183e+01	3.727680144e-02	5.951143320e-12
-2.020000000e-02	3.556936223e+01	3.691572542e-02	7.459620329e-12
-2.030000000e-02	3.556936263e+01	3.655464934e-02	4.935902255e-12
-2.040000000e-02	3.556936303e+01	3.619357321e-02	4.271376850e-12
-2.050000000e-02	3.556936344e+01	3.583249704e-02	6.686702316e-12
-2.060000000e-02	3.556936385e+01	3.547142082e-02	5.610771660e-12
-2.070000000e-02	3.556936426e+01	3.511034455e-02	9.482201673e-12
-2.080000000e-02	3.556936468e+01	3.474926823e-02	7.727117586e-12
-2.090000000e-02	3.556936510e+01	3.438819188e-02	6.696899578e-12
-2.100000000e-02	3.556936553e+01	3.402711547e-02	2.316233060e-12
-2.110000000e-02	3.556936596e+01	3.366603902e-02	5.214925433e-12
-2.120000000e-02	3.556936639e+01	3.330496252e-02	5.637789058e-12
-2.130000000e-02	3.556936682e+01	3.294388598e-02	9.263694318e-12
-2.140000000e-02	3.556936726e+01	3.258280939e-02	8.738715961e-12
-2.150000000e-02	3.556936771e+01	3.222173274e-02	4.880475078e-12
-2.160000000e-02	3.556936815e+01	3.186065606e-02	8.970453680e-12
-2.170000000e-02	3.556936860e+01	3.149957933e-02	8.607563390e-12
-2.180000000e-02	3.556936906e+01	3.113850255e-02	9.253870948e-12
-2.190000000e-02	3.556936951e+01	3.077742574e-02	4.026058246e-12
-2.200000000e-02	3.556936997e+01	3.041634886e-02	1.281793834e-11
-2.210000000e-02	3.556937044e+01	3.005527195e-02	4.484831585e-12
-2.220000000e-02	3.556937091e+01	2.969419499e-02	8.670318197e-12
-2.230000000e-02	3.556937138e+01	2.933311800e-02	8.263287500e-12
-2.240000000e-02	3.556937185e+01	2.897204095e-02	5.823894752e-12
-2.250000000e-02	3.556937233e+01	2.861096386e-02	6.498069504e-12
-2.260000000e-02	3.556937282e+01	2.824988672e-02	4.378985874e-12
-2.270000000e-02	3.556937330e+01	2.788880953e-02	7.931667782e-12
-2.280000000e-02	3.556937379e+01	2.752773231e-02	5.032299288e-12
-2.290000000e-02	3.556937429e+01	2.716665504e-02	7.572890389e-12
-2.300000000e-02	3.556937478e+01	2.680557772e-02	4.495911046e-12
-2.310000000e-02	3.556937528e+01	2.644450036e-02	5.339556514e-12
-2.320000000e-02	3.556937579e+01	2.608342296e-02	8.243391396e-12
-2.330000000e-02	3.556937630e+01	2.572234551e-02	7.560254409e-12
-2.340000000e-02	3.556937681e+01	2.536126801e-02	6.331668575e-12
-2.350000000e-02	3.556937732e+01	2.500019047e-02	9.126880800e-12
-2.360000000e-02	3.556937784e+01	2.463911290e-02	7.369797351e-12
-2.370000000e-02	3.556937836e+01	2.427803527e-02	4.107181049e-12
-2.380000000e-02	3.556937889e+01	2.391695760e-02	1.184647416e-11
-2.390000000e-02	3.556937942e+01	2.355587988e-02	1.090285043e-11
-2.400000000e-02	3.556937995e+01	2.319480214e-02	9.044614606e-12
-2.410000000e-02	3.556938049e+01	2.283372433e-02	8.816679315e-12
-2.420000000e-02	3.556938103e+01	2.247264650e-02	9.110623780e-12
-2.430000000e-02	3.556938157e+01	2.211156861e-02	7.902797816e-12
-2.440000000e-02	3.556938212e+01	2.175049068e-02	5.601299257e-12
-2.450000000e-02	3.556938267e+01	2.138941271e-02	6.422721425e-12
-2.460000000e-02	3.556938323e+01	2.102833469e-02	1.020600318e-11
-2.470000000e-02	3.556938379e+01	2.066725664e-02	6.389642109e-12
-2.480000000e-02	3.556938435e+01	2.030617855e-02	1.248880880e-11
-2.490000000e-02	3.556938492e+01	1.994510040e-02	5.584905146e-12
-2.500000000e-02	3.556938548e+01	1.958402222e-02	7.673953913e-12
-2.510000000e-02	3.556938606e+01	1.922294399e-02	6.165246195e-12
-2.520000000e-02	3.556938663e+01	1.886186573e-02	5.510831535e-12
-2.530000000e-02	3.556938721e+01	1.850078742e-02	5.512659241e-12
-2.540000000e-02	3.556938780e+01	1.813970906e-02	7.762235306e-12
-2.550000000e-02	3.556938839e+01	1.777863067e-02	2.891627278e-12
-2.560000000e-02	3.556938898e+01	1.741755223e-02	7.592518934e-12
-2.570000000e-02	3.556938957e+01	1.705647376e-02	8.981997200e-12
-2.580000000e-02	3.556939017e+01	1.669539525e-02	3.580868562e-12
-2.590000000e-02	3.556939077e+01	1.633431669e-02	3.465934841e-12
-2.600000000e-02	3.556939138e+01	1.597323809e-02	6.278674527e-12
-2.610000000e-02	3.556939199e+01	1.561215945e-02	9.827194795e-12
-2.620000000e-02	3.556939260e+01	1.525108076e-02	7.848668007e-12
-2.630000000e-02	3.556939322e+01	1.489000204e-02	7.876041439e-12
-2.640000000e-02	3.556939384e+01	1.452892327e-02	1.074066569e-11
-2.650000000e-02	3.556939446e+01	1.416784447e-02	6.415473403e-12
-2.660000000e-02	3.556939509e+01	1.380676562e-02	4.833443027e-12
-2.670000000e-02	3.556939572e+01	1.344568673e-02	8.740204567e-12
-2.680000000e-02	3.556939635e+01	1.308460781e-02	9.910044843e-12
-2.690000000e-02	3.556939699e+01	1.272352884e-02	6.231766366e-12
-2.700000000e-02	3.556939763e+01	1.236244984e-02	7.142851647e-12
-2.710000000e-02	3.556939828e+01	1.200137079e-02	3.986780577e-12
-2.720000000e-02	3.556939893e+01	1.164029170e-02	4.169231459e-12
-2.730000000e-02	3.556939958e+01	1.127921257e-02	5.395340919e-12
-2.740000000e-02	3.556940024e+01	1.091813341e-02	6.131564153e-12
-2.750000000e-02	3.556940090e+01	1.055705421e-02	1.073815177e-11
-2.760000000e-02	3.556940156e+01	1.019597496e-02	7.286782782e-12
-2.770000000e-02	3.556940223e+01	9.834895673e-03	5.053164456e-12
-2.780000000e-02	3.556940290e+01	9.473816350e-03	6.932084320e-12
-2.790000000e-02	3.556940357e+01	9.112736986e-03	6.675616678e-12
-2.800000000e-02	3.556940425e+01	8.751657582e-03	3.011934127e-12
-2.810000000e-02	3.556940493e+01	8.390578141e-03	1.020909930e-11
-2.820000000e-02	3.556940562e+01	8.029498660e-03	8.267191891e-12
-2.830000000e-02	3.556940631e+01	7.668419140e-03	9.672690598e-12
-2.840000000e-02	3.556940700e+01	7.307339581e-03	3.251431458e-12
-2.850000000e-02	3.556940770e+01	6.946259988e-03	9.045035804e-12
-2.860000000e-02	3.556940840e+01	6.585180348e-03	8.873750991e-12
-2.870000000e-02	3.556940910e+01	6.224100676e-03	5.544948881e-12
-2.880000000e-02	3.556940981e+01	5.863020968e-03	8.368709527e-12
-2.890000000e-02	3.556941052e+01	5.501941212e-03	6.756180664e-12
-2.900000000e-02	3.556941123e+01	5.140861424e-03	8.284892098e-12
-2.910000000e-02	3.556941195e+01	4.779781597e-03	7.780097514e-12
-2.920000000e-02	3.556941267e+01	4.418701735e-03	4.455825395e-12
-2.930000000e-02	3.556941340e+01	4.057621839e-03	6.657164161e-12
-2.940000000e-02	3.556941412e+01	3.696541897e-03	2.437927655e-12
-2.950000000e-02	3.556941486e+01	3.335461925e-03	7.526376593e-12
-2.960000000e-02	3.556941559e+01	2.974381911e-03	6.516480494e-12
-2.970000000e-02	3.556941633e+01	2.613301854e-03	9.462681655e-12
-2.980000000e-02	3.556941708e+01	2.252221767e-03	5.377714053e-12
-2.990000000e-02	3.556941782e+01	1.891141648e-03	7.285118993e-12
-3.000000000e-02	3.556941857e+01	1.530061479e-03	7.447773294e-12
-3.010000000e-02	3.556941933e+01	1.168981289e-03	1.372635948e-11
-3.020000000e-02	3.556942008e+01	8.079010469e-04	4.869759811e-12
-3.030000000e-02	3.556942085e+01	4.468207793e-04	7.232358765e-12
-3.040000000e-02	3.556942161e+01	8.574046610e-05	1.006310379e-11
-3.050000000e-02	3.556942238e+01	-2.753398801e-04	4.700813819e-12
-3.060000000e-02	3.556942315e+01	-6.364202600e-04	2.581413189e-12
-3.070000000e-02	3.556942393e+01	-9.975006777e-04	4.069520039e-12
-3.080000000e-02	3.556942471e+01	-1.358581127e-03	6.646716916e-12
-3.090000000e-02	3.556942549e+01	-1.719661618e-03	5.277858238e-12
-3.100000000e-02	3.556942628e+01	-2.080742143e-03	6.744254653e-12
-3.110000000e-02	3.556942707e+01	-2.441822711e-03	8.747295028e-12
-3.120000000e-02	3.556942786e+01	-2.802903305e-03	6.045839801e-12
-3.130000000e-02	3.556942866e+01	-3.163983937e-03	5.382029714e-12
-3.140000000e-02	3.556942946e+01	-3.525064605e-03	4.990045385e-12
-3.150000000e-02	3.556943026e+01	-3.886145311e-03	8.796493730e-12
-3.160000000e-02	3.556943107e+01	-4.247226046e-03	1.607952676e-12
-3.170000000e-02	3.556943188e+01	-4.608306815e-03	7.382197142e-12
-3.180000000e-02	3.556943270e+01	-4.969387622e-03	9.983236442e-12
-3.190000000e-02	3.556943352e+01	-5.330468472e-03	4.423429953e-12
-3.200000000e-02	3.556943434e+01	-5.691549349e-03	4.358297394e-12
-3.210000000e-02	3.556943517e+01	-6.052630259e-03	5.028897636e-12
-3.220000000e-02	3.556943600e+01	-6.413711207e-03	8.111568606e-12
-3.230000000e-02	3.556943683e+01	-6.774792190e-03	5.444960851e-12
-3.240000000e-02	3.556943767e+01	-7.135873210e-03	5.597476358e-12
-3.250000000e-02	3.556943851e+01	-7.496954258e-03	6.005020804e-12
-3.260000000e-02	3.556943935e+01	-7.858035343e-03	2.417526745e-12
-3.270000000e-02	3.556944020e+01	-8.219116459e-03	8.384246509e-12
-3.280000000e-02	3.556944105e+01	-8.580197614e-03	8.137108141e-12
-3.290000000e-02	3.556944191e+01	-8.941278802e-03	6.098105290e-12
-3.300000000e-02	3.556944277e+01	-9.302360023e-03	6.380650270e-12
-3.310000000e-02	3.556944363e+01	-9.663441279e-03	9.899471581e-12
-3.320000000e-02	3.556944450e+01	-1.002452256e-02	4.776074720e-12
-3.330000000e-02	3.556944537e+01	-1.038560388e-02	4.993602510e-12
-3.340000000e-02	3.556944624e+01	-1.074668523e-02	8.159988242e-12
-3.350000000e-02	3.556944712e+01	-1.110776663e-02	1.134327310e-11
-3.360000000e-02	3.556944800e+01	-1.146884804e-02	5.440634402e-12
-3.370000000e-02	3.556944888e+01	-1.182992949e-02	5.319924220e-12
-3.380000000e-02	3.556944977e+01	-1.219101098e-02	5.392137445e-12
-3.390000000e-02	3.556945066e+01	-1.255209250e-02	6.320914171e-12
-3.400000000e-02	3.556945156e+01	-1.291317405e-02	8.249972906e-12
-3.410000000e-02	3.556945246e+01	-1.327425564e-02	6.850442253e-12
-3.420000000e-02	3.556945336e+01	-1.363533726e-02	6.452387325e-12
-3.430000000e-02	3.556945426e+01	-1.399641890e-02	5.486462400e-12
-3.440000000e-02	3.556945517e+01	-1.435750058e-02	8.304154851e-12
-3.450000000e-02	3.556945609e+01	-1.471858230e-02	2.964688477e-12
-3.460000000e-02	3.556945700e+01	-1.507966404e-02	8.977865961e-12
-3.470000000e-02	3.556945792e+01	-1.544074581e-02	5.066086420e-12
-3.480000000e-02	3.556945885e+01	-1.580182763e-02	8.513185916e-12
-3.490000000e-02	3.556945978e+01	-1.616290947e-02	7.104531310e-12
-3.500000000e-02	3.556946071e+01	-1.652399134e-02	8.618219085e-12
-3.510000000e-02	3.556946164e+01	-1.688507324e-02	4.125650976e-12
-3.520000000e-02	3.556946258e+01	-1.724615517e-02	5.434892871e-12
-3.530000000e-02	3.556946352e+01	-1.760723714e-02	3.565688258e-12
-3.540000000e-02	3.556946447e+01	-1.796831913e-02	7.058879589e-12
-3.550000000e-02	3.556946542e+01	-1.832940116e-02	2.863323166e-12
-3.560000000e-02	3.556946637e+01	-1.869048322e-02	7.276404349e-12
-3.570000000e-02	3.556946733e+01	-1.905156532e-02	7.686171974e-12
-3.580000000e-02	3.556946829e+01	-1.941264744e-02	5.910400495e-12
-3.590000000e-02	3.556946925e+01	-1.977372958e-02	7.337912605e-12
-3.600000000e-02	3.556947022e+01	-2.013481176e-02	5.670688689e-12
-3.610000000e-02	3.556947119e+01	-2.049589398e-02	9.476354793e-12
-3.620000000e-02	3.556947217e+01	-2.085697622e-02	8.806341214e-12
-3.630000000e-02	3.556947314e+01	-2.121805849e-02	5.739241746e-12
-3.640000000e-02	3.556947413e+01	-2.157914079e-02	8.403432952e-12
-3.650000000e-02	3.556947511e+01	-2.194022313e-02	7.391551764e-12
-3.660000000e-02	3.556947610e+01	-2.230130549e-02	7.862276396e-12
-3.670000000e-02	3.556947709e+01	-2.266238788e-02	7.603718010e-12
-3.680000000e-02	3.556947809e+01	-2.302347031e-02	6.966088153e-12
-3.690000000e-02	3.556947909e+01	-2.338455275e-02	7.173832357e-12
-3.700000000e-02	3.556948010e+01	-2.374563524e-02	1.046185960e-11
-3.710000000e-02	3.556948110e+01	-2.410671774e-02	8.933462685e-12
-3.720000000e-02	3.556948211e+01	-2.446780029e-02	5.081040484e-12
-3.730000000e-02	3.556948313e+01	-2.482888285e-02	6.859086012e-12
-3.740000000e-02	3.556948415e+01	-2.518996545e-02	8.695369649e-12
-3.750000000e-02	3.556948517e+01	-2.555104807e-02	7.241131395e-12
-3.760000000e-02	3.556948619e+01	-2.591213073e-02	7.097773941e-12
-3.770000000e-02	3.556948722e+01	-2.627321341e-02	4.432631886e-12
-3.780000000e-02	3.556948826e+01	-2.663429612e-02	8.116709575e-12
-3.790000000e-02	3.556948929e+01	-2.699537886e-02	6.682128441e-12
-3.800000000e-02	3.556949033e+01	-2.735646163e-02	6.692558472e-12
-3.810000000e-02	3.556949138e+01	-2.771754443e-02	5.045617398e-12
-3.820000000e-02	3.556949242e+01	-2.807862725e-02	4.401068196e-12
-3.830000000e-02	3.556949347e+01	-2.843971011e-02	8.016154745e-12
-3.840000000e-02	3.556949453e+01	-2.880079299e-02	7.517704282e-12
-3.850000000e-02	3.556949559e+01	-2.916187590e-02	8.118968041e-12
-3.860000000e-02	3.556949665e+01	-2.952295884e-02	7.457177398e-12
-3.870000000e-02	3.556949771e+01	-2.988404180e-02	4.463307862e-12
-3.880000000e-02	3.556949878e+01	-3.024512479e-02	7.391649694e-12
-3.890000000e-02	3.556949985e+01	-3.060620781e-02	7.128634788e-12
-3.900000000e-02	3.556950093e+01	-3.096729085e-02	7.595383105e-12
-3.910000000e-02	3.556950201e+01	-3.132837392e-02	6.874969736e-12
-3.920000000e-02	3.556950309e+01	-3.168945703e-02	6.151042057e-12
-3.930000000e-02	3.556950418e+01	-3.205054015e-02	8.838524835e-12
-3.940000000e-02	3.556950527e+01	-3.241162331e-02	1.014369120e-11
-3.950000000e-02	3.556950636e+01	-3.277270649e-02	6.710379822e-12
-3.960000000e-02	3.556950746e+01	-3.313378970e-02	7.686714548e-12
-3.970000000e-02	3.556950856e+01	-3.349487293e-02	7.935700749e-12
-3.980000000e-02	3.556950967e+01	-3.385595619e-02	8.432680852e-12
-3.990000000e-02	3.556951078e+01	-3.421703948e-02	7.588014259e-12
-4.000000000e-02	3.556951189e+01	-3.457812279e-02	8.636401163e-12
-4.010000000e-02	3.556951301e+01	-3.493920613e-02	6.167362727e-12
-4.020000000e-02	3.556951413e+01	-3.530028949e-02	5.989646501e-12
-4.030000000e-02	3.556951525e+01	-3.566137288e-02	7.071761134e-12
-4.040000000e-02	3.556951638e+01	-3.602245630e-02	7.871050354e-12
-4.050000000e-02	3.556951751e+01	-3.638353974e-02	5.448572486e-12
-4.060000000e-02	3.556951864e+01	-3.674462320e-02	1.141092237e-11
-4.070000000e-02	3.556951978e+01	-3.710570670e-02	5.571502442e-12
-4.080000000e-02	3.556952092e+01	-3.746679022e-02	5.422327161e-12
-4.090000000e-02	3.556952206e+01	-3.782787376e-02	2.536731833e-12
-4.100000000e-02	3.556952321e+01	-3.818895733e-02	7.532277407e-12
-4.110000000e-02	3.556952436e+01	-3.855004092e-02	5.420336891e-12
-4.120000000e-02	3.556952552e+01	-3.891112454e-02	6.249485515e-12
-4.130000000e-02	3.556952668e+01	-3.927220818e-02	6.566357059e-12
-4.140000000e-02	3.556952784e+01	-3.963329186e-02	5.031412473e-12
-4.150000000e-02	3.556952901e+01	-3.999437554e-02	8.748510368e-12
-4.160000000e-02	3.556953018e+01	-4.035545927e-02	8.701229837e-12
-4.170000000e-02	3.556953135e+01	-4.071654300e-02	5.436660579e-12
-4.180000000e-02	3.556953253e+01	-4.107762677e-02	8.981509672e-12
-4.190000000e-02	3.556953371e+01	-4.143871056e-02	3.936886088e-12
-4.200000000e-02	3.556953490e+01	-4.179979438e-02	7.111468011e-12
-4.210000000e-02	3.556953608e+01	-4.216087821e-02	8.441629591e-12
-4.220000000e-02	3.556953728e+01	-4.252196207e-02	8.479607879e-12
-4.230000000e-02	3.556953847e+01	-4.288304596e-02	4.618484398e-12
-4.240000000e-02	3.556953967e+01	-4.324412987e-02	4.045800186e-12
-4.250000000e-02	3.556954087e+01	-4.360521380e-02	5.115017611e-12
-4.260000000e-02	3.556954208e+01	-4.396629776e-02	5.162111238e-12
-4.270000000e-02	3.556954329e+01	-4.432738173e-02	7.109660931e-12
-4.280000000e-02	3.556954450e+01	-4.468846574e-02	8.429308124e-12
-4.290000000e-02	3.556954572e+01	-4.504954976e-02	5.146107316e-12
-4.300000000e-02	3.556954694e+01	-4.541063381e-02	5.976905863e-12
-4.310000000e-02	3.556954817e+01	-4.577171788e-02	5.448896427e-12
-4.320000000e-02	3.556954939e+01	-4.613280198e-02	6.240778399e-12
-4.330000000e-02	3.556955063e+01	-4.649388609e-02	6.933822251e-12
-4.340000000e-02	3.556955186e+01	-4.685497023e-02	7.398712026e-12
-4.350000000e-02	3.556955310e+01	-4.721605439e-02	7.360315999e-12
-4.360000000e-02	3.556955434e+01	-4.757713857e-02	5.932097763e-12
-4.370000000e-02	3.556955559e+01	-4.793822278e-02	4.455145385e-12
-4.380000000e-02	3.556955684e+01	-4.829930700e-02	5.590885382e-12
-4.390000000e-02	3.556955809e+01	-4.866039125e-02	4.599194803e-12
-4.400000000e-02	3.556955935e+01	-4.902147552e-02	4.903569069e-12
-4.410000000e-02	3.556956061e+01	-4.938255982e-02	7.164601153e-12
-4.420000000e-02	3.556956187e+01	-4.974364414e-02	2.836920152e-12
-4.430000000e-02	3.556956314e+01	-5.010472847e-02	7.869936565e-12
-4.440000000e-02	3.556956441e+01	-5.046581283e-02	4.920061695e-12
-4.450000000e-02	3.556956569e+01	-5.082689721e-02	5.098643052e-12
-4.460000000e-02	3.556956697e+01	-5.118798161e-02	5.853092502e-12
-4.470000000e-02	3.556956825e+01	-5.154906603e-02	7.338910699e-12
-4.480000000e-02	3.556956954e+01	-5.191015048e-02	9.362330447e-12
-4.490000000e-02	3.556957083e+01	-5.227123494e-02	5.694741028e-12
-4.500000000e-02	3.556957212e+01	-5.263231942e-02	5.869080376e-12
-4.510000000e-02	3.556957342e+01	-5.299340393e-02	1.446007254e-12
-4.520000000e-02	3.556957472e+01	-5.335448845e-02	6.005343807e-12
-4.530000000e-02	3.556957602e+01	-5.371557299e-02	6.825742606e-12
-4.540000000e-02	3.556957733e+01	-5.407665757e-02	7.239301455e-12
-4.550000000e-02	3.556957864e+01	-5.443774215e-02	6.179360157e-12
-4.560000000e-02	3.556957996e+01	-5.479882676e-02	4.004954764e-12
-4.570000000e-02	3.556958127e+01	-5.515991138e-02	6.701450873e-12
-4.580000000e-02	3.556958260e+01	-5.552099603e-02	6.500120404e-12
-4.590000000e-02	3.556958392e+01	-5.588208070e-02	6.064752410e-12
-4.600000000e-02	3.556958525e+01	-5.624316539e-02	5.851034755e-12
-4.610000000e-02	3.556958658e+01	-5.660425009e-02	1.147503242e-11
-4.620000000e-02	3.556958792e+01	-5.696533481e-02	1.068959484e-11
-4.630000000e-02	3.556958926e+01	-5.732641956e-02	4.952843480e-12
-4.640000000e-02	3.556959061e+01	-5.768750433e-02	8.116002124e-12
-4.650000000e-02	3.556959195e+01	-5.804858911e-02	6.094078021e-12
-4.660000000e-02	3.556959330e+01	-5.840967391e-02	7.507187339e-12
-4.670000000e-02	3.556959466e+01	-5.877075874e-02	6.003494225e-12
-4.680000000e-02	3.556959602e+01	-5.913184358e-02	7.464982230e-12
-4.690000000e-02	3.556959738e+01	-5.949292843e-02	3.506818390e-12
-4.700000000e-02	3.556959874e+01	-5.985401331e-02	6.286562308e-12
-4.710000000e-02	3.556960011e+01	-6.021509821e-02	8.358692793e-12
-4.720000000e-02	3.556960149e+01	-6.057618312e-02	6.093976510e-12
-4.730000000e-02	3.556960286e+01	-6.093726805e-02	6.593934704e-12
-4.740000000e-02	3.556960424e+01	-6.129835300e-02	9.127026429e-12
-4.750000000e-02	3.556960563e+01	-6.165943797e-02	6.297283521e-12
-4.760000000e-02	3.556960701e+01	-6.202052296e-02	7.496498849e-12
-4.770000000e-02	3.556960841e+01	-6.238160796e-02	6.961547670e-12
-4.780000000e-02	3.556960980e+01	-6.274269299e-02	4.890679626e-12
-4.790000000e-02	3.556961120e+01	-6.310377803e-02	6.214167226e-12
-4.800000000e-02	3.556961260e+01	-6.346486309e-02	7.443825337e-12
-4.810000000e-02	3.556961401e+01	-6.382594817e-02	5.632116408e-12
-4.820000000e-02	3.556961541e+01	-6.418703326e-02	6.472233595e-12
-4.830000000e-02	3.556961683e+01	-6.454811837e-02	5.910300568e-12
-4.840000000e-02	3.556961824e+01	-6.490920350e-02	4.456152297e-12
-4.850000000e-02	3.556961966e+01	-6.527028864e-02	3.838530247e-12
-4.860000000e-02	3.556962109e+01	-6.563137380e-02	4.718225894e-12
-4.870000000e-02	3.556962251e+01	-6.599245898e-02	4.760077759e-12
-4.880000000e-02	3.556962395e+01	-6.635354417e-02	1.007487483e-11
-4.890000000e-02	3.556962538e+01	-6.671462939e-02	5.874366947e-12
-4.900000000e-02	3.556962682e+01	-6.707571462e-02	9.286407848e-12
-4.910000000e-02	3.556962826e+01	-6.743679986e-02	6.664708488e-12
-4.920000000e-02	3.556962970e+01	-6.779788512e-02	8.579870012e-12
-4.930000000e-02	3.556963115e+01	-6.815897039e-02	5.088464289e-12
-4.940000000e-02	3.556963261e+01	-6.852005569e-02	7.136126003e-12
-4.950000000e-02	3.556963406e+01	-6.888114100e-02	4.617333247e-12
-4.960000000e-02	3.556963552e+01	-6.924222632e-02	4.443209252e-12
-4.970000000e-02	3.556963699e+01	-6.960331167e-02	7.113452819e-12
-4.980000000e-02	3.556963845e+01	-6.996439702e-02	5.935213745e-12
-4.990000000e-02	3.556963992e+01	-7.032548240e-02	8.376538546e-12
-5.000000000e-02	3.556964140e+01	-7.068656777e-02	8.010398990e-12
