# epsi_ci     Re(Lambda)      Im(Lambda)      Eq(det), R = 0.10 $\mu$m, $E_p$ = 0.900 eV, modo = 3, $\epsilon_\infty$ = 3.9, $\gamma_{DL}$ = 0.01 eV, solve_det_sinkz_vs_mu.py
0.000000000e+00	2.206223490e+00	1.857184562e-02	5.630159010e-17
-5.000000000e-04	2.206226282e+00	1.838593947e-02	3.297501041e-17
-1.000000000e-03	2.206229090e+00	1.820003327e-02	3.210371965e-17
-1.500000000e-03	2.206231913e+00	1.801412707e-02	4.201140379e-17
-2.000000000e-03	2.206234752e+00	1.782822084e-02	4.768049549e-17
-2.500000000e-03	2.206237606e+00	1.764231460e-02	4.236013521e-17
-3.000000000e-03	2.206240476e+00	1.745640835e-02	2.778254592e-17
-3.500000000e-03	2.206243362e+00	1.727050210e-02	1.825915039e-17
-4.000000000e-03	2.206246263e+00	1.708459585e-02	2.732872547e-17
-4.500000000e-03	2.206249180e+00	1.689868960e-02	2.949148204e-17
-5.000000000e-03	2.206252112e+00	1.671278336e-02	4.813813000e-17
-5.500000000e-03	2.206255060e+00	1.652687712e-02	3.279315858e-17
-6.000000000e-03	2.206258023e+00	1.634097091e-02	4.033626485e-17
-6.500000000e-03	2.206261003e+00	1.615506471e-02	4.698151816e-17
-7.000000000e-03	2.206263997e+00	1.596915853e-02	3.344363089e-17
-7.500000000e-03	2.206267008e+00	1.578325238e-02	2.780334009e-17
-8.000000000e-03	2.206270034e+00	1.559734626e-02	4.090031830e-17
-8.500000000e-03	2.206273075e+00	1.541144017e-02	2.509965585e-17
-9.000000000e-03	2.206276132e+00	1.522553413e-02	2.351867546e-17
-9.500000000e-03	2.206279205e+00	1.503962813e-02	3.218182450e-17
-1.000000000e-02	2.206282293e+00	1.485372216e-02	2.286159450e-17
-1.050000000e-02	2.206285397e+00	1.466781625e-02	5.169157091e-17
-1.100000000e-02	2.206288517e+00	1.448191040e-02	3.810274980e-17
-1.150000000e-02	2.206291652e+00	1.429600460e-02	3.840177637e-17
-1.200000000e-02	2.206294802e+00	1.411009886e-02	1.690669190e-17
-1.250000000e-02	2.206297969e+00	1.392419320e-02	4.089427200e-17
-1.300000000e-02	2.206301151e+00	1.373828759e-02	2.687197901e-17
-1.350000000e-02	2.206304348e+00	1.355238207e-02	3.054666728e-17
-1.400000000e-02	2.206307561e+00	1.336647661e-02	2.965209016e-17
-1.450000000e-02	2.206310790e+00	1.318057124e-02	4.799799378e-17
-1.500000000e-02	2.206314034e+00	1.299466596e-02	2.908444323e-17
-1.550000000e-02	2.206317294e+00	1.280876077e-02	3.920923262e-17
-1.600000000e-02	2.206320570e+00	1.262285566e-02	2.276257036e-17
-1.650000000e-02	2.206323861e+00	1.243695066e-02	5.178326288e-17
-1.700000000e-02	2.206327167e+00	1.225104575e-02	4.007614724e-17
-1.750000000e-02	2.206330490e+00	1.206514095e-02	5.873311423e-17
-1.800000000e-02	2.206333827e+00	1.187923625e-02	2.183512039e-17
-1.850000000e-02	2.206337181e+00	1.169333167e-02	4.510023166e-17
-1.900000000e-02	2.206340550e+00	1.150742720e-02	3.484077348e-17
-1.950000000e-02	2.206343935e+00	1.132152286e-02	2.644502893e-17
-2.000000000e-02	2.206347335e+00	1.113561864e-02	1.991518546e-17
-2.050000000e-02	2.206350751e+00	1.094971455e-02	3.217551531e-17
-2.100000000e-02	2.206354182e+00	1.076381059e-02	4.001516927e-17
-2.150000000e-02	2.206357629e+00	1.057790676e-02	1.859690869e-17
-2.200000000e-02	2.206361092e+00	1.039200308e-02	1.660333268e-17
-2.250000000e-02	2.206364570e+00	1.020609954e-02	3.286461916e-17
-2.300000000e-02	2.206368064e+00	1.002019615e-02	4.027958119e-17
-2.350000000e-02	2.206371573e+00	9.834292900e-03	2.556028047e-17
-2.400000000e-02	2.206375098e+00	9.648389811e-03	1.983208619e-17
-2.450000000e-02	2.206378639e+00	9.462486883e-03	2.190535066e-17
-2.500000000e-02	2.206382195e+00	9.276584117e-03	2.720204966e-17
-2.550000000e-02	2.206385767e+00	9.090681515e-03	4.504864450e-17
-2.600000000e-02	2.206389355e+00	8.904779089e-03	3.812769975e-17
-2.650000000e-02	2.206392958e+00	8.718876841e-03	1.778897025e-17
-2.700000000e-02	2.206396576e+00	8.532974764e-03	2.246917936e-17
-2.750000000e-02	2.206400210e+00	8.347072873e-03	1.902724849e-17
-2.800000000e-02	2.206403860e+00	8.161171174e-03	4.995678340e-17
-2.850000000e-02	2.206407525e+00	7.975269657e-03	3.468080796e-17
-2.900000000e-02	2.206411206e+00	7.789368336e-03	3.273780888e-17
-2.950000000e-02	2.206414903e+00	7.603467211e-03	2.989180293e-17
-3.000000000e-02	2.206418615e+00	7.417566292e-03	3.464680490e-17
-3.050000000e-02	2.206422343e+00	7.231665582e-03	3.660884869e-17
-3.100000000e-02	2.206426086e+00	7.045765076e-03	3.141434876e-17
-3.150000000e-02	2.206429845e+00	6.859864784e-03	4.251884560e-17
-3.200000000e-02	2.206433620e+00	6.673964712e-03	3.540585796e-17
-3.250000000e-02	2.206437410e+00	6.488064864e-03	3.312850828e-17
-3.300000000e-02	2.206441216e+00	6.302165240e-03	4.758716148e-17
-3.350000000e-02	2.206445037e+00	6.116265841e-03	3.320494879e-17
-3.400000000e-02	2.206448874e+00	5.930366679e-03	3.246273062e-17
-3.450000000e-02	2.206452727e+00	5.744467751e-03	1.937814504e-17
-3.500000000e-02	2.206456595e+00	5.558569067e-03	2.431681170e-17
-3.550000000e-02	2.206460478e+00	5.372670628e-03	1.863086971e-17
-3.600000000e-02	2.206464378e+00	5.186772436e-03	2.269831983e-17
-3.650000000e-02	2.206468293e+00	5.000874499e-03	3.587053523e-17
-3.700000000e-02	2.206472223e+00	4.814976824e-03	4.288934581e-17
-3.750000000e-02	2.206476169e+00	4.629079395e-03	4.450079676e-17
-3.800000000e-02	2.206480131e+00	4.443182239e-03	5.029566036e-17
-3.850000000e-02	2.206484108e+00	4.257285352e-03	4.834668416e-17
-3.900000000e-02	2.206488101e+00	4.071388742e-03	5.274463767e-17
-3.950000000e-02	2.206492110e+00	3.885492400e-03	4.015923321e-17
-4.000000000e-02	2.206496134e+00	3.699596351e-03	5.464729086e-17
-4.050000000e-02	2.206500173e+00	3.513700569e-03	2.752824984e-17
-4.100000000e-02	2.206504228e+00	3.327805084e-03	3.246313090e-17
-4.150000000e-02	2.206508299e+00	3.141909894e-03	4.636971342e-17
-4.200000000e-02	2.206512386e+00	2.956014992e-03	2.950830183e-17
-4.250000000e-02	2.206516488e+00	2.770120391e-03	3.342827707e-17
-4.300000000e-02	2.206520605e+00	2.584226095e-03	2.623816876e-17
-4.350000000e-02	2.206524739e+00	2.398332108e-03	3.106053079e-17
-4.400000000e-02	2.206528887e+00	2.212438430e-03	3.054597306e-17
-4.450000000e-02	2.206533052e+00	2.026545071e-03	2.894234869e-17
-4.500000000e-02	2.206537232e+00	1.840652029e-03	3.390150923e-17
-4.550000000e-02	2.206541427e+00	1.654759312e-03	4.613909910e-17
-4.600000000e-02	2.206545639e+00	1.468866920e-03	4.471436757e-17
-4.650000000e-02	2.206549865e+00	1.282974852e-03	4.055506353e-17
-4.700000000e-02	2.206554108e+00	1.097083128e-03	2.906932423e-17
-4.750000000e-02	2.206558366e+00	9.111917391e-04	3.124422985e-17
-4.800000000e-02	2.206562639e+00	7.253006975e-04	2.840015986e-17
-4.850000000e-02	2.206566928e+00	5.394099958e-04	3.789201577e-17
-4.900000000e-02	2.206571233e+00	3.535196488e-04	2.166838539e-17
-4.950000000e-02	2.206575553e+00	1.676296508e-04	4.497568174e-17
-5.000000000e-02	2.206579889e+00	-1.825998108e-05	3.296995387e-17
-5.050000000e-02	2.206584241e+00	-2.041492539e-04	1.484456729e-17
-5.100000000e-02	2.206588608e+00	-3.900381626e-04	2.422351358e-17
-5.150000000e-02	2.206592990e+00	-5.759267038e-04	3.862289578e-17
-5.200000000e-02	2.206597389e+00	-7.618148626e-04	3.185100574e-17
-5.250000000e-02	2.206601803e+00	-9.477026524e-04	1.415500364e-17
-5.300000000e-02	2.206606232e+00	-1.133590052e-03	4.669061443e-17
-5.350000000e-02	2.206610677e+00	-1.319477080e-03	5.005847217e-17
-5.400000000e-02	2.206615138e+00	-1.505363702e-03	4.047376409e-17
-5.450000000e-02	2.206619614e+00	-1.691249948e-03	5.755077017e-17
-5.500000000e-02	2.206624106e+00	-1.877135783e-03	3.260767322e-17
-5.550000000e-02	2.206628613e+00	-2.063021217e-03	4.934397335e-17
-5.600000000e-02	2.206633136e+00	-2.248906253e-03	4.428465944e-17
-5.650000000e-02	2.206637675e+00	-2.434790880e-03	3.733284360e-17
-5.700000000e-02	2.206642229e+00	-2.620675090e-03	2.794682279e-17
-5.750000000e-02	2.206646799e+00	-2.806558887e-03	4.335364980e-17
-5.800000000e-02	2.206651384e+00	-2.992442260e-03	1.316427797e-17
-5.850000000e-02	2.206655985e+00	-3.178325213e-03	3.384015233e-17
-5.900000000e-02	2.206660601e+00	-3.364207732e-03	3.441053655e-17
-5.950000000e-02	2.206665233e+00	-3.550089820e-03	3.258942513e-17
-6.000000000e-02	2.206669881e+00	-3.735971472e-03	4.207919864e-17
-6.050000000e-02	2.206674544e+00	-3.921852689e-03	3.049006015e-17
-6.100000000e-02	2.206679223e+00	-4.107733456e-03	2.620413441e-17
-6.150000000e-02	2.206683918e+00	-4.293613780e-03	1.554550985e-17
-6.200000000e-02	2.206688628e+00	-4.479493647e-03	2.629064461e-17
-6.250000000e-02	2.206693353e+00	-4.665373065e-03	4.271570331e-17
-6.300000000e-02	2.206698095e+00	-4.851252018e-03	2.668486508e-17
-6.350000000e-02	2.206702851e+00	-5.037130504e-03	3.249990774e-17
-6.400000000e-02	2.206707624e+00	-5.223008528e-03	3.090369892e-17
-6.450000000e-02	2.206712412e+00	-5.408886080e-03	2.685961497e-17
-6.500000000e-02	2.206717215e+00	-5.594763156e-03	4.540161031e-17
-6.550000000e-02	2.206722034e+00	-5.780639755e-03	2.903711153e-17
-6.600000000e-02	2.206726869e+00	-5.966515873e-03	4.160651593e-17
-6.650000000e-02	2.206731719e+00	-6.152391502e-03	3.953202283e-17
-6.700000000e-02	2.206736585e+00	-6.338266644e-03	5.092659665e-17
-6.750000000e-02	2.206741467e+00	-6.524141285e-03	3.604392809e-17
-6.800000000e-02	2.206746364e+00	-6.710015428e-03	2.991396813e-17
-6.850000000e-02	2.206751277e+00	-6.895889065e-03	4.107003391e-17
-6.900000000e-02	2.206756205e+00	-7.081762199e-03	4.880478827e-17
-6.950000000e-02	2.206761149e+00	-7.267634831e-03	3.756784048e-17
-7.000000000e-02	2.206766108e+00	-7.453506942e-03	4.471472803e-17
-7.050000000e-02	2.206771083e+00	-7.639378532e-03	4.260994041e-17
-7.100000000e-02	2.206776074e+00	-7.825249600e-03	3.783978273e-17
-7.150000000e-02	2.206781080e+00	-8.011120153e-03	3.578718029e-17
-7.200000000e-02	2.206786101e+00	-8.196990162e-03	5.331518051e-17
-7.250000000e-02	2.206791139e+00	-8.382859643e-03	4.384326657e-17
-7.300000000e-02	2.206796192e+00	-8.568728595e-03	3.382989761e-17
-7.350000000e-02	2.206801260e+00	-8.754596994e-03	1.698351837e-17
-7.400000000e-02	2.206806344e+00	-8.940464850e-03	3.940482860e-17
-7.450000000e-02	2.206811444e+00	-9.126332156e-03	4.627783603e-17
-7.500000000e-02	2.206816559e+00	-9.312198914e-03	2.931661627e-17
-7.550000000e-02	2.206821690e+00	-9.498065113e-03	5.202135892e-17
-7.600000000e-02	2.206826836e+00	-9.683930755e-03	3.328280611e-17
-7.650000000e-02	2.206831998e+00	-9.869795825e-03	4.184240025e-17
-7.700000000e-02	2.206837176e+00	-1.005566033e-02	5.235273273e-17
-7.750000000e-02	2.206842369e+00	-1.024152426e-02	2.796932731e-17
-7.800000000e-02	2.206847578e+00	-1.042738761e-02	4.873743469e-17
-7.850000000e-02	2.206852802e+00	-1.061325039e-02	2.744613487e-17
-7.900000000e-02	2.206858042e+00	-1.079911258e-02	2.332409289e-17
-7.950000000e-02	2.206863297e+00	-1.098497418e-02	3.172284831e-17
-8.000000000e-02	2.206868568e+00	-1.117083519e-02	1.933169587e-17
-8.050000000e-02	2.206873855e+00	-1.135669561e-02	3.435239852e-17
-8.100000000e-02	2.206879157e+00	-1.154255543e-02	3.553635214e-17
-8.150000000e-02	2.206884475e+00	-1.172841464e-02	2.952964538e-17
-8.200000000e-02	2.206889808e+00	-1.191427324e-02	3.368176345e-17
-8.250000000e-02	2.206895157e+00	-1.210013123e-02	2.675498010e-17
-8.300000000e-02	2.206900521e+00	-1.228598861e-02	2.745120550e-17
-8.350000000e-02	2.206905902e+00	-1.247184536e-02	2.767378840e-17
-8.400000000e-02	2.206911297e+00	-1.265770150e-02	4.172323070e-17
-8.450000000e-02	2.206916708e+00	-1.284355700e-02	3.299838187e-17
-8.500000000e-02	2.206922135e+00	-1.302941188e-02	4.793135911e-17
-8.550000000e-02	2.206927578e+00	-1.321526612e-02	3.501941798e-17
-8.600000000e-02	2.206933036e+00	-1.340111973e-02	3.780433108e-17
-8.650000000e-02	2.206938509e+00	-1.358697268e-02	2.045877469e-17
-8.700000000e-02	2.206943998e+00	-1.377282500e-02	2.617428817e-17
-8.750000000e-02	2.206949503e+00	-1.395867665e-02	4.573462792e-17
-8.800000000e-02	2.206955023e+00	-1.414452767e-02	6.558275339e-17
-8.850000000e-02	2.206960559e+00	-1.433037802e-02	4.516625284e-17
-8.900000000e-02	2.206966110e+00	-1.451622770e-02	2.472980391e-17
-8.950000000e-02	2.206971677e+00	-1.470207672e-02	5.685525253e-17
-9.000000000e-02	2.206977260e+00	-1.488792508e-02	3.823399116e-17
-9.050000000e-02	2.206982858e+00	-1.507377275e-02	4.136535549e-17
-9.100000000e-02	2.206988472e+00	-1.525961975e-02	1.299209428e-17
-9.150000000e-02	2.206994101e+00	-1.544546608e-02	2.151974701e-17
-9.200000000e-02	2.206999746e+00	-1.563131170e-02	3.080072484e-17
-9.250000000e-02	2.207005406e+00	-1.581715666e-02	4.658586134e-17
-9.300000000e-02	2.207011082e+00	-1.600300090e-02	1.966784047e-17
-9.350000000e-02	2.207016774e+00	-1.618884446e-02	3.308552084e-17
-9.400000000e-02	2.207022481e+00	-1.637468730e-02	4.422314456e-17
-9.450000000e-02	2.207028204e+00	-1.656052946e-02	1.479040155e-17
-9.500000000e-02	2.207033942e+00	-1.674637089e-02	3.215726922e-17
-9.550000000e-02	2.207039696e+00	-1.693221162e-02	3.847196020e-17
-9.600000000e-02	2.207045465e+00	-1.711805163e-02	3.454290220e-17
-9.650000000e-02	2.207051250e+00	-1.730389092e-02	4.930469083e-17
-9.700000000e-02	2.207057051e+00	-1.748972948e-02	1.355383928e-17
-9.750000000e-02	2.207062867e+00	-1.767556732e-02	2.637716662e-17
-9.800000000e-02	2.207068699e+00	-1.786140442e-02	3.487742573e-17
-9.850000000e-02	2.207074546e+00	-1.804724079e-02	3.957532205e-17
-9.900000000e-02	2.207080409e+00	-1.823307642e-02	3.839773266e-17
-9.950000000e-02	2.207086287e+00	-1.841891131e-02	2.684148505e-17
-1.000000000e-01	2.207092181e+00	-1.860474545e-02	3.072827091e-17
-1.005000000e-01	2.207098091e+00	-1.879057883e-02	3.156194712e-17
-1.010000000e-01	2.207104016e+00	-1.897641146e-02	1.887879594e-17
-1.015000000e-01	2.207109957e+00	-1.916224333e-02	2.396979461e-17
-1.020000000e-01	2.207115913e+00	-1.934807444e-02	5.005366477e-17
-1.025000000e-01	2.207121885e+00	-1.953390477e-02	3.620586107e-17
-1.030000000e-01	2.207127872e+00	-1.971973435e-02	3.123263279e-17
-1.035000000e-01	2.207133875e+00	-1.990556315e-02	5.518122206e-17
-1.040000000e-01	2.207139894e+00	-2.009139116e-02	4.327111159e-17
-1.045000000e-01	2.207145928e+00	-2.027721839e-02	4.017944761e-17
-1.050000000e-01	2.207151977e+00	-2.046304484e-02	4.398903633e-17
-1.055000000e-01	2.207158043e+00	-2.064887049e-02	2.921310026e-17
-1.060000000e-01	2.207164123e+00	-2.083469535e-02	3.364916744e-17
-1.065000000e-01	2.207170220e+00	-2.102051942e-02	2.498920692e-17
-1.070000000e-01	2.207176332e+00	-2.120634268e-02	4.195817563e-17
-1.075000000e-01	2.207182459e+00	-2.139216513e-02	2.807489799e-17
-1.080000000e-01	2.207188602e+00	-2.157798678e-02	3.024622884e-17
-1.085000000e-01	2.207194761e+00	-2.176380761e-02	4.858971241e-17
-1.090000000e-01	2.207200935e+00	-2.194962763e-02	2.121861591e-17
-1.095000000e-01	2.207207125e+00	-2.213544682e-02	3.659788242e-17
-1.100000000e-01	2.207213330e+00	-2.232126519e-02	3.075169319e-17
-1.105000000e-01	2.207219551e+00	-2.250708272e-02	2.302035634e-17
-1.110000000e-01	2.207225787e+00	-2.269289943e-02	2.098679174e-17
-1.115000000e-01	2.207232039e+00	-2.287871529e-02	1.843017073e-17
-1.120000000e-01	2.207238307e+00	-2.306453032e-02	3.811324300e-17
-1.125000000e-01	2.207244590e+00	-2.325034450e-02	4.264360420e-17
-1.130000000e-01	2.207250888e+00	-2.343615784e-02	2.245907013e-17
-1.135000000e-01	2.207257202e+00	-2.362197031e-02	3.370657708e-17
-1.140000000e-01	2.207263532e+00	-2.380778194e-02	3.004329177e-17
-1.145000000e-01	2.207269878e+00	-2.399359270e-02	3.348521933e-17
-1.150000000e-01	2.207276238e+00	-2.417940260e-02	2.945695283e-17
-1.155000000e-01	2.207282615e+00	-2.436521163e-02	2.094387866e-17
-1.160000000e-01	2.207289007e+00	-2.455101979e-02	1.091361309e-17
-1.165000000e-01	2.207295414e+00	-2.473682708e-02	1.738815946e-17
-1.170000000e-01	2.207301838e+00	-2.492263348e-02	3.816106442e-17
-1.175000000e-01	2.207308276e+00	-2.510843900e-02	3.801491543e-17
-1.180000000e-01	2.207314730e+00	-2.529424363e-02	4.874847893e-17
-1.185000000e-01	2.207321200e+00	-2.548004737e-02	2.948490896e-17
-1.190000000e-01	2.207327686e+00	-2.566585022e-02	6.791533617e-17
-1.195000000e-01	2.207334186e+00	-2.585165216e-02	5.053295601e-17
-1.200000000e-01	2.207340703e+00	-2.603745320e-02	4.271150679e-17
-1.205000000e-01	2.207347235e+00	-2.622325334e-02	3.322416756e-17
-1.210000000e-01	2.207353782e+00	-2.640905257e-02	2.126897203e-17
-1.215000000e-01	2.207360346e+00	-2.659485088e-02	2.513128223e-17
-1.220000000e-01	2.207366924e+00	-2.678064827e-02	2.137881970e-17
-1.225000000e-01	2.207373518e+00	-2.696644474e-02	1.496158906e-17
-1.230000000e-01	2.207380128e+00	-2.715224028e-02	1.759123013e-17
-1.235000000e-01	2.207386753e+00	-2.733803490e-02	2.588309135e-17
-1.240000000e-01	2.207393394e+00	-2.752382858e-02	3.566786214e-17
-1.245000000e-01	2.207400051e+00	-2.770962132e-02	4.496511897e-17
-1.250000000e-01	2.207406723e+00	-2.789541312e-02	3.531369102e-17
-1.255000000e-01	2.207413410e+00	-2.808120397e-02	2.574921358e-17
-1.260000000e-01	2.207420113e+00	-2.826699387e-02	3.471669104e-17
-1.265000000e-01	2.207426832e+00	-2.845278283e-02	4.304018390e-17
-1.270000000e-01	2.207433566e+00	-2.863857081e-02	4.112893902e-17
-1.275000000e-01	2.207440316e+00	-2.882435785e-02	1.942586459e-17
-1.280000000e-01	2.207447081e+00	-2.901014391e-02	3.485641817e-17
-1.285000000e-01	2.207453862e+00	-2.919592901e-02	1.317777029e-17
-1.290000000e-01	2.207460658e+00	-2.938171314e-02	1.926135264e-17
-1.295000000e-01	2.207467470e+00	-2.956749629e-02	3.215789907e-17
-1.300000000e-01	2.207474298e+00	-2.975327845e-02	4.224030806e-17
-1.305000000e-01	2.207481141e+00	-2.993905964e-02	4.420267628e-17
-1.310000000e-01	2.207487999e+00	-3.012483983e-02	4.361817075e-17
-1.315000000e-01	2.207494873e+00	-3.031061903e-02	4.576548918e-17
-1.320000000e-01	2.207501763e+00	-3.049639724e-02	6.140449443e-18
-1.325000000e-01	2.207508668e+00	-3.068217445e-02	2.770448976e-17
-1.330000000e-01	2.207515589e+00	-3.086795065e-02	4.049191469e-17
-1.335000000e-01	2.207522525e+00	-3.105372584e-02	2.714114137e-17
-1.340000000e-01	2.207529477e+00	-3.123950003e-02	3.064307670e-17
-1.345000000e-01	2.207536444e+00	-3.142527320e-02	2.400749494e-17
-1.350000000e-01	2.207543427e+00	-3.161104534e-02	2.557892657e-17
-1.355000000e-01	2.207550426e+00	-3.179681647e-02	3.641757059e-17
-1.360000000e-01	2.207557440e+00	-3.198258656e-02	4.075681592e-17
-1.365000000e-01	2.207564469e+00	-3.216835564e-02	4.251507269e-17
-1.370000000e-01	2.207571514e+00	-3.235412366e-02	4.544126518e-17
-1.375000000e-01	2.207578575e+00	-3.253989066e-02	2.061977110e-17
-1.380000000e-01	2.207585651e+00	-3.272565661e-02	3.210747898e-17
-1.385000000e-01	2.207592743e+00	-3.291142151e-02	2.695548118e-17
-1.390000000e-01	2.207599850e+00	-3.309718537e-02	3.128123982e-17
-1.395000000e-01	2.207606973e+00	-3.328294816e-02	2.766163671e-17
-1.400000000e-01	2.207614111e+00	-3.346870991e-02	3.718764953e-17
-1.405000000e-01	2.207621265e+00	-3.365447059e-02	3.651184272e-17
-1.410000000e-01	2.207628434e+00	-3.384023019e-02	3.527261535e-17
-1.415000000e-01	2.207635619e+00	-3.402598875e-02	4.592432870e-17
-1.420000000e-01	2.207642820e+00	-3.421174621e-02	1.527362796e-17
-1.425000000e-01	2.207650036e+00	-3.439750260e-02	3.633961938e-17
-1.430000000e-01	2.207657267e+00	-3.458325792e-02	4.112689277e-17
-1.435000000e-01	2.207664514e+00	-3.476901214e-02	2.131760982e-17
-1.440000000e-01	2.207671777e+00	-3.495476528e-02	3.622952180e-17
-1.445000000e-01	2.207679055e+00	-3.514051732e-02	3.019336931e-17
-1.450000000e-01	2.207686349e+00	-3.532626827e-02	3.741206838e-17
-1.455000000e-01	2.207693658e+00	-3.551201812e-02	4.542974867e-17
-1.460000000e-01	2.207700983e+00	-3.569776686e-02	2.126037774e-17
-1.465000000e-01	2.207708323e+00	-3.588351450e-02	3.494967183e-17
-1.470000000e-01	2.207715679e+00	-3.606926102e-02	5.765949155e-17
-1.475000000e-01	2.207723050e+00	-3.625500642e-02	2.633642924e-17
-1.480000000e-01	2.207730437e+00	-3.644075071e-02	3.578274707e-17
-1.485000000e-01	2.207737840e+00	-3.662649387e-02	2.259973150e-17
-1.490000000e-01	2.207745257e+00	-3.681223590e-02	3.048438715e-17
-1.495000000e-01	2.207752691e+00	-3.699797680e-02	2.563801059e-17
-1.500000000e-01	2.207760140e+00	-3.718371657e-02	2.525480513e-17
