# epsi_ci     Re(Lambda)      Im(Lambda)      Eq(det), R = 0.10 $\mu$m, $E_p$ = 0.900 eV, modo = 3, $\epsilon_\infty$ = 3.9, $\gamma_{DL}$ = 0.01 eV, solve_det_sinkz_vs_mu.py
0.000000000e+00	2.169745919e+00	1.710210066e-02	2.399816460e-17
-5.000000000e-04	2.169748584e+00	1.691847406e-02	3.973351934e-17
-1.000000000e-03	2.169751265e+00	1.673484744e-02	5.148354590e-17
-1.500000000e-03	2.169753961e+00	1.655122082e-02	4.340737807e-17
-2.000000000e-03	2.169756673e+00	1.636759420e-02	4.726603449e-17
-2.500000000e-03	2.169759400e+00	1.618396758e-02	5.075269878e-17
-3.000000000e-03	2.169762143e+00	1.600034096e-02	5.937064043e-17
-3.500000000e-03	2.169764901e+00	1.581671435e-02	5.871189439e-17
-4.000000000e-03	2.169767674e+00	1.563308777e-02	4.108860458e-17
-4.500000000e-03	2.169770464e+00	1.544946119e-02	3.503249478e-17
-5.000000000e-03	2.169773268e+00	1.526583464e-02	1.835035755e-17
-5.500000000e-03	2.169776088e+00	1.508220811e-02	5.105719671e-17
-6.000000000e-03	2.169778924e+00	1.489858160e-02	3.268454988e-17
-6.500000000e-03	2.169781775e+00	1.471495513e-02	1.852755301e-17
-7.000000000e-03	2.169784642e+00	1.453132870e-02	5.819276193e-17
-7.500000000e-03	2.169787524e+00	1.434770231e-02	3.219090734e-17
-8.000000000e-03	2.169790422e+00	1.416407596e-02	2.879496456e-17
-8.500000000e-03	2.169793335e+00	1.398044966e-02	3.325733046e-17
-9.000000000e-03	2.169796264e+00	1.379682341e-02	5.077725087e-17
-9.500000000e-03	2.169799208e+00	1.361319722e-02	2.517051420e-17
-1.000000000e-02	2.169802168e+00	1.342957109e-02	3.535388557e-17
-1.050000000e-02	2.169805143e+00	1.324594503e-02	4.793299043e-17
-1.100000000e-02	2.169808134e+00	1.306231903e-02	5.439099897e-17
-1.150000000e-02	2.169811140e+00	1.287869309e-02	4.234584121e-17
-1.200000000e-02	2.169814162e+00	1.269506724e-02	5.105788011e-17
-1.250000000e-02	2.169817200e+00	1.251144148e-02	6.337035144e-17
-1.300000000e-02	2.169820252e+00	1.232781578e-02	4.367458252e-17
-1.350000000e-02	2.169823321e+00	1.214419019e-02	4.750011677e-17
-1.400000000e-02	2.169826404e+00	1.196056468e-02	3.918983008e-17
-1.450000000e-02	2.169829504e+00	1.177693926e-02	3.483079118e-17
-1.500000000e-02	2.169832619e+00	1.159331394e-02	5.071625081e-17
-1.550000000e-02	2.169835749e+00	1.140968873e-02	3.081485346e-17
-1.600000000e-02	2.169838895e+00	1.122606363e-02	4.385876292e-17
-1.650000000e-02	2.169842056e+00	1.104243863e-02	2.274544909e-17
-1.700000000e-02	2.169845233e+00	1.085881375e-02	2.423990138e-17
-1.750000000e-02	2.169848425e+00	1.067518899e-02	4.637968426e-17
-1.800000000e-02	2.169851633e+00	1.049156436e-02	4.473267116e-17
-1.850000000e-02	2.169854857e+00	1.030793984e-02	3.189652118e-17
-1.900000000e-02	2.169858096e+00	1.012431547e-02	4.356839091e-17
-1.950000000e-02	2.169861350e+00	9.940691219e-03	4.532919718e-17
-2.000000000e-02	2.169864620e+00	9.757067113e-03	3.131635610e-17
-2.050000000e-02	2.169867905e+00	9.573443153e-03	4.260620901e-17
-2.100000000e-02	2.169871206e+00	9.389819328e-03	4.955314673e-17
-2.150000000e-02	2.169874523e+00	9.206195663e-03	3.148684842e-17
-2.200000000e-02	2.169877855e+00	9.022572146e-03	6.275529218e-17
-2.250000000e-02	2.169881202e+00	8.838948790e-03	5.055159064e-17
-2.300000000e-02	2.169884565e+00	8.655325597e-03	4.772137198e-17
-2.350000000e-02	2.169887944e+00	8.471702572e-03	1.383192427e-17
-2.400000000e-02	2.169891338e+00	8.288079715e-03	3.546562738e-17
-2.450000000e-02	2.169894747e+00	8.104457029e-03	3.344037992e-17
-2.500000000e-02	2.169898172e+00	7.920834524e-03	3.160106857e-17
-2.550000000e-02	2.169901613e+00	7.737212197e-03	3.200133489e-17
-2.600000000e-02	2.169905068e+00	7.553590054e-03	2.962876309e-17
-2.650000000e-02	2.169908540e+00	7.369968107e-03	4.160768597e-17
-2.700000000e-02	2.169912027e+00	7.186346351e-03	4.226423034e-17
-2.750000000e-02	2.169915530e+00	7.002724792e-03	6.055650930e-17
-2.800000000e-02	2.169919048e+00	6.819103433e-03	3.823347671e-17
-2.850000000e-02	2.169922581e+00	6.635482273e-03	3.422314607e-17
-2.900000000e-02	2.169926130e+00	6.451861330e-03	4.040825268e-17
-2.950000000e-02	2.169929695e+00	6.268240598e-03	1.583593223e-17
-3.000000000e-02	2.169933275e+00	6.084620087e-03	6.719075265e-17
-3.050000000e-02	2.169936870e+00	5.900999786e-03	4.247648753e-17
-3.100000000e-02	2.169940481e+00	5.717379722e-03	4.314552429e-17
-3.150000000e-02	2.169944108e+00	5.533759879e-03	2.471305607e-17
-3.200000000e-02	2.169947750e+00	5.350140270e-03	5.605201855e-17
-3.250000000e-02	2.169951407e+00	5.166520900e-03	4.490198022e-17
-3.300000000e-02	2.169955081e+00	4.982901765e-03	3.116642109e-17
-3.350000000e-02	2.169958769e+00	4.799282875e-03	3.375830365e-17
-3.400000000e-02	2.169962473e+00	4.615664237e-03	4.644730102e-17
-3.450000000e-02	2.169966193e+00	4.432045847e-03	5.403180745e-17
-3.500000000e-02	2.169969928e+00	4.248427722e-03	4.291922950e-17
-3.550000000e-02	2.169973678e+00	4.064809847e-03	3.476849238e-17
-3.600000000e-02	2.169977445e+00	3.881192243e-03	5.270811134e-17
-3.650000000e-02	2.169981226e+00	3.697574893e-03	6.534642579e-17
-3.700000000e-02	2.169985023e+00	3.513957826e-03	4.846161767e-17
-3.750000000e-02	2.169988836e+00	3.330341039e-03	2.173572568e-17
-3.800000000e-02	2.169992664e+00	3.146724522e-03	2.599298110e-17
-3.850000000e-02	2.169996508e+00	2.963108294e-03	2.002811184e-17
-3.900000000e-02	2.170000367e+00	2.779492349e-03	5.092792045e-17
-3.950000000e-02	2.170004241e+00	2.595876699e-03	3.655514463e-17
-4.000000000e-02	2.170008132e+00	2.412261340e-03	3.545052169e-17
-4.050000000e-02	2.170012037e+00	2.228646284e-03	3.952499939e-17
-4.100000000e-02	2.170015958e+00	2.045031530e-03	4.113644015e-17
-4.150000000e-02	2.170019895e+00	1.861417082e-03	4.798631523e-17
-4.200000000e-02	2.170023847e+00	1.677802951e-03	4.009110226e-17
-4.250000000e-02	2.170027815e+00	1.494189129e-03	3.262870209e-17
-4.300000000e-02	2.170031798e+00	1.310575619e-03	4.977642125e-17
-4.350000000e-02	2.170035797e+00	1.126962444e-03	3.152569888e-17
-4.400000000e-02	2.170039811e+00	9.433495887e-04	4.321725406e-17
-4.450000000e-02	2.170043840e+00	7.597370678e-04	5.058710120e-17
-4.500000000e-02	2.170047886e+00	5.761248737e-04	5.997528064e-17
-4.550000000e-02	2.170051946e+00	3.925130224e-04	4.833159434e-17
-4.600000000e-02	2.170056022e+00	2.089015176e-04	4.096639361e-17
-4.650000000e-02	2.170060114e+00	2.529035303e-05	3.637298674e-17
-4.700000000e-02	2.170064221e+00	-1.583204620e-04	3.565071718e-17
-4.750000000e-02	2.170068344e+00	-3.419309197e-04	2.359337294e-17
-4.800000000e-02	2.170072482e+00	-5.255410193e-04	3.386489424e-17
-4.850000000e-02	2.170076636e+00	-7.091507600e-04	1.633177864e-17
-4.900000000e-02	2.170080805e+00	-8.927601332e-04	5.238800433e-17
-4.950000000e-02	2.170084990e+00	-1.076369136e-03	5.110214762e-17
-5.000000000e-02	2.170089190e+00	-1.259977772e-03	4.625393594e-17
-5.050000000e-02	2.170093405e+00	-1.443586026e-03	5.226684730e-17
-5.100000000e-02	2.170097637e+00	-1.627193892e-03	6.521862204e-17
-5.150000000e-02	2.170101883e+00	-1.810801383e-03	1.956887447e-17
-5.200000000e-02	2.170106145e+00	-1.994408478e-03	6.073637716e-17
-5.250000000e-02	2.170110423e+00	-2.178015186e-03	5.808098305e-17
-5.300000000e-02	2.170114716e+00	-2.361621494e-03	6.895786117e-17
-5.350000000e-02	2.170119025e+00	-2.545227395e-03	3.983143773e-17
-5.400000000e-02	2.170123349e+00	-2.728832902e-03	5.485448478e-17
-5.450000000e-02	2.170127689e+00	-2.912437997e-03	4.113792978e-17
-5.500000000e-02	2.170132044e+00	-3.096042675e-03	4.511514729e-17
-5.550000000e-02	2.170136415e+00	-3.279646938e-03	4.854559777e-17
-5.600000000e-02	2.170140801e+00	-3.463250785e-03	5.380167039e-17
-5.650000000e-02	2.170145202e+00	-3.646854203e-03	2.731013974e-17
-5.700000000e-02	2.170149620e+00	-3.830457194e-03	4.303606855e-17
-5.750000000e-02	2.170154052e+00	-4.014059754e-03	3.209329287e-17
-5.800000000e-02	2.170158500e+00	-4.197661875e-03	2.908958997e-17
-5.850000000e-02	2.170162964e+00	-4.381263553e-03	6.250676791e-17
-5.900000000e-02	2.170167443e+00	-4.564864796e-03	4.172595415e-17
-5.950000000e-02	2.170171938e+00	-4.748465584e-03	4.032637794e-17
-6.000000000e-02	2.170176448e+00	-4.932065922e-03	5.741148164e-17
-6.050000000e-02	2.170180974e+00	-5.115665805e-03	5.592858824e-17
-6.100000000e-02	2.170185515e+00	-5.299265233e-03	4.199815784e-17
-6.150000000e-02	2.170190071e+00	-5.482864192e-03	4.013069874e-17
-6.200000000e-02	2.170194644e+00	-5.666462685e-03	2.640447655e-17
-6.250000000e-02	2.170199231e+00	-5.850060707e-03	3.994895722e-17
-6.300000000e-02	2.170203834e+00	-6.033658255e-03	5.924462259e-17
-6.350000000e-02	2.170208453e+00	-6.217255319e-03	4.711187811e-17
-6.400000000e-02	2.170213087e+00	-6.400851909e-03	2.267569578e-17
-6.450000000e-02	2.170217737e+00	-6.584448010e-03	6.523270002e-17
-6.500000000e-02	2.170222402e+00	-6.768043613e-03	1.530384688e-17
-6.550000000e-02	2.170227082e+00	-6.951638723e-03	2.546309918e-17
-6.600000000e-02	2.170231779e+00	-7.135233333e-03	3.899049656e-17
-6.650000000e-02	2.170236490e+00	-7.318827445e-03	8.084151660e-17
-6.700000000e-02	2.170241217e+00	-7.502421052e-03	3.386302603e-17
-6.750000000e-02	2.170245960e+00	-7.686014145e-03	6.436785039e-17
-6.800000000e-02	2.170250718e+00	-7.869606724e-03	4.452807728e-17
-6.850000000e-02	2.170255492e+00	-8.053198786e-03	2.898479666e-17
-6.900000000e-02	2.170260281e+00	-8.236790325e-03	2.804527298e-17
-6.950000000e-02	2.170265085e+00	-8.420381338e-03	4.950029705e-17
-7.000000000e-02	2.170269905e+00	-8.603971818e-03	3.384345187e-17
-7.050000000e-02	2.170274741e+00	-8.787561769e-03	3.431019620e-17
-7.100000000e-02	2.170279592e+00	-8.971151178e-03	2.281483925e-17
-7.150000000e-02	2.170284458e+00	-9.154740044e-03	3.239525130e-17
-7.200000000e-02	2.170289340e+00	-9.338328366e-03	7.064269478e-17
-7.250000000e-02	2.170294238e+00	-9.521916147e-03	4.677365672e-17
-7.300000000e-02	2.170299151e+00	-9.705503362e-03	3.585515845e-17
-7.350000000e-02	2.170304079e+00	-9.889090028e-03	2.104713945e-17
-7.400000000e-02	2.170309023e+00	-1.007267613e-02	4.822967208e-17
-7.450000000e-02	2.170313983e+00	-1.025626166e-02	2.437699427e-17
-7.500000000e-02	2.170318958e+00	-1.043984663e-02	4.406293313e-17
-7.550000000e-02	2.170323948e+00	-1.062343103e-02	6.735162154e-17
-7.600000000e-02	2.170328954e+00	-1.080701484e-02	4.212940064e-17
-7.650000000e-02	2.170333976e+00	-1.099059808e-02	3.958897807e-17
-7.700000000e-02	2.170339013e+00	-1.117418074e-02	3.759361759e-17
-7.750000000e-02	2.170344065e+00	-1.135776280e-02	7.138300404e-17
-7.800000000e-02	2.170349133e+00	-1.154134427e-02	9.460919126e-17
-7.850000000e-02	2.170354216e+00	-1.172492514e-02	3.997904902e-17
-7.900000000e-02	2.170359315e+00	-1.190850542e-02	3.092550721e-17
-7.950000000e-02	2.170364430e+00	-1.209208508e-02	3.863259076e-17
-8.000000000e-02	2.170369560e+00	-1.227566415e-02	4.511405371e-17
-8.050000000e-02	2.170374705e+00	-1.245924260e-02	6.538937657e-17
-8.100000000e-02	2.170379866e+00	-1.264282043e-02	2.765789392e-17
-8.150000000e-02	2.170385042e+00	-1.282639765e-02	3.645219399e-17
-8.200000000e-02	2.170390234e+00	-1.300997423e-02	2.245600163e-17
-8.250000000e-02	2.170395441e+00	-1.319355020e-02	5.283602398e-17
-8.300000000e-02	2.170400664e+00	-1.337712553e-02	3.861629314e-17
-8.350000000e-02	2.170405902e+00	-1.356070022e-02	5.061431284e-17
-8.400000000e-02	2.170411156e+00	-1.374427428e-02	2.181304256e-17
-8.450000000e-02	2.170416425e+00	-1.392784769e-02	5.395332240e-17
-8.500000000e-02	2.170421710e+00	-1.411142045e-02	1.573552617e-17
-8.550000000e-02	2.170427010e+00	-1.429499257e-02	3.215364641e-17
-8.600000000e-02	2.170432326e+00	-1.447856403e-02	4.672008972e-17
-8.650000000e-02	2.170437657e+00	-1.466213483e-02	2.703970122e-17
-8.700000000e-02	2.170443004e+00	-1.484570497e-02	5.330473295e-17
-8.750000000e-02	2.170448366e+00	-1.502927443e-02	2.713239205e-17
-8.800000000e-02	2.170453744e+00	-1.521284323e-02	2.829708456e-17
-8.850000000e-02	2.170459137e+00	-1.539641136e-02	3.862838727e-17
-8.900000000e-02	2.170464545e+00	-1.557997880e-02	3.207409401e-17
-8.950000000e-02	2.170469969e+00	-1.576354557e-02	3.929602288e-17
-9.000000000e-02	2.170475409e+00	-1.594711165e-02	6.020350848e-17
-9.050000000e-02	2.170480864e+00	-1.613067703e-02	5.613331139e-17
-9.100000000e-02	2.170486335e+00	-1.631424173e-02	4.533245075e-17
-9.150000000e-02	2.170491821e+00	-1.649780572e-02	4.799142012e-17
-9.200000000e-02	2.170497322e+00	-1.668136901e-02	3.600761524e-17
-9.250000000e-02	2.170502839e+00	-1.686493160e-02	3.905312851e-17
-9.300000000e-02	2.170508372e+00	-1.704849348e-02	3.052926956e-17
-9.350000000e-02	2.170513920e+00	-1.723205465e-02	2.296576582e-17
-9.400000000e-02	2.170519483e+00	-1.741561509e-02	3.918888226e-17
-9.450000000e-02	2.170525062e+00	-1.759917482e-02	3.890107545e-17
-9.500000000e-02	2.170530656e+00	-1.778273382e-02	3.469042339e-17
-9.550000000e-02	2.170536266e+00	-1.796629208e-02	6.301911779e-17
-9.600000000e-02	2.170541892e+00	-1.814984962e-02	4.487648866e-17
-9.650000000e-02	2.170547532e+00	-1.833340642e-02	2.650788792e-17
-9.700000000e-02	2.170553189e+00	-1.851696248e-02	3.921930877e-17
-9.750000000e-02	2.170558860e+00	-1.870051780e-02	3.081719399e-17
-9.800000000e-02	2.170564548e+00	-1.888407236e-02	1.575454497e-17
-9.850000000e-02	2.170570251e+00	-1.906762617e-02	5.059390411e-17
-9.900000000e-02	2.170575969e+00	-1.925117924e-02	6.217110942e-17
-9.950000000e-02	2.170581702e+00	-1.943473153e-02	4.480193070e-17
-1.000000000e-01	2.170587452e+00	-1.961828306e-02	2.851961747e-17
-1.005000000e-01	2.170593216e+00	-1.980183382e-02	3.306815450e-17
-1.010000000e-01	2.170598996e+00	-1.998538381e-02	3.007668671e-17
-1.015000000e-01	2.170604792e+00	-2.016893303e-02	7.311631613e-17
-1.020000000e-01	2.170610603e+00	-2.035248146e-02	3.394621800e-17
-1.025000000e-01	2.170616430e+00	-2.053602912e-02	4.932421033e-17
-1.030000000e-01	2.170622272e+00	-2.071957598e-02	6.361712452e-17
-1.035000000e-01	2.170628129e+00	-2.090312205e-02	2.775827879e-17
-1.040000000e-01	2.170634002e+00	-2.108666733e-02	3.344625024e-17
-1.045000000e-01	2.170639891e+00	-2.127021181e-02	3.773650093e-17
-1.050000000e-01	2.170645795e+00	-2.145375548e-02	4.243946270e-17
-1.055000000e-01	2.170651714e+00	-2.163729834e-02	3.048207898e-17
-1.060000000e-01	2.170657649e+00	-2.182084040e-02	6.741181489e-17
-1.065000000e-01	2.170663599e+00	-2.200438164e-02	3.427229797e-17
-1.070000000e-01	2.170669565e+00	-2.218792206e-02	4.591843290e-17
-1.075000000e-01	2.170675546e+00	-2.237146166e-02	4.696085306e-17
-1.080000000e-01	2.170681543e+00	-2.255500043e-02	4.478104232e-17
-1.085000000e-01	2.170687555e+00	-2.273853837e-02	4.924462283e-17
-1.090000000e-01	2.170693583e+00	-2.292207548e-02	3.929748644e-17
-1.095000000e-01	2.170699626e+00	-2.310561174e-02	4.740127682e-17
-1.100000000e-01	2.170705685e+00	-2.328914717e-02	5.057541644e-17
-1.105000000e-01	2.170711759e+00	-2.347268175e-02	3.026204669e-17
-1.110000000e-01	2.170717849e+00	-2.365621548e-02	5.079552773e-17
-1.115000000e-01	2.170723954e+00	-2.383974836e-02	3.980989789e-17
-1.120000000e-01	2.170730074e+00	-2.402328037e-02	4.698092339e-17
-1.125000000e-01	2.170736210e+00	-2.420681152e-02	7.664739326e-17
-1.130000000e-01	2.170742362e+00	-2.439034181e-02	1.467001565e-17
-1.135000000e-01	2.170748528e+00	-2.457387123e-02	2.010164524e-17
-1.140000000e-01	2.170754711e+00	-2.475739978e-02	4.841551028e-17
-1.145000000e-01	2.170760909e+00	-2.494092745e-02	1.912157176e-17
-1.150000000e-01	2.170767122e+00	-2.512445423e-02	6.053808067e-17
-1.155000000e-01	2.170773351e+00	-2.530798014e-02	3.753936112e-17
-1.160000000e-01	2.170779595e+00	-2.549150515e-02	4.676839519e-17
-1.165000000e-01	2.170785855e+00	-2.567502927e-02	7.258980031e-17
-1.170000000e-01	2.170792130e+00	-2.585855249e-02	2.423465098e-17
-1.175000000e-01	2.170798421e+00	-2.604207482e-02	3.493562282e-17
-1.180000000e-01	2.170804727e+00	-2.622559623e-02	4.481360882e-17
-1.185000000e-01	2.170811048e+00	-2.640911675e-02	4.405870527e-17
-1.190000000e-01	2.170817385e+00	-2.659263634e-02	3.807697156e-17
-1.195000000e-01	2.170823738e+00	-2.677615502e-02	3.833911373e-17
-1.200000000e-01	2.170830106e+00	-2.695967278e-02	4.383107137e-17
-1.205000000e-01	2.170836489e+00	-2.714318962e-02	4.045499549e-17
-1.210000000e-01	2.170842888e+00	-2.732670552e-02	4.635396726e-17
-1.215000000e-01	2.170849303e+00	-2.751022050e-02	3.186849572e-17
-1.220000000e-01	2.170855732e+00	-2.769373454e-02	4.017744318e-17
-1.225000000e-01	2.170862178e+00	-2.787724764e-02	3.334344520e-17
-1.230000000e-01	2.170868638e+00	-2.806075980e-02	3.007539146e-17
-1.235000000e-01	2.170875115e+00	-2.824427100e-02	2.543405539e-17
-1.240000000e-01	2.170881606e+00	-2.842778127e-02	6.302210273e-17
-1.245000000e-01	2.170888113e+00	-2.861129056e-02	3.359506866e-17
-1.250000000e-01	2.170894636e+00	-2.879479891e-02	4.620155786e-17
-1.255000000e-01	2.170901174e+00	-2.897830629e-02	3.684677032e-17
-1.260000000e-01	2.170907728e+00	-2.916181270e-02	3.322098665e-17
-1.265000000e-01	2.170914297e+00	-2.934531814e-02	3.114578959e-17
-1.270000000e-01	2.170920881e+00	-2.952882261e-02	4.342785231e-17
-1.275000000e-01	2.170927481e+00	-2.971232610e-02	2.786427045e-17
-1.280000000e-01	2.170934096e+00	-2.989582861e-02	4.686231129e-17
-1.285000000e-01	2.170940727e+00	-3.007933013e-02	4.709457506e-17
-1.290000000e-01	2.170947373e+00	-3.026283066e-02	4.184061305e-17
-1.295000000e-01	2.170954035e+00	-3.044633019e-02	3.016289453e-17
-1.300000000e-01	2.170960712e+00	-3.062982873e-02	4.733838406e-17
-1.305000000e-01	2.170967405e+00	-3.081332627e-02	2.215648023e-17
-1.310000000e-01	2.170974113e+00	-3.099682280e-02	3.357735816e-17
-1.315000000e-01	2.170980836e+00	-3.118031832e-02	1.701646520e-17
-1.320000000e-01	2.170987575e+00	-3.136381282e-02	3.513441734e-17
-1.325000000e-01	2.170994330e+00	-3.154730631e-02	4.116944765e-17
-1.330000000e-01	2.171001099e+00	-3.173079878e-02	4.376943304e-17
-1.335000000e-01	2.171007885e+00	-3.191429022e-02	4.092638264e-17
-1.340000000e-01	2.171014686e+00	-3.209778064e-02	3.577592486e-17
-1.345000000e-01	2.171021502e+00	-3.228127001e-02	2.703351515e-17
-1.350000000e-01	2.171028333e+00	-3.246475836e-02	1.911306994e-17
-1.355000000e-01	2.171035181e+00	-3.264824566e-02	4.106130596e-17
-1.360000000e-01	2.171042043e+00	-3.283173192e-02	3.767076146e-17
-1.365000000e-01	2.171048921e+00	-3.301521712e-02	4.429764987e-17
-1.370000000e-01	2.171055815e+00	-3.319870128e-02	2.013427602e-17
-1.375000000e-01	2.171062724e+00	-3.338218438e-02	5.077180880e-17
-1.380000000e-01	2.171069648e+00	-3.356566642e-02	3.267637469e-17
-1.385000000e-01	2.171076588e+00	-3.374914740e-02	4.693386860e-17
-1.390000000e-01	2.171083543e+00	-3.393262730e-02	3.525189557e-17
-1.395000000e-01	2.171090514e+00	-3.411610614e-02	7.512661794e-17
-1.400000000e-01	2.171097500e+00	-3.429958390e-02	3.299070908e-17
-1.405000000e-01	2.171104501e+00	-3.448306058e-02	2.350768347e-17
-1.410000000e-01	2.171111519e+00	-3.466653618e-02	3.256314907e-17
-1.415000000e-01	2.171118551e+00	-3.485001068e-02	3.524862661e-17
-1.420000000e-01	2.171125599e+00	-3.503348410e-02	4.045201918e-17
-1.425000000e-01	2.171132662e+00	-3.521695642e-02	6.436387959e-17
-1.430000000e-01	2.171139741e+00	-3.540042765e-02	5.316728680e-17
-1.435000000e-01	2.171146835e+00	-3.558389777e-02	5.809473660e-17
-1.440000000e-01	2.171153945e+00	-3.576736678e-02	4.954424993e-17
-1.445000000e-01	2.171161070e+00	-3.595083469e-02	4.030142937e-17
-1.450000000e-01	2.171168211e+00	-3.613430148e-02	4.868165197e-17
-1.455000000e-01	2.171175367e+00	-3.631776715e-02	3.965497809e-17
-1.460000000e-01	2.171182538e+00	-3.650123170e-02	6.429527727e-17
-1.465000000e-01	2.171189725e+00	-3.668469511e-02	5.522107104e-17
-1.470000000e-01	2.171196928e+00	-3.686815740e-02	3.213938621e-17
-1.475000000e-01	2.171204145e+00	-3.705161856e-02	6.921638911e-17
-1.480000000e-01	2.171211379e+00	-3.723507858e-02	4.567356008e-17
-1.485000000e-01	2.171218627e+00	-3.741853746e-02	2.580449265e-17
-1.490000000e-01	2.171225891e+00	-3.760199519e-02	5.071255703e-17
-1.495000000e-01	2.171233171e+00	-3.778545177e-02	3.069252130e-17
-1.500000000e-01	2.171240466e+00	-3.796890720e-02	3.446171292e-17
