# epsi_ci     Re(Lambda)      Im(Lambda)      Eq(det), R = 0.10 $\mu$m, $E_p$ = 0.900 eV, modo = 3, $\epsilon_\infty$ = 3.9, $\gamma_{DL}$ = 0.01 eV, solve_det_sinkz_vs_mu.py
0.000000000e+00	2.227667733e+00	1.957644603e-02	3.789675998e-17
-5.000000000e-04	2.227670578e+00	1.938940718e-02	3.694198420e-17
-1.000000000e-03	2.227673439e+00	1.920236831e-02	2.558843618e-17
-1.500000000e-03	2.227676315e+00	1.901532938e-02	2.892289789e-17
-2.000000000e-03	2.227679207e+00	1.882829043e-02	1.661533418e-17
-2.500000000e-03	2.227682115e+00	1.864125145e-02	2.844023604e-17
-3.000000000e-03	2.227685038e+00	1.845421245e-02	2.790130022e-17
-3.500000000e-03	2.227687977e+00	1.826717342e-02	1.483597505e-17
-4.000000000e-03	2.227690931e+00	1.808013437e-02	2.726699460e-17
-4.500000000e-03	2.227693901e+00	1.789309531e-02	3.174695602e-17
-5.000000000e-03	2.227696886e+00	1.770605624e-02	3.174546556e-17
-5.500000000e-03	2.227699887e+00	1.751901716e-02	2.054421053e-17
-6.000000000e-03	2.227702904e+00	1.733197808e-02	2.835074905e-17
-6.500000000e-03	2.227705936e+00	1.714493900e-02	1.652947363e-17
-7.000000000e-03	2.227708984e+00	1.695789993e-02	3.232395214e-17
-7.500000000e-03	2.227712047e+00	1.677086087e-02	4.261068457e-17
-8.000000000e-03	2.227715126e+00	1.658382181e-02	2.533956504e-17
-8.500000000e-03	2.227718221e+00	1.639678277e-02	1.286426926e-17
-9.000000000e-03	2.227721331e+00	1.620974375e-02	2.354896975e-17
-9.500000000e-03	2.227724457e+00	1.602270477e-02	3.426434907e-17
-1.000000000e-02	2.227727598e+00	1.583566580e-02	1.429112787e-17
-1.050000000e-02	2.227730755e+00	1.564862687e-02	3.279457768e-17
-1.100000000e-02	2.227733928e+00	1.546158798e-02	4.600915435e-17
-1.150000000e-02	2.227737116e+00	1.527454912e-02	2.939472606e-17
-1.200000000e-02	2.227740320e+00	1.508751031e-02	3.365895246e-17
-1.250000000e-02	2.227743539e+00	1.490047155e-02	2.755718162e-17
-1.300000000e-02	2.227746774e+00	1.471343284e-02	4.112659730e-17
-1.350000000e-02	2.227750025e+00	1.452639418e-02	3.444065188e-17
-1.400000000e-02	2.227753291e+00	1.433935559e-02	3.389938206e-17
-1.450000000e-02	2.227756572e+00	1.415231705e-02	1.897307747e-17
-1.500000000e-02	2.227759870e+00	1.396527858e-02	4.297257836e-17
-1.550000000e-02	2.227763183e+00	1.377824018e-02	4.400898089e-17
-1.600000000e-02	2.227766511e+00	1.359120186e-02	3.756952664e-17
-1.650000000e-02	2.227769855e+00	1.340416362e-02	2.843927043e-17
-1.700000000e-02	2.227773215e+00	1.321712546e-02	3.565519845e-17
-1.750000000e-02	2.227776590e+00	1.303008739e-02	2.663454872e-17
-1.800000000e-02	2.227779981e+00	1.284304940e-02	4.002289916e-17
-1.850000000e-02	2.227783388e+00	1.265601151e-02	3.782184951e-17
-1.900000000e-02	2.227786810e+00	1.246897372e-02	2.080964203e-17
-1.950000000e-02	2.227790247e+00	1.228193603e-02	5.093097572e-17
-2.000000000e-02	2.227793701e+00	1.209489844e-02	3.442857478e-17
-2.050000000e-02	2.227797170e+00	1.190786096e-02	8.801915160e-18
-2.100000000e-02	2.227800654e+00	1.172082360e-02	2.852008951e-17
-2.150000000e-02	2.227804154e+00	1.153378635e-02	2.659820659e-17
-2.200000000e-02	2.227807670e+00	1.134674923e-02	3.597837348e-17
-2.250000000e-02	2.227811201e+00	1.115971223e-02	4.569238969e-17
-2.300000000e-02	2.227814748e+00	1.097267536e-02	4.104309064e-17
-2.350000000e-02	2.227818310e+00	1.078563862e-02	2.898535063e-17
-2.400000000e-02	2.227821888e+00	1.059860202e-02	4.968110951e-17
-2.450000000e-02	2.227825482e+00	1.041156556e-02	3.315155303e-17
-2.500000000e-02	2.227829091e+00	1.022452924e-02	2.798635007e-17
-2.550000000e-02	2.227832716e+00	1.003749307e-02	4.104542065e-17
-2.600000000e-02	2.227836356e+00	9.850457052e-03	3.042559471e-17
-2.650000000e-02	2.227840012e+00	9.663421189e-03	4.736867339e-17
-2.700000000e-02	2.227843684e+00	9.476385485e-03	2.699058099e-17
-2.750000000e-02	2.227847371e+00	9.289349952e-03	3.476194500e-17
-2.800000000e-02	2.227851074e+00	9.102314577e-03	2.843893663e-17
-2.850000000e-02	2.227854792e+00	8.915279382e-03	4.664437320e-17
-2.900000000e-02	2.227858526e+00	8.728244353e-03	1.703401484e-17
-2.950000000e-02	2.227862276e+00	8.541209506e-03	2.924786990e-17
-3.000000000e-02	2.227866041e+00	8.354174840e-03	3.394060794e-17
-3.050000000e-02	2.227869821e+00	8.167140364e-03	2.214161464e-17
-3.100000000e-02	2.227873618e+00	7.980106082e-03	1.929547498e-17
-3.150000000e-02	2.227877430e+00	7.793071993e-03	2.940482178e-17
-3.200000000e-02	2.227881257e+00	7.606038099e-03	4.869985042e-17
-3.250000000e-02	2.227885100e+00	7.419004408e-03	2.608380841e-17
-3.300000000e-02	2.227888959e+00	7.231970920e-03	1.495219081e-17
-3.350000000e-02	2.227892833e+00	7.044937643e-03	2.883196206e-17
-3.400000000e-02	2.227896723e+00	6.857904582e-03	4.155704960e-17
-3.450000000e-02	2.227900629e+00	6.670871740e-03	3.111048450e-17
-3.500000000e-02	2.227904550e+00	6.483839119e-03	3.435017122e-17
-3.550000000e-02	2.227908486e+00	6.296806720e-03	2.796996639e-17
-3.600000000e-02	2.227912439e+00	6.109774553e-03	3.164581267e-17
-3.650000000e-02	2.227916406e+00	5.922742617e-03	4.801281751e-17
-3.700000000e-02	2.227920390e+00	5.735710924e-03	3.237697046e-17
-3.750000000e-02	2.227924389e+00	5.548679467e-03	2.610164646e-17
-3.800000000e-02	2.227928404e+00	5.361648254e-03	2.271041469e-17
-3.850000000e-02	2.227932434e+00	5.174617288e-03	3.123022928e-17
-3.900000000e-02	2.227936480e+00	4.987586574e-03	3.959866413e-17
-3.950000000e-02	2.227940541e+00	4.800556124e-03	3.952076353e-17
-4.000000000e-02	2.227944618e+00	4.613525930e-03	2.909747541e-17
-4.050000000e-02	2.227948710e+00	4.426496001e-03	4.092525652e-17
-4.100000000e-02	2.227952819e+00	4.239466331e-03	2.430835174e-17
-4.150000000e-02	2.227956942e+00	4.052436940e-03	1.732765130e-17
-4.200000000e-02	2.227961082e+00	3.865407825e-03	2.873126074e-17
-4.250000000e-02	2.227965237e+00	3.678378989e-03	3.038366296e-17
-4.300000000e-02	2.227969407e+00	3.491350438e-03	2.019578966e-17
-4.350000000e-02	2.227973593e+00	3.304322171e-03	3.947159338e-17
-4.400000000e-02	2.227977795e+00	3.117294193e-03	1.672740355e-17
-4.450000000e-02	2.227982012e+00	2.930266517e-03	3.002479523e-17
-4.500000000e-02	2.227986245e+00	2.743239128e-03	4.372337074e-17
-4.550000000e-02	2.227990494e+00	2.556212056e-03	2.666924175e-17
-4.600000000e-02	2.227994758e+00	2.369185285e-03	3.398096913e-17
-4.650000000e-02	2.227999037e+00	2.182158818e-03	2.950979378e-17
-4.700000000e-02	2.228003333e+00	1.995132668e-03	3.084335793e-17
-4.750000000e-02	2.228007644e+00	1.808106844e-03	2.433439591e-17
-4.800000000e-02	2.228011970e+00	1.621081333e-03	8.258091250e-19
-4.850000000e-02	2.228016312e+00	1.434056153e-03	2.579075350e-17
-4.900000000e-02	2.228020670e+00	1.247031297e-03	2.368583598e-17
-4.950000000e-02	2.228025043e+00	1.060006777e-03	2.204908887e-17
-5.000000000e-02	2.228029432e+00	8.729825968e-04	2.965344523e-17
-5.050000000e-02	2.228033836e+00	6.859587594e-04	3.504085920e-17
-5.100000000e-02	2.228038256e+00	4.989352576e-04	3.477739396e-17
-5.150000000e-02	2.228042691e+00	3.119121187e-04	4.270467936e-17
-5.200000000e-02	2.228047143e+00	1.248893200e-04	3.679288265e-17
-5.250000000e-02	2.228051609e+00	-6.213311400e-05	3.256438537e-17
-5.300000000e-02	2.228056092e+00	-2.491551963e-04	4.502373570e-17
-5.350000000e-02	2.228060590e+00	-4.361769082e-04	2.500644117e-17
-5.400000000e-02	2.228065103e+00	-6.231982467e-04	3.168032141e-17
-5.450000000e-02	2.228069632e+00	-8.102192218e-04	4.178665036e-17
-5.500000000e-02	2.228074177e+00	-9.972398199e-04	1.856977594e-17
-5.550000000e-02	2.228078737e+00	-1.184260035e-03	1.784558646e-17
-5.600000000e-02	2.228083313e+00	-1.371279864e-03	3.021176118e-17
-5.650000000e-02	2.228087904e+00	-1.558299312e-03	2.245840676e-17
-5.700000000e-02	2.228092511e+00	-1.745318365e-03	2.710604235e-17
-5.750000000e-02	2.228097134e+00	-1.932337020e-03	3.816826594e-17
-5.800000000e-02	2.228101772e+00	-2.119355278e-03	4.641642441e-17
-5.850000000e-02	2.228106426e+00	-2.306373136e-03	3.419366021e-17
-5.900000000e-02	2.228111095e+00	-2.493390586e-03	2.333439453e-17
-5.950000000e-02	2.228115780e+00	-2.680407624e-03	2.060453536e-17
-6.000000000e-02	2.228120481e+00	-2.867424252e-03	2.446134202e-17
-6.050000000e-02	2.228125197e+00	-3.054440459e-03	2.664215753e-17
-6.100000000e-02	2.228129929e+00	-3.241456236e-03	3.530659244e-17
-6.150000000e-02	2.228134676e+00	-3.428471595e-03	2.346171091e-17
-6.200000000e-02	2.228139439e+00	-3.615486524e-03	2.699695614e-17
-6.250000000e-02	2.228144217e+00	-3.802501019e-03	3.381041512e-17
-6.300000000e-02	2.228149011e+00	-3.989515070e-03	2.498088697e-17
-6.350000000e-02	2.228153821e+00	-4.176528689e-03	2.362949933e-17
-6.400000000e-02	2.228158646e+00	-4.363541857e-03	3.284708488e-17
-6.450000000e-02	2.228163487e+00	-4.550554575e-03	2.787653916e-17
-6.500000000e-02	2.228168343e+00	-4.737566840e-03	2.566325460e-17
-6.550000000e-02	2.228173215e+00	-4.924578649e-03	1.013454337e-17
-6.600000000e-02	2.228178103e+00	-5.111589994e-03	3.329149575e-17
-6.650000000e-02	2.228183006e+00	-5.298600882e-03	1.819785334e-17
-6.700000000e-02	2.228187925e+00	-5.485611297e-03	2.016963674e-17
-6.750000000e-02	2.228192859e+00	-5.672621238e-03	1.803973879e-17
-6.800000000e-02	2.228197809e+00	-5.859630698e-03	5.454706114e-17
-6.850000000e-02	2.228202774e+00	-6.046639688e-03	2.955533841e-17
-6.900000000e-02	2.228207755e+00	-6.233648189e-03	3.013688388e-17
-6.950000000e-02	2.228212752e+00	-6.420656209e-03	4.597369190e-17
-7.000000000e-02	2.228217764e+00	-6.607663730e-03	3.237061533e-17
-7.050000000e-02	2.228222792e+00	-6.794670750e-03	3.830997973e-17
-7.100000000e-02	2.228227836e+00	-6.981677281e-03	4.007398540e-17
-7.150000000e-02	2.228232894e+00	-7.168683307e-03	3.949124149e-17
-7.200000000e-02	2.228237969e+00	-7.355688819e-03	3.459714291e-17
-7.250000000e-02	2.228243059e+00	-7.542693826e-03	2.946594788e-17
-7.300000000e-02	2.228248165e+00	-7.729698317e-03	2.759060837e-17
-7.350000000e-02	2.228253286e+00	-7.916702286e-03	2.906772021e-17
-7.400000000e-02	2.228258423e+00	-8.103705739e-03	2.733170147e-17
-7.450000000e-02	2.228263575e+00	-8.290708659e-03	2.550317925e-17
-7.500000000e-02	2.228268744e+00	-8.477711057e-03	3.656748497e-17
-7.550000000e-02	2.228273927e+00	-8.664712909e-03	3.611123008e-17
-7.600000000e-02	2.228279126e+00	-8.851714229e-03	2.446941865e-17
-7.650000000e-02	2.228284341e+00	-9.038715013e-03	2.496902049e-17
-7.700000000e-02	2.228289571e+00	-9.225715245e-03	2.761615583e-17
-7.750000000e-02	2.228294817e+00	-9.412714926e-03	3.487745370e-17
-7.800000000e-02	2.228300079e+00	-9.599714053e-03	3.078653661e-17
-7.850000000e-02	2.228305356e+00	-9.786712626e-03	2.361356761e-17
-7.900000000e-02	2.228310649e+00	-9.973710638e-03	3.142604518e-17
-7.950000000e-02	2.228315957e+00	-1.016070809e-02	2.895456433e-17
-8.000000000e-02	2.228321281e+00	-1.034770496e-02	1.949023737e-17
-8.050000000e-02	2.228326620e+00	-1.053470127e-02	3.736033168e-17
-8.100000000e-02	2.228331975e+00	-1.072169699e-02	4.148739145e-17
-8.150000000e-02	2.228337346e+00	-1.090869214e-02	2.908164947e-17
-8.200000000e-02	2.228342732e+00	-1.109568670e-02	3.230390979e-17
-8.250000000e-02	2.228348134e+00	-1.128268068e-02	3.272893616e-17
-8.300000000e-02	2.228353551e+00	-1.146967406e-02	4.103791694e-17
-8.350000000e-02	2.228358984e+00	-1.165666685e-02	3.540536307e-17
-8.400000000e-02	2.228364432e+00	-1.184365903e-02	2.985246758e-17
-8.450000000e-02	2.228369896e+00	-1.203065062e-02	3.308055005e-17
-8.500000000e-02	2.228375376e+00	-1.221764159e-02	9.719569813e-18
-8.550000000e-02	2.228380871e+00	-1.240463195e-02	3.389348885e-17
-8.600000000e-02	2.228386382e+00	-1.259162170e-02	2.952105617e-17
-8.650000000e-02	2.228391908e+00	-1.277861084e-02	1.879888541e-17
-8.700000000e-02	2.228397450e+00	-1.296559934e-02	4.942712803e-17
-8.750000000e-02	2.228403008e+00	-1.315258723e-02	3.766636501e-17
-8.800000000e-02	2.228408581e+00	-1.333957447e-02	2.227485907e-17
-8.850000000e-02	2.228414169e+00	-1.352656109e-02	1.803742877e-17
-8.900000000e-02	2.228419773e+00	-1.371354707e-02	3.367419846e-17
-8.950000000e-02	2.228425393e+00	-1.390053241e-02	1.141657780e-17
-9.000000000e-02	2.228431029e+00	-1.408751710e-02	2.336195876e-17
-9.050000000e-02	2.228436679e+00	-1.427450113e-02	4.480602103e-17
-9.100000000e-02	2.228442346e+00	-1.446148452e-02	6.217755342e-18
-9.150000000e-02	2.228448028e+00	-1.464846724e-02	2.844589009e-17
-9.200000000e-02	2.228453726e+00	-1.483544932e-02	2.850476355e-17
-9.250000000e-02	2.228459439e+00	-1.502243072e-02	3.261174182e-17
-9.300000000e-02	2.228465168e+00	-1.520941145e-02	2.989797364e-17
-9.350000000e-02	2.228470912e+00	-1.539639150e-02	4.119950353e-17
-9.400000000e-02	2.228476672e+00	-1.558337089e-02	4.749149889e-17
-9.450000000e-02	2.228482447e+00	-1.577034959e-02	4.658248513e-17
-9.500000000e-02	2.228488239e+00	-1.595732761e-02	2.436813521e-17
-9.550000000e-02	2.228494045e+00	-1.614430494e-02	1.862124616e-17
-9.600000000e-02	2.228499867e+00	-1.633128157e-02	3.593612571e-17
-9.650000000e-02	2.228505705e+00	-1.651825752e-02	1.314658140e-17
-9.700000000e-02	2.228511559e+00	-1.670523276e-02	3.821859983e-17
-9.750000000e-02	2.228517427e+00	-1.689220730e-02	1.784867725e-17
-9.800000000e-02	2.228523312e+00	-1.707918113e-02	1.706009095e-17
-9.850000000e-02	2.228529212e+00	-1.726615424e-02	2.718028501e-17
-9.900000000e-02	2.228535128e+00	-1.745312665e-02	2.367713752e-17
-9.950000000e-02	2.228541059e+00	-1.764009833e-02	3.325517140e-17
-1.000000000e-01	2.228547006e+00	-1.782706929e-02	2.200057823e-17
-1.005000000e-01	2.228552968e+00	-1.801403952e-02	2.383176082e-17
-1.010000000e-01	2.228558946e+00	-1.820100903e-02	4.639226518e-17
-1.015000000e-01	2.228564939e+00	-1.838797780e-02	3.166892330e-17
-1.020000000e-01	2.228570948e+00	-1.857494582e-02	2.672026128e-17
-1.025000000e-01	2.228576973e+00	-1.876191311e-02	3.899567551e-17
-1.030000000e-01	2.228583013e+00	-1.894887965e-02	1.233880014e-17
-1.035000000e-01	2.228589069e+00	-1.913584544e-02	4.187299887e-17
-1.040000000e-01	2.228595140e+00	-1.932281048e-02	2.901304278e-17
-1.045000000e-01	2.228601227e+00	-1.950977476e-02	3.965223278e-17
-1.050000000e-01	2.228607329e+00	-1.969673828e-02	2.525501611e-17
-1.055000000e-01	2.228613447e+00	-1.988370104e-02	4.188414246e-17
-1.060000000e-01	2.228619581e+00	-2.007066302e-02	3.187785056e-17
-1.065000000e-01	2.228625730e+00	-2.025762422e-02	3.949673164e-17
-1.070000000e-01	2.228631895e+00	-2.044458466e-02	3.430106777e-17
-1.075000000e-01	2.228638075e+00	-2.063154431e-02	2.284360550e-17
-1.080000000e-01	2.228644271e+00	-2.081850318e-02	3.140053778e-17
-1.085000000e-01	2.228650482e+00	-2.100546126e-02	2.759999948e-17
-1.090000000e-01	2.228656709e+00	-2.119241855e-02	2.941713044e-17
-1.095000000e-01	2.228662952e+00	-2.137937504e-02	2.356305822e-17
-1.100000000e-01	2.228669210e+00	-2.156633073e-02	3.161896981e-17
-1.105000000e-01	2.228675483e+00	-2.175328562e-02	4.321379351e-17
-1.110000000e-01	2.228681773e+00	-2.194023969e-02	3.749348221e-17
-1.115000000e-01	2.228688077e+00	-2.212719297e-02	3.604859635e-17
-1.120000000e-01	2.228694398e+00	-2.231414542e-02	2.727153729e-17
-1.125000000e-01	2.228700734e+00	-2.250109705e-02	3.472768216e-17
-1.130000000e-01	2.228707085e+00	-2.268804787e-02	3.706306021e-17
-1.135000000e-01	2.228713452e+00	-2.287499785e-02	3.453764417e-17
-1.140000000e-01	2.228719834e+00	-2.306194700e-02	3.146867605e-17
-1.145000000e-01	2.228726233e+00	-2.324889532e-02	3.211928747e-17
-1.150000000e-01	2.228732646e+00	-2.343584279e-02	4.537610999e-17
-1.155000000e-01	2.228739076e+00	-2.362278943e-02	2.236831822e-17
-1.160000000e-01	2.228745520e+00	-2.380973522e-02	3.406296513e-17
-1.165000000e-01	2.228751981e+00	-2.399668016e-02	4.039674568e-17
-1.170000000e-01	2.228758457e+00	-2.418362425e-02	3.408407435e-17
-1.175000000e-01	2.228764948e+00	-2.437056748e-02	2.553808304e-17
-1.180000000e-01	2.228771455e+00	-2.455750985e-02	2.730457716e-17
-1.185000000e-01	2.228777978e+00	-2.474445135e-02	2.919648537e-17
-1.190000000e-01	2.228784516e+00	-2.493139199e-02	1.267802243e-17
-1.195000000e-01	2.228791069e+00	-2.511833174e-02	2.870340864e-17
-1.200000000e-01	2.228797639e+00	-2.530527063e-02	3.428153310e-17
-1.205000000e-01	2.228804223e+00	-2.549220864e-02	2.902018726e-17
-1.210000000e-01	2.228810824e+00	-2.567914575e-02	2.143869670e-17
-1.215000000e-01	2.228817440e+00	-2.586608198e-02	1.540387263e-17
-1.220000000e-01	2.228824071e+00	-2.605301732e-02	1.814865954e-17
-1.225000000e-01	2.228830718e+00	-2.623995176e-02	3.154224673e-17
-1.230000000e-01	2.228837381e+00	-2.642688530e-02	2.096993901e-17
-1.235000000e-01	2.228844059e+00	-2.661381793e-02	2.377075378e-17
-1.240000000e-01	2.228850753e+00	-2.680074967e-02	1.658823566e-17
-1.245000000e-01	2.228857462e+00	-2.698768048e-02	4.179768939e-17
-1.250000000e-01	2.228864187e+00	-2.717461039e-02	2.756027639e-17
-1.255000000e-01	2.228870927e+00	-2.736153937e-02	4.940901326e-17
-1.260000000e-01	2.228877683e+00	-2.754846743e-02	3.025156177e-17
-1.265000000e-01	2.228884454e+00	-2.773539457e-02	2.921210834e-17
-1.270000000e-01	2.228891241e+00	-2.792232077e-02	3.487282514e-17
-1.275000000e-01	2.228898044e+00	-2.810924604e-02	2.566922894e-17
-1.280000000e-01	2.228904862e+00	-2.829617037e-02	3.284270894e-17
-1.285000000e-01	2.228911695e+00	-2.848309375e-02	2.853350888e-17
-1.290000000e-01	2.228918545e+00	-2.867001619e-02	3.109324631e-17
-1.295000000e-01	2.228925409e+00	-2.885693768e-02	4.169047804e-17
-1.300000000e-01	2.228932290e+00	-2.904385823e-02	2.913487088e-17
-1.305000000e-01	2.228939185e+00	-2.923077781e-02	4.316932779e-17
-1.310000000e-01	2.228946097e+00	-2.941769642e-02	3.668262028e-17
-1.315000000e-01	2.228953024e+00	-2.960461408e-02	2.342625548e-17
-1.320000000e-01	2.228959966e+00	-2.979153076e-02	1.851809743e-17
-1.325000000e-01	2.228966924e+00	-2.997844647e-02	1.596706360e-17
-1.330000000e-01	2.228973898e+00	-3.016536121e-02	2.894176628e-17
-1.335000000e-01	2.228980887e+00	-3.035227496e-02	2.927188694e-17
-1.340000000e-01	2.228987891e+00	-3.053918773e-02	2.180008881e-17
-1.345000000e-01	2.228994912e+00	-3.072609951e-02	2.943335613e-17
-1.350000000e-01	2.229001947e+00	-3.091301030e-02	1.102977620e-17
-1.355000000e-01	2.229008999e+00	-3.109992009e-02	5.626616113e-17
-1.360000000e-01	2.229016065e+00	-3.128682889e-02	3.929445241e-17
-1.365000000e-01	2.229023148e+00	-3.147373668e-02	1.867501930e-17
-1.370000000e-01	2.229030246e+00	-3.166064346e-02	3.147630285e-17
-1.375000000e-01	2.229037359e+00	-3.184754923e-02	3.683268856e-17
-1.380000000e-01	2.229044488e+00	-3.203445399e-02	3.010015692e-17
-1.385000000e-01	2.229051633e+00	-3.222135772e-02	2.707443198e-17
-1.390000000e-01	2.229058793e+00	-3.240826043e-02	3.455860718e-17
-1.395000000e-01	2.229065968e+00	-3.259516212e-02	2.874544700e-17
-1.400000000e-01	2.229073160e+00	-3.278206278e-02	3.590265355e-17
-1.405000000e-01	2.229080366e+00	-3.296896240e-02	2.701226870e-17
-1.410000000e-01	2.229087588e+00	-3.315586099e-02	3.045955421e-17
-1.415000000e-01	2.229094826e+00	-3.334275852e-02	4.130523712e-17
-1.420000000e-01	2.229102080e+00	-3.352965502e-02	2.668671278e-17
-1.425000000e-01	2.229109348e+00	-3.371655047e-02	2.531618728e-17
-1.430000000e-01	2.229116633e+00	-3.390344487e-02	4.509328662e-17
-1.435000000e-01	2.229123933e+00	-3.409033820e-02	3.527551803e-17
-1.440000000e-01	2.229131248e+00	-3.427723048e-02	4.449947734e-17
-1.445000000e-01	2.229138579e+00	-3.446412168e-02	2.843974470e-17
-1.450000000e-01	2.229145926e+00	-3.465101182e-02	2.191058109e-17
-1.455000000e-01	2.229153288e+00	-3.483790089e-02	3.694195821e-17
-1.460000000e-01	2.229160665e+00	-3.502478888e-02	3.214653071e-17
-1.465000000e-01	2.229168059e+00	-3.521167580e-02	1.626322542e-17
-1.470000000e-01	2.229175467e+00	-3.539856162e-02	1.916427195e-17
-1.475000000e-01	2.229182891e+00	-3.558544636e-02	3.238805688e-17
-1.480000000e-01	2.229190331e+00	-3.577233001e-02	1.941594056e-17
-1.485000000e-01	2.229197786e+00	-3.595921256e-02	3.097975305e-17
-1.490000000e-01	2.229205257e+00	-3.614609401e-02	3.076974320e-17
-1.495000000e-01	2.229212744e+00	-3.633297436e-02	1.585745568e-17
-1.500000000e-01	2.229220245e+00	-3.651985360e-02	4.459192665e-17
