# epsi_ci     Re(Lambda)      Im(Lambda)      Eq(det), R = 0.10 $\mu$m, $E_p$ = 0.900 eV, modo = 3, $\epsilon_\infty$ = 3.9, $\gamma_{DL}$ = 0.01 eV, solve_det_sinkz_vs_mu.py
0.000000000e+00	2.236409510e+00	2.002987978e-02	2.367671966e-17
-5.000000000e-04	2.236412368e+00	1.984244224e-02	3.488378574e-17
-1.000000000e-03	2.236415242e+00	1.965500465e-02	2.194875370e-17
-1.500000000e-03	2.236418131e+00	1.946756701e-02	2.924422658e-17
-2.000000000e-03	2.236421036e+00	1.928012934e-02	3.743061864e-17
-2.500000000e-03	2.236423957e+00	1.909269161e-02	4.028531190e-17
-3.000000000e-03	2.236426893e+00	1.890525385e-02	2.886964734e-17
-3.500000000e-03	2.236429844e+00	1.871781606e-02	3.068581634e-17
-4.000000000e-03	2.236432811e+00	1.853037824e-02	3.091567831e-17
-4.500000000e-03	2.236435794e+00	1.834294039e-02	3.065336732e-17
-5.000000000e-03	2.236438793e+00	1.815550252e-02	3.816868477e-17
-5.500000000e-03	2.236441806e+00	1.796806464e-02	4.008846468e-17
-6.000000000e-03	2.236444836e+00	1.778062674e-02	3.211807583e-17
-6.500000000e-03	2.236447881e+00	1.759318883e-02	2.141362914e-17
-7.000000000e-03	2.236450942e+00	1.740575092e-02	2.982438135e-17
-7.500000000e-03	2.236454018e+00	1.721831300e-02	2.787644844e-17
-8.000000000e-03	2.236457110e+00	1.703087509e-02	3.463345953e-17
-8.500000000e-03	2.236460217e+00	1.684343718e-02	3.423609797e-17
-9.000000000e-03	2.236463340e+00	1.665599928e-02	2.378259300e-17
-9.500000000e-03	2.236466478e+00	1.646856140e-02	4.613072593e-17
-1.000000000e-02	2.236469632e+00	1.628112353e-02	3.032623001e-17
-1.050000000e-02	2.236472802e+00	1.609368568e-02	4.284755612e-17
-1.100000000e-02	2.236475987e+00	1.590624786e-02	2.759294524e-17
-1.150000000e-02	2.236479188e+00	1.571881006e-02	2.524711069e-17
-1.200000000e-02	2.236482404e+00	1.553137230e-02	1.909398006e-17
-1.250000000e-02	2.236485636e+00	1.534393458e-02	3.231059191e-17
-1.300000000e-02	2.236488884e+00	1.515649689e-02	1.522387189e-17
-1.350000000e-02	2.236492147e+00	1.496905925e-02	1.523786615e-17
-1.400000000e-02	2.236495426e+00	1.478162166e-02	4.435586723e-17
-1.450000000e-02	2.236498720e+00	1.459418411e-02	1.755134413e-17
-1.500000000e-02	2.236502030e+00	1.440674662e-02	4.052122280e-17
-1.550000000e-02	2.236505355e+00	1.421930920e-02	2.243597343e-17
-1.600000000e-02	2.236508696e+00	1.403187183e-02	2.613025575e-17
-1.650000000e-02	2.236512053e+00	1.384443454e-02	2.617743394e-17
-1.700000000e-02	2.236515425e+00	1.365699731e-02	3.785238663e-17
-1.750000000e-02	2.236518812e+00	1.346956016e-02	2.367727934e-17
-1.800000000e-02	2.236522216e+00	1.328212309e-02	3.523467300e-17
-1.850000000e-02	2.236525635e+00	1.309468610e-02	2.736202663e-17
-1.900000000e-02	2.236529069e+00	1.290724919e-02	2.755515004e-17
-1.950000000e-02	2.236532519e+00	1.271981237e-02	3.005314933e-17
-2.000000000e-02	2.236535985e+00	1.253237566e-02	2.869054545e-17
-2.050000000e-02	2.236539466e+00	1.234493903e-02	3.216132348e-17
-2.100000000e-02	2.236542962e+00	1.215750251e-02	3.469394460e-17
-2.150000000e-02	2.236546475e+00	1.197006609e-02	3.024118689e-17
-2.200000000e-02	2.236550002e+00	1.178262979e-02	2.798890732e-17
-2.250000000e-02	2.236553546e+00	1.159519359e-02	2.988876339e-17
-2.300000000e-02	2.236557105e+00	1.140775751e-02	2.916524914e-17
-2.350000000e-02	2.236560680e+00	1.122032156e-02	2.193645097e-17
-2.400000000e-02	2.236564270e+00	1.103288573e-02	3.293336069e-17
-2.450000000e-02	2.236567875e+00	1.084545003e-02	2.833229644e-17
-2.500000000e-02	2.236571497e+00	1.065801445e-02	3.872402248e-17
-2.550000000e-02	2.236575134e+00	1.047057902e-02	2.960225946e-17
-2.600000000e-02	2.236578786e+00	1.028314373e-02	4.161010863e-17
-2.650000000e-02	2.236582454e+00	1.009570857e-02	3.951594314e-17
-2.700000000e-02	2.236586138e+00	9.908273566e-03	3.444353129e-17
-2.750000000e-02	2.236589837e+00	9.720838720e-03	2.743587599e-17
-2.800000000e-02	2.236593552e+00	9.533404020e-03	1.437461393e-17
-2.850000000e-02	2.236597282e+00	9.345969483e-03	1.437116233e-17
-2.900000000e-02	2.236601028e+00	9.158535110e-03	3.661432012e-17
-2.950000000e-02	2.236604789e+00	8.971100898e-03	1.702382251e-17
-3.000000000e-02	2.236608566e+00	8.783666858e-03	1.905714384e-17
-3.050000000e-02	2.236612359e+00	8.596232995e-03	3.281687311e-17
-3.100000000e-02	2.236616167e+00	8.408799310e-03	1.785740434e-17
-3.150000000e-02	2.236619991e+00	8.221365809e-03	1.948326415e-17
-3.200000000e-02	2.236623830e+00	8.033932491e-03	2.297528901e-17
-3.250000000e-02	2.236627685e+00	7.846499359e-03	3.529475566e-17
-3.300000000e-02	2.236631556e+00	7.659066430e-03	1.717681983e-17
-3.350000000e-02	2.236635442e+00	7.471633691e-03	3.392125399e-17
-3.400000000e-02	2.236639343e+00	7.284201161e-03	2.508319105e-17
-3.450000000e-02	2.236643260e+00	7.096768831e-03	2.541361532e-17
-3.500000000e-02	2.236647193e+00	6.909336708e-03	5.743378629e-17
-3.550000000e-02	2.236651142e+00	6.721904802e-03	3.328782241e-17
-3.600000000e-02	2.236655106e+00	6.534473102e-03	4.067837881e-17
-3.650000000e-02	2.236659085e+00	6.347041639e-03	3.172625948e-17
-3.700000000e-02	2.236663080e+00	6.159610386e-03	2.487935135e-17
-3.750000000e-02	2.236667091e+00	5.972179373e-03	3.302222930e-17
-3.800000000e-02	2.236671117e+00	5.784748582e-03	1.473940478e-17
-3.850000000e-02	2.236675159e+00	5.597318031e-03	2.017282624e-17
-3.900000000e-02	2.236679216e+00	5.409887722e-03	1.639282865e-17
-3.950000000e-02	2.236683289e+00	5.222457653e-03	7.278405775e-18
-4.000000000e-02	2.236687378e+00	5.035027829e-03	2.752888389e-17
-4.050000000e-02	2.236691482e+00	4.847598261e-03	1.253126565e-17
-4.100000000e-02	2.236695601e+00	4.660168947e-03	1.638845120e-17
-4.150000000e-02	2.236699736e+00	4.472739893e-03	2.296119840e-17
-4.200000000e-02	2.236703887e+00	4.285311102e-03	4.000145811e-17
-4.250000000e-02	2.236708054e+00	4.097882577e-03	3.584660620e-17
-4.300000000e-02	2.236712235e+00	3.910454318e-03	3.582321749e-17
-4.350000000e-02	2.236716433e+00	3.723026337e-03	2.528442434e-17
-4.400000000e-02	2.236720646e+00	3.535598634e-03	3.378597423e-17
-4.450000000e-02	2.236724875e+00	3.348171209e-03	3.110170167e-17
-4.500000000e-02	2.236729119e+00	3.160744070e-03	2.595638673e-17
-4.550000000e-02	2.236733379e+00	2.973317223e-03	1.857524640e-17
-4.600000000e-02	2.236737654e+00	2.785890670e-03	1.084665892e-17
-4.650000000e-02	2.236741945e+00	2.598464417e-03	2.213672863e-17
-4.700000000e-02	2.236746251e+00	2.411038459e-03	3.187375367e-17
-4.750000000e-02	2.236750574e+00	2.223612807e-03	1.511403450e-17
-4.800000000e-02	2.236754911e+00	2.036187467e-03	3.107706269e-17
-4.850000000e-02	2.236759264e+00	1.848762438e-03	4.518024440e-17
-4.900000000e-02	2.236763633e+00	1.661337725e-03	1.542198279e-17
-4.950000000e-02	2.236768018e+00	1.473913334e-03	3.841786599e-17
-5.000000000e-02	2.236772417e+00	1.286489263e-03	1.525908666e-17
-5.050000000e-02	2.236776833e+00	1.099065520e-03	4.369789781e-17
-5.100000000e-02	2.236781264e+00	9.116421139e-04	3.049186407e-17
-5.150000000e-02	2.236785711e+00	7.242190344e-04	2.392601320e-17
-5.200000000e-02	2.236790173e+00	5.367963079e-04	4.712291527e-17
-5.250000000e-02	2.236794651e+00	3.493739141e-04	2.959314975e-17
-5.300000000e-02	2.236799144e+00	1.619518636e-04	2.980676505e-17
-5.350000000e-02	2.236803653e+00	-2.546982948e-05	3.005574729e-17
-5.400000000e-02	2.236808177e+00	-2.128911615e-04	3.588904030e-17
-5.450000000e-02	2.236812717e+00	-4.003121479e-04	2.083913714e-17
-5.500000000e-02	2.236817273e+00	-5.877327608e-04	3.663652769e-17
-5.550000000e-02	2.236821844e+00	-7.751530145e-04	1.877793239e-17
-5.600000000e-02	2.236826431e+00	-9.625728997e-04	2.440148998e-17
-5.650000000e-02	2.236831033e+00	-1.149992405e-03	2.959714021e-17
-5.700000000e-02	2.236835651e+00	-1.337411532e-03	2.928842264e-17
-5.750000000e-02	2.236840285e+00	-1.524830281e-03	1.875656192e-17
-5.800000000e-02	2.236844934e+00	-1.712248649e-03	3.708143112e-17
-5.850000000e-02	2.236849598e+00	-1.899666621e-03	1.796652151e-17
-5.900000000e-02	2.236854278e+00	-2.087084202e-03	2.801571308e-17
-5.950000000e-02	2.236858974e+00	-2.274501383e-03	4.828756130e-17
-6.000000000e-02	2.236863685e+00	-2.461918167e-03	2.263196974e-17
-6.050000000e-02	2.236868412e+00	-2.649334547e-03	2.181636037e-17
-6.100000000e-02	2.236873155e+00	-2.836750519e-03	3.343117664e-17
-6.150000000e-02	2.236877913e+00	-3.024166082e-03	4.282732977e-17
-6.200000000e-02	2.236882686e+00	-3.211581219e-03	3.510464809e-17
-6.250000000e-02	2.236887475e+00	-3.398995939e-03	3.054030394e-17
-6.300000000e-02	2.236892280e+00	-3.586410242e-03	2.408199568e-17
-6.350000000e-02	2.236897100e+00	-3.773824110e-03	3.028766571e-17
-6.400000000e-02	2.236901936e+00	-3.961237548e-03	3.519277981e-17
-6.450000000e-02	2.236906787e+00	-4.148650559e-03	2.744887747e-17
-6.500000000e-02	2.236911654e+00	-4.336063121e-03	3.904826157e-17
-6.550000000e-02	2.236916537e+00	-4.523475245e-03	3.056042625e-17
-6.600000000e-02	2.236921435e+00	-4.710886922e-03	1.890615130e-17
-6.650000000e-02	2.236926349e+00	-4.898298146e-03	2.419323939e-17
-6.700000000e-02	2.236931278e+00	-5.085708920e-03	3.504707384e-17
-6.750000000e-02	2.236936223e+00	-5.273119231e-03	2.849917817e-17
-6.800000000e-02	2.236941183e+00	-5.460529082e-03	1.121616529e-17
-6.850000000e-02	2.236946159e+00	-5.647938462e-03	3.039657896e-17
-6.900000000e-02	2.236951150e+00	-5.835347383e-03	3.478673440e-17
-6.950000000e-02	2.236956157e+00	-6.022755821e-03	1.657954891e-17
-7.000000000e-02	2.236961180e+00	-6.210163788e-03	2.091361772e-17
-7.050000000e-02	2.236966218e+00	-6.397571266e-03	3.312226286e-17
-7.100000000e-02	2.236971272e+00	-6.584978265e-03	3.170790364e-17
-7.150000000e-02	2.236976341e+00	-6.772384781e-03	3.177186261e-17
-7.200000000e-02	2.236981426e+00	-6.959790799e-03	4.384081254e-17
-7.250000000e-02	2.236986526e+00	-7.147196317e-03	2.438291280e-17
-7.300000000e-02	2.236991642e+00	-7.334601336e-03	1.879271359e-17
-7.350000000e-02	2.236996774e+00	-7.522005853e-03	2.167893661e-17
-7.400000000e-02	2.237001921e+00	-7.709409854e-03	4.617081078e-17
-7.450000000e-02	2.237007084e+00	-7.896813353e-03	3.065815368e-17
-7.500000000e-02	2.237012262e+00	-8.084216338e-03	3.978403206e-17
-7.550000000e-02	2.237017456e+00	-8.271618798e-03	2.561918410e-17
-7.600000000e-02	2.237022665e+00	-8.459020728e-03	3.779734605e-17
-7.650000000e-02	2.237027890e+00	-8.646422141e-03	2.446626364e-17
-7.700000000e-02	2.237033130e+00	-8.833823021e-03	1.551789514e-17
-7.750000000e-02	2.237038386e+00	-9.021223368e-03	4.034952795e-17
-7.800000000e-02	2.237043658e+00	-9.208623170e-03	3.227269096e-17
-7.850000000e-02	2.237048945e+00	-9.396022439e-03	3.541831359e-17
-7.900000000e-02	2.237054248e+00	-9.583421149e-03	3.066405707e-17
-7.950000000e-02	2.237059566e+00	-9.770819321e-03	3.392118884e-17
-8.000000000e-02	2.237064900e+00	-9.958216933e-03	2.217729570e-17
-8.050000000e-02	2.237070249e+00	-1.014561398e-02	1.449821478e-17
-8.100000000e-02	2.237075614e+00	-1.033301048e-02	3.015621067e-17
-8.150000000e-02	2.237080995e+00	-1.052040641e-02	2.484768534e-17
-8.200000000e-02	2.237086391e+00	-1.070780177e-02	4.145586376e-17
-8.250000000e-02	2.237091803e+00	-1.089519655e-02	2.689191567e-17
-8.300000000e-02	2.237097230e+00	-1.108259076e-02	8.944768365e-18
-8.350000000e-02	2.237102673e+00	-1.126998439e-02	2.052535174e-17
-8.400000000e-02	2.237108131e+00	-1.145737743e-02	2.349306768e-17
-8.450000000e-02	2.237113605e+00	-1.164476989e-02	2.020452236e-17
-8.500000000e-02	2.237119094e+00	-1.183216175e-02	2.651583464e-17
-8.550000000e-02	2.237124599e+00	-1.201955301e-02	4.247702387e-17
-8.600000000e-02	2.237130120e+00	-1.220694368e-02	2.399967558e-17
-8.650000000e-02	2.237135656e+00	-1.239433374e-02	2.182149978e-17
-8.700000000e-02	2.237141207e+00	-1.258172319e-02	5.206680592e-17
-8.750000000e-02	2.237146775e+00	-1.276911204e-02	2.337414080e-17
-8.800000000e-02	2.237152357e+00	-1.295650027e-02	2.806321979e-17
-8.850000000e-02	2.237157956e+00	-1.314388788e-02	2.618161608e-17
-8.900000000e-02	2.237163570e+00	-1.333127487e-02	2.060603596e-17
-8.950000000e-02	2.237169199e+00	-1.351866123e-02	2.115490475e-17
-9.000000000e-02	2.237174844e+00	-1.370604696e-02	4.420013910e-17
-9.050000000e-02	2.237180505e+00	-1.389343205e-02	2.887377842e-17
-9.100000000e-02	2.237186181e+00	-1.408081650e-02	2.692356113e-17
-9.150000000e-02	2.237191872e+00	-1.426820032e-02	3.091352380e-17
-9.200000000e-02	2.237197580e+00	-1.445558349e-02	2.786252051e-17
-9.250000000e-02	2.237203302e+00	-1.464296601e-02	3.241974438e-17
-9.300000000e-02	2.237209041e+00	-1.483034787e-02	2.714039487e-17
-9.350000000e-02	2.237214794e+00	-1.501772908e-02	3.685251631e-17
-9.400000000e-02	2.237220564e+00	-1.520510963e-02	2.127541179e-17
-9.450000000e-02	2.237226349e+00	-1.539248951e-02	3.794398857e-17
-9.500000000e-02	2.237232149e+00	-1.557986873e-02	1.007000872e-17
-9.550000000e-02	2.237237966e+00	-1.576724726e-02	3.940386282e-17
-9.600000000e-02	2.237243797e+00	-1.595462512e-02	4.949288428e-17
-9.650000000e-02	2.237249644e+00	-1.614200232e-02	3.751955035e-17
-9.700000000e-02	2.237255507e+00	-1.632937881e-02	2.603054797e-17
-9.750000000e-02	2.237261385e+00	-1.651675463e-02	1.668937010e-17
-9.800000000e-02	2.237267279e+00	-1.670412974e-02	2.688830599e-17
-9.850000000e-02	2.237273189e+00	-1.689150417e-02	9.469528163e-18
-9.900000000e-02	2.237279114e+00	-1.707887790e-02	3.976722274e-17
-9.950000000e-02	2.237285054e+00	-1.726625091e-02	3.074716839e-17
-1.000000000e-01	2.237291010e+00	-1.745362323e-02	2.105262828e-17
-1.005000000e-01	2.237296982e+00	-1.764099483e-02	1.953698693e-17
-1.010000000e-01	2.237302969e+00	-1.782836573e-02	3.144072713e-17
-1.015000000e-01	2.237308971e+00	-1.801573589e-02	3.210134999e-17
-1.020000000e-01	2.237314990e+00	-1.820310534e-02	2.640681320e-17
-1.025000000e-01	2.237321024e+00	-1.839047407e-02	3.023080050e-17
-1.030000000e-01	2.237327073e+00	-1.857784206e-02	3.012982177e-17
-1.035000000e-01	2.237333138e+00	-1.876520931e-02	2.614072760e-17
-1.040000000e-01	2.237339218e+00	-1.895257584e-02	2.818352395e-17
-1.045000000e-01	2.237345314e+00	-1.913994162e-02	3.224245631e-17
-1.050000000e-01	2.237351426e+00	-1.932730665e-02	3.695681631e-17
-1.055000000e-01	2.237357553e+00	-1.951467093e-02	3.050198534e-17
-1.060000000e-01	2.237363695e+00	-1.970203446e-02	2.141575197e-17
-1.065000000e-01	2.237369854e+00	-1.988939724e-02	4.266653141e-17
-1.070000000e-01	2.237376027e+00	-2.007675925e-02	3.168602835e-17
-1.075000000e-01	2.237382217e+00	-2.026412050e-02	1.995801707e-17
-1.080000000e-01	2.237388421e+00	-2.045148098e-02	2.966564967e-17
-1.085000000e-01	2.237394642e+00	-2.063884069e-02	2.608123599e-17
-1.090000000e-01	2.237400878e+00	-2.082619963e-02	2.756229471e-17
-1.095000000e-01	2.237407129e+00	-2.101355778e-02	2.213831463e-17
-1.100000000e-01	2.237413396e+00	-2.120091515e-02	3.166177696e-17
-1.105000000e-01	2.237419679e+00	-2.138827173e-02	2.151161689e-17
-1.110000000e-01	2.237425977e+00	-2.157562752e-02	2.283840918e-17
-1.115000000e-01	2.237432290e+00	-2.176298253e-02	3.593758414e-17
-1.120000000e-01	2.237438619e+00	-2.195033672e-02	2.151245913e-17
-1.125000000e-01	2.237444964e+00	-2.213769011e-02	3.512022192e-17
-1.130000000e-01	2.237451324e+00	-2.232504270e-02	2.405276256e-17
-1.135000000e-01	2.237457700e+00	-2.251239448e-02	3.315469188e-17
-1.140000000e-01	2.237464091e+00	-2.269974545e-02	2.653267309e-17
-1.145000000e-01	2.237470498e+00	-2.288709559e-02	8.525275484e-18
-1.150000000e-01	2.237476921e+00	-2.307444491e-02	5.083240417e-17
-1.155000000e-01	2.237483359e+00	-2.326179342e-02	1.521686260e-17
-1.160000000e-01	2.237489812e+00	-2.344914109e-02	2.382082585e-17
-1.165000000e-01	2.237496281e+00	-2.363648792e-02	2.384430296e-17
-1.170000000e-01	2.237502766e+00	-2.382383393e-02	3.447876381e-17
-1.175000000e-01	2.237509266e+00	-2.401117908e-02	1.907757498e-17
-1.180000000e-01	2.237515782e+00	-2.419852339e-02	3.712908999e-17
-1.185000000e-01	2.237522313e+00	-2.438586687e-02	2.956555316e-17
-1.190000000e-01	2.237528860e+00	-2.457320948e-02	2.872675116e-17
-1.195000000e-01	2.237535422e+00	-2.476055124e-02	2.200995162e-17
-1.200000000e-01	2.237542000e+00	-2.494789213e-02	3.695895428e-17
-1.205000000e-01	2.237548593e+00	-2.513523216e-02	3.408174063e-17
-1.210000000e-01	2.237555202e+00	-2.532257133e-02	2.557212097e-17
-1.215000000e-01	2.237561826e+00	-2.550990962e-02	3.401082794e-17
-1.220000000e-01	2.237568466e+00	-2.569724704e-02	1.837533589e-17
-1.225000000e-01	2.237575122e+00	-2.588458359e-02	2.397610121e-17
-1.230000000e-01	2.237581793e+00	-2.607191924e-02	2.940246733e-17
-1.235000000e-01	2.237588479e+00	-2.625925401e-02	2.812598794e-17
-1.240000000e-01	2.237595181e+00	-2.644658789e-02	2.164739038e-17
-1.245000000e-01	2.237601899e+00	-2.663392088e-02	2.286236489e-17
-1.250000000e-01	2.237608632e+00	-2.682125296e-02	2.643386629e-17
-1.255000000e-01	2.237615381e+00	-2.700858415e-02	2.782712244e-17
-1.260000000e-01	2.237622145e+00	-2.719591443e-02	3.362959182e-17
-1.265000000e-01	2.237628925e+00	-2.738324380e-02	4.135661755e-17
-1.270000000e-01	2.237635720e+00	-2.757057226e-02	1.548453252e-17
-1.275000000e-01	2.237642531e+00	-2.775789980e-02	3.906627561e-17
-1.280000000e-01	2.237649357e+00	-2.794522642e-02	2.597548336e-17
-1.285000000e-01	2.237656199e+00	-2.813255211e-02	3.264868315e-17
-1.290000000e-01	2.237663057e+00	-2.831987688e-02	4.026384640e-17
-1.295000000e-01	2.237669930e+00	-2.850720071e-02	2.058810705e-17
-1.300000000e-01	2.237676818e+00	-2.869452361e-02	1.801085527e-17
-1.305000000e-01	2.237683722e+00	-2.888184556e-02	2.814744822e-17
-1.310000000e-01	2.237690642e+00	-2.906916658e-02	3.814832554e-17
-1.315000000e-01	2.237697577e+00	-2.925648664e-02	2.811704700e-17
-1.320000000e-01	2.237704527e+00	-2.944380576e-02	1.043100194e-17
-1.325000000e-01	2.237711494e+00	-2.963112392e-02	3.777596724e-17
-1.330000000e-01	2.237718475e+00	-2.981844111e-02	2.683689456e-17
-1.335000000e-01	2.237725472e+00	-3.000575735e-02	2.011127340e-17
-1.340000000e-01	2.237732485e+00	-3.019307262e-02	3.432639627e-17
-1.345000000e-01	2.237739513e+00	-3.038038692e-02	2.499886065e-17
-1.350000000e-01	2.237746557e+00	-3.056770025e-02	3.498722706e-17
-1.355000000e-01	2.237753617e+00	-3.075501259e-02	2.373067025e-17
-1.360000000e-01	2.237760691e+00	-3.094232395e-02	2.601092482e-17
-1.365000000e-01	2.237767782e+00	-3.112963433e-02	2.540120314e-17
-1.370000000e-01	2.237774888e+00	-3.131694372e-02	3.816318984e-17
-1.375000000e-01	2.237782009e+00	-3.150425212e-02	2.403383528e-17
-1.380000000e-01	2.237789146e+00	-3.169155951e-02	3.828300879e-17
-1.385000000e-01	2.237796298e+00	-3.187886591e-02	2.580267526e-17
-1.390000000e-01	2.237803466e+00	-3.206617130e-02	3.257164181e-17
-1.395000000e-01	2.237810650e+00	-3.225347569e-02	2.845262525e-17
-1.400000000e-01	2.237817849e+00	-3.244077906e-02	3.292242885e-17
-1.405000000e-01	2.237825064e+00	-3.262808141e-02	1.176352710e-17
-1.410000000e-01	2.237832294e+00	-3.281538275e-02	2.966378581e-17
-1.415000000e-01	2.237839539e+00	-3.300268306e-02	2.542362600e-17
-1.420000000e-01	2.237846800e+00	-3.318998234e-02	3.188073803e-17
-1.425000000e-01	2.237854077e+00	-3.337728059e-02	2.793652976e-17
-1.430000000e-01	2.237861369e+00	-3.356457780e-02	2.690396655e-17
-1.435000000e-01	2.237868677e+00	-3.375187399e-02	4.273593621e-17
-1.440000000e-01	2.237876000e+00	-3.393916911e-02	3.059541479e-17
-1.445000000e-01	2.237883339e+00	-3.412646321e-02	4.895311855e-17
-1.450000000e-01	2.237890693e+00	-3.431375624e-02	4.162910653e-17
-1.455000000e-01	2.237898063e+00	-3.450104822e-02	2.124472810e-17
-1.460000000e-01	2.237905448e+00	-3.468833915e-02	5.015797725e-17
-1.465000000e-01	2.237912849e+00	-3.487562901e-02	3.481436354e-17
-1.470000000e-01	2.237920265e+00	-3.506291780e-02	1.793867732e-17
-1.475000000e-01	2.237927697e+00	-3.525020553e-02	1.166001428e-17
-1.480000000e-01	2.237935144e+00	-3.543749218e-02	2.522574756e-17
-1.485000000e-01	2.237942607e+00	-3.562477775e-02	2.261668805e-17
-1.490000000e-01	2.237950086e+00	-3.581206224e-02	4.739944758e-17
-1.495000000e-01	2.237957579e+00	-3.599934565e-02	2.309037932e-17
-1.500000000e-01	2.237965089e+00	-3.618662797e-02	3.229504470e-17
