# Im(epsi1)     Re(Lambda)      Im(Lambda)      Eq(det).Opt det SIN kz, R=0.5 \mum, Re(epsi1)=4.90solve_det_sinkz_vs_mu.py
0.000000000e+00	2.229539121e+01	4.705460625e-02	5.594457146e-12
-1.000000000e-04	2.229539153e+01	4.686647027e-02	1.872562046e-11
-2.000000000e-04	2.229539186e+01	4.667833429e-02	1.101533543e-11
-3.000000000e-04	2.229539218e+01	4.649019830e-02	3.915837736e-11
-4.000000000e-04	2.229539251e+01	4.630206232e-02	3.555028801e-11
-5.000000000e-04	2.229539283e+01	4.611392633e-02	9.775286666e-12
-6.000000000e-04	2.229539316e+01	4.592579035e-02	1.321451242e-11
-7.000000000e-04	2.229539349e+01	4.573765436e-02	2.202303843e-11
-8.000000000e-04	2.229539382e+01	4.554951838e-02	1.467669042e-11
-9.000000000e-04	2.229539416e+01	4.536138239e-02	2.757783318e-11
-1.000000000e-03	2.229539449e+01	4.517324641e-02	7.671114629e-12
-1.100000000e-03	2.229539483e+01	4.498511042e-02	1.296986072e-11
-1.200000000e-03	2.229539517e+01	4.479697444e-02	7.430966175e-11
-1.300000000e-03	2.229539551e+01	4.460883845e-02	2.712422480e-11
-1.400000000e-03	2.229539585e+01	4.442070247e-02	1.257800373e-11
-1.500000000e-03	2.229539619e+01	4.423256648e-02	1.110331852e-11
-1.600000000e-03	2.229539653e+01	4.404443050e-02	2.331262381e-11
-1.700000000e-03	2.229539688e+01	4.385629451e-02	1.812707665e-11
-1.800000000e-03	2.229539723e+01	4.366815853e-02	1.102946106e-11
-1.900000000e-03	2.229539758e+01	4.348002254e-02	1.302070715e-11
-2.000000000e-03	2.229539793e+01	4.329188656e-02	1.842236389e-11
-2.100000000e-03	2.229539828e+01	4.310375057e-02	1.655245133e-11
-2.200000000e-03	2.229539863e+01	4.291561459e-02	8.275498177e-12
-2.300000000e-03	2.229539899e+01	4.272747861e-02	1.555845584e-11
-2.400000000e-03	2.229539935e+01	4.253934262e-02	1.232048369e-11
-2.500000000e-03	2.229539971e+01	4.235120664e-02	1.070069075e-11
-2.600000000e-03	2.229540007e+01	4.216307066e-02	9.684366307e-12
-2.700000000e-03	2.229540043e+01	4.197493468e-02	8.540014532e-12
-2.800000000e-03	2.229540079e+01	4.178679870e-02	2.089427487e-11
-2.900000000e-03	2.229540116e+01	4.159866272e-02	1.399903023e-11
-3.000000000e-03	2.229540152e+01	4.141052674e-02	8.905950953e-12
-3.100000000e-03	2.229540189e+01	4.122239076e-02	1.645869262e-11
-3.200000000e-03	2.229540226e+01	4.103425478e-02	2.343567682e-11
-3.300000000e-03	2.229540263e+01	4.084611881e-02	1.778611934e-11
-3.400000000e-03	2.229540301e+01	4.065798283e-02	1.327451675e-11
-3.500000000e-03	2.229540338e+01	4.046984686e-02	8.658993751e-12
-3.600000000e-03	2.229540376e+01	4.028171088e-02	9.380529399e-12
-3.700000000e-03	2.229540414e+01	4.009357491e-02	7.883181747e-12
-3.800000000e-03	2.229540451e+01	3.990543894e-02	1.476743125e-11
-3.900000000e-03	2.229540490e+01	3.971730297e-02	1.184383222e-11
-4.000000000e-03	2.229540528e+01	3.952916700e-02	3.338995990e-11
-4.100000000e-03	2.229540566e+01	3.934103103e-02	7.937447590e-12
-4.200000000e-03	2.229540605e+01	3.915289506e-02	2.668198331e-11
-4.300000000e-03	2.229540644e+01	3.896475909e-02	7.755053585e-11
-4.400000000e-03	2.229540682e+01	3.877662313e-02	7.009020375e-11
-4.500000000e-03	2.229540721e+01	3.858848717e-02	9.468394956e-12
-4.600000000e-03	2.229540761e+01	3.840035121e-02	1.453753536e-11
-4.700000000e-03	2.229540800e+01	3.821221524e-02	1.200073496e-11
-4.800000000e-03	2.229540840e+01	3.802407929e-02	2.714422340e-11
-4.900000000e-03	2.229540879e+01	3.783594333e-02	2.162290136e-11
-5.000000000e-03	2.229540919e+01	3.764780737e-02	1.321382515e-11
-5.100000000e-03	2.229540959e+01	3.745967142e-02	1.273589967e-11
-5.200000000e-03	2.229540999e+01	3.727153546e-02	1.534855030e-11
-5.300000000e-03	2.229541040e+01	3.708339951e-02	1.106684909e-11
-5.400000000e-03	2.229541080e+01	3.689526356e-02	5.769145655e-12
-5.500000000e-03	2.229541121e+01	3.670712761e-02	1.245045365e-11
-5.600000000e-03	2.229541161e+01	3.651899167e-02	1.132868631e-11
-5.700000000e-03	2.229541202e+01	3.633085572e-02	1.616143316e-11
-5.800000000e-03	2.229541244e+01	3.614271978e-02	4.842400516e-11
-5.900000000e-03	2.229541285e+01	3.595458384e-02	1.060796523e-11
-6.000000000e-03	2.229541326e+01	3.576644790e-02	1.005178176e-11
-6.100000000e-03	2.229541368e+01	3.557831196e-02	2.086596740e-11
-6.200000000e-03	2.229541410e+01	3.539017603e-02	1.192406839e-11
-6.300000000e-03	2.229541451e+01	3.520204009e-02	7.307837183e-12
-6.400000000e-03	2.229541494e+01	3.501390416e-02	4.636984813e-11
-6.500000000e-03	2.229541536e+01	3.482576823e-02	6.583261582e-12
-6.600000000e-03	2.229541578e+01	3.463763231e-02	3.022992527e-11
-6.700000000e-03	2.229541621e+01	3.444949638e-02	1.302341230e-11
-6.800000000e-03	2.229541663e+01	3.426136046e-02	1.347070728e-11
-6.900000000e-03	2.229541706e+01	3.407322454e-02	1.319257146e-11
-7.000000000e-03	2.229541749e+01	3.388508862e-02	8.654520957e-12
-7.100000000e-03	2.229541792e+01	3.369695270e-02	7.379306269e-12
-7.200000000e-03	2.229541836e+01	3.350881679e-02	2.222399021e-11
-7.300000000e-03	2.229541879e+01	3.332068088e-02	1.560983045e-11
-7.400000000e-03	2.229541923e+01	3.313254497e-02	2.451569745e-11
-7.500000000e-03	2.229541967e+01	3.294440907e-02	1.949370799e-11
-7.600000000e-03	2.229542011e+01	3.275627316e-02	1.986524634e-11
-7.700000000e-03	2.229542055e+01	3.256813726e-02	1.425294128e-11
-7.800000000e-03	2.229542099e+01	3.238000136e-02	1.379982905e-11
-7.900000000e-03	2.229542143e+01	3.219186547e-02	1.564514024e-11
-8.000000000e-03	2.229542188e+01	3.200372957e-02	4.456603107e-11
-8.100000000e-03	2.229542233e+01	3.181559368e-02	6.212371454e-11
-8.200000000e-03	2.229542278e+01	3.162745780e-02	1.535286460e-11
-8.300000000e-03	2.229542323e+01	3.143932191e-02	1.283961442e-11
-8.400000000e-03	2.229542368e+01	3.125118603e-02	1.136575887e-11
-8.500000000e-03	2.229542413e+01	3.106305016e-02	2.577830152e-11
-8.600000000e-03	2.229542459e+01	3.087491428e-02	8.927273891e-12
-8.700000000e-03	2.229542505e+01	3.068677841e-02	1.160862202e-11
-8.800000000e-03	2.229542551e+01	3.049864254e-02	4.696043205e-11
-8.900000000e-03	2.229542597e+01	3.031050667e-02	1.600662427e-11
-9.000000000e-03	2.229542643e+01	3.012237081e-02	6.495386178e-12
-9.100000000e-03	2.229542689e+01	2.993423495e-02	1.215347589e-11
-9.200000000e-03	2.229542736e+01	2.974609909e-02	1.421123954e-11
-9.300000000e-03	2.229542782e+01	2.955796324e-02	1.084171985e-11
-9.400000000e-03	2.229542829e+01	2.936982739e-02	3.017728138e-11
-9.500000000e-03	2.229542876e+01	2.918169154e-02	2.405693887e-11
-9.600000000e-03	2.229542923e+01	2.899355570e-02	2.222020800e-11
-9.700000000e-03	2.229542971e+01	2.880541986e-02	8.948314736e-12
-9.800000000e-03	2.229543018e+01	2.861728402e-02	1.033961451e-11
-9.900000000e-03	2.229543066e+01	2.842914818e-02	1.167166249e-11
-1.000000000e-02	2.229543113e+01	2.824101235e-02	7.362647690e-12
-1.010000000e-02	2.229543161e+01	2.805287653e-02	3.826520241e-11
-1.020000000e-02	2.229543209e+01	2.786474070e-02	1.584993530e-11
-1.030000000e-02	2.229543258e+01	2.767660489e-02	1.406431501e-11
-1.040000000e-02	2.229543306e+01	2.748846907e-02	1.196476648e-11
-1.050000000e-02	2.229543355e+01	2.730033326e-02	2.866396376e-11
-1.060000000e-02	2.229543403e+01	2.711219745e-02	2.615693220e-11
-1.070000000e-02	2.229543452e+01	2.692406165e-02	9.556587324e-12
-1.080000000e-02	2.229543501e+01	2.673592585e-02	1.283172288e-11
-1.090000000e-02	2.229543550e+01	2.654779005e-02	2.226481142e-11
-1.100000000e-02	2.229543600e+01	2.635965426e-02	4.431807417e-11
-1.110000000e-02	2.229543649e+01	2.617151847e-02	8.270829041e-12
-1.120000000e-02	2.229543699e+01	2.598338268e-02	6.795304961e-12
-1.130000000e-02	2.229543749e+01	2.579524690e-02	1.480492551e-11
-1.140000000e-02	2.229543799e+01	2.560711113e-02	7.885916523e-11
-1.150000000e-02	2.229543849e+01	2.541897535e-02	1.579964392e-11
-1.160000000e-02	2.229543899e+01	2.523083958e-02	1.129266257e-11
-1.170000000e-02	2.229543950e+01	2.504270382e-02	8.950334350e-12
-1.180000000e-02	2.229544000e+01	2.485456806e-02	3.218480432e-11
-1.190000000e-02	2.229544051e+01	2.466643230e-02	2.697011632e-11
-1.200000000e-02	2.229544102e+01	2.447829655e-02	3.092671337e-11
-1.210000000e-02	2.229544153e+01	2.429016080e-02	1.027627222e-11
-1.220000000e-02	2.229544204e+01	2.410202506e-02	1.568038318e-11
-1.230000000e-02	2.229544256e+01	2.391388932e-02	1.382394003e-11
-1.240000000e-02	2.229544307e+01	2.372575359e-02	2.089577652e-11
-1.250000000e-02	2.229544359e+01	2.353761786e-02	8.894132141e-12
-1.260000000e-02	2.229544411e+01	2.334948214e-02	6.234537781e-12
-1.270000000e-02	2.229544463e+01	2.316134642e-02	2.588847338e-11
-1.280000000e-02	2.229544515e+01	2.297321070e-02	8.040272918e-12
-1.290000000e-02	2.229544568e+01	2.278507499e-02	1.030970882e-11
-1.300000000e-02	2.229544620e+01	2.259693928e-02	3.394815775e-11
-1.310000000e-02	2.229544673e+01	2.240880358e-02	1.549574667e-11
-1.320000000e-02	2.229544726e+01	2.222066789e-02	4.159932873e-12
-1.330000000e-02	2.229544779e+01	2.203253219e-02	3.180342456e-11
-1.340000000e-02	2.229544832e+01	2.184439651e-02	9.569527312e-12
-1.350000000e-02	2.229544885e+01	2.165626083e-02	1.085878880e-11
-1.360000000e-02	2.229544939e+01	2.146812515e-02	2.465217353e-11
-1.370000000e-02	2.229544992e+01	2.127998948e-02	7.925309965e-12
-1.380000000e-02	2.229545046e+01	2.109185381e-02	1.068706798e-11
-1.390000000e-02	2.229545100e+01	2.090371815e-02	2.303313918e-11
-1.400000000e-02	2.229545154e+01	2.071558249e-02	6.198093398e-11
-1.410000000e-02	2.229545209e+01	2.052744684e-02	2.031158947e-11
-1.420000000e-02	2.229545263e+01	2.033931119e-02	2.814118830e-11
-1.430000000e-02	2.229545318e+01	2.015117555e-02	1.615918548e-11
-1.440000000e-02	2.229545372e+01	1.996303992e-02	6.980586575e-12
-1.450000000e-02	2.229545427e+01	1.977490428e-02	1.006196302e-11
-1.460000000e-02	2.229545482e+01	1.958676866e-02	1.945043999e-11
-1.470000000e-02	2.229545537e+01	1.939863304e-02	1.519421348e-11
-1.480000000e-02	2.229545593e+01	1.921049743e-02	1.766963105e-11
-1.490000000e-02	2.229545648e+01	1.902236182e-02	2.677441399e-11
-1.500000000e-02	2.229545704e+01	1.883422621e-02	8.466921162e-12
-1.510000000e-02	2.229545760e+01	1.864609062e-02	9.494576625e-12
-1.520000000e-02	2.229545816e+01	1.845795502e-02	4.670658244e-11
-1.530000000e-02	2.229545872e+01	1.826981944e-02	1.175884162e-11
-1.540000000e-02	2.229545929e+01	1.808168386e-02	9.040916348e-12
-1.550000000e-02	2.229545985e+01	1.789354828e-02	1.048292066e-11
-1.560000000e-02	2.229546042e+01	1.770541271e-02	8.996185559e-12
-1.570000000e-02	2.229546098e+01	1.751727715e-02	2.091325678e-11
-1.580000000e-02	2.229546155e+01	1.732914159e-02	1.775098955e-11
-1.590000000e-02	2.229546213e+01	1.714100604e-02	9.656073216e-12
-1.600000000e-02	2.229546270e+01	1.695287049e-02	1.492407476e-11
-1.610000000e-02	2.229546327e+01	1.676473495e-02	1.538718192e-11
-1.620000000e-02	2.229546385e+01	1.657659942e-02	3.285853891e-11
-1.630000000e-02	2.229546443e+01	1.638846389e-02	9.844108847e-12
-1.640000000e-02	2.229546501e+01	1.620032837e-02	1.438716205e-11
-1.650000000e-02	2.229546559e+01	1.601219285e-02	6.722668457e-12
-1.660000000e-02	2.229546617e+01	1.582405734e-02	9.489092992e-12
-1.670000000e-02	2.229546675e+01	1.563592184e-02	1.437807077e-11
-1.680000000e-02	2.229546734e+01	1.544778634e-02	1.146258005e-11
-1.690000000e-02	2.229546793e+01	1.525965085e-02	8.945343806e-12
-1.700000000e-02	2.229546851e+01	1.507151536e-02	5.793759341e-12
-1.710000000e-02	2.229546910e+01	1.488337989e-02	4.251720675e-11
-1.720000000e-02	2.229546970e+01	1.469524441e-02	8.705341536e-12
-1.730000000e-02	2.229547029e+01	1.450710895e-02	1.156772085e-11
-1.740000000e-02	2.229547089e+01	1.431897349e-02	1.264649332e-11
-1.750000000e-02	2.229547148e+01	1.413083804e-02	2.697615548e-11
-1.760000000e-02	2.229547208e+01	1.394270259e-02	9.865934021e-12
-1.770000000e-02	2.229547268e+01	1.375456715e-02	6.682318949e-12
-1.780000000e-02	2.229547328e+01	1.356643172e-02	1.343467967e-11
-1.790000000e-02	2.229547388e+01	1.337829629e-02	1.842937476e-11
-1.800000000e-02	2.229547449e+01	1.319016087e-02	1.841826226e-11
-1.810000000e-02	2.229547510e+01	1.300202546e-02	1.868581731e-11
-1.820000000e-02	2.229547570e+01	1.281389005e-02	4.833457129e-11
-1.830000000e-02	2.229547631e+01	1.262575465e-02	9.156806023e-12
-1.840000000e-02	2.229547692e+01	1.243761926e-02	9.775886787e-12
-1.850000000e-02	2.229547754e+01	1.224948388e-02	6.447470618e-12
-1.860000000e-02	2.229547815e+01	1.206134850e-02	1.220068618e-11
-1.870000000e-02	2.229547877e+01	1.187321313e-02	8.828339634e-12
-1.880000000e-02	2.229547938e+01	1.168507776e-02	1.542924002e-11
-1.890000000e-02	2.229548000e+01	1.149694241e-02	1.451650645e-11
-1.900000000e-02	2.229548062e+01	1.130880706e-02	1.572192175e-11
-1.910000000e-02	2.229548124e+01	1.112067171e-02	1.174171267e-11
-1.920000000e-02	2.229548187e+01	1.093253638e-02	1.888035269e-11
-1.930000000e-02	2.229548249e+01	1.074440105e-02	1.341515094e-11
-1.940000000e-02	2.229548312e+01	1.055626573e-02	1.330181836e-11
-1.950000000e-02	2.229548375e+01	1.036813042e-02	4.980873547e-11
-1.960000000e-02	2.229548438e+01	1.017999511e-02	1.741279435e-11
-1.970000000e-02	2.229548501e+01	9.991859808e-03	6.351395877e-12
-1.980000000e-02	2.229548564e+01	9.803724517e-03	1.438502323e-11
-1.990000000e-02	2.229548628e+01	9.615589232e-03	9.290453301e-12
-2.000000000e-02	2.229548691e+01	9.427453957e-03	2.782022334e-11
-2.010000000e-02	2.229548755e+01	9.239318686e-03	2.284794253e-11
-2.020000000e-02	2.229548819e+01	9.051183425e-03	2.165418427e-11
-2.030000000e-02	2.229548883e+01	8.863048171e-03	9.615878099e-12
-2.040000000e-02	2.229548947e+01	8.674912925e-03	7.379670106e-12
-2.050000000e-02	2.229549012e+01	8.486777686e-03	5.769052850e-12
-2.060000000e-02	2.229549076e+01	8.298642456e-03	5.981700392e-12
-2.070000000e-02	2.229549141e+01	8.110507234e-03	4.192707503e-11
-2.080000000e-02	2.229549206e+01	7.922372018e-03	1.850377385e-11
-2.090000000e-02	2.229549271e+01	7.734236810e-03	2.048377282e-11
-2.100000000e-02	2.229549336e+01	7.546101612e-03	1.659513022e-11
-2.110000000e-02	2.229549402e+01	7.357966421e-03	2.857108181e-11
-2.120000000e-02	2.229549467e+01	7.169831237e-03	2.258515720e-11
-2.130000000e-02	2.229549533e+01	6.981696062e-03	5.915375972e-11
-2.140000000e-02	2.229549599e+01	6.793560894e-03	1.518520221e-11
-2.150000000e-02	2.229549665e+01	6.605425735e-03	1.001302716e-11
-2.160000000e-02	2.229549731e+01	6.417290585e-03	2.788270009e-11
-2.170000000e-02	2.229549797e+01	6.229155441e-03	2.605698741e-11
-2.180000000e-02	2.229549864e+01	6.041020307e-03	9.258672968e-12
-2.190000000e-02	2.229549931e+01	5.852885180e-03	9.080711318e-12
-2.200000000e-02	2.229549997e+01	5.664750063e-03	1.043153179e-11
-2.210000000e-02	2.229550064e+01	5.476614953e-03	6.532373250e-12
-2.220000000e-02	2.229550131e+01	5.288479851e-03	2.279939923e-11
-2.230000000e-02	2.229550199e+01	5.100344758e-03	2.269676362e-11
-2.240000000e-02	2.229550266e+01	4.912209675e-03	7.913309855e-12
-2.250000000e-02	2.229550334e+01	4.724074599e-03	8.205709685e-12
-2.260000000e-02	2.229550401e+01	4.535939533e-03	2.583376524e-11
-2.270000000e-02	2.229550469e+01	4.347804474e-03	1.158427333e-11
-2.280000000e-02	2.229550537e+01	4.159669423e-03	1.664797993e-11
-2.290000000e-02	2.229550606e+01	3.971534382e-03	9.974604296e-12
-2.300000000e-02	2.229550674e+01	3.783399350e-03	1.159774882e-11
-2.310000000e-02	2.229550743e+01	3.595264325e-03	2.633543672e-11
-2.320000000e-02	2.229550811e+01	3.407129311e-03	1.020323631e-11
-2.330000000e-02	2.229550880e+01	3.218994305e-03	1.053947887e-11
-2.340000000e-02	2.229550949e+01	3.030859308e-03	1.298120672e-11
-2.350000000e-02	2.229551018e+01	2.842724319e-03	6.892374643e-12
-2.360000000e-02	2.229551088e+01	2.654589339e-03	1.905148551e-11
-2.370000000e-02	2.229551157e+01	2.466454369e-03	1.082182538e-11
-2.380000000e-02	2.229551227e+01	2.278319409e-03	1.639569475e-11
-2.390000000e-02	2.229551297e+01	2.090184456e-03	8.563298802e-12
-2.400000000e-02	2.229551367e+01	1.902049513e-03	7.185791408e-12
-2.410000000e-02	2.229551437e+01	1.713914579e-03	2.313026327e-11
-2.420000000e-02	2.229551507e+01	1.525779654e-03	8.906884888e-12
-2.430000000e-02	2.229551578e+01	1.337644739e-03	8.509767731e-12
-2.440000000e-02	2.229551648e+01	1.149509833e-03	4.821131543e-11
-2.450000000e-02	2.229551719e+01	9.613749342e-04	3.325592205e-11
-2.460000000e-02	2.229551790e+01	7.732400477e-04	7.990132492e-12
-2.470000000e-02	2.229551861e+01	5.851051692e-04	1.079441642e-11
-2.480000000e-02	2.229551932e+01	3.969703011e-04	1.019647781e-11
-2.490000000e-02	2.229552004e+01	2.088354414e-04	1.153753381e-11
-2.500000000e-02	2.229552075e+01	2.070059226e-05	1.596350962e-11
-2.510000000e-02	2.229552147e+01	-1.674342481e-04	2.310322277e-11
-2.520000000e-02	2.229552219e+01	-3.555690793e-04	1.555616064e-11
-2.530000000e-02	2.229552291e+01	-5.437039001e-04	9.144640540e-12
-2.540000000e-02	2.229552363e+01	-7.318387109e-04	8.246155536e-12
-2.550000000e-02	2.229552435e+01	-9.199735122e-04	1.587454389e-11
-2.560000000e-02	2.229552508e+01	-1.108108305e-03	4.115179615e-11
-2.570000000e-02	2.229552581e+01	-1.296243086e-03	3.574559634e-11
-2.580000000e-02	2.229552653e+01	-1.484377858e-03	1.475583872e-11
-2.590000000e-02	2.229552726e+01	-1.672512621e-03	7.297283031e-12
-2.600000000e-02	2.229552799e+01	-1.860647373e-03	7.626017269e-12
-2.610000000e-02	2.229552873e+01	-2.048782116e-03	1.073872374e-11
-2.620000000e-02	2.229552946e+01	-2.236916847e-03	1.180043144e-11
-2.630000000e-02	2.229553020e+01	-2.425051570e-03	1.767405198e-11
-2.640000000e-02	2.229553094e+01	-2.613186282e-03	1.442131610e-11
-2.650000000e-02	2.229553168e+01	-2.801320985e-03	5.275497754e-11
-2.660000000e-02	2.229553242e+01	-2.989455676e-03	3.366282900e-11
-2.670000000e-02	2.229553316e+01	-3.177590358e-03	1.031136588e-11
-2.680000000e-02	2.229553390e+01	-3.365725033e-03	1.189659638e-10
-2.690000000e-02	2.229553465e+01	-3.553859691e-03	1.801842795e-11
-2.700000000e-02	2.229553540e+01	-3.741994341e-03	1.900756005e-11
-2.710000000e-02	2.229553615e+01	-3.930128981e-03	3.222690449e-11
-2.720000000e-02	2.229553690e+01	-4.118263612e-03	5.682067694e-12
-2.730000000e-02	2.229553765e+01	-4.306398232e-03	2.622757090e-11
-2.740000000e-02	2.229553840e+01	-4.494532842e-03	3.256773386e-11
-2.750000000e-02	2.229553916e+01	-4.682667440e-03	1.453881607e-11
-2.760000000e-02	2.229553991e+01	-4.870802028e-03	5.362821298e-12
-2.770000000e-02	2.229554067e+01	-5.058936606e-03	1.928722546e-11
-2.780000000e-02	2.229554143e+01	-5.247071173e-03	9.475827335e-12
-2.790000000e-02	2.229554219e+01	-5.435205728e-03	1.608455051e-11
-2.800000000e-02	2.229554296e+01	-5.623340275e-03	3.219338131e-11
-2.810000000e-02	2.229554372e+01	-5.811474809e-03	7.977189594e-12
-2.820000000e-02	2.229554449e+01	-5.999609333e-03	1.718396212e-11
-2.830000000e-02	2.229554526e+01	-6.187743846e-03	8.578767815e-12
-2.840000000e-02	2.229554603e+01	-6.375878348e-03	1.098925396e-11
-2.850000000e-02	2.229554680e+01	-6.564012840e-03	1.343482999e-11
-2.860000000e-02	2.229554757e+01	-6.752147320e-03	1.731926714e-11
-2.870000000e-02	2.229554834e+01	-6.940281789e-03	3.054057825e-11
-2.880000000e-02	2.229554912e+01	-7.128416247e-03	2.000663765e-11
-2.890000000e-02	2.229554990e+01	-7.316550693e-03	2.767048834e-11
-2.900000000e-02	2.229555068e+01	-7.504685130e-03	2.034976656e-11
-2.910000000e-02	2.229555146e+01	-7.692819555e-03	9.564129575e-12
-2.920000000e-02	2.229555224e+01	-7.880953968e-03	2.074003274e-11
-2.930000000e-02	2.229555302e+01	-8.069088371e-03	1.157960482e-11
-2.940000000e-02	2.229555381e+01	-8.257222763e-03	9.213928209e-12
-2.950000000e-02	2.229555460e+01	-8.445357142e-03	1.726894383e-11
-2.960000000e-02	2.229555538e+01	-8.633491511e-03	7.003472864e-12
-2.970000000e-02	2.229555617e+01	-8.821625868e-03	7.983901966e-12
-2.980000000e-02	2.229555697e+01	-9.009760213e-03	1.534772373e-11
-2.990000000e-02	2.229555776e+01	-9.197894548e-03	1.063344475e-11
-3.000000000e-02	2.229555855e+01	-9.386028870e-03	6.604153591e-12
-3.010000000e-02	2.229555935e+01	-9.574163181e-03	2.592015261e-11
-3.020000000e-02	2.229556015e+01	-9.762297481e-03	1.257450702e-11
-3.030000000e-02	2.229556095e+01	-9.950431768e-03	7.989536539e-12
-3.040000000e-02	2.229556175e+01	-1.013856604e-02	5.509417344e-12
-3.050000000e-02	2.229556255e+01	-1.032670031e-02	7.408124971e-12
-3.060000000e-02	2.229556336e+01	-1.051483456e-02	2.229191285e-11
-3.070000000e-02	2.229556416e+01	-1.070296880e-02	5.124135313e-12
-3.080000000e-02	2.229556497e+01	-1.089110303e-02	1.438526716e-11
-3.090000000e-02	2.229556578e+01	-1.107923725e-02	9.573360376e-12
-3.100000000e-02	2.229556659e+01	-1.126737145e-02	4.181216863e-12
-3.110000000e-02	2.229556740e+01	-1.145550565e-02	2.826676738e-11
-3.120000000e-02	2.229556822e+01	-1.164363983e-02	1.091506397e-11
-3.130000000e-02	2.229556903e+01	-1.183177400e-02	1.305731706e-11
-3.140000000e-02	2.229556985e+01	-1.201990815e-02	5.290137701e-12
-3.150000000e-02	2.229557067e+01	-1.220804230e-02	1.508856575e-11
-3.160000000e-02	2.229557149e+01	-1.239617643e-02	2.303028346e-11
-3.170000000e-02	2.229557231e+01	-1.258431055e-02	5.412664973e-11
-3.180000000e-02	2.229557313e+01	-1.277244466e-02	1.202863444e-11
-3.190000000e-02	2.229557396e+01	-1.296057876e-02	1.252913253e-11
-3.200000000e-02	2.229557479e+01	-1.314871284e-02	2.591695036e-11
-3.210000000e-02	2.229557561e+01	-1.333684691e-02	1.178315433e-11
-3.220000000e-02	2.229557644e+01	-1.352498097e-02	9.145629771e-12
-3.230000000e-02	2.229557727e+01	-1.371311502e-02	9.973181104e-12
-3.240000000e-02	2.229557811e+01	-1.390124905e-02	9.628441528e-12
-3.250000000e-02	2.229557894e+01	-1.408938307e-02	2.022075241e-11
-3.260000000e-02	2.229557978e+01	-1.427751708e-02	2.845511241e-11
-3.270000000e-02	2.229558062e+01	-1.446565108e-02	5.668766601e-12
-3.280000000e-02	2.229558146e+01	-1.465378506e-02	1.332464012e-11
-3.290000000e-02	2.229558230e+01	-1.484191903e-02	1.509309854e-11
-3.300000000e-02	2.229558314e+01	-1.503005299e-02	5.873889934e-12
-3.310000000e-02	2.229558398e+01	-1.521818694e-02	1.219063174e-11
-3.320000000e-02	2.229558483e+01	-1.540632087e-02	7.944071159e-12
-3.330000000e-02	2.229558568e+01	-1.559445479e-02	1.096273741e-11
-3.340000000e-02	2.229558652e+01	-1.578258870e-02	2.788527620e-11
-3.350000000e-02	2.229558737e+01	-1.597072259e-02	1.273541218e-11
-3.360000000e-02	2.229558823e+01	-1.615885647e-02	7.634290061e-12
-3.370000000e-02	2.229558908e+01	-1.634699034e-02	1.170167245e-11
-3.380000000e-02	2.229558994e+01	-1.653512419e-02	6.755856623e-12
-3.390000000e-02	2.229559079e+01	-1.672325804e-02	1.830487433e-11
-3.400000000e-02	2.229559165e+01	-1.691139186e-02	1.253714766e-11
-3.410000000e-02	2.229559251e+01	-1.709952568e-02	2.435322548e-11
-3.420000000e-02	2.229559337e+01	-1.728765948e-02	1.744837899e-11
-3.430000000e-02	2.229559424e+01	-1.747579327e-02	8.929798350e-12
-3.440000000e-02	2.229559510e+01	-1.766392705e-02	1.123235312e-11
-3.450000000e-02	2.229559597e+01	-1.785206081e-02	1.281732096e-11
-3.460000000e-02	2.229559683e+01	-1.804019456e-02	1.583177164e-11
-3.470000000e-02	2.229559770e+01	-1.822832829e-02	1.069824917e-11
-3.480000000e-02	2.229559857e+01	-1.841646202e-02	2.128107529e-11
-3.490000000e-02	2.229559945e+01	-1.860459573e-02	9.165904899e-12
-3.500000000e-02	2.229560032e+01	-1.879272942e-02	9.742750376e-12
-3.510000000e-02	2.229560120e+01	-1.898086310e-02	8.344903255e-12
-3.520000000e-02	2.229560207e+01	-1.916899677e-02	7.538788108e-12
-3.530000000e-02	2.229560295e+01	-1.935713042e-02	3.313443288e-11
-3.540000000e-02	2.229560383e+01	-1.954526407e-02	1.320768615e-11
-3.550000000e-02	2.229560472e+01	-1.973339769e-02	1.205052004e-11
-3.560000000e-02	2.229560560e+01	-1.992153131e-02	8.256384483e-12
-3.570000000e-02	2.229560649e+01	-2.010966491e-02	2.547724154e-11
-3.580000000e-02	2.229560737e+01	-2.029779849e-02	4.208071418e-11
-3.590000000e-02	2.229560826e+01	-2.048593206e-02	3.791744952e-11
-3.600000000e-02	2.229560915e+01	-2.067406562e-02	1.413071001e-11
-3.610000000e-02	2.229561004e+01	-2.086219917e-02	1.110318233e-11
-3.620000000e-02	2.229561094e+01	-2.105033269e-02	2.345438851e-11
-3.630000000e-02	2.229561183e+01	-2.123846621e-02	1.148018128e-11
-3.640000000e-02	2.229561273e+01	-2.142659971e-02	8.440753179e-12
-3.650000000e-02	2.229561362e+01	-2.161473320e-02	2.309911243e-11
-3.660000000e-02	2.229561452e+01	-2.180286667e-02	1.720643614e-11
-3.670000000e-02	2.229561543e+01	-2.199100013e-02	7.627205482e-12
-3.680000000e-02	2.229561633e+01	-2.217913358e-02	5.323774829e-11
-3.690000000e-02	2.229561723e+01	-2.236726701e-02	4.621394428e-12
-3.700000000e-02	2.229561814e+01	-2.255540042e-02	5.186346403e-11
-3.710000000e-02	2.229561905e+01	-2.274353383e-02	9.758610754e-12
-3.720000000e-02	2.229561995e+01	-2.293166721e-02	5.805703775e-12
-3.730000000e-02	2.229562087e+01	-2.311980059e-02	1.033191687e-11
-3.740000000e-02	2.229562178e+01	-2.330793395e-02	8.102831229e-12
-3.750000000e-02	2.229562269e+01	-2.349606729e-02	8.333486938e-12
-3.760000000e-02	2.229562361e+01	-2.368420062e-02	1.306831455e-11
-3.770000000e-02	2.229562452e+01	-2.387233394e-02	1.639433672e-11
-3.780000000e-02	2.229562544e+01	-2.406046723e-02	2.369459717e-11
-3.790000000e-02	2.229562636e+01	-2.424860052e-02	1.027213976e-11
-3.800000000e-02	2.229562728e+01	-2.443673379e-02	1.219062491e-11
-3.810000000e-02	2.229562821e+01	-2.462486705e-02	2.096242995e-11
-3.820000000e-02	2.229562913e+01	-2.481300029e-02	1.356636343e-11
-3.830000000e-02	2.229563006e+01	-2.500113352e-02	1.524566681e-11
-3.840000000e-02	2.229563099e+01	-2.518926673e-02	1.347189214e-11
-3.850000000e-02	2.229563192e+01	-2.537739992e-02	1.145663657e-11
-3.860000000e-02	2.229563285e+01	-2.556553311e-02	2.763987319e-11
-3.870000000e-02	2.229563378e+01	-2.575366627e-02	8.925623252e-12
-3.880000000e-02	2.229563472e+01	-2.594179942e-02	8.058217401e-12
-3.890000000e-02	2.229563565e+01	-2.612993256e-02	1.635430802e-11
-3.900000000e-02	2.229563659e+01	-2.631806568e-02	4.026643898e-11
-3.910000000e-02	2.229563753e+01	-2.650619879e-02	9.742278477e-12
-3.920000000e-02	2.229563847e+01	-2.669433188e-02	1.869233757e-11
-3.930000000e-02	2.229563941e+01	-2.688246495e-02	8.862652835e-12
-3.940000000e-02	2.229564036e+01	-2.707059802e-02	9.482302000e-12
-3.950000000e-02	2.229564130e+01	-2.725873106e-02	2.749350078e-11
-3.960000000e-02	2.229564225e+01	-2.744686409e-02	3.982241628e-11
-3.970000000e-02	2.229564320e+01	-2.763499710e-02	2.845384382e-11
-3.980000000e-02	2.229564415e+01	-2.782313010e-02	8.906307409e-12
-3.990000000e-02	2.229564510e+01	-2.801126309e-02	1.252345946e-11
-4.000000000e-02	2.229564605e+01	-2.819939605e-02	9.402647890e-12
