# Im(epsi1)     Re(Lambda)      Im(Lambda)      Eq(det).Opt det SIN kz, R=0.5 \mum, Re(epsi1)=4.90solve_det_sinkz_vs_mu.py
0.000000000e+00	2.001313432e+01	3.355158724e-02	7.200656301e-12
-1.000000000e-04	2.001313458e+01	3.338253040e-02	6.921348875e-12
-2.000000000e-04	2.001313485e+01	3.321347357e-02	1.156271108e-11
-3.000000000e-04	2.001313511e+01	3.304441674e-02	1.095425566e-11
-4.000000000e-04	2.001313538e+01	3.287535990e-02	8.630603498e-12
-5.000000000e-04	2.001313565e+01	3.270630307e-02	3.210266101e-11
-6.000000000e-04	2.001313592e+01	3.253724623e-02	3.845112436e-11
-7.000000000e-04	2.001313619e+01	3.236818940e-02	8.320265935e-12
-8.000000000e-04	2.001313646e+01	3.219913256e-02	8.743506355e-12
-9.000000000e-04	2.001313673e+01	3.203007573e-02	9.713453053e-12
-1.000000000e-03	2.001313701e+01	3.186101889e-02	2.908231614e-11
-1.100000000e-03	2.001313729e+01	3.169196206e-02	1.892163378e-11
-1.200000000e-03	2.001313756e+01	3.152290522e-02	2.239098244e-11
-1.300000000e-03	2.001313784e+01	3.135384838e-02	1.255217705e-10
-1.400000000e-03	2.001313812e+01	3.118479155e-02	1.210015937e-11
-1.500000000e-03	2.001313841e+01	3.101573472e-02	7.616397011e-12
-1.600000000e-03	2.001313869e+01	3.084667789e-02	1.732564113e-11
-1.700000000e-03	2.001313898e+01	3.067762105e-02	1.033826572e-11
-1.800000000e-03	2.001313926e+01	3.050856422e-02	1.290586018e-11
-1.900000000e-03	2.001313955e+01	3.033950739e-02	2.678071156e-11
-2.000000000e-03	2.001313984e+01	3.017045055e-02	2.245131803e-11
-2.100000000e-03	2.001314013e+01	3.000139372e-02	1.932246424e-11
-2.200000000e-03	2.001314042e+01	2.983233689e-02	1.247094862e-11
-2.300000000e-03	2.001314072e+01	2.966328006e-02	1.566007293e-11
-2.400000000e-03	2.001314101e+01	2.949422323e-02	9.449047853e-12
-2.500000000e-03	2.001314131e+01	2.932516640e-02	1.090990820e-11
-2.600000000e-03	2.001314161e+01	2.915610957e-02	4.656582818e-11
-2.700000000e-03	2.001314191e+01	2.898705274e-02	1.182899109e-11
-2.800000000e-03	2.001314221e+01	2.881799592e-02	7.720173365e-12
-2.900000000e-03	2.001314251e+01	2.864893909e-02	7.641477785e-12
-3.000000000e-03	2.001314281e+01	2.847988226e-02	1.331801619e-11
-3.100000000e-03	2.001314312e+01	2.831082544e-02	1.057980300e-11
-3.200000000e-03	2.001314343e+01	2.814176861e-02	5.454133881e-12
-3.300000000e-03	2.001314373e+01	2.797271179e-02	1.275339232e-11
-3.400000000e-03	2.001314404e+01	2.780365497e-02	2.263134875e-11
-3.500000000e-03	2.001314436e+01	2.763459815e-02	2.062150029e-11
-3.600000000e-03	2.001314467e+01	2.746554133e-02	2.026646439e-11
-3.700000000e-03	2.001314498e+01	2.729648451e-02	9.929462334e-12
-3.800000000e-03	2.001314530e+01	2.712742769e-02	3.037887204e-11
-3.900000000e-03	2.001314561e+01	2.695837087e-02	8.390485393e-12
-4.000000000e-03	2.001314593e+01	2.678931405e-02	1.318772849e-11
-4.100000000e-03	2.001314625e+01	2.662025724e-02	6.461026291e-12
-4.200000000e-03	2.001314657e+01	2.645120043e-02	5.515487306e-12
-4.300000000e-03	2.001314689e+01	2.628214361e-02	2.075524464e-11
-4.400000000e-03	2.001314722e+01	2.611308680e-02	1.254610937e-11
-4.500000000e-03	2.001314754e+01	2.594402999e-02	2.926882759e-11
-4.600000000e-03	2.001314787e+01	2.577497318e-02	7.253507917e-12
-4.700000000e-03	2.001314820e+01	2.560591638e-02	2.455999696e-11
-4.800000000e-03	2.001314853e+01	2.543685957e-02	1.790629091e-11
-4.900000000e-03	2.001314886e+01	2.526780277e-02	1.801275705e-11
-5.000000000e-03	2.001314919e+01	2.509874596e-02	1.547768256e-11
-5.100000000e-03	2.001314953e+01	2.492968916e-02	1.018816416e-11
-5.200000000e-03	2.001314986e+01	2.476063236e-02	1.325283139e-11
-5.300000000e-03	2.001315020e+01	2.459157556e-02	1.296472031e-11
-5.400000000e-03	2.001315054e+01	2.442251877e-02	1.384716248e-11
-5.500000000e-03	2.001315087e+01	2.425346197e-02	1.264014328e-11
-5.600000000e-03	2.001315122e+01	2.408440518e-02	1.044419427e-11
-5.700000000e-03	2.001315156e+01	2.391534839e-02	6.656951470e-12
-5.800000000e-03	2.001315190e+01	2.374629160e-02	2.168481883e-11
-5.900000000e-03	2.001315225e+01	2.357723481e-02	2.427610515e-11
-6.000000000e-03	2.001315259e+01	2.340817802e-02	1.266862164e-11
-6.100000000e-03	2.001315294e+01	2.323912124e-02	3.454926683e-11
-6.200000000e-03	2.001315329e+01	2.307006446e-02	8.554687882e-12
-6.300000000e-03	2.001315364e+01	2.290100768e-02	8.358957931e-12
-6.400000000e-03	2.001315399e+01	2.273195090e-02	8.479869177e-12
-6.500000000e-03	2.001315435e+01	2.256289413e-02	1.111365076e-11
-6.600000000e-03	2.001315470e+01	2.239383735e-02	2.017204662e-11
-6.700000000e-03	2.001315506e+01	2.222478058e-02	8.565162072e-12
-6.800000000e-03	2.001315542e+01	2.205572381e-02	3.153672620e-11
-6.900000000e-03	2.001315578e+01	2.188666704e-02	1.171035099e-11
-7.000000000e-03	2.001315614e+01	2.171761028e-02	9.593114260e-12
-7.100000000e-03	2.001315650e+01	2.154855351e-02	1.041396613e-11
-7.200000000e-03	2.001315686e+01	2.137949675e-02	1.637185657e-11
-7.300000000e-03	2.001315723e+01	2.121044000e-02	1.583313607e-11
-7.400000000e-03	2.001315760e+01	2.104138324e-02	4.870289703e-11
-7.500000000e-03	2.001315796e+01	2.087232649e-02	7.987468329e-12
-7.600000000e-03	2.001315833e+01	2.070326974e-02	1.253721323e-11
-7.700000000e-03	2.001315870e+01	2.053421299e-02	1.530054593e-11
-7.800000000e-03	2.001315908e+01	2.036515624e-02	1.154642563e-11
-7.900000000e-03	2.001315945e+01	2.019609950e-02	8.526542322e-12
-8.000000000e-03	2.001315983e+01	2.002704276e-02	7.457641126e-12
-8.100000000e-03	2.001316020e+01	1.985798602e-02	8.392177653e-12
-8.200000000e-03	2.001316058e+01	1.968892928e-02	1.306743197e-11
-8.300000000e-03	2.001316096e+01	1.951987255e-02	1.526417054e-11
-8.400000000e-03	2.001316134e+01	1.935081582e-02	3.282708522e-11
-8.500000000e-03	2.001316172e+01	1.918175909e-02	7.713072263e-12
-8.600000000e-03	2.001316211e+01	1.901270237e-02	1.088594634e-11
-8.700000000e-03	2.001316249e+01	1.884364564e-02	1.023621241e-11
-8.800000000e-03	2.001316288e+01	1.867458893e-02	1.309513458e-11
-8.900000000e-03	2.001316327e+01	1.850553221e-02	1.262447990e-11
-9.000000000e-03	2.001316366e+01	1.833647550e-02	1.039951770e-11
-9.100000000e-03	2.001316405e+01	1.816741879e-02	5.974777286e-12
-9.200000000e-03	2.001316444e+01	1.799836208e-02	9.137116067e-12
-9.300000000e-03	2.001316483e+01	1.782930538e-02	9.747895451e-12
-9.400000000e-03	2.001316523e+01	1.766024867e-02	9.177837588e-12
-9.500000000e-03	2.001316563e+01	1.749119198e-02	6.568591797e-11
-9.600000000e-03	2.001316602e+01	1.732213528e-02	8.256367479e-12
-9.700000000e-03	2.001316642e+01	1.715307859e-02	3.752780433e-11
-9.800000000e-03	2.001316682e+01	1.698402190e-02	2.847574785e-11
-9.900000000e-03	2.001316723e+01	1.681496522e-02	7.577840227e-12
-1.000000000e-02	2.001316763e+01	1.664590854e-02	9.043419042e-12
-1.010000000e-02	2.001316803e+01	1.647685186e-02	1.256283175e-11
-1.020000000e-02	2.001316844e+01	1.630779518e-02	9.360066843e-12
-1.030000000e-02	2.001316885e+01	1.613873851e-02	1.207548302e-10
-1.040000000e-02	2.001316926e+01	1.596968184e-02	1.615792617e-11
-1.050000000e-02	2.001316967e+01	1.580062518e-02	7.339209854e-12
-1.060000000e-02	2.001317008e+01	1.563156852e-02	1.379156032e-11
-1.070000000e-02	2.001317050e+01	1.546251186e-02	8.032258222e-12
-1.080000000e-02	2.001317091e+01	1.529345521e-02	1.915460037e-11
-1.090000000e-02	2.001317133e+01	1.512439856e-02	1.291762817e-11
-1.100000000e-02	2.001317174e+01	1.495534191e-02	9.902861834e-12
-1.110000000e-02	2.001317216e+01	1.478628527e-02	1.313036976e-11
-1.120000000e-02	2.001317259e+01	1.461722863e-02	1.070658394e-11
-1.130000000e-02	2.001317301e+01	1.444817199e-02	8.306940272e-12
-1.140000000e-02	2.001317343e+01	1.427911536e-02	2.998950850e-11
-1.150000000e-02	2.001317386e+01	1.411005873e-02	1.665516603e-11
-1.160000000e-02	2.001317428e+01	1.394100211e-02	9.498361751e-12
-1.170000000e-02	2.001317471e+01	1.377194549e-02	8.250475817e-12
-1.180000000e-02	2.001317514e+01	1.360288887e-02	2.713554113e-11
-1.190000000e-02	2.001317557e+01	1.343383226e-02	1.347161024e-11
-1.200000000e-02	2.001317600e+01	1.326477565e-02	8.442284541e-11
-1.210000000e-02	2.001317644e+01	1.309571905e-02	6.690026061e-12
-1.220000000e-02	2.001317687e+01	1.292666245e-02	1.092561181e-11
-1.230000000e-02	2.001317731e+01	1.275760585e-02	1.211943147e-11
-1.240000000e-02	2.001317775e+01	1.258854926e-02	2.207632672e-11
-1.250000000e-02	2.001317819e+01	1.241949267e-02	1.883991989e-11
-1.260000000e-02	2.001317863e+01	1.225043609e-02	1.446403749e-11
-1.270000000e-02	2.001317907e+01	1.208137951e-02	1.065751282e-11
-1.280000000e-02	2.001317951e+01	1.191232294e-02	1.636665251e-11
-1.290000000e-02	2.001317996e+01	1.174326637e-02	2.228153365e-11
-1.300000000e-02	2.001318040e+01	1.157420980e-02	2.588235748e-11
-1.310000000e-02	2.001318085e+01	1.140515324e-02	2.058016147e-11
-1.320000000e-02	2.001318130e+01	1.123609668e-02	5.271941624e-11
-1.330000000e-02	2.001318175e+01	1.106704013e-02	2.469312858e-11
-1.340000000e-02	2.001318220e+01	1.089798359e-02	7.325761077e-12
-1.350000000e-02	2.001318266e+01	1.072892704e-02	7.425345026e-12
-1.360000000e-02	2.001318311e+01	1.055987050e-02	5.586407008e-12
-1.370000000e-02	2.001318357e+01	1.039081397e-02	1.330281373e-11
-1.380000000e-02	2.001318403e+01	1.022175744e-02	7.579773033e-12
-1.390000000e-02	2.001318449e+01	1.005270092e-02	2.292497635e-11
-1.400000000e-02	2.001318495e+01	9.883644396e-03	1.086773376e-11
-1.410000000e-02	2.001318541e+01	9.714587880e-03	9.969223994e-12
-1.420000000e-02	2.001318587e+01	9.545531371e-03	1.723536238e-11
-1.430000000e-02	2.001318634e+01	9.376474864e-03	1.970121142e-11
-1.440000000e-02	2.001318680e+01	9.207418365e-03	9.383742875e-12
-1.450000000e-02	2.001318727e+01	9.038361869e-03	1.366496767e-11
-1.460000000e-02	2.001318774e+01	8.869305378e-03	3.685597461e-11
-1.470000000e-02	2.001318821e+01	8.700248893e-03	1.199751570e-11
-1.480000000e-02	2.001318868e+01	8.531192412e-03	7.153498663e-12
-1.490000000e-02	2.001318916e+01	8.362135937e-03	9.576861652e-12
-1.500000000e-02	2.001318963e+01	8.193079468e-03	2.660952464e-11
-1.510000000e-02	2.001319011e+01	8.024023001e-03	1.788550569e-11
-1.520000000e-02	2.001319059e+01	7.854966541e-03	1.338113702e-11
-1.530000000e-02	2.001319107e+01	7.685910087e-03	9.459941452e-12
-1.540000000e-02	2.001319155e+01	7.516853638e-03	1.050972948e-11
-1.550000000e-02	2.001319203e+01	7.347797194e-03	1.712017105e-11
-1.560000000e-02	2.001319251e+01	7.178740754e-03	1.305136048e-11
-1.570000000e-02	2.001319300e+01	7.009684321e-03	1.854317083e-11
-1.580000000e-02	2.001319348e+01	6.840627892e-03	8.124827643e-12
-1.590000000e-02	2.001319397e+01	6.671571469e-03	1.367606901e-11
-1.600000000e-02	2.001319446e+01	6.502515052e-03	7.687542308e-12
-1.610000000e-02	2.001319495e+01	6.333458640e-03	8.450494506e-12
-1.620000000e-02	2.001319544e+01	6.164402235e-03	1.642390084e-11
-1.630000000e-02	2.001319594e+01	5.995345834e-03	1.114131891e-11
-1.640000000e-02	2.001319643e+01	5.826289439e-03	1.245569953e-11
-1.650000000e-02	2.001319693e+01	5.657233049e-03	1.267971072e-11
-1.660000000e-02	2.001319743e+01	5.488176666e-03	1.947026437e-11
-1.670000000e-02	2.001319793e+01	5.319120288e-03	7.317574537e-12
-1.680000000e-02	2.001319843e+01	5.150063916e-03	1.169391217e-11
-1.690000000e-02	2.001319893e+01	4.981007549e-03	1.005329856e-11
-1.700000000e-02	2.001319943e+01	4.811951189e-03	8.144244317e-12
-1.710000000e-02	2.001319994e+01	4.642894834e-03	1.084522676e-11
-1.720000000e-02	2.001320044e+01	4.473838485e-03	1.172559479e-11
-1.730000000e-02	2.001320095e+01	4.304782142e-03	8.697308494e-12
-1.740000000e-02	2.001320146e+01	4.135725804e-03	3.447507234e-11
-1.750000000e-02	2.001320197e+01	3.966669474e-03	3.535097342e-11
-1.760000000e-02	2.001320248e+01	3.797613150e-03	1.871983629e-11
-1.770000000e-02	2.001320300e+01	3.628556832e-03	5.035706464e-11
-1.780000000e-02	2.001320351e+01	3.459500519e-03	8.543232228e-12
-1.790000000e-02	2.001320403e+01	3.290444212e-03	6.960920372e-12
-1.800000000e-02	2.001320455e+01	3.121387911e-03	2.802917096e-11
-1.810000000e-02	2.001320507e+01	2.952331618e-03	1.045935379e-11
-1.820000000e-02	2.001320559e+01	2.783275330e-03	7.140039745e-12
-1.830000000e-02	2.001320611e+01	2.614219048e-03	1.505436431e-11
-1.840000000e-02	2.001320663e+01	2.445162774e-03	8.647803585e-12
-1.850000000e-02	2.001320716e+01	2.276106505e-03	8.236898679e-12
-1.860000000e-02	2.001320768e+01	2.107050243e-03	9.312173935e-12
-1.870000000e-02	2.001320821e+01	1.937993989e-03	6.513590079e-11
-1.880000000e-02	2.001320874e+01	1.768937737e-03	9.097822138e-12
-1.890000000e-02	2.001320927e+01	1.599881494e-03	2.955993119e-11
-1.900000000e-02	2.001320980e+01	1.430825257e-03	1.274920450e-11
-1.910000000e-02	2.001321034e+01	1.261769028e-03	1.766360493e-11
-1.920000000e-02	2.001321087e+01	1.092712805e-03	7.610764769e-12
-1.930000000e-02	2.001321141e+01	9.236565878e-04	1.800613258e-11
-1.940000000e-02	2.001321195e+01	7.546003785e-04	1.270333352e-11
-1.950000000e-02	2.001321249e+01	5.855441755e-04	1.429950982e-11
-1.960000000e-02	2.001321303e+01	4.164879786e-04	2.839904386e-11
-1.970000000e-02	2.001321357e+01	2.474317897e-04	7.625869408e-12
-1.980000000e-02	2.001321411e+01	7.837560691e-05	1.164082927e-11
-1.990000000e-02	2.001321466e+01	-9.068056850e-05	8.473036305e-12
-2.000000000e-02	2.001321520e+01	-2.597367377e-04	9.084702140e-12
-2.010000000e-02	2.001321575e+01	-4.287928997e-04	9.246551897e-12
-2.020000000e-02	2.001321630e+01	-5.978490538e-04	2.740078265e-11
-2.030000000e-02	2.001321685e+01	-7.669052031e-04	2.902807548e-11
-2.040000000e-02	2.001321740e+01	-9.359613434e-04	1.106710000e-11
-2.050000000e-02	2.001321796e+01	-1.105017476e-03	1.073221822e-11
-2.060000000e-02	2.001321851e+01	-1.274073603e-03	8.640377565e-12
-2.070000000e-02	2.001321907e+01	-1.443129723e-03	6.339570002e-12
-2.080000000e-02	2.001321963e+01	-1.612185835e-03	5.308698882e-12
-2.090000000e-02	2.001322018e+01	-1.781241940e-03	9.276226282e-12
-2.100000000e-02	2.001322075e+01	-1.950298038e-03	2.381411608e-11
-2.110000000e-02	2.001322131e+01	-2.119354128e-03	1.500894344e-11
-2.120000000e-02	2.001322187e+01	-2.288410211e-03	1.138892874e-11
-2.130000000e-02	2.001322244e+01	-2.457466287e-03	1.474383239e-11
-2.140000000e-02	2.001322300e+01	-2.626522355e-03	3.436595621e-11
-2.150000000e-02	2.001322357e+01	-2.795578417e-03	1.414322967e-11
-2.160000000e-02	2.001322414e+01	-2.964634469e-03	9.139867814e-12
-2.170000000e-02	2.001322471e+01	-3.133690515e-03	1.073797718e-11
-2.180000000e-02	2.001322528e+01	-3.302746553e-03	9.781089557e-12
-2.190000000e-02	2.001322585e+01	-3.471802584e-03	2.683637770e-11
-2.200000000e-02	2.001322643e+01	-3.640858607e-03	1.585178148e-11
-2.210000000e-02	2.001322701e+01	-3.809914622e-03	9.032025976e-12
-2.220000000e-02	2.001322758e+01	-3.978970630e-03	1.498977896e-11
-2.230000000e-02	2.001322816e+01	-4.148026630e-03	1.001990114e-11
-2.240000000e-02	2.001322874e+01	-4.317082622e-03	7.277922845e-12
-2.250000000e-02	2.001322933e+01	-4.486138604e-03	8.819436949e-11
-2.260000000e-02	2.001322991e+01	-4.655194583e-03	6.855611913e-12
-2.270000000e-02	2.001323049e+01	-4.824250551e-03	1.295506265e-11
-2.280000000e-02	2.001323108e+01	-4.993306513e-03	2.992555697e-11
-2.290000000e-02	2.001323167e+01	-5.162362465e-03	9.673887715e-12
-2.300000000e-02	2.001323226e+01	-5.331418409e-03	9.114800433e-12
-2.310000000e-02	2.001323285e+01	-5.500474346e-03	1.500253276e-11
-2.320000000e-02	2.001323344e+01	-5.669530275e-03	2.316232682e-11
-2.330000000e-02	2.001323403e+01	-5.838586194e-03	2.708821533e-11
-2.340000000e-02	2.001323463e+01	-6.007642108e-03	3.057574807e-11
-2.350000000e-02	2.001323522e+01	-6.176698012e-03	1.198321563e-11
-2.360000000e-02	2.001323582e+01	-6.345753908e-03	8.254023131e-12
-2.370000000e-02	2.001323642e+01	-6.514809796e-03	1.713846498e-11
-2.380000000e-02	2.001323702e+01	-6.683865675e-03	8.524865886e-12
-2.390000000e-02	2.001323762e+01	-6.852921545e-03	2.030867222e-11
-2.400000000e-02	2.001323823e+01	-7.021977408e-03	1.972158188e-11
-2.410000000e-02	2.001323883e+01	-7.191033263e-03	2.097609889e-11
-2.420000000e-02	2.001323944e+01	-7.360089109e-03	9.982805720e-12
-2.430000000e-02	2.001324005e+01	-7.529144947e-03	2.043963590e-11
-2.440000000e-02	2.001324065e+01	-7.698200776e-03	1.057873582e-11
-2.450000000e-02	2.001324126e+01	-7.867256596e-03	1.194057713e-11
-2.460000000e-02	2.001324188e+01	-8.036312408e-03	1.313900201e-11
-2.470000000e-02	2.001324249e+01	-8.205368211e-03	9.084598405e-12
-2.480000000e-02	2.001324311e+01	-8.374424006e-03	7.317749379e-12
-2.490000000e-02	2.001324372e+01	-8.543479792e-03	9.152464131e-12
-2.500000000e-02	2.001324434e+01	-8.712535568e-03	2.022801016e-11
-2.510000000e-02	2.001324496e+01	-8.881591337e-03	2.968347217e-11
-2.520000000e-02	2.001324558e+01	-9.050647097e-03	8.670508914e-12
-2.530000000e-02	2.001324620e+01	-9.219702847e-03	7.931270420e-12
-2.540000000e-02	2.001324682e+01	-9.388758589e-03	2.061886335e-11
-2.550000000e-02	2.001324745e+01	-9.557814322e-03	1.203891382e-11
-2.560000000e-02	2.001324807e+01	-9.726870047e-03	1.491191125e-11
-2.570000000e-02	2.001324870e+01	-9.895925762e-03	1.783925935e-11
-2.580000000e-02	2.001324933e+01	-1.006498147e-02	1.361776640e-10
-2.590000000e-02	2.001324996e+01	-1.023403717e-02	1.298910629e-11
-2.600000000e-02	2.001325059e+01	-1.040309285e-02	9.155807089e-12
-2.610000000e-02	2.001325123e+01	-1.057214853e-02	1.758891611e-11
-2.620000000e-02	2.001325186e+01	-1.074120420e-02	3.440855847e-11
-2.630000000e-02	2.001325250e+01	-1.091025986e-02	7.433757785e-12
-2.640000000e-02	2.001325314e+01	-1.107931551e-02	1.778709720e-11
-2.650000000e-02	2.001325378e+01	-1.124837116e-02	1.044158450e-11
-2.660000000e-02	2.001325442e+01	-1.141742679e-02	8.372821710e-11
-2.670000000e-02	2.001325506e+01	-1.158648241e-02	6.751708764e-11
-2.680000000e-02	2.001325570e+01	-1.175553803e-02	2.108004899e-11
-2.690000000e-02	2.001325635e+01	-1.192459363e-02	1.762976882e-11
-2.700000000e-02	2.001325699e+01	-1.209364923e-02	2.579978723e-11
-2.710000000e-02	2.001325764e+01	-1.226270481e-02	3.359726953e-11
-2.720000000e-02	2.001325829e+01	-1.243176039e-02	6.483842624e-12
-2.730000000e-02	2.001325894e+01	-1.260081596e-02	2.485382313e-11
-2.740000000e-02	2.001325959e+01	-1.276987151e-02	1.198006610e-11
-2.750000000e-02	2.001326024e+01	-1.293892706e-02	1.306609778e-11
-2.760000000e-02	2.001326090e+01	-1.310798260e-02	5.935482072e-12
-2.770000000e-02	2.001326156e+01	-1.327703813e-02	1.527343760e-11
-2.780000000e-02	2.001326221e+01	-1.344609365e-02	1.049528145e-11
-2.790000000e-02	2.001326287e+01	-1.361514915e-02	7.634172201e-11
-2.800000000e-02	2.001326353e+01	-1.378420465e-02	8.846311992e-12
-2.810000000e-02	2.001326419e+01	-1.395326014e-02	7.613891100e-12
-2.820000000e-02	2.001326486e+01	-1.412231563e-02	1.085802658e-10
-2.830000000e-02	2.001326552e+01	-1.429137109e-02	1.299209229e-11
-2.840000000e-02	2.001326619e+01	-1.446042655e-02	3.829518644e-11
-2.850000000e-02	2.001326686e+01	-1.462948200e-02	2.963859655e-11
-2.860000000e-02	2.001326752e+01	-1.479853744e-02	1.013918342e-11
-2.870000000e-02	2.001326820e+01	-1.496759287e-02	3.972510230e-11
-2.880000000e-02	2.001326887e+01	-1.513664829e-02	6.022976247e-11
-2.890000000e-02	2.001326954e+01	-1.530570370e-02	3.793793144e-11
-2.900000000e-02	2.001327022e+01	-1.547475910e-02	2.064408399e-11
-2.910000000e-02	2.001327089e+01	-1.564381449e-02	1.424636062e-11
-2.920000000e-02	2.001327157e+01	-1.581286986e-02	8.131845805e-12
-2.930000000e-02	2.001327225e+01	-1.598192523e-02	9.434201615e-12
-2.940000000e-02	2.001327293e+01	-1.615098059e-02	7.502576174e-12
-2.950000000e-02	2.001327361e+01	-1.632003594e-02	4.886469346e-12
-2.960000000e-02	2.001327429e+01	-1.648909127e-02	6.849278397e-12
-2.970000000e-02	2.001327498e+01	-1.665814660e-02	1.133092915e-11
-2.980000000e-02	2.001327566e+01	-1.682720192e-02	4.778940966e-11
-2.990000000e-02	2.001327635e+01	-1.699625722e-02	1.313028377e-11
-3.000000000e-02	2.001327704e+01	-1.716531252e-02	8.924904017e-12
