# Im(epsi1)     Re(Lambda)      Im(Lambda)      Eq(det).Opt det SIN kz, R=0.5 \mum, Re(epsi1)=4.90solve_det_sinkz_vs_mu.py
0.000000000e+00	2.357414916e+01	5.629896175e-02	5.764266897e-12
-1.000000000e-04	2.357414951e+01	5.610015801e-02	6.201597650e-12
-2.000000000e-04	2.357414987e+01	5.590135427e-02	4.433462903e-11
-3.000000000e-04	2.357415023e+01	5.570255052e-02	1.251388718e-11
-4.000000000e-04	2.357415059e+01	5.550374678e-02	1.063122381e-11
-5.000000000e-04	2.357415095e+01	5.530494303e-02	3.300339738e-11
-6.000000000e-04	2.357415131e+01	5.510613928e-02	8.442748054e-12
-7.000000000e-04	2.357415168e+01	5.490733554e-02	8.460329446e-12
-8.000000000e-04	2.357415204e+01	5.470853179e-02	1.044213207e-11
-9.000000000e-04	2.357415241e+01	5.450972804e-02	7.483644558e-12
-1.000000000e-03	2.357415278e+01	5.431092429e-02	8.924642562e-12
-1.100000000e-03	2.357415315e+01	5.411212055e-02	1.684671993e-11
-1.200000000e-03	2.357415353e+01	5.391331680e-02	7.464530922e-12
-1.300000000e-03	2.357415390e+01	5.371451305e-02	6.281557595e-12
-1.400000000e-03	2.357415428e+01	5.351570930e-02	2.060806536e-11
-1.500000000e-03	2.357415466e+01	5.331690556e-02	9.697188484e-12
-1.600000000e-03	2.357415504e+01	5.311810181e-02	9.252640568e-12
-1.700000000e-03	2.357415542e+01	5.291929806e-02	4.510987861e-11
-1.800000000e-03	2.357415580e+01	5.272049431e-02	6.340159624e-12
-1.900000000e-03	2.357415619e+01	5.252169056e-02	1.151473373e-11
-2.000000000e-03	2.357415657e+01	5.232288682e-02	8.841571372e-12
-2.100000000e-03	2.357415696e+01	5.212408307e-02	2.341105956e-11
-2.200000000e-03	2.357415735e+01	5.192527932e-02	5.561999739e-12
-2.300000000e-03	2.357415774e+01	5.172647558e-02	1.194809171e-11
-2.400000000e-03	2.357415814e+01	5.152767183e-02	5.189344666e-12
-2.500000000e-03	2.357415853e+01	5.132886808e-02	7.897908798e-12
-2.600000000e-03	2.357415893e+01	5.113006434e-02	2.857307740e-11
-2.700000000e-03	2.357415933e+01	5.093126059e-02	1.035104531e-11
-2.800000000e-03	2.357415973e+01	5.073245685e-02	8.729879379e-12
-2.900000000e-03	2.357416013e+01	5.053365311e-02	1.147962715e-11
-3.000000000e-03	2.357416053e+01	5.033484936e-02	1.479018555e-11
-3.100000000e-03	2.357416094e+01	5.013604562e-02	1.980349365e-11
-3.200000000e-03	2.357416134e+01	4.993724188e-02	5.554455321e-12
-3.300000000e-03	2.357416175e+01	4.973843814e-02	1.908482698e-11
-3.400000000e-03	2.357416216e+01	4.953963440e-02	2.638821375e-11
-3.500000000e-03	2.357416257e+01	4.934083066e-02	6.526611524e-12
-3.600000000e-03	2.357416299e+01	4.914202692e-02	2.520051086e-11
-3.700000000e-03	2.357416340e+01	4.894322318e-02	1.666911136e-11
-3.800000000e-03	2.357416382e+01	4.874441944e-02	1.019367045e-11
-3.900000000e-03	2.357416424e+01	4.854561571e-02	8.222447195e-12
-4.000000000e-03	2.357416466e+01	4.834681197e-02	1.287840626e-11
-4.100000000e-03	2.357416508e+01	4.814800824e-02	7.914966550e-12
-4.200000000e-03	2.357416550e+01	4.794920451e-02	1.114110705e-11
-4.300000000e-03	2.357416593e+01	4.775040078e-02	9.231412801e-12
-4.400000000e-03	2.357416635e+01	4.755159705e-02	1.539317851e-11
-4.500000000e-03	2.357416678e+01	4.735279332e-02	1.379273020e-11
-4.600000000e-03	2.357416721e+01	4.715398959e-02	6.681678646e-12
-4.700000000e-03	2.357416764e+01	4.695518586e-02	1.016285147e-11
-4.800000000e-03	2.357416808e+01	4.675638214e-02	5.069855564e-11
-4.900000000e-03	2.357416851e+01	4.655757842e-02	1.367573242e-11
-5.000000000e-03	2.357416895e+01	4.635877469e-02	2.945941627e-11
-5.100000000e-03	2.357416939e+01	4.615997097e-02	1.840264671e-11
-5.200000000e-03	2.357416983e+01	4.596116725e-02	1.167588825e-11
-5.300000000e-03	2.357417027e+01	4.576236354e-02	7.966855881e-12
-5.400000000e-03	2.357417071e+01	4.556355982e-02	8.155902475e-12
-5.500000000e-03	2.357417116e+01	4.536475611e-02	1.919966413e-11
-5.600000000e-03	2.357417161e+01	4.516595240e-02	1.814664590e-11
-5.700000000e-03	2.357417205e+01	4.496714869e-02	3.529730397e-11
-5.800000000e-03	2.357417251e+01	4.476834498e-02	9.375626071e-12
-5.900000000e-03	2.357417296e+01	4.456954127e-02	7.211304730e-12
-6.000000000e-03	2.357417341e+01	4.437073757e-02	9.052962275e-12
-6.100000000e-03	2.357417387e+01	4.417193386e-02	1.356362706e-11
-6.200000000e-03	2.357417432e+01	4.397313016e-02	2.029765188e-11
-6.300000000e-03	2.357417478e+01	4.377432646e-02	1.224763789e-11
-6.400000000e-03	2.357417524e+01	4.357552277e-02	1.617575967e-11
-6.500000000e-03	2.357417570e+01	4.337671907e-02	4.825611757e-12
-6.600000000e-03	2.357417617e+01	4.317791538e-02	1.163231903e-11
-6.700000000e-03	2.357417663e+01	4.297911169e-02	1.129548091e-11
-6.800000000e-03	2.357417710e+01	4.278030800e-02	1.054350257e-11
-6.900000000e-03	2.357417757e+01	4.258150431e-02	1.439490520e-11
-7.000000000e-03	2.357417804e+01	4.238270063e-02	9.234196514e-12
-7.100000000e-03	2.357417851e+01	4.218389695e-02	1.300567739e-11
-7.200000000e-03	2.357417898e+01	4.198509327e-02	8.359721812e-12
-7.300000000e-03	2.357417946e+01	4.178628959e-02	1.353491734e-11
-7.400000000e-03	2.357417994e+01	4.158748592e-02	5.004367120e-12
-7.500000000e-03	2.357418042e+01	4.138868225e-02	1.021605725e-11
-7.600000000e-03	2.357418090e+01	4.118987858e-02	1.156826643e-11
-7.700000000e-03	2.357418138e+01	4.099107491e-02	1.824242542e-11
-7.800000000e-03	2.357418186e+01	4.079227125e-02	7.667665391e-12
-7.900000000e-03	2.357418235e+01	4.059346759e-02	7.654725870e-12
-8.000000000e-03	2.357418283e+01	4.039466393e-02	1.816218595e-11
-8.100000000e-03	2.357418332e+01	4.019586027e-02	1.264067309e-11
-8.200000000e-03	2.357418381e+01	3.999705662e-02	2.607394403e-11
-8.300000000e-03	2.357418431e+01	3.979825297e-02	1.244479859e-11
-8.400000000e-03	2.357418480e+01	3.959944932e-02	1.579005985e-11
-8.500000000e-03	2.357418530e+01	3.940064568e-02	6.991729319e-11
-8.600000000e-03	2.357418579e+01	3.920184204e-02	6.484740124e-12
-8.700000000e-03	2.357418629e+01	3.900303840e-02	1.750874697e-11
-8.800000000e-03	2.357418679e+01	3.880423477e-02	7.560542047e-12
-8.900000000e-03	2.357418729e+01	3.860543113e-02	3.860154593e-11
-9.000000000e-03	2.357418780e+01	3.840662751e-02	2.412867867e-11
-9.100000000e-03	2.357418830e+01	3.820782388e-02	9.510176559e-12
-9.200000000e-03	2.357418881e+01	3.800902026e-02	1.437274135e-11
-9.300000000e-03	2.357418932e+01	3.781021664e-02	5.393536680e-12
-9.400000000e-03	2.357418983e+01	3.761141302e-02	1.636340843e-11
-9.500000000e-03	2.357419034e+01	3.741260941e-02	1.593911318e-11
-9.600000000e-03	2.357419086e+01	3.721380580e-02	1.430654698e-11
-9.700000000e-03	2.357419137e+01	3.701500220e-02	5.103677773e-11
-9.800000000e-03	2.357419189e+01	3.681619859e-02	1.136524400e-11
-9.900000000e-03	2.357419241e+01	3.661739500e-02	1.273875856e-11
-1.000000000e-02	2.357419293e+01	3.641859140e-02	2.405090397e-11
-1.010000000e-02	2.357419345e+01	3.621978781e-02	1.645333509e-11
-1.020000000e-02	2.357419397e+01	3.602098422e-02	9.777985422e-11
-1.030000000e-02	2.357419450e+01	3.582218064e-02	3.381788562e-11
-1.040000000e-02	2.357419503e+01	3.562337706e-02	1.188977995e-11
-1.050000000e-02	2.357419556e+01	3.542457348e-02	2.095392057e-11
-1.060000000e-02	2.357419609e+01	3.522576991e-02	1.157884850e-11
-1.070000000e-02	2.357419662e+01	3.502696634e-02	2.500464034e-11
-1.080000000e-02	2.357419715e+01	3.482816278e-02	1.635178043e-11
-1.090000000e-02	2.357419769e+01	3.462935922e-02	3.129271151e-11
-1.100000000e-02	2.357419823e+01	3.443055566e-02	9.860637977e-12
-1.110000000e-02	2.357419877e+01	3.423175211e-02	1.433912583e-11
-1.120000000e-02	2.357419931e+01	3.403294856e-02	1.365697051e-11
-1.130000000e-02	2.357419985e+01	3.383414502e-02	9.948730198e-12
-1.140000000e-02	2.357420039e+01	3.363534148e-02	4.593950077e-12
-1.150000000e-02	2.357420094e+01	3.343653794e-02	1.135034135e-11
-1.160000000e-02	2.357420149e+01	3.323773441e-02	7.840401276e-12
-1.170000000e-02	2.357420203e+01	3.303893088e-02	6.824195795e-12
-1.180000000e-02	2.357420259e+01	3.284012736e-02	8.910926308e-12
-1.190000000e-02	2.357420314e+01	3.264132384e-02	2.345079347e-11
-1.200000000e-02	2.357420369e+01	3.244252032e-02	1.026308733e-11
-1.210000000e-02	2.357420425e+01	3.224371682e-02	4.363446778e-11
-1.220000000e-02	2.357420481e+01	3.204491331e-02	1.787991472e-11
-1.230000000e-02	2.357420536e+01	3.184610981e-02	9.685600775e-12
-1.240000000e-02	2.357420593e+01	3.164730631e-02	9.815598875e-12
-1.250000000e-02	2.357420649e+01	3.144850282e-02	9.725665478e-12
-1.260000000e-02	2.357420705e+01	3.124969933e-02	1.401720065e-11
-1.270000000e-02	2.357420762e+01	3.105089585e-02	7.051000736e-12
-1.280000000e-02	2.357420818e+01	3.085209237e-02	5.396408959e-12
-1.290000000e-02	2.357420875e+01	3.065328890e-02	1.803614529e-11
-1.300000000e-02	2.357420932e+01	3.045448543e-02	9.100306601e-12
-1.310000000e-02	2.357420990e+01	3.025568197e-02	1.781503705e-11
-1.320000000e-02	2.357421047e+01	3.005687851e-02	1.475815399e-11
-1.330000000e-02	2.357421105e+01	2.985807506e-02	1.782293399e-11
-1.340000000e-02	2.357421163e+01	2.965927161e-02	9.223399121e-12
-1.350000000e-02	2.357421220e+01	2.946046817e-02	2.296292675e-11
-1.360000000e-02	2.357421279e+01	2.926166473e-02	1.373632045e-11
-1.370000000e-02	2.357421337e+01	2.906286130e-02	1.400441747e-11
-1.380000000e-02	2.357421395e+01	2.886405787e-02	7.447518583e-12
-1.390000000e-02	2.357421454e+01	2.866525445e-02	1.086512781e-11
-1.400000000e-02	2.357421513e+01	2.846645103e-02	3.339758048e-11
-1.410000000e-02	2.357421571e+01	2.826764762e-02	1.277669647e-11
-1.420000000e-02	2.357421631e+01	2.806884422e-02	1.494683361e-11
-1.430000000e-02	2.357421690e+01	2.787004082e-02	1.776379555e-11
-1.440000000e-02	2.357421749e+01	2.767123742e-02	1.147148430e-11
-1.450000000e-02	2.357421809e+01	2.747243403e-02	1.392073719e-11
-1.460000000e-02	2.357421869e+01	2.727363065e-02	1.281939663e-11
-1.470000000e-02	2.357421929e+01	2.707482727e-02	8.491964490e-12
-1.480000000e-02	2.357421989e+01	2.687602389e-02	8.523882120e-12
-1.490000000e-02	2.357422049e+01	2.667722053e-02	1.268374091e-11
-1.500000000e-02	2.357422109e+01	2.647841716e-02	1.346726244e-11
-1.510000000e-02	2.357422170e+01	2.627961381e-02	5.409947777e-12
-1.520000000e-02	2.357422231e+01	2.608081046e-02	6.677840254e-12
-1.530000000e-02	2.357422292e+01	2.588200711e-02	1.067216045e-11
-1.540000000e-02	2.357422353e+01	2.568320377e-02	3.027229240e-11
-1.550000000e-02	2.357422414e+01	2.548440044e-02	8.572868814e-12
-1.560000000e-02	2.357422475e+01	2.528559712e-02	1.812297724e-11
-1.570000000e-02	2.357422537e+01	2.508679380e-02	1.451581639e-11
-1.580000000e-02	2.357422599e+01	2.488799048e-02	1.673925954e-11
-1.590000000e-02	2.357422661e+01	2.468918717e-02	2.119360696e-11
-1.600000000e-02	2.357422723e+01	2.449038387e-02	6.622731212e-12
-1.610000000e-02	2.357422785e+01	2.429158057e-02	1.446712751e-11
-1.620000000e-02	2.357422848e+01	2.409277728e-02	4.121829255e-11
-1.630000000e-02	2.357422910e+01	2.389397400e-02	2.626166246e-11
-1.640000000e-02	2.357422973e+01	2.369517072e-02	4.948335576e-12
-1.650000000e-02	2.357423036e+01	2.349636745e-02	1.006703674e-11
-1.660000000e-02	2.357423099e+01	2.329756419e-02	3.424306706e-11
-1.670000000e-02	2.357423162e+01	2.309876093e-02	3.112686749e-11
-1.680000000e-02	2.357423226e+01	2.289995768e-02	2.489059008e-11
-1.690000000e-02	2.357423289e+01	2.270115443e-02	2.571014618e-11
-1.700000000e-02	2.357423353e+01	2.250235119e-02	6.431583704e-12
-1.710000000e-02	2.357423417e+01	2.230354796e-02	1.804423291e-11
-1.720000000e-02	2.357423481e+01	2.210474473e-02	1.899827663e-11
-1.730000000e-02	2.357423546e+01	2.190594151e-02	2.344872898e-11
-1.740000000e-02	2.357423610e+01	2.170713830e-02	1.459446350e-11
-1.750000000e-02	2.357423675e+01	2.150833510e-02	9.077334936e-12
-1.760000000e-02	2.357423739e+01	2.130953190e-02	1.848757735e-11
-1.770000000e-02	2.357423804e+01	2.111072870e-02	6.110417093e-12
-1.780000000e-02	2.357423870e+01	2.091192552e-02	9.390929806e-12
-1.790000000e-02	2.357423935e+01	2.071312234e-02	1.379565957e-11
-1.800000000e-02	2.357424000e+01	2.051431917e-02	1.074655685e-11
-1.810000000e-02	2.357424066e+01	2.031551600e-02	2.652218646e-11
-1.820000000e-02	2.357424132e+01	2.011671285e-02	1.284647818e-11
-1.830000000e-02	2.357424198e+01	1.991790970e-02	5.320520141e-12
-1.840000000e-02	2.357424264e+01	1.971910656e-02	1.836107873e-11
-1.850000000e-02	2.357424330e+01	1.952030342e-02	1.129714857e-11
-1.860000000e-02	2.357424397e+01	1.932150029e-02	5.963342105e-12
-1.870000000e-02	2.357424463e+01	1.912269717e-02	9.800179690e-12
-1.880000000e-02	2.357424530e+01	1.892389406e-02	1.438585628e-11
-1.890000000e-02	2.357424597e+01	1.872509095e-02	4.699771074e-11
-1.900000000e-02	2.357424664e+01	1.852628785e-02	1.735416672e-11
-1.910000000e-02	2.357424731e+01	1.832748476e-02	6.981842388e-12
-1.920000000e-02	2.357424799e+01	1.812868167e-02	1.770810117e-11
-1.930000000e-02	2.357424867e+01	1.792987860e-02	1.572291121e-11
-1.940000000e-02	2.357424934e+01	1.773107553e-02	9.343245993e-12
-1.950000000e-02	2.357425002e+01	1.753227247e-02	9.701760109e-12
-1.960000000e-02	2.357425070e+01	1.733346941e-02	1.139423325e-11
-1.970000000e-02	2.357425139e+01	1.713466637e-02	1.636008390e-11
-1.980000000e-02	2.357425207e+01	1.693586333e-02	9.564467453e-12
-1.990000000e-02	2.357425276e+01	1.673706030e-02	1.556051850e-11
-2.000000000e-02	2.357425345e+01	1.653825727e-02	4.918638401e-11
-2.010000000e-02	2.357425414e+01	1.633945426e-02	1.180598415e-11
-2.020000000e-02	2.357425483e+01	1.614065125e-02	1.658037774e-11
-2.030000000e-02	2.357425552e+01	1.594184825e-02	6.430906936e-11
-2.040000000e-02	2.357425622e+01	1.574304526e-02	2.707846697e-11
-2.050000000e-02	2.357425691e+01	1.554424228e-02	2.140911680e-11
-2.060000000e-02	2.357425761e+01	1.534543930e-02	1.268562586e-11
-2.070000000e-02	2.357425831e+01	1.514663633e-02	1.528187310e-11
-2.080000000e-02	2.357425901e+01	1.494783337e-02	2.247642616e-11
-2.090000000e-02	2.357425972e+01	1.474903042e-02	9.178765348e-12
-2.100000000e-02	2.357426042e+01	1.455022748e-02	3.051999759e-11
-2.110000000e-02	2.357426113e+01	1.435142455e-02	2.914978168e-11
-2.120000000e-02	2.357426183e+01	1.415262162e-02	1.152212576e-11
-2.130000000e-02	2.357426254e+01	1.395381870e-02	1.562912665e-11
-2.140000000e-02	2.357426326e+01	1.375501579e-02	1.440970010e-11
-2.150000000e-02	2.357426397e+01	1.355621289e-02	7.418959018e-12
-2.160000000e-02	2.357426468e+01	1.335741000e-02	1.433980912e-11
-2.170000000e-02	2.357426540e+01	1.315860712e-02	1.278468995e-11
-2.180000000e-02	2.357426612e+01	1.295980424e-02	2.076236460e-11
-2.190000000e-02	2.357426684e+01	1.276100137e-02	1.281616285e-11
-2.200000000e-02	2.357426756e+01	1.256219851e-02	4.334483050e-11
-2.210000000e-02	2.357426828e+01	1.236339567e-02	8.063751524e-12
-2.220000000e-02	2.357426901e+01	1.216459283e-02	9.670964687e-12
-2.230000000e-02	2.357426974e+01	1.196578999e-02	8.199622812e-12
-2.240000000e-02	2.357427046e+01	1.176698717e-02	7.632907209e-12
-2.250000000e-02	2.357427119e+01	1.156818436e-02	1.765864389e-11
-2.260000000e-02	2.357427193e+01	1.136938155e-02	1.054678152e-11
-2.270000000e-02	2.357427266e+01	1.117057876e-02	1.298933731e-11
-2.280000000e-02	2.357427339e+01	1.097177597e-02	4.130684507e-11
-2.290000000e-02	2.357427413e+01	1.077297319e-02	2.865832312e-11
-2.300000000e-02	2.357427487e+01	1.057417042e-02	1.534657171e-11
-2.310000000e-02	2.357427561e+01	1.037536766e-02	8.123751190e-12
-2.320000000e-02	2.357427635e+01	1.017656491e-02	1.352347497e-11
-2.330000000e-02	2.357427709e+01	9.977762168e-03	2.911822602e-11
-2.340000000e-02	2.357427784e+01	9.778959435e-03	3.393912138e-11
-2.350000000e-02	2.357427859e+01	9.580156714e-03	9.057345181e-12
-2.360000000e-02	2.357427933e+01	9.381354000e-03	1.690488771e-11
-2.370000000e-02	2.357428008e+01	9.182551295e-03	1.662788962e-11
-2.380000000e-02	2.357428084e+01	8.983748601e-03	1.316393947e-11
-2.390000000e-02	2.357428159e+01	8.784945914e-03	1.394834584e-11
-2.400000000e-02	2.357428234e+01	8.586143239e-03	1.606835488e-11
-2.410000000e-02	2.357428310e+01	8.387340572e-03	2.077215865e-11
-2.420000000e-02	2.357428386e+01	8.188537915e-03	8.382453120e-12
-2.430000000e-02	2.357428462e+01	7.989735268e-03	1.549758741e-11
-2.440000000e-02	2.357428538e+01	7.790932632e-03	3.607208983e-11
-2.450000000e-02	2.357428614e+01	7.592130003e-03	9.412549322e-12
-2.460000000e-02	2.357428691e+01	7.393327385e-03	7.424575816e-12
-2.470000000e-02	2.357428768e+01	7.194524777e-03	2.143218499e-11
-2.480000000e-02	2.357428845e+01	6.995722179e-03	1.515982017e-11
-2.490000000e-02	2.357428922e+01	6.796919589e-03	1.132040647e-11
-2.500000000e-02	2.357428999e+01	6.598117011e-03	5.706430433e-12
-2.510000000e-02	2.357429076e+01	6.399314443e-03	2.057080188e-11
-2.520000000e-02	2.357429154e+01	6.200511883e-03	2.233664748e-11
-2.530000000e-02	2.357429231e+01	6.001709335e-03	1.000537038e-11
-2.540000000e-02	2.357429309e+01	5.802906796e-03	3.927578821e-11
-2.550000000e-02	2.357429387e+01	5.604104268e-03	2.525903950e-11
-2.560000000e-02	2.357429465e+01	5.405301750e-03	9.739111394e-12
-2.570000000e-02	2.357429544e+01	5.206499243e-03	2.323386911e-11
-2.580000000e-02	2.357429622e+01	5.007696744e-03	1.095600277e-11
-2.590000000e-02	2.357429701e+01	4.808894257e-03	7.768087111e-12
-2.600000000e-02	2.357429780e+01	4.610091780e-03	2.421669857e-11
-2.610000000e-02	2.357429859e+01	4.411289312e-03	2.246212434e-11
-2.620000000e-02	2.357429938e+01	4.212486857e-03	2.259189819e-11
-2.630000000e-02	2.357430017e+01	4.013684412e-03	2.370615921e-11
-2.640000000e-02	2.357430097e+01	3.814881976e-03	1.043472533e-11
-2.650000000e-02	2.357430177e+01	3.616079551e-03	9.191677749e-12
-2.660000000e-02	2.357430256e+01	3.417277137e-03	1.162464070e-11
-2.670000000e-02	2.357430337e+01	3.218474730e-03	1.219446447e-10
-2.680000000e-02	2.357430417e+01	3.019672341e-03	1.041709934e-11
-2.690000000e-02	2.357430497e+01	2.820869958e-03	8.125356962e-12
-2.700000000e-02	2.357430578e+01	2.622067587e-03	5.146442767e-12
-2.710000000e-02	2.357430658e+01	2.423265227e-03	1.623251014e-11
-2.720000000e-02	2.357430739e+01	2.224462877e-03	4.877577090e-12
-2.730000000e-02	2.357430820e+01	2.025660538e-03	9.461775043e-12
-2.740000000e-02	2.357430901e+01	1.826858212e-03	1.925566293e-11
-2.750000000e-02	2.357430983e+01	1.628055894e-03	1.038146236e-11
-2.760000000e-02	2.357431064e+01	1.429253588e-03	1.316650192e-11
-2.770000000e-02	2.357431146e+01	1.230451293e-03	1.068331518e-11
-2.780000000e-02	2.357431228e+01	1.031649010e-03	7.730920527e-12
-2.790000000e-02	2.357431310e+01	8.328467380e-04	1.971426022e-11
-2.800000000e-02	2.357431392e+01	6.340444763e-04	1.188385172e-11
-2.810000000e-02	2.357431475e+01	4.352422258e-04	2.476986591e-11
-2.820000000e-02	2.357431557e+01	2.364399877e-04	1.284594958e-11
-2.830000000e-02	2.357431640e+01	3.763776023e-05	9.734201479e-12
-2.840000000e-02	2.357431723e+01	-1.611644555e-04	1.195060223e-11
-2.850000000e-02	2.357431806e+01	-3.599666595e-04	2.070014897e-11
-2.860000000e-02	2.357431889e+01	-5.587688529e-04	1.183332412e-11
-2.870000000e-02	2.357431972e+01	-7.575710350e-04	2.209163369e-11
-2.880000000e-02	2.357432056e+01	-9.563732052e-04	2.886212295e-11
-2.890000000e-02	2.357432140e+01	-1.155175363e-03	2.093956274e-11
-2.900000000e-02	2.357432223e+01	-1.353977511e-03	1.572377704e-11
-2.910000000e-02	2.357432308e+01	-1.552779645e-03	2.494435417e-11
-2.920000000e-02	2.357432392e+01	-1.751581770e-03	2.610940894e-11
-2.930000000e-02	2.357432476e+01	-1.950383880e-03	4.233755476e-11
-2.940000000e-02	2.357432561e+01	-2.149185981e-03	1.711030809e-11
-2.950000000e-02	2.357432645e+01	-2.347988070e-03	7.887885293e-12
-2.960000000e-02	2.357432730e+01	-2.546790146e-03	8.173699463e-12
-2.970000000e-02	2.357432815e+01	-2.745592210e-03	5.940868370e-11
-2.980000000e-02	2.357432901e+01	-2.944394263e-03	1.974756462e-11
-2.990000000e-02	2.357432986e+01	-3.143196303e-03	8.477199373e-12
-3.000000000e-02	2.357433072e+01	-3.341998331e-03	1.120458480e-11
-3.010000000e-02	2.357433157e+01	-3.540800349e-03	1.293942709e-11
-3.020000000e-02	2.357433243e+01	-3.739602352e-03	9.794156717e-12
-3.030000000e-02	2.357433329e+01	-3.938404345e-03	8.437095866e-12
-3.040000000e-02	2.357433415e+01	-4.137206325e-03	9.531535531e-12
-3.050000000e-02	2.357433502e+01	-4.336008292e-03	8.380832931e-12
-3.060000000e-02	2.357433588e+01	-4.534810246e-03	2.594595836e-11
-3.070000000e-02	2.357433675e+01	-4.733612190e-03	8.362052797e-12
-3.080000000e-02	2.357433762e+01	-4.932414121e-03	1.266479795e-11
-3.090000000e-02	2.357433849e+01	-5.131216039e-03	9.022000271e-12
-3.100000000e-02	2.357433936e+01	-5.330017944e-03	1.754856046e-11
-3.110000000e-02	2.357434024e+01	-5.528819836e-03	5.720253057e-11
-3.120000000e-02	2.357434111e+01	-5.727621719e-03	2.585384197e-11
-3.130000000e-02	2.357434199e+01	-5.926423587e-03	2.549308024e-12
-3.140000000e-02	2.357434287e+01	-6.125225442e-03	1.485389812e-11
-3.150000000e-02	2.357434375e+01	-6.324027285e-03	1.439406237e-11
-3.160000000e-02	2.357434463e+01	-6.522829115e-03	6.430419181e-12
-3.170000000e-02	2.357434552e+01	-6.721630932e-03	8.471133856e-12
-3.180000000e-02	2.357434640e+01	-6.920432737e-03	1.289109174e-11
-3.190000000e-02	2.357434729e+01	-7.119234529e-03	2.094339677e-11
-3.200000000e-02	2.357434818e+01	-7.318036308e-03	3.208929971e-11
-3.210000000e-02	2.357434907e+01	-7.516838073e-03	1.022332611e-11
-3.220000000e-02	2.357434996e+01	-7.715639826e-03	1.953116623e-11
-3.230000000e-02	2.357435086e+01	-7.914441566e-03	3.309273252e-11
-3.240000000e-02	2.357435175e+01	-8.113243293e-03	9.666118865e-12
-3.250000000e-02	2.357435265e+01	-8.312045006e-03	1.160076351e-11
-3.260000000e-02	2.357435355e+01	-8.510846707e-03	1.290028055e-11
-3.270000000e-02	2.357435445e+01	-8.709648394e-03	6.468960497e-12
-3.280000000e-02	2.357435535e+01	-8.908450069e-03	8.242295735e-12
-3.290000000e-02	2.357435626e+01	-9.107251729e-03	2.293668176e-11
-3.300000000e-02	2.357435716e+01	-9.306053377e-03	5.761741767e-12
-3.310000000e-02	2.357435807e+01	-9.504855011e-03	1.447031446e-11
-3.320000000e-02	2.357435898e+01	-9.703656631e-03	1.702908338e-11
-3.330000000e-02	2.357435989e+01	-9.902458239e-03	1.911998053e-11
-3.340000000e-02	2.357436080e+01	-1.010125983e-02	1.596366143e-11
-3.350000000e-02	2.357436172e+01	-1.030006141e-02	8.811084516e-12
-3.360000000e-02	2.357436263e+01	-1.049886298e-02	2.683372475e-11
-3.370000000e-02	2.357436355e+01	-1.069766453e-02	1.675694803e-11
-3.380000000e-02	2.357436447e+01	-1.089646607e-02	1.441359715e-11
-3.390000000e-02	2.357436539e+01	-1.109526760e-02	5.307540882e-12
-3.400000000e-02	2.357436631e+01	-1.129406911e-02	4.734554595e-12
-3.410000000e-02	2.357436724e+01	-1.149287061e-02	8.839206073e-12
-3.420000000e-02	2.357436816e+01	-1.169167209e-02	1.131185723e-11
-3.430000000e-02	2.357436909e+01	-1.189047356e-02	2.059982513e-11
-3.440000000e-02	2.357437002e+01	-1.208927502e-02	1.681635789e-11
-3.450000000e-02	2.357437095e+01	-1.228807646e-02	3.799725631e-11
-3.460000000e-02	2.357437188e+01	-1.248687789e-02	8.043064100e-12
-3.470000000e-02	2.357437282e+01	-1.268567931e-02	1.598867205e-11
-3.480000000e-02	2.357437375e+01	-1.288448071e-02	1.277382616e-11
-3.490000000e-02	2.357437469e+01	-1.308328210e-02	2.595018114e-11
-3.500000000e-02	2.357437563e+01	-1.328208347e-02	1.664532160e-11
-3.510000000e-02	2.357437657e+01	-1.348088483e-02	8.135023193e-12
-3.520000000e-02	2.357437751e+01	-1.367968617e-02	5.035999410e-11
-3.530000000e-02	2.357437846e+01	-1.387848750e-02	2.673212583e-11
-3.540000000e-02	2.357437940e+01	-1.407728882e-02	1.588847954e-11
-3.550000000e-02	2.357438035e+01	-1.427609012e-02	2.026013785e-11
-3.560000000e-02	2.357438130e+01	-1.447489140e-02	8.673239402e-12
-3.570000000e-02	2.357438225e+01	-1.467369268e-02	1.208364416e-11
-3.580000000e-02	2.357438321e+01	-1.487249393e-02	1.256170078e-11
-3.590000000e-02	2.357438416e+01	-1.507129518e-02	1.335843067e-11
-3.600000000e-02	2.357438512e+01	-1.527009641e-02	3.083382755e-11
-3.610000000e-02	2.357438607e+01	-1.546889762e-02	1.828313618e-11
-3.620000000e-02	2.357438703e+01	-1.566769882e-02	2.760446572e-11
-3.630000000e-02	2.357438799e+01	-1.586650000e-02	1.097019998e-11
-3.640000000e-02	2.357438896e+01	-1.606530117e-02	9.859108559e-12
-3.650000000e-02	2.357438992e+01	-1.626410233e-02	8.888469709e-12
-3.660000000e-02	2.357439089e+01	-1.646290347e-02	7.643007896e-12
-3.670000000e-02	2.357439186e+01	-1.666170459e-02	9.844656506e-12
-3.680000000e-02	2.357439283e+01	-1.686050570e-02	9.870891294e-12
-3.690000000e-02	2.357439380e+01	-1.705930680e-02	1.666535622e-11
-3.700000000e-02	2.357439477e+01	-1.725810788e-02	1.071262136e-11
-3.710000000e-02	2.357439574e+01	-1.745690895e-02	8.209300477e-12
-3.720000000e-02	2.357439672e+01	-1.765571000e-02	3.057234953e-11
-3.730000000e-02	2.357439770e+01	-1.785451103e-02	7.833701438e-12
-3.740000000e-02	2.357439868e+01	-1.805331205e-02	1.481765975e-11
-3.750000000e-02	2.357439966e+01	-1.825211306e-02	1.496729941e-11
-3.760000000e-02	2.357440064e+01	-1.845091405e-02	1.028422252e-11
-3.770000000e-02	2.357440163e+01	-1.864971502e-02	4.511930309e-11
-3.780000000e-02	2.357440261e+01	-1.884851598e-02	4.790081839e-12
-3.790000000e-02	2.357440360e+01	-1.904731692e-02	1.704077189e-11
-3.800000000e-02	2.357440459e+01	-1.924611785e-02	1.231471601e-11
-3.810000000e-02	2.357440558e+01	-1.944491876e-02	5.805362714e-12
-3.820000000e-02	2.357440657e+01	-1.964371966e-02	9.891307585e-12
-3.830000000e-02	2.357440757e+01	-1.984252054e-02	1.193302120e-11
-3.840000000e-02	2.357440857e+01	-2.004132141e-02	1.986147339e-11
-3.850000000e-02	2.357440956e+01	-2.024012226e-02	1.040122339e-11
-3.860000000e-02	2.357441056e+01	-2.043892309e-02	4.649617420e-12
-3.870000000e-02	2.357441156e+01	-2.063772391e-02	2.494877645e-11
-3.880000000e-02	2.357441257e+01	-2.083652472e-02	1.728355770e-11
-3.890000000e-02	2.357441357e+01	-2.103532550e-02	1.070540373e-11
-3.900000000e-02	2.357441458e+01	-2.123412628e-02	9.553714116e-12
-3.910000000e-02	2.357441559e+01	-2.143292703e-02	3.479524205e-11
-3.920000000e-02	2.357441660e+01	-2.163172777e-02	1.643582303e-11
-3.930000000e-02	2.357441761e+01	-2.183052850e-02	6.846270074e-12
-3.940000000e-02	2.357441862e+01	-2.202932920e-02	1.910385226e-11
-3.950000000e-02	2.357441963e+01	-2.222812990e-02	1.073199627e-11
-3.960000000e-02	2.357442065e+01	-2.242693057e-02	3.213039609e-11
-3.970000000e-02	2.357442167e+01	-2.262573123e-02	4.159153998e-11
-3.980000000e-02	2.357442269e+01	-2.282453187e-02	1.590072087e-11
-3.990000000e-02	2.357442371e+01	-2.302333250e-02	8.292216573e-12
-4.000000000e-02	2.357442473e+01	-2.322213311e-02	2.325133065e-11
