# Im(epsi1)     Re(Lambda)      Im(Lambda)      Eq(det).Opt det SIN kz, R=0.5 \mum, Re(epsi1)=4.90solve_det_sinkz_vs_mu.py
0.000000000e+00	2.290798038e+01	5.132048090e-02	4.856034022e-12
-1.000000000e-04	2.290798072e+01	5.112723244e-02	1.843998266e-11
-2.000000000e-04	2.290798106e+01	5.093398398e-02	1.863461915e-11
-3.000000000e-04	2.290798140e+01	5.074073552e-02	8.406988111e-12
-4.000000000e-04	2.290798174e+01	5.054748706e-02	7.036822452e-12
-5.000000000e-04	2.290798208e+01	5.035423859e-02	2.121251433e-11
-6.000000000e-04	2.290798243e+01	5.016099013e-02	3.026250031e-11
-7.000000000e-04	2.290798277e+01	4.996774167e-02	5.274407258e-12
-8.000000000e-04	2.290798312e+01	4.977449320e-02	8.511482902e-12
-9.000000000e-04	2.290798347e+01	4.958124474e-02	1.941506920e-11
-1.000000000e-03	2.290798382e+01	4.938799628e-02	3.881124348e-11
-1.100000000e-03	2.290798418e+01	4.919474781e-02	1.266412732e-11
-1.200000000e-03	2.290798453e+01	4.900149935e-02	1.764476185e-11
-1.300000000e-03	2.290798489e+01	4.880825088e-02	2.434686025e-11
-1.400000000e-03	2.290798525e+01	4.861500242e-02	1.563750083e-11
-1.500000000e-03	2.290798561e+01	4.842175396e-02	9.848149078e-12
-1.600000000e-03	2.290798597e+01	4.822850549e-02	6.582192473e-12
-1.700000000e-03	2.290798633e+01	4.803525703e-02	1.217680738e-11
-1.800000000e-03	2.290798670e+01	4.784200856e-02	6.089755721e-12
-1.900000000e-03	2.290798706e+01	4.764876010e-02	9.583182551e-12
-2.000000000e-03	2.290798743e+01	4.745551164e-02	2.485656087e-11
-2.100000000e-03	2.290798780e+01	4.726226317e-02	1.229194736e-11
-2.200000000e-03	2.290798817e+01	4.706901471e-02	9.174350218e-12
-2.300000000e-03	2.290798854e+01	4.687576625e-02	1.392297821e-11
-2.400000000e-03	2.290798892e+01	4.668251779e-02	1.858784022e-11
-2.500000000e-03	2.290798929e+01	4.648926933e-02	8.947376545e-12
-2.600000000e-03	2.290798967e+01	4.629602087e-02	1.368393375e-11
-2.700000000e-03	2.290799005e+01	4.610277240e-02	1.110384254e-11
-2.800000000e-03	2.290799043e+01	4.590952395e-02	9.511996608e-12
-2.900000000e-03	2.290799081e+01	4.571627549e-02	1.639824121e-11
-3.000000000e-03	2.290799120e+01	4.552302703e-02	2.670342582e-12
-3.100000000e-03	2.290799158e+01	4.532977857e-02	1.387795611e-11
-3.200000000e-03	2.290799197e+01	4.513653011e-02	1.011095206e-11
-3.300000000e-03	2.290799236e+01	4.494328166e-02	7.723983778e-12
-3.400000000e-03	2.290799275e+01	4.475003320e-02	1.108855595e-11
-3.500000000e-03	2.290799314e+01	4.455678475e-02	8.704470235e-12
-3.600000000e-03	2.290799354e+01	4.436353629e-02	2.097904730e-11
-3.700000000e-03	2.290799393e+01	4.417028784e-02	7.513945583e-12
-3.800000000e-03	2.290799433e+01	4.397703939e-02	1.413343683e-11
-3.900000000e-03	2.290799473e+01	4.378379094e-02	1.868780386e-11
-4.000000000e-03	2.290799513e+01	4.359054249e-02	1.406466786e-11
-4.100000000e-03	2.290799553e+01	4.339729404e-02	1.006277439e-11
-4.200000000e-03	2.290799593e+01	4.320404559e-02	1.791272963e-11
-4.300000000e-03	2.290799634e+01	4.301079715e-02	4.900203658e-12
-4.400000000e-03	2.290799675e+01	4.281754870e-02	1.153559148e-11
-4.500000000e-03	2.290799715e+01	4.262430026e-02	1.512234002e-11
-4.600000000e-03	2.290799757e+01	4.243105182e-02	2.116937236e-11
-4.700000000e-03	2.290799798e+01	4.223780338e-02	1.284141136e-11
-4.800000000e-03	2.290799839e+01	4.204455494e-02	1.792867149e-11
-4.900000000e-03	2.290799881e+01	4.185130650e-02	1.305996307e-11
-5.000000000e-03	2.290799922e+01	4.165805806e-02	8.616658910e-12
-5.100000000e-03	2.290799964e+01	4.146480963e-02	2.368602356e-11
-5.200000000e-03	2.290800006e+01	4.127156120e-02	1.603227823e-11
-5.300000000e-03	2.290800048e+01	4.107831276e-02	1.220314588e-11
-5.400000000e-03	2.290800091e+01	4.088506433e-02	2.386918652e-11
-5.500000000e-03	2.290800133e+01	4.069181591e-02	1.093147006e-11
-5.600000000e-03	2.290800176e+01	4.049856748e-02	1.278325373e-11
-5.700000000e-03	2.290800218e+01	4.030531905e-02	1.162066206e-11
-5.800000000e-03	2.290800261e+01	4.011207063e-02	9.908074445e-11
-5.900000000e-03	2.290800305e+01	3.991882221e-02	1.664544781e-11
-6.000000000e-03	2.290800348e+01	3.972557379e-02	1.235174681e-11
-6.100000000e-03	2.290800391e+01	3.953232537e-02	1.018799984e-11
-6.200000000e-03	2.290800435e+01	3.933907696e-02	1.502907499e-11
-6.300000000e-03	2.290800479e+01	3.914582855e-02	8.057013960e-12
-6.400000000e-03	2.290800523e+01	3.895258013e-02	1.672875113e-11
-6.500000000e-03	2.290800567e+01	3.875933172e-02	4.811454127e-12
-6.600000000e-03	2.290800611e+01	3.856608332e-02	9.030308548e-12
-6.700000000e-03	2.290800656e+01	3.837283491e-02	1.201673439e-11
-6.800000000e-03	2.290800700e+01	3.817958651e-02	1.207547848e-11
-6.900000000e-03	2.290800745e+01	3.798633811e-02	5.363089843e-11
-7.000000000e-03	2.290800790e+01	3.779308971e-02	1.537612203e-11
-7.100000000e-03	2.290800835e+01	3.759984132e-02	1.704875378e-11
-7.200000000e-03	2.290800880e+01	3.740659292e-02	1.179981109e-11
-7.300000000e-03	2.290800926e+01	3.721334453e-02	6.901069556e-12
-7.400000000e-03	2.290800971e+01	3.702009615e-02	9.571016055e-12
-7.500000000e-03	2.290801017e+01	3.682684776e-02	3.176108270e-11
-7.600000000e-03	2.290801063e+01	3.663359938e-02	1.013037166e-11
-7.700000000e-03	2.290801109e+01	3.644035100e-02	1.181590778e-11
-7.800000000e-03	2.290801155e+01	3.624710262e-02	1.002799994e-11
-7.900000000e-03	2.290801202e+01	3.605385424e-02	5.128042910e-11
-8.000000000e-03	2.290801248e+01	3.586060587e-02	7.855634236e-12
-8.100000000e-03	2.290801295e+01	3.566735750e-02	8.311450862e-12
-8.200000000e-03	2.290801342e+01	3.547410913e-02	8.144957426e-12
-8.300000000e-03	2.290801389e+01	3.528086077e-02	5.456361643e-12
-8.400000000e-03	2.290801436e+01	3.508761241e-02	1.062387620e-11
-8.500000000e-03	2.290801483e+01	3.489436405e-02	4.637141543e-11
-8.600000000e-03	2.290801531e+01	3.470111569e-02	8.912569509e-12
-8.700000000e-03	2.290801579e+01	3.450786734e-02	1.737359170e-11
-8.800000000e-03	2.290801626e+01	3.431461899e-02	6.741722376e-12
-8.900000000e-03	2.290801674e+01	3.412137065e-02	6.859229862e-12
-9.000000000e-03	2.290801723e+01	3.392812230e-02	1.459835411e-11
-9.100000000e-03	2.290801771e+01	3.373487396e-02	9.467340211e-12
-9.200000000e-03	2.290801819e+01	3.354162563e-02	1.200065814e-11
-9.300000000e-03	2.290801868e+01	3.334837729e-02	1.920593037e-11
-9.400000000e-03	2.290801917e+01	3.315512896e-02	1.230009825e-11
-9.500000000e-03	2.290801966e+01	3.296188064e-02	7.598753700e-12
-9.600000000e-03	2.290802015e+01	3.276863231e-02	1.358622886e-11
-9.700000000e-03	2.290802064e+01	3.257538399e-02	1.391847839e-11
-9.800000000e-03	2.290802114e+01	3.238213568e-02	1.651849477e-11
-9.900000000e-03	2.290802164e+01	3.218888736e-02	9.885396786e-12
-1.000000000e-02	2.290802213e+01	3.199563906e-02	1.326439796e-11
-1.010000000e-02	2.290802263e+01	3.180239075e-02	2.978795597e-11
-1.020000000e-02	2.290802314e+01	3.160914245e-02	1.540919250e-11
-1.030000000e-02	2.290802364e+01	3.141589415e-02	2.559297563e-11
-1.040000000e-02	2.290802414e+01	3.122264585e-02	9.589533968e-12
-1.050000000e-02	2.290802465e+01	3.102939756e-02	2.580988185e-11
-1.060000000e-02	2.290802516e+01	3.083614928e-02	2.992588053e-11
-1.070000000e-02	2.290802567e+01	3.064290099e-02	6.085808906e-12
-1.080000000e-02	2.290802618e+01	3.044965271e-02	1.972822598e-11
-1.090000000e-02	2.290802669e+01	3.025640444e-02	1.253144121e-11
-1.100000000e-02	2.290802721e+01	3.006315617e-02	1.418747553e-11
-1.110000000e-02	2.290802772e+01	2.986990790e-02	9.296477773e-12
-1.120000000e-02	2.290802824e+01	2.967665963e-02	1.261928900e-11
-1.130000000e-02	2.290802876e+01	2.948341138e-02	1.848207151e-11
-1.140000000e-02	2.290802928e+01	2.929016312e-02	7.925347826e-12
-1.150000000e-02	2.290802980e+01	2.909691487e-02	1.615561223e-11
-1.160000000e-02	2.290803033e+01	2.890366662e-02	1.297320721e-11
-1.170000000e-02	2.290803085e+01	2.871041838e-02	1.019293205e-11
-1.180000000e-02	2.290803138e+01	2.851717014e-02	8.120554094e-12
-1.190000000e-02	2.290803191e+01	2.832392191e-02	1.103394232e-11
-1.200000000e-02	2.290803244e+01	2.813067368e-02	7.049718147e-12
-1.210000000e-02	2.290803297e+01	2.793742545e-02	2.006730525e-11
-1.220000000e-02	2.290803351e+01	2.774417723e-02	1.534578327e-11
-1.230000000e-02	2.290803404e+01	2.755092901e-02	2.999340004e-11
-1.240000000e-02	2.290803458e+01	2.735768080e-02	1.717612690e-11
-1.250000000e-02	2.290803512e+01	2.716443259e-02	2.271790762e-11
-1.260000000e-02	2.290803566e+01	2.697118439e-02	7.339924516e-12
-1.270000000e-02	2.290803620e+01	2.677793619e-02	1.152893688e-11
-1.280000000e-02	2.290803674e+01	2.658468800e-02	1.018924481e-11
-1.290000000e-02	2.290803729e+01	2.639143981e-02	1.138628730e-11
-1.300000000e-02	2.290803784e+01	2.619819163e-02	1.391505321e-11
-1.310000000e-02	2.290803838e+01	2.600494345e-02	1.482075138e-11
-1.320000000e-02	2.290803894e+01	2.581169527e-02	3.776286682e-11
-1.330000000e-02	2.290803949e+01	2.561844711e-02	1.291644503e-11
-1.340000000e-02	2.290804004e+01	2.542519894e-02	2.007813804e-11
-1.350000000e-02	2.290804060e+01	2.523195078e-02	2.013511636e-11
-1.360000000e-02	2.290804115e+01	2.503870263e-02	2.353931255e-11
-1.370000000e-02	2.290804171e+01	2.484545448e-02	5.188952241e-11
-1.380000000e-02	2.290804227e+01	2.465220633e-02	8.580760813e-12
-1.390000000e-02	2.290804283e+01	2.445895819e-02	1.340483656e-11
-1.400000000e-02	2.290804340e+01	2.426571006e-02	1.614177173e-11
-1.410000000e-02	2.290804396e+01	2.407246193e-02	6.446676275e-12
-1.420000000e-02	2.290804453e+01	2.387921381e-02	1.976591727e-11
-1.430000000e-02	2.290804510e+01	2.368596569e-02	2.496178900e-11
-1.440000000e-02	2.290804567e+01	2.349271758e-02	1.146669863e-11
-1.450000000e-02	2.290804624e+01	2.329946947e-02	1.989432079e-11
-1.460000000e-02	2.290804681e+01	2.310622137e-02	8.339098917e-12
-1.470000000e-02	2.290804738e+01	2.291297327e-02	8.510729643e-12
-1.480000000e-02	2.290804796e+01	2.271972518e-02	1.174441199e-11
-1.490000000e-02	2.290804854e+01	2.252647710e-02	7.809556946e-12
-1.500000000e-02	2.290804912e+01	2.233322902e-02	1.298031140e-11
-1.510000000e-02	2.290804970e+01	2.213998094e-02	1.033666490e-11
-1.520000000e-02	2.290805028e+01	2.194673288e-02	6.540961751e-12
-1.530000000e-02	2.290805087e+01	2.175348481e-02	5.231005413e-11
-1.540000000e-02	2.290805145e+01	2.156023676e-02	3.639359846e-11
-1.550000000e-02	2.290805204e+01	2.136698871e-02	1.731138814e-11
-1.560000000e-02	2.290805263e+01	2.117374066e-02	1.268105417e-11
-1.570000000e-02	2.290805322e+01	2.098049262e-02	1.367695760e-11
-1.580000000e-02	2.290805381e+01	2.078724459e-02	1.433500558e-11
-1.590000000e-02	2.290805441e+01	2.059399656e-02	1.203743196e-11
-1.600000000e-02	2.290805500e+01	2.040074854e-02	2.259880725e-11
-1.610000000e-02	2.290805560e+01	2.020750053e-02	7.635565282e-12
-1.620000000e-02	2.290805620e+01	2.001425252e-02	9.939597681e-12
-1.630000000e-02	2.290805680e+01	1.982100451e-02	1.710226515e-11
-1.640000000e-02	2.290805740e+01	1.962775652e-02	1.659223799e-11
-1.650000000e-02	2.290805801e+01	1.943450853e-02	2.176001782e-11
-1.660000000e-02	2.290805861e+01	1.924126055e-02	7.876676490e-11
-1.670000000e-02	2.290805922e+01	1.904801256e-02	9.923362784e-12
-1.680000000e-02	2.290805983e+01	1.885476459e-02	1.179213278e-11
-1.690000000e-02	2.290806044e+01	1.866151663e-02	1.248258894e-11
-1.700000000e-02	2.290806105e+01	1.846826867e-02	4.636793965e-11
-1.710000000e-02	2.290806167e+01	1.827502072e-02	7.401167389e-12
-1.720000000e-02	2.290806228e+01	1.808177277e-02	9.493154688e-12
-1.730000000e-02	2.290806290e+01	1.788852483e-02	1.392532116e-11
-1.740000000e-02	2.290806352e+01	1.769527690e-02	1.124859633e-11
-1.750000000e-02	2.290806414e+01	1.750202897e-02	2.206422838e-11
-1.760000000e-02	2.290806476e+01	1.730878105e-02	9.052399430e-12
-1.770000000e-02	2.290806538e+01	1.711553314e-02	1.823161569e-11
-1.780000000e-02	2.290806601e+01	1.692228524e-02	1.756257799e-11
-1.790000000e-02	2.290806663e+01	1.672903734e-02	1.043995548e-11
-1.800000000e-02	2.290806726e+01	1.653578944e-02	1.089499257e-11
-1.810000000e-02	2.290806789e+01	1.634254156e-02	1.475356659e-11
-1.820000000e-02	2.290806852e+01	1.614929368e-02	1.020687306e-11
-1.830000000e-02	2.290806916e+01	1.595604581e-02	1.876618843e-11
-1.840000000e-02	2.290806979e+01	1.576279794e-02	1.288096550e-11
-1.850000000e-02	2.290807043e+01	1.556955009e-02	2.451132342e-11
-1.860000000e-02	2.290807107e+01	1.537630224e-02	1.892834770e-11
-1.870000000e-02	2.290807171e+01	1.518305440e-02	1.302351553e-10
-1.880000000e-02	2.290807235e+01	1.498980656e-02	6.916191233e-12
-1.890000000e-02	2.290807299e+01	1.479655873e-02	1.322203343e-11
-1.900000000e-02	2.290807364e+01	1.460331090e-02	1.742452732e-10
-1.910000000e-02	2.290807428e+01	1.441006309e-02	1.701448855e-11
-1.920000000e-02	2.290807493e+01	1.421681529e-02	1.054949704e-11
-1.930000000e-02	2.290807558e+01	1.402356749e-02	6.023767626e-12
-1.940000000e-02	2.290807623e+01	1.383031969e-02	7.747187726e-12
-1.950000000e-02	2.290807689e+01	1.363707191e-02	1.561946286e-11
-1.960000000e-02	2.290807754e+01	1.344382413e-02	1.386789936e-11
-1.970000000e-02	2.290807820e+01	1.325057636e-02	9.850302161e-12
-1.980000000e-02	2.290807885e+01	1.305732860e-02	1.083121056e-11
-1.990000000e-02	2.290807951e+01	1.286408085e-02	1.452902235e-11
-2.000000000e-02	2.290808017e+01	1.267083310e-02	1.276200091e-10
-2.010000000e-02	2.290808084e+01	1.247758536e-02	6.906621607e-12
-2.020000000e-02	2.290808150e+01	1.228433763e-02	1.776414002e-11
-2.030000000e-02	2.290808217e+01	1.209108990e-02	1.220030141e-11
-2.040000000e-02	2.290808283e+01	1.189784219e-02	6.083578086e-12
-2.050000000e-02	2.290808350e+01	1.170459448e-02	4.480561376e-11
-2.060000000e-02	2.290808417e+01	1.151134678e-02	3.394871705e-11
-2.070000000e-02	2.290808485e+01	1.131809909e-02	2.316520386e-11
-2.080000000e-02	2.290808552e+01	1.112485141e-02	8.168945439e-12
-2.090000000e-02	2.290808620e+01	1.093160373e-02	1.557357313e-11
-2.100000000e-02	2.290808687e+01	1.073835606e-02	7.217125697e-11
-2.110000000e-02	2.290808755e+01	1.054510840e-02	9.927276322e-12
-2.120000000e-02	2.290808823e+01	1.035186075e-02	1.238365917e-11
-2.130000000e-02	2.290808892e+01	1.015861311e-02	9.916411504e-12
-2.140000000e-02	2.290808960e+01	9.965365472e-03	1.189787504e-11
-2.150000000e-02	2.290809028e+01	9.772117841e-03	1.270843513e-10
-2.160000000e-02	2.290809097e+01	9.578870227e-03	2.163025314e-11
-2.170000000e-02	2.290809166e+01	9.385622615e-03	9.424900028e-12
-2.180000000e-02	2.290809235e+01	9.192375014e-03	8.311929608e-12
-2.190000000e-02	2.290809304e+01	8.999127421e-03	1.207442394e-11
-2.200000000e-02	2.290809374e+01	8.805879835e-03	1.062241164e-11
-2.210000000e-02	2.290809443e+01	8.612632259e-03	8.716737767e-12
-2.220000000e-02	2.290809513e+01	8.419384691e-03	1.113924102e-11
-2.230000000e-02	2.290809583e+01	8.226137132e-03	7.454159766e-12
-2.240000000e-02	2.290809653e+01	8.032889581e-03	1.797105194e-11
-2.250000000e-02	2.290809723e+01	7.839642041e-03	6.082322553e-11
-2.260000000e-02	2.290809793e+01	7.646394505e-03	2.905934451e-11
-2.270000000e-02	2.290809864e+01	7.453146982e-03	1.117091203e-11
-2.280000000e-02	2.290809934e+01	7.259899466e-03	6.386640960e-12
-2.290000000e-02	2.290810005e+01	7.066651960e-03	9.239546399e-12
-2.300000000e-02	2.290810076e+01	6.873404462e-03	1.297797290e-11
-2.310000000e-02	2.290810147e+01	6.680156973e-03	1.083780860e-11
-2.320000000e-02	2.290810219e+01	6.486909492e-03	4.303444713e-11
-2.330000000e-02	2.290810290e+01	6.293662022e-03	1.761047795e-11
-2.340000000e-02	2.290810362e+01	6.100414561e-03	1.251814797e-11
-2.350000000e-02	2.290810434e+01	5.907167107e-03	3.669575052e-11
-2.360000000e-02	2.290810506e+01	5.713919664e-03	8.019446368e-12
-2.370000000e-02	2.290810578e+01	5.520672229e-03	1.897167733e-11
-2.380000000e-02	2.290810650e+01	5.327424805e-03	5.766901442e-12
-2.390000000e-02	2.290810722e+01	5.134177389e-03	3.073144914e-11
-2.400000000e-02	2.290810795e+01	4.940929983e-03	2.371342440e-11
-2.410000000e-02	2.290810868e+01	4.747682585e-03	1.321037540e-11
-2.420000000e-02	2.290810941e+01	4.554435197e-03	1.160843214e-11
-2.430000000e-02	2.290811014e+01	4.361187819e-03	1.497887497e-11
-2.440000000e-02	2.290811087e+01	4.167940451e-03	2.545376186e-11
-2.450000000e-02	2.290811161e+01	3.974693090e-03	7.614015014e-12
-2.460000000e-02	2.290811234e+01	3.781445740e-03	2.236813022e-11
-2.470000000e-02	2.290811308e+01	3.588198399e-03	2.813781633e-11
-2.480000000e-02	2.290811382e+01	3.394951070e-03	1.629350665e-11
-2.490000000e-02	2.290811456e+01	3.201703748e-03	1.143348133e-11
-2.500000000e-02	2.290811530e+01	3.008456437e-03	1.598983966e-11
-2.510000000e-02	2.290811605e+01	2.815209137e-03	3.217426070e-11
-2.520000000e-02	2.290811679e+01	2.621961844e-03	1.859623156e-11
-2.530000000e-02	2.290811754e+01	2.428714562e-03	1.835560639e-11
-2.540000000e-02	2.290811829e+01	2.235467290e-03	1.083578036e-11
-2.550000000e-02	2.290811904e+01	2.042220028e-03	2.049716851e-11
-2.560000000e-02	2.290811979e+01	1.848972776e-03	1.231623010e-11
-2.570000000e-02	2.290812054e+01	1.655725531e-03	8.464864504e-11
-2.580000000e-02	2.290812130e+01	1.462478302e-03	8.457160851e-12
-2.590000000e-02	2.290812206e+01	1.269231080e-03	5.248608816e-12
-2.600000000e-02	2.290812282e+01	1.075983868e-03	1.009815606e-11
-2.610000000e-02	2.290812358e+01	8.827366669e-04	1.885895673e-11
-2.620000000e-02	2.290812434e+01	6.894894756e-04	1.662155673e-11
-2.630000000e-02	2.290812510e+01	4.962422946e-04	1.933271752e-11
-2.640000000e-02	2.290812587e+01	3.029951234e-04	1.813576091e-11
-2.650000000e-02	2.290812663e+01	1.097479628e-04	5.217997948e-12
-2.660000000e-02	2.290812740e+01	-8.349918730e-05	5.587597076e-12
-2.670000000e-02	2.290812817e+01	-2.767463276e-04	1.719597979e-11
-2.680000000e-02	2.290812894e+01	-4.699934569e-04	2.066034785e-11
-2.690000000e-02	2.290812972e+01	-6.632405754e-04	1.958751764e-11
-2.700000000e-02	2.290813049e+01	-8.564876839e-04	1.921504598e-11
-2.710000000e-02	2.290813127e+01	-1.049734780e-03	5.238897367e-11
-2.720000000e-02	2.290813205e+01	-1.242981867e-03	1.564347993e-11
-2.730000000e-02	2.290813283e+01	-1.436228942e-03	6.628520278e-11
-2.740000000e-02	2.290813361e+01	-1.629476009e-03	1.540980661e-11
-2.750000000e-02	2.290813439e+01	-1.822723065e-03	3.963699586e-11
-2.760000000e-02	2.290813518e+01	-2.015970108e-03	3.204957536e-11
-2.770000000e-02	2.290813596e+01	-2.209217142e-03	1.091415167e-11
-2.780000000e-02	2.290813675e+01	-2.402464165e-03	1.343840436e-11
-2.790000000e-02	2.290813754e+01	-2.595711176e-03	1.602707110e-11
-2.800000000e-02	2.290813833e+01	-2.788958176e-03	1.039709837e-11
-2.810000000e-02	2.290813913e+01	-2.982205169e-03	7.842058580e-11
-2.820000000e-02	2.290813992e+01	-3.175452144e-03	2.719999594e-11
-2.830000000e-02	2.290814072e+01	-3.368699112e-03	8.477314251e-12
-2.840000000e-02	2.290814151e+01	-3.561946068e-03	1.276144446e-11
-2.850000000e-02	2.290814231e+01	-3.755193014e-03	1.242898135e-11
-2.860000000e-02	2.290814311e+01	-3.948439947e-03	2.419424336e-11
-2.870000000e-02	2.290814392e+01	-4.141686870e-03	6.244632079e-12
-2.880000000e-02	2.290814472e+01	-4.334933781e-03	1.566183194e-11
-2.890000000e-02	2.290814553e+01	-4.528180682e-03	8.306053875e-12
-2.900000000e-02	2.290814633e+01	-4.721427571e-03	1.358734943e-11
-2.910000000e-02	2.290814714e+01	-4.914674447e-03	2.875307757e-11
-2.920000000e-02	2.290814795e+01	-5.107921313e-03	1.365804817e-11
-2.930000000e-02	2.290814877e+01	-5.301168168e-03	7.330290606e-12
-2.940000000e-02	2.290814958e+01	-5.494415011e-03	2.388396546e-11
-2.950000000e-02	2.290815040e+01	-5.687661842e-03	9.020168314e-12
-2.960000000e-02	2.290815121e+01	-5.880908662e-03	1.384388645e-11
-2.970000000e-02	2.290815203e+01	-6.074155470e-03	9.528577444e-12
-2.980000000e-02	2.290815285e+01	-6.267402266e-03	7.984414014e-12
-2.990000000e-02	2.290815368e+01	-6.460649051e-03	1.286464828e-11
-3.000000000e-02	2.290815450e+01	-6.653895824e-03	2.299009307e-11
-3.010000000e-02	2.290815533e+01	-6.847142583e-03	5.828877515e-11
-3.020000000e-02	2.290815615e+01	-7.040389334e-03	2.153368870e-11
-3.030000000e-02	2.290815698e+01	-7.233636070e-03	3.836816233e-11
-3.040000000e-02	2.290815781e+01	-7.426882797e-03	1.272772369e-11
-3.050000000e-02	2.290815864e+01	-7.620129510e-03	1.102392857e-11
-3.060000000e-02	2.290815948e+01	-7.813376211e-03	1.537271494e-11
-3.070000000e-02	2.290816031e+01	-8.006622901e-03	1.904768885e-11
-3.080000000e-02	2.290816115e+01	-8.199869577e-03	7.111443330e-12
-3.090000000e-02	2.290816199e+01	-8.393116243e-03	1.206212807e-11
-3.100000000e-02	2.290816283e+01	-8.586362896e-03	1.112623744e-11
-3.110000000e-02	2.290816367e+01	-8.779609536e-03	9.797477589e-12
-3.120000000e-02	2.290816451e+01	-8.972856164e-03	1.217205955e-11
-3.130000000e-02	2.290816536e+01	-9.166102781e-03	8.821549074e-12
-3.140000000e-02	2.290816621e+01	-9.359349383e-03	1.595314272e-11
-3.150000000e-02	2.290816705e+01	-9.552595975e-03	1.458158789e-11
-3.160000000e-02	2.290816790e+01	-9.745842554e-03	1.287298054e-11
-3.170000000e-02	2.290816876e+01	-9.939089120e-03	1.217444018e-11
-3.180000000e-02	2.290816961e+01	-1.013233567e-02	9.849320621e-12
-3.190000000e-02	2.290817046e+01	-1.032558222e-02	1.341624652e-11
-3.200000000e-02	2.290817132e+01	-1.051882875e-02	3.893292683e-11
-3.210000000e-02	2.290817218e+01	-1.071207526e-02	4.340995367e-11
-3.220000000e-02	2.290817304e+01	-1.090532176e-02	1.754547792e-11
-3.230000000e-02	2.290817390e+01	-1.109856825e-02	1.825441680e-11
-3.240000000e-02	2.290817476e+01	-1.129181473e-02	1.212510682e-11
-3.250000000e-02	2.290817563e+01	-1.148506120e-02	2.752874251e-11
-3.260000000e-02	2.290817649e+01	-1.167830765e-02	1.265846205e-11
-3.270000000e-02	2.290817736e+01	-1.187155409e-02	9.833891288e-12
-3.280000000e-02	2.290817823e+01	-1.206480051e-02	5.322672380e-11
-3.290000000e-02	2.290817910e+01	-1.225804693e-02	5.366454921e-11
-3.300000000e-02	2.290817997e+01	-1.245129333e-02	5.430493475e-12
-3.310000000e-02	2.290818085e+01	-1.264453972e-02	2.673665633e-11
-3.320000000e-02	2.290818172e+01	-1.283778609e-02	1.823545623e-11
-3.330000000e-02	2.290818260e+01	-1.303103245e-02	1.193187233e-11
-3.340000000e-02	2.290818348e+01	-1.322427880e-02	9.870727621e-12
-3.350000000e-02	2.290818436e+01	-1.341752513e-02	1.530768815e-11
-3.360000000e-02	2.290818524e+01	-1.361077146e-02	1.075782209e-11
-3.370000000e-02	2.290818613e+01	-1.380401776e-02	1.647792572e-11
-3.380000000e-02	2.290818701e+01	-1.399726406e-02	1.276310773e-11
-3.390000000e-02	2.290818790e+01	-1.419051034e-02	6.409099661e-12
-3.400000000e-02	2.290818879e+01	-1.438375661e-02	1.034020658e-11
-3.410000000e-02	2.290818968e+01	-1.457700286e-02	1.008315538e-11
-3.420000000e-02	2.290819057e+01	-1.477024910e-02	2.312063279e-11
-3.430000000e-02	2.290819147e+01	-1.496349533e-02	1.192697480e-11
-3.440000000e-02	2.290819236e+01	-1.515674155e-02	2.216926800e-11
-3.450000000e-02	2.290819326e+01	-1.534998775e-02	7.529259822e-12
-3.460000000e-02	2.290819416e+01	-1.554323393e-02	2.102631205e-11
-3.470000000e-02	2.290819506e+01	-1.573648011e-02	4.439163811e-12
-3.480000000e-02	2.290819596e+01	-1.592972626e-02	5.177932485e-12
-3.490000000e-02	2.290819687e+01	-1.612297241e-02	1.249055628e-11
-3.500000000e-02	2.290819777e+01	-1.631621854e-02	8.579178339e-12
-3.510000000e-02	2.290819868e+01	-1.650946466e-02	1.125036571e-11
-3.520000000e-02	2.290819959e+01	-1.670271076e-02	1.034337829e-11
-3.530000000e-02	2.290820050e+01	-1.689595685e-02	2.899646175e-11
-3.540000000e-02	2.290820141e+01	-1.708920293e-02	2.151655461e-11
-3.550000000e-02	2.290820232e+01	-1.728244899e-02	1.218880146e-11
-3.560000000e-02	2.290820324e+01	-1.747569504e-02	1.050689442e-11
-3.570000000e-02	2.290820415e+01	-1.766894107e-02	2.136268005e-11
-3.580000000e-02	2.290820507e+01	-1.786218709e-02	1.492874638e-11
-3.590000000e-02	2.290820599e+01	-1.805543310e-02	1.027785899e-11
-3.600000000e-02	2.290820691e+01	-1.824867909e-02	7.478949405e-12
-3.610000000e-02	2.290820784e+01	-1.844192506e-02	8.322345539e-12
-3.620000000e-02	2.290820876e+01	-1.863517103e-02	1.119046699e-11
-3.630000000e-02	2.290820969e+01	-1.882841698e-02	1.044499649e-11
-3.640000000e-02	2.290821062e+01	-1.902166291e-02	7.228738746e-12
-3.650000000e-02	2.290821155e+01	-1.921490883e-02	8.006721308e-12
-3.660000000e-02	2.290821248e+01	-1.940815473e-02	8.949505771e-12
-3.670000000e-02	2.290821341e+01	-1.960140062e-02	2.158719125e-11
-3.680000000e-02	2.290821434e+01	-1.979464650e-02	1.776601001e-11
-3.690000000e-02	2.290821528e+01	-1.998789236e-02	1.145337700e-11
-3.700000000e-02	2.290821622e+01	-2.018113821e-02	7.574819642e-12
-3.710000000e-02	2.290821716e+01	-2.037438404e-02	1.730863737e-11
-3.720000000e-02	2.290821810e+01	-2.056762985e-02	2.298139926e-11
-3.730000000e-02	2.290821904e+01	-2.076087566e-02	9.949501992e-12
-3.740000000e-02	2.290821999e+01	-2.095412144e-02	3.299100798e-11
-3.750000000e-02	2.290822093e+01	-2.114736721e-02	1.764084731e-11
-3.760000000e-02	2.290822188e+01	-2.134061297e-02	1.065020461e-11
-3.770000000e-02	2.290822283e+01	-2.153385871e-02	2.775778624e-11
-3.780000000e-02	2.290822378e+01	-2.172710444e-02	1.531969119e-11
-3.790000000e-02	2.290822473e+01	-2.192035016e-02	2.228785802e-11
-3.800000000e-02	2.290822569e+01	-2.211359585e-02	1.988455592e-11
-3.810000000e-02	2.290822664e+01	-2.230684153e-02	1.413046758e-11
-3.820000000e-02	2.290822760e+01	-2.250008720e-02	1.171607852e-11
-3.830000000e-02	2.290822856e+01	-2.269333285e-02	1.934478958e-11
-3.840000000e-02	2.290822952e+01	-2.288657849e-02	2.593630195e-11
-3.850000000e-02	2.290823048e+01	-2.307982411e-02	5.103802598e-11
-3.860000000e-02	2.290823145e+01	-2.327306972e-02	4.012243915e-11
-3.870000000e-02	2.290823241e+01	-2.346631531e-02	2.417787870e-11
-3.880000000e-02	2.290823338e+01	-2.365956089e-02	1.421271469e-11
-3.890000000e-02	2.290823435e+01	-2.385280644e-02	2.613502819e-11
-3.900000000e-02	2.290823532e+01	-2.404605199e-02	1.451121572e-11
-3.910000000e-02	2.290823629e+01	-2.423929752e-02	1.061660288e-11
-3.920000000e-02	2.290823726e+01	-2.443254303e-02	2.089175448e-11
-3.930000000e-02	2.290823824e+01	-2.462578853e-02	2.214487237e-11
-3.940000000e-02	2.290823922e+01	-2.481903401e-02	1.283278051e-11
-3.950000000e-02	2.290824020e+01	-2.501227948e-02	2.444840155e-11
-3.960000000e-02	2.290824118e+01	-2.520552493e-02	9.068883660e-12
-3.970000000e-02	2.290824216e+01	-2.539877036e-02	1.549205437e-11
-3.980000000e-02	2.290824314e+01	-2.559201578e-02	9.604772436e-12
-3.990000000e-02	2.290824413e+01	-2.578526119e-02	1.740266073e-11
-4.000000000e-02	2.290824511e+01	-2.597850657e-02	1.729871415e-11
