# Im(epsi1)     Re(Lambda)      Im(Lambda)      Eq(det).Opt det SIN kz, R=0.5 \mum, Re(epsi1)=4.90solve_det_sinkz_vs_mu.py
0.000000000e+00	2.215665868e+01	4.612849292e-02	8.004813640e-12
-1.000000000e-04	2.215665900e+01	4.594151527e-02	9.345858941e-12
-2.000000000e-04	2.215665931e+01	4.575453763e-02	2.657498068e-11
-3.000000000e-04	2.215665963e+01	4.556755999e-02	1.870671548e-11
-4.000000000e-04	2.215665996e+01	4.538058235e-02	2.622392892e-11
-5.000000000e-04	2.215666028e+01	4.519360470e-02	2.686084208e-11
-6.000000000e-04	2.215666060e+01	4.500662706e-02	1.197848049e-11
-7.000000000e-04	2.215666093e+01	4.481964942e-02	5.460196083e-11
-8.000000000e-04	2.215666126e+01	4.463267177e-02	1.412992044e-11
-9.000000000e-04	2.215666159e+01	4.444569413e-02	2.579788183e-11
-1.000000000e-03	2.215666192e+01	4.425871648e-02	1.414116172e-11
-1.100000000e-03	2.215666225e+01	4.407173884e-02	2.652810661e-11
-1.200000000e-03	2.215666259e+01	4.388476120e-02	1.242544110e-11
-1.300000000e-03	2.215666292e+01	4.369778355e-02	2.351658815e-11
-1.400000000e-03	2.215666326e+01	4.351080591e-02	1.551122981e-11
-1.500000000e-03	2.215666360e+01	4.332382826e-02	3.635602247e-11
-1.600000000e-03	2.215666394e+01	4.313685062e-02	1.525402772e-11
-1.700000000e-03	2.215666428e+01	4.294987298e-02	2.304161602e-11
-1.800000000e-03	2.215666463e+01	4.276289533e-02	1.292297342e-11
-1.900000000e-03	2.215666497e+01	4.257591769e-02	2.005875216e-11
-2.000000000e-03	2.215666532e+01	4.238894005e-02	7.459190735e-12
-2.100000000e-03	2.215666567e+01	4.220196240e-02	3.538638975e-11
-2.200000000e-03	2.215666602e+01	4.201498476e-02	2.167276431e-11
-2.300000000e-03	2.215666637e+01	4.182800712e-02	9.403078111e-12
-2.400000000e-03	2.215666672e+01	4.164102948e-02	1.175009471e-11
-2.500000000e-03	2.215666708e+01	4.145405184e-02	2.608806212e-11
-2.600000000e-03	2.215666743e+01	4.126707420e-02	1.219925010e-11
-2.700000000e-03	2.215666779e+01	4.108009656e-02	1.113052910e-11
-2.800000000e-03	2.215666815e+01	4.089311892e-02	1.095451827e-11
-2.900000000e-03	2.215666851e+01	4.070614129e-02	1.956915027e-11
-3.000000000e-03	2.215666888e+01	4.051916365e-02	1.357586525e-11
-3.100000000e-03	2.215666924e+01	4.033218601e-02	3.154898920e-11
-3.200000000e-03	2.215666961e+01	4.014520838e-02	1.020533134e-11
-3.300000000e-03	2.215666997e+01	3.995823074e-02	1.525452494e-11
-3.400000000e-03	2.215667034e+01	3.977125311e-02	7.538764612e-11
-3.500000000e-03	2.215667071e+01	3.958427547e-02	7.258475896e-12
-3.600000000e-03	2.215667109e+01	3.939729784e-02	1.848208230e-11
-3.700000000e-03	2.215667146e+01	3.921032021e-02	5.241884873e-11
-3.800000000e-03	2.215667183e+01	3.902334258e-02	1.119468008e-11
-3.900000000e-03	2.215667221e+01	3.883636495e-02	9.933632366e-11
-4.000000000e-03	2.215667259e+01	3.864938732e-02	1.894207487e-11
-4.100000000e-03	2.215667297e+01	3.846240970e-02	6.851441839e-12
-4.200000000e-03	2.215667335e+01	3.827543207e-02	1.803324653e-11
-4.300000000e-03	2.215667374e+01	3.808845445e-02	4.082739676e-12
-4.400000000e-03	2.215667412e+01	3.790147682e-02	9.375738897e-12
-4.500000000e-03	2.215667451e+01	3.771449920e-02	2.067324698e-11
-4.600000000e-03	2.215667489e+01	3.752752158e-02	5.937336788e-12
-4.700000000e-03	2.215667528e+01	3.734054396e-02	2.214388155e-11
-4.800000000e-03	2.215667568e+01	3.715356634e-02	8.552495516e-12
-4.900000000e-03	2.215667607e+01	3.696658873e-02	1.997756090e-11
-5.000000000e-03	2.215667646e+01	3.677961111e-02	8.852365915e-12
-5.100000000e-03	2.215667686e+01	3.659263350e-02	7.390911275e-12
-5.200000000e-03	2.215667726e+01	3.640565589e-02	8.599843623e-12
-5.300000000e-03	2.215667765e+01	3.621867828e-02	7.915540209e-12
-5.400000000e-03	2.215667806e+01	3.603170067e-02	1.214048750e-11
-5.500000000e-03	2.215667846e+01	3.584472306e-02	3.164452268e-11
-5.600000000e-03	2.215667886e+01	3.565774546e-02	1.085365062e-11
-5.700000000e-03	2.215667927e+01	3.547076786e-02	3.846905865e-11
-5.800000000e-03	2.215667967e+01	3.528379025e-02	1.611467606e-11
-5.900000000e-03	2.215668008e+01	3.509681265e-02	8.417293125e-12
-6.000000000e-03	2.215668049e+01	3.490983506e-02	2.098464438e-11
-6.100000000e-03	2.215668090e+01	3.472285746e-02	1.245701551e-11
-6.200000000e-03	2.215668132e+01	3.453587987e-02	1.000557723e-11
-6.300000000e-03	2.215668173e+01	3.434890228e-02	3.431704289e-11
-6.400000000e-03	2.215668215e+01	3.416192469e-02	7.631258115e-12
-6.500000000e-03	2.215668257e+01	3.397494710e-02	2.016692374e-11
-6.600000000e-03	2.215668299e+01	3.378796951e-02	8.849296679e-12
-6.700000000e-03	2.215668341e+01	3.360099193e-02	2.136459397e-11
-6.800000000e-03	2.215668383e+01	3.341401435e-02	8.063906612e-12
-6.900000000e-03	2.215668425e+01	3.322703677e-02	6.728307122e-12
-7.000000000e-03	2.215668468e+01	3.304005919e-02	9.194104120e-11
-7.100000000e-03	2.215668511e+01	3.285308162e-02	1.154148049e-11
-7.200000000e-03	2.215668554e+01	3.266610405e-02	2.584296520e-11
-7.300000000e-03	2.215668597e+01	3.247912648e-02	2.106746157e-11
-7.400000000e-03	2.215668640e+01	3.229214892e-02	8.023158579e-12
-7.500000000e-03	2.215668683e+01	3.210517135e-02	1.726748827e-11
-7.600000000e-03	2.215668727e+01	3.191819379e-02	4.196078471e-11
-7.700000000e-03	2.215668770e+01	3.173121623e-02	1.508031880e-11
-7.800000000e-03	2.215668814e+01	3.154423868e-02	1.313191730e-11
-7.900000000e-03	2.215668858e+01	3.135726112e-02	1.385238788e-11
-8.000000000e-03	2.215668902e+01	3.117028357e-02	1.325815891e-11
-8.100000000e-03	2.215668947e+01	3.098330602e-02	7.587049800e-12
-8.200000000e-03	2.215668991e+01	3.079632848e-02	7.586654319e-12
-8.300000000e-03	2.215669036e+01	3.060935093e-02	9.491049100e-12
-8.400000000e-03	2.215669081e+01	3.042237339e-02	1.071848917e-11
-8.500000000e-03	2.215669126e+01	3.023539586e-02	6.750702212e-12
-8.600000000e-03	2.215669171e+01	3.004841832e-02	8.181187547e-12
-8.700000000e-03	2.215669216e+01	2.986144079e-02	1.273380792e-11
-8.800000000e-03	2.215669261e+01	2.967446327e-02	7.186374539e-12
-8.900000000e-03	2.215669307e+01	2.948748574e-02	1.272731830e-10
-9.000000000e-03	2.215669353e+01	2.930050822e-02	1.505081961e-11
-9.100000000e-03	2.215669399e+01	2.911353070e-02	1.361347679e-11
-9.200000000e-03	2.215669445e+01	2.892655318e-02	1.737363663e-11
-9.300000000e-03	2.215669491e+01	2.873957567e-02	1.052998894e-11
-9.400000000e-03	2.215669537e+01	2.855259816e-02	2.018873793e-11
-9.500000000e-03	2.215669584e+01	2.836562066e-02	3.370784698e-11
-9.600000000e-03	2.215669630e+01	2.817864316e-02	2.078598015e-11
-9.700000000e-03	2.215669677e+01	2.799166566e-02	1.306043908e-11
-9.800000000e-03	2.215669724e+01	2.780468816e-02	1.880906672e-11
-9.900000000e-03	2.215669771e+01	2.761771067e-02	9.395223627e-12
-1.000000000e-02	2.215669819e+01	2.743073318e-02	9.066358947e-12
-1.010000000e-02	2.215669866e+01	2.724375570e-02	2.042614135e-11
-1.020000000e-02	2.215669914e+01	2.705677822e-02	3.062054844e-11
-1.030000000e-02	2.215669962e+01	2.686980074e-02	6.650847858e-12
-1.040000000e-02	2.215670010e+01	2.668282326e-02	1.218649475e-11
-1.050000000e-02	2.215670058e+01	2.649584579e-02	2.047607848e-11
-1.060000000e-02	2.215670106e+01	2.630886833e-02	1.048550762e-11
-1.070000000e-02	2.215670154e+01	2.612189086e-02	1.790131096e-11
-1.080000000e-02	2.215670203e+01	2.593491340e-02	7.322854133e-12
-1.090000000e-02	2.215670252e+01	2.574793595e-02	5.522371004e-11
-1.100000000e-02	2.215670300e+01	2.556095850e-02	8.084044166e-12
-1.110000000e-02	2.215670350e+01	2.537398105e-02	2.050116156e-11
-1.120000000e-02	2.215670399e+01	2.518700361e-02	7.524246563e-12
-1.130000000e-02	2.215670448e+01	2.500002617e-02	2.861168943e-11
-1.140000000e-02	2.215670498e+01	2.481304873e-02	6.006210012e-12
-1.150000000e-02	2.215670547e+01	2.462607130e-02	1.145137793e-11
-1.160000000e-02	2.215670597e+01	2.443909387e-02	5.801839106e-12
-1.170000000e-02	2.215670647e+01	2.425211645e-02	7.281820840e-12
-1.180000000e-02	2.215670697e+01	2.406513903e-02	1.816743172e-11
-1.190000000e-02	2.215670748e+01	2.387816162e-02	1.241582679e-11
-1.200000000e-02	2.215670798e+01	2.369118421e-02	9.176967933e-12
-1.210000000e-02	2.215670849e+01	2.350420680e-02	7.575586834e-12
-1.220000000e-02	2.215670899e+01	2.331722940e-02	1.452581883e-11
-1.230000000e-02	2.215670950e+01	2.313025200e-02	2.444282926e-11
-1.240000000e-02	2.215671001e+01	2.294327461e-02	1.290650642e-11
-1.250000000e-02	2.215671053e+01	2.275629722e-02	4.687244307e-12
-1.260000000e-02	2.215671104e+01	2.256931984e-02	9.732456823e-12
-1.270000000e-02	2.215671156e+01	2.238234246e-02	2.431988878e-11
-1.280000000e-02	2.215671207e+01	2.219536509e-02	1.038304119e-11
-1.290000000e-02	2.215671259e+01	2.200838772e-02	1.250883212e-11
-1.300000000e-02	2.215671311e+01	2.182141035e-02	7.880998167e-12
-1.310000000e-02	2.215671364e+01	2.163443299e-02	1.165482337e-11
-1.320000000e-02	2.215671416e+01	2.144745564e-02	1.144024229e-11
-1.330000000e-02	2.215671468e+01	2.126047829e-02	2.009743186e-11
-1.340000000e-02	2.215671521e+01	2.107350094e-02	2.010070885e-11
-1.350000000e-02	2.215671574e+01	2.088652360e-02	1.646077261e-11
-1.360000000e-02	2.215671627e+01	2.069954626e-02	3.354902344e-11
-1.370000000e-02	2.215671680e+01	2.051256893e-02	8.846503725e-12
-1.380000000e-02	2.215671733e+01	2.032559161e-02	1.371308098e-11
-1.390000000e-02	2.215671787e+01	2.013861429e-02	5.977576976e-12
-1.400000000e-02	2.215671840e+01	1.995163697e-02	7.756780834e-12
-1.410000000e-02	2.215671894e+01	1.976465966e-02	9.297500569e-12
-1.420000000e-02	2.215671948e+01	1.957768235e-02	8.717734121e-12
-1.430000000e-02	2.215672002e+01	1.939070505e-02	7.742953074e-12
-1.440000000e-02	2.215672056e+01	1.920372776e-02	1.769175648e-11
-1.450000000e-02	2.215672111e+01	1.901675047e-02	1.016766332e-11
-1.460000000e-02	2.215672165e+01	1.882977318e-02	1.608265243e-11
-1.470000000e-02	2.215672220e+01	1.864279591e-02	3.462592327e-11
-1.480000000e-02	2.215672275e+01	1.845581863e-02	7.091138089e-12
-1.490000000e-02	2.215672330e+01	1.826884136e-02	1.560429430e-11
-1.500000000e-02	2.215672385e+01	1.808186410e-02	1.512998549e-11
-1.510000000e-02	2.215672441e+01	1.789488684e-02	1.502960280e-11
-1.520000000e-02	2.215672496e+01	1.770790959e-02	8.119996030e-12
-1.530000000e-02	2.215672552e+01	1.752093235e-02	2.313468216e-11
-1.540000000e-02	2.215672608e+01	1.733395511e-02	1.110596239e-11
-1.550000000e-02	2.215672664e+01	1.714697787e-02	1.232373166e-11
-1.560000000e-02	2.215672720e+01	1.696000064e-02	1.221319547e-11
-1.570000000e-02	2.215672776e+01	1.677302342e-02	9.041095992e-12
-1.580000000e-02	2.215672832e+01	1.658604620e-02	5.564737206e-12
-1.590000000e-02	2.215672889e+01	1.639906899e-02	1.395183052e-11
-1.600000000e-02	2.215672946e+01	1.621209179e-02	1.245216566e-11
-1.610000000e-02	2.215673003e+01	1.602511459e-02	6.996572439e-12
-1.620000000e-02	2.215673060e+01	1.583813739e-02	1.205998607e-11
-1.630000000e-02	2.215673117e+01	1.565116021e-02	5.859198734e-11
-1.640000000e-02	2.215673174e+01	1.546418302e-02	1.257239058e-11
-1.650000000e-02	2.215673232e+01	1.527720585e-02	4.298446510e-11
-1.660000000e-02	2.215673290e+01	1.509022868e-02	1.037571034e-11
-1.670000000e-02	2.215673348e+01	1.490325151e-02	9.849010616e-12
-1.680000000e-02	2.215673406e+01	1.471627436e-02	5.684873548e-11
-1.690000000e-02	2.215673464e+01	1.452929721e-02	1.455780006e-11
-1.700000000e-02	2.215673522e+01	1.434232006e-02	1.013497001e-11
-1.710000000e-02	2.215673581e+01	1.415534292e-02	1.265789933e-11
-1.720000000e-02	2.215673639e+01	1.396836579e-02	9.541745697e-12
-1.730000000e-02	2.215673698e+01	1.378138867e-02	3.107960457e-11
-1.740000000e-02	2.215673757e+01	1.359441155e-02	9.011865746e-12
-1.750000000e-02	2.215673816e+01	1.340743444e-02	1.786403436e-11
-1.760000000e-02	2.215673876e+01	1.322045733e-02	4.932144333e-12
-1.770000000e-02	2.215673935e+01	1.303348023e-02	3.925017942e-11
-1.780000000e-02	2.215673995e+01	1.284650314e-02	8.536522472e-12
-1.790000000e-02	2.215674054e+01	1.265952605e-02	2.381933581e-11
-1.800000000e-02	2.215674114e+01	1.247254897e-02	6.587569957e-12
-1.810000000e-02	2.215674174e+01	1.228557190e-02	2.756426330e-11
-1.820000000e-02	2.215674235e+01	1.209859483e-02	1.428878828e-11
-1.830000000e-02	2.215674295e+01	1.191161777e-02	1.063610009e-11
-1.840000000e-02	2.215674356e+01	1.172464072e-02	2.962380588e-11
-1.850000000e-02	2.215674416e+01	1.153766368e-02	6.592014996e-12
-1.860000000e-02	2.215674477e+01	1.135068664e-02	2.222323359e-11
-1.870000000e-02	2.215674538e+01	1.116370961e-02	1.107395158e-11
-1.880000000e-02	2.215674599e+01	1.097673258e-02	9.019977277e-12
-1.890000000e-02	2.215674661e+01	1.078975556e-02	9.540428143e-12
-1.900000000e-02	2.215674722e+01	1.060277855e-02	5.846578465e-11
-1.910000000e-02	2.215674784e+01	1.041580155e-02	1.319943780e-11
-1.920000000e-02	2.215674846e+01	1.022882456e-02	9.083721460e-12
-1.930000000e-02	2.215674908e+01	1.004184757e-02	3.092198393e-11
-1.940000000e-02	2.215674970e+01	9.854870585e-03	2.359809085e-11
-1.950000000e-02	2.215675032e+01	9.667893611e-03	1.473177612e-11
-1.960000000e-02	2.215675095e+01	9.480916644e-03	1.156754463e-11
-1.970000000e-02	2.215675157e+01	9.293939684e-03	7.659585615e-12
-1.980000000e-02	2.215675220e+01	9.106962732e-03	8.580535377e-12
-1.990000000e-02	2.215675283e+01	8.919985788e-03	1.693276497e-11
-2.000000000e-02	2.215675346e+01	8.733008850e-03	1.826845179e-11
-2.010000000e-02	2.215675409e+01	8.546031922e-03	6.581501878e-11
-2.020000000e-02	2.215675472e+01	8.359054999e-03	4.809472621e-11
-2.030000000e-02	2.215675536e+01	8.172078083e-03	6.462772154e-12
-2.040000000e-02	2.215675600e+01	7.985101176e-03	1.352756196e-11
-2.050000000e-02	2.215675664e+01	7.798124277e-03	1.246653485e-11
-2.060000000e-02	2.215675728e+01	7.611147385e-03	7.606612207e-12
-2.070000000e-02	2.215675792e+01	7.424170501e-03	1.297672441e-11
-2.080000000e-02	2.215675856e+01	7.237193625e-03	1.002216146e-11
-2.090000000e-02	2.215675921e+01	7.050216760e-03	8.746814158e-11
-2.100000000e-02	2.215675985e+01	6.863239897e-03	1.213143556e-11
-2.110000000e-02	2.215676050e+01	6.676263045e-03	1.019529311e-11
-2.120000000e-02	2.215676115e+01	6.489286200e-03	6.608635954e-12
-2.130000000e-02	2.215676180e+01	6.302309364e-03	8.268928029e-12
-2.140000000e-02	2.215676245e+01	6.115332536e-03	1.011261477e-11
-2.150000000e-02	2.215676311e+01	5.928355715e-03	2.258014056e-11
-2.160000000e-02	2.215676376e+01	5.741378904e-03	6.386270943e-11
-2.170000000e-02	2.215676442e+01	5.554402099e-03	3.966837103e-11
-2.180000000e-02	2.215676508e+01	5.367425304e-03	1.890008359e-11
-2.190000000e-02	2.215676574e+01	5.180448516e-03	8.718584893e-12
-2.200000000e-02	2.215676640e+01	4.993471736e-03	2.000782212e-11
-2.210000000e-02	2.215676707e+01	4.806494966e-03	9.921899326e-12
-2.220000000e-02	2.215676773e+01	4.619518203e-03	8.085528048e-12
-2.230000000e-02	2.215676840e+01	4.432541448e-03	2.165683854e-11
-2.240000000e-02	2.215676907e+01	4.245564703e-03	1.172380926e-11
-2.250000000e-02	2.215676974e+01	4.058587965e-03	1.748445442e-11
-2.260000000e-02	2.215677041e+01	3.871611238e-03	6.977345988e-11
-2.270000000e-02	2.215677108e+01	3.684634517e-03	6.174445239e-12
-2.280000000e-02	2.215677176e+01	3.497657805e-03	1.055658501e-11
-2.290000000e-02	2.215677244e+01	3.310681103e-03	1.968980703e-11
-2.300000000e-02	2.215677311e+01	3.123704407e-03	2.136052222e-11
-2.310000000e-02	2.215677379e+01	2.936727723e-03	2.314160140e-11
-2.320000000e-02	2.215677447e+01	2.749751046e-03	1.239004735e-11
-2.330000000e-02	2.215677516e+01	2.562774377e-03	3.403996603e-11
-2.340000000e-02	2.215677584e+01	2.375797717e-03	7.215229557e-11
-2.350000000e-02	2.215677653e+01	2.188821068e-03	8.105366232e-12
-2.360000000e-02	2.215677722e+01	2.001844427e-03	9.654965030e-12
-2.370000000e-02	2.215677790e+01	1.814867795e-03	1.477048008e-11
-2.380000000e-02	2.215677859e+01	1.627891172e-03	1.850388537e-11
-2.390000000e-02	2.215677929e+01	1.440914556e-03	3.280367663e-11
-2.400000000e-02	2.215677998e+01	1.253937952e-03	1.616133172e-11
-2.410000000e-02	2.215678068e+01	1.066961356e-03	3.732496990e-11
-2.420000000e-02	2.215678137e+01	8.799847680e-04	1.186339835e-11
-2.430000000e-02	2.215678207e+01	6.930081915e-04	3.781393962e-11
-2.440000000e-02	2.215678277e+01	5.060316215e-04	9.462554011e-12
-2.450000000e-02	2.215678347e+01	3.190550625e-04	6.097059178e-12
-2.460000000e-02	2.215678418e+01	1.320785117e-04	1.636499204e-11
-2.470000000e-02	2.215678488e+01	-5.489802801e-05	1.054562481e-11
-2.480000000e-02	2.215678559e+01	-2.418745596e-04	1.922948673e-11
-2.490000000e-02	2.215678630e+01	-4.288510819e-04	1.336953805e-11
-2.500000000e-02	2.215678701e+01	-6.158275932e-04	1.864958833e-11
-2.510000000e-02	2.215678772e+01	-8.028040969e-04	1.231458966e-11
-2.520000000e-02	2.215678843e+01	-9.897805892e-04	2.722481977e-11
-2.530000000e-02	2.215678914e+01	-1.176757073e-03	2.024090712e-11
-2.540000000e-02	2.215678986e+01	-1.363733548e-03	1.517012329e-11
-2.550000000e-02	2.215679058e+01	-1.550710012e-03	1.218638745e-11
-2.560000000e-02	2.215679130e+01	-1.737686467e-03	1.218811751e-11
-2.570000000e-02	2.215679202e+01	-1.924662911e-03	7.419320267e-12
-2.580000000e-02	2.215679274e+01	-2.111639347e-03	1.438876850e-11
-2.590000000e-02	2.215679346e+01	-2.298615773e-03	1.903429408e-11
-2.600000000e-02	2.215679419e+01	-2.485592187e-03	1.213051819e-11
-2.610000000e-02	2.215679491e+01	-2.672568593e-03	1.283684205e-11
-2.620000000e-02	2.215679564e+01	-2.859544989e-03	8.538444559e-12
-2.630000000e-02	2.215679637e+01	-3.046521375e-03	1.763672384e-11
-2.640000000e-02	2.215679710e+01	-3.233497750e-03	1.810237555e-11
-2.650000000e-02	2.215679784e+01	-3.420474115e-03	1.121795602e-11
-2.660000000e-02	2.215679857e+01	-3.607450471e-03	2.768776973e-11
-2.670000000e-02	2.215679931e+01	-3.794426816e-03	1.296129772e-11
-2.680000000e-02	2.215680005e+01	-3.981403150e-03	1.960394170e-11
-2.690000000e-02	2.215680079e+01	-4.168379475e-03	1.396321632e-11
-2.700000000e-02	2.215680153e+01	-4.355355790e-03	9.650388127e-12
-2.710000000e-02	2.215680227e+01	-4.542332094e-03	1.211452395e-11
-2.720000000e-02	2.215680301e+01	-4.729308388e-03	1.349562579e-11
-2.730000000e-02	2.215680376e+01	-4.916284672e-03	1.048805742e-11
-2.740000000e-02	2.215680451e+01	-5.103260945e-03	2.069981821e-11
-2.750000000e-02	2.215680526e+01	-5.290237207e-03	2.030453170e-11
-2.760000000e-02	2.215680601e+01	-5.477213459e-03	3.407263245e-11
-2.770000000e-02	2.215680676e+01	-5.664189700e-03	1.720079495e-11
-2.780000000e-02	2.215680751e+01	-5.851165932e-03	5.507691204e-12
-2.790000000e-02	2.215680827e+01	-6.038142151e-03	1.147209979e-11
-2.800000000e-02	2.215680903e+01	-6.225118361e-03	1.620097983e-11
-2.810000000e-02	2.215680978e+01	-6.412094560e-03	1.043472896e-11
-2.820000000e-02	2.215681054e+01	-6.599070748e-03	5.531640513e-12
-2.830000000e-02	2.215681131e+01	-6.786046926e-03	8.307548445e-12
-2.840000000e-02	2.215681207e+01	-6.973023092e-03	1.002874253e-11
-2.850000000e-02	2.215681283e+01	-7.159999248e-03	9.050758962e-12
-2.860000000e-02	2.215681360e+01	-7.346975392e-03	5.624357566e-12
-2.870000000e-02	2.215681437e+01	-7.533951527e-03	1.423204196e-11
-2.880000000e-02	2.215681514e+01	-7.720927649e-03	8.238406931e-12
-2.890000000e-02	2.215681591e+01	-7.907903761e-03	1.179395439e-11
-2.900000000e-02	2.215681668e+01	-8.094879862e-03	3.191740965e-11
-2.910000000e-02	2.215681745e+01	-8.281855952e-03	1.998311503e-11
-2.920000000e-02	2.215681823e+01	-8.468832031e-03	1.351436152e-10
-2.930000000e-02	2.215681901e+01	-8.655808097e-03	1.461690056e-11
-2.940000000e-02	2.215681979e+01	-8.842784153e-03	1.145151345e-11
-2.950000000e-02	2.215682057e+01	-9.029760198e-03	1.832222941e-11
-2.960000000e-02	2.215682135e+01	-9.216736232e-03	1.197225134e-11
-2.970000000e-02	2.215682213e+01	-9.403712254e-03	1.972721044e-11
-2.980000000e-02	2.215682292e+01	-9.590688265e-03	1.456425345e-11
-2.990000000e-02	2.215682370e+01	-9.777664264e-03	1.976059000e-11
-3.000000000e-02	2.215682449e+01	-9.964640251e-03	2.067409113e-11
-3.010000000e-02	2.215682528e+01	-1.015161623e-02	5.660235981e-11
-3.020000000e-02	2.215682607e+01	-1.033859219e-02	1.140243677e-11
-3.030000000e-02	2.215682687e+01	-1.052556815e-02	1.226044608e-11
-3.040000000e-02	2.215682766e+01	-1.071254409e-02	2.556223116e-11
-3.050000000e-02	2.215682846e+01	-1.089952002e-02	1.152715169e-11
-3.060000000e-02	2.215682926e+01	-1.108649594e-02	1.150966261e-11
-3.070000000e-02	2.215683006e+01	-1.127347184e-02	1.327809832e-11
-3.080000000e-02	2.215683086e+01	-1.146044774e-02	8.459978101e-12
-3.090000000e-02	2.215683166e+01	-1.164742362e-02	1.337788948e-11
-3.100000000e-02	2.215683246e+01	-1.183439949e-02	1.820059606e-11
-3.110000000e-02	2.215683327e+01	-1.202137535e-02	9.668979068e-12
-3.120000000e-02	2.215683408e+01	-1.220835120e-02	8.226516660e-12
-3.130000000e-02	2.215683489e+01	-1.239532703e-02	7.451338696e-12
-3.140000000e-02	2.215683570e+01	-1.258230286e-02	9.224508697e-12
-3.150000000e-02	2.215683651e+01	-1.276927867e-02	3.765372152e-11
-3.160000000e-02	2.215683732e+01	-1.295625447e-02	1.925861826e-11
-3.170000000e-02	2.215683814e+01	-1.314323025e-02	1.128174091e-11
-3.180000000e-02	2.215683895e+01	-1.333020603e-02	2.710009064e-11
-3.190000000e-02	2.215683977e+01	-1.351718179e-02	5.721442772e-12
-3.200000000e-02	2.215684059e+01	-1.370415754e-02	1.982955478e-11
-3.210000000e-02	2.215684141e+01	-1.389113328e-02	1.369262567e-11
-3.220000000e-02	2.215684224e+01	-1.407810900e-02	2.753064149e-11
-3.230000000e-02	2.215684306e+01	-1.426508472e-02	1.424325594e-11
-3.240000000e-02	2.215684389e+01	-1.445206042e-02	9.560065069e-12
-3.250000000e-02	2.215684471e+01	-1.463903610e-02	9.557285805e-12
-3.260000000e-02	2.215684554e+01	-1.482601178e-02	1.529281037e-11
-3.270000000e-02	2.215684637e+01	-1.501298744e-02	1.344966423e-11
-3.280000000e-02	2.215684721e+01	-1.519996309e-02	1.438036379e-11
-3.290000000e-02	2.215684804e+01	-1.538693873e-02	4.902466122e-11
-3.300000000e-02	2.215684888e+01	-1.557391436e-02	9.608828951e-12
-3.310000000e-02	2.215684971e+01	-1.576088997e-02	9.156949838e-12
-3.320000000e-02	2.215685055e+01	-1.594786557e-02	1.514617013e-11
-3.330000000e-02	2.215685139e+01	-1.613484116e-02	1.179661261e-11
-3.340000000e-02	2.215685224e+01	-1.632181673e-02	9.882375529e-12
-3.350000000e-02	2.215685308e+01	-1.650879229e-02	7.260997646e-12
-3.360000000e-02	2.215685392e+01	-1.669576784e-02	9.404761372e-12
-3.370000000e-02	2.215685477e+01	-1.688274338e-02	1.081511182e-11
-3.380000000e-02	2.215685562e+01	-1.706971890e-02	1.020232547e-11
-3.390000000e-02	2.215685647e+01	-1.725669441e-02	8.505543844e-12
-3.400000000e-02	2.215685732e+01	-1.744366991e-02	6.168662810e-11
-3.410000000e-02	2.215685817e+01	-1.763064539e-02	5.884399211e-12
-3.420000000e-02	2.215685903e+01	-1.781762086e-02	1.004078660e-11
-3.430000000e-02	2.215685988e+01	-1.800459632e-02	1.033006750e-11
-3.440000000e-02	2.215686074e+01	-1.819157176e-02	1.039703722e-11
-3.450000000e-02	2.215686160e+01	-1.837854719e-02	1.254026811e-11
-3.460000000e-02	2.215686246e+01	-1.856552261e-02	1.723407637e-12
-3.470000000e-02	2.215686332e+01	-1.875249801e-02	8.970688570e-12
-3.480000000e-02	2.215686419e+01	-1.893947340e-02	4.728014847e-11
-3.490000000e-02	2.215686505e+01	-1.912644878e-02	6.695354563e-12
-3.500000000e-02	2.215686592e+01	-1.931342414e-02	1.234514255e-11
-3.510000000e-02	2.215686679e+01	-1.950039949e-02	1.289845498e-11
-3.520000000e-02	2.215686766e+01	-1.968737483e-02	1.229895201e-11
-3.530000000e-02	2.215686853e+01	-1.987435015e-02	2.210010263e-11
-3.540000000e-02	2.215686941e+01	-2.006132546e-02	1.136536736e-11
-3.550000000e-02	2.215687028e+01	-2.024830076e-02	2.428995746e-11
-3.560000000e-02	2.215687116e+01	-2.043527604e-02	1.029457273e-11
-3.570000000e-02	2.215687204e+01	-2.062225131e-02	1.940000935e-11
-3.580000000e-02	2.215687292e+01	-2.080922657e-02	1.068329657e-11
-3.590000000e-02	2.215687380e+01	-2.099620181e-02	8.770186606e-12
-3.600000000e-02	2.215687468e+01	-2.118317703e-02	6.458513034e-12
-3.610000000e-02	2.215687556e+01	-2.137015225e-02	1.187363804e-11
-3.620000000e-02	2.215687645e+01	-2.155712744e-02	2.396752288e-11
-3.630000000e-02	2.215687734e+01	-2.174410263e-02	1.985946045e-11
-3.640000000e-02	2.215687823e+01	-2.193107780e-02	1.024072799e-11
-3.650000000e-02	2.215687912e+01	-2.211805296e-02	1.868461877e-11
-3.660000000e-02	2.215688001e+01	-2.230502810e-02	2.272669198e-11
-3.670000000e-02	2.215688090e+01	-2.249200323e-02	2.474516474e-11
-3.680000000e-02	2.215688180e+01	-2.267897835e-02	2.777349320e-11
-3.690000000e-02	2.215688270e+01	-2.286595345e-02	1.633828024e-11
-3.700000000e-02	2.215688360e+01	-2.305292853e-02	4.355679544e-11
-3.710000000e-02	2.215688450e+01	-2.323990360e-02	9.188688721e-12
-3.720000000e-02	2.215688540e+01	-2.342687866e-02	1.894133821e-11
-3.730000000e-02	2.215688630e+01	-2.361385371e-02	6.457697008e-12
-3.740000000e-02	2.215688721e+01	-2.380082873e-02	1.101795067e-11
-3.750000000e-02	2.215688811e+01	-2.398780375e-02	1.449763206e-11
-3.760000000e-02	2.215688902e+01	-2.417477875e-02	1.921858197e-11
-3.770000000e-02	2.215688993e+01	-2.436175373e-02	1.716557760e-11
-3.780000000e-02	2.215689084e+01	-2.454872870e-02	8.321926422e-12
-3.790000000e-02	2.215689176e+01	-2.473570366e-02	1.234944751e-11
-3.800000000e-02	2.215689267e+01	-2.492267860e-02	4.089813694e-11
-3.810000000e-02	2.215689359e+01	-2.510965353e-02	1.008062211e-11
-3.820000000e-02	2.215689450e+01	-2.529662844e-02	5.297495177e-11
-3.830000000e-02	2.215689542e+01	-2.548360334e-02	9.143965191e-12
-3.840000000e-02	2.215689634e+01	-2.567057822e-02	3.777239185e-11
-3.850000000e-02	2.215689727e+01	-2.585755309e-02	7.535685985e-12
-3.860000000e-02	2.215689819e+01	-2.604452793e-02	2.509556357e-10
-3.870000000e-02	2.215689912e+01	-2.623150278e-02	2.770345356e-11
-3.880000000e-02	2.215690004e+01	-2.641847760e-02	4.424657163e-12
-3.890000000e-02	2.215690097e+01	-2.660545241e-02	1.303061162e-11
-3.900000000e-02	2.215690190e+01	-2.679242720e-02	3.447515078e-11
-3.910000000e-02	2.215690283e+01	-2.697940198e-02	7.837962948e-12
-3.920000000e-02	2.215690377e+01	-2.716637674e-02	1.286297275e-11
-3.930000000e-02	2.215690470e+01	-2.735335149e-02	1.381859466e-11
-3.940000000e-02	2.215690564e+01	-2.754032622e-02	8.252461071e-12
-3.950000000e-02	2.215690658e+01	-2.772730094e-02	1.019152011e-11
-3.960000000e-02	2.215690752e+01	-2.791427564e-02	2.290518352e-11
-3.970000000e-02	2.215690846e+01	-2.810125033e-02	8.309569883e-12
-3.980000000e-02	2.215690940e+01	-2.828822500e-02	1.769099247e-11
-3.990000000e-02	2.215691034e+01	-2.847519965e-02	5.961262999e-12
-4.000000000e-02	2.215691129e+01	-2.866217429e-02	1.935441529e-11
