# Im(epsi1)     Re(Lambda)      Im(Lambda)      Eq(det).Opt det SIN kz, R=0.5 \mum, Re(epsi1)=4.90solve_det_sinkz_vs_mu.py
0.000000000e+00	1.636875945e+01	1.846495420e-02	2.061609522e-11
-1.000000000e-04	1.636875963e+01	1.832645750e-02	1.089295651e-11
-2.000000000e-04	1.636875981e+01	1.818796080e-02	5.427973749e-12
-3.000000000e-04	1.636875999e+01	1.804946410e-02	1.533646112e-11
-4.000000000e-04	1.636876017e+01	1.791096740e-02	4.191817578e-11
-5.000000000e-04	1.636876036e+01	1.777247070e-02	7.285092368e-12
-6.000000000e-04	1.636876054e+01	1.763397400e-02	5.521416359e-12
-7.000000000e-04	1.636876073e+01	1.749547730e-02	1.125705136e-11
-8.000000000e-04	1.636876092e+01	1.735698060e-02	2.609901607e-11
-9.000000000e-04	1.636876110e+01	1.721848390e-02	1.333761415e-11
-1.000000000e-03	1.636876129e+01	1.707998720e-02	1.494008436e-11
-1.100000000e-03	1.636876148e+01	1.694149050e-02	1.102095250e-11
-1.200000000e-03	1.636876167e+01	1.680299380e-02	3.755074133e-11
-1.300000000e-03	1.636876187e+01	1.666449710e-02	1.450522469e-11
-1.400000000e-03	1.636876206e+01	1.652600040e-02	7.597844566e-12
-1.500000000e-03	1.636876226e+01	1.638750370e-02	8.458751053e-12
-1.600000000e-03	1.636876245e+01	1.624900700e-02	1.065278101e-11
-1.700000000e-03	1.636876265e+01	1.611051030e-02	1.077996537e-11
-1.800000000e-03	1.636876285e+01	1.597201360e-02	8.412876712e-12
-1.900000000e-03	1.636876305e+01	1.583351691e-02	8.472907323e-12
-2.000000000e-03	1.636876325e+01	1.569502021e-02	2.427707745e-11
-2.100000000e-03	1.636876345e+01	1.555652351e-02	1.342022240e-11
-2.200000000e-03	1.636876366e+01	1.541802682e-02	1.612604320e-11
-2.300000000e-03	1.636876386e+01	1.527953012e-02	1.014455137e-11
-2.400000000e-03	1.636876407e+01	1.514103343e-02	1.818895254e-11
-2.500000000e-03	1.636876427e+01	1.500253673e-02	1.223635240e-11
-2.600000000e-03	1.636876448e+01	1.486404004e-02	5.729261230e-12
-2.700000000e-03	1.636876469e+01	1.472554335e-02	3.573831536e-11
-2.800000000e-03	1.636876490e+01	1.458704666e-02	1.083964540e-11
-2.900000000e-03	1.636876511e+01	1.444854997e-02	8.680670596e-12
-3.000000000e-03	1.636876532e+01	1.431005328e-02	1.364595313e-11
-3.100000000e-03	1.636876554e+01	1.417155659e-02	1.865652427e-11
-3.200000000e-03	1.636876575e+01	1.403305990e-02	1.994509029e-11
-3.300000000e-03	1.636876597e+01	1.389456321e-02	9.755945364e-12
-3.400000000e-03	1.636876619e+01	1.375606652e-02	9.243296892e-12
-3.500000000e-03	1.636876640e+01	1.361756983e-02	1.450118101e-11
-3.600000000e-03	1.636876662e+01	1.347907315e-02	8.737239932e-12
-3.700000000e-03	1.636876685e+01	1.334057647e-02	7.517040797e-12
-3.800000000e-03	1.636876707e+01	1.320207978e-02	6.811683223e-11
-3.900000000e-03	1.636876729e+01	1.306358310e-02	1.673609282e-11
-4.000000000e-03	1.636876752e+01	1.292508642e-02	1.349667266e-11
-4.100000000e-03	1.636876774e+01	1.278658974e-02	1.530449234e-11
-4.200000000e-03	1.636876797e+01	1.264809306e-02	7.605367811e-12
-4.300000000e-03	1.636876820e+01	1.250959638e-02	3.304522269e-11
-4.400000000e-03	1.636876842e+01	1.237109970e-02	1.494697317e-11
-4.500000000e-03	1.636876865e+01	1.223260303e-02	1.396688299e-10
-4.600000000e-03	1.636876889e+01	1.209410636e-02	9.191019832e-11
-4.700000000e-03	1.636876912e+01	1.195560968e-02	2.025396387e-11
-4.800000000e-03	1.636876935e+01	1.181711301e-02	1.719008292e-11
-4.900000000e-03	1.636876959e+01	1.167861634e-02	2.246799225e-11
-5.000000000e-03	1.636876982e+01	1.154011967e-02	7.234638962e-12
-5.100000000e-03	1.636877006e+01	1.140162300e-02	1.731606896e-11
-5.200000000e-03	1.636877030e+01	1.126312634e-02	1.821005494e-11
-5.300000000e-03	1.636877054e+01	1.112462967e-02	5.199701279e-12
-5.400000000e-03	1.636877078e+01	1.098613301e-02	1.306396953e-11
-5.500000000e-03	1.636877102e+01	1.084763635e-02	1.012792273e-11
-5.600000000e-03	1.636877126e+01	1.070913969e-02	1.453440532e-11
-5.700000000e-03	1.636877151e+01	1.057064303e-02	1.945255115e-11
-5.800000000e-03	1.636877175e+01	1.043214637e-02	1.419404642e-11
-5.900000000e-03	1.636877200e+01	1.029364972e-02	1.165256114e-11
-6.000000000e-03	1.636877225e+01	1.015515306e-02	7.953170171e-12
-6.100000000e-03	1.636877250e+01	1.001665641e-02	9.516821346e-12
-6.200000000e-03	1.636877275e+01	9.878159759e-03	1.770972680e-11
-6.300000000e-03	1.636877300e+01	9.739663110e-03	1.671466190e-11
-6.400000000e-03	1.636877325e+01	9.601166463e-03	1.450409708e-11
-6.500000000e-03	1.636877350e+01	9.462669818e-03	1.544273346e-11
-6.600000000e-03	1.636877376e+01	9.324173175e-03	7.530360745e-12
-6.700000000e-03	1.636877402e+01	9.185676533e-03	2.689215315e-11
-6.800000000e-03	1.636877427e+01	9.047179894e-03	9.103763787e-12
-6.900000000e-03	1.636877453e+01	8.908683256e-03	1.884753200e-11
-7.000000000e-03	1.636877479e+01	8.770186620e-03	5.489037355e-11
-7.100000000e-03	1.636877505e+01	8.631689986e-03	1.198216250e-11
-7.200000000e-03	1.636877531e+01	8.493193354e-03	3.491420584e-11
-7.300000000e-03	1.636877558e+01	8.354696726e-03	1.773833256e-11
-7.400000000e-03	1.636877584e+01	8.216200098e-03	9.636641428e-12
-7.500000000e-03	1.636877610e+01	8.077703472e-03	5.571060688e-11
-7.600000000e-03	1.636877637e+01	7.939206850e-03	2.499779049e-11
-7.700000000e-03	1.636877664e+01	7.800710227e-03	1.649378863e-11
-7.800000000e-03	1.636877691e+01	7.662213610e-03	2.734445183e-11
-7.900000000e-03	1.636877718e+01	7.523716992e-03	2.278023764e-11
-8.000000000e-03	1.636877745e+01	7.385220377e-03	1.064205066e-11
-8.100000000e-03	1.636877772e+01	7.246723765e-03	7.245876425e-12
-8.200000000e-03	1.636877799e+01	7.108227155e-03	1.379931700e-11
-8.300000000e-03	1.636877827e+01	6.969730547e-03	1.524367312e-11
-8.400000000e-03	1.636877855e+01	6.831233941e-03	2.138954710e-11
-8.500000000e-03	1.636877882e+01	6.692737339e-03	7.191240888e-12
-8.600000000e-03	1.636877910e+01	6.554240738e-03	1.496106576e-11
-8.700000000e-03	1.636877938e+01	6.415744141e-03	1.802178036e-11
-8.800000000e-03	1.636877966e+01	6.277247545e-03	8.303401214e-12
-8.900000000e-03	1.636877994e+01	6.138750951e-03	1.195777469e-11
-9.000000000e-03	1.636878022e+01	6.000254360e-03	2.035577954e-11
-9.100000000e-03	1.636878051e+01	5.861757771e-03	5.122759188e-11
-9.200000000e-03	1.636878079e+01	5.723261188e-03	9.490140530e-12
-9.300000000e-03	1.636878108e+01	5.584764604e-03	2.386588351e-11
-9.400000000e-03	1.636878137e+01	5.446268024e-03	6.724696935e-12
-9.500000000e-03	1.636878166e+01	5.307771447e-03	7.395485923e-12
-9.600000000e-03	1.636878195e+01	5.169274873e-03	7.930121130e-12
-9.700000000e-03	1.636878224e+01	5.030778302e-03	2.961951312e-11
-9.800000000e-03	1.636878253e+01	4.892281731e-03	1.353912271e-11
-9.900000000e-03	1.636878282e+01	4.753785165e-03	1.460798142e-11
-1.000000000e-02	1.636878312e+01	4.615288602e-03	1.712731834e-11
-1.010000000e-02	1.636878341e+01	4.476792041e-03	8.513401379e-12
-1.020000000e-02	1.636878371e+01	4.338295483e-03	1.023496856e-11
-1.030000000e-02	1.636878401e+01	4.199798929e-03	1.212301911e-11
-1.040000000e-02	1.636878431e+01	4.061302376e-03	9.486141850e-12
-1.050000000e-02	1.636878461e+01	3.922805828e-03	1.855981694e-11
-1.060000000e-02	1.636878491e+01	3.784309282e-03	1.804126740e-11
-1.070000000e-02	1.636878521e+01	3.645812739e-03	2.151012292e-11
-1.080000000e-02	1.636878552e+01	3.507316198e-03	1.585829485e-11
-1.090000000e-02	1.636878582e+01	3.368819662e-03	7.095529765e-12
-1.100000000e-02	1.636878613e+01	3.230323129e-03	8.619014774e-12
-1.110000000e-02	1.636878644e+01	3.091826599e-03	3.484059081e-11
-1.120000000e-02	1.636878674e+01	2.953330072e-03	1.650008369e-11
-1.130000000e-02	1.636878705e+01	2.814833547e-03	1.410744491e-11
-1.140000000e-02	1.636878736e+01	2.676337028e-03	6.011981999e-11
-1.150000000e-02	1.636878768e+01	2.537840509e-03	9.655439136e-12
-1.160000000e-02	1.636878799e+01	2.399343994e-03	8.745854610e-12
-1.170000000e-02	1.636878830e+01	2.260847484e-03	7.987412407e-12
-1.180000000e-02	1.636878862e+01	2.122350976e-03	1.183077743e-11
-1.190000000e-02	1.636878894e+01	1.983854472e-03	1.651983454e-11
-1.200000000e-02	1.636878925e+01	1.845357972e-03	8.185462447e-12
-1.210000000e-02	1.636878957e+01	1.706861476e-03	3.146672363e-11
-1.220000000e-02	1.636878989e+01	1.568364981e-03	1.099833508e-11
-1.230000000e-02	1.636879022e+01	1.429868490e-03	2.352777777e-11
-1.240000000e-02	1.636879054e+01	1.291372004e-03	1.150333184e-11
-1.250000000e-02	1.636879086e+01	1.152875521e-03	1.353271804e-11
-1.260000000e-02	1.636879119e+01	1.014379042e-03	1.158006861e-11
-1.270000000e-02	1.636879151e+01	8.758825660e-04	1.597627977e-11
-1.280000000e-02	1.636879184e+01	7.373860940e-04	1.785102380e-11
-1.290000000e-02	1.636879217e+01	5.988896256e-04	9.472225638e-12
-1.300000000e-02	1.636879250e+01	4.603931602e-04	1.762113605e-11
-1.310000000e-02	1.636879283e+01	3.218966999e-04	1.254497788e-11
-1.320000000e-02	1.636879316e+01	1.834002421e-04	9.736492376e-12
-1.330000000e-02	1.636879349e+01	4.490378693e-05	6.146608591e-11
-1.340000000e-02	1.636879383e+01	-9.359266057e-05	7.822351384e-12
-1.350000000e-02	1.636879416e+01	-2.320891062e-04	1.020324774e-11
-1.360000000e-02	1.636879450e+01	-3.705855482e-04	1.156371056e-11
-1.370000000e-02	1.636879484e+01	-5.090819858e-04	1.300680368e-11
-1.380000000e-02	1.636879518e+01	-6.475784200e-04	1.062835371e-11
-1.390000000e-02	1.636879552e+01	-7.860748498e-04	4.655676950e-11
-1.400000000e-02	1.636879586e+01	-9.245712760e-04	1.934923208e-11
-1.410000000e-02	1.636879620e+01	-1.063067697e-03	2.552091257e-11
-1.420000000e-02	1.636879655e+01	-1.201564116e-03	1.307991434e-11
-1.430000000e-02	1.636879689e+01	-1.340060529e-03	1.436221365e-11
-1.440000000e-02	1.636879724e+01	-1.478556938e-03	1.202504189e-11
-1.450000000e-02	1.636879758e+01	-1.617053343e-03	1.440475609e-11
-1.460000000e-02	1.636879793e+01	-1.755549745e-03	1.558257368e-11
-1.470000000e-02	1.636879828e+01	-1.894046142e-03	1.343793629e-11
-1.480000000e-02	1.636879863e+01	-2.032542534e-03	2.717988058e-11
-1.490000000e-02	1.636879898e+01	-2.171038922e-03	2.148198199e-11
-1.500000000e-02	1.636879934e+01	-2.309535307e-03	2.650972600e-11
-1.510000000e-02	1.636879969e+01	-2.448031684e-03	1.118757355e-10
-1.520000000e-02	1.636880005e+01	-2.586528062e-03	9.351263090e-12
-1.530000000e-02	1.636880040e+01	-2.725024433e-03	1.018293557e-11
-1.540000000e-02	1.636880076e+01	-2.863520800e-03	1.045013578e-11
-1.550000000e-02	1.636880112e+01	-3.002017161e-03	1.081086840e-11
-1.560000000e-02	1.636880148e+01	-3.140513519e-03	1.394679466e-11
-1.570000000e-02	1.636880184e+01	-3.279009872e-03	7.046856292e-12
-1.580000000e-02	1.636880220e+01	-3.417506220e-03	1.611249345e-11
-1.590000000e-02	1.636880257e+01	-3.556002565e-03	1.201240246e-11
-1.600000000e-02	1.636880293e+01	-3.694498903e-03	9.637349056e-12
-1.610000000e-02	1.636880330e+01	-3.832995239e-03	1.204312718e-11
-1.620000000e-02	1.636880367e+01	-3.971491569e-03	1.096730251e-11
-1.630000000e-02	1.636880403e+01	-4.109987894e-03	7.526892424e-12
-1.640000000e-02	1.636880440e+01	-4.248484214e-03	1.024615237e-11
-1.650000000e-02	1.636880477e+01	-4.386980530e-03	8.576743140e-12
-1.660000000e-02	1.636880515e+01	-4.525476841e-03	1.270384871e-11
-1.670000000e-02	1.636880552e+01	-4.663973148e-03	3.958579468e-11
-1.680000000e-02	1.636880589e+01	-4.802469448e-03	1.391522547e-11
-1.690000000e-02	1.636880627e+01	-4.940965745e-03	1.687842783e-11
-1.700000000e-02	1.636880664e+01	-5.079462037e-03	2.024109607e-11
-1.710000000e-02	1.636880702e+01	-5.217958324e-03	2.685903692e-11
-1.720000000e-02	1.636880740e+01	-5.356454604e-03	3.157830559e-11
-1.730000000e-02	1.636880778e+01	-5.494950882e-03	7.166411108e-12
-1.740000000e-02	1.636880816e+01	-5.633447154e-03	1.986139808e-11
-1.750000000e-02	1.636880854e+01	-5.771943420e-03	1.404993607e-11
-1.760000000e-02	1.636880893e+01	-5.910439682e-03	3.032464604e-11
-1.770000000e-02	1.636880931e+01	-6.048935938e-03	4.803564691e-12
-1.780000000e-02	1.636880970e+01	-6.187432189e-03	1.402266375e-11
-1.790000000e-02	1.636881008e+01	-6.325928435e-03	7.202141925e-12
-1.800000000e-02	1.636881047e+01	-6.464424676e-03	1.125941321e-11
-1.810000000e-02	1.636881086e+01	-6.602920912e-03	1.093267754e-11
-1.820000000e-02	1.636881125e+01	-6.741417141e-03	1.829250620e-11
-1.830000000e-02	1.636881164e+01	-6.879913367e-03	1.314735747e-11
-1.840000000e-02	1.636881204e+01	-7.018409587e-03	9.163823629e-12
-1.850000000e-02	1.636881243e+01	-7.156905801e-03	1.031344891e-11
-1.860000000e-02	1.636881283e+01	-7.295402010e-03	1.698217094e-11
-1.870000000e-02	1.636881322e+01	-7.433898214e-03	1.669394754e-11
-1.880000000e-02	1.636881362e+01	-7.572394412e-03	9.556876407e-12
-1.890000000e-02	1.636881402e+01	-7.710890604e-03	1.214042028e-11
-1.900000000e-02	1.636881442e+01	-7.849386792e-03	1.168893540e-11
-1.910000000e-02	1.636881482e+01	-7.987882974e-03	9.479214674e-12
-1.920000000e-02	1.636881522e+01	-8.126379150e-03	8.538948805e-12
-1.930000000e-02	1.636881563e+01	-8.264875321e-03	2.635650995e-11
-1.940000000e-02	1.636881603e+01	-8.403371485e-03	1.125503061e-11
-1.950000000e-02	1.636881644e+01	-8.541867645e-03	5.065308723e-12
-1.960000000e-02	1.636881684e+01	-8.680363798e-03	1.024708595e-11
-1.970000000e-02	1.636881725e+01	-8.818859946e-03	1.073525807e-11
-1.980000000e-02	1.636881766e+01	-8.957356088e-03	1.012720649e-11
-1.990000000e-02	1.636881807e+01	-9.095852225e-03	5.390032491e-12
-2.000000000e-02	1.636881848e+01	-9.234348355e-03	7.438380644e-12
-2.010000000e-02	1.636881889e+01	-9.372844480e-03	9.774478697e-12
-2.020000000e-02	1.636881931e+01	-9.511340599e-03	1.245264724e-11
-2.030000000e-02	1.636881972e+01	-9.649836712e-03	1.257509575e-11
-2.040000000e-02	1.636882014e+01	-9.788332819e-03	1.728816659e-11
-2.050000000e-02	1.636882056e+01	-9.926828921e-03	1.697854247e-11
-2.060000000e-02	1.636882098e+01	-1.006532502e-02	9.163764780e-12
-2.070000000e-02	1.636882139e+01	-1.020382110e-02	2.903334865e-11
-2.080000000e-02	1.636882182e+01	-1.034231719e-02	3.009228067e-11
-2.090000000e-02	1.636882224e+01	-1.048081327e-02	9.516250475e-12
-2.100000000e-02	1.636882266e+01	-1.061930934e-02	1.017748796e-11
-2.110000000e-02	1.636882309e+01	-1.075780540e-02	2.836446031e-11
-2.120000000e-02	1.636882351e+01	-1.089630146e-02	9.882259473e-12
-2.130000000e-02	1.636882394e+01	-1.103479751e-02	3.519930599e-11
-2.140000000e-02	1.636882437e+01	-1.117329356e-02	4.647860350e-12
-2.150000000e-02	1.636882479e+01	-1.131178960e-02	1.129575331e-11
-2.160000000e-02	1.636882523e+01	-1.145028563e-02	6.100917736e-12
-2.170000000e-02	1.636882566e+01	-1.158878166e-02	1.097875189e-11
-2.180000000e-02	1.636882609e+01	-1.172727768e-02	7.214272297e-12
-2.190000000e-02	1.636882652e+01	-1.186577370e-02	2.371223261e-11
-2.200000000e-02	1.636882696e+01	-1.200426971e-02	1.527907456e-11
-2.210000000e-02	1.636882739e+01	-1.214276571e-02	2.776790836e-11
-2.220000000e-02	1.636882783e+01	-1.228126170e-02	1.236742882e-11
-2.230000000e-02	1.636882827e+01	-1.241975769e-02	4.525449432e-11
-2.240000000e-02	1.636882871e+01	-1.255825367e-02	1.826567770e-11
-2.250000000e-02	1.636882915e+01	-1.269674965e-02	1.446347014e-11
-2.260000000e-02	1.636882959e+01	-1.283524562e-02	6.549416827e-12
-2.270000000e-02	1.636883004e+01	-1.297374158e-02	1.111523970e-11
-2.280000000e-02	1.636883048e+01	-1.311223754e-02	4.747413405e-11
-2.290000000e-02	1.636883092e+01	-1.325073349e-02	1.894517908e-11
-2.300000000e-02	1.636883137e+01	-1.338922943e-02	1.432967327e-11
-2.310000000e-02	1.636883182e+01	-1.352772537e-02	1.243052277e-11
-2.320000000e-02	1.636883227e+01	-1.366622130e-02	7.429803174e-12
-2.330000000e-02	1.636883272e+01	-1.380471722e-02	1.280487170e-11
-2.340000000e-02	1.636883317e+01	-1.394321314e-02	1.113460867e-10
-2.350000000e-02	1.636883362e+01	-1.408170905e-02	3.426051193e-11
-2.360000000e-02	1.636883408e+01	-1.422020495e-02	3.363310832e-11
-2.370000000e-02	1.636883453e+01	-1.435870084e-02	9.598801378e-12
-2.380000000e-02	1.636883499e+01	-1.449719673e-02	1.740594285e-11
-2.390000000e-02	1.636883544e+01	-1.463569262e-02	3.488154759e-11
-2.400000000e-02	1.636883590e+01	-1.477418849e-02	6.019763955e-12
-2.410000000e-02	1.636883636e+01	-1.491268436e-02	7.873420755e-12
-2.420000000e-02	1.636883682e+01	-1.505118022e-02	8.575365954e-12
-2.430000000e-02	1.636883728e+01	-1.518967607e-02	1.188363143e-11
-2.440000000e-02	1.636883775e+01	-1.532817192e-02	1.050240641e-11
-2.450000000e-02	1.636883821e+01	-1.546666776e-02	1.039994050e-11
-2.460000000e-02	1.636883868e+01	-1.560516359e-02	2.606815034e-11
-2.470000000e-02	1.636883914e+01	-1.574365941e-02	1.434452861e-11
-2.480000000e-02	1.636883961e+01	-1.588215523e-02	1.120246297e-11
-2.490000000e-02	1.636884008e+01	-1.602065104e-02	1.345237621e-11
-2.500000000e-02	1.636884055e+01	-1.615914685e-02	1.334260443e-11
-2.510000000e-02	1.636884102e+01	-1.629764264e-02	1.327547945e-11
-2.520000000e-02	1.636884149e+01	-1.643613843e-02	1.085867972e-10
-2.530000000e-02	1.636884197e+01	-1.657463421e-02	1.088599743e-11
-2.540000000e-02	1.636884244e+01	-1.671312998e-02	9.335672437e-12
-2.550000000e-02	1.636884292e+01	-1.685162575e-02	2.691449160e-11
-2.560000000e-02	1.636884339e+01	-1.699012151e-02	2.469123048e-11
-2.570000000e-02	1.636884387e+01	-1.712861726e-02	1.739418495e-11
-2.580000000e-02	1.636884435e+01	-1.726711301e-02	7.710457339e-12
-2.590000000e-02	1.636884483e+01	-1.740560874e-02	2.618520226e-11
-2.600000000e-02	1.636884531e+01	-1.754410447e-02	7.005421916e-12
-2.610000000e-02	1.636884580e+01	-1.768260019e-02	8.136154184e-12
-2.620000000e-02	1.636884628e+01	-1.782109591e-02	1.032324158e-11
-2.630000000e-02	1.636884677e+01	-1.795959161e-02	2.685584555e-11
-2.640000000e-02	1.636884725e+01	-1.809808731e-02	1.387079075e-11
-2.650000000e-02	1.636884774e+01	-1.823658300e-02	1.080613132e-11
-2.660000000e-02	1.636884823e+01	-1.837507868e-02	1.268695174e-11
-2.670000000e-02	1.636884872e+01	-1.851357436e-02	1.182639934e-11
-2.680000000e-02	1.636884921e+01	-1.865207002e-02	7.176976611e-12
-2.690000000e-02	1.636884970e+01	-1.879056568e-02	9.169814684e-12
-2.700000000e-02	1.636885020e+01	-1.892906134e-02	1.092662235e-11
-2.710000000e-02	1.636885069e+01	-1.906755698e-02	3.013371622e-11
-2.720000000e-02	1.636885119e+01	-1.920605261e-02	4.095250298e-11
-2.730000000e-02	1.636885168e+01	-1.934454824e-02	4.126076724e-11
-2.740000000e-02	1.636885218e+01	-1.948304386e-02	1.738883033e-11
-2.750000000e-02	1.636885268e+01	-1.962153947e-02	9.552999519e-12
-2.760000000e-02	1.636885318e+01	-1.976003508e-02	1.176983910e-10
-2.770000000e-02	1.636885368e+01	-1.989853067e-02	9.104955419e-12
-2.780000000e-02	1.636885419e+01	-2.003702626e-02	5.118183226e-12
-2.790000000e-02	1.636885469e+01	-2.017552184e-02	7.577803831e-12
-2.800000000e-02	1.636885519e+01	-2.031401741e-02	1.152227401e-11
-2.810000000e-02	1.636885570e+01	-2.045251297e-02	1.384342548e-11
-2.820000000e-02	1.636885621e+01	-2.059100853e-02	1.211495293e-11
-2.830000000e-02	1.636885672e+01	-2.072950408e-02	3.454107969e-11
-2.840000000e-02	1.636885723e+01	-2.086799961e-02	5.963461475e-12
-2.850000000e-02	1.636885774e+01	-2.100649514e-02	1.147447322e-11
-2.860000000e-02	1.636885825e+01	-2.114499067e-02	1.505029829e-11
-2.870000000e-02	1.636885876e+01	-2.128348618e-02	1.409373161e-11
-2.880000000e-02	1.636885928e+01	-2.142198168e-02	6.973651229e-12
-2.890000000e-02	1.636885979e+01	-2.156047718e-02	8.597384740e-12
-2.900000000e-02	1.636886031e+01	-2.169897267e-02	2.805061561e-11
-2.910000000e-02	1.636886083e+01	-2.183746815e-02	1.348902096e-11
-2.920000000e-02	1.636886135e+01	-2.197596362e-02	1.042952229e-11
-2.930000000e-02	1.636886187e+01	-2.211445908e-02	1.530660954e-11
-2.940000000e-02	1.636886239e+01	-2.225295454e-02	1.332441041e-11
-2.950000000e-02	1.636886291e+01	-2.239144998e-02	6.091519551e-12
-2.960000000e-02	1.636886344e+01	-2.252994542e-02	1.383595858e-11
-2.970000000e-02	1.636886396e+01	-2.266844084e-02	1.001458506e-11
-2.980000000e-02	1.636886449e+01	-2.280693626e-02	1.221749595e-11
-2.990000000e-02	1.636886501e+01	-2.294543167e-02	1.573396577e-11
-3.000000000e-02	1.636886554e+01	-2.308392708e-02	8.327203917e-12
-3.010000000e-02	1.636886607e+01	-2.322242247e-02	1.436227054e-11
-3.020000000e-02	1.636886660e+01	-2.336091785e-02	1.537791472e-11
-3.030000000e-02	1.636886714e+01	-2.349941323e-02	3.687775866e-11
-3.040000000e-02	1.636886767e+01	-2.363790860e-02	6.591140875e-12
-3.050000000e-02	1.636886820e+01	-2.377640395e-02	7.441563972e-12
-3.060000000e-02	1.636886874e+01	-2.391489930e-02	7.807920869e-12
-3.070000000e-02	1.636886928e+01	-2.405339464e-02	2.356306047e-11
-3.080000000e-02	1.636886981e+01	-2.419188997e-02	4.552533990e-11
-3.090000000e-02	1.636887035e+01	-2.433038529e-02	1.980389115e-11
-3.100000000e-02	1.636887089e+01	-2.446888061e-02	8.936628638e-12
-3.110000000e-02	1.636887143e+01	-2.460737591e-02	4.315968523e-11
-3.120000000e-02	1.636887198e+01	-2.474587120e-02	1.486245404e-11
-3.130000000e-02	1.636887252e+01	-2.488436649e-02	9.200183074e-12
-3.140000000e-02	1.636887306e+01	-2.502286177e-02	6.311020182e-12
-3.150000000e-02	1.636887361e+01	-2.516135703e-02	4.404481967e-11
-3.160000000e-02	1.636887416e+01	-2.529985229e-02	1.195848626e-11
-3.170000000e-02	1.636887471e+01	-2.543834754e-02	6.500160873e-12
-3.180000000e-02	1.636887526e+01	-2.557684278e-02	1.308935417e-11
-3.190000000e-02	1.636887581e+01	-2.571533801e-02	2.012685643e-11
-3.200000000e-02	1.636887636e+01	-2.585383323e-02	3.109036071e-11
-3.210000000e-02	1.636887691e+01	-2.599232844e-02	1.148243770e-11
-3.220000000e-02	1.636887747e+01	-2.613082364e-02	2.692189700e-11
-3.230000000e-02	1.636887802e+01	-2.626931883e-02	3.256460615e-11
-3.240000000e-02	1.636887858e+01	-2.640781402e-02	1.653174605e-11
-3.250000000e-02	1.636887914e+01	-2.654630919e-02	1.526923980e-11
-3.260000000e-02	1.636887969e+01	-2.668480435e-02	1.057265625e-11
-3.270000000e-02	1.636888026e+01	-2.682329951e-02	1.410928380e-11
-3.280000000e-02	1.636888082e+01	-2.696179465e-02	1.221602888e-11
-3.290000000e-02	1.636888138e+01	-2.710028979e-02	1.455800871e-11
-3.300000000e-02	1.636888194e+01	-2.723878491e-02	9.028143810e-12
-3.310000000e-02	1.636888251e+01	-2.737728003e-02	1.267618708e-11
-3.320000000e-02	1.636888307e+01	-2.751577514e-02	9.992363000e-12
-3.330000000e-02	1.636888364e+01	-2.765427023e-02	2.034996907e-11
-3.340000000e-02	1.636888421e+01	-2.779276532e-02	6.637083015e-12
-3.350000000e-02	1.636888478e+01	-2.793126039e-02	1.428639869e-11
-3.360000000e-02	1.636888535e+01	-2.806975546e-02	1.912274275e-11
-3.370000000e-02	1.636888592e+01	-2.820825052e-02	1.544238985e-11
-3.380000000e-02	1.636888649e+01	-2.834674557e-02	9.004877055e-12
-3.390000000e-02	1.636888707e+01	-2.848524060e-02	1.298135597e-11
-3.400000000e-02	1.636888764e+01	-2.862373563e-02	1.552560521e-11
-3.410000000e-02	1.636888822e+01	-2.876223065e-02	7.575510492e-12
-3.420000000e-02	1.636888880e+01	-2.890072566e-02	3.365630429e-11
-3.430000000e-02	1.636888938e+01	-2.903922065e-02	1.807669885e-11
-3.440000000e-02	1.636888996e+01	-2.917771564e-02	2.595292821e-11
-3.450000000e-02	1.636889054e+01	-2.931621062e-02	1.690617031e-11
-3.460000000e-02	1.636889112e+01	-2.945470558e-02	1.267232953e-11
-3.470000000e-02	1.636889170e+01	-2.959320054e-02	1.518398405e-11
-3.480000000e-02	1.636889229e+01	-2.973169549e-02	2.071469144e-11
-3.490000000e-02	1.636889287e+01	-2.987019043e-02	9.873627464e-12
-3.500000000e-02	1.636889346e+01	-3.000868535e-02	3.727924952e-11
-3.510000000e-02	1.636889405e+01	-3.014718027e-02	2.042356790e-11
-3.520000000e-02	1.636889464e+01	-3.028567517e-02	1.225060322e-11
-3.530000000e-02	1.636889523e+01	-3.042417007e-02	1.059235551e-11
-3.540000000e-02	1.636889582e+01	-3.056266495e-02	7.770036655e-12
-3.550000000e-02	1.636889641e+01	-3.070115983e-02	9.296213528e-12
-3.560000000e-02	1.636889701e+01	-3.083965469e-02	2.053013003e-11
-3.570000000e-02	1.636889760e+01	-3.097814955e-02	1.119086664e-11
-3.580000000e-02	1.636889820e+01	-3.111664439e-02	3.735653481e-11
-3.590000000e-02	1.636889880e+01	-3.125513922e-02	8.821147148e-12
-3.600000000e-02	1.636889939e+01	-3.139363405e-02	1.931045493e-11
-3.610000000e-02	1.636889999e+01	-3.153212886e-02	5.619910262e-12
-3.620000000e-02	1.636890060e+01	-3.167062366e-02	2.410343906e-11
-3.630000000e-02	1.636890120e+01	-3.180911845e-02	6.960890397e-12
-3.640000000e-02	1.636890180e+01	-3.194761323e-02	1.813861447e-11
-3.650000000e-02	1.636890241e+01	-3.208610800e-02	1.427367243e-11
-3.660000000e-02	1.636890301e+01	-3.222460276e-02	1.598367032e-11
-3.670000000e-02	1.636890362e+01	-3.236309751e-02	1.192795593e-11
-3.680000000e-02	1.636890423e+01	-3.250159224e-02	7.388221575e-12
-3.690000000e-02	1.636890484e+01	-3.264008697e-02	2.148122003e-11
-3.700000000e-02	1.636890545e+01	-3.277858168e-02	1.298650935e-11
-3.710000000e-02	1.636890606e+01	-3.291707639e-02	7.633058253e-12
-3.720000000e-02	1.636890667e+01	-3.305557108e-02	2.299401076e-11
-3.730000000e-02	1.636890728e+01	-3.319406577e-02	3.804763874e-11
-3.740000000e-02	1.636890790e+01	-3.333256044e-02	1.618718016e-11
-3.750000000e-02	1.636890852e+01	-3.347105510e-02	1.842015032e-11
-3.760000000e-02	1.636890913e+01	-3.360954975e-02	1.443311655e-11
-3.770000000e-02	1.636890975e+01	-3.374804439e-02	7.500076707e-11
-3.780000000e-02	1.636891037e+01	-3.388653902e-02	1.265546640e-11
-3.790000000e-02	1.636891099e+01	-3.402503363e-02	9.199468069e-12
-3.800000000e-02	1.636891161e+01	-3.416352824e-02	1.039384928e-11
-3.810000000e-02	1.636891224e+01	-3.430202283e-02	6.325251464e-11
-3.820000000e-02	1.636891286e+01	-3.444051742e-02	1.673145528e-11
-3.830000000e-02	1.636891349e+01	-3.457901199e-02	1.810802934e-11
-3.840000000e-02	1.636891411e+01	-3.471750655e-02	1.922196354e-11
-3.850000000e-02	1.636891474e+01	-3.485600110e-02	7.547657695e-12
-3.860000000e-02	1.636891537e+01	-3.499449564e-02	1.145801785e-11
-3.870000000e-02	1.636891600e+01	-3.513299016e-02	1.422038792e-11
-3.880000000e-02	1.636891663e+01	-3.527148468e-02	6.357130199e-12
-3.890000000e-02	1.636891727e+01	-3.540997918e-02	1.316161944e-11
-3.900000000e-02	1.636891790e+01	-3.554847368e-02	1.026440790e-11
-3.910000000e-02	1.636891853e+01	-3.568696816e-02	6.042866017e-11
-3.920000000e-02	1.636891917e+01	-3.582546263e-02	2.144029481e-11
-3.930000000e-02	1.636891981e+01	-3.596395709e-02	1.363111773e-11
-3.940000000e-02	1.636892045e+01	-3.610245153e-02	1.495301367e-11
-3.950000000e-02	1.636892109e+01	-3.624094597e-02	1.219323738e-11
-3.960000000e-02	1.636892173e+01	-3.637944039e-02	1.369768847e-11
-3.970000000e-02	1.636892237e+01	-3.651793480e-02	2.168816940e-11
-3.980000000e-02	1.636892301e+01	-3.665642921e-02	8.794702528e-12
-3.990000000e-02	1.636892366e+01	-3.679492359e-02	1.048776938e-11
-4.000000000e-02	1.636892430e+01	-3.693341797e-02	4.477336990e-11
