# Im(epsi1)     Re(Lambda)      Im(Lambda)      Eq(det).Opt det SIN kz, R=0.5 \mum, Re(epsi1)=4.90solve_det_sinkz_vs_mu.py
0.000000000e+00	2.437509950e+01	6.277952434e-02	1.177170170e-11
-1.000000000e-04	2.437509988e+01	6.257404751e-02	3.354418000e-11
-2.000000000e-04	2.437510026e+01	6.236857068e-02	1.374545612e-11
-3.000000000e-04	2.437510064e+01	6.216309385e-02	1.618587623e-11
-4.000000000e-04	2.437510102e+01	6.195761702e-02	4.256621473e-11
-5.000000000e-04	2.437510140e+01	6.175214018e-02	1.633392037e-11
-6.000000000e-04	2.437510179e+01	6.154666335e-02	1.145519969e-11
-7.000000000e-04	2.437510217e+01	6.134118652e-02	5.887467507e-12
-8.000000000e-04	2.437510256e+01	6.113570969e-02	9.641629174e-11
-9.000000000e-04	2.437510295e+01	6.093023285e-02	7.584530908e-12
-1.000000000e-03	2.437510334e+01	6.072475601e-02	8.166864466e-12
-1.100000000e-03	2.437510374e+01	6.051927918e-02	1.148359241e-11
-1.200000000e-03	2.437510413e+01	6.031380234e-02	6.030248397e-12
-1.300000000e-03	2.437510453e+01	6.010832551e-02	2.611949803e-11
-1.400000000e-03	2.437510493e+01	5.990284867e-02	1.312785607e-11
-1.500000000e-03	2.437510533e+01	5.969737184e-02	1.448361953e-11
-1.600000000e-03	2.437510573e+01	5.949189500e-02	2.402831303e-11
-1.700000000e-03	2.437510614e+01	5.928641816e-02	2.101185504e-11
-1.800000000e-03	2.437510654e+01	5.908094133e-02	1.193303985e-11
-1.900000000e-03	2.437510695e+01	5.887546449e-02	4.259980717e-12
-2.000000000e-03	2.437510736e+01	5.866998766e-02	2.830548682e-11
-2.100000000e-03	2.437510777e+01	5.846451082e-02	1.118695048e-11
-2.200000000e-03	2.437510818e+01	5.825903398e-02	7.967090173e-12
-2.300000000e-03	2.437510860e+01	5.805355715e-02	1.320065674e-11
-2.400000000e-03	2.437510901e+01	5.784808031e-02	7.433190188e-12
-2.500000000e-03	2.437510943e+01	5.764260348e-02	8.052237364e-12
-2.600000000e-03	2.437510985e+01	5.743712665e-02	1.262353269e-11
-2.700000000e-03	2.437511027e+01	5.723164981e-02	1.314934656e-11
-2.800000000e-03	2.437511070e+01	5.702617298e-02	1.193732060e-11
-2.900000000e-03	2.437511112e+01	5.682069615e-02	1.006234189e-11
-3.000000000e-03	2.437511155e+01	5.661521931e-02	9.492884847e-12
-3.100000000e-03	2.437511198e+01	5.640974248e-02	8.186368974e-12
-3.200000000e-03	2.437511241e+01	5.620426565e-02	1.965681976e-11
-3.300000000e-03	2.437511284e+01	5.599878882e-02	9.126153707e-11
-3.400000000e-03	2.437511327e+01	5.579331199e-02	1.199549936e-11
-3.500000000e-03	2.437511371e+01	5.558783516e-02	1.165456423e-11
-3.600000000e-03	2.437511415e+01	5.538235833e-02	2.810717591e-11
-3.700000000e-03	2.437511458e+01	5.517688150e-02	8.605235946e-12
-3.800000000e-03	2.437511502e+01	5.497140468e-02	1.015747293e-11
-3.900000000e-03	2.437511547e+01	5.476592785e-02	9.653452539e-12
-4.000000000e-03	2.437511591e+01	5.456045103e-02	1.173697495e-11
-4.100000000e-03	2.437511636e+01	5.435497420e-02	1.691351631e-11
-4.200000000e-03	2.437511680e+01	5.414949738e-02	1.703195307e-11
-4.300000000e-03	2.437511725e+01	5.394402056e-02	2.034102315e-11
-4.400000000e-03	2.437511770e+01	5.373854374e-02	2.815365478e-11
-4.500000000e-03	2.437511816e+01	5.353306692e-02	1.837212862e-11
-4.600000000e-03	2.437511861e+01	5.332759010e-02	2.186583327e-11
-4.700000000e-03	2.437511907e+01	5.312211329e-02	1.033356651e-11
-4.800000000e-03	2.437511953e+01	5.291663647e-02	1.941519545e-11
-4.900000000e-03	2.437511999e+01	5.271115966e-02	1.859470863e-11
-5.000000000e-03	2.437512045e+01	5.250568285e-02	7.877409579e-12
-5.100000000e-03	2.437512091e+01	5.230020604e-02	9.722494257e-12
-5.200000000e-03	2.437512137e+01	5.209472923e-02	9.337396925e-12
-5.300000000e-03	2.437512184e+01	5.188925242e-02	1.674266268e-11
-5.400000000e-03	2.437512231e+01	5.168377561e-02	1.325129562e-11
-5.500000000e-03	2.437512278e+01	5.147829881e-02	9.647664878e-12
-5.600000000e-03	2.437512325e+01	5.127282201e-02	5.997141352e-11
-5.700000000e-03	2.437512372e+01	5.106734521e-02	8.657477969e-12
-5.800000000e-03	2.437512420e+01	5.086186841e-02	1.379401255e-11
-5.900000000e-03	2.437512468e+01	5.065639161e-02	1.000930593e-11
-6.000000000e-03	2.437512516e+01	5.045091481e-02	1.868243401e-11
-6.100000000e-03	2.437512564e+01	5.024543802e-02	2.109041525e-11
-6.200000000e-03	2.437512612e+01	5.003996123e-02	3.023958408e-11
-6.300000000e-03	2.437512660e+01	4.983448444e-02	1.390020973e-11
-6.400000000e-03	2.437512709e+01	4.962900765e-02	1.006423833e-11
-6.500000000e-03	2.437512757e+01	4.942353086e-02	4.683475812e-12
-6.600000000e-03	2.437512806e+01	4.921805408e-02	6.872856613e-12
-6.700000000e-03	2.437512855e+01	4.901257730e-02	1.366569691e-11
-6.800000000e-03	2.437512905e+01	4.880710052e-02	1.096339085e-11
-6.900000000e-03	2.437512954e+01	4.860162374e-02	8.295209194e-12
-7.000000000e-03	2.437513004e+01	4.839614697e-02	1.612079508e-11
-7.100000000e-03	2.437513053e+01	4.819067019e-02	1.485086150e-11
-7.200000000e-03	2.437513103e+01	4.798519343e-02	1.196293976e-11
-7.300000000e-03	2.437513153e+01	4.777971666e-02	6.527898494e-12
-7.400000000e-03	2.437513204e+01	4.757423989e-02	1.296001467e-11
-7.500000000e-03	2.437513254e+01	4.736876313e-02	5.922537586e-11
-7.600000000e-03	2.437513305e+01	4.716328637e-02	8.887775294e-12
-7.700000000e-03	2.437513356e+01	4.695780961e-02	6.041441809e-12
-7.800000000e-03	2.437513407e+01	4.675233286e-02	1.373381971e-11
-7.900000000e-03	2.437513458e+01	4.654685611e-02	2.628443859e-11
-8.000000000e-03	2.437513509e+01	4.634137936e-02	7.466247595e-12
-8.100000000e-03	2.437513561e+01	4.613590261e-02	7.259647136e-12
-8.200000000e-03	2.437513612e+01	4.593042587e-02	1.198144463e-11
-8.300000000e-03	2.437513664e+01	4.572494913e-02	4.936703476e-11
-8.400000000e-03	2.437513716e+01	4.551947239e-02	1.314146641e-11
-8.500000000e-03	2.437513768e+01	4.531399565e-02	1.366591600e-11
-8.600000000e-03	2.437513821e+01	4.510851892e-02	3.395977089e-11
-8.700000000e-03	2.437513873e+01	4.490304219e-02	1.607199526e-11
-8.800000000e-03	2.437513926e+01	4.469756546e-02	5.777260386e-11
-8.900000000e-03	2.437513979e+01	4.449208874e-02	2.106559952e-11
-9.000000000e-03	2.437514032e+01	4.428661202e-02	3.806174861e-11
-9.100000000e-03	2.437514085e+01	4.408113531e-02	8.758282868e-12
-9.200000000e-03	2.437514138e+01	4.387565859e-02	1.614453121e-11
-9.300000000e-03	2.437514192e+01	4.367018188e-02	5.968766483e-12
-9.400000000e-03	2.437514246e+01	4.346470518e-02	6.074035407e-12
-9.500000000e-03	2.437514300e+01	4.325922847e-02	1.350497821e-11
-9.600000000e-03	2.437514354e+01	4.305375177e-02	2.652234993e-11
-9.700000000e-03	2.437514408e+01	4.284827508e-02	1.567002756e-11
-9.800000000e-03	2.437514463e+01	4.264279838e-02	1.118796831e-11
-9.900000000e-03	2.437514517e+01	4.243732170e-02	8.894765220e-12
-1.000000000e-02	2.437514572e+01	4.223184501e-02	7.457542067e-12
-1.010000000e-02	2.437514627e+01	4.202636833e-02	8.340157320e-12
-1.020000000e-02	2.437514682e+01	4.182089165e-02	1.278005198e-11
-1.030000000e-02	2.437514737e+01	4.161541497e-02	2.461325944e-11
-1.040000000e-02	2.437514793e+01	4.140993830e-02	2.211854557e-11
-1.050000000e-02	2.437514848e+01	4.120446164e-02	1.812127573e-11
-1.060000000e-02	2.437514904e+01	4.099898497e-02	1.261326000e-11
-1.070000000e-02	2.437514960e+01	4.079350831e-02	1.414911948e-11
-1.080000000e-02	2.437515016e+01	4.058803166e-02	1.479298381e-11
-1.090000000e-02	2.437515073e+01	4.038255501e-02	1.694859609e-11
-1.100000000e-02	2.437515129e+01	4.017707836e-02	6.862354913e-12
-1.110000000e-02	2.437515186e+01	3.997160172e-02	7.489987970e-12
-1.120000000e-02	2.437515243e+01	3.976612508e-02	1.842454545e-11
-1.130000000e-02	2.437515300e+01	3.956064845e-02	3.818759876e-11
-1.140000000e-02	2.437515357e+01	3.935517181e-02	1.532934860e-11
-1.150000000e-02	2.437515414e+01	3.914969519e-02	1.763733512e-11
-1.160000000e-02	2.437515472e+01	3.894421857e-02	3.738556201e-11
-1.170000000e-02	2.437515530e+01	3.873874195e-02	1.988877649e-11
-1.180000000e-02	2.437515588e+01	3.853326533e-02	1.183502581e-11
-1.190000000e-02	2.437515646e+01	3.832778873e-02	7.080398626e-12
-1.200000000e-02	2.437515704e+01	3.812231212e-02	1.029881373e-11
-1.210000000e-02	2.437515762e+01	3.791683552e-02	1.543064265e-11
-1.220000000e-02	2.437515821e+01	3.771135893e-02	1.453077371e-11
-1.230000000e-02	2.437515880e+01	3.750588234e-02	1.262415505e-11
-1.240000000e-02	2.437515939e+01	3.730040575e-02	1.565516486e-11
-1.250000000e-02	2.437515998e+01	3.709492917e-02	2.358062890e-11
-1.260000000e-02	2.437516057e+01	3.688945259e-02	7.906960892e-12
-1.270000000e-02	2.437516117e+01	3.668397602e-02	3.465938906e-11
-1.280000000e-02	2.437516176e+01	3.647849945e-02	8.382015316e-12
-1.290000000e-02	2.437516236e+01	3.627302289e-02	2.349588749e-11
-1.300000000e-02	2.437516296e+01	3.606754633e-02	9.259527838e-12
-1.310000000e-02	2.437516356e+01	3.586206978e-02	2.499877482e-11
-1.320000000e-02	2.437516416e+01	3.565659324e-02	5.386201079e-12
-1.330000000e-02	2.437516477e+01	3.545111669e-02	2.618013058e-11
-1.340000000e-02	2.437516538e+01	3.524564016e-02	1.185568821e-11
-1.350000000e-02	2.437516598e+01	3.504016363e-02	1.033222984e-11
-1.360000000e-02	2.437516659e+01	3.483468710e-02	9.143683597e-12
-1.370000000e-02	2.437516721e+01	3.462921058e-02	9.449873887e-12
-1.380000000e-02	2.437516782e+01	3.442373406e-02	9.726814513e-12
-1.390000000e-02	2.437516844e+01	3.421825755e-02	4.776976041e-11
-1.400000000e-02	2.437516905e+01	3.401278104e-02	1.152487737e-11
-1.410000000e-02	2.437516967e+01	3.380730454e-02	4.238019538e-11
-1.420000000e-02	2.437517029e+01	3.360182805e-02	1.583278104e-11
-1.430000000e-02	2.437517091e+01	3.339635156e-02	7.200505121e-12
-1.440000000e-02	2.437517154e+01	3.319087508e-02	1.488209577e-11
-1.450000000e-02	2.437517216e+01	3.298539860e-02	8.939170532e-12
-1.460000000e-02	2.437517279e+01	3.277992213e-02	1.573160562e-11
-1.470000000e-02	2.437517342e+01	3.257444566e-02	6.390043451e-12
-1.480000000e-02	2.437517405e+01	3.236896920e-02	7.983731029e-12
-1.490000000e-02	2.437517468e+01	3.216349274e-02	4.632338126e-11
-1.500000000e-02	2.437517532e+01	3.195801629e-02	1.067700724e-11
-1.510000000e-02	2.437517595e+01	3.175253985e-02	1.351433926e-11
-1.520000000e-02	2.437517659e+01	3.154706341e-02	7.295882485e-12
-1.530000000e-02	2.437517723e+01	3.134158698e-02	2.413119764e-11
-1.540000000e-02	2.437517787e+01	3.113611055e-02	5.142776394e-12
-1.550000000e-02	2.437517852e+01	3.093063413e-02	6.360565142e-11
-1.560000000e-02	2.437517916e+01	3.072515772e-02	1.354127433e-11
-1.570000000e-02	2.437517981e+01	3.051968131e-02	1.522825667e-11
-1.580000000e-02	2.437518046e+01	3.031420491e-02	7.063221236e-12
-1.590000000e-02	2.437518111e+01	3.010872851e-02	1.092017741e-11
-1.600000000e-02	2.437518176e+01	2.990325212e-02	2.379368546e-11
-1.610000000e-02	2.437518241e+01	2.969777574e-02	1.185482205e-11
-1.620000000e-02	2.437518307e+01	2.949229936e-02	4.367108916e-12
-1.630000000e-02	2.437518372e+01	2.928682299e-02	1.259952551e-11
-1.640000000e-02	2.437518438e+01	2.908134663e-02	1.136860364e-11
-1.650000000e-02	2.437518504e+01	2.887587027e-02	8.095594444e-12
-1.660000000e-02	2.437518570e+01	2.867039392e-02	1.536454906e-11
-1.670000000e-02	2.437518637e+01	2.846491758e-02	5.933908938e-12
-1.680000000e-02	2.437518703e+01	2.825944124e-02	8.392307274e-12
-1.690000000e-02	2.437518770e+01	2.805396491e-02	5.996626597e-11
-1.700000000e-02	2.437518837e+01	2.784848858e-02	1.286680494e-11
-1.710000000e-02	2.437518904e+01	2.764301226e-02	1.500151856e-11
-1.720000000e-02	2.437518971e+01	2.743753595e-02	1.486209149e-11
-1.730000000e-02	2.437519039e+01	2.723205965e-02	1.841135024e-11
-1.740000000e-02	2.437519106e+01	2.702658335e-02	7.709971311e-12
-1.750000000e-02	2.437519174e+01	2.682110706e-02	1.465680414e-11
-1.760000000e-02	2.437519242e+01	2.661563078e-02	7.161576206e-12
-1.770000000e-02	2.437519310e+01	2.641015450e-02	1.123012063e-11
-1.780000000e-02	2.437519378e+01	2.620467823e-02	3.264461772e-11
-1.790000000e-02	2.437519447e+01	2.599920197e-02	8.329694312e-12
-1.800000000e-02	2.437519515e+01	2.579372571e-02	8.687120442e-12
-1.810000000e-02	2.437519584e+01	2.558824946e-02	5.989696698e-11
-1.820000000e-02	2.437519653e+01	2.538277322e-02	1.366803719e-11
-1.830000000e-02	2.437519722e+01	2.517729699e-02	9.123503278e-12
-1.840000000e-02	2.437519792e+01	2.497182076e-02	6.291481786e-12
-1.850000000e-02	2.437519861e+01	2.476634454e-02	5.454321537e-12
-1.860000000e-02	2.437519931e+01	2.456086833e-02	2.701137585e-11
-1.870000000e-02	2.437520001e+01	2.435539212e-02	1.363977470e-11
-1.880000000e-02	2.437520071e+01	2.414991593e-02	1.845486188e-11
-1.890000000e-02	2.437520141e+01	2.394443974e-02	1.234628559e-11
-1.900000000e-02	2.437520211e+01	2.373896356e-02	5.052771876e-12
-1.910000000e-02	2.437520282e+01	2.353348738e-02	1.913199350e-11
-1.920000000e-02	2.437520353e+01	2.332801121e-02	1.215293296e-11
-1.930000000e-02	2.437520423e+01	2.312253505e-02	3.488286163e-11
-1.940000000e-02	2.437520494e+01	2.291705890e-02	9.660754039e-12
-1.950000000e-02	2.437520566e+01	2.271158276e-02	1.022382916e-11
-1.960000000e-02	2.437520637e+01	2.250610662e-02	5.867070810e-12
-1.970000000e-02	2.437520709e+01	2.230063049e-02	9.495636777e-12
-1.980000000e-02	2.437520780e+01	2.209515437e-02	2.341953657e-11
-1.990000000e-02	2.437520852e+01	2.188967826e-02	8.174681897e-12
-2.000000000e-02	2.437520924e+01	2.168420216e-02	1.662609034e-11
-2.010000000e-02	2.437520997e+01	2.147872606e-02	1.132046950e-11
-2.020000000e-02	2.437521069e+01	2.127324997e-02	2.003190860e-11
-2.030000000e-02	2.437521142e+01	2.106777389e-02	5.738918312e-12
-2.040000000e-02	2.437521215e+01	2.086229782e-02	4.381694191e-11
-2.050000000e-02	2.437521287e+01	2.065682176e-02	1.220700129e-11
-2.060000000e-02	2.437521361e+01	2.045134570e-02	1.168199008e-11
-2.070000000e-02	2.437521434e+01	2.024586965e-02	1.294665487e-11
-2.080000000e-02	2.437521507e+01	2.004039361e-02	8.557362035e-12
-2.090000000e-02	2.437521581e+01	1.983491758e-02	1.265453186e-11
-2.100000000e-02	2.437521655e+01	1.962944156e-02	1.240165789e-11
-2.110000000e-02	2.437521729e+01	1.942396555e-02	1.381161894e-11
-2.120000000e-02	2.437521803e+01	1.921848954e-02	1.156477698e-11
-2.130000000e-02	2.437521877e+01	1.901301354e-02	1.712440721e-11
-2.140000000e-02	2.437521952e+01	1.880753756e-02	1.209976727e-11
-2.150000000e-02	2.437522027e+01	1.860206158e-02	1.811952976e-11
-2.160000000e-02	2.437522101e+01	1.839658561e-02	1.555410003e-11
-2.170000000e-02	2.437522176e+01	1.819110964e-02	5.400826854e-11
-2.180000000e-02	2.437522252e+01	1.798563369e-02	1.129159809e-11
-2.190000000e-02	2.437522327e+01	1.778015774e-02	1.569082554e-11
-2.200000000e-02	2.437522403e+01	1.757468181e-02	9.104022899e-12
-2.210000000e-02	2.437522478e+01	1.736920588e-02	9.991827729e-12
-2.220000000e-02	2.437522554e+01	1.716372996e-02	1.323335513e-11
-2.230000000e-02	2.437522630e+01	1.695825406e-02	8.438059647e-12
-2.240000000e-02	2.437522707e+01	1.675277816e-02	1.247923517e-11
-2.250000000e-02	2.437522783e+01	1.654730226e-02	7.811846697e-12
-2.260000000e-02	2.437522860e+01	1.634182638e-02	4.968068684e-12
-2.270000000e-02	2.437522936e+01	1.613635051e-02	1.598511620e-11
-2.280000000e-02	2.437523013e+01	1.593087465e-02	1.098642316e-11
-2.290000000e-02	2.437523090e+01	1.572539879e-02	4.937254741e-11
-2.300000000e-02	2.437523168e+01	1.551992295e-02	2.269694560e-11
-2.310000000e-02	2.437523245e+01	1.531444711e-02	1.498705541e-11
-2.320000000e-02	2.437523323e+01	1.510897129e-02	1.627654808e-11
-2.330000000e-02	2.437523401e+01	1.490349547e-02	3.059410019e-11
-2.340000000e-02	2.437523479e+01	1.469801966e-02	8.474797237e-12
-2.350000000e-02	2.437523557e+01	1.449254386e-02	4.271630714e-11
-2.360000000e-02	2.437523635e+01	1.428706807e-02	1.258833372e-11
-2.370000000e-02	2.437523713e+01	1.408159230e-02	6.409317025e-12
-2.380000000e-02	2.437523792e+01	1.387611653e-02	1.910479471e-11
-2.390000000e-02	2.437523871e+01	1.367064077e-02	1.202088357e-11
-2.400000000e-02	2.437523950e+01	1.346516502e-02	2.827496105e-11
-2.410000000e-02	2.437524029e+01	1.325968928e-02	2.405068198e-11
-2.420000000e-02	2.437524109e+01	1.305421355e-02	4.466402685e-11
-2.430000000e-02	2.437524188e+01	1.284873783e-02	1.527635653e-11
-2.440000000e-02	2.437524268e+01	1.264326212e-02	2.207695216e-11
-2.450000000e-02	2.437524348e+01	1.243778642e-02	2.176882633e-11
-2.460000000e-02	2.437524428e+01	1.223231073e-02	1.192186591e-11
-2.470000000e-02	2.437524508e+01	1.202683505e-02	1.220849529e-11
-2.480000000e-02	2.437524588e+01	1.182135938e-02	1.967348521e-11
-2.490000000e-02	2.437524669e+01	1.161588371e-02	1.141399176e-11
-2.500000000e-02	2.437524750e+01	1.141040807e-02	1.037868194e-11
-2.510000000e-02	2.437524831e+01	1.120493243e-02	1.746128522e-11
-2.520000000e-02	2.437524912e+01	1.099945679e-02	1.413370964e-11
-2.530000000e-02	2.437524993e+01	1.079398117e-02	4.034639279e-11
-2.540000000e-02	2.437525074e+01	1.058850557e-02	5.033688319e-11
-2.550000000e-02	2.437525156e+01	1.038302997e-02	1.406963838e-11
-2.560000000e-02	2.437525238e+01	1.017755438e-02	8.787690652e-12
-2.570000000e-02	2.437525320e+01	9.972078803e-03	1.516650414e-11
-2.580000000e-02	2.437525402e+01	9.766603236e-03	2.040277912e-11
-2.590000000e-02	2.437525484e+01	9.561127679e-03	1.250819676e-11
-2.600000000e-02	2.437525567e+01	9.355652132e-03	1.335503564e-11
-2.610000000e-02	2.437525649e+01	9.150176597e-03	9.987372619e-12
-2.620000000e-02	2.437525732e+01	8.944701072e-03	9.034378042e-12
-2.630000000e-02	2.437525815e+01	8.739225559e-03	2.395283314e-11
-2.640000000e-02	2.437525898e+01	8.533750056e-03	2.717674135e-11
-2.650000000e-02	2.437525982e+01	8.328274563e-03	8.666053287e-12
-2.660000000e-02	2.437526065e+01	8.122799080e-03	1.563880896e-11
-2.670000000e-02	2.437526149e+01	7.917323609e-03	2.059654924e-11
-2.680000000e-02	2.437526233e+01	7.711848151e-03	4.626953965e-11
-2.690000000e-02	2.437526317e+01	7.506372701e-03	1.423175597e-11
-2.700000000e-02	2.437526401e+01	7.300897264e-03	1.444194762e-11
-2.710000000e-02	2.437526485e+01	7.095421837e-03	9.956022278e-12
-2.720000000e-02	2.437526570e+01	6.889946421e-03	8.013268562e-12
-2.730000000e-02	2.437526655e+01	6.684471017e-03	1.518077613e-11
-2.740000000e-02	2.437526739e+01	6.478995623e-03	2.910941141e-11
-2.750000000e-02	2.437526825e+01	6.273520243e-03	2.156607615e-11
-2.760000000e-02	2.437526910e+01	6.068044871e-03	1.127748858e-11
-2.770000000e-02	2.437526995e+01	5.862569512e-03	4.027934787e-11
-2.780000000e-02	2.437527081e+01	5.657094164e-03	1.365933031e-11
-2.790000000e-02	2.437527167e+01	5.451618828e-03	1.782883585e-11
-2.800000000e-02	2.437527252e+01	5.246143503e-03	1.194435865e-11
-2.810000000e-02	2.437527339e+01	5.040668188e-03	2.268421248e-11
-2.820000000e-02	2.437527425e+01	4.835192888e-03	2.603617474e-11
-2.830000000e-02	2.437527511e+01	4.629717598e-03	2.393517712e-11
-2.840000000e-02	2.437527598e+01	4.424242318e-03	1.095073815e-11
-2.850000000e-02	2.437527685e+01	4.218767051e-03	7.179274892e-12
-2.860000000e-02	2.437527772e+01	4.013291796e-03	7.263014226e-12
-2.870000000e-02	2.437527859e+01	3.807816552e-03	2.380731331e-11
-2.880000000e-02	2.437527946e+01	3.602341321e-03	1.042382302e-11
-2.890000000e-02	2.437528034e+01	3.396866101e-03	1.388667763e-11
-2.900000000e-02	2.437528121e+01	3.191390893e-03	2.011021298e-11
-2.910000000e-02	2.437528209e+01	2.985915696e-03	1.777833666e-11
-2.920000000e-02	2.437528297e+01	2.780440513e-03	1.207174236e-11
-2.930000000e-02	2.437528385e+01	2.574965342e-03	5.307748318e-11
-2.940000000e-02	2.437528474e+01	2.369490181e-03	1.542225479e-11
-2.950000000e-02	2.437528562e+01	2.164015033e-03	9.337130576e-12
-2.960000000e-02	2.437528651e+01	1.958539897e-03	1.408285533e-11
-2.970000000e-02	2.437528740e+01	1.753064774e-03	1.035448809e-11
-2.980000000e-02	2.437528829e+01	1.547589663e-03	9.152874564e-12
-2.990000000e-02	2.437528918e+01	1.342114564e-03	1.602311387e-11
-3.000000000e-02	2.437529008e+01	1.136639478e-03	3.870320905e-12
