# Im(epsi1)     Re(Lambda)      Im(Lambda)      Eq(det).Opt det SIN kz, R=0.5 \mum, Re(epsi1)=4.90solve_det_sinkz_vs_mu.py
0.000000000e+00	3.475938212e+01	6.978198880e-02	3.775453059e-14
-1.000000000e-04	3.475938334e+01	6.933889383e-02	6.979447593e-14
-2.000000000e-04	3.475938457e+01	6.889579886e-02	4.501113077e-14
-3.000000000e-04	3.475938581e+01	6.845270390e-02	3.941607737e-14
-4.000000000e-04	3.475938705e+01	6.800960893e-02	7.588442567e-14
-5.000000000e-04	3.475938830e+01	6.756651396e-02	3.791393041e-14
-6.000000000e-04	3.475938955e+01	6.712341899e-02	1.608726966e-14
-7.000000000e-04	3.475939081e+01	6.668032402e-02	4.234511262e-14
-8.000000000e-04	3.475939207e+01	6.623722906e-02	2.110839771e-14
-9.000000000e-04	3.475939334e+01	6.579413409e-02	4.031675216e-14
-1.000000000e-03	3.475939462e+01	6.535103913e-02	3.330871815e-14
-1.100000000e-03	3.475939590e+01	6.490794417e-02	4.211774058e-14
-1.200000000e-03	3.475939719e+01	6.446484921e-02	3.352182343e-14
-1.300000000e-03	3.475939848e+01	6.402175425e-02	4.639550035e-14
-1.400000000e-03	3.475939978e+01	6.357865930e-02	3.107843216e-14
-1.500000000e-03	3.475940108e+01	6.313556435e-02	1.334208261e-14
-1.600000000e-03	3.475940239e+01	6.269246940e-02	5.266539684e-14
-1.700000000e-03	3.475940371e+01	6.224937445e-02	5.669936807e-14
-1.800000000e-03	3.475940503e+01	6.180627950e-02	3.567463746e-14
-1.900000000e-03	3.475940635e+01	6.136318457e-02	5.305958256e-14
-2.000000000e-03	3.475940769e+01	6.092008963e-02	3.033300795e-14
-2.100000000e-03	3.475940902e+01	6.047699470e-02	5.752186972e-14
-2.200000000e-03	3.475941037e+01	6.003389978e-02	4.351550428e-14
-2.300000000e-03	3.475941172e+01	5.959080485e-02	4.312119688e-14
-2.400000000e-03	3.475941307e+01	5.914770994e-02	5.846498503e-14
-2.500000000e-03	3.475941443e+01	5.870461502e-02	3.930329722e-14
-2.600000000e-03	3.475941580e+01	5.826152012e-02	4.355842129e-14
-2.700000000e-03	3.475941717e+01	5.781842521e-02	5.436718480e-14
-2.800000000e-03	3.475941855e+01	5.737533031e-02	2.696201908e-14
-2.900000000e-03	3.475941993e+01	5.693223542e-02	2.886555088e-14
-3.000000000e-03	3.475942132e+01	5.648914053e-02	3.551537508e-14
-3.100000000e-03	3.475942271e+01	5.604604565e-02	2.589313833e-14
-3.200000000e-03	3.475942411e+01	5.560295078e-02	4.814362272e-14
-3.300000000e-03	3.475942552e+01	5.515985591e-02	2.440913740e-14
-3.400000000e-03	3.475942693e+01	5.471676105e-02	4.984909079e-14
-3.500000000e-03	3.475942835e+01	5.427366620e-02	4.601845142e-14
-3.600000000e-03	3.475942977e+01	5.383057136e-02	4.110225913e-14
-3.700000000e-03	3.475943120e+01	5.338747652e-02	3.806189450e-14
-3.800000000e-03	3.475943263e+01	5.294438169e-02	4.625084428e-14
-3.900000000e-03	3.475943407e+01	5.250128686e-02	2.524708490e-14
-4.000000000e-03	3.475943551e+01	5.205819205e-02	2.860887876e-14
-4.100000000e-03	3.475943696e+01	5.161509724e-02	4.210293251e-14
-4.200000000e-03	3.475943842e+01	5.117200244e-02	3.369330620e-14
-4.300000000e-03	3.475943988e+01	5.072890765e-02	2.980345372e-14
-4.400000000e-03	3.475944135e+01	5.028581288e-02	3.970240266e-14
-4.500000000e-03	3.475944282e+01	4.984271810e-02	2.787606294e-14
-4.600000000e-03	3.475944430e+01	4.939962334e-02	3.097286372e-14
-4.700000000e-03	3.475944579e+01	4.895652859e-02	7.042615516e-14
-4.800000000e-03	3.475944728e+01	4.851343385e-02	5.025826615e-14
-4.900000000e-03	3.475944877e+01	4.807033912e-02	6.226198349e-14
-5.000000000e-03	3.475945027e+01	4.762724439e-02	2.401626729e-14
-5.100000000e-03	3.475945178e+01	4.718414968e-02	3.456567993e-14
-5.200000000e-03	3.475945329e+01	4.674105498e-02	3.578345623e-14
-5.300000000e-03	3.475945481e+01	4.629796029e-02	4.172057727e-14
-5.400000000e-03	3.475945634e+01	4.585486561e-02	2.303940744e-14
-5.500000000e-03	3.475945787e+01	4.541177094e-02	2.442668679e-14
-5.600000000e-03	3.475945940e+01	4.496867629e-02	4.092906581e-14
-5.700000000e-03	3.475946094e+01	4.452558164e-02	4.563147523e-14
-5.800000000e-03	3.475946249e+01	4.408248701e-02	3.385847007e-14
-5.900000000e-03	3.475946404e+01	4.363939239e-02	4.444987332e-14
-6.000000000e-03	3.475946560e+01	4.319629778e-02	3.159234408e-14
-6.100000000e-03	3.475946716e+01	4.275320319e-02	2.829527881e-14
-6.200000000e-03	3.475946873e+01	4.231010860e-02	4.067301842e-14
-6.300000000e-03	3.475947031e+01	4.186701403e-02	3.421782712e-14
-6.400000000e-03	3.475947189e+01	4.142391948e-02	2.215032648e-14
-6.500000000e-03	3.475947348e+01	4.098082493e-02	3.135773426e-14
-6.600000000e-03	3.475947507e+01	4.053773040e-02	4.337465875e-14
-6.700000000e-03	3.475947667e+01	4.009463590e-02	5.333133798e-14
-6.800000000e-03	3.475947827e+01	3.965154139e-02	4.357124383e-14
-6.900000000e-03	3.475947988e+01	3.920844691e-02	3.588176634e-14
-7.000000000e-03	3.475948149e+01	3.876535243e-02	3.902903831e-14
-7.100000000e-03	3.475948311e+01	3.832225798e-02	3.282801124e-14
-7.200000000e-03	3.475948474e+01	3.787916354e-02	3.669760074e-14
-7.300000000e-03	3.475948637e+01	3.743606910e-02	4.871951692e-14
-7.400000000e-03	3.475948801e+01	3.699297470e-02	2.085382914e-14
-7.500000000e-03	3.475948965e+01	3.654988030e-02	5.409199120e-14
-7.600000000e-03	3.475949130e+01	3.610678592e-02	5.974901488e-14
-7.700000000e-03	3.475949295e+01	3.566369155e-02	5.317615966e-14
-7.800000000e-03	3.475949461e+01	3.522059721e-02	5.939797160e-14
-7.900000000e-03	3.475949628e+01	3.477750288e-02	4.071867031e-14
-8.000000000e-03	3.475949795e+01	3.433440856e-02	4.012884809e-14
-8.100000000e-03	3.475949962e+01	3.389131426e-02	5.827685104e-14
-8.200000000e-03	3.475950131e+01	3.344821999e-02	4.515832433e-14
-8.300000000e-03	3.475950299e+01	3.300512572e-02	3.405295112e-14
-8.400000000e-03	3.475950469e+01	3.256203148e-02	2.641999400e-14
-8.500000000e-03	3.475950639e+01	3.211893725e-02	4.073769228e-14
-8.600000000e-03	3.475950809e+01	3.167584304e-02	4.013054096e-14
-8.700000000e-03	3.475950980e+01	3.123274885e-02	2.187412430e-14
-8.800000000e-03	3.475951152e+01	3.078965468e-02	3.304634292e-14
-8.900000000e-03	3.475951324e+01	3.034656052e-02	5.251043628e-14
-9.000000000e-03	3.475951497e+01	2.990346639e-02	3.130956027e-14
-9.100000000e-03	3.475951670e+01	2.946037227e-02	5.357264690e-14
-9.200000000e-03	3.475951844e+01	2.901727817e-02	3.846917160e-14
-9.300000000e-03	3.475952018e+01	2.857418410e-02	5.231813335e-14
-9.400000000e-03	3.475952193e+01	2.813109004e-02	1.803665909e-14
-9.500000000e-03	3.475952369e+01	2.768799600e-02	1.419319781e-14
-9.600000000e-03	3.475952545e+01	2.724490198e-02	2.559978027e-14
-9.700000000e-03	3.475952722e+01	2.680180798e-02	3.728482805e-14
-9.800000000e-03	3.475952899e+01	2.635871401e-02	6.419870514e-14
-9.900000000e-03	3.475953077e+01	2.591562005e-02	2.330656769e-14
-1.000000000e-02	3.475953255e+01	2.547252612e-02	4.293638861e-14
-1.010000000e-02	3.475953434e+01	2.502943220e-02	3.427374786e-14
-1.020000000e-02	3.475953614e+01	2.458633831e-02	4.416714954e-14
-1.030000000e-02	3.475953794e+01	2.414324444e-02	3.343389490e-14
-1.040000000e-02	3.475953975e+01	2.370015059e-02	5.732194325e-14
-1.050000000e-02	3.475954156e+01	2.325705677e-02	4.733741192e-14
-1.060000000e-02	3.475954338e+01	2.281396296e-02	3.301893229e-14
-1.070000000e-02	3.475954520e+01	2.237086918e-02	4.789087186e-14
-1.080000000e-02	3.475954703e+01	2.192777542e-02	3.238370146e-14
-1.090000000e-02	3.475954886e+01	2.148468169e-02	2.451174945e-14
-1.100000000e-02	3.475955070e+01	2.104158798e-02	4.235263230e-14
-1.110000000e-02	3.475955255e+01	2.059849429e-02	3.676008788e-14
-1.120000000e-02	3.475955440e+01	2.015540062e-02	3.924426570e-14
-1.130000000e-02	3.475955626e+01	1.971230698e-02	2.660903999e-14
-1.140000000e-02	3.475955812e+01	1.926921337e-02	2.461408692e-14
-1.150000000e-02	3.475955999e+01	1.882611977e-02	2.359371985e-14
-1.160000000e-02	3.475956186e+01	1.838302621e-02	6.509075972e-14
-1.170000000e-02	3.475956374e+01	1.793993266e-02	5.181988613e-14
-1.180000000e-02	3.475956563e+01	1.749683914e-02	3.820076871e-14
-1.190000000e-02	3.475956752e+01	1.705374565e-02	4.114214561e-14
-1.200000000e-02	3.475956942e+01	1.661065218e-02	3.215068924e-14
-1.210000000e-02	3.475957132e+01	1.616755874e-02	5.494654019e-14
-1.220000000e-02	3.475957323e+01	1.572446531e-02	3.957584265e-14
-1.230000000e-02	3.475957514e+01	1.528137193e-02	2.121481762e-14
-1.240000000e-02	3.475957706e+01	1.483827856e-02	4.041824042e-14
-1.250000000e-02	3.475957899e+01	1.439518523e-02	3.827573269e-14
-1.260000000e-02	3.475958092e+01	1.395209191e-02	1.962788807e-14
-1.270000000e-02	3.475958285e+01	1.350899863e-02	7.367523479e-14
-1.280000000e-02	3.475958480e+01	1.306590536e-02	4.947576583e-14
-1.290000000e-02	3.475958674e+01	1.262281214e-02	2.843178567e-14
-1.300000000e-02	3.475958870e+01	1.217971894e-02	3.913994760e-14
-1.310000000e-02	3.475959066e+01	1.173662576e-02	4.118486732e-14
-1.320000000e-02	3.475959262e+01	1.129353261e-02	4.706539358e-14
-1.330000000e-02	3.475959459e+01	1.085043949e-02	1.462641059e-14
-1.340000000e-02	3.475959657e+01	1.040734640e-02	3.229786006e-14
-1.350000000e-02	3.475959855e+01	9.964253342e-03	2.037194758e-14
-1.360000000e-02	3.475960054e+01	9.521160310e-03	3.483356272e-14
-1.370000000e-02	3.475960253e+01	9.078067303e-03	3.929256715e-14
-1.380000000e-02	3.475960453e+01	8.634974328e-03	3.716374408e-14
-1.390000000e-02	3.475960653e+01	8.191881385e-03	2.591755123e-14
-1.400000000e-02	3.475960854e+01	7.748788464e-03	4.103445701e-14
-1.410000000e-02	3.475961056e+01	7.305695583e-03	5.202030956e-14
-1.420000000e-02	3.475961258e+01	6.862602724e-03	3.769910665e-14
-1.430000000e-02	3.475961461e+01	6.419509902e-03	4.848505654e-14
-1.440000000e-02	3.475961664e+01	5.976417107e-03	3.514504455e-14
-1.450000000e-02	3.475961868e+01	5.533324344e-03	5.362082037e-14
-1.460000000e-02	3.475962072e+01	5.090231606e-03	2.832990265e-14
-1.470000000e-02	3.475962277e+01	4.647138908e-03	3.467860375e-14
-1.480000000e-02	3.475962482e+01	4.204046238e-03	4.268247254e-14
-1.490000000e-02	3.475962689e+01	3.760953597e-03	2.995440071e-14
-1.500000000e-02	3.475962895e+01	3.317860991e-03	3.717587544e-14
-1.510000000e-02	3.475963102e+01	2.874768414e-03	4.605568792e-14
-1.520000000e-02	3.475963310e+01	2.431675874e-03	3.802451699e-14
-1.530000000e-02	3.475963518e+01	1.988583359e-03	2.682547574e-14
-1.540000000e-02	3.475963727e+01	1.545490884e-03	7.274992046e-14
-1.550000000e-02	3.475963937e+01	1.102398435e-03	3.681469267e-14
-1.560000000e-02	3.475964147e+01	6.593060274e-04	2.219278589e-14
-1.570000000e-02	3.475964357e+01	2.162136478e-04	2.090540551e-14
-1.580000000e-02	3.475964569e+01	-2.268786972e-04	2.793957199e-14
-1.590000000e-02	3.475964780e+01	-6.699710085e-04	4.895700827e-14
-1.600000000e-02	3.475964993e+01	-1.113063286e-03	5.014219309e-14
-1.610000000e-02	3.475965205e+01	-1.556155528e-03	5.379004771e-14
-1.620000000e-02	3.475965419e+01	-1.999247733e-03	4.871527217e-14
-1.630000000e-02	3.475965633e+01	-2.442339909e-03	4.364468394e-14
-1.640000000e-02	3.475965847e+01	-2.885432048e-03	2.292845455e-14
-1.650000000e-02	3.475966063e+01	-3.328524150e-03	2.342607997e-14
-1.660000000e-02	3.475966278e+01	-3.771616220e-03	2.603528197e-14
-1.670000000e-02	3.475966494e+01	-4.214708251e-03	2.373357828e-14
-1.680000000e-02	3.475966711e+01	-4.657800248e-03	4.430405131e-14
-1.690000000e-02	3.475966929e+01	-5.100892211e-03	4.563583456e-14
-1.700000000e-02	3.475967147e+01	-5.543984137e-03	4.810527503e-14
-1.710000000e-02	3.475967365e+01	-5.987076024e-03	1.285252094e-14
-1.720000000e-02	3.475967584e+01	-6.430167874e-03	4.005003513e-14
-1.730000000e-02	3.475967804e+01	-6.873259694e-03	5.050264267e-14
-1.740000000e-02	3.475968024e+01	-7.316351465e-03	5.015937037e-14
-1.750000000e-02	3.475968245e+01	-7.759443212e-03	3.959590387e-14
-1.760000000e-02	3.475968466e+01	-8.202534914e-03	2.163777849e-14
-1.770000000e-02	3.475968688e+01	-8.645626583e-03	5.001145565e-14
-1.780000000e-02	3.475968910e+01	-9.088718202e-03	4.943608793e-14
-1.790000000e-02	3.475969133e+01	-9.531809791e-03	6.022976522e-14
-1.800000000e-02	3.475969357e+01	-9.974901350e-03	2.845070240e-14
-1.810000000e-02	3.475969581e+01	-1.041799286e-02	6.048059024e-14
-1.820000000e-02	3.475969806e+01	-1.086108433e-02	3.142733852e-14
-1.830000000e-02	3.475970031e+01	-1.130417577e-02	2.467348328e-14
-1.840000000e-02	3.475970257e+01	-1.174726716e-02	2.495570330e-14
-1.850000000e-02	3.475970483e+01	-1.219035852e-02	3.689185582e-14
-1.860000000e-02	3.475970710e+01	-1.263344984e-02	2.014339153e-14
-1.870000000e-02	3.475970938e+01	-1.307654111e-02	4.523265914e-14
-1.880000000e-02	3.475971166e+01	-1.351963235e-02	3.573245061e-14
-1.890000000e-02	3.475971395e+01	-1.396272355e-02	2.510997023e-14
-1.900000000e-02	3.475971624e+01	-1.440581470e-02	3.770442145e-14
-1.910000000e-02	3.475971854e+01	-1.484890582e-02	2.967502994e-14
-1.920000000e-02	3.475972084e+01	-1.529199690e-02	3.996037405e-14
-1.930000000e-02	3.475972315e+01	-1.573508793e-02	5.234390093e-14
-1.940000000e-02	3.475972546e+01	-1.617817892e-02	3.099800090e-14
-1.950000000e-02	3.475972778e+01	-1.662126987e-02	2.810046775e-14
-1.960000000e-02	3.475973011e+01	-1.706436079e-02	4.465403002e-14
-1.970000000e-02	3.475973244e+01	-1.750745165e-02	5.521703168e-14
-1.980000000e-02	3.475973478e+01	-1.795054248e-02	4.869806272e-14
-1.990000000e-02	3.475973712e+01	-1.839363325e-02	2.162607366e-14
-2.000000000e-02	3.475973947e+01	-1.883672400e-02	3.694363612e-14
-2.010000000e-02	3.475974183e+01	-1.927981469e-02	3.775726560e-14
-2.020000000e-02	3.475974419e+01	-1.972290535e-02	4.734059151e-14
-2.030000000e-02	3.475974655e+01	-2.016599595e-02	2.968537068e-14
-2.040000000e-02	3.475974892e+01	-2.060908652e-02	2.107181138e-14
-2.050000000e-02	3.475975130e+01	-2.105217706e-02	9.304524765e-14
-2.060000000e-02	3.475975368e+01	-2.149526753e-02	4.624672568e-14
-2.070000000e-02	3.475975607e+01	-2.193835796e-02	6.235832294e-14
-2.080000000e-02	3.475975847e+01	-2.238144835e-02	5.036427370e-14
-2.090000000e-02	3.475976086e+01	-2.282453870e-02	5.070482327e-14
-2.100000000e-02	3.475976327e+01	-2.326762900e-02	4.235395359e-14
-2.110000000e-02	3.475976568e+01	-2.371071926e-02	3.406294891e-14
-2.120000000e-02	3.475976810e+01	-2.415380946e-02	3.760370038e-14
-2.130000000e-02	3.475977052e+01	-2.459689963e-02	4.324491566e-14
-2.140000000e-02	3.475977295e+01	-2.503998975e-02	4.442035324e-14
-2.150000000e-02	3.475977538e+01	-2.548307983e-02	2.402960965e-14
-2.160000000e-02	3.475977782e+01	-2.592616986e-02	5.295983057e-14
-2.170000000e-02	3.475978027e+01	-2.636925984e-02	4.588429638e-14
-2.180000000e-02	3.475978272e+01	-2.681234977e-02	3.046157784e-14
-2.190000000e-02	3.475978517e+01	-2.725543966e-02	4.309106703e-14
-2.200000000e-02	3.475978763e+01	-2.769852950e-02	4.085878046e-14
-2.210000000e-02	3.475979010e+01	-2.814161930e-02	5.330114198e-14
-2.220000000e-02	3.475979257e+01	-2.858470904e-02	2.526045048e-14
-2.230000000e-02	3.475979505e+01	-2.902779875e-02	5.371418198e-14
-2.240000000e-02	3.475979754e+01	-2.947088839e-02	5.800808348e-14
-2.250000000e-02	3.475980003e+01	-2.991397799e-02	6.656347387e-14
-2.260000000e-02	3.475980252e+01	-3.035706755e-02	4.815757473e-14
-2.270000000e-02	3.475980502e+01	-3.080015706e-02	5.643080388e-14
-2.280000000e-02	3.475980753e+01	-3.124324652e-02	4.368223481e-14
-2.290000000e-02	3.475981004e+01	-3.168633592e-02	3.413399108e-14
-2.300000000e-02	3.475981256e+01	-3.212942529e-02	5.103928143e-14
-2.310000000e-02	3.475981509e+01	-3.257251460e-02	4.196584908e-14
-2.320000000e-02	3.475981761e+01	-3.301560386e-02	4.934797376e-14
-2.330000000e-02	3.475982015e+01	-3.345869306e-02	3.740379893e-14
-2.340000000e-02	3.475982269e+01	-3.390178223e-02	4.308194488e-14
-2.350000000e-02	3.475982524e+01	-3.434487134e-02	3.541227311e-14
-2.360000000e-02	3.475982779e+01	-3.478796040e-02	1.960802261e-14
-2.370000000e-02	3.475983035e+01	-3.523104941e-02	5.109301470e-14
-2.380000000e-02	3.475983291e+01	-3.567413837e-02	5.021425824e-14
-2.390000000e-02	3.475983548e+01	-3.611722728e-02	4.975626209e-14
-2.400000000e-02	3.475983805e+01	-3.656031614e-02	5.259580925e-14
-2.410000000e-02	3.475984063e+01	-3.700340494e-02	3.380572314e-14
-2.420000000e-02	3.475984322e+01	-3.744649370e-02	4.032874728e-14
-2.430000000e-02	3.475984581e+01	-3.788958239e-02	3.071708179e-14
-2.440000000e-02	3.475984841e+01	-3.833267105e-02	4.680682680e-14
-2.450000000e-02	3.475985101e+01	-3.877575964e-02	4.395162707e-14
-2.460000000e-02	3.475985362e+01	-3.921884819e-02	2.893065233e-14
-2.470000000e-02	3.475985624e+01	-3.966193668e-02	5.064570789e-14
-2.480000000e-02	3.475985886e+01	-4.010502512e-02	3.225303050e-14
-2.490000000e-02	3.475986148e+01	-4.054811350e-02	3.655068788e-14
-2.500000000e-02	3.475986411e+01	-4.099120184e-02	3.478124267e-14
