# Im(epsi1)     Re(Lambda)      Im(Lambda)      Eq(det).Opt det SIN kz, R=0.5 \mum, Re(epsi1)=4.90solve_det_sinkz_vs_mu.py
0.000000000e+00	2.842685891e+01	4.144411474e-02	4.934141588e-14
-1.000000000e-04	2.842685973e+01	4.108227382e-02	6.276253805e-14
-2.000000000e-04	2.842686055e+01	4.072043290e-02	2.850510231e-14
-3.000000000e-04	2.842686138e+01	4.035859198e-02	8.105084379e-14
-4.000000000e-04	2.842686221e+01	3.999675106e-02	3.261571341e-14
-5.000000000e-04	2.842686305e+01	3.963491014e-02	4.887916407e-14
-6.000000000e-04	2.842686389e+01	3.927306923e-02	3.038518612e-14
-7.000000000e-04	2.842686474e+01	3.891122831e-02	5.753500866e-14
-8.000000000e-04	2.842686559e+01	3.854938739e-02	6.198404700e-14
-9.000000000e-04	2.842686644e+01	3.818754648e-02	6.914399490e-14
-1.000000000e-03	2.842686730e+01	3.782570556e-02	7.973373251e-14
-1.100000000e-03	2.842686817e+01	3.746386466e-02	5.562632847e-14
-1.200000000e-03	2.842686904e+01	3.710202374e-02	3.812982195e-14
-1.300000000e-03	2.842686991e+01	3.674018284e-02	5.529073029e-14
-1.400000000e-03	2.842687079e+01	3.637834193e-02	4.843436158e-14
-1.500000000e-03	2.842687167e+01	3.601650102e-02	6.728236146e-14
-1.600000000e-03	2.842687256e+01	3.565466013e-02	6.506302606e-14
-1.700000000e-03	2.842687345e+01	3.529281923e-02	6.916894822e-14
-1.800000000e-03	2.842687435e+01	3.493097833e-02	6.634366033e-14
-1.900000000e-03	2.842687525e+01	3.456913744e-02	6.002979463e-14
-2.000000000e-03	2.842687616e+01	3.420729655e-02	4.200295635e-14
-2.100000000e-03	2.842687707e+01	3.384545567e-02	4.500280567e-14
-2.200000000e-03	2.842687798e+01	3.348361479e-02	3.483015066e-14
-2.300000000e-03	2.842687890e+01	3.312177391e-02	5.886180027e-14
-2.400000000e-03	2.842687983e+01	3.275993304e-02	5.540082797e-14
-2.500000000e-03	2.842688076e+01	3.239809217e-02	4.427253103e-14
-2.600000000e-03	2.842688169e+01	3.203625131e-02	5.704380849e-14
-2.700000000e-03	2.842688263e+01	3.167441045e-02	6.801519955e-14
-2.800000000e-03	2.842688357e+01	3.131256959e-02	5.460757668e-14
-2.900000000e-03	2.842688452e+01	3.095072873e-02	5.943150152e-14
-3.000000000e-03	2.842688547e+01	3.058888789e-02	5.486893348e-14
-3.100000000e-03	2.842688643e+01	3.022704705e-02	8.673463555e-14
-3.200000000e-03	2.842688739e+01	2.986520622e-02	8.085223156e-14
-3.300000000e-03	2.842688836e+01	2.950336538e-02	8.328225393e-14
-3.400000000e-03	2.842688933e+01	2.914152456e-02	6.189433362e-14
-3.500000000e-03	2.842689030e+01	2.877968374e-02	5.861567532e-14
-3.600000000e-03	2.842689128e+01	2.841784293e-02	6.402531296e-14
-3.700000000e-03	2.842689227e+01	2.805600213e-02	5.623481507e-14
-3.800000000e-03	2.842689326e+01	2.769416132e-02	7.432689409e-14
-3.900000000e-03	2.842689425e+01	2.733232053e-02	5.484837603e-14
-4.000000000e-03	2.842689525e+01	2.697047975e-02	6.269202373e-14
-4.100000000e-03	2.842689625e+01	2.660863896e-02	6.191252453e-14
-4.200000000e-03	2.842689726e+01	2.624679819e-02	2.931848244e-14
-4.300000000e-03	2.842689827e+01	2.588495743e-02	6.936758941e-14
-4.400000000e-03	2.842689929e+01	2.552311667e-02	6.446010961e-14
-4.500000000e-03	2.842690031e+01	2.516127592e-02	6.060878820e-14
-4.600000000e-03	2.842690134e+01	2.479943518e-02	6.680627459e-14
-4.700000000e-03	2.842690237e+01	2.443759444e-02	9.463214085e-14
-4.800000000e-03	2.842690340e+01	2.407575372e-02	6.668031962e-14
-4.900000000e-03	2.842690444e+01	2.371391300e-02	5.440122032e-14
-5.000000000e-03	2.842690548e+01	2.335207229e-02	3.875182297e-14
-5.100000000e-03	2.842690653e+01	2.299023160e-02	7.864179751e-14
-5.200000000e-03	2.842690759e+01	2.262839090e-02	5.897151332e-14
-5.300000000e-03	2.842690865e+01	2.226655022e-02	6.484437684e-14
-5.400000000e-03	2.842690971e+01	2.190470954e-02	4.964177641e-14
-5.500000000e-03	2.842691078e+01	2.154286889e-02	5.732144422e-14
-5.600000000e-03	2.842691185e+01	2.118102823e-02	6.166136589e-14
-5.700000000e-03	2.842691292e+01	2.081918759e-02	7.853149475e-14
-5.800000000e-03	2.842691401e+01	2.045734695e-02	3.947037185e-14
-5.900000000e-03	2.842691509e+01	2.009550633e-02	3.130067471e-14
-6.000000000e-03	2.842691618e+01	1.973366571e-02	4.196975510e-14
-6.100000000e-03	2.842691728e+01	1.937182511e-02	5.366285543e-14
-6.200000000e-03	2.842691838e+01	1.900998452e-02	4.816113533e-14
-6.300000000e-03	2.842691948e+01	1.864814394e-02	4.849538072e-14
-6.400000000e-03	2.842692059e+01	1.828630337e-02	4.324405080e-14
-6.500000000e-03	2.842692170e+01	1.792446281e-02	5.303440970e-14
-6.600000000e-03	2.842692282e+01	1.756262226e-02	3.080615824e-14
-6.700000000e-03	2.842692394e+01	1.720078172e-02	5.226342992e-14
-6.800000000e-03	2.842692507e+01	1.683894119e-02	4.183413688e-14
-6.900000000e-03	2.842692620e+01	1.647710068e-02	7.431090639e-14
-7.000000000e-03	2.842692734e+01	1.611526018e-02	5.275037778e-14
-7.100000000e-03	2.842692848e+01	1.575341969e-02	4.682085376e-14
-7.200000000e-03	2.842692963e+01	1.539157921e-02	7.677678123e-14
-7.300000000e-03	2.842693078e+01	1.502973875e-02	5.374608204e-14
-7.400000000e-03	2.842693193e+01	1.466789830e-02	7.968243815e-14
-7.500000000e-03	2.842693309e+01	1.430605786e-02	5.499103118e-14
-7.600000000e-03	2.842693426e+01	1.394421743e-02	5.151171731e-14
-7.700000000e-03	2.842693542e+01	1.358237702e-02	5.708399830e-14
-7.800000000e-03	2.842693660e+01	1.322053663e-02	6.705341321e-14
-7.900000000e-03	2.842693778e+01	1.285869624e-02	8.300052754e-14
-8.000000000e-03	2.842693896e+01	1.249685587e-02	4.224625626e-14
-8.100000000e-03	2.842694015e+01	1.213501551e-02	6.901884715e-14
-8.200000000e-03	2.842694134e+01	1.177317517e-02	5.803963467e-14
-8.300000000e-03	2.842694253e+01	1.141133484e-02	4.331358815e-14
-8.400000000e-03	2.842694373e+01	1.104949453e-02	2.901657181e-14
-8.500000000e-03	2.842694494e+01	1.068765422e-02	8.001786053e-14
-8.600000000e-03	2.842694615e+01	1.032581394e-02	6.256231486e-14
-8.700000000e-03	2.842694737e+01	9.963973670e-03	7.124953119e-14
-8.800000000e-03	2.842694858e+01	9.602133417e-03	4.804757319e-14
-8.900000000e-03	2.842694981e+01	9.240293180e-03	5.781456174e-14
-9.000000000e-03	2.842695104e+01	8.878452957e-03	6.604224034e-14
-9.100000000e-03	2.842695227e+01	8.516612748e-03	6.001190217e-14
-9.200000000e-03	2.842695351e+01	8.154772561e-03	7.442749290e-14
-9.300000000e-03	2.842695475e+01	7.792932382e-03	6.841534782e-14
-9.400000000e-03	2.842695600e+01	7.431092220e-03	7.788915415e-14
-9.500000000e-03	2.842695725e+01	7.069252083e-03	5.429800599e-14
-9.600000000e-03	2.842695851e+01	6.707411953e-03	5.207329703e-14
-9.700000000e-03	2.842695977e+01	6.345571846e-03	5.510294281e-14
-9.800000000e-03	2.842696103e+01	5.983731752e-03	6.820450056e-14
-9.900000000e-03	2.842696230e+01	5.621891680e-03	5.578861997e-14
-1.000000000e-02	2.842696358e+01	5.260051618e-03	4.498442530e-14
-1.010000000e-02	2.842696486e+01	4.898211575e-03	6.475132447e-14
-1.020000000e-02	2.842696614e+01	4.536371554e-03	6.124565361e-14
-1.030000000e-02	2.842696743e+01	4.174531549e-03	6.000885874e-14
-1.040000000e-02	2.842696872e+01	3.812691565e-03	5.590439192e-14
-1.050000000e-02	2.842697002e+01	3.450851593e-03	6.618305962e-14
-1.060000000e-02	2.842697132e+01	3.089011648e-03	5.606021809e-14
-1.070000000e-02	2.842697263e+01	2.727171712e-03	6.135710655e-14
-1.080000000e-02	2.842697394e+01	2.365331796e-03	9.011920554e-14
-1.090000000e-02	2.842697526e+01	2.003491906e-03	7.496436227e-14
-1.100000000e-02	2.842697658e+01	1.641652033e-03	7.504832599e-14
-1.110000000e-02	2.842697790e+01	1.279812177e-03	3.857945997e-14
-1.120000000e-02	2.842697923e+01	9.179723380e-04	7.515738977e-14
-1.130000000e-02	2.842698057e+01	5.561325212e-04	4.947871034e-14
-1.140000000e-02	2.842698191e+01	1.942927279e-04	6.392775527e-14
-1.150000000e-02	2.842698325e+01	-1.675470512e-04	5.626265537e-14
-1.160000000e-02	2.842698460e+01	-5.293868044e-04	6.440810170e-14
-1.170000000e-02	2.842698595e+01	-8.912265450e-04	5.740733908e-14
-1.180000000e-02	2.842698731e+01	-1.253066261e-03	7.368947313e-14
-1.190000000e-02	2.842698867e+01	-1.614905957e-03	7.370718058e-14
-1.200000000e-02	2.842699004e+01	-1.976745632e-03	1.031068035e-13
-1.210000000e-02	2.842699141e+01	-2.338585284e-03	8.824137738e-14
-1.220000000e-02	2.842699279e+01	-2.700424915e-03	6.977236804e-14
-1.230000000e-02	2.842699417e+01	-3.062264523e-03	6.830154975e-14
-1.240000000e-02	2.842699555e+01	-3.424104117e-03	6.573218357e-14
-1.250000000e-02	2.842699694e+01	-3.785943683e-03	5.133263130e-14
-1.260000000e-02	2.842699834e+01	-4.147783231e-03	5.950347080e-14
-1.270000000e-02	2.842699973e+01	-4.509622747e-03	7.083744527e-14
-1.280000000e-02	2.842700114e+01	-4.871462251e-03	2.812747728e-14
-1.290000000e-02	2.842700255e+01	-5.233301733e-03	4.032569647e-14
-1.300000000e-02	2.842700396e+01	-5.595141184e-03	7.905086437e-14
-1.310000000e-02	2.842700538e+01	-5.956980622e-03	7.505868380e-14
-1.320000000e-02	2.842700680e+01	-6.318820031e-03	3.190283575e-14
-1.330000000e-02	2.842700823e+01	-6.680659420e-03	6.043128171e-14
-1.340000000e-02	2.842700966e+01	-7.042498779e-03	6.026834611e-14
-1.350000000e-02	2.842701109e+01	-7.404338121e-03	7.013910787e-14
-1.360000000e-02	2.842701253e+01	-7.766177441e-03	3.971833402e-14
-1.370000000e-02	2.842701398e+01	-8.128016733e-03	2.638465786e-14
-1.380000000e-02	2.842701543e+01	-8.489856001e-03	6.205245228e-14
-1.390000000e-02	2.842701688e+01	-8.851695243e-03	6.572933188e-14
-1.400000000e-02	2.842701834e+01	-9.213534464e-03	6.921592694e-14
-1.410000000e-02	2.842701980e+01	-9.575373667e-03	7.366736329e-14
-1.420000000e-02	2.842702127e+01	-9.937212837e-03	5.314290346e-14
-1.430000000e-02	2.842702275e+01	-1.029905198e-02	5.961634996e-14
-1.440000000e-02	2.842702422e+01	-1.066089110e-02	4.239296886e-14
-1.450000000e-02	2.842702571e+01	-1.102273020e-02	6.395162760e-14
-1.460000000e-02	2.842702719e+01	-1.138456927e-02	4.258814990e-14
-1.470000000e-02	2.842702868e+01	-1.174640832e-02	5.522745401e-14
-1.480000000e-02	2.842703018e+01	-1.210824733e-02	8.275473999e-14
-1.490000000e-02	2.842703168e+01	-1.247008633e-02	4.900569121e-14
-1.500000000e-02	2.842703318e+01	-1.283192529e-02	4.620443467e-14
-1.510000000e-02	2.842703469e+01	-1.319376423e-02	6.756190888e-14
-1.520000000e-02	2.842703621e+01	-1.355560315e-02	5.064460934e-14
-1.530000000e-02	2.842703773e+01	-1.391744204e-02	3.936158075e-14
-1.540000000e-02	2.842703925e+01	-1.427928089e-02	6.866009460e-14
-1.550000000e-02	2.842704078e+01	-1.464111973e-02	3.450494107e-14
-1.560000000e-02	2.842704231e+01	-1.500295854e-02	6.635473265e-14
-1.570000000e-02	2.842704385e+01	-1.536479732e-02	7.040617223e-14
-1.580000000e-02	2.842704539e+01	-1.572663607e-02	9.250304125e-14
-1.590000000e-02	2.842704694e+01	-1.608847480e-02	5.479892999e-14
-1.600000000e-02	2.842704849e+01	-1.645031349e-02	5.993631722e-14
-1.610000000e-02	2.842705004e+01	-1.681215216e-02	5.084686938e-14
-1.620000000e-02	2.842705160e+01	-1.717399080e-02	7.336955953e-14
-1.630000000e-02	2.842705317e+01	-1.753582941e-02	3.555243265e-14
-1.640000000e-02	2.842705474e+01	-1.789766799e-02	6.644673809e-14
-1.650000000e-02	2.842705631e+01	-1.825950655e-02	4.937716099e-14
-1.660000000e-02	2.842705789e+01	-1.862134507e-02	6.010871780e-14
-1.670000000e-02	2.842705947e+01	-1.898318357e-02	2.097808372e-14
-1.680000000e-02	2.842706106e+01	-1.934502204e-02	7.115918287e-14
-1.690000000e-02	2.842706265e+01	-1.970686048e-02	8.433121819e-14
-1.700000000e-02	2.842706425e+01	-2.006869888e-02	6.703874121e-14
-1.710000000e-02	2.842706585e+01	-2.043053726e-02	4.183619987e-14
-1.720000000e-02	2.842706746e+01	-2.079237561e-02	7.880231422e-14
-1.730000000e-02	2.842706907e+01	-2.115421393e-02	6.903230293e-14
-1.740000000e-02	2.842707069e+01	-2.151605222e-02	6.875643417e-14
-1.750000000e-02	2.842707231e+01	-2.187789047e-02	5.159857436e-14
-1.760000000e-02	2.842707393e+01	-2.223972870e-02	5.377913917e-14
-1.770000000e-02	2.842707556e+01	-2.260156689e-02	6.029880886e-14
-1.780000000e-02	2.842707719e+01	-2.296340506e-02	6.341471544e-14
-1.790000000e-02	2.842707883e+01	-2.332524319e-02	2.646511350e-14
-1.800000000e-02	2.842708048e+01	-2.368708129e-02	4.007237232e-14
-1.810000000e-02	2.842708212e+01	-2.404891937e-02	1.081213230e-13
-1.820000000e-02	2.842708378e+01	-2.441075740e-02	6.548239830e-14
-1.830000000e-02	2.842708543e+01	-2.477259540e-02	6.123025647e-14
-1.840000000e-02	2.842708709e+01	-2.513443338e-02	4.421377402e-14
-1.850000000e-02	2.842708876e+01	-2.549627132e-02	7.425831336e-14
-1.860000000e-02	2.842709043e+01	-2.585810923e-02	3.933666150e-14
-1.870000000e-02	2.842709211e+01	-2.621994711e-02	9.777213168e-14
-1.880000000e-02	2.842709379e+01	-2.658178496e-02	5.645985490e-14
-1.890000000e-02	2.842709547e+01	-2.694362277e-02	5.137159682e-14
-1.900000000e-02	2.842709716e+01	-2.730546054e-02	9.726391110e-14
-1.910000000e-02	2.842709885e+01	-2.766729829e-02	4.729626017e-14
-1.920000000e-02	2.842710055e+01	-2.802913600e-02	5.325457960e-14
-1.930000000e-02	2.842710226e+01	-2.839097367e-02	5.340224313e-14
-1.940000000e-02	2.842710396e+01	-2.875281132e-02	4.492467890e-14
-1.950000000e-02	2.842710568e+01	-2.911464893e-02	7.272430368e-14
-1.960000000e-02	2.842710739e+01	-2.947648650e-02	7.469517378e-14
-1.970000000e-02	2.842710911e+01	-2.983832405e-02	7.379401263e-14
-1.980000000e-02	2.842711084e+01	-3.020016155e-02	7.896418537e-14
-1.990000000e-02	2.842711257e+01	-3.056199902e-02	3.346345912e-14
-2.000000000e-02	2.842711431e+01	-3.092383646e-02	6.952465842e-14
-2.010000000e-02	2.842711605e+01	-3.128567386e-02	7.876648055e-14
-2.020000000e-02	2.842711779e+01	-3.164751123e-02	4.971763607e-14
-2.030000000e-02	2.842711954e+01	-3.200934856e-02	1.632427295e-14
-2.040000000e-02	2.842712129e+01	-3.237118585e-02	8.049968690e-14
-2.050000000e-02	2.842712305e+01	-3.273302311e-02	5.787155617e-14
-2.060000000e-02	2.842712481e+01	-3.309486034e-02	6.516702533e-14
-2.070000000e-02	2.842712658e+01	-3.345669753e-02	4.548099654e-14
-2.080000000e-02	2.842712835e+01	-3.381853468e-02	5.483837433e-14
-2.090000000e-02	2.842713013e+01	-3.418037179e-02	5.749451374e-14
-2.100000000e-02	2.842713191e+01	-3.454220887e-02	6.555854077e-14
-2.110000000e-02	2.842713370e+01	-3.490404591e-02	5.353360787e-14
-2.120000000e-02	2.842713549e+01	-3.526588291e-02	3.748889098e-14
-2.130000000e-02	2.842713728e+01	-3.562771988e-02	4.379617635e-14
-2.140000000e-02	2.842713908e+01	-3.598955681e-02	4.985995078e-14
-2.150000000e-02	2.842714089e+01	-3.635139370e-02	5.399303271e-14
-2.160000000e-02	2.842714270e+01	-3.671323055e-02	7.451147278e-14
-2.170000000e-02	2.842714451e+01	-3.707506737e-02	4.255447036e-14
-2.180000000e-02	2.842714633e+01	-3.743690415e-02	7.455855497e-14
-2.190000000e-02	2.842714815e+01	-3.779874089e-02	3.556477702e-14
-2.200000000e-02	2.842714998e+01	-3.816057759e-02	4.459222924e-14
-2.210000000e-02	2.842715181e+01	-3.852241426e-02	7.430405167e-14
-2.220000000e-02	2.842715365e+01	-3.888425088e-02	3.670702815e-14
-2.230000000e-02	2.842715549e+01	-3.924608746e-02	2.084444043e-14
-2.240000000e-02	2.842715733e+01	-3.960792401e-02	5.855018417e-14
-2.250000000e-02	2.842715918e+01	-3.996976052e-02	8.418323384e-14
-2.260000000e-02	2.842716104e+01	-4.033159698e-02	8.884460907e-14
-2.270000000e-02	2.842716290e+01	-4.069343342e-02	7.664344100e-14
-2.280000000e-02	2.842716476e+01	-4.105526980e-02	7.226201086e-14
-2.290000000e-02	2.842716663e+01	-4.141710615e-02	5.841128540e-14
-2.300000000e-02	2.842716851e+01	-4.177894245e-02	4.845832698e-14
-2.310000000e-02	2.842717038e+01	-4.214077872e-02	6.126040654e-14
-2.320000000e-02	2.842717227e+01	-4.250261495e-02	6.306664420e-14
-2.330000000e-02	2.842717415e+01	-4.286445114e-02	6.129235081e-14
-2.340000000e-02	2.842717605e+01	-4.322628728e-02	6.470796130e-14
-2.350000000e-02	2.842717794e+01	-4.358812338e-02	4.797136609e-14
-2.360000000e-02	2.842717984e+01	-4.394995945e-02	6.381859653e-14
-2.370000000e-02	2.842718175e+01	-4.431179547e-02	3.158754201e-14
-2.380000000e-02	2.842718366e+01	-4.467363144e-02	5.814985791e-14
-2.390000000e-02	2.842718557e+01	-4.503546739e-02	4.871907829e-14
-2.400000000e-02	2.842718749e+01	-4.539730328e-02	5.719651058e-14
-2.410000000e-02	2.842718942e+01	-4.575913914e-02	6.238734854e-14
-2.420000000e-02	2.842719135e+01	-4.612097495e-02	6.259913266e-14
-2.430000000e-02	2.842719328e+01	-4.648281072e-02	4.739413438e-14
-2.440000000e-02	2.842719522e+01	-4.684464644e-02	6.556171921e-14
-2.450000000e-02	2.842719716e+01	-4.720648213e-02	8.341492356e-14
-2.460000000e-02	2.842719911e+01	-4.756831777e-02	3.856032779e-14
-2.470000000e-02	2.842720106e+01	-4.793015336e-02	6.951555470e-14
-2.480000000e-02	2.842720302e+01	-4.829198892e-02	2.488134537e-14
-2.490000000e-02	2.842720498e+01	-4.865382443e-02	3.200924636e-14
-2.500000000e-02	2.842720694e+01	-4.901565989e-02	6.884194942e-14
