# Im(epsi1)     Re(Lambda)      Im(Lambda)      Eq(det).Opt det SIN kz, R=0.5 \mum, Re(epsi1)=4.90solve_det_sinkz_vs_mu.py
0.000000000e+00	2.777037128e+01	3.908446191e-02	9.914303105e-14
-1.000000000e-04	2.777037206e+01	3.873106208e-02	5.040238622e-14
-2.000000000e-04	2.777037284e+01	3.837766224e-02	3.363295856e-14
-3.000000000e-04	2.777037363e+01	3.802426240e-02	8.074209041e-14
-4.000000000e-04	2.777037443e+01	3.767086257e-02	4.963812185e-14
-5.000000000e-04	2.777037523e+01	3.731746273e-02	6.066084046e-14
-6.000000000e-04	2.777037603e+01	3.696406290e-02	8.865952809e-14
-7.000000000e-04	2.777037684e+01	3.661066306e-02	7.433034532e-14
-8.000000000e-04	2.777037765e+01	3.625726323e-02	7.829465290e-14
-9.000000000e-04	2.777037847e+01	3.590386340e-02	6.159019582e-14
-1.000000000e-03	2.777037929e+01	3.555046357e-02	8.191277796e-14
-1.100000000e-03	2.777038012e+01	3.519706374e-02	5.886799520e-14
-1.200000000e-03	2.777038095e+01	3.484366391e-02	3.949099459e-14
-1.300000000e-03	2.777038178e+01	3.449026409e-02	6.806016067e-14
-1.400000000e-03	2.777038262e+01	3.413686427e-02	7.074777127e-14
-1.500000000e-03	2.777038346e+01	3.378346445e-02	7.545023298e-14
-1.600000000e-03	2.777038431e+01	3.343006463e-02	8.581334563e-14
-1.700000000e-03	2.777038517e+01	3.307666482e-02	3.353013394e-14
-1.800000000e-03	2.777038602e+01	3.272326500e-02	5.163106369e-14
-1.900000000e-03	2.777038689e+01	3.236986520e-02	4.142558216e-14
-2.000000000e-03	2.777038775e+01	3.201646539e-02	4.910744707e-14
-2.100000000e-03	2.777038862e+01	3.166306558e-02	6.934402258e-14
-2.200000000e-03	2.777038950e+01	3.130966579e-02	7.349096505e-14
-2.300000000e-03	2.777039038e+01	3.095626600e-02	7.015236923e-14
-2.400000000e-03	2.777039126e+01	3.060286621e-02	4.997204382e-14
-2.500000000e-03	2.777039215e+01	3.024946641e-02	1.001890546e-13
-2.600000000e-03	2.777039304e+01	2.989606663e-02	4.186496667e-14
-2.700000000e-03	2.777039394e+01	2.954266685e-02	7.450554581e-14
-2.800000000e-03	2.777039484e+01	2.918926708e-02	5.288163567e-14
-2.900000000e-03	2.777039575e+01	2.883586731e-02	7.898949944e-14
-3.000000000e-03	2.777039666e+01	2.848246755e-02	5.454598485e-14
-3.100000000e-03	2.777039758e+01	2.812906779e-02	9.167190065e-14
-3.200000000e-03	2.777039850e+01	2.777566803e-02	7.120972441e-14
-3.300000000e-03	2.777039942e+01	2.742226829e-02	6.665194922e-14
-3.400000000e-03	2.777040035e+01	2.706886854e-02	8.144303667e-14
-3.500000000e-03	2.777040129e+01	2.671546881e-02	5.015516468e-14
-3.600000000e-03	2.777040223e+01	2.636206907e-02	3.336369681e-14
-3.700000000e-03	2.777040317e+01	2.600866935e-02	5.513669570e-14
-3.800000000e-03	2.777040412e+01	2.565526963e-02	3.469893191e-14
-3.900000000e-03	2.777040507e+01	2.530186992e-02	3.012248910e-14
-4.000000000e-03	2.777040602e+01	2.494847022e-02	6.060469866e-14
-4.100000000e-03	2.777040699e+01	2.459507051e-02	5.236586368e-14
-4.200000000e-03	2.777040795e+01	2.424167082e-02	5.837254761e-14
-4.300000000e-03	2.777040892e+01	2.388827114e-02	6.002126559e-14
-4.400000000e-03	2.777040990e+01	2.353487146e-02	3.799424156e-14
-4.500000000e-03	2.777041087e+01	2.318147180e-02	7.517655733e-14
-4.600000000e-03	2.777041186e+01	2.282807213e-02	4.616536188e-14
-4.700000000e-03	2.777041285e+01	2.247467248e-02	7.945903002e-14
-4.800000000e-03	2.777041384e+01	2.212127283e-02	5.986657871e-14
-4.900000000e-03	2.777041483e+01	2.176787319e-02	7.458459748e-14
-5.000000000e-03	2.777041584e+01	2.141447356e-02	6.751365553e-14
-5.100000000e-03	2.777041684e+01	2.106107394e-02	4.588784383e-14
-5.200000000e-03	2.777041785e+01	2.070767433e-02	8.282702696e-14
-5.300000000e-03	2.777041887e+01	2.035427472e-02	6.366604446e-14
-5.400000000e-03	2.777041989e+01	2.000087513e-02	8.377405724e-14
-5.500000000e-03	2.777042091e+01	1.964747554e-02	7.153741409e-14
-5.600000000e-03	2.777042194e+01	1.929407596e-02	5.987853223e-14
-5.700000000e-03	2.777042297e+01	1.894067640e-02	5.232952006e-14
-5.800000000e-03	2.777042401e+01	1.858727684e-02	9.852404241e-14
-5.900000000e-03	2.777042505e+01	1.823387730e-02	5.810532771e-14
-6.000000000e-03	2.777042610e+01	1.788047776e-02	6.913009835e-14
-6.100000000e-03	2.777042715e+01	1.752707823e-02	5.618740003e-14
-6.200000000e-03	2.777042820e+01	1.717367871e-02	6.410179560e-14
-6.300000000e-03	2.777042926e+01	1.682027921e-02	6.755001923e-14
-6.400000000e-03	2.777043033e+01	1.646687972e-02	6.494547757e-14
-6.500000000e-03	2.777043140e+01	1.611348023e-02	2.756862214e-14
-6.600000000e-03	2.777043247e+01	1.576008075e-02	7.057116602e-14
-6.700000000e-03	2.777043355e+01	1.540668129e-02	1.202348943e-13
-6.800000000e-03	2.777043463e+01	1.505328184e-02	5.007999892e-14
-6.900000000e-03	2.777043572e+01	1.469988240e-02	4.469790196e-14
-7.000000000e-03	2.777043681e+01	1.434648298e-02	4.775571324e-14
-7.100000000e-03	2.777043790e+01	1.399308357e-02	5.563869292e-14
-7.200000000e-03	2.777043900e+01	1.363968416e-02	6.194082819e-14
-7.300000000e-03	2.777044011e+01	1.328628477e-02	7.116674422e-14
-7.400000000e-03	2.777044122e+01	1.293288539e-02	6.499180252e-14
-7.500000000e-03	2.777044233e+01	1.257948603e-02	5.230736513e-14
-7.600000000e-03	2.777044345e+01	1.222608667e-02	6.717260873e-14
-7.700000000e-03	2.777044457e+01	1.187268733e-02	6.858792117e-14
-7.800000000e-03	2.777044570e+01	1.151928801e-02	1.131054851e-13
-7.900000000e-03	2.777044683e+01	1.116588870e-02	4.621947643e-14
-8.000000000e-03	2.777044797e+01	1.081248939e-02	6.636975153e-14
-8.100000000e-03	2.777044911e+01	1.045909010e-02	7.759276271e-14
-8.200000000e-03	2.777045026e+01	1.010569084e-02	5.491510531e-14
-8.300000000e-03	2.777045140e+01	9.752291575e-03	4.625410604e-14
-8.400000000e-03	2.777045256e+01	9.398892333e-03	3.917446900e-14
-8.500000000e-03	2.777045372e+01	9.045493101e-03	5.412205662e-14
-8.600000000e-03	2.777045488e+01	8.692093888e-03	6.106858438e-14
-8.700000000e-03	2.777045605e+01	8.338694687e-03	2.551045343e-14
-8.800000000e-03	2.777045722e+01	7.985295502e-03	6.746773617e-14
-8.900000000e-03	2.777045840e+01	7.631896333e-03	5.978200569e-14
-9.000000000e-03	2.777045958e+01	7.278497173e-03	5.853087762e-14
-9.100000000e-03	2.777046077e+01	6.925098038e-03	4.667675411e-14
-9.200000000e-03	2.777046196e+01	6.571698913e-03	6.084267465e-14
-9.300000000e-03	2.777046315e+01	6.218299807e-03	7.804367950e-14
-9.400000000e-03	2.777046435e+01	5.864900713e-03	5.658987127e-14
-9.500000000e-03	2.777046555e+01	5.511501635e-03	7.454285075e-14
-9.600000000e-03	2.777046676e+01	5.158102573e-03	4.360787407e-14
-9.700000000e-03	2.777046797e+01	4.804703528e-03	5.842017712e-14
-9.800000000e-03	2.777046919e+01	4.451304506e-03	9.131193635e-14
-9.900000000e-03	2.777047041e+01	4.097905490e-03	6.776452376e-14
-1.000000000e-02	2.777047164e+01	3.744506495e-03	5.899537466e-14
-1.010000000e-02	2.777047287e+01	3.391107520e-03	2.432663754e-14
-1.020000000e-02	2.777047411e+01	3.037708564e-03	6.267337948e-14
-1.030000000e-02	2.777047535e+01	2.684309622e-03	8.353428952e-14
-1.040000000e-02	2.777047659e+01	2.330910690e-03	8.913699585e-14
-1.050000000e-02	2.777047784e+01	1.977511794e-03	1.127119496e-13
-1.060000000e-02	2.777047909e+01	1.624112902e-03	5.782352659e-14
-1.070000000e-02	2.777048035e+01	1.270714029e-03	5.622218741e-14
-1.080000000e-02	2.777048161e+01	9.173151754e-04	3.858043076e-14
-1.090000000e-02	2.777048288e+01	5.639163449e-04	5.915040277e-14
-1.100000000e-02	2.777048415e+01	2.105175267e-04	5.848034131e-14
-1.110000000e-02	2.777048542e+01	-1.428812719e-04	7.629708312e-14
-1.120000000e-02	2.777048671e+01	-4.962800427e-04	8.343238026e-14
-1.130000000e-02	2.777048799e+01	-8.496788016e-04	5.217239292e-14
-1.140000000e-02	2.777048928e+01	-1.203077547e-03	5.735390726e-14
-1.150000000e-02	2.777049057e+01	-1.556476266e-03	6.359692851e-14
-1.160000000e-02	2.777049187e+01	-1.909874958e-03	8.259439549e-14
-1.170000000e-02	2.777049317e+01	-2.263273636e-03	1.056533004e-13
-1.180000000e-02	2.777049448e+01	-2.616672302e-03	6.098390731e-14
-1.190000000e-02	2.777049579e+01	-2.970070939e-03	4.776647564e-14
-1.200000000e-02	2.777049711e+01	-3.323469558e-03	5.789446596e-14
-1.210000000e-02	2.777049843e+01	-3.676868162e-03	6.415099924e-14
-1.220000000e-02	2.777049975e+01	-4.030266735e-03	7.567203127e-14
-1.230000000e-02	2.777050108e+01	-4.383665292e-03	5.069476966e-14
-1.240000000e-02	2.777050242e+01	-4.737063828e-03	6.275705872e-14
-1.250000000e-02	2.777050376e+01	-5.090462343e-03	5.066519484e-14
-1.260000000e-02	2.777050510e+01	-5.443860839e-03	1.937602104e-14
-1.270000000e-02	2.777050645e+01	-5.797259308e-03	5.165481107e-14
-1.280000000e-02	2.777050780e+01	-6.150657763e-03	5.136587105e-14
-1.290000000e-02	2.777050916e+01	-6.504056192e-03	6.232051390e-14
-1.300000000e-02	2.777051052e+01	-6.857454592e-03	4.429486718e-14
-1.310000000e-02	2.777051188e+01	-7.210852975e-03	6.257080924e-14
-1.320000000e-02	2.777051325e+01	-7.564251339e-03	3.377153702e-14
-1.330000000e-02	2.777051463e+01	-7.917649681e-03	5.372585023e-14
-1.340000000e-02	2.777051601e+01	-8.271047992e-03	4.955564132e-14
-1.350000000e-02	2.777051739e+01	-8.624446287e-03	5.675908208e-14
-1.360000000e-02	2.777051878e+01	-8.977844560e-03	3.241053936e-14
-1.370000000e-02	2.777052017e+01	-9.331242804e-03	5.764960253e-14
-1.380000000e-02	2.777052157e+01	-9.684641026e-03	4.276378533e-14
-1.390000000e-02	2.777052297e+01	-1.003803923e-02	4.200248622e-14
-1.400000000e-02	2.777052438e+01	-1.039143740e-02	7.602755305e-14
-1.410000000e-02	2.777052579e+01	-1.074483556e-02	7.328899167e-14
-1.420000000e-02	2.777052720e+01	-1.109823369e-02	8.758690975e-14
-1.430000000e-02	2.777052862e+01	-1.145163178e-02	7.835774118e-14
-1.440000000e-02	2.777053005e+01	-1.180502986e-02	6.977123565e-14
-1.450000000e-02	2.777053148e+01	-1.215842792e-02	8.763295860e-14
-1.460000000e-02	2.777053291e+01	-1.251182595e-02	1.010201837e-13
-1.470000000e-02	2.777053435e+01	-1.286522395e-02	7.743180164e-14
-1.480000000e-02	2.777053579e+01	-1.321862194e-02	6.305988270e-14
-1.490000000e-02	2.777053723e+01	-1.357201989e-02	7.758598156e-14
-1.500000000e-02	2.777053869e+01	-1.392541782e-02	5.415949476e-14
-1.510000000e-02	2.777054014e+01	-1.427881572e-02	3.810628210e-14
-1.520000000e-02	2.777054160e+01	-1.463221359e-02	3.604689850e-14
-1.530000000e-02	2.777054307e+01	-1.498561145e-02	5.678312762e-14
-1.540000000e-02	2.777054454e+01	-1.533900928e-02	6.961705620e-14
-1.550000000e-02	2.777054601e+01	-1.569240707e-02	6.285594353e-14
-1.560000000e-02	2.777054749e+01	-1.604580484e-02	4.405217722e-14
-1.570000000e-02	2.777054897e+01	-1.639920258e-02	5.705865855e-14
-1.580000000e-02	2.777055046e+01	-1.675260031e-02	5.931937674e-14
-1.590000000e-02	2.777055195e+01	-1.710599800e-02	6.701726540e-14
-1.600000000e-02	2.777055344e+01	-1.745939566e-02	6.463992831e-14
-1.610000000e-02	2.777055495e+01	-1.781279330e-02	5.868230399e-14
-1.620000000e-02	2.777055645e+01	-1.816619091e-02	7.500837535e-14
-1.630000000e-02	2.777055796e+01	-1.851958849e-02	4.368382146e-14
-1.640000000e-02	2.777055947e+01	-1.887298604e-02	3.222470313e-14
-1.650000000e-02	2.777056099e+01	-1.922638357e-02	6.310759330e-14
-1.660000000e-02	2.777056252e+01	-1.957978107e-02	7.837065799e-14
-1.670000000e-02	2.777056404e+01	-1.993317853e-02	8.068128953e-14
-1.680000000e-02	2.777056558e+01	-2.028657597e-02	7.345123983e-14
-1.690000000e-02	2.777056711e+01	-2.063997338e-02	5.872417705e-14
-1.700000000e-02	2.777056865e+01	-2.099337077e-02	8.057936293e-14
-1.710000000e-02	2.777057020e+01	-2.134676812e-02	5.931973297e-14
-1.720000000e-02	2.777057175e+01	-2.170016544e-02	5.617906967e-14
-1.730000000e-02	2.777057330e+01	-2.205356274e-02	9.417077350e-14
-1.740000000e-02	2.777057486e+01	-2.240696000e-02	5.341576597e-14
-1.750000000e-02	2.777057643e+01	-2.276035723e-02	4.711370289e-14
-1.760000000e-02	2.777057799e+01	-2.311375444e-02	5.465548785e-14
-1.770000000e-02	2.777057957e+01	-2.346715162e-02	6.698836517e-14
-1.780000000e-02	2.777058114e+01	-2.382054876e-02	3.528770575e-14
-1.790000000e-02	2.777058272e+01	-2.417394587e-02	3.865247129e-14
-1.800000000e-02	2.777058431e+01	-2.452734296e-02	2.030420437e-14
-1.810000000e-02	2.777058590e+01	-2.488074001e-02	5.115949351e-14
-1.820000000e-02	2.777058750e+01	-2.523413703e-02	5.322411085e-14
-1.830000000e-02	2.777058910e+01	-2.558753402e-02	5.386428167e-14
-1.840000000e-02	2.777059070e+01	-2.594093098e-02	3.964987106e-14
-1.850000000e-02	2.777059231e+01	-2.629432790e-02	1.077206615e-13
-1.860000000e-02	2.777059392e+01	-2.664772480e-02	8.858400580e-14
-1.870000000e-02	2.777059554e+01	-2.700112166e-02	6.718638940e-14
-1.880000000e-02	2.777059716e+01	-2.735451849e-02	6.420754053e-14
-1.890000000e-02	2.777059879e+01	-2.770791529e-02	7.649814197e-14
-1.900000000e-02	2.777060042e+01	-2.806131206e-02	5.737296143e-14
-1.910000000e-02	2.777060205e+01	-2.841470880e-02	9.398323749e-14
-1.920000000e-02	2.777060369e+01	-2.876810550e-02	4.660168340e-14
-1.930000000e-02	2.777060534e+01	-2.912150217e-02	3.782702776e-14
-1.940000000e-02	2.777060699e+01	-2.947489880e-02	6.356761380e-14
-1.950000000e-02	2.777060864e+01	-2.982829541e-02	4.964553399e-14
-1.960000000e-02	2.777061030e+01	-3.018169197e-02	8.054626876e-14
-1.970000000e-02	2.777061196e+01	-3.053508851e-02	7.031125751e-14
-1.980000000e-02	2.777061363e+01	-3.088848501e-02	7.959804295e-14
-1.990000000e-02	2.777061530e+01	-3.124188148e-02	5.510232875e-14
-2.000000000e-02	2.777061698e+01	-3.159527791e-02	7.097732636e-14
-2.010000000e-02	2.777061866e+01	-3.194867432e-02	4.836150479e-14
-2.020000000e-02	2.777062034e+01	-3.230207068e-02	5.764491785e-14
-2.030000000e-02	2.777062203e+01	-3.265546701e-02	5.288676358e-14
-2.040000000e-02	2.777062373e+01	-3.300886330e-02	6.065401329e-14
-2.050000000e-02	2.777062542e+01	-3.336225957e-02	6.222374017e-14
-2.060000000e-02	2.777062713e+01	-3.371565579e-02	5.992771930e-14
-2.070000000e-02	2.777062883e+01	-3.406905198e-02	9.001116145e-14
-2.080000000e-02	2.777063055e+01	-3.442244814e-02	5.524361712e-14
-2.090000000e-02	2.777063226e+01	-3.477584426e-02	6.624112989e-14
-2.100000000e-02	2.777063398e+01	-3.512924034e-02	7.183017881e-14
-2.110000000e-02	2.777063571e+01	-3.548263639e-02	8.374256194e-14
-2.120000000e-02	2.777063744e+01	-3.583603239e-02	5.998981943e-14
-2.130000000e-02	2.777063917e+01	-3.618942837e-02	7.587989974e-14
-2.140000000e-02	2.777064091e+01	-3.654282431e-02	5.814429015e-14
-2.150000000e-02	2.777064266e+01	-3.689622021e-02	2.364391720e-14
-2.160000000e-02	2.777064440e+01	-3.724961608e-02	3.949272561e-14
-2.170000000e-02	2.777064616e+01	-3.760301191e-02	8.959352316e-14
-2.180000000e-02	2.777064791e+01	-3.795640770e-02	4.208984040e-14
-2.190000000e-02	2.777064967e+01	-3.830980344e-02	8.680797102e-14
-2.200000000e-02	2.777065144e+01	-3.866319917e-02	2.483261047e-14
-2.210000000e-02	2.777065321e+01	-3.901659484e-02	3.511383159e-14
-2.220000000e-02	2.777065499e+01	-3.936999048e-02	6.877178777e-14
-2.230000000e-02	2.777065677e+01	-3.972338608e-02	9.832049168e-14
-2.240000000e-02	2.777065855e+01	-4.007678165e-02	9.101769418e-14
-2.250000000e-02	2.777066034e+01	-4.043017718e-02	9.367114015e-14
-2.260000000e-02	2.777066213e+01	-4.078357266e-02	6.409239905e-14
-2.270000000e-02	2.777066393e+01	-4.113696811e-02	4.893603530e-14
-2.280000000e-02	2.777066573e+01	-4.149036352e-02	8.218776261e-14
-2.290000000e-02	2.777066754e+01	-4.184375889e-02	7.063399687e-14
-2.300000000e-02	2.777066935e+01	-4.219715422e-02	9.013507293e-14
-2.310000000e-02	2.777067116e+01	-4.255054952e-02	6.039602813e-14
-2.320000000e-02	2.777067298e+01	-4.290394477e-02	1.084363750e-13
-2.330000000e-02	2.777067481e+01	-4.325733998e-02	3.869839338e-14
-2.340000000e-02	2.777067664e+01	-4.361073515e-02	5.827817756e-14
-2.350000000e-02	2.777067847e+01	-4.396413028e-02	5.603790752e-14
-2.360000000e-02	2.777068031e+01	-4.431752537e-02	9.088000102e-14
-2.370000000e-02	2.777068215e+01	-4.467092042e-02	6.004748003e-14
-2.380000000e-02	2.777068400e+01	-4.502431544e-02	7.018483246e-14
-2.390000000e-02	2.777068585e+01	-4.537771041e-02	8.085419580e-14
-2.400000000e-02	2.777068770e+01	-4.573110533e-02	7.525809089e-14
-2.410000000e-02	2.777068956e+01	-4.608450022e-02	7.265008709e-14
-2.420000000e-02	2.777069143e+01	-4.643789507e-02	5.874079799e-14
-2.430000000e-02	2.777069330e+01	-4.679128987e-02	9.363959940e-14
-2.440000000e-02	2.777069517e+01	-4.714468464e-02	5.255388086e-14
-2.450000000e-02	2.777069705e+01	-4.749807936e-02	9.669150500e-14
-2.460000000e-02	2.777069893e+01	-4.785147404e-02	6.448762834e-14
-2.470000000e-02	2.777070082e+01	-4.820486867e-02	6.667213243e-14
-2.480000000e-02	2.777070271e+01	-4.855826327e-02	6.958159182e-14
-2.490000000e-02	2.777070461e+01	-4.891165782e-02	4.204147238e-14
-2.500000000e-02	2.777070651e+01	-4.926505234e-02	3.557335917e-14
