# Im(epsi1)     Re(Lambda)      Im(Lambda)      Eq(det).Opt det SIN kz, R=0.5 \mum, Re(epsi1)=4.90solve_det_sinkz_vs_mu.py
0.000000000e+00	3.942047003e+01	9.833664111e-02	3.770296363e-14
-1.000000000e-04	3.942047160e+01	9.783390902e-02	2.826608198e-14
-2.000000000e-04	3.942047318e+01	9.733117693e-02	2.309776257e-14
-3.000000000e-04	3.942047476e+01	9.682844485e-02	1.706213633e-14
-4.000000000e-04	3.942047635e+01	9.632571276e-02	4.167321056e-14
-5.000000000e-04	3.942047795e+01	9.582298067e-02	3.729907878e-14
-6.000000000e-04	3.942047955e+01	9.532024858e-02	3.637448094e-14
-7.000000000e-04	3.942048116e+01	9.481751650e-02	3.163527896e-14
-8.000000000e-04	3.942048278e+01	9.431478442e-02	2.925332248e-14
-9.000000000e-04	3.942048440e+01	9.381205233e-02	2.968819562e-14
-1.000000000e-03	3.942048603e+01	9.330932025e-02	1.958470142e-14
-1.100000000e-03	3.942048767e+01	9.280658817e-02	2.254110064e-14
-1.200000000e-03	3.942048931e+01	9.230385609e-02	3.595420528e-14
-1.300000000e-03	3.942049096e+01	9.180112402e-02	2.709084222e-14
-1.400000000e-03	3.942049261e+01	9.129839194e-02	1.437465767e-14
-1.500000000e-03	3.942049427e+01	9.079565987e-02	1.617660904e-14
-1.600000000e-03	3.942049594e+01	9.029292780e-02	2.131917759e-14
-1.700000000e-03	3.942049761e+01	8.979019574e-02	3.228864982e-14
-1.800000000e-03	3.942049929e+01	8.928746367e-02	3.522963773e-14
-1.900000000e-03	3.942050098e+01	8.878473162e-02	3.132428287e-14
-2.000000000e-03	3.942050267e+01	8.828199956e-02	1.612286806e-14
-2.100000000e-03	3.942050437e+01	8.777926752e-02	4.287058701e-14
-2.200000000e-03	3.942050608e+01	8.727653547e-02	2.664353394e-14
-2.300000000e-03	3.942050779e+01	8.677380343e-02	3.198858056e-14
-2.400000000e-03	3.942050951e+01	8.627107139e-02	3.415615520e-14
-2.500000000e-03	3.942051123e+01	8.576833936e-02	4.256139585e-14
-2.600000000e-03	3.942051296e+01	8.526560733e-02	2.563299032e-14
-2.700000000e-03	3.942051470e+01	8.476287532e-02	3.370807645e-14
-2.800000000e-03	3.942051645e+01	8.426014330e-02	1.902533351e-14
-2.900000000e-03	3.942051820e+01	8.375741130e-02	2.658382638e-14
-3.000000000e-03	3.942051995e+01	8.325467929e-02	3.783795451e-14
-3.100000000e-03	3.942052172e+01	8.275194730e-02	2.471306341e-14
-3.200000000e-03	3.942052349e+01	8.224921531e-02	2.992867315e-14
-3.300000000e-03	3.942052526e+01	8.174648333e-02	4.211519310e-14
-3.400000000e-03	3.942052705e+01	8.124375135e-02	1.978832359e-14
-3.500000000e-03	3.942052883e+01	8.074101939e-02	2.578211241e-14
-3.600000000e-03	3.942053063e+01	8.023828743e-02	3.317878651e-14
-3.700000000e-03	3.942053243e+01	7.973555549e-02	2.843522865e-14
-3.800000000e-03	3.942053424e+01	7.923282355e-02	2.743592169e-14
-3.900000000e-03	3.942053605e+01	7.873009161e-02	3.274230679e-14
-4.000000000e-03	3.942053788e+01	7.822735968e-02	2.935221762e-14
-4.100000000e-03	3.942053970e+01	7.772462777e-02	1.451681324e-14
-4.200000000e-03	3.942054154e+01	7.722189587e-02	2.691248101e-14
-4.300000000e-03	3.942054338e+01	7.671916397e-02	2.032410526e-14
-4.400000000e-03	3.942054522e+01	7.621643209e-02	2.223344804e-14
-4.500000000e-03	3.942054708e+01	7.571370021e-02	2.745915078e-14
-4.600000000e-03	3.942054894e+01	7.521096834e-02	3.021306848e-14
-4.700000000e-03	3.942055080e+01	7.470823649e-02	2.791625947e-14
-4.800000000e-03	3.942055268e+01	7.420550464e-02	3.036255999e-14
-4.900000000e-03	3.942055455e+01	7.370277281e-02	2.380017689e-14
-5.000000000e-03	3.942055644e+01	7.320004098e-02	4.804196930e-14
-5.100000000e-03	3.942055833e+01	7.269730918e-02	3.475321002e-14
-5.200000000e-03	3.942056023e+01	7.219457738e-02	2.429352221e-14
-5.300000000e-03	3.942056213e+01	7.169184559e-02	4.265711662e-14
-5.400000000e-03	3.942056404e+01	7.118911382e-02	2.305270382e-14
-5.500000000e-03	3.942056596e+01	7.068638206e-02	2.434877778e-14
-5.600000000e-03	3.942056789e+01	7.018365031e-02	3.241917051e-14
-5.700000000e-03	3.942056982e+01	6.968091857e-02	3.689268874e-14
-5.800000000e-03	3.942057175e+01	6.917818685e-02	2.772969763e-14
-5.900000000e-03	3.942057370e+01	6.867545514e-02	2.333603223e-14
-6.000000000e-03	3.942057564e+01	6.817272345e-02	3.026903189e-14
-6.100000000e-03	3.942057760e+01	6.766999176e-02	2.130785983e-14
-6.200000000e-03	3.942057956e+01	6.716726009e-02	2.368267971e-14
-6.300000000e-03	3.942058153e+01	6.666452844e-02	3.112943883e-14
-6.400000000e-03	3.942058351e+01	6.616179680e-02	4.009081948e-14
-6.500000000e-03	3.942058549e+01	6.565906518e-02	1.796859454e-14
-6.600000000e-03	3.942058748e+01	6.515633357e-02	1.719283004e-14
-6.700000000e-03	3.942058947e+01	6.465360198e-02	2.734276900e-14
-6.800000000e-03	3.942059147e+01	6.415087040e-02	3.460064608e-14
-6.900000000e-03	3.942059348e+01	6.364813884e-02	3.363897840e-14
-7.000000000e-03	3.942059549e+01	6.314540730e-02	3.473323016e-14
-7.100000000e-03	3.942059751e+01	6.264267576e-02	3.288502756e-14
-7.200000000e-03	3.942059954e+01	6.213994425e-02	2.600532124e-14
-7.300000000e-03	3.942060157e+01	6.163721276e-02	2.701665113e-14
-7.400000000e-03	3.942060361e+01	6.113448129e-02	4.586599768e-14
-7.500000000e-03	3.942060565e+01	6.063174982e-02	2.925155115e-14
-7.600000000e-03	3.942060771e+01	6.012901838e-02	3.579083536e-14
-7.700000000e-03	3.942060976e+01	5.962628696e-02	3.529140789e-14
-7.800000000e-03	3.942061183e+01	5.912355555e-02	3.288910801e-14
-7.900000000e-03	3.942061390e+01	5.862082416e-02	3.488731465e-14
-8.000000000e-03	3.942061598e+01	5.811809280e-02	3.721577136e-14
-8.100000000e-03	3.942061806e+01	5.761536144e-02	2.599103211e-14
-8.200000000e-03	3.942062015e+01	5.711263011e-02	2.025559596e-14
-8.300000000e-03	3.942062225e+01	5.660989880e-02	2.849399917e-14
-8.400000000e-03	3.942062435e+01	5.610716750e-02	4.042641533e-14
-8.500000000e-03	3.942062646e+01	5.560443623e-02	3.175451823e-14
-8.600000000e-03	3.942062858e+01	5.510170498e-02	2.645931453e-14
-8.700000000e-03	3.942063070e+01	5.459897375e-02	2.347123119e-14
-8.800000000e-03	3.942063283e+01	5.409624254e-02	2.520863156e-14
-8.900000000e-03	3.942063497e+01	5.359351135e-02	2.636475727e-14
-9.000000000e-03	3.942063711e+01	5.309078018e-02	2.870046376e-14
-9.100000000e-03	3.942063925e+01	5.258804903e-02	2.691576721e-14
-9.200000000e-03	3.942064141e+01	5.208531790e-02	3.566167938e-14
-9.300000000e-03	3.942064357e+01	5.158258680e-02	4.126609571e-14
-9.400000000e-03	3.942064574e+01	5.107985572e-02	6.854934421e-15
-9.500000000e-03	3.942064791e+01	5.057712466e-02	2.750202805e-14
-9.600000000e-03	3.942065009e+01	5.007439362e-02	3.441727091e-14
-9.700000000e-03	3.942065228e+01	4.957166261e-02	3.949162210e-14
-9.800000000e-03	3.942065447e+01	4.906893161e-02	2.835673088e-14
-9.900000000e-03	3.942065667e+01	4.856620065e-02	3.703413257e-14
-1.000000000e-02	3.942065888e+01	4.806346970e-02	1.807705985e-14
-1.010000000e-02	3.942066109e+01	4.756073878e-02	2.047052998e-14
-1.020000000e-02	3.942066331e+01	4.705800788e-02	3.090207327e-14
-1.030000000e-02	3.942066553e+01	4.655527701e-02	2.597233366e-14
-1.040000000e-02	3.942066776e+01	4.605254616e-02	1.492994534e-14
-1.050000000e-02	3.942067000e+01	4.554981534e-02	3.596378231e-14
-1.060000000e-02	3.942067225e+01	4.504708454e-02	4.056480606e-14
-1.070000000e-02	3.942067450e+01	4.454435376e-02	1.528547093e-14
-1.080000000e-02	3.942067675e+01	4.404162301e-02	3.838640144e-14
-1.090000000e-02	3.942067902e+01	4.353889230e-02	2.777242026e-14
-1.100000000e-02	3.942068129e+01	4.303616160e-02	3.523789958e-14
-1.110000000e-02	3.942068356e+01	4.253343093e-02	3.442705385e-14
-1.120000000e-02	3.942068585e+01	4.203070028e-02	4.719790921e-14
-1.130000000e-02	3.942068814e+01	4.152796967e-02	2.029750098e-14
-1.140000000e-02	3.942069043e+01	4.102523908e-02	1.290334157e-14
-1.150000000e-02	3.942069273e+01	4.052250852e-02	2.385104012e-14
-1.160000000e-02	3.942069504e+01	4.001977798e-02	2.024149661e-14
-1.170000000e-02	3.942069736e+01	3.951704748e-02	4.217294201e-14
-1.180000000e-02	3.942069968e+01	3.901431700e-02	3.310021940e-14
-1.190000000e-02	3.942070200e+01	3.851158654e-02	2.429236992e-14
-1.200000000e-02	3.942070434e+01	3.800885612e-02	2.741330938e-14
-1.210000000e-02	3.942070668e+01	3.750612573e-02	3.602262919e-14
-1.220000000e-02	3.942070903e+01	3.700339537e-02	2.928737043e-14
-1.230000000e-02	3.942071138e+01	3.650066503e-02	2.849390731e-14
-1.240000000e-02	3.942071374e+01	3.599793472e-02	3.351597272e-14
-1.250000000e-02	3.942071611e+01	3.549520445e-02	2.756493900e-14
-1.260000000e-02	3.942071848e+01	3.499247420e-02	2.715333917e-14
-1.270000000e-02	3.942072086e+01	3.448974398e-02	1.576945765e-14
-1.280000000e-02	3.942072324e+01	3.398701380e-02	2.606906984e-14
-1.290000000e-02	3.942072563e+01	3.348428365e-02	5.010531052e-14
-1.300000000e-02	3.942072803e+01	3.298155352e-02	3.202445494e-14
-1.310000000e-02	3.942073044e+01	3.247882343e-02	4.928291648e-14
-1.320000000e-02	3.942073285e+01	3.197609336e-02	1.898682256e-14
-1.330000000e-02	3.942073526e+01	3.147336333e-02	2.961814826e-14
-1.340000000e-02	3.942073769e+01	3.097063334e-02	3.715804780e-14
-1.350000000e-02	3.942074012e+01	3.046790337e-02	3.565836010e-14
-1.360000000e-02	3.942074256e+01	2.996517343e-02	2.930254733e-14
-1.370000000e-02	3.942074500e+01	2.946244353e-02	2.190451298e-14
-1.380000000e-02	3.942074745e+01	2.895971367e-02	2.878014176e-14
-1.390000000e-02	3.942074990e+01	2.845698383e-02	1.954696809e-14
-1.400000000e-02	3.942075237e+01	2.795425403e-02	4.230909076e-14
-1.410000000e-02	3.942075483e+01	2.745152426e-02	2.954706493e-14
-1.420000000e-02	3.942075731e+01	2.694879453e-02	1.190989162e-14
-1.430000000e-02	3.942075979e+01	2.644606482e-02	3.021713245e-14
-1.440000000e-02	3.942076228e+01	2.594333516e-02	2.408424317e-14
-1.450000000e-02	3.942076477e+01	2.544060553e-02	4.174208641e-14
-1.460000000e-02	3.942076727e+01	2.493787593e-02	2.178168050e-14
-1.470000000e-02	3.942076978e+01	2.443514637e-02	2.307408143e-14
-1.480000000e-02	3.942077229e+01	2.393241685e-02	2.424784840e-14
-1.490000000e-02	3.942077481e+01	2.342968735e-02	4.078805376e-14
-1.500000000e-02	3.942077734e+01	2.292695790e-02	4.221670069e-14
-1.510000000e-02	3.942077987e+01	2.242422849e-02	3.692276616e-14
-1.520000000e-02	3.942078241e+01	2.192149910e-02	2.932276262e-14
-1.530000000e-02	3.942078496e+01	2.141876975e-02	4.640318648e-14
-1.540000000e-02	3.942078751e+01	2.091604045e-02	1.999958948e-14
-1.550000000e-02	3.942079007e+01	2.041331117e-02	2.800026585e-14
-1.560000000e-02	3.942079263e+01	1.991058194e-02	4.042261406e-14
-1.570000000e-02	3.942079521e+01	1.940785275e-02	4.154719460e-14
-1.580000000e-02	3.942079778e+01	1.890512359e-02	2.495276319e-14
-1.590000000e-02	3.942080037e+01	1.840239446e-02	1.971604857e-14
-1.600000000e-02	3.942080296e+01	1.789966538e-02	3.117268907e-14
-1.610000000e-02	3.942080555e+01	1.739693634e-02	2.157503672e-14
-1.620000000e-02	3.942080816e+01	1.689420733e-02	2.578246409e-14
-1.630000000e-02	3.942081077e+01	1.639147836e-02	2.784010752e-14
-1.640000000e-02	3.942081338e+01	1.588874944e-02	3.211514364e-14
-1.650000000e-02	3.942081601e+01	1.538602055e-02	4.172447536e-14
-1.660000000e-02	3.942081864e+01	1.488329170e-02	2.978493802e-14
-1.670000000e-02	3.942082127e+01	1.438056289e-02	3.318087285e-14
-1.680000000e-02	3.942082391e+01	1.387783412e-02	2.636557424e-14
-1.690000000e-02	3.942082656e+01	1.337510540e-02	4.211007998e-14
-1.700000000e-02	3.942082922e+01	1.287237671e-02	3.555594094e-14
-1.710000000e-02	3.942083188e+01	1.236964806e-02	3.278905195e-14
-1.720000000e-02	3.942083454e+01	1.186691946e-02	2.679579564e-14
-1.730000000e-02	3.942083722e+01	1.136419089e-02	2.852168473e-14
-1.740000000e-02	3.942083990e+01	1.086146237e-02	1.847917096e-14
-1.750000000e-02	3.942084258e+01	1.035873389e-02	2.465491670e-14
-1.760000000e-02	3.942084528e+01	9.856005457e-03	8.952418453e-15
-1.770000000e-02	3.942084798e+01	9.353277063e-03	2.679981090e-14
-1.780000000e-02	3.942085068e+01	8.850548713e-03	3.432851767e-14
-1.790000000e-02	3.942085340e+01	8.347820398e-03	2.432959988e-14
-1.800000000e-02	3.942085611e+01	7.845092134e-03	2.925864471e-14
-1.810000000e-02	3.942085884e+01	7.342363910e-03	2.301653102e-14
-1.820000000e-02	3.942086157e+01	6.839635732e-03	1.899705005e-14
-1.830000000e-02	3.942086431e+01	6.336907596e-03	3.289949084e-14
-1.840000000e-02	3.942086705e+01	5.834179510e-03	3.673255157e-14
-1.850000000e-02	3.942086980e+01	5.331451459e-03	2.896435151e-14
-1.860000000e-02	3.942087256e+01	4.828723457e-03	2.444066439e-14
-1.870000000e-02	3.942087532e+01	4.325995498e-03	4.360663516e-14
-1.880000000e-02	3.942087809e+01	3.823267595e-03	3.814707467e-14
-1.890000000e-02	3.942088087e+01	3.320539721e-03	2.806187485e-14
-1.900000000e-02	3.942088365e+01	2.817811906e-03	3.357096208e-14
-1.910000000e-02	3.942088644e+01	2.315084130e-03	3.615501080e-14
-1.920000000e-02	3.942088924e+01	1.812356402e-03	3.562473475e-14
-1.930000000e-02	3.942089204e+01	1.309628717e-03	2.528564345e-14
-1.940000000e-02	3.942089485e+01	8.069010779e-04	3.201678107e-14
-1.950000000e-02	3.942089766e+01	3.041734935e-04	4.207821268e-14
-1.960000000e-02	3.942090049e+01	-1.985540482e-04	4.529656566e-14
-1.970000000e-02	3.942090331e+01	-7.012815418e-04	2.603913769e-14
-1.980000000e-02	3.942090615e+01	-1.204008989e-03	2.324686369e-14
-1.990000000e-02	3.942090899e+01	-1.706736391e-03	2.117475874e-14
-2.000000000e-02	3.942091183e+01	-2.209463739e-03	1.922683467e-14
-2.010000000e-02	3.942091469e+01	-2.712191048e-03	3.532235971e-14
-2.020000000e-02	3.942091755e+01	-3.214918295e-03	4.737727346e-14
-2.030000000e-02	3.942092041e+01	-3.717645499e-03	4.027137223e-14
-2.040000000e-02	3.942092329e+01	-4.220372657e-03	4.213317397e-14
-2.050000000e-02	3.942092617e+01	-4.723099771e-03	4.869342931e-14
-2.060000000e-02	3.942092905e+01	-5.225826828e-03	3.227470034e-14
-2.070000000e-02	3.942093194e+01	-5.728553834e-03	2.128002634e-14
-2.080000000e-02	3.942093484e+01	-6.231280792e-03	4.341179615e-14
-2.090000000e-02	3.942093775e+01	-6.734007696e-03	1.242549323e-14
-2.100000000e-02	3.942094066e+01	-7.236734556e-03	2.229208257e-14
-2.110000000e-02	3.942094357e+01	-7.739461362e-03	4.298601692e-14
-2.120000000e-02	3.942094650e+01	-8.242188117e-03	2.911967959e-14
-2.130000000e-02	3.942094943e+01	-8.744914821e-03	2.915623983e-14
-2.140000000e-02	3.942095236e+01	-9.247641470e-03	1.848675357e-14
-2.150000000e-02	3.942095531e+01	-9.750368067e-03	3.042410028e-14
-2.160000000e-02	3.942095826e+01	-1.025309462e-02	3.275992368e-14
-2.170000000e-02	3.942096121e+01	-1.075582112e-02	2.889817449e-14
-2.180000000e-02	3.942096418e+01	-1.125854756e-02	3.043625591e-14
-2.190000000e-02	3.942096714e+01	-1.176127395e-02	5.001099759e-14
-2.200000000e-02	3.942097012e+01	-1.226400029e-02	3.280882400e-14
-2.210000000e-02	3.942097310e+01	-1.276672657e-02	3.117095291e-14
-2.220000000e-02	3.942097609e+01	-1.326945280e-02	3.621489449e-14
-2.230000000e-02	3.942097908e+01	-1.377217898e-02	3.066037333e-14
-2.240000000e-02	3.942098208e+01	-1.427490510e-02	2.094848030e-14
-2.250000000e-02	3.942098509e+01	-1.477763117e-02	2.082230393e-14
-2.260000000e-02	3.942098810e+01	-1.528035718e-02	4.242724739e-14
-2.270000000e-02	3.942099112e+01	-1.578308315e-02	4.540268548e-14
-2.280000000e-02	3.942099415e+01	-1.628580905e-02	3.022377722e-14
-2.290000000e-02	3.942099718e+01	-1.678853491e-02	4.781359699e-14
-2.300000000e-02	3.942100022e+01	-1.729126070e-02	3.742462777e-14
-2.310000000e-02	3.942100327e+01	-1.779398644e-02	3.047840756e-14
-2.320000000e-02	3.942100632e+01	-1.829671212e-02	3.185009608e-14
-2.330000000e-02	3.942100938e+01	-1.879943775e-02	2.123145576e-14
-2.340000000e-02	3.942101244e+01	-1.930216332e-02	3.083006164e-14
-2.350000000e-02	3.942101552e+01	-1.980488883e-02	2.988110138e-14
-2.360000000e-02	3.942101859e+01	-2.030761429e-02	3.500774390e-14
-2.370000000e-02	3.942102168e+01	-2.081033969e-02	2.127625420e-14
-2.380000000e-02	3.942102477e+01	-2.131306503e-02	2.720347776e-14
-2.390000000e-02	3.942102787e+01	-2.181579031e-02	1.894604782e-14
-2.400000000e-02	3.942103097e+01	-2.231851554e-02	2.661797222e-14
-2.410000000e-02	3.942103408e+01	-2.282124071e-02	2.946198534e-14
-2.420000000e-02	3.942103719e+01	-2.332396582e-02	2.243265965e-14
-2.430000000e-02	3.942104032e+01	-2.382669087e-02	3.584973234e-14
-2.440000000e-02	3.942104345e+01	-2.432941586e-02	4.084400613e-14
-2.450000000e-02	3.942104658e+01	-2.483214080e-02	2.672552365e-14
-2.460000000e-02	3.942104972e+01	-2.533486567e-02	2.350851166e-14
-2.470000000e-02	3.942105287e+01	-2.583759048e-02	4.203887456e-14
-2.480000000e-02	3.942105603e+01	-2.634031524e-02	3.537216075e-14
-2.490000000e-02	3.942105919e+01	-2.684303993e-02	2.414556591e-14
-2.500000000e-02	3.942106236e+01	-2.734576457e-02	3.447268855e-14
