# epsi_ci     Re(Lambda)      Im(Lambda)      Eq(det), R = 0.5 $\mu$m, $E_p$ = 0.600 eV, modo = 3, $\epsilon_\infty$ = 3.9, $\gamma_{DL}$ = 0.01 eV, solve_det_sinkz_vs_mu.py
0.000000000e+00	4.505534406e+00	7.840338762e-02	2.316547704e-14
-1.000000000e-03	4.505549838e+00	7.795760858e-02	1.992017404e-14
-2.000000000e-03	4.505565312e+00	7.751182932e-02	2.677417399e-14
-3.000000000e-03	4.505580827e+00	7.706604983e-02	2.093777649e-14
-4.000000000e-03	4.505596383e+00	7.662027012e-02	3.217550580e-14
-5.000000000e-03	4.505611980e+00	7.617449021e-02	2.394968091e-14
-6.000000000e-03	4.505627618e+00	7.572871011e-02	3.446149099e-14
-7.000000000e-03	4.505643298e+00	7.528292982e-02	2.178887018e-14
-8.000000000e-03	4.505659019e+00	7.483714936e-02	3.570407024e-14
-9.000000000e-03	4.505674781e+00	7.439136874e-02	2.551895811e-14
-1.000000000e-02	4.505690584e+00	7.394558797e-02	2.045481796e-14
-1.100000000e-02	4.505706429e+00	7.349980706e-02	3.216814047e-14
-1.200000000e-02	4.505722314e+00	7.305402601e-02	2.386553894e-14
-1.300000000e-02	4.505738241e+00	7.260824484e-02	4.274201450e-14
-1.400000000e-02	4.505754209e+00	7.216246357e-02	2.237530144e-14
-1.500000000e-02	4.505770218e+00	7.171668219e-02	3.036423414e-14
-1.600000000e-02	4.505786269e+00	7.127090072e-02	2.806576190e-14
-1.700000000e-02	4.505802361e+00	7.082511917e-02	3.574879023e-14
-1.800000000e-02	4.505818494e+00	7.037933756e-02	4.012880807e-14
-1.900000000e-02	4.505834668e+00	6.993355588e-02	2.921228484e-14
-2.000000000e-02	4.505850883e+00	6.948777416e-02	4.110289704e-14
-2.100000000e-02	4.505867139e+00	6.904199240e-02	2.520533943e-14
-2.200000000e-02	4.505883437e+00	6.859621061e-02	3.459412470e-14
-2.300000000e-02	4.505899776e+00	6.815042880e-02	1.904786698e-14
-2.400000000e-02	4.505916156e+00	6.770464699e-02	3.284412062e-14
-2.500000000e-02	4.505932578e+00	6.725886518e-02	3.394556472e-14
-2.600000000e-02	4.505949040e+00	6.681308339e-02	4.269549677e-14
-2.700000000e-02	4.505965544e+00	6.636730162e-02	3.144719301e-14
-2.800000000e-02	4.505982089e+00	6.592151988e-02	2.955392303e-14
-2.900000000e-02	4.505998675e+00	6.547573819e-02	3.822219815e-14
-3.000000000e-02	4.506015302e+00	6.502995655e-02	3.055905919e-14
-3.100000000e-02	4.506031971e+00	6.458417498e-02	1.703660772e-14
-3.200000000e-02	4.506048681e+00	6.413839348e-02	2.241524717e-14
-3.300000000e-02	4.506065432e+00	6.369261208e-02	1.563953246e-14
-3.400000000e-02	4.506082224e+00	6.324683076e-02	1.828650547e-14
-3.500000000e-02	4.506099057e+00	6.280104956e-02	2.373665868e-14
-3.600000000e-02	4.506115932e+00	6.235526847e-02	3.754846199e-14
-3.700000000e-02	4.506132848e+00	6.190948751e-02	1.958024088e-14
-3.800000000e-02	4.506149805e+00	6.146370669e-02	2.257977549e-14
-3.900000000e-02	4.506166803e+00	6.101792602e-02	3.760366623e-14
-4.000000000e-02	4.506183843e+00	6.057214550e-02	3.602171443e-14
-4.100000000e-02	4.506200923e+00	6.012636516e-02	4.306960931e-14
-4.200000000e-02	4.506218045e+00	5.968058499e-02	3.090531953e-14
-4.300000000e-02	4.506235208e+00	5.923480502e-02	2.879034343e-14
-4.400000000e-02	4.506252412e+00	5.878902525e-02	2.383523322e-14
-4.500000000e-02	4.506269658e+00	5.834324568e-02	1.658690280e-14
-4.600000000e-02	4.506286945e+00	5.789746634e-02	8.262505683e-15
-4.700000000e-02	4.506304273e+00	5.745168723e-02	1.804371121e-14
-4.800000000e-02	4.506321642e+00	5.700590836e-02	2.968076740e-14
-4.900000000e-02	4.506339052e+00	5.656012974e-02	3.065089392e-14
-5.000000000e-02	4.506356504e+00	5.611435139e-02	2.132443187e-14
-5.100000000e-02	4.506373996e+00	5.566857331e-02	2.565816576e-14
-5.200000000e-02	4.506391530e+00	5.522279551e-02	3.434319585e-14
-5.300000000e-02	4.506409106e+00	5.477701801e-02	3.874505634e-14
-5.400000000e-02	4.506426722e+00	5.433124081e-02	2.783263560e-14
-5.500000000e-02	4.506444380e+00	5.388546392e-02	2.911575184e-14
-5.600000000e-02	4.506462078e+00	5.343968736e-02	2.826754192e-14
-5.700000000e-02	4.506479818e+00	5.299391114e-02	2.759762217e-14
-5.800000000e-02	4.506497600e+00	5.254813526e-02	4.315769509e-14
-5.900000000e-02	4.506515422e+00	5.210235973e-02	1.766651688e-14
-6.000000000e-02	4.506533286e+00	5.165658458e-02	4.497692282e-14
-6.100000000e-02	4.506551191e+00	5.121080980e-02	2.317682356e-14
-6.200000000e-02	4.506569137e+00	5.076503540e-02	3.476051063e-14
-6.300000000e-02	4.506587124e+00	5.031926141e-02	3.070440794e-14
-6.400000000e-02	4.506605153e+00	4.987348782e-02	4.209898988e-14
-6.500000000e-02	4.506623222e+00	4.942771465e-02	4.353966013e-14
-6.600000000e-02	4.506641333e+00	4.898194191e-02	4.677556062e-14
-6.700000000e-02	4.506659485e+00	4.853616961e-02	3.023751521e-14
-6.800000000e-02	4.506677679e+00	4.809039775e-02	3.331872855e-14
-6.900000000e-02	4.506695913e+00	4.764462636e-02	2.925587459e-14
-7.000000000e-02	4.506714189e+00	4.719885544e-02	3.214278568e-14
-7.100000000e-02	4.506732506e+00	4.675308500e-02	2.062988571e-14
-7.200000000e-02	4.506750864e+00	4.630731504e-02	2.781664318e-14
-7.300000000e-02	4.506769264e+00	4.586154559e-02	4.833930723e-14
-7.400000000e-02	4.506787704e+00	4.541577666e-02	2.547899034e-14
-7.500000000e-02	4.506806186e+00	4.497000824e-02	2.959689336e-14
-7.600000000e-02	4.506824709e+00	4.452424036e-02	4.280093917e-14
-7.700000000e-02	4.506843273e+00	4.407847301e-02	3.196737954e-14
-7.800000000e-02	4.506861879e+00	4.363270623e-02	3.164347833e-14
-7.900000000e-02	4.506880525e+00	4.318694000e-02	3.894272168e-14
-8.000000000e-02	4.506899213e+00	4.274117435e-02	2.787097863e-14
-8.100000000e-02	4.506917942e+00	4.229540928e-02	7.098810196e-15
-8.200000000e-02	4.506936713e+00	4.184964481e-02	2.192795159e-14
-8.300000000e-02	4.506955524e+00	4.140388094e-02	2.823136057e-14
-8.400000000e-02	4.506974377e+00	4.095811769e-02	3.741637343e-14
-8.500000000e-02	4.506993271e+00	4.051235507e-02	2.237587203e-14
-8.600000000e-02	4.507012206e+00	4.006659308e-02	2.141460702e-14
-8.700000000e-02	4.507031182e+00	3.962083174e-02	1.705580263e-14
-8.800000000e-02	4.507050200e+00	3.917507105e-02	3.987196163e-14
-8.900000000e-02	4.507069259e+00	3.872931103e-02	1.249734551e-14
-9.000000000e-02	4.507088359e+00	3.828355169e-02	3.645674920e-14
-9.100000000e-02	4.507107500e+00	3.783779304e-02	2.257256236e-14
-9.200000000e-02	4.507126682e+00	3.739203508e-02	2.042892762e-14
-9.300000000e-02	4.507145906e+00	3.694627784e-02	2.618499616e-14
-9.400000000e-02	4.507165171e+00	3.650052131e-02	3.235281874e-14
-9.500000000e-02	4.507184477e+00	3.605476551e-02	3.293524590e-14
-9.600000000e-02	4.507203824e+00	3.560901046e-02	4.398059669e-14
-9.700000000e-02	4.507223212e+00	3.516325615e-02	1.670300495e-14
-9.800000000e-02	4.507242642e+00	3.471750261e-02	3.193234541e-14
-9.900000000e-02	4.507262113e+00	3.427174983e-02	2.678843460e-14
-1.000000000e-01	4.507281625e+00	3.382599784e-02	4.256077961e-14
-1.010000000e-01	4.507301178e+00	3.338024664e-02	2.495652971e-14
-1.020000000e-01	4.507320773e+00	3.293449624e-02	2.137478763e-14
-1.030000000e-01	4.507340408e+00	3.248874665e-02	1.598034714e-14
-1.040000000e-01	4.507360085e+00	3.204299789e-02	2.412228426e-14
-1.050000000e-01	4.507379804e+00	3.159724996e-02	2.511884305e-14
-1.060000000e-01	4.507399563e+00	3.115150287e-02	4.004809014e-14
-1.070000000e-01	4.507419363e+00	3.070575664e-02	2.680140613e-14
-1.080000000e-01	4.507439205e+00	3.026001127e-02	3.963884794e-14
-1.090000000e-01	4.507459088e+00	2.981426678e-02	4.135920553e-14
-1.100000000e-01	4.507479012e+00	2.936852318e-02	1.098990299e-14
-1.110000000e-01	4.507498978e+00	2.892278047e-02	3.366429588e-14
-1.120000000e-01	4.507518984e+00	2.847703866e-02	3.476234825e-14
-1.130000000e-01	4.507539032e+00	2.803129777e-02	4.076556483e-14
-1.140000000e-01	4.507559121e+00	2.758555781e-02	2.533879118e-14
-1.150000000e-01	4.507579251e+00	2.713981879e-02	3.439002390e-14
-1.160000000e-01	4.507599423e+00	2.669408071e-02	3.034089034e-14
-1.170000000e-01	4.507619635e+00	2.624834359e-02	3.278714582e-14
-1.180000000e-01	4.507639889e+00	2.580260744e-02	2.397097466e-14
-1.190000000e-01	4.507660184e+00	2.535687227e-02	3.046005460e-14
-1.200000000e-01	4.507680520e+00	2.491113809e-02	1.579280588e-14
-1.210000000e-01	4.507701818e+00	2.444663237e-02	1.545209503e-05
-1.220000000e-01	4.507723631e+00	2.397243823e-02	3.887961704e-05
-1.230000000e-01	4.507745485e+00	2.349824525e-02	6.230685694e-05
-1.240000000e-01	4.507767379e+00	2.302405343e-02	8.573381263e-05
-1.250000000e-01	4.507789314e+00	2.254986278e-02	1.091604820e-04
-1.260000000e-01	4.507812617e+00	2.207573917e-02	1.325913640e-04
-1.270000000e-01	4.507833306e+00	2.160148504e-02	1.560129532e-04
-1.280000000e-01	4.507855362e+00	2.112729797e-02	1.794387509e-04
-1.290000000e-01	4.507877459e+00	2.065311215e-02	2.028642538e-04
-1.300000000e-01	4.507899597e+00	2.017892754e-02	2.262894599e-04
-1.310000000e-01	4.507921775e+00	1.970474419e-02	2.497143669e-04
-1.320000000e-01	4.507943993e+00	1.923056210e-02	2.731389728e-04
-1.330000000e-01	4.507966252e+00	1.875638128e-02	2.965632755e-04
-1.340000000e-01	4.507988552e+00	1.828220176e-02	3.199872729e-04
-1.350000000e-01	4.508010892e+00	1.780802354e-02	3.434109629e-04
-1.360000000e-01	4.508033273e+00	1.733384661e-02	3.668343433e-04
-1.370000000e-01	4.508055694e+00	1.685967104e-02	3.902574120e-04
-1.380000000e-01	4.508078155e+00	1.638549675e-02	4.136801671e-04
-1.390000000e-01	4.508119887e+00	1.591230449e-02	4.373891558e-04
-1.400000000e-01	4.508123202e+00	1.543715240e-02	4.605247274e-04
-1.410000000e-01	4.508145968e+00	1.496299158e-02	4.839465521e-04
-1.420000000e-01	4.508168408e+00	1.448881340e-02	5.073680075e-04
-1.430000000e-01	4.508191072e+00	1.401464605e-02	5.307891621e-04
-1.440000000e-01	4.508213777e+00	1.354048010e-02	5.542099904e-04
-1.450000000e-01	4.508236523e+00	1.306631558e-02	5.776304902e-04
-1.460000000e-01	4.508259309e+00	1.259215251e-02	6.010506595e-04
-1.470000000e-01	4.508282135e+00	1.211799087e-02	6.244704960e-04
-1.480000000e-01	4.508305002e+00	1.164383070e-02	6.478899977e-04
-1.490000000e-01	4.508327017e+00	1.116962555e-02	6.713095648e-04
-1.500000000e-01	4.508350857e+00	1.069551483e-02	6.947279884e-04
-1.510000000e-01	4.508373846e+00	1.022135913e-02	7.181464732e-04
-1.520000000e-01	4.508396896e+00	9.747206082e-03	7.415646150e-04
-1.530000000e-01	4.508419945e+00	9.273052332e-03	7.649824111e-04
-1.540000000e-01	4.508443056e+00	8.798901319e-03	7.883998600e-04
-1.550000000e-01	4.508466206e+00	8.324751713e-03	8.118169594e-04
-1.560000000e-01	4.508489396e+00	7.850603729e-03	8.352337072e-04
-1.570000000e-01	4.508512628e+00	7.376457330e-03	8.586501014e-04
-1.580000000e-01	4.508535900e+00	6.902312542e-03	8.820661398e-04
-1.590000000e-01	4.508559213e+00	6.428169356e-03	9.054818203e-04
-1.600000000e-01	4.508582566e+00	5.954027773e-03	9.288971409e-04
-1.610000000e-01	4.508547540e+00	6.669976463e-03	2.715698320e-05
-1.620000000e-01	4.508571849e+00	6.191333304e-03	3.681609709e-14
-1.630000000e-01	4.508593957e+00	5.745651487e-03	2.869730390e-14
-1.640000000e-01	4.508616106e+00	5.299971116e-03	2.373146173e-14
-1.650000000e-01	4.508638296e+00	4.854292202e-03	3.741891292e-14
-1.660000000e-01	4.508660528e+00	4.408614756e-03	2.156609241e-14
-1.670000000e-01	4.508682801e+00	3.962938786e-03	2.353341158e-14
-1.680000000e-01	4.508705114e+00	3.517264305e-03	2.498582912e-14
-1.690000000e-01	4.508727470e+00	3.071591322e-03	2.850592974e-14
-1.700000000e-01	4.508749866e+00	2.625919848e-03	2.485230966e-14
-1.710000000e-01	4.508772303e+00	2.180249893e-03	3.420152864e-14
-1.720000000e-01	4.508794782e+00	1.734581468e-03	2.828115628e-14
-1.730000000e-01	4.508817302e+00	1.288914582e-03	2.439141073e-14
-1.740000000e-01	4.508839863e+00	8.432492472e-04	3.067441111e-14
-1.750000000e-01	4.508862465e+00	3.975854729e-04	2.788753668e-14
-1.760000000e-01	4.508885108e+00	-4.807673036e-05	3.484495971e-14
-1.770000000e-01	4.508907793e+00	-4.937373522e-04	3.318842786e-14
-1.780000000e-01	4.508930519e+00	-9.393963820e-04	3.293767802e-14
-1.790000000e-01	4.508953286e+00	-1.385053810e-03	3.118851428e-14
-1.800000000e-01	4.508976094e+00	-1.830709624e-03	2.814928540e-14
-1.810000000e-01	4.508998943e+00	-2.276363816e-03	2.918346108e-14
-1.820000000e-01	4.509021834e+00	-2.722016374e-03	2.437614786e-14
-1.830000000e-01	4.509044766e+00	-3.167667289e-03	3.327559576e-14
-1.840000000e-01	4.509067738e+00	-3.613316549e-03	1.603925983e-14
-1.850000000e-01	4.509090753e+00	-4.058964144e-03	2.199816667e-14
-1.860000000e-01	4.509113808e+00	-4.504610064e-03	1.669016575e-14
-1.870000000e-01	4.509136904e+00	-4.950254299e-03	1.113692189e-14
-1.880000000e-01	4.509160042e+00	-5.395896838e-03	2.401628665e-14
-1.890000000e-01	4.509183221e+00	-5.841537671e-03	1.892858346e-14
-1.900000000e-01	4.509206441e+00	-6.287176787e-03	2.047955432e-14
-1.910000000e-01	4.509229702e+00	-6.732814175e-03	2.851671907e-14
-1.920000000e-01	4.509253005e+00	-7.178449827e-03	1.425065960e-14
-1.930000000e-01	4.509276348e+00	-7.624083731e-03	4.840268412e-14
-1.940000000e-01	4.509299733e+00	-8.069715876e-03	1.817258646e-14
-1.950000000e-01	4.509323159e+00	-8.515346253e-03	2.795803797e-14
-1.960000000e-01	4.509346626e+00	-8.960974850e-03	1.751816665e-14
-1.970000000e-01	4.509370134e+00	-9.406601659e-03	2.914078102e-14
-1.980000000e-01	4.509393684e+00	-9.852226667e-03	2.082633870e-14
-1.990000000e-01	4.509417274e+00	-1.029784987e-02	3.615739077e-14
-2.000000000e-01	4.509440906e+00	-1.074347124e-02	1.931087307e-14
