# epsi_ci     Re(Lambda)      Im(Lambda)      Eq(det), R = 0.5 $\mu$m, $E_p$ = 0.600 eV, modo = 3, $\epsilon_\infty$ = 3.9, $\gamma_{DL}$ = 0.01 eV, solve_det_sinkz_vs_mu.py
0.000000000e+00	4.466280534e+00	7.552461738e-02	2.044852366e-14
-1.000000000e-03	4.466295481e+00	7.508215666e-02	2.181359806e-14
-2.000000000e-03	4.466310469e+00	7.463969571e-02	3.462904779e-14
-3.000000000e-03	4.466325498e+00	7.419723453e-02	1.007036043e-14
-4.000000000e-03	4.466340568e+00	7.375477313e-02	2.127237652e-14
-5.000000000e-03	4.466355679e+00	7.331231152e-02	3.334617811e-14
-6.000000000e-03	4.466370831e+00	7.286984971e-02	2.591339928e-14
-7.000000000e-03	4.466386023e+00	7.242738772e-02	2.825696039e-14
-8.000000000e-03	4.466401257e+00	7.198492555e-02	1.549682456e-14
-9.000000000e-03	4.466416531e+00	7.154246321e-02	1.897634142e-14
-1.000000000e-02	4.466431846e+00	7.110000072e-02	2.442771916e-14
-1.100000000e-02	4.466447203e+00	7.065753808e-02	2.727350504e-14
-1.200000000e-02	4.466462600e+00	7.021507531e-02	3.428458891e-14
-1.300000000e-02	4.466478038e+00	6.977261241e-02	2.175027468e-14
-1.400000000e-02	4.466493517e+00	6.933014940e-02	3.118373373e-14
-1.500000000e-02	4.466509036e+00	6.888768628e-02	2.085945755e-14
-1.600000000e-02	4.466524597e+00	6.844522307e-02	3.531377671e-14
-1.700000000e-02	4.466540199e+00	6.800275977e-02	1.669779075e-14
-1.800000000e-02	4.466555841e+00	6.756029640e-02	3.480951161e-14
-1.900000000e-02	4.466571525e+00	6.711783296e-02	1.383953020e-14
-2.000000000e-02	4.466587249e+00	6.667536947e-02	3.530952252e-14
-2.100000000e-02	4.466603014e+00	6.623290594e-02	3.385840022e-14
-2.200000000e-02	4.466618820e+00	6.579044238e-02	1.993478012e-14
-2.300000000e-02	4.466634667e+00	6.534797879e-02	2.269474145e-14
-2.400000000e-02	4.466650555e+00	6.490551519e-02	3.676067842e-14
-2.500000000e-02	4.466666484e+00	6.446305158e-02	1.703854207e-14
-2.600000000e-02	4.466682454e+00	6.402058799e-02	3.194135521e-14
-2.700000000e-02	4.466698464e+00	6.357812441e-02	2.950711698e-14
-2.800000000e-02	4.466714516e+00	6.313566087e-02	2.589943710e-14
-2.900000000e-02	4.466730609e+00	6.269319736e-02	2.307245622e-14
-3.000000000e-02	4.466746742e+00	6.225073390e-02	3.789962204e-14
-3.100000000e-02	4.466762916e+00	6.180827050e-02	2.622470556e-14
-3.200000000e-02	4.466779131e+00	6.136580717e-02	3.076295712e-14
-3.300000000e-02	4.466795387e+00	6.092334392e-02	2.033347241e-14
-3.400000000e-02	4.466811684e+00	6.048088076e-02	2.996414645e-14
-3.500000000e-02	4.466828022e+00	6.003841770e-02	3.552936723e-14
-3.600000000e-02	4.466844401e+00	5.959595476e-02	4.102297565e-14
-3.700000000e-02	4.466860821e+00	5.915349193e-02	2.741101752e-14
-3.800000000e-02	4.466877282e+00	5.871102923e-02	2.921026879e-14
-3.900000000e-02	4.466893783e+00	5.826856668e-02	2.352394209e-14
-4.000000000e-02	4.466910326e+00	5.782610428e-02	2.507064752e-14
-4.100000000e-02	4.466926909e+00	5.738364204e-02	2.128085795e-14
-4.200000000e-02	4.466943533e+00	5.694117997e-02	3.226822867e-14
-4.300000000e-02	4.466960198e+00	5.649871809e-02	2.412367542e-14
-4.400000000e-02	4.466976905e+00	5.605625640e-02	2.085618003e-14
-4.500000000e-02	4.466993652e+00	5.561379491e-02	1.943698003e-14
-4.600000000e-02	4.467010439e+00	5.517133364e-02	2.759738251e-14
-4.700000000e-02	4.467027268e+00	5.472887259e-02	2.089720601e-14
-4.800000000e-02	4.467044138e+00	5.428641177e-02	1.710794095e-14
-4.900000000e-02	4.467061049e+00	5.384395120e-02	4.111052434e-14
-5.000000000e-02	4.467078000e+00	5.340149088e-02	1.897537688e-14
-5.100000000e-02	4.467094993e+00	5.295903083e-02	3.301942607e-14
-5.200000000e-02	4.467112026e+00	5.251657106e-02	2.062206114e-14
-5.300000000e-02	4.467129100e+00	5.207411157e-02	2.159635309e-14
-5.400000000e-02	4.467146216e+00	5.163165237e-02	2.850341222e-14
-5.500000000e-02	4.467163372e+00	5.118919348e-02	2.734463494e-14
-5.600000000e-02	4.467180569e+00	5.074673491e-02	2.106265513e-14
-5.700000000e-02	4.467197807e+00	5.030427667e-02	1.422954190e-14
-5.800000000e-02	4.467215085e+00	4.986181876e-02	1.149162432e-14
-5.900000000e-02	4.467232405e+00	4.941936120e-02	1.086691169e-14
-6.000000000e-02	4.467249766e+00	4.897690399e-02	3.103997140e-14
-6.100000000e-02	4.467267167e+00	4.853444716e-02	2.300556292e-14
-6.200000000e-02	4.467284610e+00	4.809199070e-02	1.924908328e-14
-6.300000000e-02	4.467302093e+00	4.764953463e-02	1.624840808e-14
-6.400000000e-02	4.467319617e+00	4.720707896e-02	3.514655067e-14
-6.500000000e-02	4.467337183e+00	4.676462370e-02	2.141108914e-14
-6.600000000e-02	4.467354789e+00	4.632216886e-02	2.529846149e-14
-6.700000000e-02	4.467372436e+00	4.587971444e-02	2.741218339e-14
-6.800000000e-02	4.467390124e+00	4.543726047e-02	2.086046894e-14
-6.900000000e-02	4.467407853e+00	4.499480695e-02	2.049032662e-14
-7.000000000e-02	4.467425622e+00	4.455235389e-02	2.251286140e-14
-7.100000000e-02	4.467443433e+00	4.410990130e-02	1.236738324e-14
-7.200000000e-02	4.467461285e+00	4.366744918e-02	1.710941876e-14
-7.300000000e-02	4.467479177e+00	4.322499757e-02	2.007917980e-14
-7.400000000e-02	4.467497110e+00	4.278254645e-02	3.060340107e-14
-7.500000000e-02	4.467515085e+00	4.234009584e-02	2.997472511e-14
-7.600000000e-02	4.467533100e+00	4.189764576e-02	2.284851929e-14
-7.700000000e-02	4.467551156e+00	4.145519621e-02	2.425735967e-14
-7.800000000e-02	4.467569253e+00	4.101274720e-02	1.559916674e-14
-7.900000000e-02	4.467587391e+00	4.057029874e-02	4.123726697e-14
-8.000000000e-02	4.467605570e+00	4.012785085e-02	1.863951360e-14
-8.100000000e-02	4.467623790e+00	3.968540353e-02	2.382806477e-14
-8.200000000e-02	4.467642050e+00	3.924295679e-02	2.034619140e-14
-8.300000000e-02	4.467660352e+00	3.880051065e-02	1.568231721e-14
-8.400000000e-02	4.467678695e+00	3.835806512e-02	1.611618245e-14
-8.500000000e-02	4.467697078e+00	3.791562020e-02	2.648364296e-14
-8.600000000e-02	4.467715502e+00	3.747317590e-02	2.327471850e-14
-8.700000000e-02	4.467733968e+00	3.703073224e-02	3.519072357e-14
-8.800000000e-02	4.467752474e+00	3.658828922e-02	2.516288237e-14
-8.900000000e-02	4.467771021e+00	3.614584686e-02	2.715651876e-14
-9.000000000e-02	4.467789609e+00	3.570340517e-02	2.309977413e-14
-9.100000000e-02	4.467808238e+00	3.526096415e-02	9.651423457e-15
-9.200000000e-02	4.467826907e+00	3.481852382e-02	2.601486833e-14
-9.300000000e-02	4.467845618e+00	3.437608418e-02	2.847507352e-14
-9.400000000e-02	4.467864370e+00	3.393364526e-02	2.444427387e-14
-9.500000000e-02	4.467883162e+00	3.349120705e-02	2.954138450e-14
-9.600000000e-02	4.467901996e+00	3.304876957e-02	3.533355068e-14
-9.700000000e-02	4.467920870e+00	3.260633282e-02	1.019029095e-14
-9.800000000e-02	4.467939785e+00	3.216389683e-02	3.215285903e-14
-9.900000000e-02	4.467958741e+00	3.172146159e-02	2.387224880e-14
-1.000000000e-01	4.467977738e+00	3.127902713e-02	3.217852784e-14
-1.010000000e-01	4.467996776e+00	3.083659344e-02	1.837663256e-14
-1.020000000e-01	4.468015855e+00	3.039416054e-02	2.204098151e-14
-1.030000000e-01	4.468034975e+00	2.995172844e-02	3.147341957e-14
-1.040000000e-01	4.468054136e+00	2.950929716e-02	1.428691929e-14
-1.050000000e-01	4.468073337e+00	2.906686669e-02	3.589310246e-14
-1.060000000e-01	4.468092580e+00	2.862443705e-02	1.381472596e-14
-1.070000000e-01	4.468111863e+00	2.818200826e-02	2.868812306e-14
-1.080000000e-01	4.468131188e+00	2.773958031e-02	1.804180869e-14
-1.090000000e-01	4.468150553e+00	2.729715323e-02	2.744773970e-14
-1.100000000e-01	4.468169959e+00	2.685472702e-02	1.981611781e-14
-1.110000000e-01	4.468189406e+00	2.641230169e-02	1.082909339e-14
-1.120000000e-01	4.468208894e+00	2.596987726e-02	1.778264316e-14
-1.130000000e-01	4.468228423e+00	2.552745373e-02	2.092451954e-14
-1.140000000e-01	4.468247993e+00	2.508503111e-02	2.990115320e-14
-1.150000000e-01	4.468267603e+00	2.464260941e-02	2.313999644e-14
-1.160000000e-01	4.468287255e+00	2.420018865e-02	1.459021374e-14
-1.170000000e-01	4.468306948e+00	2.375776883e-02	2.435040711e-14
-1.180000000e-01	4.468326681e+00	2.331534997e-02	2.383579810e-14
-1.190000000e-01	4.468346455e+00	2.287293207e-02	3.702011278e-14
-1.200000000e-01	4.468366271e+00	2.243051515e-02	1.906392115e-14
-1.210000000e-01	4.468386127e+00	2.198809921e-02	2.402775977e-14
-1.220000000e-01	4.468406024e+00	2.154568426e-02	1.935064646e-14
-1.230000000e-01	4.468425962e+00	2.110327033e-02	1.671232624e-14
-1.240000000e-01	4.468445941e+00	2.066085740e-02	1.650637167e-14
-1.250000000e-01	4.468465960e+00	2.021844551e-02	1.745868933e-14
-1.260000000e-01	4.468486021e+00	1.977603465e-02	1.922112160e-14
-1.270000000e-01	4.468506123e+00	1.933362484e-02	3.265844152e-14
-1.280000000e-01	4.468526265e+00	1.889121609e-02	1.567131900e-14
-1.290000000e-01	4.468546448e+00	1.844880840e-02	3.849745455e-14
-1.300000000e-01	4.468566673e+00	1.800640179e-02	2.156855551e-14
-1.310000000e-01	4.468586938e+00	1.756399627e-02	4.177820175e-14
-1.320000000e-01	4.468607244e+00	1.712159185e-02	2.156973864e-14
-1.330000000e-01	4.468627591e+00	1.667918854e-02	1.071986410e-14
-1.340000000e-01	4.468647979e+00	1.623678634e-02	1.029120299e-14
-1.350000000e-01	4.468668408e+00	1.579438528e-02	2.043940017e-14
-1.360000000e-01	4.468689393e+00	1.534121931e-02	7.585535659e-06
-1.370000000e-01	4.468711749e+00	1.486285307e-02	3.293160723e-05
-1.380000000e-01	4.468734113e+00	1.438448650e-02	5.827734573e-05
-1.390000000e-01	4.468756513e+00	1.390612105e-02	8.362272076e-05
-1.400000000e-01	4.468778965e+00	1.342775745e-02	1.089677299e-04
-1.410000000e-01	4.468801426e+00	1.294939362e-02	1.343123689e-04
-1.420000000e-01	4.468823938e+00	1.247103166e-02	1.596566362e-04
-1.430000000e-01	4.468846487e+00	1.199267088e-02	1.850005286e-04
-1.440000000e-01	4.468869073e+00	1.151431130e-02	2.103440432e-04
-1.450000000e-01	4.468891696e+00	1.103595290e-02	2.356871770e-04
-1.460000000e-01	4.468914356e+00	1.055759574e-02	2.610299273e-04
-1.470000000e-01	4.468937053e+00	1.007923982e-02	2.863722911e-04
-1.480000000e-01	4.468983766e+00	9.602129747e-03	3.121720346e-04
-1.490000000e-01	4.468982942e+00	9.122551698e-03	3.370559568e-04
-1.500000000e-01	4.469005366e+00	8.644179535e-03	3.623970351e-04
-1.510000000e-01	4.469028211e+00	8.165828634e-03	3.877378245e-04
-1.520000000e-01	4.469051093e+00	7.687479052e-03	4.130782130e-04
-1.530000000e-01	4.469074012e+00	7.209130762e-03	4.384181979e-04
-1.540000000e-01	4.469096967e+00	6.730783764e-03	4.637577763e-04
-1.550000000e-01	4.469119961e+00	6.252438120e-03	4.890969453e-04
-1.560000000e-01	4.469079559e+00	6.905458363e-03	2.829835810e-04
-1.570000000e-01	4.469109899e+00	6.333509361e-03	1.915840471e-04
-1.580000000e-01	4.469138884e+00	5.761472112e-03	1.001890464e-04
-1.590000000e-01	4.469170148e+00	5.189586380e-03	8.787821231e-06
-1.600000000e-01	4.469192421e+00	4.734755849e-03	2.835477076e-14
-1.610000000e-01	4.469213913e+00	4.292387764e-03	2.455593717e-14
-1.620000000e-01	4.469235446e+00	3.850021087e-03	3.856121108e-14
-1.630000000e-01	4.469257020e+00	3.407655828e-03	2.527469639e-14
-1.640000000e-01	4.469278635e+00	2.965291997e-03	2.125402477e-14
-1.650000000e-01	4.469300291e+00	2.522929604e-03	2.113047020e-14
-1.660000000e-01	4.469321988e+00	2.080568660e-03	2.773860682e-14
-1.670000000e-01	4.469343725e+00	1.638209175e-03	3.003211375e-14
-1.680000000e-01	4.469365504e+00	1.195851159e-03	2.544329134e-14
-1.690000000e-01	4.469387323e+00	7.534946231e-04	2.208485295e-14
-1.700000000e-01	4.469409184e+00	3.111395770e-04	3.353125908e-14
-1.710000000e-01	4.469431085e+00	-1.312139687e-04	3.758646136e-14
-1.720000000e-01	4.469453027e+00	-5.735660040e-04	2.587589740e-14
-1.730000000e-01	4.469475010e+00	-1.015916518e-03	3.116747272e-14
-1.740000000e-01	4.469497034e+00	-1.458265502e-03	2.762594947e-14
-1.750000000e-01	4.469519098e+00	-1.900612943e-03	2.460971946e-14
-1.760000000e-01	4.469541204e+00	-2.342958833e-03	2.635299349e-14
-1.770000000e-01	4.469563351e+00	-2.785303161e-03	1.458806595e-14
-1.780000000e-01	4.469585538e+00	-3.227645917e-03	3.500506691e-14
-1.790000000e-01	4.469607766e+00	-3.669987089e-03	4.042190622e-14
-1.800000000e-01	4.469630036e+00	-4.112326669e-03	9.651342001e-15
-1.810000000e-01	4.469652346e+00	-4.554664645e-03	3.275916848e-14
-1.820000000e-01	4.469674697e+00	-4.997001008e-03	1.535803101e-14
-1.830000000e-01	4.469697088e+00	-5.439335747e-03	1.269694590e-14
-1.840000000e-01	4.469719521e+00	-5.881668852e-03	2.164073624e-14
-1.850000000e-01	4.469741995e+00	-6.324000312e-03	2.101793142e-14
-1.860000000e-01	4.469764509e+00	-6.766330117e-03	3.474865032e-14
-1.870000000e-01	4.469787065e+00	-7.208658257e-03	9.152705093e-15
-1.880000000e-01	4.469809661e+00	-7.650984722e-03	2.592664752e-14
-1.890000000e-01	4.469832298e+00	-8.093309501e-03	2.268351511e-14
-1.900000000e-01	4.469854976e+00	-8.535632584e-03	2.727390001e-14
-1.910000000e-01	4.469877695e+00	-8.977953960e-03	1.798080992e-14
-1.920000000e-01	4.469900455e+00	-9.420273620e-03	2.847131361e-14
-1.930000000e-01	4.469923256e+00	-9.862591553e-03	2.510595210e-14
-1.940000000e-01	4.469946098e+00	-1.030490775e-02	1.777594857e-14
-1.950000000e-01	4.469968980e+00	-1.074722220e-02	4.280155422e-14
-1.960000000e-01	4.469991904e+00	-1.118953489e-02	2.651724874e-14
-1.970000000e-01	4.470014868e+00	-1.163184581e-02	1.524775622e-14
-1.980000000e-01	4.470037873e+00	-1.207415495e-02	2.771266281e-14
-1.990000000e-01	4.470060919e+00	-1.251646231e-02	2.483057002e-14
-2.000000000e-01	4.470084006e+00	-1.295876786e-02	2.226922912e-14
