# Im(epsi1)     Re(Lambda)      Im(Lambda)      Eq(det).Opt det SIN kz, R=0.5 \mum, Re(epsi1)=4.90solve_det_sinkz_vs_mu.py
0.000000000e+00	1.711148349e+01	2.349161228e-02	3.217767193e-18
-1.000000000e-04	1.711148378e+01	2.327364032e-02	3.151538947e-18
-2.000000000e-04	1.711148407e+01	2.305566835e-02	7.115659557e-18
-3.000000000e-04	1.711148437e+01	2.283769640e-02	4.656603585e-18
-4.000000000e-04	1.711148467e+01	2.261972443e-02	4.947250825e-18
-5.000000000e-04	1.711148497e+01	2.240175247e-02	5.412925119e-18
-6.000000000e-04	1.711148528e+01	2.218378051e-02	3.373426670e-18
-7.000000000e-04	1.711148559e+01	2.196580854e-02	3.934682537e-18
-8.000000000e-04	1.711148590e+01	2.174783659e-02	3.376491569e-18
-9.000000000e-04	1.711148621e+01	2.152986462e-02	3.372435165e-18
-1.000000000e-03	1.711148653e+01	2.131189266e-02	4.658947656e-18
-1.100000000e-03	1.711148685e+01	2.109392071e-02	6.539233585e-18
-1.200000000e-03	1.711148717e+01	2.087594874e-02	2.662867815e-18
-1.300000000e-03	1.711148749e+01	2.065797679e-02	4.999770307e-18
-1.400000000e-03	1.711148782e+01	2.044000483e-02	4.683852137e-18
-1.500000000e-03	1.711148815e+01	2.022203287e-02	4.218117381e-18
-1.600000000e-03	1.711148849e+01	2.000406092e-02	5.406711583e-18
-1.700000000e-03	1.711148882e+01	1.978608897e-02	2.825088798e-18
-1.800000000e-03	1.711148916e+01	1.956811702e-02	3.725178123e-18
-1.900000000e-03	1.711148950e+01	1.935014507e-02	7.173991435e-18
-2.000000000e-03	1.711148985e+01	1.913217312e-02	5.487985403e-18
-2.100000000e-03	1.711149019e+01	1.891420117e-02	4.012093309e-18
-2.200000000e-03	1.711149054e+01	1.869622923e-02	5.077132283e-18
-2.300000000e-03	1.711149090e+01	1.847825728e-02	5.523672910e-18
-2.400000000e-03	1.711149125e+01	1.826028534e-02	3.631082584e-18
-2.500000000e-03	1.711149161e+01	1.804231341e-02	5.096960571e-18
-2.600000000e-03	1.711149197e+01	1.782434147e-02	2.372539522e-18
-2.700000000e-03	1.711149233e+01	1.760636954e-02	5.278046207e-18
-2.800000000e-03	1.711149270e+01	1.738839761e-02	5.464777852e-18
-2.900000000e-03	1.711149307e+01	1.717042568e-02	2.461535018e-18
-3.000000000e-03	1.711149344e+01	1.695245376e-02	5.158038956e-18
-3.100000000e-03	1.711149382e+01	1.673448183e-02	2.717992679e-18
-3.200000000e-03	1.711149419e+01	1.651650991e-02	4.845239760e-18
-3.300000000e-03	1.711149458e+01	1.629853799e-02	2.232300182e-18
-3.400000000e-03	1.711149496e+01	1.608056608e-02	3.202799567e-18
-3.500000000e-03	1.711149534e+01	1.586259417e-02	3.819009745e-18
-3.600000000e-03	1.711149573e+01	1.564462226e-02	4.260201745e-18
-3.700000000e-03	1.711149612e+01	1.542665036e-02	4.962491335e-18
-3.800000000e-03	1.711149652e+01	1.520867846e-02	7.022459505e-18
-3.900000000e-03	1.711149692e+01	1.499070656e-02	3.931863043e-18
-4.000000000e-03	1.711149732e+01	1.477273467e-02	4.735467930e-18
-4.100000000e-03	1.711149772e+01	1.455476279e-02	4.593382969e-18
-4.200000000e-03	1.711149812e+01	1.433679090e-02	3.756275690e-18
-4.300000000e-03	1.711149853e+01	1.411881901e-02	6.680375737e-18
-4.400000000e-03	1.711149894e+01	1.390084714e-02	3.896249504e-18
-4.500000000e-03	1.711149936e+01	1.368287527e-02	4.103524773e-18
-4.600000000e-03	1.711149977e+01	1.346490340e-02	7.225391313e-18
-4.700000000e-03	1.711150019e+01	1.324693154e-02	6.486826286e-18
-4.800000000e-03	1.711150061e+01	1.302895968e-02	6.586327955e-18
-4.900000000e-03	1.711150104e+01	1.281098782e-02	5.597467851e-18
-5.000000000e-03	1.711150147e+01	1.259301598e-02	4.697744244e-18
-5.100000000e-03	1.711150190e+01	1.237504413e-02	5.499435757e-18
-5.200000000e-03	1.711150233e+01	1.215707229e-02	6.625798065e-18
-5.300000000e-03	1.711150277e+01	1.193910046e-02	6.148941112e-18
-5.400000000e-03	1.711150321e+01	1.172112863e-02	6.006294078e-18
-5.500000000e-03	1.711150365e+01	1.150315681e-02	4.890146070e-18
-5.600000000e-03	1.711150409e+01	1.128518499e-02	3.277360887e-18
-5.700000000e-03	1.711150454e+01	1.106721318e-02	4.898978265e-18
-5.800000000e-03	1.711150499e+01	1.084924138e-02	6.202818621e-18
-5.900000000e-03	1.711150544e+01	1.063126958e-02	5.049354823e-18
-6.000000000e-03	1.711150590e+01	1.041329779e-02	3.437268812e-18
-6.100000000e-03	1.711150635e+01	1.019532600e-02	1.684615223e-18
-6.200000000e-03	1.711150682e+01	9.977354217e-03	4.348587007e-18
-6.300000000e-03	1.711150728e+01	9.759382442e-03	4.567809265e-18
-6.400000000e-03	1.711150775e+01	9.541410670e-03	3.618718738e-18
-6.500000000e-03	1.711150821e+01	9.323438909e-03	5.777402245e-18
-6.600000000e-03	1.711150869e+01	9.105467154e-03	6.920128702e-18
-6.700000000e-03	1.711150916e+01	8.887495404e-03	5.109059644e-18
-6.800000000e-03	1.711150964e+01	8.669523659e-03	3.540730471e-18
-6.900000000e-03	1.711151012e+01	8.451551918e-03	6.276188344e-18
-7.000000000e-03	1.711151060e+01	8.233580196e-03	4.811941925e-18
-7.100000000e-03	1.711151109e+01	8.015608472e-03	6.092849309e-18
-7.200000000e-03	1.711151158e+01	7.797636754e-03	3.675355614e-18
-7.300000000e-03	1.711151207e+01	7.579665045e-03	5.532348518e-18
-7.400000000e-03	1.711151256e+01	7.361693353e-03	5.516980637e-18
-7.500000000e-03	1.711151306e+01	7.143721659e-03	5.342302509e-18
-7.600000000e-03	1.711151356e+01	6.925749971e-03	3.093218241e-18
-7.700000000e-03	1.711151406e+01	6.707778292e-03	4.131319381e-18
-7.800000000e-03	1.711151457e+01	6.489806623e-03	6.048249132e-18
-7.900000000e-03	1.711151508e+01	6.271834968e-03	5.118466618e-18
-8.000000000e-03	1.711151559e+01	6.053863308e-03	3.364635691e-18
-8.100000000e-03	1.711151610e+01	5.835891666e-03	1.631120800e-18
-8.200000000e-03	1.711151662e+01	5.617920029e-03	1.738909946e-18
-8.300000000e-03	1.711151714e+01	5.399948401e-03	1.755646828e-18
-8.400000000e-03	1.711151766e+01	5.181976778e-03	5.473450697e-18
-8.500000000e-03	1.711151818e+01	4.964005166e-03	3.169806194e-18
-8.600000000e-03	1.711151871e+01	4.746033562e-03	5.122083517e-18
-8.700000000e-03	1.711151924e+01	4.528061974e-03	3.143384691e-18
-8.800000000e-03	1.711151977e+01	4.310090389e-03	4.618585869e-18
-8.900000000e-03	1.711152031e+01	4.092118806e-03	5.910269862e-18
-9.000000000e-03	1.711152085e+01	3.874147245e-03	2.609831235e-18
-9.100000000e-03	1.711152139e+01	3.656175686e-03	3.519444717e-18
-9.200000000e-03	1.711152193e+01	3.438204138e-03	4.099813964e-18
-9.300000000e-03	1.711152248e+01	3.220232598e-03	4.641655209e-18
-9.400000000e-03	1.711152303e+01	3.002261070e-03	4.703527076e-18
-9.500000000e-03	1.711152358e+01	2.784289548e-03	4.137555345e-18
-9.600000000e-03	1.711152414e+01	2.566318036e-03	3.922384491e-18
-9.700000000e-03	1.711152470e+01	2.348346535e-03	3.986880852e-18
-9.800000000e-03	1.711152526e+01	2.130375043e-03	4.478203719e-18
-9.900000000e-03	1.711152582e+01	1.912403564e-03	5.348786948e-18
-1.000000000e-02	1.711152639e+01	1.694432092e-03	5.599230413e-18
-1.010000000e-02	1.711152696e+01	1.476460637e-03	4.099711564e-18
-1.020000000e-02	1.711152753e+01	1.258489185e-03	3.759119743e-18
-1.030000000e-02	1.711152810e+01	1.040517742e-03	6.828601361e-18
-1.040000000e-02	1.711152868e+01	8.225463223e-04	5.233048188e-18
-1.050000000e-02	1.711152926e+01	6.045749012e-04	4.129531278e-18
-1.060000000e-02	1.711152985e+01	3.866034988e-04	6.680317806e-18
-1.070000000e-02	1.711153043e+01	1.686321026e-04	6.437131571e-18
-1.080000000e-02	1.711153102e+01	-4.933928752e-05	5.927075360e-18
-1.090000000e-02	1.711153161e+01	-2.673106583e-04	3.935405409e-18
-1.100000000e-02	1.711153221e+01	-4.852820283e-04	6.366342996e-18
-1.110000000e-02	1.711153280e+01	-7.032533725e-04	3.833484972e-18
-1.120000000e-02	1.711153340e+01	-9.212247138e-04	3.709779618e-18
-1.130000000e-02	1.711153400e+01	-1.139196042e-03	2.163711749e-18
-1.140000000e-02	1.711153461e+01	-1.357167359e-03	3.330319075e-18
-1.150000000e-02	1.711153522e+01	-1.575138663e-03	3.470920588e-18
-1.160000000e-02	1.711153583e+01	-1.793109957e-03	2.876293812e-18
-1.170000000e-02	1.711153644e+01	-2.011081238e-03	3.920296016e-18
-1.180000000e-02	1.711153706e+01	-2.229052514e-03	7.661407887e-18
-1.190000000e-02	1.711153768e+01	-2.447023770e-03	5.724289243e-18
-1.200000000e-02	1.711153830e+01	-2.664995011e-03	3.812067492e-18
-1.210000000e-02	1.711153893e+01	-2.882966246e-03	5.314043331e-18
-1.220000000e-02	1.711153955e+01	-3.100937464e-03	4.855490201e-18
-1.230000000e-02	1.711154018e+01	-3.318908667e-03	4.037169777e-18
-1.240000000e-02	1.711154082e+01	-3.536879864e-03	3.683282964e-18
-1.250000000e-02	1.711154145e+01	-3.754851048e-03	3.050031946e-18
-1.260000000e-02	1.711154209e+01	-3.972822214e-03	5.136549607e-18
-1.270000000e-02	1.711154273e+01	-4.190793373e-03	4.921144555e-18
-1.280000000e-02	1.711154338e+01	-4.408764515e-03	5.486755953e-18
-1.290000000e-02	1.711154402e+01	-4.626735643e-03	4.340843717e-18
-1.300000000e-02	1.711154467e+01	-4.844706757e-03	3.299558813e-18
-1.310000000e-02	1.711154533e+01	-5.062677863e-03	6.661824096e-18
-1.320000000e-02	1.711154598e+01	-5.280648946e-03	4.330452886e-18
-1.330000000e-02	1.711154664e+01	-5.498620024e-03	5.665134649e-18
-1.340000000e-02	1.711154730e+01	-5.716591087e-03	6.987268286e-18
-1.350000000e-02	1.711154796e+01	-5.934562131e-03	3.937497345e-18
-1.360000000e-02	1.711154863e+01	-6.152533170e-03	4.988357049e-18
-1.370000000e-02	1.711154930e+01	-6.370504182e-03	5.308566325e-18
-1.380000000e-02	1.711154997e+01	-6.588475192e-03	3.683967626e-18
-1.390000000e-02	1.711155065e+01	-6.806446184e-03	3.739483603e-18
-1.400000000e-02	1.711155132e+01	-7.024417161e-03	5.389569656e-18
-1.410000000e-02	1.711155200e+01	-7.242388123e-03	4.130811646e-18
-1.420000000e-02	1.711155269e+01	-7.460359071e-03	4.707181891e-18
-1.430000000e-02	1.711155337e+01	-7.678329998e-03	5.322807879e-18
-1.440000000e-02	1.711155406e+01	-7.896300918e-03	4.329973634e-18
-1.450000000e-02	1.711155475e+01	-8.114271825e-03	4.583515982e-18
-1.460000000e-02	1.711155545e+01	-8.332242713e-03	5.021251201e-18
-1.470000000e-02	1.711155614e+01	-8.550213581e-03	2.862624918e-18
-1.480000000e-02	1.711155684e+01	-8.768184440e-03	3.399005954e-18
-1.490000000e-02	1.711155755e+01	-8.986155280e-03	4.206143643e-18
-1.500000000e-02	1.711155825e+01	-9.204126112e-03	6.534699225e-18
-1.510000000e-02	1.711155896e+01	-9.422096920e-03	4.023444084e-18
-1.520000000e-02	1.711155967e+01	-9.640067716e-03	3.921417636e-18
-1.530000000e-02	1.711156038e+01	-9.858038494e-03	3.614220257e-18
-1.540000000e-02	1.711156110e+01	-1.007600926e-02	4.966561240e-18
-1.550000000e-02	1.711156182e+01	-1.029398001e-02	5.055201424e-18
-1.560000000e-02	1.711156254e+01	-1.051195074e-02	7.242650458e-18
-1.570000000e-02	1.711156327e+01	-1.072992146e-02	6.000642165e-18
-1.580000000e-02	1.711156399e+01	-1.094789216e-02	6.446760860e-18
-1.590000000e-02	1.711156472e+01	-1.116586284e-02	4.277894885e-18
-1.600000000e-02	1.711156546e+01	-1.138383350e-02	5.088328964e-18
-1.610000000e-02	1.711156619e+01	-1.160180415e-02	5.072712627e-18
-1.620000000e-02	1.711156693e+01	-1.181977478e-02	7.768394641e-18
-1.630000000e-02	1.711156767e+01	-1.203774540e-02	7.903258693e-18
-1.640000000e-02	1.711156842e+01	-1.225571600e-02	6.640738940e-18
-1.650000000e-02	1.711156916e+01	-1.247368658e-02	5.461772716e-18
-1.660000000e-02	1.711156991e+01	-1.269165715e-02	1.531551296e-18
-1.670000000e-02	1.711157067e+01	-1.290962769e-02	4.852060288e-18
-1.680000000e-02	1.711157142e+01	-1.312759822e-02	4.506971678e-18
-1.690000000e-02	1.711157218e+01	-1.334556874e-02	4.479741745e-18
-1.700000000e-02	1.711157294e+01	-1.356353923e-02	5.231804637e-18
-1.710000000e-02	1.711157370e+01	-1.378150970e-02	6.328295932e-18
-1.720000000e-02	1.711157447e+01	-1.399948017e-02	7.032639864e-18
-1.730000000e-02	1.711157524e+01	-1.421745061e-02	4.166870697e-18
-1.740000000e-02	1.711157601e+01	-1.443542103e-02	3.812985530e-18
-1.750000000e-02	1.711157679e+01	-1.465339144e-02	6.635507594e-18
-1.760000000e-02	1.711157756e+01	-1.487136182e-02	5.377936762e-18
-1.770000000e-02	1.711157834e+01	-1.508933219e-02	4.433323919e-18
-1.780000000e-02	1.711157913e+01	-1.530730254e-02	5.476069912e-18
-1.790000000e-02	1.711157991e+01	-1.552527288e-02	6.166976079e-18
-1.800000000e-02	1.711158070e+01	-1.574324319e-02	4.443548012e-18
-1.810000000e-02	1.711158149e+01	-1.596121349e-02	6.130507878e-18
-1.820000000e-02	1.711158229e+01	-1.617918376e-02	5.095748430e-18
-1.830000000e-02	1.711158308e+01	-1.639715402e-02	5.960461315e-18
-1.840000000e-02	1.711158388e+01	-1.661512425e-02	5.819913658e-18
-1.850000000e-02	1.711158468e+01	-1.683309447e-02	4.137836880e-18
-1.860000000e-02	1.711158549e+01	-1.705106467e-02	3.353809722e-18
-1.870000000e-02	1.711158630e+01	-1.726903485e-02	4.640150009e-18
-1.880000000e-02	1.711158711e+01	-1.748700501e-02	4.079456143e-18
-1.890000000e-02	1.711158792e+01	-1.770497515e-02	6.086846000e-18
-1.900000000e-02	1.711158874e+01	-1.792294528e-02	6.655058529e-18
-1.910000000e-02	1.711158956e+01	-1.814091538e-02	7.527910195e-18
-1.920000000e-02	1.711159038e+01	-1.835888546e-02	4.124260290e-18
-1.930000000e-02	1.711159120e+01	-1.857685551e-02	3.102343365e-18
-1.940000000e-02	1.711159203e+01	-1.879482556e-02	4.174374993e-18
-1.950000000e-02	1.711159286e+01	-1.901279558e-02	5.991879691e-18
-1.960000000e-02	1.711159370e+01	-1.923076558e-02	4.779719729e-18
-1.970000000e-02	1.711159453e+01	-1.944873556e-02	1.885850262e-18
-1.980000000e-02	1.711159537e+01	-1.966670552e-02	2.949054915e-18
-1.990000000e-02	1.711159621e+01	-1.988467545e-02	4.701333813e-18
-2.000000000e-02	1.711159705e+01	-2.010264537e-02	4.031766948e-18
-2.010000000e-02	1.711159790e+01	-2.032061527e-02	1.969181098e-18
-2.020000000e-02	1.711159875e+01	-2.053858514e-02	3.407114435e-18
-2.030000000e-02	1.711159960e+01	-2.075655500e-02	4.116423238e-18
-2.040000000e-02	1.711160046e+01	-2.097452483e-02	5.533102572e-18
-2.050000000e-02	1.711160132e+01	-2.119249465e-02	5.558029318e-18
-2.060000000e-02	1.711160218e+01	-2.141046443e-02	4.100960421e-18
-2.070000000e-02	1.711160304e+01	-2.162843420e-02	2.946132697e-18
-2.080000000e-02	1.711160391e+01	-2.184640395e-02	5.642930237e-18
-2.090000000e-02	1.711160478e+01	-2.206437368e-02	2.284433847e-18
-2.100000000e-02	1.711160565e+01	-2.228234338e-02	5.995406146e-18
-2.110000000e-02	1.711160652e+01	-2.250031307e-02	3.873130264e-18
-2.120000000e-02	1.711160740e+01	-2.271828273e-02	3.874181957e-18
-2.130000000e-02	1.711160828e+01	-2.293625236e-02	7.602029387e-18
-2.140000000e-02	1.711160916e+01	-2.315422198e-02	3.748738074e-18
-2.150000000e-02	1.711161005e+01	-2.337219157e-02	3.795693434e-18
-2.160000000e-02	1.711161094e+01	-2.359016114e-02	2.684222629e-18
-2.170000000e-02	1.711161183e+01	-2.380813069e-02	3.656673440e-18
-2.180000000e-02	1.711161272e+01	-2.402610022e-02	4.549858603e-18
-2.190000000e-02	1.711161362e+01	-2.424406972e-02	4.313641769e-18
-2.200000000e-02	1.711161452e+01	-2.446203921e-02	5.858195663e-18
-2.210000000e-02	1.711161542e+01	-2.468000866e-02	4.546551169e-18
-2.220000000e-02	1.711161633e+01	-2.489797809e-02	5.086924644e-18
-2.230000000e-02	1.711161724e+01	-2.511594750e-02	4.832676032e-18
-2.240000000e-02	1.711161815e+01	-2.533391689e-02	3.107672148e-18
-2.250000000e-02	1.711161906e+01	-2.555188626e-02	3.693496161e-18
-2.260000000e-02	1.711161998e+01	-2.576985560e-02	6.278841663e-18
-2.270000000e-02	1.711162090e+01	-2.598782491e-02	6.044676600e-18
-2.280000000e-02	1.711162182e+01	-2.620579420e-02	4.518254862e-18
-2.290000000e-02	1.711162274e+01	-2.642376348e-02	6.276187598e-18
-2.300000000e-02	1.711162367e+01	-2.664173272e-02	3.315230013e-18
-2.310000000e-02	1.711162460e+01	-2.685970194e-02	4.751836745e-18
-2.320000000e-02	1.711162553e+01	-2.707767114e-02	6.017810524e-18
-2.330000000e-02	1.711162647e+01	-2.729564031e-02	4.464136888e-18
-2.340000000e-02	1.711162741e+01	-2.751360946e-02	3.914349463e-18
-2.350000000e-02	1.711162835e+01	-2.773157858e-02	5.654925061e-18
-2.360000000e-02	1.711162929e+01	-2.794954768e-02	4.559477144e-18
-2.370000000e-02	1.711163024e+01	-2.816751676e-02	3.145305032e-18
-2.380000000e-02	1.711163119e+01	-2.838548580e-02	7.977854999e-18
-2.390000000e-02	1.711163214e+01	-2.860345483e-02	4.706665885e-18
-2.400000000e-02	1.711163310e+01	-2.882142383e-02	1.930103008e-18
-2.410000000e-02	1.711163405e+01	-2.903939281e-02	3.859992646e-18
-2.420000000e-02	1.711163501e+01	-2.925736175e-02	5.379694320e-18
-2.430000000e-02	1.711163598e+01	-2.947533068e-02	3.845921385e-18
-2.440000000e-02	1.711163694e+01	-2.969329957e-02	3.980099729e-18
-2.450000000e-02	1.711163791e+01	-2.991126845e-02	3.130224794e-18
-2.460000000e-02	1.711163889e+01	-3.012923730e-02	3.163014604e-18
-2.470000000e-02	1.711163986e+01	-3.034720612e-02	5.751474845e-18
-2.480000000e-02	1.711164084e+01	-3.056517491e-02	4.107655463e-18
-2.490000000e-02	1.711164182e+01	-3.078314369e-02	5.968548569e-18
-2.500000000e-02	1.711164280e+01	-3.100111243e-02	6.561477001e-18
