# Im(epsi1)     Re(Lambda)      Im(Lambda)      Eq(det).Opt det SIN kz, R=0.5 \mum, Re(epsi1)=4.90solve_det_sinkz_vs_mu.py
0.000000000e+00	2.275448307e+01	5.857472482e-02	4.926413189e-19
-1.000000000e-04	2.275448356e+01	5.828532287e-02	7.153993442e-19
-2.000000000e-04	2.275448406e+01	5.799592093e-02	5.558333851e-19
-3.000000000e-04	2.275448456e+01	5.770651898e-02	1.026683999e-18
-4.000000000e-04	2.275448506e+01	5.741711702e-02	9.103469056e-19
-5.000000000e-04	2.275448556e+01	5.712771506e-02	7.290220182e-19
-6.000000000e-04	2.275448607e+01	5.683831311e-02	6.941780352e-19
-7.000000000e-04	2.275448658e+01	5.654891115e-02	8.671254675e-19
-8.000000000e-04	2.275448710e+01	5.625950920e-02	4.333568211e-19
-9.000000000e-04	2.275448762e+01	5.597010724e-02	6.027696017e-19
-1.000000000e-03	2.275448814e+01	5.568070529e-02	1.080527309e-18
-1.100000000e-03	2.275448867e+01	5.539130333e-02	7.350175749e-19
-1.200000000e-03	2.275448920e+01	5.510190137e-02	9.638071467e-19
-1.300000000e-03	2.275448974e+01	5.481249942e-02	1.234605950e-18
-1.400000000e-03	2.275449028e+01	5.452309746e-02	6.557809769e-19
-1.500000000e-03	2.275449082e+01	5.423369550e-02	8.652238128e-19
-1.600000000e-03	2.275449137e+01	5.394429355e-02	6.732437412e-19
-1.700000000e-03	2.275449191e+01	5.365489159e-02	5.854232579e-19
-1.800000000e-03	2.275449247e+01	5.336548964e-02	1.177776565e-18
-1.900000000e-03	2.275449302e+01	5.307608768e-02	7.432579650e-19
-2.000000000e-03	2.275449359e+01	5.278668573e-02	5.949916639e-19
-2.100000000e-03	2.275449415e+01	5.249728378e-02	8.540894533e-19
-2.200000000e-03	2.275449472e+01	5.220788183e-02	1.253391176e-18
-2.300000000e-03	2.275449529e+01	5.191847988e-02	9.356809133e-19
-2.400000000e-03	2.275449587e+01	5.162907793e-02	9.652087603e-19
-2.500000000e-03	2.275449644e+01	5.133967599e-02	8.810077341e-19
-2.600000000e-03	2.275449703e+01	5.105027404e-02	1.323302082e-18
-2.700000000e-03	2.275449761e+01	5.076087210e-02	9.634559392e-19
-2.800000000e-03	2.275449820e+01	5.047147016e-02	1.379143358e-18
-2.900000000e-03	2.275449880e+01	5.018206822e-02	1.223360040e-18
-3.000000000e-03	2.275449939e+01	4.989266629e-02	9.841079432e-19
-3.100000000e-03	2.275450000e+01	4.960326436e-02	1.098000236e-18
-3.200000000e-03	2.275450060e+01	4.931386243e-02	8.066815992e-19
-3.300000000e-03	2.275450121e+01	4.902446050e-02	5.169368432e-19
-3.400000000e-03	2.275450182e+01	4.873505858e-02	5.487587350e-19
-3.500000000e-03	2.275450244e+01	4.844565666e-02	1.591959219e-18
-3.600000000e-03	2.275450306e+01	4.815625474e-02	1.205398329e-18
-3.700000000e-03	2.275450368e+01	4.786685283e-02	1.037245116e-18
-3.800000000e-03	2.275450431e+01	4.757745092e-02	6.887634817e-19
-3.900000000e-03	2.275450494e+01	4.728804902e-02	1.180520581e-18
-4.000000000e-03	2.275450557e+01	4.699864712e-02	9.091618594e-19
-4.100000000e-03	2.275450621e+01	4.670924522e-02	1.319345741e-18
-4.200000000e-03	2.275450685e+01	4.641984332e-02	5.566801156e-19
-4.300000000e-03	2.275450750e+01	4.613044143e-02	4.890412868e-19
-4.400000000e-03	2.275450815e+01	4.584103955e-02	1.003624018e-18
-4.500000000e-03	2.275450880e+01	4.555163767e-02	1.081884707e-18
-4.600000000e-03	2.275450945e+01	4.526223579e-02	5.475702734e-19
-4.700000000e-03	2.275451011e+01	4.497283392e-02	1.120158436e-18
-4.800000000e-03	2.275451078e+01	4.468343206e-02	7.960804923e-19
-4.900000000e-03	2.275451145e+01	4.439403020e-02	1.357430653e-18
-5.000000000e-03	2.275451212e+01	4.410462834e-02	1.090206940e-18
-5.100000000e-03	2.275451279e+01	4.381522649e-02	5.841206417e-19
-5.200000000e-03	2.275451347e+01	4.352582464e-02	7.309663238e-19
-5.300000000e-03	2.275451415e+01	4.323642281e-02	9.419124425e-19
-5.400000000e-03	2.275451484e+01	4.294702097e-02	6.860168506e-19
-5.500000000e-03	2.275451553e+01	4.265761915e-02	6.181604348e-19
-5.600000000e-03	2.275451622e+01	4.236821733e-02	8.720724887e-19
-5.700000000e-03	2.275451692e+01	4.207881552e-02	1.119307175e-18
-5.800000000e-03	2.275451762e+01	4.178941370e-02	6.924105189e-19
-5.900000000e-03	2.275451832e+01	4.150001190e-02	8.716458978e-19
-6.000000000e-03	2.275451903e+01	4.121061011e-02	8.829499017e-19
-6.100000000e-03	2.275451974e+01	4.092120832e-02	5.622574576e-19
-6.200000000e-03	2.275452046e+01	4.063180654e-02	7.698470303e-19
-6.300000000e-03	2.275452118e+01	4.034240476e-02	7.023618375e-19
-6.400000000e-03	2.275452190e+01	4.005300299e-02	1.115460066e-18
-6.500000000e-03	2.275452262e+01	3.976360124e-02	9.277421449e-19
-6.600000000e-03	2.275452335e+01	3.947419949e-02	7.401592636e-19
-6.700000000e-03	2.275452409e+01	3.918479774e-02	9.261444328e-19
-6.800000000e-03	2.275452483e+01	3.889539601e-02	9.761294982e-19
-6.900000000e-03	2.275452557e+01	3.860599427e-02	8.336176935e-19
-7.000000000e-03	2.275452631e+01	3.831659256e-02	5.833512579e-19
-7.100000000e-03	2.275452706e+01	3.802719084e-02	7.013508903e-19
-7.200000000e-03	2.275452781e+01	3.773778913e-02	7.715949067e-19
-7.300000000e-03	2.275452857e+01	3.744838744e-02	7.223693994e-19
-7.400000000e-03	2.275452933e+01	3.715898575e-02	8.603875634e-19
-7.500000000e-03	2.275453009e+01	3.686958408e-02	1.230800584e-18
-7.600000000e-03	2.275453086e+01	3.658018241e-02	1.040394443e-18
-7.700000000e-03	2.275453163e+01	3.629078075e-02	6.529379264e-19
-7.800000000e-03	2.275453240e+01	3.600137910e-02	9.995128569e-19
-7.900000000e-03	2.275453318e+01	3.571197746e-02	8.440342240e-19
-8.000000000e-03	2.275453396e+01	3.542257583e-02	6.541293888e-19
-8.100000000e-03	2.275453475e+01	3.513317420e-02	1.036274971e-18
-8.200000000e-03	2.275453553e+01	3.484377259e-02	6.057954964e-19
-8.300000000e-03	2.275453633e+01	3.455437099e-02	3.407366176e-19
-8.400000000e-03	2.275453712e+01	3.426496939e-02	7.717755951e-19
-8.500000000e-03	2.275453792e+01	3.397556781e-02	5.014021378e-19
-8.600000000e-03	2.275453873e+01	3.368616624e-02	9.071174581e-19
-8.700000000e-03	2.275453953e+01	3.339676468e-02	1.623619712e-18
-8.800000000e-03	2.275454034e+01	3.310736313e-02	6.488862809e-19
-8.900000000e-03	2.275454116e+01	3.281796159e-02	5.822240085e-19
-9.000000000e-03	2.275454198e+01	3.252856006e-02	7.821151484e-19
-9.100000000e-03	2.275454280e+01	3.223915854e-02	8.728847847e-19
-9.200000000e-03	2.275454363e+01	3.194975703e-02	7.763720641e-19
-9.300000000e-03	2.275454445e+01	3.166035554e-02	5.655671888e-19
-9.400000000e-03	2.275454529e+01	3.137095405e-02	1.244974132e-18
-9.500000000e-03	2.275454612e+01	3.108155258e-02	1.024541327e-18
-9.600000000e-03	2.275454696e+01	3.079215112e-02	7.803607017e-19
-9.700000000e-03	2.275454781e+01	3.050274967e-02	7.629817000e-19
-9.800000000e-03	2.275454866e+01	3.021334823e-02	6.021558709e-19
-9.900000000e-03	2.275454951e+01	2.992394681e-02	8.137322477e-19
-1.000000000e-02	2.275455036e+01	2.963454540e-02	1.104252404e-18
-1.010000000e-02	2.275455122e+01	2.934514400e-02	4.497403024e-19
-1.020000000e-02	2.275455208e+01	2.905574260e-02	9.472937411e-19
-1.030000000e-02	2.275455295e+01	2.876634123e-02	6.854567077e-19
-1.040000000e-02	2.275455382e+01	2.847693987e-02	8.964184114e-19
-1.050000000e-02	2.275455469e+01	2.818753852e-02	6.492199135e-19
-1.060000000e-02	2.275455557e+01	2.789813719e-02	6.322400629e-19
-1.070000000e-02	2.275455645e+01	2.760873586e-02	1.197422377e-18
-1.080000000e-02	2.275455734e+01	2.731933455e-02	6.477571103e-19
-1.090000000e-02	2.275455822e+01	2.702993326e-02	1.151659228e-18
-1.100000000e-02	2.275455912e+01	2.674053197e-02	8.329093910e-19
-1.110000000e-02	2.275456001e+01	2.645113071e-02	1.156018880e-18
-1.120000000e-02	2.275456091e+01	2.616172945e-02	1.127402845e-18
-1.130000000e-02	2.275456181e+01	2.587232821e-02	1.085372253e-18
-1.140000000e-02	2.275456272e+01	2.558292699e-02	1.008650746e-18
-1.150000000e-02	2.275456363e+01	2.529352578e-02	9.125627180e-19
-1.160000000e-02	2.275456454e+01	2.500412458e-02	7.776372563e-19
-1.170000000e-02	2.275456546e+01	2.471472340e-02	7.887002398e-19
-1.180000000e-02	2.275456638e+01	2.442532223e-02	1.025151673e-18
-1.190000000e-02	2.275456731e+01	2.413592107e-02	7.090098582e-19
-1.200000000e-02	2.275456824e+01	2.384651994e-02	1.083393077e-18
-1.210000000e-02	2.275456917e+01	2.355711882e-02	9.504645357e-19
-1.220000000e-02	2.275457011e+01	2.326771772e-02	8.243705783e-19
-1.230000000e-02	2.275457105e+01	2.297831662e-02	1.541697783e-18
-1.240000000e-02	2.275457199e+01	2.268891555e-02	8.717004100e-19
-1.250000000e-02	2.275457294e+01	2.239951449e-02	4.142430201e-19
-1.260000000e-02	2.275457389e+01	2.211011344e-02	6.830688695e-19
-1.270000000e-02	2.275457484e+01	2.182071241e-02	2.969830109e-19
-1.280000000e-02	2.275457580e+01	2.153131140e-02	8.436839815e-19
-1.290000000e-02	2.275457676e+01	2.124191041e-02	9.857373517e-19
-1.300000000e-02	2.275457773e+01	2.095250943e-02	5.403778848e-19
-1.310000000e-02	2.275457870e+01	2.066310846e-02	8.329547341e-19
-1.320000000e-02	2.275457967e+01	2.037370752e-02	1.048612566e-18
-1.330000000e-02	2.275458065e+01	2.008430660e-02	1.082718902e-18
-1.340000000e-02	2.275458163e+01	1.979490569e-02	1.026079287e-18
-1.350000000e-02	2.275458261e+01	1.950550479e-02	1.212342018e-18
-1.360000000e-02	2.275458360e+01	1.921610391e-02	7.505941893e-19
-1.370000000e-02	2.275458459e+01	1.892670305e-02	8.160721121e-19
-1.380000000e-02	2.275458558e+01	1.863730221e-02	7.634131170e-19
-1.390000000e-02	2.275458658e+01	1.834790139e-02	5.719869025e-19
-1.400000000e-02	2.275458758e+01	1.805850058e-02	1.119831054e-18
-1.410000000e-02	2.275458859e+01	1.776909980e-02	5.874302026e-19
-1.420000000e-02	2.275458960e+01	1.747969903e-02	6.763642366e-19
-1.430000000e-02	2.275459061e+01	1.719029828e-02	7.170455140e-19
-1.440000000e-02	2.275459163e+01	1.690089754e-02	8.157739354e-19
-1.450000000e-02	2.275459265e+01	1.661149683e-02	9.971934266e-19
-1.460000000e-02	2.275459368e+01	1.632209613e-02	1.210532672e-18
-1.470000000e-02	2.275459470e+01	1.603269546e-02	6.599914601e-19
-1.480000000e-02	2.275459574e+01	1.574329480e-02	5.838338721e-19
-1.490000000e-02	2.275459677e+01	1.545389416e-02	4.133144717e-19
-1.500000000e-02	2.275459781e+01	1.516449354e-02	6.892620236e-19
-1.510000000e-02	2.275459885e+01	1.487509295e-02	3.933418378e-19
-1.520000000e-02	2.275459990e+01	1.458569236e-02	1.319029401e-18
-1.530000000e-02	2.275460095e+01	1.429629180e-02	6.170887406e-19
-1.540000000e-02	2.275460200e+01	1.400689127e-02	8.088908905e-19
-1.550000000e-02	2.275460306e+01	1.371749074e-02	8.253828135e-19
-1.560000000e-02	2.275460412e+01	1.342809024e-02	7.586564153e-19
-1.570000000e-02	2.275460519e+01	1.313868977e-02	1.101790157e-18
-1.580000000e-02	2.275460626e+01	1.284928931e-02	6.152065956e-19
-1.590000000e-02	2.275460733e+01	1.255988887e-02	1.324862963e-18
-1.600000000e-02	2.275460840e+01	1.227048845e-02	1.151182403e-18
-1.610000000e-02	2.275460948e+01	1.198108805e-02	1.215047451e-18
-1.620000000e-02	2.275461057e+01	1.169168768e-02	1.153686595e-18
-1.630000000e-02	2.275461165e+01	1.140228732e-02	1.476042453e-18
-1.640000000e-02	2.275461274e+01	1.111288699e-02	1.473859421e-18
-1.650000000e-02	2.275461384e+01	1.082348668e-02	7.980994113e-19
-1.660000000e-02	2.275461494e+01	1.053408639e-02	1.227776036e-18
-1.670000000e-02	2.275461604e+01	1.024468611e-02	7.298412082e-19
-1.680000000e-02	2.275461714e+01	9.955285867e-03	7.931700441e-19
-1.690000000e-02	2.275461825e+01	9.665885646e-03	7.470637626e-19
-1.700000000e-02	2.275461937e+01	9.376485442e-03	9.007206369e-19
-1.710000000e-02	2.275462048e+01	9.087085256e-03	9.394994840e-19
-1.720000000e-02	2.275462160e+01	8.797685105e-03	1.143969968e-18
-1.730000000e-02	2.275462273e+01	8.508284966e-03	8.011985852e-19
-1.740000000e-02	2.275462385e+01	8.218884857e-03	8.904846308e-19
-1.750000000e-02	2.275462498e+01	7.929484763e-03	8.647767983e-19
-1.760000000e-02	2.275462612e+01	7.640084697e-03	7.232051483e-19
-1.770000000e-02	2.275462726e+01	7.350684651e-03	9.263863221e-19
-1.780000000e-02	2.275462840e+01	7.061284629e-03	7.852577977e-19
-1.790000000e-02	2.275462955e+01	6.771884630e-03	7.471780927e-19
-1.800000000e-02	2.275463069e+01	6.482484658e-03	7.976493610e-19
-1.810000000e-02	2.275463185e+01	6.193084708e-03	1.265919436e-18
-1.820000000e-02	2.275463300e+01	5.903684780e-03	1.138930744e-18
-1.830000000e-02	2.275463417e+01	5.614284880e-03	6.370268096e-19
-1.840000000e-02	2.275463533e+01	5.324885000e-03	1.069901673e-18
-1.850000000e-02	2.275463650e+01	5.035485148e-03	8.123035129e-19
-1.860000000e-02	2.275463767e+01	4.746085317e-03	7.505482108e-19
-1.870000000e-02	2.275463884e+01	4.456685514e-03	8.490914859e-19
-1.880000000e-02	2.275464002e+01	4.167285731e-03	3.953242633e-19
-1.890000000e-02	2.275464121e+01	3.877885974e-03	8.683529005e-19
-1.900000000e-02	2.275464239e+01	3.588486241e-03	9.209591835e-19
-1.910000000e-02	2.275464358e+01	3.299086533e-03	1.318415954e-18
-1.920000000e-02	2.275464478e+01	3.009686858e-03	7.276800486e-19
-1.930000000e-02	2.275464597e+01	2.720287202e-03	8.184058131e-19
-1.940000000e-02	2.275464717e+01	2.430887574e-03	1.199610516e-18
-1.950000000e-02	2.275464838e+01	2.141487966e-03	9.620582198e-19
-1.960000000e-02	2.275464959e+01	1.852088394e-03	8.678003423e-19
-1.970000000e-02	2.275465080e+01	1.562688836e-03	8.957800703e-19
-1.980000000e-02	2.275465202e+01	1.273289310e-03	1.191199814e-18
-1.990000000e-02	2.275465324e+01	9.838898082e-04	7.572756082e-19
-2.000000000e-02	2.275465446e+01	6.944903412e-04	9.557095741e-19
-2.010000000e-02	2.275465569e+01	4.050908902e-04	1.049501397e-18
-2.020000000e-02	2.275465692e+01	1.156914659e-04	8.062168420e-19
-2.030000000e-02	2.275465815e+01	-1.737079221e-04	7.447827781e-19
-2.040000000e-02	2.275465939e+01	-4.631072912e-04	8.465889085e-19
-2.050000000e-02	2.275466063e+01	-7.525066365e-04	1.081188941e-18
-2.060000000e-02	2.275466187e+01	-1.041905948e-03	1.037224235e-18
-2.070000000e-02	2.275466312e+01	-1.331305233e-03	9.204058156e-19
-2.080000000e-02	2.275466438e+01	-1.620704491e-03	8.425672128e-19
-2.090000000e-02	2.275466563e+01	-1.910103722e-03	7.044666743e-19
-2.100000000e-02	2.275466689e+01	-2.199502919e-03	9.171846271e-19
-2.110000000e-02	2.275466816e+01	-2.488902098e-03	1.082016360e-18
-2.120000000e-02	2.275466942e+01	-2.778301244e-03	6.721362906e-19
-2.130000000e-02	2.275467069e+01	-3.067700367e-03	1.281434224e-18
-2.140000000e-02	2.275467197e+01	-3.357099453e-03	4.291213843e-19
-2.150000000e-02	2.275467325e+01	-3.646498518e-03	9.004861509e-19
-2.160000000e-02	2.275467453e+01	-3.935897551e-03	8.752269578e-19
-2.170000000e-02	2.275467581e+01	-4.225296552e-03	6.208930672e-19
-2.180000000e-02	2.275467710e+01	-4.514695530e-03	8.918098791e-19
-2.190000000e-02	2.275467840e+01	-4.804094474e-03	5.485155184e-19
-2.200000000e-02	2.275467969e+01	-5.093493391e-03	7.304931483e-19
-2.210000000e-02	2.275468099e+01	-5.382892285e-03	7.728076646e-19
-2.220000000e-02	2.275468230e+01	-5.672291144e-03	1.048447491e-18
-2.230000000e-02	2.275468361e+01	-5.961689966e-03	1.077332638e-18
-2.240000000e-02	2.275468492e+01	-6.251088769e-03	1.071785839e-18
-2.250000000e-02	2.275468623e+01	-6.540487541e-03	3.389994781e-19
-2.260000000e-02	2.275468755e+01	-6.829886280e-03	7.980184355e-19
-2.270000000e-02	2.275468887e+01	-7.119284986e-03	9.330947982e-19
-2.280000000e-02	2.275469020e+01	-7.408683673e-03	1.239712823e-18
-2.290000000e-02	2.275469153e+01	-7.698082315e-03	5.468388393e-19
-2.300000000e-02	2.275469286e+01	-7.987480938e-03	9.704582130e-19
-2.310000000e-02	2.275469420e+01	-8.276879524e-03	1.186394623e-18
-2.320000000e-02	2.275469554e+01	-8.566278084e-03	8.816305614e-19
-2.330000000e-02	2.275469689e+01	-8.855676604e-03	1.184224720e-18
-2.340000000e-02	2.275469823e+01	-9.145075098e-03	7.063505715e-19
-2.350000000e-02	2.275469959e+01	-9.434473569e-03	1.140525603e-18
-2.360000000e-02	2.275470094e+01	-9.723871996e-03	1.308563998e-18
-2.370000000e-02	2.275470230e+01	-1.001327040e-02	5.029908529e-19
-2.380000000e-02	2.275470366e+01	-1.030266877e-02	4.427201621e-19
-2.390000000e-02	2.275470503e+01	-1.059206711e-02	1.225429772e-18
-2.400000000e-02	2.275470640e+01	-1.088146541e-02	1.032857948e-18
-2.410000000e-02	2.275470778e+01	-1.117086368e-02	8.271159722e-19
-2.420000000e-02	2.275470915e+01	-1.146026192e-02	1.313289040e-18
-2.430000000e-02	2.275471053e+01	-1.174966013e-02	1.019783552e-18
-2.440000000e-02	2.275471192e+01	-1.203905831e-02	8.890975292e-19
-2.450000000e-02	2.275471331e+01	-1.232845645e-02	9.160655485e-19
-2.460000000e-02	2.275471470e+01	-1.261785457e-02	1.373271146e-18
-2.470000000e-02	2.275471610e+01	-1.290725264e-02	9.138521559e-19
-2.480000000e-02	2.275471750e+01	-1.319665069e-02	7.289551777e-19
-2.490000000e-02	2.275471890e+01	-1.348604870e-02	1.177474107e-18
-2.500000000e-02	2.275472031e+01	-1.377544667e-02	7.530841411e-19
