# Im(epsi1)     Re(Lambda)      Im(Lambda)      Eq(det).Opt det SIN kz, R=0.5 \mum, Re(epsi1)=4.90solve_det_sinkz_vs_mu.py
0.000000000e+00	1.988262488e+01	3.762371350e-02	1.643263265e-18
-1.000000000e-04	1.988262527e+01	3.737058057e-02	2.141569056e-18
-2.000000000e-04	1.988262566e+01	3.711744763e-02	2.209921971e-18
-3.000000000e-04	1.988262605e+01	3.686431469e-02	1.216927625e-18
-4.000000000e-04	1.988262645e+01	3.661118176e-02	2.013217870e-18
-5.000000000e-04	1.988262684e+01	3.635804882e-02	2.160117075e-18
-6.000000000e-04	1.988262725e+01	3.610491588e-02	1.487479889e-18
-7.000000000e-04	1.988262765e+01	3.585178294e-02	1.781847198e-18
-8.000000000e-04	1.988262806e+01	3.559865000e-02	1.383556961e-18
-9.000000000e-04	1.988262847e+01	3.534551707e-02	2.444495794e-18
-1.000000000e-03	1.988262889e+01	3.509238413e-02	1.913206514e-18
-1.100000000e-03	1.988262930e+01	3.483925119e-02	3.013074387e-18
-1.200000000e-03	1.988262973e+01	3.458611826e-02	2.148458899e-18
-1.300000000e-03	1.988263015e+01	3.433298532e-02	2.032877665e-18
-1.400000000e-03	1.988263058e+01	3.407985239e-02	1.614790155e-18
-1.500000000e-03	1.988263101e+01	3.382671945e-02	1.664731994e-18
-1.600000000e-03	1.988263144e+01	3.357358652e-02	2.203933212e-18
-1.700000000e-03	1.988263188e+01	3.332045359e-02	1.820066973e-18
-1.800000000e-03	1.988263232e+01	3.306732066e-02	1.702856916e-18
-1.900000000e-03	1.988263277e+01	3.281418773e-02	1.772473113e-18
-2.000000000e-03	1.988263321e+01	3.256105481e-02	1.388513215e-18
-2.100000000e-03	1.988263366e+01	3.230792188e-02	2.104424395e-18
-2.200000000e-03	1.988263412e+01	3.205478895e-02	1.877438738e-18
-2.300000000e-03	1.988263457e+01	3.180165604e-02	1.651306362e-18
-2.400000000e-03	1.988263503e+01	3.154852312e-02	2.498601380e-18
-2.500000000e-03	1.988263550e+01	3.129539020e-02	2.914685420e-18
-2.600000000e-03	1.988263596e+01	3.104225728e-02	1.741922405e-18
-2.700000000e-03	1.988263643e+01	3.078912437e-02	1.823129170e-18
-2.800000000e-03	1.988263691e+01	3.053599146e-02	1.687105899e-18
-2.900000000e-03	1.988263738e+01	3.028285856e-02	8.904999385e-19
-3.000000000e-03	1.988263786e+01	3.002972565e-02	2.062134896e-18
-3.100000000e-03	1.988263834e+01	2.977659275e-02	1.620622729e-18
-3.200000000e-03	1.988263883e+01	2.952345985e-02	2.022776245e-18
-3.300000000e-03	1.988263932e+01	2.927032695e-02	2.407214146e-18
-3.400000000e-03	1.988263981e+01	2.901719406e-02	2.575018875e-18
-3.500000000e-03	1.988264031e+01	2.876406117e-02	2.229176715e-18
-3.600000000e-03	1.988264081e+01	2.851092829e-02	1.365375121e-18
-3.700000000e-03	1.988264131e+01	2.825779541e-02	1.498171666e-18
-3.800000000e-03	1.988264181e+01	2.800466253e-02	1.062423667e-18
-3.900000000e-03	1.988264232e+01	2.775152966e-02	1.728740144e-18
-4.000000000e-03	1.988264283e+01	2.749839678e-02	3.015041031e-18
-4.100000000e-03	1.988264335e+01	2.724526392e-02	3.753242868e-18
-4.200000000e-03	1.988264386e+01	2.699213106e-02	1.079231067e-18
-4.300000000e-03	1.988264439e+01	2.673899820e-02	8.783982428e-19
-4.400000000e-03	1.988264491e+01	2.648586535e-02	3.114684535e-18
-4.500000000e-03	1.988264544e+01	2.623273250e-02	2.098202702e-18
-4.600000000e-03	1.988264597e+01	2.597959966e-02	1.873616514e-18
-4.700000000e-03	1.988264650e+01	2.572646682e-02	1.926893772e-18
-4.800000000e-03	1.988264704e+01	2.547333399e-02	3.102623838e-18
-4.900000000e-03	1.988264758e+01	2.522020116e-02	2.617426913e-18
-5.000000000e-03	1.988264813e+01	2.496706834e-02	1.690920002e-18
-5.100000000e-03	1.988264867e+01	2.471393552e-02	2.084608583e-18
-5.200000000e-03	1.988264922e+01	2.446080271e-02	2.237306877e-18
-5.300000000e-03	1.988264978e+01	2.420766990e-02	2.735250694e-18
-5.400000000e-03	1.988265033e+01	2.395453710e-02	1.804898649e-18
-5.500000000e-03	1.988265089e+01	2.370140431e-02	1.768700168e-18
-5.600000000e-03	1.988265146e+01	2.344827152e-02	2.036417760e-18
-5.700000000e-03	1.988265202e+01	2.319513874e-02	2.506890758e-18
-5.800000000e-03	1.988265259e+01	2.294200596e-02	1.602183768e-18
-5.900000000e-03	1.988265316e+01	2.268887319e-02	1.802120488e-18
-6.000000000e-03	1.988265374e+01	2.243574042e-02	1.303582057e-18
-6.100000000e-03	1.988265432e+01	2.218260766e-02	2.427872710e-18
-6.200000000e-03	1.988265490e+01	2.192947492e-02	1.279165258e-18
-6.300000000e-03	1.988265549e+01	2.167634217e-02	2.545160976e-18
-6.400000000e-03	1.988265608e+01	2.142320944e-02	1.495966900e-18
-6.500000000e-03	1.988265667e+01	2.117007671e-02	2.372234679e-18
-6.600000000e-03	1.988265726e+01	2.091694399e-02	2.032128600e-18
-6.700000000e-03	1.988265786e+01	2.066381127e-02	8.328671128e-19
-6.800000000e-03	1.988265846e+01	2.041067856e-02	1.514241456e-18
-6.900000000e-03	1.988265907e+01	2.015754587e-02	2.391002316e-18
-7.000000000e-03	1.988265968e+01	1.990441317e-02	9.698991172e-19
-7.100000000e-03	1.988266029e+01	1.965128049e-02	2.062687290e-18
-7.200000000e-03	1.988266090e+01	1.939814782e-02	2.618669892e-18
-7.300000000e-03	1.988266152e+01	1.914501515e-02	1.992864689e-18
-7.400000000e-03	1.988266214e+01	1.889188249e-02	1.140302393e-18
-7.500000000e-03	1.988266277e+01	1.863874984e-02	2.126187207e-18
-7.600000000e-03	1.988266340e+01	1.838561719e-02	2.052574692e-18
-7.700000000e-03	1.988266403e+01	1.813248456e-02	1.300417630e-18
-7.800000000e-03	1.988266466e+01	1.787935193e-02	7.875486872e-19
-7.900000000e-03	1.988266530e+01	1.762621931e-02	1.262590460e-18
-8.000000000e-03	1.988266594e+01	1.737308670e-02	2.556899416e-18
-8.100000000e-03	1.988266658e+01	1.711995411e-02	1.988398901e-18
-8.200000000e-03	1.988266723e+01	1.686682152e-02	1.745199532e-18
-8.300000000e-03	1.988266788e+01	1.661368894e-02	1.829703232e-18
-8.400000000e-03	1.988266853e+01	1.636055637e-02	1.974007261e-18
-8.500000000e-03	1.988266919e+01	1.610742380e-02	1.323848535e-18
-8.600000000e-03	1.988266985e+01	1.585429125e-02	1.474818109e-18
-8.700000000e-03	1.988267051e+01	1.560115871e-02	9.968461741e-19
-8.800000000e-03	1.988267118e+01	1.534802618e-02	2.009284929e-18
-8.900000000e-03	1.988267185e+01	1.509489366e-02	2.097800029e-18
-9.000000000e-03	1.988267252e+01	1.484176115e-02	7.477597348e-19
-9.100000000e-03	1.988267320e+01	1.458862865e-02	2.372026915e-18
-9.200000000e-03	1.988267387e+01	1.433549615e-02	1.638363117e-18
-9.300000000e-03	1.988267456e+01	1.408236368e-02	1.358637416e-18
-9.400000000e-03	1.988267524e+01	1.382923121e-02	2.335837349e-18
-9.500000000e-03	1.988267593e+01	1.357609874e-02	1.520368290e-18
-9.600000000e-03	1.988267662e+01	1.332296630e-02	1.969392631e-18
-9.700000000e-03	1.988267732e+01	1.306983386e-02	1.346384344e-18
-9.800000000e-03	1.988267802e+01	1.281670144e-02	1.932041860e-18
-9.900000000e-03	1.988267872e+01	1.256356902e-02	1.349660002e-18
-1.000000000e-02	1.988267942e+01	1.231043662e-02	1.824329105e-18
-1.010000000e-02	1.988268013e+01	1.205730423e-02	1.819233257e-18
-1.020000000e-02	1.988268084e+01	1.180417185e-02	3.119638460e-18
-1.030000000e-02	1.988268156e+01	1.155103948e-02	1.799202384e-18
-1.040000000e-02	1.988268228e+01	1.129790713e-02	2.292866848e-18
-1.050000000e-02	1.988268300e+01	1.104477478e-02	2.258593734e-18
-1.060000000e-02	1.988268372e+01	1.079164245e-02	1.713228445e-18
-1.070000000e-02	1.988268445e+01	1.053851013e-02	2.131756847e-18
-1.080000000e-02	1.988268518e+01	1.028537782e-02	2.942954676e-18
-1.090000000e-02	1.988268591e+01	1.003224553e-02	1.369270442e-18
-1.100000000e-02	1.988268665e+01	9.779113239e-03	1.554393111e-18
-1.110000000e-02	1.988268739e+01	9.525980968e-03	2.758906067e-18
-1.120000000e-02	1.988268813e+01	9.272848714e-03	1.052215748e-18
-1.130000000e-02	1.988268888e+01	9.019716469e-03	1.784837863e-18
-1.140000000e-02	1.988268963e+01	8.766584241e-03	1.695364759e-18
-1.150000000e-02	1.988269038e+01	8.513452028e-03	2.208763267e-18
-1.160000000e-02	1.988269114e+01	8.260319822e-03	2.201990372e-18
-1.170000000e-02	1.988269190e+01	8.007187628e-03	1.822404436e-18
-1.180000000e-02	1.988269266e+01	7.754055458e-03	1.968506174e-18
-1.190000000e-02	1.988269343e+01	7.500923293e-03	1.818798507e-18
-1.200000000e-02	1.988269420e+01	7.247791142e-03	2.166135848e-18
-1.210000000e-02	1.988269497e+01	6.994659010e-03	1.939236859e-18
-1.220000000e-02	1.988269575e+01	6.741526883e-03	1.364609307e-18
-1.230000000e-02	1.988269653e+01	6.488394780e-03	2.362227508e-18
-1.240000000e-02	1.988269731e+01	6.235262689e-03	2.275260914e-18
-1.250000000e-02	1.988269809e+01	5.982130606e-03	1.475136094e-18
-1.260000000e-02	1.988269888e+01	5.728998543e-03	1.884420998e-18
-1.270000000e-02	1.988269968e+01	5.475866498e-03	2.362982769e-18
-1.280000000e-02	1.988270047e+01	5.222734460e-03	2.184206841e-18
-1.290000000e-02	1.988270127e+01	4.969602442e-03	1.691749889e-18
-1.300000000e-02	1.988270207e+01	4.716470441e-03	1.065159000e-18
-1.310000000e-02	1.988270288e+01	4.463338450e-03	1.820151929e-18
-1.320000000e-02	1.988270368e+01	4.210206478e-03	1.234021119e-18
-1.330000000e-02	1.988270449e+01	3.957074519e-03	2.093665368e-18
-1.340000000e-02	1.988270531e+01	3.703942580e-03	2.270868415e-18
-1.350000000e-02	1.988270613e+01	3.450810656e-03	1.592565471e-18
-1.360000000e-02	1.988270695e+01	3.197678747e-03	2.355618723e-18
-1.370000000e-02	1.988270777e+01	2.944546846e-03	2.533235198e-18
-1.380000000e-02	1.988270860e+01	2.691414973e-03	1.441447746e-18
-1.390000000e-02	1.988270943e+01	2.438283108e-03	1.731212277e-18
-1.400000000e-02	1.988271026e+01	2.185151263e-03	1.587374322e-18
-1.410000000e-02	1.988271110e+01	1.932019436e-03	1.237208853e-18
-1.420000000e-02	1.988271194e+01	1.678887624e-03	1.949725230e-18
-1.430000000e-02	1.988271278e+01	1.425755825e-03	1.417455198e-18
-1.440000000e-02	1.988271363e+01	1.172624040e-03	2.843639827e-18
-1.450000000e-02	1.988271448e+01	9.194922801e-04	1.724049224e-18
-1.460000000e-02	1.988271533e+01	6.663605419e-04	2.314277182e-18
-1.470000000e-02	1.988271619e+01	4.132288113e-04	1.437127919e-18
-1.480000000e-02	1.988271705e+01	1.600970968e-04	1.426452347e-18
-1.490000000e-02	1.988271791e+01	-9.303459601e-05	2.209203386e-18
-1.500000000e-02	1.988271878e+01	-3.461662712e-04	2.216739570e-18
-1.510000000e-02	1.988271965e+01	-5.992979294e-04	1.442277919e-18
-1.520000000e-02	1.988272052e+01	-8.524295659e-04	1.876445953e-18
-1.530000000e-02	1.988272140e+01	-1.105561185e-03	2.739218922e-18
-1.540000000e-02	1.988272228e+01	-1.358692798e-03	2.309643179e-18
-1.550000000e-02	1.988272316e+01	-1.611824379e-03	1.124241763e-18
-1.560000000e-02	1.988272404e+01	-1.864955948e-03	1.892951594e-18
-1.570000000e-02	1.988272493e+01	-2.118087498e-03	7.612305006e-19
-1.580000000e-02	1.988272582e+01	-2.371219029e-03	4.722866967e-19
-1.590000000e-02	1.988272672e+01	-2.624350543e-03	1.612924537e-18
-1.600000000e-02	1.988272762e+01	-2.877482034e-03	2.380205199e-18
-1.610000000e-02	1.988272852e+01	-3.130613509e-03	7.847268888e-19
-1.620000000e-02	1.988272942e+01	-3.383744963e-03	1.067078089e-18
-1.630000000e-02	1.988273033e+01	-3.636876398e-03	1.401089752e-18
-1.640000000e-02	1.988273124e+01	-3.890007818e-03	1.665455601e-18
-1.650000000e-02	1.988273216e+01	-4.143139214e-03	2.460722134e-18
-1.660000000e-02	1.988273307e+01	-4.396270593e-03	1.379709525e-18
-1.670000000e-02	1.988273400e+01	-4.649401954e-03	1.774682769e-18
-1.680000000e-02	1.988273492e+01	-4.902533290e-03	1.376366401e-18
-1.690000000e-02	1.988273585e+01	-5.155664606e-03	1.334258543e-18
-1.700000000e-02	1.988273678e+01	-5.408795910e-03	2.031587504e-18
-1.710000000e-02	1.988273771e+01	-5.661927183e-03	2.087629092e-18
-1.720000000e-02	1.988273865e+01	-5.915058446e-03	2.719015766e-18
-1.730000000e-02	1.988273959e+01	-6.168189682e-03	1.427236024e-18
-1.740000000e-02	1.988274053e+01	-6.421320900e-03	1.113355411e-18
-1.750000000e-02	1.988274148e+01	-6.674452096e-03	1.725567388e-18
-1.760000000e-02	1.988274243e+01	-6.927583269e-03	1.470568141e-18
-1.770000000e-02	1.988274338e+01	-7.180714429e-03	1.533156869e-18
-1.780000000e-02	1.988274434e+01	-7.433845556e-03	2.063367227e-18
-1.790000000e-02	1.988274530e+01	-7.686976673e-03	1.888253936e-18
-1.800000000e-02	1.988274626e+01	-7.940107761e-03	1.677584455e-18
-1.810000000e-02	1.988274723e+01	-8.193238838e-03	2.875892960e-18
-1.820000000e-02	1.988274820e+01	-8.446369883e-03	1.750656264e-18
-1.830000000e-02	1.988274917e+01	-8.699500911e-03	2.702694278e-18
-1.840000000e-02	1.988275014e+01	-8.952631918e-03	1.826310398e-18
-1.850000000e-02	1.988275112e+01	-9.205762897e-03	2.964206647e-18
-1.860000000e-02	1.988275210e+01	-9.458893857e-03	2.162783979e-18
-1.870000000e-02	1.988275309e+01	-9.712024802e-03	2.480163695e-18
-1.880000000e-02	1.988275408e+01	-9.965155714e-03	1.958233422e-18
-1.890000000e-02	1.988275507e+01	-1.021828661e-02	1.723151293e-18
-1.900000000e-02	1.988275606e+01	-1.047141749e-02	1.788841632e-18
-1.910000000e-02	1.988275706e+01	-1.072454833e-02	1.505290950e-18
-1.920000000e-02	1.988275806e+01	-1.097767916e-02	1.615327316e-18
-1.930000000e-02	1.988275907e+01	-1.123080997e-02	1.970357224e-18
-1.940000000e-02	1.988276008e+01	-1.148394074e-02	2.632321778e-18
-1.950000000e-02	1.988276109e+01	-1.173707151e-02	2.191553362e-18
-1.960000000e-02	1.988276210e+01	-1.199020224e-02	1.134936004e-18
-1.970000000e-02	1.988276312e+01	-1.224333295e-02	2.173069212e-18
-1.980000000e-02	1.988276414e+01	-1.249646364e-02	2.817185090e-18
-1.990000000e-02	1.988276516e+01	-1.274959431e-02	1.941037342e-18
-2.000000000e-02	1.988276619e+01	-1.300272494e-02	2.062316937e-18
-2.010000000e-02	1.988276722e+01	-1.325585556e-02	1.861660929e-18
-2.020000000e-02	1.988276826e+01	-1.350898615e-02	1.406451358e-18
-2.030000000e-02	1.988276929e+01	-1.376211672e-02	2.703541030e-18
-2.040000000e-02	1.988277033e+01	-1.401524726e-02	1.890806197e-18
-2.050000000e-02	1.988277138e+01	-1.426837779e-02	2.284032811e-18
-2.060000000e-02	1.988277242e+01	-1.452150828e-02	1.195330159e-18
-2.070000000e-02	1.988277347e+01	-1.477463875e-02	2.006270406e-18
-2.080000000e-02	1.988277452e+01	-1.502776920e-02	1.739554422e-18
-2.090000000e-02	1.988277558e+01	-1.528089962e-02	2.304708550e-18
-2.100000000e-02	1.988277664e+01	-1.553403001e-02	1.935525311e-18
-2.110000000e-02	1.988277770e+01	-1.578716039e-02	1.904238626e-18
-2.120000000e-02	1.988277877e+01	-1.604029074e-02	3.290105372e-18
-2.130000000e-02	1.988277984e+01	-1.629342105e-02	2.281348989e-18
-2.140000000e-02	1.988278091e+01	-1.654655135e-02	2.369703458e-18
-2.150000000e-02	1.988278199e+01	-1.679968162e-02	2.453367782e-18
-2.160000000e-02	1.988278306e+01	-1.705281187e-02	2.357809538e-18
-2.170000000e-02	1.988278415e+01	-1.730594208e-02	1.614900517e-18
-2.180000000e-02	1.988278523e+01	-1.755907228e-02	1.909820810e-18
-2.190000000e-02	1.988278632e+01	-1.781220244e-02	1.398193988e-18
-2.200000000e-02	1.988278741e+01	-1.806533259e-02	1.379829410e-18
-2.210000000e-02	1.988278851e+01	-1.831846270e-02	1.832954430e-18
-2.220000000e-02	1.988278960e+01	-1.857159278e-02	2.487456756e-18
-2.230000000e-02	1.988279071e+01	-1.882472285e-02	2.361229114e-18
-2.240000000e-02	1.988279181e+01	-1.907785289e-02	2.386915682e-18
-2.250000000e-02	1.988279292e+01	-1.933098289e-02	1.864164577e-18
-2.260000000e-02	1.988279403e+01	-1.958411287e-02	2.422333249e-18
-2.270000000e-02	1.988279514e+01	-1.983724283e-02	1.715799371e-18
-2.280000000e-02	1.988279626e+01	-2.009037275e-02	3.067118566e-18
-2.290000000e-02	1.988279738e+01	-2.034350265e-02	3.243034167e-18
-2.300000000e-02	1.988279851e+01	-2.059663252e-02	2.575506195e-18
-2.310000000e-02	1.988279963e+01	-2.084976237e-02	1.918618056e-18
-2.320000000e-02	1.988280076e+01	-2.110289219e-02	2.716029718e-18
-2.330000000e-02	1.988280190e+01	-2.135602197e-02	1.554805346e-18
-2.340000000e-02	1.988280303e+01	-2.160915173e-02	3.491756484e-18
-2.350000000e-02	1.988280417e+01	-2.186228146e-02	2.260239006e-18
-2.360000000e-02	1.988280532e+01	-2.211541117e-02	2.014586912e-18
-2.370000000e-02	1.988280646e+01	-2.236854085e-02	2.284893416e-18
-2.380000000e-02	1.988280761e+01	-2.262167050e-02	2.548894270e-18
-2.390000000e-02	1.988280877e+01	-2.287480012e-02	2.259964323e-18
-2.400000000e-02	1.988280992e+01	-2.312792971e-02	2.772944542e-18
-2.410000000e-02	1.988281108e+01	-2.338105927e-02	2.600379409e-18
-2.420000000e-02	1.988281224e+01	-2.363418880e-02	1.573709761e-18
-2.430000000e-02	1.988281341e+01	-2.388731831e-02	2.157320503e-18
-2.440000000e-02	1.988281458e+01	-2.414044779e-02	1.927205198e-18
-2.450000000e-02	1.988281575e+01	-2.439357723e-02	2.234226768e-18
-2.460000000e-02	1.988281693e+01	-2.464670664e-02	2.698814394e-18
-2.470000000e-02	1.988281810e+01	-2.489983603e-02	2.019426023e-18
-2.480000000e-02	1.988281929e+01	-2.515296540e-02	2.218671100e-18
-2.490000000e-02	1.988282047e+01	-2.540609472e-02	1.614317195e-18
-2.500000000e-02	1.988282166e+01	-2.565922402e-02	1.657095809e-18
