# Im(epsi1)     Re(Lambda)      Im(Lambda)      Eq(det).Opt det SIN kz, R=0.5 \mum, Re(epsi1)=4.90solve_det_sinkz_vs_mu.py
0.000000000e+00	1.870112782e+01	3.095750879e-02	2.201843120e-18
-1.000000000e-04	1.870112817e+01	3.071934770e-02	3.339556917e-18
-2.000000000e-04	1.870112851e+01	3.048118661e-02	1.835751831e-18
-3.000000000e-04	1.870112887e+01	3.024302552e-02	4.159775483e-18
-4.000000000e-04	1.870112922e+01	3.000486442e-02	3.767082502e-18
-5.000000000e-04	1.870112958e+01	2.976670334e-02	3.322928865e-18
-6.000000000e-04	1.870112994e+01	2.952854224e-02	2.952579082e-18
-7.000000000e-04	1.870113030e+01	2.929038115e-02	1.906121923e-18
-8.000000000e-04	1.870113066e+01	2.905222006e-02	3.736572565e-18
-9.000000000e-04	1.870113103e+01	2.881405897e-02	2.048098095e-18
-1.000000000e-03	1.870113141e+01	2.857589788e-02	3.746677687e-18
-1.100000000e-03	1.870113178e+01	2.833773678e-02	2.092474431e-18
-1.200000000e-03	1.870113216e+01	2.809957570e-02	8.265548198e-19
-1.300000000e-03	1.870113254e+01	2.786141460e-02	3.020340928e-18
-1.400000000e-03	1.870113292e+01	2.762325352e-02	2.448859922e-18
-1.500000000e-03	1.870113331e+01	2.738509244e-02	3.886815916e-18
-1.600000000e-03	1.870113370e+01	2.714693135e-02	1.590279281e-18
-1.700000000e-03	1.870113409e+01	2.690877026e-02	3.526801286e-18
-1.800000000e-03	1.870113449e+01	2.667060918e-02	2.669039547e-18
-1.900000000e-03	1.870113489e+01	2.643244810e-02	2.427639597e-18
-2.000000000e-03	1.870113529e+01	2.619428702e-02	2.072974861e-18
-2.100000000e-03	1.870113570e+01	2.595612595e-02	3.188790963e-18
-2.200000000e-03	1.870113610e+01	2.571796487e-02	2.365406816e-18
-2.300000000e-03	1.870113652e+01	2.547980379e-02	1.858778373e-18
-2.400000000e-03	1.870113693e+01	2.524164272e-02	3.384507006e-18
-2.500000000e-03	1.870113735e+01	2.500348165e-02	2.176888762e-18
-2.600000000e-03	1.870113777e+01	2.476532059e-02	2.554651349e-18
-2.700000000e-03	1.870113819e+01	2.452715952e-02	3.503873299e-18
-2.800000000e-03	1.870113862e+01	2.428899846e-02	2.708004944e-18
-2.900000000e-03	1.870113905e+01	2.405083740e-02	2.561174247e-18
-3.000000000e-03	1.870113948e+01	2.381267634e-02	3.446528160e-18
-3.100000000e-03	1.870113992e+01	2.357451529e-02	2.455219827e-18
-3.200000000e-03	1.870114035e+01	2.333635424e-02	2.494360805e-18
-3.300000000e-03	1.870114080e+01	2.309819320e-02	4.256090750e-18
-3.400000000e-03	1.870114124e+01	2.286003215e-02	1.844454246e-18
-3.500000000e-03	1.870114169e+01	2.262187111e-02	3.392070812e-18
-3.600000000e-03	1.870114214e+01	2.238371007e-02	1.900239198e-18
-3.700000000e-03	1.870114259e+01	2.214554904e-02	2.439335823e-18
-3.800000000e-03	1.870114305e+01	2.190738800e-02	1.414626172e-18
-3.900000000e-03	1.870114351e+01	2.166922697e-02	4.079488616e-18
-4.000000000e-03	1.870114397e+01	2.143106595e-02	3.106620682e-18
-4.100000000e-03	1.870114444e+01	2.119290493e-02	3.536812950e-18
-4.200000000e-03	1.870114491e+01	2.095474393e-02	3.099050667e-18
-4.300000000e-03	1.870114538e+01	2.071658291e-02	2.604543831e-18
-4.400000000e-03	1.870114586e+01	2.047842191e-02	2.780146489e-18
-4.500000000e-03	1.870114633e+01	2.024026091e-02	2.860040229e-18
-4.600000000e-03	1.870114681e+01	2.000209992e-02	2.518557249e-18
-4.700000000e-03	1.870114730e+01	1.976393892e-02	3.707558364e-18
-4.800000000e-03	1.870114779e+01	1.952577793e-02	2.408189161e-18
-4.900000000e-03	1.870114828e+01	1.928761696e-02	2.937017370e-18
-5.000000000e-03	1.870114877e+01	1.904945598e-02	1.985121761e-18
-5.100000000e-03	1.870114927e+01	1.881129500e-02	3.500936896e-18
-5.200000000e-03	1.870114976e+01	1.857313404e-02	2.887553248e-18
-5.300000000e-03	1.870115027e+01	1.833497308e-02	2.877372108e-18
-5.400000000e-03	1.870115077e+01	1.809681213e-02	5.847675199e-19
-5.500000000e-03	1.870115128e+01	1.785865117e-02	3.191177668e-18
-5.600000000e-03	1.870115179e+01	1.762049024e-02	2.280543129e-18
-5.700000000e-03	1.870115231e+01	1.738232930e-02	2.152093774e-18
-5.800000000e-03	1.870115282e+01	1.714416837e-02	2.609838025e-18
-5.900000000e-03	1.870115334e+01	1.690600744e-02	4.245898927e-18
-6.000000000e-03	1.870115387e+01	1.666784652e-02	1.254269541e-18
-6.100000000e-03	1.870115439e+01	1.642968561e-02	2.580028334e-18
-6.200000000e-03	1.870115492e+01	1.619152470e-02	2.264683887e-18
-6.300000000e-03	1.870115546e+01	1.595336381e-02	2.485129037e-18
-6.400000000e-03	1.870115599e+01	1.571520291e-02	3.396746159e-18
-6.500000000e-03	1.870115653e+01	1.547704202e-02	2.993170061e-18
-6.600000000e-03	1.870115707e+01	1.523888115e-02	1.706396339e-18
-6.700000000e-03	1.870115762e+01	1.500072028e-02	4.081205507e-18
-6.800000000e-03	1.870115817e+01	1.476255942e-02	3.655497441e-18
-6.900000000e-03	1.870115872e+01	1.452439856e-02	3.020262835e-18
-7.000000000e-03	1.870115927e+01	1.428623771e-02	2.795117358e-18
-7.100000000e-03	1.870115983e+01	1.404807686e-02	2.620648836e-18
-7.200000000e-03	1.870116039e+01	1.380991603e-02	2.576445246e-18
-7.300000000e-03	1.870116095e+01	1.357175520e-02	3.943214887e-18
-7.400000000e-03	1.870116152e+01	1.333359439e-02	2.583637258e-18
-7.500000000e-03	1.870116209e+01	1.309543357e-02	3.445375823e-18
-7.600000000e-03	1.870116266e+01	1.285727277e-02	2.196480962e-18
-7.700000000e-03	1.870116323e+01	1.261911199e-02	3.664839330e-18
-7.800000000e-03	1.870116381e+01	1.238095120e-02	3.146249369e-18
-7.900000000e-03	1.870116439e+01	1.214279042e-02	1.188033722e-18
-8.000000000e-03	1.870116498e+01	1.190462965e-02	3.645418059e-18
-8.100000000e-03	1.870116556e+01	1.166646889e-02	2.419072316e-18
-8.200000000e-03	1.870116615e+01	1.142830814e-02	2.639089000e-18
-8.300000000e-03	1.870116675e+01	1.119014740e-02	2.569554439e-18
-8.400000000e-03	1.870116734e+01	1.095198666e-02	2.358792637e-18
-8.500000000e-03	1.870116794e+01	1.071382594e-02	2.633317578e-18
-8.600000000e-03	1.870116855e+01	1.047566523e-02	2.487428079e-18
-8.700000000e-03	1.870116915e+01	1.023750452e-02	2.559944829e-18
-8.800000000e-03	1.870116976e+01	9.999343825e-03	2.789949095e-18
-8.900000000e-03	1.870117037e+01	9.761183135e-03	3.042031405e-18
-9.000000000e-03	1.870117099e+01	9.523022459e-03	2.657092748e-18
-9.100000000e-03	1.870117160e+01	9.284861792e-03	2.363593838e-18
-9.200000000e-03	1.870117222e+01	9.046701140e-03	3.008701370e-18
-9.300000000e-03	1.870117285e+01	8.808540491e-03	1.857708570e-18
-9.400000000e-03	1.870117347e+01	8.570379860e-03	3.569118666e-18
-9.500000000e-03	1.870117410e+01	8.332219229e-03	1.608236101e-18
-9.600000000e-03	1.870117474e+01	8.094058617e-03	2.409680195e-18
-9.700000000e-03	1.870117537e+01	7.855898015e-03	4.170539036e-18
-9.800000000e-03	1.870117601e+01	7.617737415e-03	3.499907066e-18
-9.900000000e-03	1.870117665e+01	7.379576833e-03	2.901000445e-18
-1.000000000e-02	1.870117730e+01	7.141416263e-03	2.725077784e-18
-1.010000000e-02	1.870117795e+01	6.903255702e-03	2.838251712e-18
-1.020000000e-02	1.870117860e+01	6.665095151e-03	2.331623855e-18
-1.030000000e-02	1.870117925e+01	6.426934606e-03	3.544878450e-18
-1.040000000e-02	1.870117991e+01	6.188774081e-03	2.683765000e-18
-1.050000000e-02	1.870118057e+01	5.950613565e-03	3.062469533e-18
-1.060000000e-02	1.870118123e+01	5.712453064e-03	2.026732556e-18
-1.070000000e-02	1.870118190e+01	5.474292572e-03	2.563547474e-18
-1.080000000e-02	1.870118257e+01	5.236132092e-03	2.406894911e-18
-1.090000000e-02	1.870118324e+01	4.997971616e-03	3.556776833e-18
-1.100000000e-02	1.870118391e+01	4.759811163e-03	1.860573485e-18
-1.110000000e-02	1.870118459e+01	4.521650720e-03	2.115565018e-18
-1.120000000e-02	1.870118527e+01	4.283490285e-03	2.638415504e-18
-1.130000000e-02	1.870118596e+01	4.045329865e-03	3.701675717e-18
-1.140000000e-02	1.870118665e+01	3.807169462e-03	2.662757955e-18
-1.150000000e-02	1.870118734e+01	3.569009061e-03	4.028560879e-18
-1.160000000e-02	1.870118803e+01	3.330848685e-03	1.799121263e-18
-1.170000000e-02	1.870118873e+01	3.092688315e-03	3.587894260e-18
-1.180000000e-02	1.870118943e+01	2.854527953e-03	3.751697989e-18
-1.190000000e-02	1.870119013e+01	2.616367613e-03	3.226641031e-18
-1.200000000e-02	1.870119083e+01	2.378207288e-03	3.240458566e-18
-1.210000000e-02	1.870119154e+01	2.140046973e-03	3.543834108e-18
-1.220000000e-02	1.870119225e+01	1.901886667e-03	1.433052448e-18
-1.230000000e-02	1.870119297e+01	1.663726376e-03	7.710218518e-19
-1.240000000e-02	1.870119369e+01	1.425566104e-03	2.720544729e-18
-1.250000000e-02	1.870119441e+01	1.187405843e-03	2.767753398e-18
-1.260000000e-02	1.870119513e+01	9.492455880e-04	3.010880147e-18
-1.270000000e-02	1.870119586e+01	7.110853556e-04	2.138828517e-18
-1.280000000e-02	1.870119659e+01	4.729251386e-04	3.645472487e-18
-1.290000000e-02	1.870119732e+01	2.347649361e-04	3.499999586e-18
-1.300000000e-02	1.870119806e+01	-3.395259366e-06	3.226357527e-18
-1.310000000e-02	1.870119879e+01	-2.415554343e-04	2.298852193e-18
-1.320000000e-02	1.870119954e+01	-4.797155965e-04	3.913554979e-18
-1.330000000e-02	1.870120028e+01	-7.178757395e-04	3.025227650e-18
-1.340000000e-02	1.870120103e+01	-9.560358759e-04	2.040474058e-18
-1.350000000e-02	1.870120178e+01	-1.194195995e-03	1.858291120e-18
-1.360000000e-02	1.870120253e+01	-1.432356098e-03	3.227301385e-18
-1.370000000e-02	1.870120329e+01	-1.670516183e-03	3.706811683e-18
-1.380000000e-02	1.870120405e+01	-1.908676258e-03	3.457899878e-18
-1.390000000e-02	1.870120482e+01	-2.146836306e-03	2.792449895e-18
-1.400000000e-02	1.870120558e+01	-2.384996353e-03	2.602052139e-18
-1.410000000e-02	1.870120635e+01	-2.623156370e-03	4.107111757e-18
-1.420000000e-02	1.870120712e+01	-2.861316382e-03	2.312731993e-18
-1.430000000e-02	1.870120790e+01	-3.099476377e-03	1.867637464e-18
-1.440000000e-02	1.870120868e+01	-3.337636355e-03	3.949977029e-18
-1.450000000e-02	1.870120946e+01	-3.575796319e-03	2.774836224e-18
-1.460000000e-02	1.870121024e+01	-3.813956259e-03	2.280610866e-18
-1.470000000e-02	1.870121103e+01	-4.052116189e-03	1.836178056e-18
-1.480000000e-02	1.870121182e+01	-4.290276099e-03	3.142189190e-18
-1.490000000e-02	1.870121261e+01	-4.528435996e-03	2.577516124e-18
-1.500000000e-02	1.870121341e+01	-4.766595872e-03	3.448138980e-18
-1.510000000e-02	1.870121421e+01	-5.004755736e-03	2.117698394e-18
-1.520000000e-02	1.870121501e+01	-5.242915582e-03	2.430558376e-18
-1.530000000e-02	1.870121582e+01	-5.481075416e-03	4.156097161e-18
-1.540000000e-02	1.870121663e+01	-5.719235225e-03	3.486763641e-18
-1.550000000e-02	1.870121744e+01	-5.957395018e-03	2.579672838e-18
-1.560000000e-02	1.870121825e+01	-6.195554789e-03	1.945915899e-18
-1.570000000e-02	1.870121907e+01	-6.433714552e-03	2.080473553e-18
-1.580000000e-02	1.870121989e+01	-6.671874289e-03	3.500058533e-18
-1.590000000e-02	1.870122072e+01	-6.910034013e-03	1.687462149e-18
-1.600000000e-02	1.870122154e+01	-7.148193721e-03	2.265534769e-18
-1.610000000e-02	1.870122237e+01	-7.386353406e-03	1.416773605e-18
-1.620000000e-02	1.870122321e+01	-7.624513076e-03	2.971745041e-18
-1.630000000e-02	1.870122404e+01	-7.862672725e-03	2.744429389e-18
-1.640000000e-02	1.870122488e+01	-8.100832363e-03	3.538433279e-18
-1.650000000e-02	1.870122572e+01	-8.338991976e-03	1.613336756e-18
-1.660000000e-02	1.870122657e+01	-8.577151567e-03	2.001638749e-18
-1.670000000e-02	1.870122742e+01	-8.815311143e-03	2.732278429e-18
-1.680000000e-02	1.870122827e+01	-9.053470703e-03	1.777709467e-18
-1.690000000e-02	1.870122912e+01	-9.291630247e-03	2.509112644e-18
-1.700000000e-02	1.870122998e+01	-9.529789768e-03	3.188097775e-18
-1.710000000e-02	1.870123084e+01	-9.767949261e-03	3.422938803e-18
-1.720000000e-02	1.870123170e+01	-1.000610874e-02	3.856865402e-18
-1.730000000e-02	1.870123257e+01	-1.024426821e-02	2.556913634e-18
-1.740000000e-02	1.870123344e+01	-1.048242765e-02	1.474748253e-18
-1.750000000e-02	1.870123431e+01	-1.072058708e-02	2.827483665e-18
-1.760000000e-02	1.870123518e+01	-1.095874648e-02	2.352017272e-18
-1.770000000e-02	1.870123606e+01	-1.119690586e-02	2.655099346e-18
-1.780000000e-02	1.870123694e+01	-1.143506522e-02	2.577971295e-18
-1.790000000e-02	1.870123783e+01	-1.167322457e-02	3.367110292e-18
-1.800000000e-02	1.870123872e+01	-1.191138389e-02	3.110960720e-18
-1.810000000e-02	1.870123961e+01	-1.214954320e-02	1.781571018e-18
-1.820000000e-02	1.870124050e+01	-1.238770248e-02	2.663220587e-18
-1.830000000e-02	1.870124140e+01	-1.262586174e-02	2.753824770e-18
-1.840000000e-02	1.870124230e+01	-1.286402099e-02	2.119751465e-18
-1.850000000e-02	1.870124320e+01	-1.310218020e-02	3.538242775e-18
-1.860000000e-02	1.870124411e+01	-1.334033940e-02	3.195189157e-18
-1.870000000e-02	1.870124501e+01	-1.357849859e-02	2.120641603e-18
-1.880000000e-02	1.870124593e+01	-1.381665774e-02	2.291358131e-18
-1.890000000e-02	1.870124684e+01	-1.405481688e-02	3.130928562e-18
-1.900000000e-02	1.870124776e+01	-1.429297600e-02	3.275863757e-18
-1.910000000e-02	1.870124868e+01	-1.453113509e-02	2.532181923e-18
-1.920000000e-02	1.870124960e+01	-1.476929416e-02	3.692032111e-18
-1.930000000e-02	1.870125053e+01	-1.500745321e-02	2.232978452e-18
-1.940000000e-02	1.870125146e+01	-1.524561224e-02	3.529302918e-18
-1.950000000e-02	1.870125239e+01	-1.548377125e-02	4.357022978e-18
-1.960000000e-02	1.870125333e+01	-1.572193023e-02	3.740510510e-18
-1.970000000e-02	1.870125427e+01	-1.596008919e-02	2.161280930e-18
-1.980000000e-02	1.870125521e+01	-1.619824813e-02	4.024933094e-18
-1.990000000e-02	1.870125616e+01	-1.643640705e-02	2.793270947e-18
-2.000000000e-02	1.870125710e+01	-1.667456595e-02	2.022600799e-18
-2.010000000e-02	1.870125806e+01	-1.691272482e-02	2.908573666e-18
-2.020000000e-02	1.870125901e+01	-1.715088367e-02	3.321179920e-18
-2.030000000e-02	1.870125997e+01	-1.738904250e-02	2.830445159e-18
-2.040000000e-02	1.870126093e+01	-1.762720130e-02	2.762570647e-18
-2.050000000e-02	1.870126189e+01	-1.786536008e-02	3.622946147e-18
-2.060000000e-02	1.870126286e+01	-1.810351884e-02	1.960314386e-18
-2.070000000e-02	1.870126383e+01	-1.834167758e-02	2.562673188e-18
-2.080000000e-02	1.870126480e+01	-1.857983629e-02	2.608913345e-18
-2.090000000e-02	1.870126577e+01	-1.881799498e-02	3.872818006e-18
-2.100000000e-02	1.870126675e+01	-1.905615364e-02	2.246843475e-18
-2.110000000e-02	1.870126773e+01	-1.929431228e-02	1.185215377e-18
-2.120000000e-02	1.870126872e+01	-1.953247090e-02	3.916625870e-18
-2.130000000e-02	1.870126971e+01	-1.977062949e-02	1.820264924e-18
-2.140000000e-02	1.870127070e+01	-2.000878805e-02	3.717276445e-18
-2.150000000e-02	1.870127169e+01	-2.024694661e-02	2.421235257e-18
-2.160000000e-02	1.870127269e+01	-2.048510513e-02	2.868349381e-18
-2.170000000e-02	1.870127369e+01	-2.072326362e-02	2.644551356e-18
-2.180000000e-02	1.870127469e+01	-2.096142209e-02	2.845009069e-18
-2.190000000e-02	1.870127570e+01	-2.119958053e-02	3.417452069e-18
-2.200000000e-02	1.870127670e+01	-2.143773895e-02	3.059216607e-18
-2.210000000e-02	1.870127772e+01	-2.167589735e-02	2.390209262e-18
-2.220000000e-02	1.870127873e+01	-2.191405573e-02	2.269281811e-18
-2.230000000e-02	1.870127975e+01	-2.215221407e-02	2.791994827e-18
-2.240000000e-02	1.870128077e+01	-2.239037239e-02	2.362871535e-18
-2.250000000e-02	1.870128179e+01	-2.262853068e-02	3.466803006e-18
-2.260000000e-02	1.870128282e+01	-2.286668895e-02	2.437141790e-18
-2.270000000e-02	1.870128385e+01	-2.310484720e-02	3.583685045e-18
-2.280000000e-02	1.870128488e+01	-2.334300542e-02	2.934131051e-18
-2.290000000e-02	1.870128592e+01	-2.358116361e-02	3.797341770e-18
-2.300000000e-02	1.870128696e+01	-2.381932178e-02	2.881522291e-18
-2.310000000e-02	1.870128800e+01	-2.405747992e-02	1.269526664e-18
-2.320000000e-02	1.870128905e+01	-2.429563803e-02	3.350751581e-18
-2.330000000e-02	1.870129010e+01	-2.453379612e-02	2.911898454e-18
-2.340000000e-02	1.870129115e+01	-2.477195419e-02	3.678197334e-18
-2.350000000e-02	1.870129220e+01	-2.501011221e-02	3.203557088e-18
-2.360000000e-02	1.870129326e+01	-2.524827023e-02	3.449703541e-18
-2.370000000e-02	1.870129432e+01	-2.548642820e-02	3.051321881e-18
-2.380000000e-02	1.870129538e+01	-2.572458616e-02	2.229713967e-18
-2.390000000e-02	1.870129645e+01	-2.596274408e-02	3.136626176e-18
-2.400000000e-02	1.870129752e+01	-2.620090199e-02	2.276522597e-18
-2.410000000e-02	1.870129859e+01	-2.643905986e-02	2.330708975e-18
-2.420000000e-02	1.870129967e+01	-2.667721770e-02	2.840337615e-18
-2.430000000e-02	1.870130075e+01	-2.691537553e-02	1.547111644e-18
-2.440000000e-02	1.870130183e+01	-2.715353331e-02	1.627529654e-18
-2.450000000e-02	1.870130291e+01	-2.739169108e-02	2.695194974e-18
-2.460000000e-02	1.870130400e+01	-2.762984881e-02	1.681079955e-18
-2.470000000e-02	1.870130509e+01	-2.786800652e-02	2.079042941e-18
-2.480000000e-02	1.870130618e+01	-2.810616420e-02	2.139724591e-18
-2.490000000e-02	1.870130728e+01	-2.834432185e-02	3.790609552e-18
-2.500000000e-02	1.870130838e+01	-2.858247948e-02	2.450979937e-18
