# Im(epsi1)     Re(Lambda)      Im(Lambda)      Eq(det).Opt det SIN kz, R=0.5 \mum, Re(epsi1)=4.90solve_det_sinkz_vs_mu.py
0.000000000e+00	1.821905863e+01	2.852109737e-02	3.695491247e-18
-1.000000000e-04	1.821905896e+01	2.828905331e-02	5.290634666e-18
-2.000000000e-04	1.821905929e+01	2.805700924e-02	3.759143687e-18
-3.000000000e-04	1.821905962e+01	2.782496517e-02	3.900965069e-18
-4.000000000e-04	1.821905996e+01	2.759292110e-02	4.005251934e-18
-5.000000000e-04	1.821906030e+01	2.736087703e-02	1.250065331e-18
-6.000000000e-04	1.821906064e+01	2.712883296e-02	2.245739499e-18
-7.000000000e-04	1.821906099e+01	2.689678889e-02	4.127781609e-18
-8.000000000e-04	1.821906134e+01	2.666474482e-02	2.566091155e-18
-9.000000000e-04	1.821906169e+01	2.643270075e-02	4.457999230e-18
-1.000000000e-03	1.821906205e+01	2.620065669e-02	1.575743371e-18
-1.100000000e-03	1.821906240e+01	2.596861262e-02	2.555687109e-18
-1.200000000e-03	1.821906276e+01	2.573656855e-02	2.707928270e-18
-1.300000000e-03	1.821906313e+01	2.550452449e-02	2.954902743e-18
-1.400000000e-03	1.821906350e+01	2.527248043e-02	1.283330688e-18
-1.500000000e-03	1.821906386e+01	2.504043636e-02	3.378263590e-18
-1.600000000e-03	1.821906424e+01	2.480839229e-02	4.313967344e-18
-1.700000000e-03	1.821906461e+01	2.457634824e-02	3.486821969e-18
-1.800000000e-03	1.821906499e+01	2.434430418e-02	2.266243972e-18
-1.900000000e-03	1.821906537e+01	2.411226013e-02	4.972409718e-18
-2.000000000e-03	1.821906576e+01	2.388021606e-02	4.108876929e-18
-2.100000000e-03	1.821906614e+01	2.364817201e-02	2.114210383e-18
-2.200000000e-03	1.821906653e+01	2.341612796e-02	2.998644631e-18
-2.300000000e-03	1.821906693e+01	2.318408391e-02	4.168405731e-18
-2.400000000e-03	1.821906732e+01	2.295203986e-02	1.283075888e-18
-2.500000000e-03	1.821906772e+01	2.271999582e-02	3.475057900e-18
-2.600000000e-03	1.821906813e+01	2.248795177e-02	3.438345037e-18
-2.700000000e-03	1.821906853e+01	2.225590773e-02	3.067431901e-18
-2.800000000e-03	1.821906894e+01	2.202386369e-02	3.757762036e-18
-2.900000000e-03	1.821906935e+01	2.179181965e-02	1.603282109e-18
-3.000000000e-03	1.821906976e+01	2.155977562e-02	3.022866460e-18
-3.100000000e-03	1.821907018e+01	2.132773159e-02	1.855339979e-18
-3.200000000e-03	1.821907060e+01	2.109568756e-02	2.947256224e-18
-3.300000000e-03	1.821907102e+01	2.086364354e-02	3.594498542e-18
-3.400000000e-03	1.821907145e+01	2.063159952e-02	2.341597212e-18
-3.500000000e-03	1.821907188e+01	2.039955550e-02	3.520465710e-18
-3.600000000e-03	1.821907231e+01	2.016751148e-02	4.761433949e-18
-3.700000000e-03	1.821907274e+01	1.993546747e-02	2.526781762e-18
-3.800000000e-03	1.821907318e+01	1.970342346e-02	3.164508817e-18
-3.900000000e-03	1.821907362e+01	1.947137946e-02	3.371374405e-18
-4.000000000e-03	1.821907407e+01	1.923933546e-02	2.823125731e-18
-4.100000000e-03	1.821907451e+01	1.900729147e-02	1.633227353e-18
-4.200000000e-03	1.821907496e+01	1.877524747e-02	3.275203861e-18
-4.300000000e-03	1.821907541e+01	1.854320349e-02	3.663475580e-18
-4.400000000e-03	1.821907587e+01	1.831115951e-02	2.375707229e-18
-4.500000000e-03	1.821907633e+01	1.807911553e-02	3.668328655e-18
-4.600000000e-03	1.821907679e+01	1.784707156e-02	4.248887841e-18
-4.700000000e-03	1.821907725e+01	1.761502759e-02	2.647600432e-18
-4.800000000e-03	1.821907772e+01	1.738298363e-02	3.039000115e-18
-4.900000000e-03	1.821907819e+01	1.715093966e-02	3.544019072e-18
-5.000000000e-03	1.821907866e+01	1.691889571e-02	2.465607521e-18
-5.100000000e-03	1.821907914e+01	1.668685177e-02	2.637235947e-18
-5.200000000e-03	1.821907962e+01	1.645480782e-02	3.023664859e-18
-5.300000000e-03	1.821908010e+01	1.622276388e-02	2.997152447e-18
-5.400000000e-03	1.821908058e+01	1.599071995e-02	1.068831590e-18
-5.500000000e-03	1.821908107e+01	1.575867602e-02	2.449570156e-18
-5.600000000e-03	1.821908156e+01	1.552663210e-02	3.836531391e-18
-5.700000000e-03	1.821908206e+01	1.529458819e-02	4.688660527e-18
-5.800000000e-03	1.821908255e+01	1.506254428e-02	2.047509487e-18
-5.900000000e-03	1.821908305e+01	1.483050038e-02	9.688202026e-18
-6.000000000e-03	1.821908356e+01	1.459845648e-02	2.715778049e-18
-6.100000000e-03	1.821908406e+01	1.436641259e-02	3.294837410e-18
-6.200000000e-03	1.821908457e+01	1.413436870e-02	4.228451628e-18
-6.300000000e-03	1.821908508e+01	1.390232482e-02	2.792229401e-18
-6.400000000e-03	1.821908560e+01	1.367028095e-02	5.095873266e-18
-6.500000000e-03	1.821908611e+01	1.343823709e-02	3.446986425e-18
-6.600000000e-03	1.821908663e+01	1.320619323e-02	3.777021391e-18
-6.700000000e-03	1.821908716e+01	1.297414938e-02	2.287677640e-18
-6.800000000e-03	1.821908768e+01	1.274210553e-02	3.429189382e-18
-6.900000000e-03	1.821908821e+01	1.251006170e-02	3.842010765e-18
-7.000000000e-03	1.821908874e+01	1.227801787e-02	4.487815581e-18
-7.100000000e-03	1.821908928e+01	1.204597406e-02	5.764999800e-18
-7.200000000e-03	1.821908982e+01	1.181393024e-02	4.021260763e-18
-7.300000000e-03	1.821909036e+01	1.158188643e-02	2.714235073e-18
-7.400000000e-03	1.821909090e+01	1.134984263e-02	3.140802195e-18
-7.500000000e-03	1.821909145e+01	1.111779884e-02	4.242356818e-18
-7.600000000e-03	1.821909200e+01	1.088575505e-02	3.485086581e-18
-7.700000000e-03	1.821909255e+01	1.065371128e-02	3.673756394e-18
-7.800000000e-03	1.821909311e+01	1.042166752e-02	2.845202004e-18
-7.900000000e-03	1.821909367e+01	1.018962376e-02	2.772694718e-18
-8.000000000e-03	1.821909423e+01	9.957580014e-03	4.360440963e-18
-8.100000000e-03	1.821909479e+01	9.725536264e-03	3.964359970e-18
-8.200000000e-03	1.821909536e+01	9.493492533e-03	3.369358590e-18
-8.300000000e-03	1.821909593e+01	9.261448814e-03	1.475527306e-18
-8.400000000e-03	1.821909650e+01	9.029405099e-03	2.590677998e-18
-8.500000000e-03	1.821909708e+01	8.797361391e-03	1.643768902e-18
-8.600000000e-03	1.821909766e+01	8.565317696e-03	2.184416639e-18
-8.700000000e-03	1.821909824e+01	8.333274005e-03	3.187397075e-18
-8.800000000e-03	1.821909883e+01	8.101230333e-03	3.679166826e-18
-8.900000000e-03	1.821909942e+01	7.869186664e-03	5.351366239e-18
-9.000000000e-03	1.821910001e+01	7.637142997e-03	4.190615333e-18
-9.100000000e-03	1.821910060e+01	7.405099354e-03	3.685383271e-18
-9.200000000e-03	1.821910120e+01	7.173055709e-03	2.975892679e-18
-9.300000000e-03	1.821910180e+01	6.941012080e-03	2.658326454e-18
-9.400000000e-03	1.821910240e+01	6.708968461e-03	3.881538248e-18
-9.500000000e-03	1.821910301e+01	6.476924851e-03	2.753024180e-18
-9.600000000e-03	1.821910362e+01	6.244881252e-03	2.678415103e-18
-9.700000000e-03	1.821910423e+01	6.012837669e-03	3.664713582e-18
-9.800000000e-03	1.821910484e+01	5.780794084e-03	4.433003560e-18
-9.900000000e-03	1.821910546e+01	5.548750518e-03	2.530820678e-18
-1.000000000e-02	1.821910608e+01	5.316706964e-03	2.146598177e-18
-1.010000000e-02	1.821910671e+01	5.084663416e-03	2.614952724e-18
-1.020000000e-02	1.821910733e+01	4.852619877e-03	3.207677924e-18
-1.030000000e-02	1.821910796e+01	4.620576353e-03	2.994962325e-18
-1.040000000e-02	1.821910859e+01	4.388532839e-03	3.526572360e-18
-1.050000000e-02	1.821910923e+01	4.156489344e-03	3.391386724e-18
-1.060000000e-02	1.821910987e+01	3.924445847e-03	3.985425479e-18
-1.070000000e-02	1.821911051e+01	3.692402374e-03	2.736943130e-18
-1.080000000e-02	1.821911115e+01	3.460358906e-03	3.246691778e-18
-1.090000000e-02	1.821911180e+01	3.228315450e-03	2.487586013e-18
-1.100000000e-02	1.821911245e+01	2.996272001e-03	3.248030320e-18
-1.110000000e-02	1.821911311e+01	2.764228569e-03	4.535040487e-18
-1.120000000e-02	1.821911376e+01	2.532185145e-03	5.566067529e-18
-1.130000000e-02	1.821911442e+01	2.300141742e-03	1.577054023e-18
-1.140000000e-02	1.821911508e+01	2.068098344e-03	4.284370897e-18
-1.150000000e-02	1.821911575e+01	1.836054968e-03	3.199072456e-18
-1.160000000e-02	1.821911642e+01	1.604011594e-03	3.542747212e-18
-1.170000000e-02	1.821911709e+01	1.371968239e-03	3.243060385e-18
-1.180000000e-02	1.821911776e+01	1.139924892e-03	1.522306442e-18
-1.190000000e-02	1.821911844e+01	9.078815602e-04	2.338467249e-18
-1.200000000e-02	1.821911912e+01	6.758382373e-04	3.239941159e-18
-1.210000000e-02	1.821911980e+01	4.437949299e-04	2.430617182e-18
-1.220000000e-02	1.821912049e+01	2.117516358e-04	3.892434380e-18
-1.230000000e-02	1.821912118e+01	-2.029163935e-05	1.665518278e-18
-1.240000000e-02	1.821912187e+01	-2.523349065e-04	3.016048019e-18
-1.250000000e-02	1.821912256e+01	-4.843781645e-04	3.987992813e-18
-1.260000000e-02	1.821912326e+01	-7.164214009e-04	3.558230881e-18
-1.270000000e-02	1.821912396e+01	-9.484646276e-04	3.394801960e-18
-1.280000000e-02	1.821912466e+01	-1.180507838e-03	3.125075561e-18
-1.290000000e-02	1.821912537e+01	-1.412551034e-03	2.252977713e-18
-1.300000000e-02	1.821912608e+01	-1.644594216e-03	2.206542334e-18
-1.310000000e-02	1.821912679e+01	-1.876637384e-03	4.948596300e-18
-1.320000000e-02	1.821912751e+01	-2.108680541e-03	2.325918591e-18
-1.330000000e-02	1.821912823e+01	-2.340723682e-03	5.569422653e-18
-1.340000000e-02	1.821912895e+01	-2.572766809e-03	2.055738524e-18
-1.350000000e-02	1.821912967e+01	-2.804809919e-03	3.325037715e-18
-1.360000000e-02	1.821913040e+01	-3.036853019e-03	2.900432754e-18
-1.370000000e-02	1.821913113e+01	-3.268896100e-03	1.093999976e-18
-1.380000000e-02	1.821913186e+01	-3.500939172e-03	4.179927191e-18
-1.390000000e-02	1.821913260e+01	-3.732982220e-03	4.816926276e-18
-1.400000000e-02	1.821913334e+01	-3.965025256e-03	2.887653876e-18
-1.410000000e-02	1.821913408e+01	-4.197068282e-03	4.911873874e-18
-1.420000000e-02	1.821913482e+01	-4.429111279e-03	4.857646138e-18
-1.430000000e-02	1.821913557e+01	-4.661154274e-03	4.413275067e-18
-1.440000000e-02	1.821913632e+01	-4.893197247e-03	2.429394797e-18
-1.450000000e-02	1.821913708e+01	-5.125240208e-03	3.313671297e-18
-1.460000000e-02	1.821913783e+01	-5.357283148e-03	2.211975970e-18
-1.470000000e-02	1.821913859e+01	-5.589326077e-03	2.155113104e-18
-1.480000000e-02	1.821913936e+01	-5.821368991e-03	3.354872829e-18
-1.490000000e-02	1.821914012e+01	-6.053411885e-03	1.456966600e-18
-1.500000000e-02	1.821914089e+01	-6.285454758e-03	4.411601651e-18
-1.510000000e-02	1.821914166e+01	-6.517497625e-03	2.911818190e-18
-1.520000000e-02	1.821914244e+01	-6.749540472e-03	3.394400762e-18
-1.530000000e-02	1.821914321e+01	-6.981583299e-03	3.984792120e-18
-1.540000000e-02	1.821914399e+01	-7.213626110e-03	1.918634779e-18
-1.550000000e-02	1.821914478e+01	-7.445668907e-03	3.742213717e-18
-1.560000000e-02	1.821914556e+01	-7.677711678e-03	4.065013703e-18
-1.570000000e-02	1.821914635e+01	-7.909754438e-03	4.156027097e-18
-1.580000000e-02	1.821914715e+01	-8.141797189e-03	2.887116996e-18
-1.590000000e-02	1.821914794e+01	-8.373839915e-03	3.700099211e-18
-1.600000000e-02	1.821914874e+01	-8.605882621e-03	3.672491245e-18
-1.610000000e-02	1.821914954e+01	-8.837925308e-03	3.775589580e-18
-1.620000000e-02	1.821915034e+01	-9.069967985e-03	1.135657831e-18
-1.630000000e-02	1.821915115e+01	-9.302010639e-03	3.894827833e-18
-1.640000000e-02	1.821915196e+01	-9.534053278e-03	4.254734176e-18
-1.650000000e-02	1.821915277e+01	-9.766095898e-03	4.342889836e-18
-1.660000000e-02	1.821915359e+01	-9.998138495e-03	4.393427619e-18
-1.670000000e-02	1.821915441e+01	-1.023018108e-02	2.558669335e-18
-1.680000000e-02	1.821915523e+01	-1.046222364e-02	4.797625075e-18
-1.690000000e-02	1.821915605e+01	-1.069426620e-02	2.954499780e-18
-1.700000000e-02	1.821915688e+01	-1.092630872e-02	3.363108138e-18
-1.710000000e-02	1.821915771e+01	-1.115835123e-02	5.178237942e-18
-1.720000000e-02	1.821915855e+01	-1.139039372e-02	4.055602963e-18
-1.730000000e-02	1.821915938e+01	-1.162243619e-02	2.357817959e-18
-1.740000000e-02	1.821916022e+01	-1.185447864e-02	2.976110109e-18
-1.750000000e-02	1.821916106e+01	-1.208652108e-02	1.351770504e-18
-1.760000000e-02	1.821916191e+01	-1.231856349e-02	3.034449919e-18
-1.770000000e-02	1.821916276e+01	-1.255060589e-02	3.328705326e-18
-1.780000000e-02	1.821916361e+01	-1.278264826e-02	1.659912331e-18
-1.790000000e-02	1.821916446e+01	-1.301469062e-02	3.428793876e-18
-1.800000000e-02	1.821916532e+01	-1.324673295e-02	3.835866611e-18
-1.810000000e-02	1.821916618e+01	-1.347877526e-02	4.229432760e-18
-1.820000000e-02	1.821916704e+01	-1.371081757e-02	5.321496253e-18
-1.830000000e-02	1.821916791e+01	-1.394285984e-02	2.898499973e-18
-1.840000000e-02	1.821916878e+01	-1.417490209e-02	2.332713618e-18
-1.850000000e-02	1.821916965e+01	-1.440694433e-02	4.435212870e-18
-1.860000000e-02	1.821917053e+01	-1.463898655e-02	3.918811335e-18
-1.870000000e-02	1.821917140e+01	-1.487102873e-02	3.956340056e-18
-1.880000000e-02	1.821917229e+01	-1.510307091e-02	4.261117588e-18
-1.890000000e-02	1.821917317e+01	-1.533511306e-02	4.720817023e-18
-1.900000000e-02	1.821917406e+01	-1.556715519e-02	3.287406796e-18
-1.910000000e-02	1.821917495e+01	-1.579919730e-02	1.914799187e-18
-1.920000000e-02	1.821917584e+01	-1.603123940e-02	3.488159904e-18
-1.930000000e-02	1.821917673e+01	-1.626328146e-02	4.449492544e-18
-1.940000000e-02	1.821917763e+01	-1.649532351e-02	2.672632201e-18
-1.950000000e-02	1.821917853e+01	-1.672736554e-02	3.189948892e-18
-1.960000000e-02	1.821917944e+01	-1.695940754e-02	1.836495462e-18
-1.970000000e-02	1.821918035e+01	-1.719144952e-02	5.065996093e-18
-1.980000000e-02	1.821918126e+01	-1.742349149e-02	3.264786887e-18
-1.990000000e-02	1.821918217e+01	-1.765553342e-02	1.795272718e-18
-2.000000000e-02	1.821918309e+01	-1.788757534e-02	3.361368780e-18
-2.010000000e-02	1.821918401e+01	-1.811961724e-02	3.112100532e-18
-2.020000000e-02	1.821918493e+01	-1.835165911e-02	3.946247197e-18
-2.030000000e-02	1.821918585e+01	-1.858370096e-02	3.798026308e-18
-2.040000000e-02	1.821918678e+01	-1.881574279e-02	1.439890403e-18
-2.050000000e-02	1.821918771e+01	-1.904778459e-02	2.466047073e-18
-2.060000000e-02	1.821918865e+01	-1.927982638e-02	4.633128657e-18
-2.070000000e-02	1.821918958e+01	-1.951186814e-02	3.061420717e-18
-2.080000000e-02	1.821919052e+01	-1.974390988e-02	4.702795613e-18
-2.090000000e-02	1.821919147e+01	-1.997595159e-02	2.144973060e-18
-2.100000000e-02	1.821919241e+01	-2.020799328e-02	3.152070118e-18
-2.110000000e-02	1.821919336e+01	-2.044003495e-02	3.045222684e-18
-2.120000000e-02	1.821919431e+01	-2.067207659e-02	3.008794970e-18
-2.130000000e-02	1.821919527e+01	-2.090411821e-02	3.216728009e-18
-2.140000000e-02	1.821919623e+01	-2.113615981e-02	4.599975292e-18
-2.150000000e-02	1.821919719e+01	-2.136820139e-02	2.094182536e-18
-2.160000000e-02	1.821919815e+01	-2.160024293e-02	3.002062109e-18
-2.170000000e-02	1.821919912e+01	-2.183228446e-02	2.587675612e-18
-2.180000000e-02	1.821920009e+01	-2.206432596e-02	4.348603748e-18
-2.190000000e-02	1.821920106e+01	-2.229636744e-02	3.041545790e-18
-2.200000000e-02	1.821920203e+01	-2.252840890e-02	3.069576033e-18
-2.210000000e-02	1.821920301e+01	-2.276045033e-02	3.941240281e-18
-2.220000000e-02	1.821920399e+01	-2.299249173e-02	3.474202902e-18
-2.230000000e-02	1.821920498e+01	-2.322453310e-02	3.634443907e-18
-2.240000000e-02	1.821920597e+01	-2.345657446e-02	4.434307762e-18
-2.250000000e-02	1.821920696e+01	-2.368861579e-02	4.109303524e-18
-2.260000000e-02	1.821920795e+01	-2.392065710e-02	2.218110919e-18
-2.270000000e-02	1.821920894e+01	-2.415269838e-02	2.358937475e-18
-2.280000000e-02	1.821920994e+01	-2.438473964e-02	3.800313103e-18
-2.290000000e-02	1.821921095e+01	-2.461678087e-02	2.932844439e-18
-2.300000000e-02	1.821921195e+01	-2.484882207e-02	3.682203489e-18
-2.310000000e-02	1.821921296e+01	-2.508086325e-02	4.315799104e-18
-2.320000000e-02	1.821921397e+01	-2.531290441e-02	3.291286897e-18
-2.330000000e-02	1.821921498e+01	-2.554494553e-02	1.832077558e-18
-2.340000000e-02	1.821921600e+01	-2.577698663e-02	4.039836909e-18
-2.350000000e-02	1.821921702e+01	-2.600902771e-02	1.661646827e-18
-2.360000000e-02	1.821921804e+01	-2.624106876e-02	3.159104006e-18
-2.370000000e-02	1.821921907e+01	-2.647310978e-02	3.449900904e-18
-2.380000000e-02	1.821922010e+01	-2.670515078e-02	3.129012362e-18
-2.390000000e-02	1.821922113e+01	-2.693719175e-02	3.054878815e-18
-2.400000000e-02	1.821922216e+01	-2.716923270e-02	2.260014324e-18
-2.410000000e-02	1.821922320e+01	-2.740127362e-02	3.083983457e-18
-2.420000000e-02	1.821922424e+01	-2.763331451e-02	2.275456859e-18
-2.430000000e-02	1.821922528e+01	-2.786535537e-02	5.607237713e-18
-2.440000000e-02	1.821922633e+01	-2.809739622e-02	4.234046777e-18
-2.450000000e-02	1.821922738e+01	-2.832943703e-02	4.558292824e-18
-2.460000000e-02	1.821922843e+01	-2.856147781e-02	1.996091764e-18
-2.470000000e-02	1.821922949e+01	-2.879351857e-02	2.437395191e-18
-2.480000000e-02	1.821923055e+01	-2.902555929e-02	2.038017894e-18
-2.490000000e-02	1.821923161e+01	-2.925760000e-02	4.914450065e-18
-2.500000000e-02	1.821923267e+01	-2.948964067e-02	2.032482376e-18
