# Im(epsi1)     Re(Lambda)      Im(Lambda)      Eq(det).Opt det SIN kz, R=0.5 \mum, Re(epsi1)=4.90solve_det_sinkz_vs_mu.py
0.000000000e+00	1.663561287e+01	2.155742265e-02	5.527416047e-18
-1.000000000e-04	1.663561315e+01	2.134550443e-02	6.769715301e-18
-2.000000000e-04	1.663561343e+01	2.113358622e-02	5.989223201e-18
-3.000000000e-04	1.663561371e+01	2.092166800e-02	5.363655426e-18
-4.000000000e-04	1.663561400e+01	2.070974979e-02	4.068220374e-18
-5.000000000e-04	1.663561428e+01	2.049783158e-02	7.049894219e-18
-6.000000000e-04	1.663561457e+01	2.028591336e-02	7.712236776e-18
-7.000000000e-04	1.663561487e+01	2.007399515e-02	7.000361541e-18
-8.000000000e-04	1.663561516e+01	1.986207693e-02	5.196778876e-18
-9.000000000e-04	1.663561546e+01	1.965015872e-02	4.047971965e-18
-1.000000000e-03	1.663561576e+01	1.943824051e-02	4.927428992e-18
-1.100000000e-03	1.663561606e+01	1.922632230e-02	3.980913337e-18
-1.200000000e-03	1.663561637e+01	1.901440408e-02	5.596487262e-18
-1.300000000e-03	1.663561668e+01	1.880248587e-02	5.238370336e-18
-1.400000000e-03	1.663561699e+01	1.859056766e-02	5.381078962e-18
-1.500000000e-03	1.663561730e+01	1.837864945e-02	5.879158004e-18
-1.600000000e-03	1.663561762e+01	1.816673124e-02	9.859123426e-18
-1.700000000e-03	1.663561794e+01	1.795481305e-02	6.954551776e-18
-1.800000000e-03	1.663561826e+01	1.774289484e-02	4.132000467e-18
-1.900000000e-03	1.663561859e+01	1.753097664e-02	5.619781432e-18
-2.000000000e-03	1.663561891e+01	1.731905844e-02	3.214039004e-18
-2.100000000e-03	1.663561924e+01	1.710714024e-02	4.937943637e-18
-2.200000000e-03	1.663561958e+01	1.689522204e-02	5.328261660e-18
-2.300000000e-03	1.663561991e+01	1.668330385e-02	5.052968636e-18
-2.400000000e-03	1.663562025e+01	1.647138565e-02	5.083431017e-18
-2.500000000e-03	1.663562059e+01	1.625946746e-02	5.793709064e-18
-2.600000000e-03	1.663562094e+01	1.604754927e-02	3.423078459e-18
-2.700000000e-03	1.663562128e+01	1.583563108e-02	5.626187957e-18
-2.800000000e-03	1.663562163e+01	1.562371290e-02	3.200414723e-18
-2.900000000e-03	1.663562198e+01	1.541179472e-02	4.746982417e-18
-3.000000000e-03	1.663562234e+01	1.519987654e-02	4.299328252e-18
-3.100000000e-03	1.663562270e+01	1.498795836e-02	8.614768108e-18
-3.200000000e-03	1.663562306e+01	1.477604019e-02	2.992287435e-18
-3.300000000e-03	1.663562342e+01	1.456412202e-02	4.982140449e-18
-3.400000000e-03	1.663562378e+01	1.435220385e-02	9.988421565e-18
-3.500000000e-03	1.663562415e+01	1.414028569e-02	4.778506798e-18
-3.600000000e-03	1.663562452e+01	1.392836753e-02	5.403638233e-18
-3.700000000e-03	1.663562490e+01	1.371644937e-02	6.133344387e-18
-3.800000000e-03	1.663562527e+01	1.350453123e-02	6.814514465e-18
-3.900000000e-03	1.663562565e+01	1.329261308e-02	4.183622095e-18
-4.000000000e-03	1.663562603e+01	1.308069493e-02	4.571993488e-18
-4.100000000e-03	1.663562642e+01	1.286877679e-02	3.096965395e-18
-4.200000000e-03	1.663562680e+01	1.265685865e-02	4.334839377e-18
-4.300000000e-03	1.663562719e+01	1.244494051e-02	5.177186801e-18
-4.400000000e-03	1.663562759e+01	1.223302238e-02	8.231410754e-18
-4.500000000e-03	1.663562798e+01	1.202110426e-02	6.458331167e-18
-4.600000000e-03	1.663562838e+01	1.180918614e-02	5.176349670e-18
-4.700000000e-03	1.663562878e+01	1.159726803e-02	8.309992790e-18
-4.800000000e-03	1.663562918e+01	1.138534991e-02	5.139122980e-18
-4.900000000e-03	1.663562959e+01	1.117343180e-02	6.326681377e-18
-5.000000000e-03	1.663563000e+01	1.096151370e-02	3.476630397e-18
-5.100000000e-03	1.663563041e+01	1.074959560e-02	6.350351108e-18
-5.200000000e-03	1.663563082e+01	1.053767751e-02	4.156158200e-18
-5.300000000e-03	1.663563124e+01	1.032575942e-02	5.703393360e-18
-5.400000000e-03	1.663563166e+01	1.011384134e-02	7.397630595e-18
-5.500000000e-03	1.663563208e+01	9.901923262e-03	4.340304987e-18
-5.600000000e-03	1.663563250e+01	9.690005184e-03	6.319533725e-18
-5.700000000e-03	1.663563293e+01	9.478087116e-03	8.358671674e-18
-5.800000000e-03	1.663563336e+01	9.266169064e-03	5.294176589e-18
-5.900000000e-03	1.663563380e+01	9.054251004e-03	3.597965931e-18
-6.000000000e-03	1.663563423e+01	8.842332954e-03	6.883765217e-18
-6.100000000e-03	1.663563467e+01	8.630414916e-03	5.318528548e-18
-6.200000000e-03	1.663563511e+01	8.418496873e-03	6.291111839e-18
-6.300000000e-03	1.663563555e+01	8.206578841e-03	5.663461803e-18
-6.400000000e-03	1.663563600e+01	7.994660821e-03	4.761864848e-18
-6.500000000e-03	1.663563645e+01	7.782742799e-03	8.422282219e-18
-6.600000000e-03	1.663563690e+01	7.570824785e-03	7.864461017e-18
-6.700000000e-03	1.663563736e+01	7.358906778e-03	5.105593593e-18
-6.800000000e-03	1.663563781e+01	7.146988786e-03	7.677426087e-18
-6.900000000e-03	1.663563827e+01	6.935070793e-03	5.491277132e-18
-7.000000000e-03	1.663563874e+01	6.723152807e-03	5.897819790e-18
-7.100000000e-03	1.663563920e+01	6.511234826e-03	5.474836815e-18
-7.200000000e-03	1.663563967e+01	6.299316850e-03	6.761099747e-18
-7.300000000e-03	1.663564014e+01	6.087398891e-03	5.813734072e-18
-7.400000000e-03	1.663564061e+01	5.875480927e-03	6.645249356e-18
-7.500000000e-03	1.663564109e+01	5.663562979e-03	6.494509439e-18
-7.600000000e-03	1.663564157e+01	5.451645038e-03	4.232738668e-18
-7.700000000e-03	1.663564205e+01	5.239727104e-03	8.231420688e-18
-7.800000000e-03	1.663564253e+01	5.027809175e-03	3.404347363e-18
-7.900000000e-03	1.663564302e+01	4.815891258e-03	5.930345144e-18
-8.000000000e-03	1.663564351e+01	4.603973340e-03	6.767001727e-18
-8.100000000e-03	1.663564400e+01	4.392055443e-03	4.833741533e-18
-8.200000000e-03	1.663564450e+01	4.180137551e-03	9.908289170e-18
-8.300000000e-03	1.663564499e+01	3.968219661e-03	5.026475520e-18
-8.400000000e-03	1.663564549e+01	3.756301777e-03	3.185359462e-18
-8.500000000e-03	1.663564600e+01	3.544383908e-03	5.557749252e-18
-8.600000000e-03	1.663564650e+01	3.332466049e-03	8.445558455e-18
-8.700000000e-03	1.663564701e+01	3.120548193e-03	3.754779456e-18
-8.800000000e-03	1.663564752e+01	2.908630349e-03	7.813386534e-18
-8.900000000e-03	1.663564804e+01	2.696712510e-03	6.477484501e-18
-9.000000000e-03	1.663564855e+01	2.484794682e-03	4.641674147e-18
-9.100000000e-03	1.663564907e+01	2.272876861e-03	4.714132221e-18
-9.200000000e-03	1.663564960e+01	2.060959050e-03	6.299652125e-18
-9.300000000e-03	1.663565012e+01	1.849041250e-03	8.007537410e-18
-9.400000000e-03	1.663565065e+01	1.637123460e-03	4.049783421e-18
-9.500000000e-03	1.663565118e+01	1.425205679e-03	4.474720024e-18
-9.600000000e-03	1.663565171e+01	1.213287911e-03	4.604599719e-18
-9.700000000e-03	1.663565225e+01	1.001370147e-03	5.182283198e-18
-9.800000000e-03	1.663565278e+01	7.894523940e-04	4.266776206e-18
-9.900000000e-03	1.663565332e+01	5.775346494e-04	5.837429095e-18
-1.000000000e-02	1.663565387e+01	3.656169189e-04	6.162774425e-18
-1.010000000e-02	1.663565441e+01	1.536991986e-04	5.486973195e-18
-1.020000000e-02	1.663565496e+01	-5.821852211e-05	8.367491572e-18
-1.030000000e-02	1.663565551e+01	-2.701362141e-04	8.680759173e-18
-1.040000000e-02	1.663565607e+01	-4.820539141e-04	4.110897788e-18
-1.050000000e-02	1.663565663e+01	-6.939715975e-04	6.874859291e-18
-1.060000000e-02	1.663565719e+01	-9.058892630e-04	8.995810092e-18
-1.070000000e-02	1.663565775e+01	-1.117806928e-03	5.609665444e-18
-1.080000000e-02	1.663565831e+01	-1.329724572e-03	5.257080989e-18
-1.090000000e-02	1.663565888e+01	-1.541642211e-03	6.753676494e-18
-1.100000000e-02	1.663565945e+01	-1.753559843e-03	2.656027101e-18
-1.110000000e-02	1.663566003e+01	-1.965477459e-03	4.976088685e-18
-1.120000000e-02	1.663566060e+01	-2.177395065e-03	4.473094555e-18
-1.130000000e-02	1.663566118e+01	-2.389312661e-03	6.645643728e-18
-1.140000000e-02	1.663566176e+01	-2.601230243e-03	2.728471840e-18
-1.150000000e-02	1.663566235e+01	-2.813147812e-03	2.832940754e-18
-1.160000000e-02	1.663566293e+01	-3.025065375e-03	5.178155191e-18
-1.170000000e-02	1.663566352e+01	-3.236982921e-03	8.226239361e-18
-1.180000000e-02	1.663566411e+01	-3.448900456e-03	4.151420051e-18
-1.190000000e-02	1.663566471e+01	-3.660817980e-03	6.191259663e-18
-1.200000000e-02	1.663566531e+01	-3.872735493e-03	5.453591046e-18
-1.210000000e-02	1.663566591e+01	-4.084652995e-03	3.069056376e-18
-1.220000000e-02	1.663566651e+01	-4.296570483e-03	5.740616454e-18
-1.230000000e-02	1.663566712e+01	-4.508487966e-03	6.879885886e-18
-1.240000000e-02	1.663566772e+01	-4.720405422e-03	4.904509579e-18
-1.250000000e-02	1.663566833e+01	-4.932322874e-03	6.892335635e-18
-1.260000000e-02	1.663566895e+01	-5.144240310e-03	8.902335657e-18
-1.270000000e-02	1.663566956e+01	-5.356157743e-03	4.158491439e-18
-1.280000000e-02	1.663567018e+01	-5.568075151e-03	4.546896432e-18
-1.290000000e-02	1.663567081e+01	-5.779992552e-03	4.090869529e-18
-1.300000000e-02	1.663567143e+01	-5.991909939e-03	4.699234276e-18
-1.310000000e-02	1.663567206e+01	-6.203827313e-03	5.168662269e-18
-1.320000000e-02	1.663567269e+01	-6.415744675e-03	2.228295160e-18
-1.330000000e-02	1.663567332e+01	-6.627662026e-03	5.636286054e-18
-1.340000000e-02	1.663567396e+01	-6.839579361e-03	4.858113335e-18
-1.350000000e-02	1.663567459e+01	-7.051496682e-03	6.507810648e-18
-1.360000000e-02	1.663567523e+01	-7.263413987e-03	5.996496737e-18
-1.370000000e-02	1.663567588e+01	-7.475331276e-03	6.923015134e-18
-1.380000000e-02	1.663567652e+01	-7.687248561e-03	6.999414864e-18
-1.390000000e-02	1.663567717e+01	-7.899165821e-03	4.138636980e-18
-1.400000000e-02	1.663567782e+01	-8.111083077e-03	4.820913179e-18
-1.410000000e-02	1.663567848e+01	-8.323000310e-03	3.023754211e-18
-1.420000000e-02	1.663567914e+01	-8.534917532e-03	5.500191975e-18
-1.430000000e-02	1.663567980e+01	-8.746834744e-03	7.768137292e-18
-1.440000000e-02	1.663568046e+01	-8.958751940e-03	7.669364794e-18
-1.450000000e-02	1.663568112e+01	-9.170669121e-03	7.515205497e-18
-1.460000000e-02	1.663568179e+01	-9.382586284e-03	5.513017790e-18
-1.470000000e-02	1.663568246e+01	-9.594503434e-03	3.239334635e-18
-1.480000000e-02	1.663568313e+01	-9.806420562e-03	7.713192410e-18
-1.490000000e-02	1.663568381e+01	-1.001833769e-02	2.463496110e-18
-1.500000000e-02	1.663568449e+01	-1.023025479e-02	4.065013456e-18
-1.510000000e-02	1.663568517e+01	-1.044217188e-02	5.710096951e-18
-1.520000000e-02	1.663568585e+01	-1.065408896e-02	6.957586762e-18
-1.530000000e-02	1.663568654e+01	-1.086600602e-02	4.249368238e-18
-1.540000000e-02	1.663568723e+01	-1.107792306e-02	6.866176134e-18
-1.550000000e-02	1.663568792e+01	-1.128984009e-02	6.702892025e-18
-1.560000000e-02	1.663568862e+01	-1.150175710e-02	7.168257535e-18
-1.570000000e-02	1.663568931e+01	-1.171367410e-02	6.099554531e-18
-1.580000000e-02	1.663569001e+01	-1.192559108e-02	6.008024375e-18
-1.590000000e-02	1.663569072e+01	-1.213750804e-02	4.035865370e-18
-1.600000000e-02	1.663569142e+01	-1.234942499e-02	8.636540246e-18
-1.610000000e-02	1.663569213e+01	-1.256134192e-02	7.093805272e-18
-1.620000000e-02	1.663569284e+01	-1.277325884e-02	4.336750456e-18
-1.630000000e-02	1.663569356e+01	-1.298517574e-02	2.720166520e-18
-1.640000000e-02	1.663569427e+01	-1.319709262e-02	3.270919179e-18
-1.650000000e-02	1.663569499e+01	-1.340900949e-02	7.142163432e-18
-1.660000000e-02	1.663569571e+01	-1.362092634e-02	2.990455410e-18
-1.670000000e-02	1.663569644e+01	-1.383284317e-02	6.377944135e-18
-1.680000000e-02	1.663569716e+01	-1.404475999e-02	6.121673250e-18
-1.690000000e-02	1.663569789e+01	-1.425667678e-02	4.373803374e-18
-1.700000000e-02	1.663569863e+01	-1.446859357e-02	4.433971315e-18
-1.710000000e-02	1.663569936e+01	-1.468051033e-02	5.568040097e-18
-1.720000000e-02	1.663570010e+01	-1.489242708e-02	7.650118657e-18
-1.730000000e-02	1.663570084e+01	-1.510434381e-02	5.286722509e-18
-1.740000000e-02	1.663570158e+01	-1.531626052e-02	7.918879616e-18
-1.750000000e-02	1.663570233e+01	-1.552817722e-02	7.826895555e-18
-1.760000000e-02	1.663570308e+01	-1.574009389e-02	4.930924712e-18
-1.770000000e-02	1.663570383e+01	-1.595201055e-02	7.001330166e-18
-1.780000000e-02	1.663570458e+01	-1.616392719e-02	9.513763318e-18
-1.790000000e-02	1.663570534e+01	-1.637584382e-02	6.152765720e-18
-1.800000000e-02	1.663570610e+01	-1.658776042e-02	4.101014227e-18
-1.810000000e-02	1.663570686e+01	-1.679967701e-02	4.011750134e-18
-1.820000000e-02	1.663570763e+01	-1.701159358e-02	4.095385785e-18
-1.830000000e-02	1.663570839e+01	-1.722351013e-02	4.512296928e-18
-1.840000000e-02	1.663570917e+01	-1.743542665e-02	6.421201039e-18
-1.850000000e-02	1.663570994e+01	-1.764734316e-02	6.259148974e-18
-1.860000000e-02	1.663571071e+01	-1.785925966e-02	3.869591600e-18
-1.870000000e-02	1.663571149e+01	-1.807117613e-02	6.043698827e-18
-1.880000000e-02	1.663571227e+01	-1.828309259e-02	3.026830347e-18
-1.890000000e-02	1.663571306e+01	-1.849500903e-02	3.846700816e-18
-1.900000000e-02	1.663571384e+01	-1.870692544e-02	6.130095442e-18
-1.910000000e-02	1.663571463e+01	-1.891884184e-02	5.250247960e-18
-1.920000000e-02	1.663571542e+01	-1.913075822e-02	4.835532678e-18
-1.930000000e-02	1.663571622e+01	-1.934267458e-02	3.486597032e-18
-1.940000000e-02	1.663571702e+01	-1.955459092e-02	4.374978229e-18
-1.950000000e-02	1.663571782e+01	-1.976650724e-02	6.801384358e-18
-1.960000000e-02	1.663571862e+01	-1.997842354e-02	9.567751399e-19
-1.970000000e-02	1.663571943e+01	-2.019033981e-02	6.190137601e-18
-1.980000000e-02	1.663572023e+01	-2.040225608e-02	5.243284833e-18
-1.990000000e-02	1.663572104e+01	-2.061417232e-02	6.890652835e-18
-2.000000000e-02	1.663572186e+01	-2.082608854e-02	6.276976469e-18
-2.010000000e-02	1.663572267e+01	-2.103800474e-02	2.078973778e-18
-2.020000000e-02	1.663572349e+01	-2.124992092e-02	6.395785165e-18
-2.030000000e-02	1.663572431e+01	-2.146183708e-02	3.344930185e-18
-2.040000000e-02	1.663572514e+01	-2.167375321e-02	4.486067866e-18
-2.050000000e-02	1.663572597e+01	-2.188566933e-02	3.719174112e-18
-2.060000000e-02	1.663572680e+01	-2.209758542e-02	2.042127150e-18
-2.070000000e-02	1.663572763e+01	-2.230950150e-02	5.277546680e-18
-2.080000000e-02	1.663572846e+01	-2.252141756e-02	6.360149045e-18
-2.090000000e-02	1.663572930e+01	-2.273333358e-02	4.939281671e-18
-2.100000000e-02	1.663573014e+01	-2.294524960e-02	3.476630602e-18
-2.110000000e-02	1.663573098e+01	-2.315716558e-02	6.200756050e-18
-2.120000000e-02	1.663573183e+01	-2.336908156e-02	5.082698336e-18
-2.130000000e-02	1.663573268e+01	-2.358099750e-02	5.313676082e-18
-2.140000000e-02	1.663573353e+01	-2.379291343e-02	3.659758077e-18
-2.150000000e-02	1.663573438e+01	-2.400482933e-02	4.439172315e-18
-2.160000000e-02	1.663573524e+01	-2.421674521e-02	5.448720227e-18
-2.170000000e-02	1.663573610e+01	-2.442866107e-02	5.362059322e-18
-2.180000000e-02	1.663573696e+01	-2.464057690e-02	7.661258679e-18
-2.190000000e-02	1.663573783e+01	-2.485249273e-02	7.253459975e-18
-2.200000000e-02	1.663573869e+01	-2.506440852e-02	4.792968416e-18
-2.210000000e-02	1.663573957e+01	-2.527632428e-02	6.301484898e-18
-2.220000000e-02	1.663574044e+01	-2.548824003e-02	5.442713374e-18
-2.230000000e-02	1.663574131e+01	-2.570015576e-02	3.520710850e-18
-2.240000000e-02	1.663574219e+01	-2.591207146e-02	6.222312912e-18
-2.250000000e-02	1.663574307e+01	-2.612398715e-02	5.006216101e-18
-2.260000000e-02	1.663574396e+01	-2.633590280e-02	5.950619270e-18
-2.270000000e-02	1.663574484e+01	-2.654781844e-02	6.451217047e-18
-2.280000000e-02	1.663574573e+01	-2.675973405e-02	4.079125859e-18
-2.290000000e-02	1.663574662e+01	-2.697164963e-02	7.463674442e-18
-2.300000000e-02	1.663574752e+01	-2.718356519e-02	5.344217220e-18
-2.310000000e-02	1.663574842e+01	-2.739548074e-02	4.302548966e-18
-2.320000000e-02	1.663574932e+01	-2.760739625e-02	3.069676967e-18
-2.330000000e-02	1.663575022e+01	-2.781931175e-02	4.789591125e-18
-2.340000000e-02	1.663575112e+01	-2.803122722e-02	6.118056221e-18
-2.350000000e-02	1.663575203e+01	-2.824314266e-02	4.602330290e-18
-2.360000000e-02	1.663575294e+01	-2.845505808e-02	7.039628217e-18
-2.370000000e-02	1.663575386e+01	-2.866697349e-02	4.928926207e-18
-2.380000000e-02	1.663575477e+01	-2.887888886e-02	5.755280138e-18
-2.390000000e-02	1.663575569e+01	-2.909080420e-02	7.033444482e-18
-2.400000000e-02	1.663575661e+01	-2.930271953e-02	7.193172021e-18
-2.410000000e-02	1.663575754e+01	-2.951463483e-02	3.759686879e-18
-2.420000000e-02	1.663575846e+01	-2.972655011e-02	7.180431621e-18
-2.430000000e-02	1.663575939e+01	-2.993846536e-02	7.601259950e-18
-2.440000000e-02	1.663576032e+01	-3.015038058e-02	6.424797733e-18
-2.450000000e-02	1.663576126e+01	-3.036229579e-02	3.473297322e-18
-2.460000000e-02	1.663576220e+01	-3.057421097e-02	6.678302182e-18
-2.470000000e-02	1.663576314e+01	-3.078612612e-02	5.461943923e-18
-2.480000000e-02	1.663576408e+01	-3.099804124e-02	7.317605182e-18
-2.490000000e-02	1.663576503e+01	-3.120995634e-02	3.928498544e-18
-2.500000000e-02	1.663576598e+01	-3.142187142e-02	6.429114125e-18
