# Im(epsi1)     Re(Lambda)      Im(Lambda)      Eq(det).Opt det SIN kz, R=0.5 \mum, Re(epsi1)=4.90solve_det_sinkz_vs_mu.py
0.000000000e+00	1.834041748e+01	2.911974035e-02	1.977959958e-18
-1.000000000e-04	1.834041781e+01	2.888615590e-02	1.998626108e-18
-2.000000000e-04	1.834041815e+01	2.865257145e-02	2.802214290e-18
-3.000000000e-04	1.834041848e+01	2.841898700e-02	3.768892139e-18
-4.000000000e-04	1.834041883e+01	2.818540255e-02	2.034109949e-18
-5.000000000e-04	1.834041917e+01	2.795181809e-02	3.742831377e-18
-6.000000000e-04	1.834041952e+01	2.771823364e-02	2.251610501e-18
-7.000000000e-04	1.834041987e+01	2.748464920e-02	4.197301313e-18
-8.000000000e-04	1.834042022e+01	2.725106474e-02	3.459617982e-18
-9.000000000e-04	1.834042058e+01	2.701748029e-02	1.997929628e-18
-1.000000000e-03	1.834042094e+01	2.678389584e-02	4.446046833e-18
-1.100000000e-03	1.834042130e+01	2.655031138e-02	2.635768272e-18
-1.200000000e-03	1.834042166e+01	2.631672694e-02	2.131523378e-18
-1.300000000e-03	1.834042203e+01	2.608314249e-02	2.680193443e-18
-1.400000000e-03	1.834042240e+01	2.584955804e-02	3.292155193e-18
-1.500000000e-03	1.834042278e+01	2.561597359e-02	1.912204822e-18
-1.600000000e-03	1.834042315e+01	2.538238915e-02	3.198331878e-18
-1.700000000e-03	1.834042353e+01	2.514880470e-02	4.011615878e-18
-1.800000000e-03	1.834042392e+01	2.491522026e-02	2.070414275e-18
-1.900000000e-03	1.834042430e+01	2.468163582e-02	1.852194572e-18
-2.000000000e-03	1.834042469e+01	2.444805138e-02	3.565904125e-18
-2.100000000e-03	1.834042508e+01	2.421446695e-02	3.163690376e-18
-2.200000000e-03	1.834042548e+01	2.398088251e-02	2.717262292e-18
-2.300000000e-03	1.834042587e+01	2.374729807e-02	2.350653147e-18
-2.400000000e-03	1.834042628e+01	2.351371364e-02	3.738891759e-18
-2.500000000e-03	1.834042668e+01	2.328012922e-02	2.354958572e-18
-2.600000000e-03	1.834042709e+01	2.304654479e-02	1.757988419e-18
-2.700000000e-03	1.834042750e+01	2.281296036e-02	4.061612445e-18
-2.800000000e-03	1.834042791e+01	2.257937594e-02	2.867563902e-18
-2.900000000e-03	1.834042832e+01	2.234579152e-02	2.271489002e-18
-3.000000000e-03	1.834042874e+01	2.211220711e-02	2.869611475e-18
-3.100000000e-03	1.834042916e+01	2.187862269e-02	1.472760754e-18
-3.200000000e-03	1.834042959e+01	2.164503828e-02	3.002705810e-18
-3.300000000e-03	1.834043002e+01	2.141145387e-02	3.010239725e-18
-3.400000000e-03	1.834043045e+01	2.117786947e-02	3.247697259e-18
-3.500000000e-03	1.834043088e+01	2.094428507e-02	4.927573111e-18
-3.600000000e-03	1.834043132e+01	2.071070067e-02	1.771724824e-18
-3.700000000e-03	1.834043176e+01	2.047711628e-02	2.748539665e-18
-3.800000000e-03	1.834043220e+01	2.024353189e-02	3.645554654e-18
-3.900000000e-03	1.834043264e+01	2.000994750e-02	2.465203685e-18
-4.000000000e-03	1.834043309e+01	1.977636312e-02	3.297420588e-18
-4.100000000e-03	1.834043354e+01	1.954277874e-02	2.950018021e-18
-4.200000000e-03	1.834043400e+01	1.930919437e-02	3.818653989e-18
-4.300000000e-03	1.834043446e+01	1.907560999e-02	3.182962765e-18
-4.400000000e-03	1.834043492e+01	1.884202563e-02	2.773198807e-18
-4.500000000e-03	1.834043538e+01	1.860844127e-02	2.704976873e-18
-4.600000000e-03	1.834043584e+01	1.837485691e-02	2.978026028e-18
-4.700000000e-03	1.834043631e+01	1.814127256e-02	2.870844330e-18
-4.800000000e-03	1.834043679e+01	1.790768822e-02	1.865564448e-18
-4.900000000e-03	1.834043726e+01	1.767410388e-02	4.192741434e-18
-5.000000000e-03	1.834043774e+01	1.744051954e-02	4.013214162e-18
-5.100000000e-03	1.834043822e+01	1.720693521e-02	4.449205294e-18
-5.200000000e-03	1.834043870e+01	1.697335088e-02	3.456833951e-18
-5.300000000e-03	1.834043919e+01	1.673976656e-02	4.433108444e-18
-5.400000000e-03	1.834043968e+01	1.650618225e-02	1.040403251e-18
-5.500000000e-03	1.834044017e+01	1.627259794e-02	3.172254135e-18
-5.600000000e-03	1.834044067e+01	1.603901363e-02	3.504060831e-18
-5.700000000e-03	1.834044117e+01	1.580542934e-02	2.968943546e-18
-5.800000000e-03	1.834044167e+01	1.557184504e-02	2.743919448e-18
-5.900000000e-03	1.834044218e+01	1.533826076e-02	4.050592470e-18
-6.000000000e-03	1.834044268e+01	1.510467647e-02	1.500698744e-18
-6.100000000e-03	1.834044319e+01	1.487109220e-02	3.472642905e-18
-6.200000000e-03	1.834044371e+01	1.463750794e-02	5.235330732e-18
-6.300000000e-03	1.834044423e+01	1.440392368e-02	2.486847721e-18
-6.400000000e-03	1.834044474e+01	1.417033942e-02	2.475854322e-18
-6.500000000e-03	1.834044527e+01	1.393675518e-02	3.126465065e-18
-6.600000000e-03	1.834044579e+01	1.370317094e-02	2.925207888e-18
-6.700000000e-03	1.834044632e+01	1.346958670e-02	2.380733761e-18
-6.800000000e-03	1.834044685e+01	1.323600247e-02	1.774505722e-18
-6.900000000e-03	1.834044739e+01	1.300241826e-02	1.953698817e-18
-7.000000000e-03	1.834044793e+01	1.276883405e-02	2.938055541e-18
-7.100000000e-03	1.834044847e+01	1.253524984e-02	1.760162665e-18
-7.200000000e-03	1.834044901e+01	1.230166565e-02	3.310149294e-18
-7.300000000e-03	1.834044956e+01	1.206808146e-02	2.332461896e-18
-7.400000000e-03	1.834045011e+01	1.183449727e-02	2.323100824e-18
-7.500000000e-03	1.834045066e+01	1.160091310e-02	3.134273362e-18
-7.600000000e-03	1.834045121e+01	1.136732893e-02	2.566028962e-18
-7.700000000e-03	1.834045177e+01	1.113374478e-02	2.796524968e-18
-7.800000000e-03	1.834045233e+01	1.090016063e-02	2.624838979e-18
-7.900000000e-03	1.834045290e+01	1.066657649e-02	1.129794600e-18
-8.000000000e-03	1.834045347e+01	1.043299236e-02	2.190983101e-18
-8.100000000e-03	1.834045404e+01	1.019940824e-02	2.308454237e-18
-8.200000000e-03	1.834045461e+01	9.965824122e-03	2.580263529e-18
-8.300000000e-03	1.834045519e+01	9.732240015e-03	1.754578904e-18
-8.400000000e-03	1.834045576e+01	9.498655923e-03	3.238457431e-18
-8.500000000e-03	1.834045635e+01	9.265071828e-03	3.338215279e-18
-8.600000000e-03	1.834045693e+01	9.031487750e-03	4.060930722e-18
-8.700000000e-03	1.834045752e+01	8.797903681e-03	3.468757136e-18
-8.800000000e-03	1.834045811e+01	8.564319622e-03	3.061809194e-18
-8.900000000e-03	1.834045871e+01	8.330735572e-03	1.925329110e-18
-9.000000000e-03	1.834045930e+01	8.097151534e-03	2.050021877e-18
-9.100000000e-03	1.834045990e+01	7.863567499e-03	4.003761854e-18
-9.200000000e-03	1.834046051e+01	7.629983482e-03	2.802732522e-18
-9.300000000e-03	1.834046111e+01	7.396399470e-03	3.345831847e-18
-9.400000000e-03	1.834046172e+01	7.162815469e-03	3.523180764e-18
-9.500000000e-03	1.834046233e+01	6.929231479e-03	3.859879247e-18
-9.600000000e-03	1.834046295e+01	6.695647500e-03	5.298834504e-18
-9.700000000e-03	1.834046357e+01	6.462063532e-03	3.994421826e-18
-9.800000000e-03	1.834046419e+01	6.228479572e-03	3.027460019e-18
-9.900000000e-03	1.834046481e+01	5.994895619e-03	3.237086533e-18
-1.000000000e-02	1.834046544e+01	5.761311679e-03	2.821258771e-18
-1.010000000e-02	1.834046607e+01	5.527727752e-03	3.066158468e-18
-1.020000000e-02	1.834046670e+01	5.294143837e-03	3.540829638e-18
-1.030000000e-02	1.834046734e+01	5.060559933e-03	2.412406954e-18
-1.040000000e-02	1.834046797e+01	4.826976039e-03	4.188727615e-18
-1.050000000e-02	1.834046862e+01	4.593392154e-03	2.501780992e-18
-1.060000000e-02	1.834046926e+01	4.359808283e-03	3.236938519e-18
-1.070000000e-02	1.834046991e+01	4.126224422e-03	2.348245604e-18
-1.080000000e-02	1.834047056e+01	3.892640576e-03	2.149543218e-18
-1.090000000e-02	1.834047121e+01	3.659056741e-03	3.841494363e-18
-1.100000000e-02	1.834047187e+01	3.425472913e-03	3.052925325e-18
-1.110000000e-02	1.834047253e+01	3.191889105e-03	2.547769797e-18
-1.120000000e-02	1.834047319e+01	2.958305302e-03	1.907719478e-18
-1.130000000e-02	1.834047386e+01	2.724721511e-03	3.308920391e-18
-1.140000000e-02	1.834047453e+01	2.491137739e-03	2.849027061e-18
-1.150000000e-02	1.834047520e+01	2.257553978e-03	1.977954364e-18
-1.160000000e-02	1.834047587e+01	2.023970227e-03	2.176635837e-18
-1.170000000e-02	1.834047655e+01	1.790386487e-03	1.160442265e-18
-1.180000000e-02	1.834047723e+01	1.556802763e-03	3.292825110e-18
-1.190000000e-02	1.834047791e+01	1.323219051e-03	3.018278081e-18
-1.200000000e-02	1.834047860e+01	1.089635354e-03	3.336001614e-18
-1.210000000e-02	1.834047929e+01	8.560516664e-04	2.478737138e-18
-1.220000000e-02	1.834047998e+01	6.224679931e-04	1.739014091e-18
-1.230000000e-02	1.834048068e+01	3.888843309e-04	3.092519762e-18
-1.240000000e-02	1.834048137e+01	1.553006839e-04	3.216869444e-18
-1.250000000e-02	1.834048207e+01	-7.828294352e-05	3.382221591e-18
-1.260000000e-02	1.834048278e+01	-3.118665671e-04	2.851683306e-18
-1.270000000e-02	1.834048349e+01	-5.454501679e-04	2.664781512e-18
-1.280000000e-02	1.834048420e+01	-7.790337614e-04	2.625929343e-18
-1.290000000e-02	1.834048491e+01	-1.012617343e-03	4.245712811e-18
-1.300000000e-02	1.834048563e+01	-1.246200898e-03	2.612408007e-18
-1.310000000e-02	1.834048634e+01	-1.479784451e-03	1.535458838e-18
-1.320000000e-02	1.834048707e+01	-1.713367985e-03	3.890224215e-18
-1.330000000e-02	1.834048779e+01	-1.946951500e-03	3.828658402e-18
-1.340000000e-02	1.834048852e+01	-2.180535007e-03	2.850205089e-18
-1.350000000e-02	1.834048925e+01	-2.414118496e-03	3.071569707e-18
-1.360000000e-02	1.834048998e+01	-2.647701972e-03	3.538168730e-18
-1.370000000e-02	1.834049072e+01	-2.881285431e-03	5.254721897e-18
-1.380000000e-02	1.834049146e+01	-3.114868878e-03	1.888063691e-18
-1.390000000e-02	1.834049220e+01	-3.348452306e-03	4.101863644e-18
-1.400000000e-02	1.834049295e+01	-3.582035725e-03	4.555903167e-18
-1.410000000e-02	1.834049370e+01	-3.815619121e-03	4.642101352e-18
-1.420000000e-02	1.834049445e+01	-4.049202507e-03	2.173525126e-18
-1.430000000e-02	1.834049521e+01	-4.282785874e-03	3.130534784e-18
-1.440000000e-02	1.834049596e+01	-4.516369230e-03	3.358336305e-18
-1.450000000e-02	1.834049672e+01	-4.749952562e-03	3.039257843e-18
-1.460000000e-02	1.834049749e+01	-4.983535886e-03	2.666978694e-18
-1.470000000e-02	1.834049825e+01	-5.217119188e-03	2.756130980e-18
-1.480000000e-02	1.834049902e+01	-5.450702482e-03	3.287855104e-18
-1.490000000e-02	1.834049980e+01	-5.684285755e-03	3.916086403e-18
-1.500000000e-02	1.834050057e+01	-5.917869006e-03	2.958393970e-18
-1.510000000e-02	1.834050135e+01	-6.151452246e-03	2.176335918e-18
-1.520000000e-02	1.834050213e+01	-6.385035471e-03	2.439929782e-18
-1.530000000e-02	1.834050292e+01	-6.618618670e-03	3.412113112e-18
-1.540000000e-02	1.834050370e+01	-6.852201865e-03	2.910769872e-18
-1.550000000e-02	1.834050449e+01	-7.085785038e-03	4.106734378e-18
-1.560000000e-02	1.834050529e+01	-7.319368187e-03	4.231707578e-18
-1.570000000e-02	1.834050608e+01	-7.552951328e-03	2.035498041e-18
-1.580000000e-02	1.834050688e+01	-7.786534448e-03	2.229652668e-18
-1.590000000e-02	1.834050769e+01	-8.020117551e-03	3.985548838e-18
-1.600000000e-02	1.834050849e+01	-8.253700632e-03	2.567923599e-18
-1.610000000e-02	1.834050930e+01	-8.487283698e-03	2.773607821e-18
-1.620000000e-02	1.834051011e+01	-8.720866754e-03	4.465915386e-18
-1.630000000e-02	1.834051093e+01	-8.954449784e-03	3.024347042e-18
-1.640000000e-02	1.834051174e+01	-9.188032798e-03	2.015087583e-18
-1.650000000e-02	1.834051256e+01	-9.421615789e-03	2.723499868e-18
-1.660000000e-02	1.834051339e+01	-9.655198765e-03	3.004303232e-18
-1.670000000e-02	1.834051421e+01	-9.888781723e-03	3.177210313e-18
-1.680000000e-02	1.834051504e+01	-1.012236467e-02	2.536292666e-18
-1.690000000e-02	1.834051587e+01	-1.035594759e-02	2.372911067e-18
-1.700000000e-02	1.834051671e+01	-1.058953049e-02	2.212172071e-18
-1.710000000e-02	1.834051755e+01	-1.082311338e-02	1.833721329e-18
-1.720000000e-02	1.834051839e+01	-1.105669624e-02	2.065821536e-18
-1.730000000e-02	1.834051923e+01	-1.129027908e-02	4.082682329e-18
-1.740000000e-02	1.834052008e+01	-1.152386191e-02	2.677668818e-18
-1.750000000e-02	1.834052093e+01	-1.175744472e-02	3.419662667e-18
-1.760000000e-02	1.834052178e+01	-1.199102751e-02	3.421359997e-18
-1.770000000e-02	1.834052264e+01	-1.222461028e-02	3.051569205e-18
-1.780000000e-02	1.834052350e+01	-1.245819303e-02	2.297365560e-18
-1.790000000e-02	1.834052436e+01	-1.269177576e-02	3.125033659e-18
-1.800000000e-02	1.834052522e+01	-1.292535847e-02	1.998526275e-18
-1.810000000e-02	1.834052609e+01	-1.315894115e-02	3.316548350e-18
-1.820000000e-02	1.834052696e+01	-1.339252382e-02	2.366439648e-18
-1.830000000e-02	1.834052784e+01	-1.362610648e-02	2.728477888e-18
-1.840000000e-02	1.834052871e+01	-1.385968911e-02	2.479390821e-18
-1.850000000e-02	1.834052959e+01	-1.409327172e-02	1.399453323e-18
-1.860000000e-02	1.834053047e+01	-1.432685430e-02	1.747974271e-18
-1.870000000e-02	1.834053136e+01	-1.456043687e-02	2.421061123e-18
-1.880000000e-02	1.834053225e+01	-1.479401941e-02	1.898467233e-18
-1.890000000e-02	1.834053314e+01	-1.502760195e-02	3.316029595e-18
-1.900000000e-02	1.834053404e+01	-1.526118444e-02	5.358918708e-18
-1.910000000e-02	1.834053493e+01	-1.549476693e-02	2.790061422e-18
-1.920000000e-02	1.834053583e+01	-1.572834939e-02	3.271789307e-18
-1.930000000e-02	1.834053674e+01	-1.596193183e-02	2.939387159e-18
-1.940000000e-02	1.834053764e+01	-1.619551425e-02	2.482981086e-18
-1.950000000e-02	1.834053855e+01	-1.642909665e-02	3.251141985e-18
-1.960000000e-02	1.834053946e+01	-1.666267903e-02	1.612313443e-18
-1.970000000e-02	1.834054038e+01	-1.689626138e-02	3.380541632e-18
-1.980000000e-02	1.834054130e+01	-1.712984372e-02	2.704780843e-18
-1.990000000e-02	1.834054222e+01	-1.736342603e-02	1.689038189e-18
-2.000000000e-02	1.834054314e+01	-1.759700832e-02	2.841533307e-18
-2.010000000e-02	1.834054407e+01	-1.783059059e-02	2.411905658e-18
-2.020000000e-02	1.834054500e+01	-1.806417283e-02	2.298837737e-18
-2.030000000e-02	1.834054594e+01	-1.829775505e-02	4.008745788e-18
-2.040000000e-02	1.834054687e+01	-1.853133725e-02	3.416050910e-18
-2.050000000e-02	1.834054781e+01	-1.876491943e-02	2.997911438e-18
-2.060000000e-02	1.834054875e+01	-1.899850158e-02	1.873449129e-18
-2.070000000e-02	1.834054970e+01	-1.923208371e-02	2.930440628e-18
-2.080000000e-02	1.834055065e+01	-1.946566582e-02	3.089012685e-18
-2.090000000e-02	1.834055160e+01	-1.969924790e-02	2.699273856e-18
-2.100000000e-02	1.834055255e+01	-1.993282996e-02	3.568714981e-18
-2.110000000e-02	1.834055351e+01	-2.016641200e-02	2.753934222e-18
-2.120000000e-02	1.834055447e+01	-2.039999402e-02	6.970421918e-19
-2.130000000e-02	1.834055543e+01	-2.063357601e-02	3.474309190e-18
-2.140000000e-02	1.834055640e+01	-2.086715798e-02	2.905820468e-18
-2.150000000e-02	1.834055737e+01	-2.110073992e-02	3.319994208e-18
-2.160000000e-02	1.834055834e+01	-2.133432184e-02	3.598008742e-18
-2.170000000e-02	1.834055931e+01	-2.156790373e-02	2.973336109e-18
-2.180000000e-02	1.834056029e+01	-2.180148560e-02	2.996612579e-18
-2.190000000e-02	1.834056127e+01	-2.203506745e-02	2.670806850e-18
-2.200000000e-02	1.834056226e+01	-2.226864927e-02	3.611688867e-18
-2.210000000e-02	1.834056324e+01	-2.250223107e-02	3.680669935e-18
-2.220000000e-02	1.834056423e+01	-2.273581285e-02	2.910565615e-18
-2.230000000e-02	1.834056523e+01	-2.296939459e-02	2.468470039e-18
-2.240000000e-02	1.834056622e+01	-2.320297632e-02	2.707909109e-18
-2.250000000e-02	1.834056722e+01	-2.343655801e-02	2.398365209e-18
-2.260000000e-02	1.834056822e+01	-2.367013969e-02	2.032285553e-18
-2.270000000e-02	1.834056923e+01	-2.390372134e-02	4.209371704e-18
-2.280000000e-02	1.834057023e+01	-2.413730296e-02	4.056551954e-18
-2.290000000e-02	1.834057124e+01	-2.437088456e-02	2.818958411e-18
-2.300000000e-02	1.834057226e+01	-2.460446614e-02	3.148350951e-18
-2.310000000e-02	1.834057327e+01	-2.483804768e-02	3.419524443e-18
-2.320000000e-02	1.834057429e+01	-2.507162920e-02	3.489202339e-18
-2.330000000e-02	1.834057532e+01	-2.530521070e-02	2.996751994e-18
-2.340000000e-02	1.834057634e+01	-2.553879217e-02	3.084504531e-18
-2.350000000e-02	1.834057737e+01	-2.577237361e-02	2.577377189e-18
-2.360000000e-02	1.834057840e+01	-2.600595502e-02	2.109767323e-18
-2.370000000e-02	1.834057944e+01	-2.623953641e-02	2.457473585e-18
-2.380000000e-02	1.834058047e+01	-2.647311778e-02	2.952064932e-18
-2.390000000e-02	1.834058151e+01	-2.670669912e-02	2.147434864e-18
-2.400000000e-02	1.834058256e+01	-2.694028043e-02	1.987189623e-18
-2.410000000e-02	1.834058360e+01	-2.717386171e-02	4.339169189e-18
-2.420000000e-02	1.834058465e+01	-2.740744297e-02	1.054098597e-18
-2.430000000e-02	1.834058570e+01	-2.764102420e-02	1.680947953e-18
-2.440000000e-02	1.834058676e+01	-2.787460540e-02	2.183497605e-18
-2.450000000e-02	1.834058782e+01	-2.810818658e-02	2.399589923e-18
-2.460000000e-02	1.834058888e+01	-2.834176773e-02	3.230620409e-18
-2.470000000e-02	1.834058994e+01	-2.857534885e-02	2.232441945e-18
-2.480000000e-02	1.834059101e+01	-2.880892994e-02	2.329430509e-18
-2.490000000e-02	1.834059208e+01	-2.904251101e-02	1.691899773e-18
-2.500000000e-02	1.834059315e+01	-2.927609204e-02	2.682538297e-18
