# epsi_ci     Re(Lambda)      Im(Lambda)      Eq(det), R = 0.10 $\mu$m, $E_p$ = 0.900 eV, modo = 2, $\epsilon_\infty$ = 3.9, $\gamma_{DL}$ = 0.01 eV, solve_det_sinkz_vs_mu.py
0.000000000e+00	2.249720862e+00	1.955787469e-02	3.445556847e-15
-5.000000000e-04	2.249723956e+00	1.936692542e-02	5.001211959e-15
-1.000000000e-03	2.249727067e+00	1.917597614e-02	8.018493026e-15
-1.500000000e-03	2.249730193e+00	1.898502685e-02	5.747285222e-15
-2.000000000e-03	2.249733336e+00	1.879407755e-02	8.773943052e-15
-2.500000000e-03	2.249736495e+00	1.860312825e-02	8.109272473e-15
-3.000000000e-03	2.249739670e+00	1.841217896e-02	9.968864703e-15
-3.500000000e-03	2.249742862e+00	1.822122967e-02	6.961776347e-15
-4.000000000e-03	2.249746069e+00	1.803028038e-02	7.262717292e-15
-4.500000000e-03	2.249749293e+00	1.783933112e-02	8.242846718e-15
-5.000000000e-03	2.249752532e+00	1.764838187e-02	8.547111446e-15
-5.500000000e-03	2.249755788e+00	1.745743265e-02	4.707218525e-15
-6.000000000e-03	2.249759060e+00	1.726648345e-02	8.062254389e-15
-6.500000000e-03	2.249762349e+00	1.707553429e-02	8.178004418e-15
-7.000000000e-03	2.249765653e+00	1.688458516e-02	1.170776224e-14
-7.500000000e-03	2.249768974e+00	1.669363607e-02	9.930502289e-15
-8.000000000e-03	2.249772311e+00	1.650268702e-02	6.806097929e-15
-8.500000000e-03	2.249775664e+00	1.631173802e-02	7.585727960e-15
-9.000000000e-03	2.249779033e+00	1.612078907e-02	8.481698282e-15
-9.500000000e-03	2.249782418e+00	1.592984018e-02	5.922201093e-15
-1.000000000e-02	2.249785820e+00	1.573889134e-02	7.967526081e-15
-1.050000000e-02	2.249789237e+00	1.554794257e-02	8.753711708e-15
-1.100000000e-02	2.249792671e+00	1.535699387e-02	5.234123701e-15
-1.150000000e-02	2.249796121e+00	1.516604524e-02	8.617957584e-15
-1.200000000e-02	2.249799587e+00	1.497509669e-02	6.848607175e-15
-1.250000000e-02	2.249803070e+00	1.478414821e-02	4.319896898e-15
-1.300000000e-02	2.249806568e+00	1.459319982e-02	9.290769185e-15
-1.350000000e-02	2.249810083e+00	1.440225152e-02	7.410368520e-15
-1.400000000e-02	2.249813614e+00	1.421130332e-02	6.824406575e-15
-1.450000000e-02	2.249817161e+00	1.402035520e-02	5.879464442e-15
-1.500000000e-02	2.249820724e+00	1.382940719e-02	7.044222266e-15
-1.550000000e-02	2.249824303e+00	1.363845928e-02	8.086610311e-15
-1.600000000e-02	2.249827899e+00	1.344751149e-02	7.970016176e-15
-1.650000000e-02	2.249831511e+00	1.325656380e-02	8.052186847e-15
-1.700000000e-02	2.249835139e+00	1.306561624e-02	8.488531908e-15
-1.750000000e-02	2.249838783e+00	1.287466879e-02	3.799140416e-15
-1.800000000e-02	2.249842443e+00	1.268372147e-02	4.403174545e-15
-1.850000000e-02	2.249846119e+00	1.249277428e-02	7.529530734e-15
-1.900000000e-02	2.249849812e+00	1.230182722e-02	6.946533844e-15
-1.950000000e-02	2.249853521e+00	1.211088030e-02	7.035045066e-15
-2.000000000e-02	2.249857246e+00	1.191993352e-02	7.735483120e-15
-2.050000000e-02	2.249860987e+00	1.172898689e-02	9.369637500e-15
-2.100000000e-02	2.249864744e+00	1.153804041e-02	7.199562483e-15
-2.150000000e-02	2.249868517e+00	1.134709407e-02	3.529838278e-15
-2.200000000e-02	2.249872307e+00	1.115614791e-02	1.083848764e-14
-2.250000000e-02	2.249876113e+00	1.096520190e-02	3.923818008e-15
-2.300000000e-02	2.249879935e+00	1.077425605e-02	3.153630688e-15
-2.350000000e-02	2.249883773e+00	1.058331038e-02	5.870947679e-15
-2.400000000e-02	2.249887627e+00	1.039236488e-02	9.311069384e-15
-2.450000000e-02	2.249891497e+00	1.020141956e-02	8.274212573e-15
-2.500000000e-02	2.249895384e+00	1.001047442e-02	6.868785895e-15
-2.550000000e-02	2.249899287e+00	9.819529471e-03	7.459891275e-15
-2.600000000e-02	2.249903206e+00	9.628584712e-03	7.692746952e-15
-2.650000000e-02	2.249907141e+00	9.437640149e-03	9.093440612e-15
-2.700000000e-02	2.249911092e+00	9.246695783e-03	5.591102486e-15
-2.750000000e-02	2.249915060e+00	9.055751615e-03	1.664446695e-14
-2.800000000e-02	2.249919043e+00	8.864807669e-03	8.800341233e-15
-2.850000000e-02	2.249923043e+00	8.673863919e-03	5.950361929e-15
-2.900000000e-02	2.249927059e+00	8.482920392e-03	8.855092867e-15
-2.950000000e-02	2.249931091e+00	8.291977086e-03	7.290271709e-15
-3.000000000e-02	2.249935140e+00	8.101033999e-03	5.640493811e-15
-3.050000000e-02	2.249939204e+00	7.910091142e-03	9.597541214e-15
-3.100000000e-02	2.249943285e+00	7.719148508e-03	8.668918873e-15
-3.150000000e-02	2.249947382e+00	7.528206118e-03	7.370684914e-15
-3.200000000e-02	2.249951494e+00	7.337263968e-03	7.481216073e-15
-3.250000000e-02	2.249955624e+00	7.146322066e-03	8.323557733e-15
-3.300000000e-02	2.249959769e+00	6.955380404e-03	8.738775863e-15
-3.350000000e-02	2.249963930e+00	6.764439001e-03	6.616809009e-15
-3.400000000e-02	2.249968108e+00	6.573497846e-03	4.867091282e-15
-3.450000000e-02	2.249972302e+00	6.382556958e-03	5.742996839e-15
-3.500000000e-02	2.249976512e+00	6.191616328e-03	1.298086899e-14
-3.550000000e-02	2.249980738e+00	6.000675974e-03	5.896050324e-15
-3.600000000e-02	2.249984980e+00	5.809735897e-03	1.083922082e-14
-3.650000000e-02	2.249989239e+00	5.618796082e-03	7.939342522e-15
-3.700000000e-02	2.249993514e+00	5.427856560e-03	9.319269375e-15
-3.750000000e-02	2.249997804e+00	5.236917322e-03	1.137588265e-14
-3.800000000e-02	2.250002111e+00	5.045978362e-03	8.417614348e-15
-3.850000000e-02	2.250006435e+00	4.855039701e-03	1.015022412e-14
-3.900000000e-02	2.250010774e+00	4.664101340e-03	8.042035132e-15
-3.950000000e-02	2.250015129e+00	4.473163286e-03	5.873694813e-15
-4.000000000e-02	2.250019501e+00	4.282225527e-03	1.108271219e-14
-4.050000000e-02	2.250023889e+00	4.091288085e-03	9.378926426e-15
-4.100000000e-02	2.250028293e+00	3.900350947e-03	7.224534756e-15
-4.150000000e-02	2.250032713e+00	3.709414139e-03	8.784054265e-15
-4.200000000e-02	2.250037149e+00	3.518477643e-03	4.723808601e-15
-4.250000000e-02	2.250041602e+00	3.327541473e-03	6.780055102e-15
-4.300000000e-02	2.250046071e+00	3.136605643e-03	9.098223905e-15
-4.350000000e-02	2.250050555e+00	2.945670141e-03	1.053336142e-14
-4.400000000e-02	2.250055056e+00	2.754734973e-03	9.827052943e-15
-4.450000000e-02	2.250059574e+00	2.563800150e-03	8.471284994e-15
-4.500000000e-02	2.250064107e+00	2.372865676e-03	8.562128182e-15
-4.550000000e-02	2.250068656e+00	2.181931551e-03	7.351074286e-15
-4.600000000e-02	2.250073222e+00	1.990997780e-03	4.436050408e-15
-4.650000000e-02	2.250077804e+00	1.800064364e-03	5.641135172e-15
-4.700000000e-02	2.250082402e+00	1.609131319e-03	5.659861966e-15
-4.750000000e-02	2.250087016e+00	1.418198634e-03	7.089917089e-15
-4.800000000e-02	2.250091646e+00	1.227266324e-03	3.880671768e-15
-4.850000000e-02	2.250096293e+00	1.036334385e-03	9.782643614e-15
-4.900000000e-02	2.250100955e+00	8.454028299e-04	7.581647787e-15
-4.950000000e-02	2.250105634e+00	6.544716492e-04	9.866549762e-15
-5.000000000e-02	2.250110329e+00	4.635408627e-04	8.275124552e-15
-5.050000000e-02	2.250115040e+00	2.726104667e-04	7.329368611e-15
-5.100000000e-02	2.250119768e+00	8.168047167e-05	4.487634008e-15
-5.150000000e-02	2.250124511e+00	-1.092491350e-04	8.409450338e-15
-5.200000000e-02	2.250129271e+00	-3.001783283e-04	2.920439943e-15
-5.250000000e-02	2.250134046e+00	-4.911071176e-04	6.722479758e-15
-5.300000000e-02	2.250138838e+00	-6.820354967e-04	5.458723864e-15
-5.350000000e-02	2.250143647e+00	-8.729634531e-04	9.080329328e-15
-5.400000000e-02	2.250148471e+00	-1.063890996e-03	6.599662684e-15
-5.450000000e-02	2.250153311e+00	-1.254818113e-03	1.090257182e-14
-5.500000000e-02	2.250158168e+00	-1.445744808e-03	8.191525701e-15
-5.550000000e-02	2.250163041e+00	-1.636671065e-03	7.444873565e-15
-5.600000000e-02	2.250167930e+00	-1.827596886e-03	9.561113084e-15
-5.650000000e-02	2.250172835e+00	-2.018522264e-03	8.160954043e-15
-5.700000000e-02	2.250177756e+00	-2.209447199e-03	7.567448157e-15
-5.750000000e-02	2.250182693e+00	-2.400371685e-03	4.246753853e-15
-5.800000000e-02	2.250187647e+00	-2.591295721e-03	6.440734770e-15
-5.850000000e-02	2.250192617e+00	-2.782219295e-03	6.898025064e-15
-5.900000000e-02	2.250197602e+00	-2.973142411e-03	1.111210761e-14
-5.950000000e-02	2.250202604e+00	-3.164065066e-03	1.328266356e-15
-6.000000000e-02	2.250207623e+00	-3.354987253e-03	9.287454112e-15
-6.050000000e-02	2.250212657e+00	-3.545908960e-03	7.341779966e-15
-6.100000000e-02	2.250217708e+00	-3.736830188e-03	5.228492132e-15
-6.150000000e-02	2.250222774e+00	-3.927750939e-03	7.400207203e-15
-6.200000000e-02	2.250227857e+00	-4.118671203e-03	1.241819098e-14
-6.250000000e-02	2.250232956e+00	-4.309590978e-03	7.631369666e-15
-6.300000000e-02	2.250238071e+00	-4.500510259e-03	8.821112760e-15
-6.350000000e-02	2.250243203e+00	-4.691429044e-03	1.007320404e-14
-6.400000000e-02	2.250248350e+00	-4.882347331e-03	4.545027598e-15
-6.450000000e-02	2.250253514e+00	-5.073265109e-03	5.519593647e-15
-6.500000000e-02	2.250258694e+00	-5.264182370e-03	9.899543640e-15
-6.550000000e-02	2.250263890e+00	-5.455099124e-03	6.528563853e-15
-6.600000000e-02	2.250269102e+00	-5.646015356e-03	8.553499067e-15
-6.650000000e-02	2.250274330e+00	-5.836931069e-03	7.899248776e-15
-6.700000000e-02	2.250279574e+00	-6.027846260e-03	7.497131052e-15
-6.750000000e-02	2.250284835e+00	-6.218760909e-03	7.971451809e-15
-6.800000000e-02	2.250290112e+00	-6.409675032e-03	6.486478574e-15
-6.850000000e-02	2.250295405e+00	-6.600588617e-03	7.110194881e-15
-6.900000000e-02	2.250300714e+00	-6.791501657e-03	6.448075910e-15
-6.950000000e-02	2.250306039e+00	-6.982414150e-03	7.523896271e-15
-7.000000000e-02	2.250311380e+00	-7.173326092e-03	5.704289420e-15
-7.050000000e-02	2.250316738e+00	-7.364237480e-03	9.057171002e-15
-7.100000000e-02	2.250322111e+00	-7.555148308e-03	8.641922387e-15
-7.150000000e-02	2.250327501e+00	-7.746058570e-03	5.253596583e-15
-7.200000000e-02	2.250332907e+00	-7.936968266e-03	5.140531897e-15
-7.250000000e-02	2.250338329e+00	-8.127877393e-03	1.283153804e-14
-7.300000000e-02	2.250343768e+00	-8.318785941e-03	6.579657193e-15
-7.350000000e-02	2.250349222e+00	-8.509693915e-03	7.191457821e-15
-7.400000000e-02	2.250354693e+00	-8.700601301e-03	7.780910546e-15
-7.450000000e-02	2.250360180e+00	-8.891508099e-03	7.876916032e-15
-7.500000000e-02	2.250365682e+00	-9.082414308e-03	1.184049117e-14
-7.550000000e-02	2.250371202e+00	-9.273319921e-03	5.936666006e-15
-7.600000000e-02	2.250376737e+00	-9.464224934e-03	5.323924157e-15
-7.650000000e-02	2.250382288e+00	-9.655129345e-03	7.164983702e-15
-7.700000000e-02	2.250387856e+00	-9.846033141e-03	1.042333803e-14
-7.750000000e-02	2.250393439e+00	-1.003693633e-02	6.397610565e-15
-7.800000000e-02	2.250399039e+00	-1.022783891e-02	9.242047313e-15
-7.850000000e-02	2.250404655e+00	-1.041874085e-02	7.035707513e-15
-7.900000000e-02	2.250410287e+00	-1.060964219e-02	7.016627673e-15
-7.950000000e-02	2.250415936e+00	-1.080054288e-02	6.942349999e-15
-8.000000000e-02	2.250421600e+00	-1.099144295e-02	6.017561596e-15
-8.050000000e-02	2.250427281e+00	-1.118234238e-02	1.021794905e-14
-8.100000000e-02	2.250432977e+00	-1.137324117e-02	8.638222171e-15
-8.150000000e-02	2.250438690e+00	-1.156413932e-02	8.258779727e-15
-8.200000000e-02	2.250444419e+00	-1.175503680e-02	8.831898125e-15
-8.250000000e-02	2.250450165e+00	-1.194593365e-02	5.212114575e-15
-8.300000000e-02	2.250455926e+00	-1.213682984e-02	9.476398012e-15
-8.350000000e-02	2.250461703e+00	-1.232772536e-02	4.712731112e-15
-8.400000000e-02	2.250467497e+00	-1.251862021e-02	9.327948904e-15
-8.450000000e-02	2.250473307e+00	-1.270951441e-02	1.000953778e-14
-8.500000000e-02	2.250479133e+00	-1.290040792e-02	6.194243896e-15
-8.550000000e-02	2.250484975e+00	-1.309130076e-02	3.618661333e-15
-8.600000000e-02	2.250490833e+00	-1.328219292e-02	6.304276110e-15
-8.650000000e-02	2.250496707e+00	-1.347308439e-02	9.633630739e-15
-8.700000000e-02	2.250502598e+00	-1.366397517e-02	9.780977481e-15
-8.750000000e-02	2.250508505e+00	-1.385486526e-02	6.512393517e-15
-8.800000000e-02	2.250514427e+00	-1.404575465e-02	4.042313642e-15
-8.850000000e-02	2.250520366e+00	-1.423664333e-02	7.681416782e-15
-8.900000000e-02	2.250526322e+00	-1.442753132e-02	4.736269251e-15
-8.950000000e-02	2.250532293e+00	-1.461841859e-02	8.533204156e-15
-9.000000000e-02	2.250538280e+00	-1.480930515e-02	9.234391458e-15
-9.050000000e-02	2.250544284e+00	-1.500019099e-02	7.534895780e-15
-9.100000000e-02	2.250550303e+00	-1.519107610e-02	6.149329924e-15
-9.150000000e-02	2.250556339e+00	-1.538196049e-02	8.776587328e-15
-9.200000000e-02	2.250562391e+00	-1.557284414e-02	9.088335102e-15
-9.250000000e-02	2.250568459e+00	-1.576372707e-02	7.958289672e-15
-9.300000000e-02	2.250574544e+00	-1.595460926e-02	5.047022347e-15
-9.350000000e-02	2.250580644e+00	-1.614549071e-02	9.740021544e-15
-9.400000000e-02	2.250586761e+00	-1.633637140e-02	6.756621224e-15
-9.450000000e-02	2.250592893e+00	-1.652725135e-02	8.598995473e-15
-9.500000000e-02	2.250599042e+00	-1.671813053e-02	1.220821318e-14
-9.550000000e-02	2.250605207e+00	-1.690900896e-02	1.148277346e-14
-9.600000000e-02	2.250611388e+00	-1.709988663e-02	8.895399524e-15
-9.650000000e-02	2.250617586e+00	-1.729076354e-02	6.770616760e-15
-9.700000000e-02	2.250623799e+00	-1.748163966e-02	5.226585560e-15
-9.750000000e-02	2.250630029e+00	-1.767251502e-02	5.783110721e-15
-9.800000000e-02	2.250636274e+00	-1.786338959e-02	2.785882630e-15
-9.850000000e-02	2.250642536e+00	-1.805426338e-02	7.863919115e-15
-9.900000000e-02	2.250648814e+00	-1.824513638e-02	9.594143414e-15
-9.950000000e-02	2.250655108e+00	-1.843600859e-02	8.702917412e-15
-1.000000000e-01	2.250661418e+00	-1.862688001e-02	7.078593017e-15
-1.005000000e-01	2.250667745e+00	-1.881775063e-02	8.579264022e-15
-1.010000000e-01	2.250674087e+00	-1.900862044e-02	1.020664636e-14
-1.015000000e-01	2.250680446e+00	-1.919948944e-02	5.977160027e-15
-1.020000000e-01	2.250686821e+00	-1.939035764e-02	9.374143354e-15
-1.025000000e-01	2.250693212e+00	-1.958122501e-02	1.243663545e-14
-1.030000000e-01	2.250699619e+00	-1.977209157e-02	1.384546649e-14
-1.035000000e-01	2.250706042e+00	-1.996295729e-02	8.183305098e-15
-1.040000000e-01	2.250712481e+00	-2.015382219e-02	8.188545557e-15
-1.045000000e-01	2.250718937e+00	-2.034468627e-02	3.781842342e-15
-1.050000000e-01	2.250725409e+00	-2.053554950e-02	3.780581309e-15
-1.055000000e-01	2.250731896e+00	-2.072641189e-02	5.042087421e-15
-1.060000000e-01	2.250738400e+00	-2.091727344e-02	5.584442031e-15
-1.065000000e-01	2.250744920e+00	-2.110813413e-02	9.529803753e-15
-1.070000000e-01	2.250751456e+00	-2.129899398e-02	8.388543526e-15
-1.075000000e-01	2.250758009e+00	-2.148985297e-02	1.077969478e-14
-1.080000000e-01	2.250764577e+00	-2.168071110e-02	3.060761092e-15
-1.085000000e-01	2.250771162e+00	-2.187156836e-02	1.272678071e-14
-1.090000000e-01	2.250777762e+00	-2.206242475e-02	5.133415506e-15
-1.095000000e-01	2.250784379e+00	-2.225328027e-02	1.035025215e-14
-1.100000000e-01	2.250791012e+00	-2.244413492e-02	1.228549581e-14
-1.105000000e-01	2.250797661e+00	-2.263498868e-02	5.419379245e-15
-1.110000000e-01	2.250804326e+00	-2.282584155e-02	9.169096047e-15
-1.115000000e-01	2.250811008e+00	-2.301669354e-02	4.346066608e-15
-1.120000000e-01	2.250817705e+00	-2.320754463e-02	5.485421140e-15
-1.125000000e-01	2.250824419e+00	-2.339839482e-02	1.186529364e-14
-1.130000000e-01	2.250831149e+00	-2.358924413e-02	1.103903490e-14
-1.135000000e-01	2.250837895e+00	-2.378009251e-02	8.933876950e-15
-1.140000000e-01	2.250844657e+00	-2.397093999e-02	4.943832161e-15
-1.145000000e-01	2.250851435e+00	-2.416178655e-02	7.014542276e-15
-1.150000000e-01	2.250858229e+00	-2.435263220e-02	5.498988779e-15
-1.155000000e-01	2.250865039e+00	-2.454347692e-02	6.044058258e-15
-1.160000000e-01	2.250871866e+00	-2.473432071e-02	8.994425506e-15
-1.165000000e-01	2.250878709e+00	-2.492516358e-02	7.629088254e-15
-1.170000000e-01	2.250885567e+00	-2.511600551e-02	4.872826793e-15
-1.175000000e-01	2.250892442e+00	-2.530684651e-02	5.040722518e-15
-1.180000000e-01	2.250899333e+00	-2.549768656e-02	6.005442221e-15
-1.185000000e-01	2.250906240e+00	-2.568852566e-02	4.376773397e-15
-1.190000000e-01	2.250913164e+00	-2.587936382e-02	8.399415562e-15
-1.195000000e-01	2.250920103e+00	-2.607020102e-02	1.100881814e-14
-1.200000000e-01	2.250927059e+00	-2.626103726e-02	2.331727652e-15
-1.205000000e-01	2.250934030e+00	-2.645187254e-02	7.380228229e-15
-1.210000000e-01	2.250941018e+00	-2.664270685e-02	6.794691436e-15
-1.215000000e-01	2.250948022e+00	-2.683354019e-02	6.196271180e-15
-1.220000000e-01	2.250955042e+00	-2.702437255e-02	8.651372324e-15
-1.225000000e-01	2.250962078e+00	-2.721520394e-02	6.760294613e-15
-1.230000000e-01	2.250969130e+00	-2.740603434e-02	9.025763926e-15
-1.235000000e-01	2.250976199e+00	-2.759686376e-02	1.305566062e-14
-1.240000000e-01	2.250983283e+00	-2.778769218e-02	9.231333299e-15
-1.245000000e-01	2.250990384e+00	-2.797851961e-02	6.398648524e-15
-1.250000000e-01	2.250997501e+00	-2.816934604e-02	7.164675514e-15
-1.255000000e-01	2.251004634e+00	-2.836017146e-02	7.007192635e-15
-1.260000000e-01	2.251011783e+00	-2.855099588e-02	6.994500043e-15
-1.265000000e-01	2.251018948e+00	-2.874181929e-02	6.367473136e-15
-1.270000000e-01	2.251026129e+00	-2.893264168e-02	7.193238616e-15
-1.275000000e-01	2.251033326e+00	-2.912346305e-02	1.032261193e-14
-1.280000000e-01	2.251040540e+00	-2.931428340e-02	7.739069724e-15
-1.285000000e-01	2.251047769e+00	-2.950510272e-02	8.351623299e-15
-1.290000000e-01	2.251055015e+00	-2.969592100e-02	6.326651712e-15
-1.295000000e-01	2.251062277e+00	-2.988673826e-02	8.270943533e-15
-1.300000000e-01	2.251069555e+00	-3.007755447e-02	8.768033195e-15
-1.305000000e-01	2.251076849e+00	-3.026836964e-02	2.523538977e-15
-1.310000000e-01	2.251084159e+00	-3.045918375e-02	8.005203216e-15
-1.315000000e-01	2.251091485e+00	-3.064999682e-02	7.929838619e-15
-1.320000000e-01	2.251098828e+00	-3.084080883e-02	9.127348378e-15
-1.325000000e-01	2.251106186e+00	-3.103161979e-02	8.609557776e-15
-1.330000000e-01	2.251113561e+00	-3.122242966e-02	6.521769716e-15
-1.335000000e-01	2.251120951e+00	-3.141323848e-02	5.456435834e-15
-1.340000000e-01	2.251128358e+00	-3.160404623e-02	6.161871652e-15
-1.345000000e-01	2.251135781e+00	-3.179485290e-02	4.370666022e-15
-1.350000000e-01	2.251143220e+00	-3.198565848e-02	9.354482426e-15
-1.355000000e-01	2.251150675e+00	-3.217646298e-02	8.996509843e-15
-1.360000000e-01	2.251158147e+00	-3.236726640e-02	7.609762817e-15
-1.365000000e-01	2.251165634e+00	-3.255806872e-02	4.018680573e-15
-1.370000000e-01	2.251173138e+00	-3.274886994e-02	5.220283216e-15
-1.375000000e-01	2.251180657e+00	-3.293967006e-02	8.170652455e-15
-1.380000000e-01	2.251188193e+00	-3.313046908e-02	1.028370272e-14
-1.385000000e-01	2.251195745e+00	-3.332126699e-02	8.874903265e-15
-1.390000000e-01	2.251203313e+00	-3.351206379e-02	5.580436725e-15
-1.395000000e-01	2.251210897e+00	-3.370285946e-02	5.880063197e-15
-1.400000000e-01	2.251218497e+00	-3.389365402e-02	6.569482426e-15
-1.405000000e-01	2.251226113e+00	-3.408444745e-02	7.421636403e-15
-1.410000000e-01	2.251233746e+00	-3.427523975e-02	7.635848042e-15
-1.415000000e-01	2.251241394e+00	-3.446603091e-02	5.560076663e-15
-1.420000000e-01	2.251249059e+00	-3.465682094e-02	7.806383258e-15
-1.425000000e-01	2.251256739e+00	-3.484760984e-02	1.052956574e-14
-1.430000000e-01	2.251264436e+00	-3.503839758e-02	5.792738894e-15
-1.435000000e-01	2.251272149e+00	-3.522918417e-02	7.219416756e-15
-1.440000000e-01	2.251279878e+00	-3.541996961e-02	9.941615422e-15
-1.445000000e-01	2.251287623e+00	-3.561075389e-02	4.457358051e-15
-1.450000000e-01	2.251295384e+00	-3.580153701e-02	6.650775825e-15
-1.455000000e-01	2.251303162e+00	-3.599231896e-02	4.546629794e-15
-1.460000000e-01	2.251310955e+00	-3.618309975e-02	9.762866864e-15
-1.465000000e-01	2.251318765e+00	-3.637387935e-02	1.099279778e-14
-1.470000000e-01	2.251326590e+00	-3.656465779e-02	6.909853654e-15
-1.475000000e-01	2.251334432e+00	-3.675543504e-02	8.201811194e-15
-1.480000000e-01	2.251342290e+00	-3.694621110e-02	1.107886141e-14
-1.485000000e-01	2.251350164e+00	-3.713698597e-02	5.768808178e-15
-1.490000000e-01	2.251358054e+00	-3.732775965e-02	7.174143839e-15
-1.495000000e-01	2.251365960e+00	-3.751853213e-02	6.303404420e-15
-1.500000000e-01	2.251373882e+00	-3.770930341e-02	6.543267445e-15
