# epsi_ci     Re(Lambda)      Im(Lambda)      Eq(det), R = 0.10 $\mu$m, $E_p$ = 0.900 eV, modo = 2, $\epsilon_\infty$ = 3.9, $\gamma_{DL}$ = 0.01 eV, solve_det_sinkz_vs_mu.py
0.000000000e+00	2.322788721e+00	2.506036742e-02	5.438802941e-15
-5.000000000e-04	2.322791368e+00	2.486791458e-02	3.636974374e-15
-1.000000000e-03	2.322794030e+00	2.467546127e-02	5.064239711e-15
-1.500000000e-03	2.322796707e+00	2.448300749e-02	5.819589737e-15
-2.000000000e-03	2.322799399e+00	2.429055322e-02	8.196371774e-15
-2.500000000e-03	2.322802106e+00	2.409809849e-02	6.582771043e-15
-3.000000000e-03	2.322804829e+00	2.390564329e-02	3.892800794e-15
-3.500000000e-03	2.322807567e+00	2.371318763e-02	4.932535893e-15
-4.000000000e-03	2.322810320e+00	2.352073150e-02	7.294387916e-15
-4.500000000e-03	2.322813088e+00	2.332827492e-02	4.909569445e-15
-5.000000000e-03	2.322815872e+00	2.313581789e-02	4.767011088e-15
-5.500000000e-03	2.322818670e+00	2.294336040e-02	7.144935212e-15
-6.000000000e-03	2.322821484e+00	2.275090246e-02	3.476649710e-15
-6.500000000e-03	2.322824313e+00	2.255844408e-02	5.340441461e-15
-7.000000000e-03	2.322827157e+00	2.236598526e-02	6.495743607e-15
-7.500000000e-03	2.322830016e+00	2.217352599e-02	3.227635637e-15
-8.000000000e-03	2.322832891e+00	2.198106630e-02	7.163891299e-15
-8.500000000e-03	2.322835781e+00	2.178860617e-02	4.563932508e-15
-9.000000000e-03	2.322838686e+00	2.159614561e-02	3.149380302e-15
-9.500000000e-03	2.322841606e+00	2.140368463e-02	3.207132408e-15
-1.000000000e-02	2.322844541e+00	2.121122322e-02	2.828459416e-15
-1.050000000e-02	2.322847492e+00	2.101876140e-02	3.718164761e-15
-1.100000000e-02	2.322850457e+00	2.082629916e-02	5.266285896e-15
-1.150000000e-02	2.322853438e+00	2.063383650e-02	7.411970882e-15
-1.200000000e-02	2.322856434e+00	2.044137344e-02	4.380204534e-15
-1.250000000e-02	2.322859446e+00	2.024890997e-02	9.894052311e-15
-1.300000000e-02	2.322862472e+00	2.005644609e-02	7.490389941e-15
-1.350000000e-02	2.322865514e+00	1.986398183e-02	5.242316139e-15
-1.400000000e-02	2.322868571e+00	1.967151716e-02	6.461627658e-15
-1.450000000e-02	2.322871643e+00	1.947905209e-02	5.132367175e-15
-1.500000000e-02	2.322874730e+00	1.928658663e-02	8.601374216e-15
-1.550000000e-02	2.322877832e+00	1.909412080e-02	4.091684882e-15
-1.600000000e-02	2.322880950e+00	1.890165457e-02	7.062537123e-15
-1.650000000e-02	2.322884083e+00	1.870918797e-02	3.731441254e-15
-1.700000000e-02	2.322887231e+00	1.851672098e-02	1.009664096e-14
-1.750000000e-02	2.322890394e+00	1.832425363e-02	5.980832227e-15
-1.800000000e-02	2.322893573e+00	1.813178590e-02	5.213457394e-15
-1.850000000e-02	2.322896766e+00	1.793931781e-02	9.307987162e-15
-1.900000000e-02	2.322899975e+00	1.774684935e-02	5.962224623e-15
-1.950000000e-02	2.322903199e+00	1.755438053e-02	9.090807918e-15
-2.000000000e-02	2.322906438e+00	1.736191135e-02	7.331289459e-15
-2.050000000e-02	2.322909693e+00	1.716944181e-02	6.421114542e-15
-2.100000000e-02	2.322912962e+00	1.697697193e-02	6.844730828e-15
-2.150000000e-02	2.322916247e+00	1.678450169e-02	4.782434921e-15
-2.200000000e-02	2.322919547e+00	1.659203111e-02	4.239946493e-15
-2.250000000e-02	2.322922863e+00	1.639956020e-02	7.368059283e-15
-2.300000000e-02	2.322926193e+00	1.620708893e-02	5.474836589e-15
-2.350000000e-02	2.322929539e+00	1.601461733e-02	6.867462581e-15
-2.400000000e-02	2.322932900e+00	1.582214541e-02	7.403062364e-15
-2.450000000e-02	2.322936276e+00	1.562967315e-02	6.298407436e-15
-2.500000000e-02	2.322939667e+00	1.543720057e-02	5.462527111e-15
-2.550000000e-02	2.322943074e+00	1.524472766e-02	6.136744454e-15
-2.600000000e-02	2.322946495e+00	1.505225444e-02	3.985563106e-15
-2.650000000e-02	2.322949932e+00	1.485978090e-02	6.059120539e-15
-2.700000000e-02	2.322953384e+00	1.466730704e-02	7.678542276e-15
-2.750000000e-02	2.322956852e+00	1.447483288e-02	5.534272138e-15
-2.800000000e-02	2.322960334e+00	1.428235841e-02	6.869373449e-15
-2.850000000e-02	2.322963832e+00	1.408988363e-02	4.817453133e-15
-2.900000000e-02	2.322967345e+00	1.389740856e-02	6.086860911e-15
-2.950000000e-02	2.322970873e+00	1.370493320e-02	6.017460819e-15
-3.000000000e-02	2.322974416e+00	1.351245753e-02	4.933588211e-15
-3.050000000e-02	2.322977975e+00	1.331998158e-02	9.040703041e-15
-3.100000000e-02	2.322981549e+00	1.312750534e-02	6.463730773e-15
-3.150000000e-02	2.322985138e+00	1.293502881e-02	5.124084495e-15
-3.200000000e-02	2.322988742e+00	1.274255200e-02	6.212036824e-15
-3.250000000e-02	2.322992361e+00	1.255007492e-02	7.714841973e-15
-3.300000000e-02	2.322995996e+00	1.235759756e-02	4.101051139e-15
-3.350000000e-02	2.322999646e+00	1.216511993e-02	6.238784739e-15
-3.400000000e-02	2.323003311e+00	1.197264204e-02	6.714907098e-15
-3.450000000e-02	2.323006991e+00	1.178016388e-02	4.612040495e-15
-3.500000000e-02	2.323010686e+00	1.158768546e-02	4.897066940e-15
-3.550000000e-02	2.323014397e+00	1.139520678e-02	4.331670447e-15
-3.600000000e-02	2.323018123e+00	1.120272785e-02	5.624154381e-15
-3.650000000e-02	2.323021864e+00	1.101024866e-02	6.727555562e-15
-3.700000000e-02	2.323025620e+00	1.081776922e-02	7.015448992e-15
-3.750000000e-02	2.323029392e+00	1.062528954e-02	3.759605786e-15
-3.800000000e-02	2.323033179e+00	1.043280962e-02	2.131214881e-15
-3.850000000e-02	2.323036980e+00	1.024032946e-02	1.106009892e-14
-3.900000000e-02	2.323040798e+00	1.004784907e-02	3.874024960e-15
-3.950000000e-02	2.323044630e+00	9.855368447e-03	6.104419520e-15
-4.000000000e-02	2.323048478e+00	9.662887591e-03	5.255142605e-15
-4.050000000e-02	2.323052340e+00	9.470406507e-03	5.595925629e-15
-4.100000000e-02	2.323056219e+00	9.277925202e-03	9.537936161e-15
-4.150000000e-02	2.323060112e+00	9.085443681e-03	3.956375788e-15
-4.200000000e-02	2.323064020e+00	8.892961943e-03	6.069995357e-15
-4.250000000e-02	2.323067944e+00	8.700479992e-03	7.431479939e-15
-4.300000000e-02	2.323071883e+00	8.507997831e-03	4.902458029e-15
-4.350000000e-02	2.323075837e+00	8.315515464e-03	7.991279963e-15
-4.400000000e-02	2.323079806e+00	8.123032902e-03	5.679057752e-15
-4.450000000e-02	2.323083791e+00	7.930550130e-03	4.861100517e-15
-4.500000000e-02	2.323087791e+00	7.738067165e-03	3.045377266e-15
-4.550000000e-02	2.323091806e+00	7.545584012e-03	8.785560114e-15
-4.600000000e-02	2.323095836e+00	7.353100660e-03	3.962078822e-15
-4.650000000e-02	2.323099881e+00	7.160617130e-03	6.348157031e-15
-4.700000000e-02	2.323103942e+00	6.968133410e-03	5.494324905e-15
-4.750000000e-02	2.323108018e+00	6.775649509e-03	5.268857699e-15
-4.800000000e-02	2.323112109e+00	6.583165434e-03	4.024439164e-15
-4.850000000e-02	2.323116215e+00	6.390681189e-03	6.224195532e-15
-4.900000000e-02	2.323120337e+00	6.198196772e-03	6.117542077e-15
-4.950000000e-02	2.323124474e+00	6.005712185e-03	6.603411367e-15
-5.000000000e-02	2.323128626e+00	5.813227438e-03	7.218302542e-15
-5.050000000e-02	2.323132793e+00	5.620742525e-03	4.451243636e-15
-5.100000000e-02	2.323136976e+00	5.428257456e-03	4.781467662e-15
-5.150000000e-02	2.323141173e+00	5.235772234e-03	5.942336918e-15
-5.200000000e-02	2.323145386e+00	5.043286866e-03	3.667999171e-15
-5.250000000e-02	2.323149614e+00	4.850801346e-03	5.344809101e-15
-5.300000000e-02	2.323153858e+00	4.658315684e-03	6.055152001e-15
-5.350000000e-02	2.323158116e+00	4.465829876e-03	7.361150088e-15
-5.400000000e-02	2.323162390e+00	4.273343933e-03	8.075444172e-15
-5.450000000e-02	2.323166679e+00	4.080857860e-03	7.171988086e-15
-5.500000000e-02	2.323170983e+00	3.888371647e-03	7.613813072e-15
-5.550000000e-02	2.323175303e+00	3.695885316e-03	6.885475475e-15
-5.600000000e-02	2.323179638e+00	3.503398848e-03	6.475236420e-15
-5.650000000e-02	2.323183988e+00	3.310912272e-03	6.540475878e-15
-5.700000000e-02	2.323188353e+00	3.118425565e-03	4.665677063e-15
-5.750000000e-02	2.323192733e+00	2.925938753e-03	3.491705613e-15
-5.800000000e-02	2.323197129e+00	2.733451824e-03	5.430063746e-15
-5.850000000e-02	2.323201540e+00	2.540964790e-03	4.383369239e-15
-5.900000000e-02	2.323205966e+00	2.348477644e-03	6.279227271e-15
-5.950000000e-02	2.323210407e+00	2.155990407e-03	6.691118134e-15
-6.000000000e-02	2.323214864e+00	1.963503066e-03	7.996192285e-15
-6.050000000e-02	2.323219335e+00	1.771015629e-03	5.587575192e-15
-6.100000000e-02	2.323223823e+00	1.578528093e-03	6.730412118e-15
-6.150000000e-02	2.323228325e+00	1.386040478e-03	2.959736379e-15
-6.200000000e-02	2.323232842e+00	1.193552775e-03	3.121408200e-15
-6.250000000e-02	2.323237375e+00	1.001064989e-03	2.962058361e-15
-6.300000000e-02	2.323241923e+00	8.085771258e-04	3.643435813e-15
-6.350000000e-02	2.323246486e+00	6.160891862e-04	7.576291043e-15
-6.400000000e-02	2.323251065e+00	4.236011710e-04	5.089352575e-15
-6.450000000e-02	2.323255658e+00	2.311130908e-04	3.771534516e-15
-6.500000000e-02	2.323260267e+00	3.862493990e-05	6.129912230e-15
-6.550000000e-02	2.323264891e+00	-1.538632746e-04	9.675087418e-15
-6.600000000e-02	2.323269531e+00	-3.463515421e-04	5.487456947e-15
-6.650000000e-02	2.323274185e+00	-5.388398680e-04	7.434792762e-15
-6.700000000e-02	2.323278855e+00	-7.313282438e-04	2.051283352e-15
-6.750000000e-02	2.323283540e+00	-9.238166738e-04	2.562336531e-15
-6.800000000e-02	2.323288240e+00	-1.116305147e-03	7.506710237e-15
-6.850000000e-02	2.323292956e+00	-1.308793662e-03	6.842285555e-15
-6.900000000e-02	2.323297687e+00	-1.501282222e-03	4.053422519e-15
-6.950000000e-02	2.323302433e+00	-1.693770815e-03	7.723406593e-15
-7.000000000e-02	2.323307194e+00	-1.886259450e-03	6.731650882e-15
-7.050000000e-02	2.323311970e+00	-2.078748105e-03	2.634467051e-15
-7.100000000e-02	2.323316762e+00	-2.271236790e-03	7.832109279e-15
-7.150000000e-02	2.323321569e+00	-2.463725500e-03	8.827675582e-15
-7.200000000e-02	2.323326391e+00	-2.656214227e-03	6.782415528e-15
-7.250000000e-02	2.323331229e+00	-2.848702966e-03	3.155597596e-15
-7.300000000e-02	2.323336081e+00	-3.041191723e-03	5.103654154e-15
-7.350000000e-02	2.323340949e+00	-3.233680492e-03	6.192708416e-15
-7.400000000e-02	2.323345833e+00	-3.426169267e-03	5.336369013e-15
-7.450000000e-02	2.323350731e+00	-3.618658051e-03	6.008631131e-15
-7.500000000e-02	2.323355645e+00	-3.811146824e-03	7.538335977e-15
-7.550000000e-02	2.323360573e+00	-4.003635606e-03	2.089532356e-15
-7.600000000e-02	2.323365518e+00	-4.196124372e-03	7.031329952e-15
-7.650000000e-02	2.323370477e+00	-4.388613137e-03	8.623964689e-15
-7.700000000e-02	2.323375452e+00	-4.581101885e-03	3.994042388e-15
-7.750000000e-02	2.323380441e+00	-4.773590614e-03	5.217821403e-15
-7.800000000e-02	2.323385446e+00	-4.966079335e-03	8.160205374e-15
-7.850000000e-02	2.323390467e+00	-5.158568022e-03	6.415499225e-15
-7.900000000e-02	2.323395502e+00	-5.351056687e-03	3.883031703e-15
-7.950000000e-02	2.323400553e+00	-5.543545322e-03	3.608417073e-15
-8.000000000e-02	2.323405619e+00	-5.736033922e-03	5.065158953e-15
-8.050000000e-02	2.323410701e+00	-5.928522488e-03	6.469733465e-15
-8.100000000e-02	2.323415797e+00	-6.121011018e-03	5.503022189e-15
-8.150000000e-02	2.323420909e+00	-6.313499505e-03	4.310382872e-15
-8.200000000e-02	2.323426036e+00	-6.505987950e-03	5.071891259e-15
-8.250000000e-02	2.323431178e+00	-6.698476343e-03	5.413363045e-15
-8.300000000e-02	2.323436336e+00	-6.890964680e-03	2.363371807e-15
-8.350000000e-02	2.323441509e+00	-7.083452967e-03	8.125316351e-15
-8.400000000e-02	2.323446697e+00	-7.275941187e-03	7.870662482e-15
-8.450000000e-02	2.323451900e+00	-7.468429353e-03	5.070313974e-15
-8.500000000e-02	2.323457118e+00	-7.660917448e-03	7.131449870e-15
-8.550000000e-02	2.323462352e+00	-7.853405484e-03	6.716463506e-15
-8.600000000e-02	2.323467601e+00	-8.045893437e-03	3.382659482e-15
-8.650000000e-02	2.323472865e+00	-8.238381318e-03	9.285884112e-15
-8.700000000e-02	2.323478145e+00	-8.430869126e-03	4.082819850e-15
-8.750000000e-02	2.323483440e+00	-8.623356846e-03	4.640817169e-15
-8.800000000e-02	2.323488750e+00	-8.815844483e-03	6.363148753e-15
-8.850000000e-02	2.323494075e+00	-9.008332031e-03	6.519013788e-15
-8.900000000e-02	2.323499415e+00	-9.200819489e-03	6.653667356e-15
-8.950000000e-02	2.323504771e+00	-9.393306858e-03	7.430812892e-15
-9.000000000e-02	2.323510142e+00	-9.585794121e-03	7.594044784e-15
-9.050000000e-02	2.323515528e+00	-9.778281282e-03	3.297189357e-15
-9.100000000e-02	2.323520930e+00	-9.970768339e-03	8.496733689e-15
-9.150000000e-02	2.323526347e+00	-1.016325528e-02	4.875560805e-15
-9.200000000e-02	2.323531779e+00	-1.035574212e-02	4.767235543e-15
-9.250000000e-02	2.323537226e+00	-1.054822885e-02	1.314292854e-14
-9.300000000e-02	2.323542688e+00	-1.074071546e-02	3.333713362e-15
-9.350000000e-02	2.323548166e+00	-1.093320193e-02	7.228587773e-15
-9.400000000e-02	2.323553659e+00	-1.112568830e-02	5.690625038e-15
-9.450000000e-02	2.323559167e+00	-1.131817453e-02	4.606082280e-15
-9.500000000e-02	2.323564691e+00	-1.151066063e-02	4.865774235e-15
-9.550000000e-02	2.323570230e+00	-1.170314660e-02	6.354234291e-15
-9.600000000e-02	2.323575784e+00	-1.189563242e-02	5.388411328e-15
-9.650000000e-02	2.323581353e+00	-1.208811811e-02	6.841974098e-15
-9.700000000e-02	2.323586937e+00	-1.228060365e-02	8.764328433e-15
-9.750000000e-02	2.323592537e+00	-1.247308904e-02	2.103886200e-15
-9.800000000e-02	2.323598152e+00	-1.266557429e-02	5.568732223e-15
-9.850000000e-02	2.323603783e+00	-1.285805938e-02	4.163228463e-15
-9.900000000e-02	2.323609428e+00	-1.305054430e-02	6.306516408e-15
-9.950000000e-02	2.323615089e+00	-1.324302908e-02	5.061349116e-15
-1.000000000e-01	2.323620765e+00	-1.343551369e-02	5.454626091e-15
-1.005000000e-01	2.323626456e+00	-1.362799812e-02	2.117246046e-15
-1.010000000e-01	2.323632163e+00	-1.382048239e-02	7.768010909e-15
-1.015000000e-01	2.323637885e+00	-1.401296649e-02	6.718636417e-15
-1.020000000e-01	2.323643622e+00	-1.420545040e-02	4.363784364e-15
-1.025000000e-01	2.323649374e+00	-1.439793413e-02	5.984413550e-15
-1.030000000e-01	2.323655142e+00	-1.459041768e-02	2.350193521e-15
-1.035000000e-01	2.323660924e+00	-1.478290105e-02	5.361782608e-15
-1.040000000e-01	2.323666722e+00	-1.497538422e-02	3.313274549e-15
-1.045000000e-01	2.323672536e+00	-1.516786720e-02	5.071615437e-15
-1.050000000e-01	2.323678364e+00	-1.536034998e-02	6.732749740e-15
-1.055000000e-01	2.323684208e+00	-1.555283256e-02	6.164100224e-15
-1.060000000e-01	2.323690067e+00	-1.574531493e-02	8.009872064e-15
-1.065000000e-01	2.323695942e+00	-1.593779710e-02	3.954020031e-15
-1.070000000e-01	2.323701831e+00	-1.613027906e-02	5.581324991e-15
-1.075000000e-01	2.323707736e+00	-1.632276080e-02	5.105702213e-15
-1.080000000e-01	2.323713657e+00	-1.651524233e-02	6.846968760e-15
-1.085000000e-01	2.323719592e+00	-1.670772364e-02	2.835227582e-15
-1.090000000e-01	2.323725543e+00	-1.690020472e-02	4.977561245e-15
-1.095000000e-01	2.323731509e+00	-1.709268558e-02	6.934277551e-15
-1.100000000e-01	2.323737490e+00	-1.728516620e-02	4.885347562e-15
-1.105000000e-01	2.323743486e+00	-1.747764659e-02	5.830764900e-15
-1.110000000e-01	2.323749498e+00	-1.767012674e-02	5.954176994e-15
-1.115000000e-01	2.323755525e+00	-1.786260665e-02	5.729281283e-15
-1.120000000e-01	2.323761567e+00	-1.805508632e-02	4.316437702e-15
-1.125000000e-01	2.323767625e+00	-1.824756575e-02	7.005179384e-15
-1.130000000e-01	2.323773697e+00	-1.844004492e-02	7.126331842e-15
-1.135000000e-01	2.323779785e+00	-1.863252383e-02	1.712302311e-15
-1.140000000e-01	2.323785889e+00	-1.882500249e-02	4.458611546e-15
-1.145000000e-01	2.323792007e+00	-1.901748089e-02	7.065523317e-15
-1.150000000e-01	2.323798141e+00	-1.920995903e-02	5.167137031e-15
-1.155000000e-01	2.323804290e+00	-1.940243690e-02	5.409603566e-15
-1.160000000e-01	2.323810455e+00	-1.959491450e-02	4.837413580e-15
-1.165000000e-01	2.323816634e+00	-1.978739182e-02	6.966130655e-15
-1.170000000e-01	2.323822829e+00	-1.997986887e-02	4.801164926e-15
-1.175000000e-01	2.323829039e+00	-2.017234563e-02	5.625160502e-15
-1.180000000e-01	2.323835264e+00	-2.036482212e-02	7.393789148e-15
-1.185000000e-01	2.323841505e+00	-2.055729832e-02	4.721945588e-15
-1.190000000e-01	2.323847761e+00	-2.074977422e-02	5.182901304e-15
-1.195000000e-01	2.323854032e+00	-2.094224983e-02	5.125699810e-15
-1.200000000e-01	2.323860319e+00	-2.113472515e-02	6.343437483e-15
-1.205000000e-01	2.323866620e+00	-2.132720016e-02	1.972263728e-15
-1.210000000e-01	2.323872937e+00	-2.151967487e-02	4.487193311e-15
-1.215000000e-01	2.323879270e+00	-2.171214927e-02	8.737190034e-15
-1.220000000e-01	2.323885617e+00	-2.190462337e-02	6.943115834e-15
-1.225000000e-01	2.323891980e+00	-2.209709715e-02	6.808073722e-15
-1.230000000e-01	2.323898358e+00	-2.228957062e-02	7.197157171e-15
-1.235000000e-01	2.323904751e+00	-2.248204375e-02	4.944278867e-15
-1.240000000e-01	2.323911160e+00	-2.267451657e-02	4.145576304e-15
-1.245000000e-01	2.323917584e+00	-2.286698906e-02	6.407821740e-15
-1.250000000e-01	2.323924023e+00	-2.305946123e-02	6.947163264e-15
-1.255000000e-01	2.323930477e+00	-2.325193305e-02	5.497333744e-15
-1.260000000e-01	2.323936947e+00	-2.344440455e-02	3.640627344e-15
-1.265000000e-01	2.323943432e+00	-2.363687569e-02	4.711296210e-15
-1.270000000e-01	2.323949932e+00	-2.382934650e-02	7.410377343e-15
-1.275000000e-01	2.323956447e+00	-2.402181696e-02	6.365780925e-15
-1.280000000e-01	2.323962978e+00	-2.421428707e-02	8.487255457e-15
-1.285000000e-01	2.323969524e+00	-2.440675682e-02	4.637073376e-15
-1.290000000e-01	2.323976085e+00	-2.459922622e-02	6.683853430e-15
-1.295000000e-01	2.323982662e+00	-2.479169526e-02	5.321951323e-15
-1.300000000e-01	2.323989254e+00	-2.498416393e-02	3.515123772e-15
-1.305000000e-01	2.323995861e+00	-2.517663224e-02	3.263701541e-15
-1.310000000e-01	2.324002483e+00	-2.536910017e-02	8.144990982e-15
-1.315000000e-01	2.324009121e+00	-2.556156774e-02	2.875683056e-15
-1.320000000e-01	2.324015774e+00	-2.575403493e-02	6.943906516e-15
-1.325000000e-01	2.324022442e+00	-2.594650173e-02	5.701057532e-15
-1.330000000e-01	2.324029125e+00	-2.613896815e-02	7.055710259e-15
-1.335000000e-01	2.324035824e+00	-2.633143418e-02	5.689581240e-15
-1.340000000e-01	2.324042538e+00	-2.652389982e-02	8.234902672e-15
-1.345000000e-01	2.324049267e+00	-2.671636508e-02	5.195791513e-15
-1.350000000e-01	2.324056011e+00	-2.690882993e-02	6.792684274e-15
-1.355000000e-01	2.324062771e+00	-2.710129438e-02	7.223125440e-15
-1.360000000e-01	2.324069546e+00	-2.729375843e-02	4.027494119e-15
-1.365000000e-01	2.324076337e+00	-2.748622207e-02	7.132214695e-15
-1.370000000e-01	2.324083142e+00	-2.767868530e-02	2.481801484e-15
-1.375000000e-01	2.324089963e+00	-2.787114812e-02	8.032372431e-15
-1.380000000e-01	2.324096799e+00	-2.806361051e-02	3.746719335e-15
-1.385000000e-01	2.324103651e+00	-2.825607250e-02	4.793047902e-15
-1.390000000e-01	2.324110517e+00	-2.844853405e-02	4.630354335e-15
-1.395000000e-01	2.324117399e+00	-2.864099517e-02	7.397617807e-15
-1.400000000e-01	2.324124296e+00	-2.883345587e-02	5.988250907e-15
-1.405000000e-01	2.324131209e+00	-2.902591614e-02	4.349094597e-15
-1.410000000e-01	2.324138137e+00	-2.921837596e-02	6.769826087e-15
-1.415000000e-01	2.324145080e+00	-2.941083535e-02	4.770082608e-15
-1.420000000e-01	2.324152038e+00	-2.960329429e-02	5.093934746e-15
-1.425000000e-01	2.324159012e+00	-2.979575278e-02	3.413739934e-15
-1.430000000e-01	2.324166000e+00	-2.998821082e-02	7.410196669e-15
-1.435000000e-01	2.324173005e+00	-3.018066841e-02	3.291773518e-15
-1.440000000e-01	2.324180024e+00	-3.037312554e-02	6.979983996e-15
-1.445000000e-01	2.324187059e+00	-3.056558221e-02	3.957533293e-15
-1.450000000e-01	2.324194109e+00	-3.075803842e-02	1.710731586e-15
-1.455000000e-01	2.324201174e+00	-3.095049415e-02	2.853281802e-15
-1.460000000e-01	2.324208254e+00	-3.114294942e-02	8.642456288e-15
-1.465000000e-01	2.324215350e+00	-3.133540422e-02	8.472298256e-15
-1.470000000e-01	2.324222461e+00	-3.152785853e-02	4.691384818e-15
-1.475000000e-01	2.324229588e+00	-3.172031236e-02	4.684242314e-15
-1.480000000e-01	2.324236729e+00	-3.191276572e-02	4.913321466e-15
-1.485000000e-01	2.324243886e+00	-3.210521858e-02	8.885871850e-15
-1.490000000e-01	2.324251058e+00	-3.229767095e-02	3.865810527e-15
-1.495000000e-01	2.324258246e+00	-3.249012282e-02	4.848449846e-15
-1.500000000e-01	2.324265448e+00	-3.268257420e-02	5.732231390e-15
