# epsi_ci     Re(Lambda)      Im(Lambda)      Eq(det), R = 0.10 $\mu$m, $E_p$ = 0.900 eV, modo = 2, $\epsilon_\infty$ = 3.9, $\gamma_{DL}$ = 0.01 eV, solve_det_sinkz_vs_mu.py
0.000000000e+00	2.308700449e+00	2.333109868e-02	6.593986864e-15
-5.000000000e-04	2.308703455e+00	2.313816089e-02	5.393281691e-15
-1.000000000e-03	2.308706476e+00	2.294522290e-02	8.179642334e-15
-1.500000000e-03	2.308709513e+00	2.275228471e-02	5.942649631e-15
-2.000000000e-03	2.308712566e+00	2.255934634e-02	7.577079604e-15
-2.500000000e-03	2.308715635e+00	2.236640778e-02	6.013170604e-15
-3.000000000e-03	2.308718719e+00	2.217346904e-02	6.425367251e-15
-3.500000000e-03	2.308721819e+00	2.198053011e-02	5.369788038e-15
-4.000000000e-03	2.308724935e+00	2.178759101e-02	5.588964780e-15
-4.500000000e-03	2.308728066e+00	2.159465175e-02	4.443691932e-15
-5.000000000e-03	2.308731213e+00	2.140171230e-02	6.076141670e-15
-5.500000000e-03	2.308734376e+00	2.120877270e-02	5.515214934e-15
-6.000000000e-03	2.308737555e+00	2.101583294e-02	3.959367852e-15
-6.500000000e-03	2.308740749e+00	2.082289302e-02	6.925985601e-15
-7.000000000e-03	2.308743960e+00	2.062995294e-02	7.994680779e-15
-7.500000000e-03	2.308747186e+00	2.043701272e-02	5.855825074e-15
-8.000000000e-03	2.308750427e+00	2.024407234e-02	9.398773876e-15
-8.500000000e-03	2.308753685e+00	2.005113183e-02	6.355770778e-15
-9.000000000e-03	2.308756958e+00	1.985819118e-02	5.021309602e-15
-9.500000000e-03	2.308760247e+00	1.966525039e-02	2.906601221e-15
-1.000000000e-02	2.308763551e+00	1.947230947e-02	7.160504509e-15
-1.050000000e-02	2.308766872e+00	1.927936842e-02	5.329403004e-15
-1.100000000e-02	2.308770208e+00	1.908642726e-02	3.886835938e-15
-1.150000000e-02	2.308773560e+00	1.889348597e-02	5.586934392e-15
-1.200000000e-02	2.308776928e+00	1.870054456e-02	5.010264122e-15
-1.250000000e-02	2.308780311e+00	1.850760303e-02	6.425256603e-15
-1.300000000e-02	2.308783710e+00	1.831466140e-02	6.711990417e-15
-1.350000000e-02	2.308787125e+00	1.812171967e-02	6.519650214e-15
-1.400000000e-02	2.308790555e+00	1.792877783e-02	2.283668401e-15
-1.450000000e-02	2.308794002e+00	1.773583589e-02	6.639863514e-15
-1.500000000e-02	2.308797464e+00	1.754289387e-02	3.457009141e-15
-1.550000000e-02	2.308800942e+00	1.734995174e-02	5.751399493e-15
-1.600000000e-02	2.308804435e+00	1.715700953e-02	8.794951674e-15
-1.650000000e-02	2.308807945e+00	1.696406724e-02	5.935968099e-15
-1.700000000e-02	2.308811470e+00	1.677112487e-02	4.036268004e-15
-1.750000000e-02	2.308815011e+00	1.657818243e-02	1.019248052e-14
-1.800000000e-02	2.308818567e+00	1.638523990e-02	6.383992199e-15
-1.850000000e-02	2.308822139e+00	1.619229731e-02	2.485756687e-15
-1.900000000e-02	2.308825727e+00	1.599935466e-02	4.677549113e-15
-1.950000000e-02	2.308829331e+00	1.580641194e-02	8.656946462e-15
-2.000000000e-02	2.308832951e+00	1.561346917e-02	3.988083342e-15
-2.050000000e-02	2.308836586e+00	1.542052634e-02	8.547273520e-15
-2.100000000e-02	2.308840237e+00	1.522758346e-02	7.108615759e-15
-2.150000000e-02	2.308843904e+00	1.503464054e-02	4.981632282e-15
-2.200000000e-02	2.308847586e+00	1.484169757e-02	8.493775628e-15
-2.250000000e-02	2.308851285e+00	1.464875456e-02	7.163509164e-15
-2.300000000e-02	2.308854999e+00	1.445581153e-02	8.014792582e-15
-2.350000000e-02	2.308858728e+00	1.426286845e-02	5.953443756e-15
-2.400000000e-02	2.308862474e+00	1.406992534e-02	5.745072258e-15
-2.450000000e-02	2.308866235e+00	1.387698223e-02	1.010008380e-14
-2.500000000e-02	2.308870012e+00	1.368403907e-02	8.808441596e-15
-2.550000000e-02	2.308873805e+00	1.349109591e-02	5.075307955e-15
-2.600000000e-02	2.308877613e+00	1.329815273e-02	8.644481118e-15
-2.650000000e-02	2.308881438e+00	1.310520954e-02	6.375282601e-15
-2.700000000e-02	2.308885278e+00	1.291226635e-02	4.179369972e-15
-2.750000000e-02	2.308889133e+00	1.271932315e-02	6.011915270e-15
-2.800000000e-02	2.308893005e+00	1.252637996e-02	4.455721737e-15
-2.850000000e-02	2.308896892e+00	1.233343677e-02	1.657887670e-15
-2.900000000e-02	2.308900795e+00	1.214049359e-02	3.332530188e-15
-2.950000000e-02	2.308904714e+00	1.194755042e-02	5.862336646e-15
-3.000000000e-02	2.308908648e+00	1.175460727e-02	6.296284747e-15
-3.050000000e-02	2.308912598e+00	1.156166414e-02	6.911199382e-15
-3.100000000e-02	2.308916564e+00	1.136872103e-02	4.009270650e-15
-3.150000000e-02	2.308920546e+00	1.117577795e-02	4.812355254e-15
-3.200000000e-02	2.308924544e+00	1.098283489e-02	5.409270950e-15
-3.250000000e-02	2.308928557e+00	1.078989187e-02	1.214055065e-14
-3.300000000e-02	2.308932586e+00	1.059694891e-02	6.539613574e-15
-3.350000000e-02	2.308936630e+00	1.040400597e-02	3.500347453e-15
-3.400000000e-02	2.308940691e+00	1.021106308e-02	9.224479535e-15
-3.450000000e-02	2.308944767e+00	1.001812024e-02	3.554253891e-15
-3.500000000e-02	2.308948859e+00	9.825177448e-03	2.884913600e-15
-3.550000000e-02	2.308952967e+00	9.632234721e-03	6.210748966e-15
-3.600000000e-02	2.308957090e+00	9.439292045e-03	4.704151841e-15
-3.650000000e-02	2.308961229e+00	9.246349443e-03	8.504739624e-15
-3.700000000e-02	2.308965384e+00	9.053406905e-03	6.098845652e-15
-3.750000000e-02	2.308969555e+00	8.860464437e-03	4.464071621e-15
-3.800000000e-02	2.308973741e+00	8.667522047e-03	7.930680029e-15
-3.850000000e-02	2.308977944e+00	8.474579734e-03	7.900305369e-15
-3.900000000e-02	2.308982161e+00	8.281637497e-03	1.010939168e-14
-3.950000000e-02	2.308986395e+00	8.088695356e-03	9.406669362e-15
-4.000000000e-02	2.308990645e+00	7.895753302e-03	4.306015670e-15
-4.050000000e-02	2.308994910e+00	7.702811341e-03	6.041101729e-15
-4.100000000e-02	2.308999191e+00	7.509869477e-03	4.596647361e-15
-4.150000000e-02	2.309003487e+00	7.316927714e-03	7.234260234e-15
-4.200000000e-02	2.309007800e+00	7.123986064e-03	5.331923795e-15
-4.250000000e-02	2.309012128e+00	6.931044515e-03	7.002487151e-15
-4.300000000e-02	2.309016472e+00	6.738103077e-03	4.640919924e-15
-4.350000000e-02	2.309020831e+00	6.545161753e-03	6.009996566e-15
-4.400000000e-02	2.309025207e+00	6.352220558e-03	6.744658669e-15
-4.450000000e-02	2.309029598e+00	6.159279479e-03	8.439344682e-15
-4.500000000e-02	2.309034005e+00	5.966338525e-03	4.215864913e-15
-4.550000000e-02	2.309038428e+00	5.773397703e-03	8.210226280e-15
-4.600000000e-02	2.309042866e+00	5.580457023e-03	5.693130188e-15
-4.650000000e-02	2.309047320e+00	5.387516469e-03	6.713516770e-15
-4.700000000e-02	2.309051790e+00	5.194576067e-03	6.897256630e-15
-4.750000000e-02	2.309056276e+00	5.001635804e-03	6.890783833e-15
-4.800000000e-02	2.309060777e+00	4.808695699e-03	1.017793852e-14
-4.850000000e-02	2.309065294e+00	4.615755736e-03	7.734603510e-15
-4.900000000e-02	2.309069827e+00	4.422815935e-03	9.351794064e-15
-4.950000000e-02	2.309074376e+00	4.229876291e-03	5.295416431e-15
-5.000000000e-02	2.309078940e+00	4.036936811e-03	6.793871819e-15
-5.050000000e-02	2.309083520e+00	3.843997506e-03	5.784342944e-15
-5.100000000e-02	2.309088116e+00	3.651058364e-03	3.836816780e-15
-5.150000000e-02	2.309092728e+00	3.458119403e-03	6.119079721e-15
-5.200000000e-02	2.309097355e+00	3.265180614e-03	3.535112439e-15
-5.250000000e-02	2.309101998e+00	3.072242011e-03	6.969974568e-15
-5.300000000e-02	2.309106657e+00	2.879303598e-03	8.303859229e-15
-5.350000000e-02	2.309111332e+00	2.686365370e-03	6.282870914e-15
-5.400000000e-02	2.309116022e+00	2.493427334e-03	3.360592582e-15
-5.450000000e-02	2.309120728e+00	2.300489495e-03	7.220170015e-15
-5.500000000e-02	2.309125450e+00	2.107551858e-03	6.890419612e-15
-5.550000000e-02	2.309130188e+00	1.914614427e-03	6.236183401e-15
-5.600000000e-02	2.309134941e+00	1.721677206e-03	5.059991873e-15
-5.650000000e-02	2.309139711e+00	1.528740198e-03	6.534559788e-15
-5.700000000e-02	2.309144495e+00	1.335803398e-03	5.329117710e-15
-5.750000000e-02	2.309149296e+00	1.142866824e-03	6.397759750e-15
-5.800000000e-02	2.309154112e+00	9.499304728e-04	4.107693263e-15
-5.850000000e-02	2.309158945e+00	7.569943462e-04	2.626187426e-15
-5.900000000e-02	2.309163792e+00	5.640584484e-04	5.548034094e-15
-5.950000000e-02	2.309168656e+00	3.711227842e-04	9.166054133e-15
-6.000000000e-02	2.309173535e+00	1.781873640e-04	5.056885651e-15
-6.050000000e-02	2.309178431e+00	-1.474781394e-05	3.867100453e-15
-6.100000000e-02	2.309183341e+00	-2.076827504e-04	4.845290056e-15
-6.150000000e-02	2.309188268e+00	-4.006174417e-04	5.896412054e-15
-6.200000000e-02	2.309193210e+00	-5.935518771e-04	6.209541708e-15
-6.250000000e-02	2.309198169e+00	-7.864860571e-04	6.261604904e-15
-6.300000000e-02	2.309203142e+00	-9.794199767e-04	6.224211437e-15
-6.350000000e-02	2.309208132e+00	-1.172353633e-03	9.018963027e-15
-6.400000000e-02	2.309213137e+00	-1.365287015e-03	7.106884254e-15
-6.450000000e-02	2.309218159e+00	-1.558220127e-03	8.610461723e-15
-6.500000000e-02	2.309223195e+00	-1.751152970e-03	6.520599547e-15
-6.550000000e-02	2.309228248e+00	-1.944085537e-03	3.131102862e-15
-6.600000000e-02	2.309233316e+00	-2.137017816e-03	3.243959364e-15
-6.650000000e-02	2.309238401e+00	-2.329949809e-03	6.951979400e-15
-6.700000000e-02	2.309243500e+00	-2.522881520e-03	5.756888090e-15
-6.750000000e-02	2.309248616e+00	-2.715812928e-03	5.948667834e-15
-6.800000000e-02	2.309253747e+00	-2.908744043e-03	2.736275835e-15
-6.850000000e-02	2.309258895e+00	-3.101674863e-03	1.083525329e-14
-6.900000000e-02	2.309264057e+00	-3.294605367e-03	8.055618548e-15
-6.950000000e-02	2.309269236e+00	-3.487535566e-03	4.732894830e-15
-7.000000000e-02	2.309274430e+00	-3.680465458e-03	5.994783826e-15
-7.050000000e-02	2.309279640e+00	-3.873395029e-03	8.217150477e-15
-7.100000000e-02	2.309284866e+00	-4.066324289e-03	5.315888207e-15
-7.150000000e-02	2.309290108e+00	-4.259253217e-03	6.397000211e-15
-7.200000000e-02	2.309295365e+00	-4.452181821e-03	7.862902949e-15
-7.250000000e-02	2.309300638e+00	-4.645110101e-03	4.488545050e-15
-7.300000000e-02	2.309305927e+00	-4.838038039e-03	5.711687867e-15
-7.350000000e-02	2.309311232e+00	-5.030965642e-03	5.727244006e-15
-7.400000000e-02	2.309316552e+00	-5.223892904e-03	5.274029020e-15
-7.450000000e-02	2.309321888e+00	-5.416819818e-03	5.468121606e-15
-7.500000000e-02	2.309327240e+00	-5.609746389e-03	5.462922285e-15
-7.550000000e-02	2.309332608e+00	-5.802672601e-03	6.300541074e-15
-7.600000000e-02	2.309337991e+00	-5.995598464e-03	4.177925317e-15
-7.650000000e-02	2.309343390e+00	-6.188523961e-03	5.537103213e-15
-7.700000000e-02	2.309348805e+00	-6.381449098e-03	4.612587010e-15
-7.750000000e-02	2.309354236e+00	-6.574373864e-03	6.482904755e-15
-7.800000000e-02	2.309359682e+00	-6.767298264e-03	8.035058705e-15
-7.850000000e-02	2.309365144e+00	-6.960222283e-03	3.463638785e-15
-7.900000000e-02	2.309370622e+00	-7.153145927e-03	3.663705751e-15
-7.950000000e-02	2.309376116e+00	-7.346069184e-03	4.783132682e-15
-8.000000000e-02	2.309381625e+00	-7.538992061e-03	6.943081031e-15
-8.050000000e-02	2.309387150e+00	-7.731914547e-03	3.388027178e-15
-8.100000000e-02	2.309392691e+00	-7.924836641e-03	4.336600682e-15
-8.150000000e-02	2.309398247e+00	-8.117758337e-03	7.052135277e-15
-8.200000000e-02	2.309403820e+00	-8.310679635e-03	1.016799223e-14
-8.250000000e-02	2.309409408e+00	-8.503600522e-03	5.756393179e-15
-8.300000000e-02	2.309415012e+00	-8.696521006e-03	8.348956881e-15
-8.350000000e-02	2.309420631e+00	-8.889441079e-03	7.822929371e-15
-8.400000000e-02	2.309426266e+00	-9.082360734e-03	9.751929301e-15
-8.450000000e-02	2.309431918e+00	-9.275279966e-03	3.659595728e-15
-8.500000000e-02	2.309437584e+00	-9.468198778e-03	6.060075634e-15
-8.550000000e-02	2.309443267e+00	-9.661117168e-03	4.284823984e-15
-8.600000000e-02	2.309448965e+00	-9.854035120e-03	4.690322542e-15
-8.650000000e-02	2.309454679e+00	-1.004695265e-02	6.337461994e-15
-8.700000000e-02	2.309460409e+00	-1.023986973e-02	5.630125489e-15
-8.750000000e-02	2.309466155e+00	-1.043278638e-02	7.601511995e-15
-8.800000000e-02	2.309471916e+00	-1.062570256e-02	7.812236174e-15
-8.850000000e-02	2.309477693e+00	-1.081861832e-02	1.059687240e-14
-8.900000000e-02	2.309483486e+00	-1.101153362e-02	4.942803189e-15
-8.950000000e-02	2.309489294e+00	-1.120444846e-02	6.490400967e-15
-9.000000000e-02	2.309495119e+00	-1.139736284e-02	7.513542985e-15
-9.050000000e-02	2.309500959e+00	-1.159027675e-02	7.185527111e-15
-9.100000000e-02	2.309506814e+00	-1.178319020e-02	4.533279525e-15
-9.150000000e-02	2.309512686e+00	-1.197610318e-02	8.104382677e-15
-9.200000000e-02	2.309518573e+00	-1.216901569e-02	4.033939759e-15
-9.250000000e-02	2.309524476e+00	-1.236192771e-02	6.223652949e-15
-9.300000000e-02	2.309530395e+00	-1.255483925e-02	3.444439852e-15
-9.350000000e-02	2.309536329e+00	-1.274775031e-02	5.245090666e-15
-9.400000000e-02	2.309542280e+00	-1.294066088e-02	4.992297365e-15
-9.450000000e-02	2.309548246e+00	-1.313357095e-02	6.177631982e-15
-9.500000000e-02	2.309554227e+00	-1.332648053e-02	5.964000426e-15
-9.550000000e-02	2.309560225e+00	-1.351938961e-02	6.217619957e-15
-9.600000000e-02	2.309566238e+00	-1.371229818e-02	6.010399684e-15
-9.650000000e-02	2.309572267e+00	-1.390520624e-02	3.559686190e-15
-9.700000000e-02	2.309578312e+00	-1.409811380e-02	2.911239032e-15
-9.750000000e-02	2.309584372e+00	-1.429102083e-02	4.923559016e-15
-9.800000000e-02	2.309590449e+00	-1.448392735e-02	6.113465700e-15
-9.850000000e-02	2.309596541e+00	-1.467683334e-02	7.051966728e-15
-9.900000000e-02	2.309602648e+00	-1.486973882e-02	6.414697877e-15
-9.950000000e-02	2.309608772e+00	-1.506264375e-02	9.050143955e-15
-1.000000000e-01	2.309614911e+00	-1.525554816e-02	5.749640509e-15
-1.005000000e-01	2.309621066e+00	-1.544845203e-02	9.215260698e-15
-1.010000000e-01	2.309627237e+00	-1.564135535e-02	5.516067884e-15
-1.015000000e-01	2.309633423e+00	-1.583425812e-02	1.050089170e-14
-1.020000000e-01	2.309639625e+00	-1.602716036e-02	5.843026805e-15
-1.025000000e-01	2.309645843e+00	-1.622006204e-02	6.582679368e-15
-1.030000000e-01	2.309652077e+00	-1.641296316e-02	8.772875642e-15
-1.035000000e-01	2.309658326e+00	-1.660586372e-02	4.227990406e-15
-1.040000000e-01	2.309664591e+00	-1.679876372e-02	7.990001042e-15
-1.045000000e-01	2.309670872e+00	-1.699166316e-02	5.931025513e-15
-1.050000000e-01	2.309677169e+00	-1.718456201e-02	8.888725479e-15
-1.055000000e-01	2.309683481e+00	-1.737746030e-02	7.243576856e-15
-1.060000000e-01	2.309689809e+00	-1.757035801e-02	5.123725618e-15
-1.065000000e-01	2.309696153e+00	-1.776325513e-02	7.535258207e-15
-1.070000000e-01	2.309702513e+00	-1.795615167e-02	5.275880191e-15
-1.075000000e-01	2.309708888e+00	-1.814904762e-02	5.807086615e-15
-1.080000000e-01	2.309715279e+00	-1.834194298e-02	6.726022058e-15
-1.085000000e-01	2.309721686e+00	-1.853483774e-02	5.718385638e-15
-1.090000000e-01	2.309728109e+00	-1.872773189e-02	5.197263905e-15
-1.095000000e-01	2.309734547e+00	-1.892062545e-02	7.902463573e-15
-1.100000000e-01	2.309741001e+00	-1.911351840e-02	1.610861953e-15
-1.105000000e-01	2.309747471e+00	-1.930641073e-02	3.766015446e-15
-1.110000000e-01	2.309753956e+00	-1.949930245e-02	6.130547147e-15
-1.115000000e-01	2.309760458e+00	-1.969219355e-02	4.959944880e-15
-1.120000000e-01	2.309766975e+00	-1.988508402e-02	7.782084247e-15
-1.125000000e-01	2.309773508e+00	-2.007797388e-02	4.560689785e-15
-1.130000000e-01	2.309780056e+00	-2.027086310e-02	8.351685578e-15
-1.135000000e-01	2.309786620e+00	-2.046375169e-02	6.014185840e-15
-1.140000000e-01	2.309793200e+00	-2.065663963e-02	7.228887866e-15
-1.145000000e-01	2.309799796e+00	-2.084952694e-02	4.102767503e-15
-1.150000000e-01	2.309806408e+00	-2.104241360e-02	5.339542845e-15
-1.155000000e-01	2.309813035e+00	-2.123529961e-02	7.784241168e-15
-1.160000000e-01	2.309819678e+00	-2.142818497e-02	4.574254511e-15
-1.165000000e-01	2.309826336e+00	-2.162106967e-02	5.216242524e-15
-1.170000000e-01	2.309833011e+00	-2.181395372e-02	5.039644644e-15
-1.175000000e-01	2.309839701e+00	-2.200683710e-02	5.772136622e-15
-1.180000000e-01	2.309846407e+00	-2.219971981e-02	5.516287069e-15
-1.185000000e-01	2.309853129e+00	-2.239260185e-02	5.142969689e-15
-1.190000000e-01	2.309859866e+00	-2.258548322e-02	7.455003290e-15
-1.195000000e-01	2.309866619e+00	-2.277836391e-02	5.132934760e-15
-1.200000000e-01	2.309873388e+00	-2.297124392e-02	8.237887423e-15
-1.205000000e-01	2.309880173e+00	-2.316412324e-02	5.591386131e-15
-1.210000000e-01	2.309886973e+00	-2.335700186e-02	6.331728900e-15
-1.215000000e-01	2.309893789e+00	-2.354987981e-02	7.248676258e-15
-1.220000000e-01	2.309900621e+00	-2.374275704e-02	4.724617013e-15
-1.225000000e-01	2.309907469e+00	-2.393563359e-02	8.336591210e-15
-1.230000000e-01	2.309914332e+00	-2.412850942e-02	8.739933075e-15
-1.235000000e-01	2.309921211e+00	-2.432138455e-02	6.841376888e-15
-1.240000000e-01	2.309928106e+00	-2.451425896e-02	6.900985463e-15
-1.245000000e-01	2.309935016e+00	-2.470713266e-02	4.439190826e-15
-1.250000000e-01	2.309941943e+00	-2.490000564e-02	6.902030291e-15
-1.255000000e-01	2.309948885e+00	-2.509287789e-02	7.571282755e-15
-1.260000000e-01	2.309955842e+00	-2.528574942e-02	9.454020603e-15
-1.265000000e-01	2.309962816e+00	-2.547862023e-02	4.590125190e-15
-1.270000000e-01	2.309969805e+00	-2.567149029e-02	3.704603611e-15
-1.275000000e-01	2.309976810e+00	-2.586435963e-02	6.841147774e-15
-1.280000000e-01	2.309983831e+00	-2.605722821e-02	5.761639617e-15
-1.285000000e-01	2.309990867e+00	-2.625009605e-02	5.269029125e-15
-1.290000000e-01	2.309997919e+00	-2.644296314e-02	7.709415487e-15
-1.295000000e-01	2.310004987e+00	-2.663582948e-02	5.155348244e-15
-1.300000000e-01	2.310012071e+00	-2.682869507e-02	4.750536237e-15
-1.305000000e-01	2.310019170e+00	-2.702155989e-02	2.697926764e-15
-1.310000000e-01	2.310026285e+00	-2.721442395e-02	5.098604762e-15
-1.315000000e-01	2.310033416e+00	-2.740728724e-02	3.866151684e-15
-1.320000000e-01	2.310040563e+00	-2.760014976e-02	6.421636742e-15
-1.325000000e-01	2.310047725e+00	-2.779301151e-02	4.350057213e-15
-1.330000000e-01	2.310054903e+00	-2.798587248e-02	5.312469153e-15
-1.335000000e-01	2.310062097e+00	-2.817873267e-02	4.171311285e-15
-1.340000000e-01	2.310069306e+00	-2.837159207e-02	4.020602565e-15
-1.345000000e-01	2.310076531e+00	-2.856445067e-02	5.955017305e-15
-1.350000000e-01	2.310083772e+00	-2.875730849e-02	3.165942030e-15
-1.355000000e-01	2.310091029e+00	-2.895016551e-02	3.695503861e-15
-1.360000000e-01	2.310098302e+00	-2.914302173e-02	4.852006116e-15
-1.365000000e-01	2.310105590e+00	-2.933587714e-02	7.419903858e-15
-1.370000000e-01	2.310112894e+00	-2.952873175e-02	5.923974218e-15
-1.375000000e-01	2.310120213e+00	-2.972158554e-02	5.086115023e-15
-1.380000000e-01	2.310127549e+00	-2.991443852e-02	8.043898998e-15
-1.385000000e-01	2.310134900e+00	-3.010729068e-02	6.068419388e-15
-1.390000000e-01	2.310142267e+00	-3.030014202e-02	5.535331848e-15
-1.395000000e-01	2.310149649e+00	-3.049299252e-02	4.119983859e-15
-1.400000000e-01	2.310157048e+00	-3.068584221e-02	8.437482061e-15
-1.405000000e-01	2.310164462e+00	-3.087869105e-02	3.391717058e-15
-1.410000000e-01	2.310171891e+00	-3.107153906e-02	5.431601608e-15
-1.415000000e-01	2.310179337e+00	-3.126438622e-02	5.423726177e-15
-1.420000000e-01	2.310186798e+00	-3.145723254e-02	5.092068251e-15
-1.425000000e-01	2.310194275e+00	-3.165007801e-02	4.753723835e-15
-1.430000000e-01	2.310201768e+00	-3.184292263e-02	6.992427198e-15
-1.435000000e-01	2.310209276e+00	-3.203576639e-02	7.827090926e-15
-1.440000000e-01	2.310216800e+00	-3.222860929e-02	4.594792808e-15
-1.445000000e-01	2.310224340e+00	-3.242145133e-02	5.768833980e-15
-1.450000000e-01	2.310231896e+00	-3.261429250e-02	4.936611866e-15
-1.455000000e-01	2.310239467e+00	-3.280713280e-02	3.102536056e-15
-1.460000000e-01	2.310247054e+00	-3.299997222e-02	5.184368252e-15
-1.465000000e-01	2.310254657e+00	-3.319281077e-02	3.175469263e-15
-1.470000000e-01	2.310262276e+00	-3.338564843e-02	6.039828787e-15
-1.475000000e-01	2.310269910e+00	-3.357848521e-02	9.892668589e-15
-1.480000000e-01	2.310277560e+00	-3.377132110e-02	7.994825003e-15
-1.485000000e-01	2.310285225e+00	-3.396415609e-02	6.615059178e-15
-1.490000000e-01	2.310292907e+00	-3.415699019e-02	4.734209016e-15
-1.495000000e-01	2.310300604e+00	-3.434982338e-02	6.052497305e-15
-1.500000000e-01	2.310308317e+00	-3.454265568e-02	7.586866311e-15
