# epsi_ci     Re(Lambda)      Im(Lambda)      Eq(det), R = 0.10 $\mu$m, $E_p$ = 0.900 eV, modo = 2, $\epsilon_\infty$ = 3.9, $\gamma_{DL}$ = 0.01 eV, solve_det_sinkz_vs_mu.py
0.000000000e+00	2.279652143e+00	2.109707030e-02	7.316680663e-15
-5.000000000e-04	2.279655303e+00	2.090461080e-02	1.151492206e-14
-1.000000000e-03	2.279658480e+00	2.071215126e-02	7.561803202e-15
-1.500000000e-03	2.279661673e+00	2.051969168e-02	1.071468329e-14
-2.000000000e-03	2.279664881e+00	2.032723206e-02	4.169270269e-15
-2.500000000e-03	2.279668106e+00	2.013477241e-02	4.816729687e-15
-3.000000000e-03	2.279671347e+00	1.994231273e-02	1.050439610e-14
-3.500000000e-03	2.279674604e+00	1.974985302e-02	8.933374169e-15
-4.000000000e-03	2.279677878e+00	1.955739329e-02	6.859743300e-15
-4.500000000e-03	2.279681167e+00	1.936493354e-02	7.816474809e-15
-5.000000000e-03	2.279684473e+00	1.917247378e-02	7.541529126e-15
-5.500000000e-03	2.279687794e+00	1.898001400e-02	6.060881531e-15
-6.000000000e-03	2.279691132e+00	1.878755421e-02	8.180682026e-15
-6.500000000e-03	2.279694486e+00	1.859509444e-02	7.473860359e-15
-7.000000000e-03	2.279697856e+00	1.840263466e-02	7.702390359e-15
-7.500000000e-03	2.279701243e+00	1.821017488e-02	1.040245865e-14
-8.000000000e-03	2.279704645e+00	1.801771511e-02	7.651879118e-15
-8.500000000e-03	2.279708064e+00	1.782525536e-02	1.055273400e-14
-9.000000000e-03	2.279711498e+00	1.763279563e-02	5.130949511e-15
-9.500000000e-03	2.279714949e+00	1.744033592e-02	8.233769982e-15
-1.000000000e-02	2.279718416e+00	1.724787624e-02	4.664777994e-15
-1.050000000e-02	2.279721899e+00	1.705541658e-02	6.445814044e-15
-1.100000000e-02	2.279725399e+00	1.686295696e-02	8.220747676e-15
-1.150000000e-02	2.279728914e+00	1.667049737e-02	1.287063771e-14
-1.200000000e-02	2.279732446e+00	1.647803784e-02	6.528764722e-15
-1.250000000e-02	2.279735993e+00	1.628557834e-02	6.055374152e-15
-1.300000000e-02	2.279739557e+00	1.609311890e-02	7.221417133e-15
-1.350000000e-02	2.279743137e+00	1.590065951e-02	7.588265934e-15
-1.400000000e-02	2.279746733e+00	1.570820018e-02	8.928040136e-15
-1.450000000e-02	2.279750345e+00	1.551574091e-02	6.796444822e-15
-1.500000000e-02	2.279753974e+00	1.532328171e-02	9.447516642e-15
-1.550000000e-02	2.279757618e+00	1.513082258e-02	5.577342247e-15
-1.600000000e-02	2.279761279e+00	1.493836352e-02	9.118155258e-15
-1.650000000e-02	2.279764956e+00	1.474590453e-02	7.706396888e-15
-1.700000000e-02	2.279768649e+00	1.455344564e-02	9.866665648e-15
-1.750000000e-02	2.279772358e+00	1.436098682e-02	1.069555023e-14
-1.800000000e-02	2.279776083e+00	1.416852810e-02	5.615858060e-15
-1.850000000e-02	2.279779824e+00	1.397606948e-02	5.385895667e-15
-1.900000000e-02	2.279783582e+00	1.378361095e-02	7.072182404e-15
-1.950000000e-02	2.279787355e+00	1.359115253e-02	4.187706651e-15
-2.000000000e-02	2.279791145e+00	1.339869420e-02	1.034948864e-14
-2.050000000e-02	2.279794951e+00	1.320623600e-02	5.249092233e-15
-2.100000000e-02	2.279798773e+00	1.301377790e-02	4.287685515e-15
-2.150000000e-02	2.279802611e+00	1.282131993e-02	4.109579596e-15
-2.200000000e-02	2.279806465e+00	1.262886208e-02	5.974396800e-15
-2.250000000e-02	2.279810336e+00	1.243640435e-02	7.211834594e-15
-2.300000000e-02	2.279814222e+00	1.224394675e-02	7.437800770e-15
-2.350000000e-02	2.279818125e+00	1.205148929e-02	3.156709658e-15
-2.400000000e-02	2.279822044e+00	1.185903197e-02	8.420857362e-15
-2.450000000e-02	2.279825979e+00	1.166657478e-02	8.241505630e-15
-2.500000000e-02	2.279829930e+00	1.147411775e-02	6.360243991e-15
-2.550000000e-02	2.279833897e+00	1.128166087e-02	5.127467746e-15
-2.600000000e-02	2.279837881e+00	1.108920415e-02	4.321212238e-15
-2.650000000e-02	2.279841880e+00	1.089674758e-02	7.182263362e-15
-2.700000000e-02	2.279845896e+00	1.070429117e-02	2.187540666e-15
-2.750000000e-02	2.279849928e+00	1.051183492e-02	6.848300478e-15
-2.800000000e-02	2.279853976e+00	1.031937886e-02	6.392433917e-15
-2.850000000e-02	2.279858040e+00	1.012692297e-02	7.086933238e-15
-2.900000000e-02	2.279862120e+00	9.934467252e-03	8.261761068e-15
-2.950000000e-02	2.279866217e+00	9.742011717e-03	2.688403655e-15
-3.000000000e-02	2.279870329e+00	9.549556371e-03	6.771525777e-15
-3.050000000e-02	2.279874458e+00	9.357101215e-03	5.738035565e-15
-3.100000000e-02	2.279878603e+00	9.164646261e-03	6.377953802e-15
-3.150000000e-02	2.279882763e+00	8.972191496e-03	7.812167607e-15
-3.200000000e-02	2.279886940e+00	8.779736939e-03	5.686401957e-15
-3.250000000e-02	2.279891134e+00	8.587282584e-03	7.369192299e-15
-3.300000000e-02	2.279895343e+00	8.394828453e-03	9.657241588e-15
-3.350000000e-02	2.279899568e+00	8.202374526e-03	6.672996345e-15
-3.400000000e-02	2.279903810e+00	8.009920815e-03	3.975153879e-15
-3.450000000e-02	2.279908068e+00	7.817467333e-03	7.836188438e-15
-3.500000000e-02	2.279912342e+00	7.625014075e-03	7.512741528e-15
-3.550000000e-02	2.279916632e+00	7.432561050e-03	7.696598165e-15
-3.600000000e-02	2.279920938e+00	7.240108263e-03	3.824305342e-15
-3.650000000e-02	2.279925260e+00	7.047655716e-03	9.205471827e-15
-3.700000000e-02	2.279929599e+00	6.855203408e-03	1.073997700e-14
-3.750000000e-02	2.279933953e+00	6.662751347e-03	1.008621775e-14
-3.800000000e-02	2.279938324e+00	6.470299540e-03	6.737848051e-15
-3.850000000e-02	2.279942711e+00	6.277847985e-03	8.129799898e-15
-3.900000000e-02	2.279947114e+00	6.085396686e-03	5.548861670e-15
-3.950000000e-02	2.279951533e+00	5.892945661e-03	7.245420486e-15
-4.000000000e-02	2.279955968e+00	5.700494897e-03	7.682715154e-15
-4.050000000e-02	2.279960419e+00	5.508044404e-03	6.468178687e-15
-4.100000000e-02	2.279964887e+00	5.315594180e-03	5.436696011e-15
-4.150000000e-02	2.279969371e+00	5.123144243e-03	4.908000888e-15
-4.200000000e-02	2.279973870e+00	4.930694590e-03	8.307770660e-15
-4.250000000e-02	2.279978386e+00	4.738245222e-03	4.854120963e-15
-4.300000000e-02	2.279982918e+00	4.545796145e-03	9.433259337e-15
-4.350000000e-02	2.279987467e+00	4.353347369e-03	6.998240910e-15
-4.400000000e-02	2.279992031e+00	4.160898882e-03	7.723525715e-15
-4.450000000e-02	2.279996611e+00	3.968450706e-03	5.774553144e-15
-4.500000000e-02	2.280001208e+00	3.776002833e-03	6.271048005e-15
-4.550000000e-02	2.280005821e+00	3.583555276e-03	4.546942460e-15
-4.600000000e-02	2.280010450e+00	3.391108036e-03	6.749866324e-15
-4.650000000e-02	2.280015095e+00	3.198661114e-03	8.213187905e-15
-4.700000000e-02	2.280019756e+00	3.006214509e-03	5.605331378e-15
-4.750000000e-02	2.280024433e+00	2.813768239e-03	5.785240194e-15
-4.800000000e-02	2.280029126e+00	2.621322296e-03	6.647373093e-15
-4.850000000e-02	2.280033836e+00	2.428876685e-03	7.177434139e-15
-4.900000000e-02	2.280038562e+00	2.236431426e-03	7.100162272e-15
-4.950000000e-02	2.280043303e+00	2.043986503e-03	7.662653274e-15
-5.000000000e-02	2.280048061e+00	1.851541926e-03	4.100452272e-15
-5.050000000e-02	2.280052835e+00	1.659097698e-03	1.046128532e-14
-5.100000000e-02	2.280057626e+00	1.466653836e-03	7.687552897e-15
-5.150000000e-02	2.280062432e+00	1.274210330e-03	7.883336749e-15
-5.200000000e-02	2.280067254e+00	1.081767178e-03	6.460469871e-15
-5.250000000e-02	2.280072093e+00	8.893244021e-04	5.874684326e-15
-5.300000000e-02	2.280076948e+00	6.968819957e-04	9.053742316e-15
-5.350000000e-02	2.280081819e+00	5.044399691e-04	4.705075404e-15
-5.400000000e-02	2.280086706e+00	3.119983208e-04	6.869511864e-15
-5.450000000e-02	2.280091609e+00	1.195570565e-04	5.550490427e-15
-5.500000000e-02	2.280096528e+00	-7.288382029e-05	8.010152060e-15
-5.550000000e-02	2.280101463e+00	-2.653243093e-04	8.263296656e-15
-5.600000000e-02	2.280106415e+00	-4.577643977e-04	5.876589773e-15
-5.650000000e-02	2.280111383e+00	-6.502040844e-04	7.105935328e-15
-5.700000000e-02	2.280116366e+00	-8.426433714e-04	6.568054034e-15
-5.750000000e-02	2.280121366e+00	-1.035082252e-03	8.791691768e-15
-5.800000000e-02	2.280126382e+00	-1.227520718e-03	4.981571397e-15
-5.850000000e-02	2.280131415e+00	-1.419958765e-03	1.053921191e-14
-5.900000000e-02	2.280136463e+00	-1.612396398e-03	6.441356391e-15
-5.950000000e-02	2.280141527e+00	-1.804833610e-03	5.964716362e-15
-6.000000000e-02	2.280146608e+00	-1.997270390e-03	7.130597491e-15
-6.050000000e-02	2.280151705e+00	-2.189706731e-03	6.166920532e-15
-6.100000000e-02	2.280156818e+00	-2.382142646e-03	4.669915865e-15
-6.150000000e-02	2.280161947e+00	-2.574578115e-03	8.188020824e-15
-6.200000000e-02	2.280167092e+00	-2.767013142e-03	7.256660912e-15
-6.250000000e-02	2.280172253e+00	-2.959447722e-03	6.848042610e-15
-6.300000000e-02	2.280177430e+00	-3.151881852e-03	1.097024462e-14
-6.350000000e-02	2.280182624e+00	-3.344315517e-03	4.765507855e-15
-6.400000000e-02	2.280187833e+00	-3.536748724e-03	1.207756281e-14
-6.450000000e-02	2.280193059e+00	-3.729181472e-03	6.151943937e-15
-6.500000000e-02	2.280198301e+00	-3.921613751e-03	7.911235488e-15
-6.550000000e-02	2.280203559e+00	-4.114045556e-03	5.382512107e-15
-6.600000000e-02	2.280208833e+00	-4.306476888e-03	8.806680533e-15
-6.650000000e-02	2.280214123e+00	-4.498907740e-03	3.965248847e-15
-6.700000000e-02	2.280219430e+00	-4.691338107e-03	6.669257592e-15
-6.750000000e-02	2.280224752e+00	-4.883767984e-03	5.359637157e-15
-6.800000000e-02	2.280230091e+00	-5.076197368e-03	6.116164987e-15
-6.850000000e-02	2.280235446e+00	-5.268626252e-03	7.453088560e-15
-6.900000000e-02	2.280240817e+00	-5.461054646e-03	8.810974930e-15
-6.950000000e-02	2.280246204e+00	-5.653482530e-03	3.165963888e-15
-7.000000000e-02	2.280251607e+00	-5.845909900e-03	8.048590721e-15
-7.050000000e-02	2.280257026e+00	-6.038336764e-03	8.471874040e-15
-7.100000000e-02	2.280262461e+00	-6.230763120e-03	8.236855424e-15
-7.150000000e-02	2.280267913e+00	-6.423188940e-03	6.443345449e-15
-7.200000000e-02	2.280273381e+00	-6.615614247e-03	4.662366339e-15
-7.250000000e-02	2.280278864e+00	-6.808039018e-03	6.487883296e-15
-7.300000000e-02	2.280284364e+00	-7.000463260e-03	8.298799741e-15
-7.350000000e-02	2.280289880e+00	-7.192886970e-03	4.798080864e-15
-7.400000000e-02	2.280295413e+00	-7.385310131e-03	5.759016180e-15
-7.450000000e-02	2.280300961e+00	-7.577732753e-03	7.256564393e-15
-7.500000000e-02	2.280306525e+00	-7.770154826e-03	7.251477317e-15
-7.550000000e-02	2.280312106e+00	-7.962576346e-03	3.993178402e-15
-7.600000000e-02	2.280317702e+00	-8.154997307e-03	8.595351851e-15
-7.650000000e-02	2.280323315e+00	-8.347417717e-03	6.474780910e-15
-7.700000000e-02	2.280328944e+00	-8.539837554e-03	6.580283356e-15
-7.750000000e-02	2.280334589e+00	-8.732256823e-03	6.638348714e-15
-7.800000000e-02	2.280340250e+00	-8.924675517e-03	6.602699622e-15
-7.850000000e-02	2.280345928e+00	-9.117093641e-03	5.157513526e-15
-7.900000000e-02	2.280351621e+00	-9.309511177e-03	9.530377032e-15
-7.950000000e-02	2.280357331e+00	-9.501928140e-03	1.091555060e-14
-8.000000000e-02	2.280363056e+00	-9.694344503e-03	6.638823210e-15
-8.050000000e-02	2.280368798e+00	-9.886760279e-03	5.165128038e-15
-8.100000000e-02	2.280374556e+00	-1.007917546e-02	5.832360254e-15
-8.150000000e-02	2.280380330e+00	-1.027159004e-02	3.905886615e-15
-8.200000000e-02	2.280386120e+00	-1.046400401e-02	5.509393862e-15
-8.250000000e-02	2.280391926e+00	-1.065641738e-02	9.018903786e-15
-8.300000000e-02	2.280397749e+00	-1.084883013e-02	6.594189111e-15
-8.350000000e-02	2.280403587e+00	-1.104124227e-02	7.237368098e-15
-8.400000000e-02	2.280409442e+00	-1.123365378e-02	6.980321927e-15
-8.450000000e-02	2.280415313e+00	-1.142606467e-02	4.547953935e-15
-8.500000000e-02	2.280421199e+00	-1.161847493e-02	7.000206582e-15
-8.550000000e-02	2.280427102e+00	-1.181088456e-02	8.390432284e-15
-8.600000000e-02	2.280433021e+00	-1.200329355e-02	6.933371908e-15
-8.650000000e-02	2.280438957e+00	-1.219570190e-02	9.424284616e-15
-8.700000000e-02	2.280444908e+00	-1.238810961e-02	2.859196150e-15
-8.750000000e-02	2.280450876e+00	-1.258051666e-02	7.665564198e-15
-8.800000000e-02	2.280456859e+00	-1.277292307e-02	8.226072402e-15
-8.850000000e-02	2.280462859e+00	-1.296532882e-02	4.962229263e-15
-8.900000000e-02	2.280468875e+00	-1.315773391e-02	9.166533751e-15
-8.950000000e-02	2.280474907e+00	-1.335013833e-02	7.398734131e-15
-9.000000000e-02	2.280480955e+00	-1.354254209e-02	6.881420395e-15
-9.050000000e-02	2.280487019e+00	-1.373494516e-02	3.401143468e-15
-9.100000000e-02	2.280493099e+00	-1.392734757e-02	7.379962705e-15
-9.150000000e-02	2.280499195e+00	-1.411974929e-02	4.370698812e-15
-9.200000000e-02	2.280505308e+00	-1.431215034e-02	7.392381809e-15
-9.250000000e-02	2.280511437e+00	-1.450455069e-02	8.039955081e-15
-9.300000000e-02	2.280517581e+00	-1.469695034e-02	1.001997153e-14
-9.350000000e-02	2.280523742e+00	-1.488934930e-02	6.920624072e-15
-9.400000000e-02	2.280529919e+00	-1.508174756e-02	9.954717347e-15
-9.450000000e-02	2.280536112e+00	-1.527414511e-02	4.671953758e-15
-9.500000000e-02	2.280542322e+00	-1.546654196e-02	3.719085875e-15
-9.550000000e-02	2.280548547e+00	-1.565893810e-02	5.316187688e-15
-9.600000000e-02	2.280554788e+00	-1.585133352e-02	7.377442174e-15
-9.650000000e-02	2.280561046e+00	-1.604372821e-02	7.655038887e-15
-9.700000000e-02	2.280567320e+00	-1.623612217e-02	7.140403763e-15
-9.750000000e-02	2.280573609e+00	-1.642851542e-02	7.356758668e-15
-9.800000000e-02	2.280579915e+00	-1.662090793e-02	6.878803817e-15
-9.850000000e-02	2.280586237e+00	-1.681329970e-02	3.818156037e-15
-9.900000000e-02	2.280592575e+00	-1.700569073e-02	7.887323527e-15
-9.950000000e-02	2.280598930e+00	-1.719808101e-02	9.389825265e-15
-1.000000000e-01	2.280605300e+00	-1.739047056e-02	5.179186099e-15
-1.005000000e-01	2.280611686e+00	-1.758285934e-02	4.137558504e-15
-1.010000000e-01	2.280618089e+00	-1.777524737e-02	5.124375776e-15
-1.015000000e-01	2.280624508e+00	-1.796763463e-02	6.169101965e-15
-1.020000000e-01	2.280630942e+00	-1.816002113e-02	5.541693890e-15
-1.025000000e-01	2.280637393e+00	-1.835240687e-02	6.124170753e-15
-1.030000000e-01	2.280643860e+00	-1.854479183e-02	8.243566366e-15
-1.035000000e-01	2.280650344e+00	-1.873717601e-02	7.436148115e-15
-1.040000000e-01	2.280656843e+00	-1.892955941e-02	4.764764180e-15
-1.045000000e-01	2.280663358e+00	-1.912194202e-02	6.379707210e-15
-1.050000000e-01	2.280669890e+00	-1.931432385e-02	6.106921596e-15
-1.055000000e-01	2.280676437e+00	-1.950670489e-02	6.198919689e-15
-1.060000000e-01	2.280683001e+00	-1.969908512e-02	8.109393016e-15
-1.065000000e-01	2.280689581e+00	-1.989146456e-02	9.255287141e-15
-1.070000000e-01	2.280696176e+00	-2.008384319e-02	3.250308666e-15
-1.075000000e-01	2.280702788e+00	-2.027622101e-02	5.652266374e-15
-1.080000000e-01	2.280709417e+00	-2.046859802e-02	6.501416693e-15
-1.085000000e-01	2.280716061e+00	-2.066097421e-02	8.482763326e-15
-1.090000000e-01	2.280722721e+00	-2.085334959e-02	7.655793079e-15
-1.095000000e-01	2.280729398e+00	-2.104572413e-02	4.273846247e-15
-1.100000000e-01	2.280736090e+00	-2.123809785e-02	5.015211960e-15
-1.105000000e-01	2.280742799e+00	-2.143047073e-02	3.325665117e-15
-1.110000000e-01	2.280749523e+00	-2.162284278e-02	4.192059386e-15
-1.115000000e-01	2.280756264e+00	-2.181521398e-02	9.326558934e-15
-1.120000000e-01	2.280763021e+00	-2.200758434e-02	7.335697078e-15
-1.125000000e-01	2.280769794e+00	-2.219995386e-02	5.346328115e-15
-1.130000000e-01	2.280776583e+00	-2.239232252e-02	3.107295610e-15
-1.135000000e-01	2.280783389e+00	-2.258469032e-02	7.246813490e-15
-1.140000000e-01	2.280790210e+00	-2.277705726e-02	8.755861189e-15
-1.145000000e-01	2.280797048e+00	-2.296942334e-02	7.383692246e-15
-1.150000000e-01	2.280803901e+00	-2.316178854e-02	6.074583841e-15
-1.155000000e-01	2.280810771e+00	-2.335415288e-02	5.687716847e-15
-1.160000000e-01	2.280817657e+00	-2.354651633e-02	2.067107226e-15
-1.165000000e-01	2.280824558e+00	-2.373887891e-02	6.439118812e-15
-1.170000000e-01	2.280831476e+00	-2.393124060e-02	8.152167889e-15
-1.175000000e-01	2.280838410e+00	-2.412360140e-02	3.381352886e-15
-1.180000000e-01	2.280845361e+00	-2.431596131e-02	6.676060855e-15
-1.185000000e-01	2.280852327e+00	-2.450832032e-02	5.054382449e-15
-1.190000000e-01	2.280859309e+00	-2.470067843e-02	7.062856711e-15
-1.195000000e-01	2.280866308e+00	-2.489303563e-02	8.572197897e-15
-1.200000000e-01	2.280873322e+00	-2.508539193e-02	8.503522006e-15
-1.205000000e-01	2.280880353e+00	-2.527774731e-02	4.583216960e-15
-1.210000000e-01	2.280887400e+00	-2.547010178e-02	4.881387114e-15
-1.215000000e-01	2.280894463e+00	-2.566245532e-02	7.348866038e-15
-1.220000000e-01	2.280901542e+00	-2.585480794e-02	6.962690543e-15
-1.225000000e-01	2.280908637e+00	-2.604715964e-02	5.106541782e-15
-1.230000000e-01	2.280915748e+00	-2.623951039e-02	7.032681514e-15
-1.235000000e-01	2.280922875e+00	-2.643186021e-02	5.190027076e-15
-1.240000000e-01	2.280930018e+00	-2.662420909e-02	8.083114814e-15
-1.245000000e-01	2.280937178e+00	-2.681655702e-02	7.516853032e-15
-1.250000000e-01	2.280944353e+00	-2.700890401e-02	6.247812927e-15
-1.255000000e-01	2.280951545e+00	-2.720125005e-02	6.330701513e-15
-1.260000000e-01	2.280958753e+00	-2.739359512e-02	5.293245535e-15
-1.265000000e-01	2.280965977e+00	-2.758593923e-02	5.401731770e-15
-1.270000000e-01	2.280973217e+00	-2.777828238e-02	5.939893022e-15
-1.275000000e-01	2.280980473e+00	-2.797062456e-02	7.697829725e-15
-1.280000000e-01	2.280987745e+00	-2.816296577e-02	1.018972551e-14
-1.285000000e-01	2.280995033e+00	-2.835530600e-02	6.283789172e-15
-1.290000000e-01	2.281002337e+00	-2.854764525e-02	2.795168206e-15
-1.295000000e-01	2.281009658e+00	-2.873998351e-02	6.217260992e-15
-1.300000000e-01	2.281016994e+00	-2.893232079e-02	6.934293534e-15
-1.305000000e-01	2.281024347e+00	-2.912465707e-02	6.029657758e-15
-1.310000000e-01	2.281031715e+00	-2.931699235e-02	5.853204952e-15
-1.315000000e-01	2.281039100e+00	-2.950932663e-02	5.005761008e-15
-1.320000000e-01	2.281046501e+00	-2.970165992e-02	3.012350321e-15
-1.325000000e-01	2.281053918e+00	-2.989399219e-02	9.016658026e-15
-1.330000000e-01	2.281061351e+00	-3.008632344e-02	6.345702764e-15
-1.335000000e-01	2.281068800e+00	-3.027865369e-02	8.382850062e-15
-1.340000000e-01	2.281076265e+00	-3.047098290e-02	7.284070790e-15
-1.345000000e-01	2.281083746e+00	-3.066331110e-02	6.480737882e-15
-1.350000000e-01	2.281091244e+00	-3.085563826e-02	9.855437065e-15
-1.355000000e-01	2.281098757e+00	-3.104796439e-02	6.349539506e-15
-1.360000000e-01	2.281106287e+00	-3.124028949e-02	4.216864454e-15
-1.365000000e-01	2.281113832e+00	-3.143261354e-02	7.410507873e-15
-1.370000000e-01	2.281121394e+00	-3.162493655e-02	6.394102204e-15
-1.375000000e-01	2.281128972e+00	-3.181725851e-02	7.519529960e-15
-1.380000000e-01	2.281136566e+00	-3.200957942e-02	6.909717636e-15
-1.385000000e-01	2.281144176e+00	-3.220189927e-02	7.936111508e-15
-1.390000000e-01	2.281151802e+00	-3.239421806e-02	1.232654316e-14
-1.395000000e-01	2.281159444e+00	-3.258653578e-02	9.424068647e-15
-1.400000000e-01	2.281167102e+00	-3.277885244e-02	1.013298651e-14
-1.405000000e-01	2.281174776e+00	-3.297116802e-02	6.767038357e-15
-1.410000000e-01	2.281182467e+00	-3.316348253e-02	5.502547847e-15
-1.415000000e-01	2.281190173e+00	-3.335579595e-02	6.932137203e-15
-1.420000000e-01	2.281197896e+00	-3.354810830e-02	4.962686288e-15
-1.425000000e-01	2.281205635e+00	-3.374041954e-02	4.368091758e-15
-1.430000000e-01	2.281213389e+00	-3.393272970e-02	7.599451684e-15
-1.435000000e-01	2.281221160e+00	-3.412503876e-02	3.520538813e-15
-1.440000000e-01	2.281228947e+00	-3.431734673e-02	7.319627858e-15
-1.445000000e-01	2.281236750e+00	-3.450965358e-02	6.556925766e-15
-1.450000000e-01	2.281244569e+00	-3.470195933e-02	9.971151598e-15
-1.455000000e-01	2.281252404e+00	-3.489426396e-02	5.151153771e-15
-1.460000000e-01	2.281260255e+00	-3.508656748e-02	7.753108697e-15
-1.465000000e-01	2.281268122e+00	-3.527886988e-02	6.743882155e-15
-1.470000000e-01	2.281276006e+00	-3.547117115e-02	6.144376020e-15
-1.475000000e-01	2.281283905e+00	-3.566347129e-02	7.686265122e-15
-1.480000000e-01	2.281291821e+00	-3.585577030e-02	5.857264957e-15
-1.485000000e-01	2.281299752e+00	-3.604806818e-02	4.667408836e-15
-1.490000000e-01	2.281307700e+00	-3.624036491e-02	6.875956991e-15
-1.495000000e-01	2.281315664e+00	-3.643266051e-02	4.827077636e-15
-1.500000000e-01	2.281323643e+00	-3.662495494e-02	8.569439722e-15
