# epsi_ci     Re(Lambda)      Im(Lambda)      Eq(det), R = 0.10 $\mu$m, $E_p$ = 0.900 eV, modo = 2, $\epsilon_\infty$ = 3.9, $\gamma_{DL}$ = 0.01 eV, solve_det_sinkz_vs_mu.py
0.000000000e+00	2.251210903e+00	1.962539642e-02	6.556878662e-15
-5.000000000e-04	2.251214002e+00	1.943435826e-02	7.685774517e-15
-1.000000000e-03	2.251217118e+00	1.924332009e-02	9.004996992e-15
-1.500000000e-03	2.251220250e+00	1.905228192e-02	9.617873401e-15
-2.000000000e-03	2.251223397e+00	1.886124374e-02	8.587321737e-15
-2.500000000e-03	2.251226562e+00	1.867020554e-02	5.488086416e-15
-3.000000000e-03	2.251229742e+00	1.847916736e-02	8.256725699e-15
-3.500000000e-03	2.251232938e+00	1.828812919e-02	5.829192276e-15
-4.000000000e-03	2.251236151e+00	1.809709102e-02	6.693661231e-15
-4.500000000e-03	2.251239380e+00	1.790605286e-02	6.991690287e-15
-5.000000000e-03	2.251242625e+00	1.771501472e-02	7.489579892e-15
-5.500000000e-03	2.251245886e+00	1.752397661e-02	8.156739100e-15
-6.000000000e-03	2.251249163e+00	1.733293851e-02	1.067946902e-14
-6.500000000e-03	2.251252457e+00	1.714190046e-02	6.152075890e-15
-7.000000000e-03	2.251255766e+00	1.695086243e-02	5.580549398e-15
-7.500000000e-03	2.251259092e+00	1.675982444e-02	3.125987157e-15
-8.000000000e-03	2.251262434e+00	1.656878650e-02	6.705542431e-15
-8.500000000e-03	2.251265792e+00	1.637774860e-02	6.240537627e-15
-9.000000000e-03	2.251269167e+00	1.618671076e-02	8.855323163e-15
-9.500000000e-03	2.251272557e+00	1.599567296e-02	6.152830628e-15
-1.000000000e-02	2.251275964e+00	1.580463523e-02	6.051350731e-15
-1.050000000e-02	2.251279387e+00	1.561359756e-02	7.073550537e-15
-1.100000000e-02	2.251282826e+00	1.542255995e-02	9.219781215e-15
-1.150000000e-02	2.251286281e+00	1.523152243e-02	1.090914277e-14
-1.200000000e-02	2.251289752e+00	1.504048497e-02	8.284135840e-15
-1.250000000e-02	2.251293240e+00	1.484944759e-02	6.077792317e-15
-1.300000000e-02	2.251296744e+00	1.465841029e-02	9.036966277e-15
-1.350000000e-02	2.251300264e+00	1.446737309e-02	7.675029949e-15
-1.400000000e-02	2.251303800e+00	1.427633598e-02	1.077617216e-14
-1.450000000e-02	2.251307352e+00	1.408529896e-02	4.661453113e-15
-1.500000000e-02	2.251310920e+00	1.389426204e-02	6.465731820e-15
-1.550000000e-02	2.251314505e+00	1.370322523e-02	9.290433820e-15
-1.600000000e-02	2.251318106e+00	1.351218852e-02	8.750595989e-15
-1.650000000e-02	2.251321723e+00	1.332115192e-02	8.944141002e-15
-1.700000000e-02	2.251325356e+00	1.313011544e-02	5.638867461e-15
-1.750000000e-02	2.251329005e+00	1.293907908e-02	7.121555073e-15
-1.800000000e-02	2.251332671e+00	1.274804285e-02	8.061064163e-15
-1.850000000e-02	2.251336352e+00	1.255700675e-02	9.428978121e-15
-1.900000000e-02	2.251340050e+00	1.236597077e-02	8.694343501e-15
-1.950000000e-02	2.251343764e+00	1.217493494e-02	3.336768929e-15
-2.000000000e-02	2.251347494e+00	1.198389924e-02	9.582976002e-15
-2.050000000e-02	2.251351241e+00	1.179286368e-02	5.392027116e-15
-2.100000000e-02	2.251355003e+00	1.160182828e-02	2.877769095e-15
-2.150000000e-02	2.251358782e+00	1.141079304e-02	6.411827872e-15
-2.200000000e-02	2.251362577e+00	1.121975794e-02	6.891278086e-15
-2.250000000e-02	2.251366388e+00	1.102872301e-02	8.218093946e-15
-2.300000000e-02	2.251370215e+00	1.083768825e-02	8.336807206e-15
-2.350000000e-02	2.251374058e+00	1.064665365e-02	9.239999300e-15
-2.400000000e-02	2.251377918e+00	1.045561923e-02	5.571706458e-15
-2.450000000e-02	2.251381793e+00	1.026458499e-02	4.330420688e-15
-2.500000000e-02	2.251385685e+00	1.007355093e-02	1.044111301e-14
-2.550000000e-02	2.251389593e+00	9.882517049e-03	9.276150175e-15
-2.600000000e-02	2.251393518e+00	9.691483365e-03	8.358034159e-15
-2.650000000e-02	2.251397458e+00	9.500449869e-03	6.140559554e-15
-2.700000000e-02	2.251401415e+00	9.309416571e-03	9.339615490e-15
-2.750000000e-02	2.251405387e+00	9.118383478e-03	8.388883283e-15
-2.800000000e-02	2.251409376e+00	8.927350597e-03	9.134446949e-15
-2.850000000e-02	2.251413381e+00	8.736317920e-03	4.575325784e-15
-2.900000000e-02	2.251417403e+00	8.545285459e-03	4.846352417e-15
-2.950000000e-02	2.251421440e+00	8.354253213e-03	5.597271987e-15
-3.000000000e-02	2.251425494e+00	8.163221194e-03	7.135408008e-15
-3.050000000e-02	2.251429563e+00	7.972189401e-03	3.829444137e-15
-3.100000000e-02	2.251433649e+00	7.781157841e-03	1.036829847e-14
-3.150000000e-02	2.251437751e+00	7.590126511e-03	6.659056385e-15
-3.200000000e-02	2.251441870e+00	7.399095419e-03	7.186710903e-15
-3.250000000e-02	2.251446004e+00	7.208064576e-03	8.652468036e-15
-3.300000000e-02	2.251450155e+00	7.017033973e-03	7.494592041e-15
-3.350000000e-02	2.251454322e+00	6.826003630e-03	6.772365559e-15
-3.400000000e-02	2.251458505e+00	6.634973538e-03	6.528076855e-15
-3.450000000e-02	2.251462704e+00	6.443943701e-03	9.313425492e-15
-3.500000000e-02	2.251466919e+00	6.252914134e-03	5.021051784e-15
-3.550000000e-02	2.251471151e+00	6.061884837e-03	8.711646611e-15
-3.600000000e-02	2.251475398e+00	5.870855803e-03	8.682359401e-15
-3.650000000e-02	2.251479662e+00	5.679827053e-03	4.353700359e-15
-3.700000000e-02	2.251483942e+00	5.488798578e-03	7.830714220e-15
-3.750000000e-02	2.251488238e+00	5.297770389e-03	9.902541008e-15
-3.800000000e-02	2.251492551e+00	5.106742486e-03	5.671521352e-15
-3.850000000e-02	2.251496879e+00	4.915714880e-03	6.358001149e-15
-3.900000000e-02	2.251501224e+00	4.724687565e-03	7.039301157e-15
-3.950000000e-02	2.251505585e+00	4.533660550e-03	6.181335958e-15
-4.000000000e-02	2.251509962e+00	4.342633843e-03	5.316853601e-15
-4.050000000e-02	2.251514355e+00	4.151607449e-03	6.480590828e-15
-4.100000000e-02	2.251518764e+00	3.960581361e-03	1.176482794e-14
-4.150000000e-02	2.251523190e+00	3.769555588e-03	5.606559162e-15
-4.200000000e-02	2.251527631e+00	3.578530144e-03	6.970108117e-15
-4.250000000e-02	2.251532089e+00	3.387505021e-03	1.152960808e-14
-4.300000000e-02	2.251536563e+00	3.196480218e-03	8.046943911e-15
-4.350000000e-02	2.251541053e+00	3.005455759e-03	8.484024333e-15
-4.400000000e-02	2.251545560e+00	2.814431637e-03	7.897498202e-15
-4.450000000e-02	2.251550082e+00	2.623407856e-03	9.830264615e-15
-4.500000000e-02	2.251554621e+00	2.432384416e-03	4.408707224e-15
-4.550000000e-02	2.251559176e+00	2.241361324e-03	5.064769197e-15
-4.600000000e-02	2.251563747e+00	2.050338590e-03	6.307039206e-15
-4.650000000e-02	2.251568334e+00	1.859316212e-03	6.353511791e-15
-4.700000000e-02	2.251572937e+00	1.668294203e-03	7.435490340e-15
-4.750000000e-02	2.251577557e+00	1.477272552e-03	1.022475758e-14
-4.800000000e-02	2.251582193e+00	1.286251272e-03	1.163417674e-14
-4.850000000e-02	2.251586844e+00	1.095230365e-03	7.796215149e-15
-4.900000000e-02	2.251591512e+00	9.042098415e-04	6.030857577e-15
-4.950000000e-02	2.251596197e+00	7.131896960e-04	9.773319535e-15
-5.000000000e-02	2.251600897e+00	5.221699368e-04	5.143089823e-15
-5.050000000e-02	2.251605614e+00	3.311505681e-04	4.796162678e-15
-5.100000000e-02	2.251610346e+00	1.401315933e-04	4.111345715e-15
-5.150000000e-02	2.251615095e+00	-5.088697959e-05	1.005504028e-14
-5.200000000e-02	2.251619860e+00	-2.419051560e-04	6.179958521e-15
-5.250000000e-02	2.251624641e+00	-4.329229223e-04	8.712890284e-15
-5.300000000e-02	2.251629439e+00	-6.239402724e-04	6.449239787e-15
-5.350000000e-02	2.251634252e+00	-8.149572087e-04	1.146149696e-14
-5.400000000e-02	2.251639082e+00	-1.005973737e-03	7.815067661e-15
-5.450000000e-02	2.251643928e+00	-1.196989835e-03	7.852607355e-15
-5.500000000e-02	2.251648790e+00	-1.388005499e-03	6.390845346e-15
-5.550000000e-02	2.251653668e+00	-1.579020743e-03	4.351064641e-15
-5.600000000e-02	2.251658562e+00	-1.770035542e-03	1.235694063e-14
-5.650000000e-02	2.251663473e+00	-1.961049905e-03	7.077255392e-15
-5.700000000e-02	2.251668399e+00	-2.152063829e-03	6.088390833e-15
-5.750000000e-02	2.251673342e+00	-2.343077304e-03	6.906387238e-15
-5.800000000e-02	2.251678301e+00	-2.534090318e-03	9.439927744e-15
-5.850000000e-02	2.251683276e+00	-2.725102890e-03	5.092853977e-15
-5.900000000e-02	2.251688268e+00	-2.916114994e-03	6.476409101e-15
-5.950000000e-02	2.251693275e+00	-3.107126632e-03	5.218360811e-15
-6.000000000e-02	2.251698299e+00	-3.298137806e-03	3.643344658e-15
-6.050000000e-02	2.251703339e+00	-3.489148508e-03	1.710335581e-15
-6.100000000e-02	2.251708395e+00	-3.680158734e-03	4.766531540e-15
-6.150000000e-02	2.251713467e+00	-3.871168479e-03	7.688195922e-15
-6.200000000e-02	2.251718555e+00	-4.062177739e-03	7.031032789e-15
-6.250000000e-02	2.251723660e+00	-4.253186509e-03	7.522558670e-15
-6.300000000e-02	2.251728780e+00	-4.444194784e-03	8.184631047e-15
-6.350000000e-02	2.251733917e+00	-4.635202569e-03	7.136311437e-15
-6.400000000e-02	2.251739070e+00	-4.826209845e-03	6.383615179e-15
-6.450000000e-02	2.251744239e+00	-5.017216628e-03	9.611664458e-15
-6.500000000e-02	2.251749424e+00	-5.208222896e-03	1.196955463e-14
-6.550000000e-02	2.251754626e+00	-5.399228649e-03	9.161355884e-15
-6.600000000e-02	2.251759843e+00	-5.590233880e-03	7.986880730e-15
-6.650000000e-02	2.251765077e+00	-5.781238600e-03	1.023206964e-14
-6.700000000e-02	2.251770327e+00	-5.972242790e-03	7.283480262e-15
-6.750000000e-02	2.251775593e+00	-6.163246449e-03	6.063490751e-15
-6.800000000e-02	2.251780875e+00	-6.354249576e-03	9.962853880e-15
-6.850000000e-02	2.251786174e+00	-6.545252168e-03	7.962897191e-15
-6.900000000e-02	2.251791488e+00	-6.736254215e-03	8.217881752e-15
-6.950000000e-02	2.251796819e+00	-6.927255716e-03	6.091335376e-15
-7.000000000e-02	2.251802166e+00	-7.118256664e-03	6.259896462e-15
-7.050000000e-02	2.251807529e+00	-7.309257060e-03	1.060210754e-14
-7.100000000e-02	2.251812908e+00	-7.500256906e-03	6.565068629e-15
-7.150000000e-02	2.251818303e+00	-7.691256181e-03	6.253420025e-15
-7.200000000e-02	2.251823715e+00	-7.882254894e-03	7.473234039e-15
-7.250000000e-02	2.251829142e+00	-8.073253034e-03	7.413088919e-15
-7.300000000e-02	2.251834586e+00	-8.264250604e-03	9.127921066e-15
-7.350000000e-02	2.251840046e+00	-8.455247588e-03	1.034358789e-14
-7.400000000e-02	2.251845522e+00	-8.646243998e-03	5.410685110e-15
-7.450000000e-02	2.251851015e+00	-8.837239816e-03	9.844698661e-15
-7.500000000e-02	2.251856523e+00	-9.028235042e-03	1.201546578e-14
-7.550000000e-02	2.251862048e+00	-9.219229682e-03	9.630109077e-15
-7.600000000e-02	2.251867588e+00	-9.410223713e-03	5.489806025e-15
-7.650000000e-02	2.251873145e+00	-9.601217151e-03	6.525451168e-15
-7.700000000e-02	2.251878718e+00	-9.792209970e-03	6.046514187e-15
-7.750000000e-02	2.251884308e+00	-9.983202185e-03	3.931152849e-15
-7.800000000e-02	2.251889913e+00	-1.017419379e-02	7.877417065e-15
-7.850000000e-02	2.251895534e+00	-1.036518477e-02	7.414198434e-15
-7.900000000e-02	2.251901172e+00	-1.055617512e-02	4.764320265e-15
-7.950000000e-02	2.251906826e+00	-1.074716485e-02	5.003406468e-15
-8.000000000e-02	2.251912496e+00	-1.093815394e-02	7.677191908e-15
-8.050000000e-02	2.251918182e+00	-1.112914241e-02	7.493075609e-15
-8.100000000e-02	2.251923884e+00	-1.132013023e-02	4.539502672e-15
-8.150000000e-02	2.251929603e+00	-1.151111741e-02	6.565146470e-15
-8.200000000e-02	2.251935337e+00	-1.170210394e-02	8.119796094e-15
-8.250000000e-02	2.251941088e+00	-1.189308981e-02	5.929326885e-15
-8.300000000e-02	2.251946855e+00	-1.208407504e-02	8.272864466e-15
-8.350000000e-02	2.251952638e+00	-1.227505960e-02	9.719635772e-15
-8.400000000e-02	2.251958437e+00	-1.246604349e-02	7.153061865e-15
-8.450000000e-02	2.251964253e+00	-1.265702673e-02	5.726162665e-15
-8.500000000e-02	2.251970084e+00	-1.284800928e-02	6.218183959e-15
-8.550000000e-02	2.251975932e+00	-1.303899116e-02	7.502868712e-15
-8.600000000e-02	2.251981796e+00	-1.322997236e-02	4.493988596e-15
-8.650000000e-02	2.251987676e+00	-1.342095287e-02	8.026239053e-15
-8.700000000e-02	2.251993572e+00	-1.361193271e-02	8.651486160e-15
-8.750000000e-02	2.251999484e+00	-1.380291184e-02	6.493691460e-15
-8.800000000e-02	2.252005412e+00	-1.399389027e-02	1.063332294e-14
-8.850000000e-02	2.252011357e+00	-1.418486801e-02	6.723639332e-15
-8.900000000e-02	2.252017318e+00	-1.437584504e-02	1.027593987e-14
-8.950000000e-02	2.252023294e+00	-1.456682136e-02	1.063685945e-14
-9.000000000e-02	2.252029287e+00	-1.475779697e-02	8.906000505e-15
-9.050000000e-02	2.252035297e+00	-1.494877186e-02	5.539501964e-15
-9.100000000e-02	2.252041322e+00	-1.513974603e-02	5.681744205e-15
-9.150000000e-02	2.252047363e+00	-1.533071947e-02	8.887886717e-15
-9.200000000e-02	2.252053421e+00	-1.552169219e-02	4.005314730e-15
-9.250000000e-02	2.252059495e+00	-1.571266417e-02	3.797060397e-15
-9.300000000e-02	2.252065584e+00	-1.590363542e-02	1.092896145e-14
-9.350000000e-02	2.252071690e+00	-1.609460592e-02	3.434693660e-15
-9.400000000e-02	2.252077813e+00	-1.628557567e-02	8.643699024e-15
-9.450000000e-02	2.252083951e+00	-1.647654468e-02	9.309652493e-15
-9.500000000e-02	2.252090105e+00	-1.666751293e-02	7.908379498e-15
-9.550000000e-02	2.252096276e+00	-1.685848043e-02	5.618993870e-15
-9.600000000e-02	2.252102463e+00	-1.704944716e-02	7.654101066e-15
-9.650000000e-02	2.252108666e+00	-1.724041312e-02	5.307117382e-15
-9.700000000e-02	2.252114885e+00	-1.743137832e-02	4.495740150e-15
-9.750000000e-02	2.252121120e+00	-1.762234274e-02	9.914582183e-15
-9.800000000e-02	2.252127371e+00	-1.781330638e-02	8.584481238e-15
-9.850000000e-02	2.252133639e+00	-1.800426925e-02	6.634332373e-15
-9.900000000e-02	2.252139922e+00	-1.819523132e-02	7.177039265e-15
-9.950000000e-02	2.252146222e+00	-1.838619260e-02	7.398971343e-15
-1.000000000e-01	2.252152538e+00	-1.857715309e-02	6.393174318e-15
-1.005000000e-01	2.252158870e+00	-1.876811278e-02	6.660563825e-15
-1.010000000e-01	2.252165218e+00	-1.895907166e-02	7.309039052e-15
-1.015000000e-01	2.252171582e+00	-1.915002975e-02	8.277585141e-15
-1.020000000e-01	2.252177963e+00	-1.934098701e-02	5.602770280e-15
-1.025000000e-01	2.252184359e+00	-1.953194347e-02	6.968674806e-15
-1.030000000e-01	2.252190772e+00	-1.972289910e-02	9.139055110e-15
-1.035000000e-01	2.252197201e+00	-1.991385391e-02	4.754565353e-15
-1.040000000e-01	2.252203646e+00	-2.010480790e-02	7.877107727e-15
-1.045000000e-01	2.252210107e+00	-2.029576105e-02	5.568477216e-15
-1.050000000e-01	2.252216585e+00	-2.048671337e-02	6.727518305e-15
-1.055000000e-01	2.252223078e+00	-2.067766484e-02	8.336423468e-15
-1.060000000e-01	2.252229588e+00	-2.086861547e-02	7.574054171e-15
-1.065000000e-01	2.252236113e+00	-2.105956526e-02	8.590731485e-15
-1.070000000e-01	2.252242655e+00	-2.125051420e-02	6.211432667e-15
-1.075000000e-01	2.252249213e+00	-2.144146227e-02	4.053441152e-15
-1.080000000e-01	2.252255787e+00	-2.163240949e-02	7.461402746e-15
-1.085000000e-01	2.252262377e+00	-2.182335585e-02	8.957406525e-15
-1.090000000e-01	2.252268984e+00	-2.201430133e-02	1.165726998e-14
-1.095000000e-01	2.252275606e+00	-2.220524594e-02	5.896842648e-15
-1.100000000e-01	2.252282245e+00	-2.239618968e-02	6.668583226e-15
-1.105000000e-01	2.252288900e+00	-2.258713254e-02	9.119233501e-15
-1.110000000e-01	2.252295571e+00	-2.277807451e-02	8.932080176e-15
-1.115000000e-01	2.252302258e+00	-2.296901559e-02	1.139135210e-14
-1.120000000e-01	2.252308961e+00	-2.315995578e-02	5.818788069e-15
-1.125000000e-01	2.252315680e+00	-2.335089508e-02	8.572228483e-15
-1.130000000e-01	2.252322416e+00	-2.354183347e-02	6.011815240e-15
-1.135000000e-01	2.252329167e+00	-2.373277096e-02	8.011192309e-15
-1.140000000e-01	2.252335935e+00	-2.392370755e-02	8.341154759e-15
-1.145000000e-01	2.252342719e+00	-2.411464322e-02	1.110620908e-14
-1.150000000e-01	2.252349519e+00	-2.430557796e-02	8.480358475e-15
-1.155000000e-01	2.252356335e+00	-2.449651180e-02	9.074668829e-15
-1.160000000e-01	2.252363167e+00	-2.468744470e-02	7.601100122e-15
-1.165000000e-01	2.252370016e+00	-2.487837668e-02	5.372950647e-15
-1.170000000e-01	2.252376880e+00	-2.506930772e-02	7.117821297e-15
-1.175000000e-01	2.252383761e+00	-2.526023782e-02	8.349119823e-15
-1.180000000e-01	2.252390657e+00	-2.545116699e-02	1.040624347e-14
-1.185000000e-01	2.252397570e+00	-2.564209520e-02	7.631080187e-15
-1.190000000e-01	2.252404499e+00	-2.583302248e-02	4.250567063e-15
-1.195000000e-01	2.252411444e+00	-2.602394879e-02	9.797414965e-15
-1.200000000e-01	2.252418406e+00	-2.621487415e-02	6.538665951e-15
-1.205000000e-01	2.252425383e+00	-2.640579855e-02	5.702550080e-15
-1.210000000e-01	2.252432377e+00	-2.659672197e-02	4.223705339e-15
-1.215000000e-01	2.252439386e+00	-2.678764444e-02	6.564623195e-15
-1.220000000e-01	2.252446412e+00	-2.697856592e-02	6.249664751e-15
-1.225000000e-01	2.252453454e+00	-2.716948643e-02	9.203825143e-15
-1.230000000e-01	2.252460512e+00	-2.736040595e-02	5.047064053e-15
-1.235000000e-01	2.252467586e+00	-2.755132450e-02	5.549809236e-15
-1.240000000e-01	2.252474676e+00	-2.774224204e-02	9.320696670e-15
-1.245000000e-01	2.252481783e+00	-2.793315860e-02	5.608144291e-15
-1.250000000e-01	2.252488905e+00	-2.812407416e-02	8.398862569e-15
-1.255000000e-01	2.252496044e+00	-2.831498872e-02	1.129150945e-14
-1.260000000e-01	2.252503199e+00	-2.850590226e-02	1.105985566e-14
-1.265000000e-01	2.252510370e+00	-2.869681480e-02	7.334305189e-15
-1.270000000e-01	2.252517557e+00	-2.888772633e-02	7.097259485e-15
-1.275000000e-01	2.252524760e+00	-2.907863683e-02	7.250282174e-15
-1.280000000e-01	2.252531979e+00	-2.926954632e-02	6.699993333e-15
-1.285000000e-01	2.252539214e+00	-2.946045477e-02	3.975832227e-15
-1.290000000e-01	2.252546466e+00	-2.965136220e-02	1.089225777e-14
-1.295000000e-01	2.252553733e+00	-2.984226858e-02	4.993375784e-15
-1.300000000e-01	2.252561017e+00	-3.003317394e-02	8.807680060e-15
-1.305000000e-01	2.252568317e+00	-3.022407824e-02	3.569188965e-15
-1.310000000e-01	2.252575633e+00	-3.041498151e-02	1.084514916e-14
-1.315000000e-01	2.252582965e+00	-3.060588372e-02	7.735422727e-15
-1.320000000e-01	2.252590313e+00	-3.079678486e-02	9.572369900e-15
-1.325000000e-01	2.252597678e+00	-3.098768497e-02	7.294496051e-15
-1.330000000e-01	2.252605058e+00	-3.117858399e-02	6.988411979e-15
-1.335000000e-01	2.252612455e+00	-3.136948196e-02	5.937662588e-15
-1.340000000e-01	2.252619867e+00	-3.156037885e-02	4.681134747e-15
-1.345000000e-01	2.252627296e+00	-3.175127467e-02	6.770540306e-15
-1.350000000e-01	2.252634741e+00	-3.194216941e-02	8.511776509e-15
-1.355000000e-01	2.252642202e+00	-3.213306306e-02	7.191899992e-15
-1.360000000e-01	2.252649679e+00	-3.232395563e-02	5.564596704e-15
-1.365000000e-01	2.252657172e+00	-3.251484711e-02	1.150172162e-14
-1.370000000e-01	2.252664682e+00	-3.270573748e-02	5.537496946e-15
-1.375000000e-01	2.252672207e+00	-3.289662677e-02	5.560703525e-15
-1.380000000e-01	2.252679749e+00	-3.308751494e-02	1.152522583e-14
-1.385000000e-01	2.252687306e+00	-3.327840201e-02	9.451390522e-15
-1.390000000e-01	2.252694880e+00	-3.346928796e-02	6.291093175e-15
-1.395000000e-01	2.252702470e+00	-3.366017281e-02	7.439190371e-15
-1.400000000e-01	2.252710076e+00	-3.385105652e-02	4.701986011e-15
-1.405000000e-01	2.252717698e+00	-3.404193912e-02	6.106750719e-15
-1.410000000e-01	2.252725336e+00	-3.423282059e-02	7.388278554e-15
-1.415000000e-01	2.252732991e+00	-3.442370092e-02	8.453331010e-15
-1.420000000e-01	2.252740661e+00	-3.461458012e-02	6.905742438e-15
-1.425000000e-01	2.252748348e+00	-3.480545818e-02	9.923242127e-15
-1.430000000e-01	2.252756050e+00	-3.499633508e-02	6.583760470e-15
-1.435000000e-01	2.252763769e+00	-3.518721085e-02	3.476380788e-15
-1.440000000e-01	2.252771504e+00	-3.537808546e-02	5.854205247e-15
-1.445000000e-01	2.252779255e+00	-3.556895892e-02	5.393812618e-15
-1.450000000e-01	2.252787022e+00	-3.575983122e-02	8.731728695e-15
-1.455000000e-01	2.252794805e+00	-3.595070234e-02	7.718868606e-15
-1.460000000e-01	2.252802604e+00	-3.614157230e-02	5.728010168e-15
-1.465000000e-01	2.252810420e+00	-3.633244109e-02	9.405913313e-15
-1.470000000e-01	2.252818251e+00	-3.652330870e-02	5.681955775e-15
-1.475000000e-01	2.252826099e+00	-3.671417513e-02	4.566991549e-15
-1.480000000e-01	2.252833963e+00	-3.690504038e-02	4.628366088e-15
-1.485000000e-01	2.252841842e+00	-3.709590443e-02	4.739207785e-15
-1.490000000e-01	2.252849738e+00	-3.728676730e-02	6.082438453e-15
-1.495000000e-01	2.252857650e+00	-3.747762896e-02	8.621202004e-15
-1.500000000e-01	2.252865578e+00	-3.766848943e-02	7.597859248e-15
