# epsi_ci     Re(Lambda)      Im(Lambda)      Eq(det), R = 0.10 $\mu$m, $E_p$ = 0.900 eV, modo = 2, $\epsilon_\infty$ = 3.9, $\gamma_{DL}$ = 0.01 eV, solve_det_sinkz_vs_mu.py
0.000000000e+00	2.261548274e+00	2.011539639e-02	5.606723355e-15
-5.000000000e-04	2.261551405e+00	1.992377491e-02	5.761984021e-15
-1.000000000e-03	2.261554553e+00	1.973215340e-02	3.611182135e-15
-1.500000000e-03	2.261557716e+00	1.954053188e-02	9.261391705e-15
-2.000000000e-03	2.261560896e+00	1.934891034e-02	3.567006291e-15
-2.500000000e-03	2.261564092e+00	1.915728879e-02	1.985662107e-15
-3.000000000e-03	2.261567304e+00	1.896566723e-02	5.820058092e-15
-3.500000000e-03	2.261570532e+00	1.877404568e-02	6.912341453e-15
-4.000000000e-03	2.261573777e+00	1.858242413e-02	4.671467537e-15
-4.500000000e-03	2.261577038e+00	1.839080258e-02	8.507643857e-15
-5.000000000e-03	2.261580314e+00	1.819918104e-02	7.451402061e-15
-5.500000000e-03	2.261583608e+00	1.800755952e-02	8.007972909e-15
-6.000000000e-03	2.261586917e+00	1.781593802e-02	1.028886805e-14
-6.500000000e-03	2.261590242e+00	1.762431654e-02	7.996747029e-15
-7.000000000e-03	2.261593584e+00	1.743269508e-02	4.739767310e-15
-7.500000000e-03	2.261596941e+00	1.724107366e-02	6.078660000e-15
-8.000000000e-03	2.261600315e+00	1.704945227e-02	5.570270215e-15
-8.500000000e-03	2.261603706e+00	1.685783092e-02	9.810662819e-15
-9.000000000e-03	2.261607112e+00	1.666620962e-02	6.746910155e-15
-9.500000000e-03	2.261610534e+00	1.647458837e-02	8.827832167e-15
-1.000000000e-02	2.261613973e+00	1.628296716e-02	6.534496238e-15
-1.050000000e-02	2.261617428e+00	1.609134601e-02	4.718366495e-15
-1.100000000e-02	2.261620899e+00	1.589972491e-02	7.503560925e-15
-1.150000000e-02	2.261624386e+00	1.570810389e-02	7.414373899e-15
-1.200000000e-02	2.261627889e+00	1.551648293e-02	1.021649158e-14
-1.250000000e-02	2.261631409e+00	1.532486203e-02	9.725697761e-15
-1.300000000e-02	2.261634945e+00	1.513324123e-02	8.353612783e-15
-1.350000000e-02	2.261638497e+00	1.494162049e-02	6.952536951e-15
-1.400000000e-02	2.261642065e+00	1.474999985e-02	1.315498603e-14
-1.450000000e-02	2.261645649e+00	1.455837929e-02	9.632912394e-15
-1.500000000e-02	2.261649250e+00	1.436675882e-02	6.206241796e-15
-1.550000000e-02	2.261652866e+00	1.417513844e-02	3.829759198e-15
-1.600000000e-02	2.261656499e+00	1.398351818e-02	8.518255438e-15
-1.650000000e-02	2.261660148e+00	1.379189800e-02	8.335754742e-15
-1.700000000e-02	2.261663813e+00	1.360027794e-02	8.847341391e-15
-1.750000000e-02	2.261667495e+00	1.340865800e-02	3.201259050e-15
-1.800000000e-02	2.261671192e+00	1.321703817e-02	4.817507325e-15
-1.850000000e-02	2.261674906e+00	1.302541846e-02	6.811959926e-15
-1.900000000e-02	2.261678636e+00	1.283379888e-02	4.782136377e-15
-1.950000000e-02	2.261682382e+00	1.264217943e-02	6.314616647e-15
-2.000000000e-02	2.261686144e+00	1.245056010e-02	8.248092008e-15
-2.050000000e-02	2.261689923e+00	1.225894092e-02	1.006303809e-14
-2.100000000e-02	2.261693717e+00	1.206732188e-02	8.471662872e-15
-2.150000000e-02	2.261697528e+00	1.187570298e-02	1.297467919e-14
-2.200000000e-02	2.261701355e+00	1.168408423e-02	7.343255643e-15
-2.250000000e-02	2.261705198e+00	1.149246563e-02	1.116719994e-14
-2.300000000e-02	2.261709058e+00	1.130084719e-02	7.566895475e-15
-2.350000000e-02	2.261712933e+00	1.110922891e-02	5.678096908e-15
-2.400000000e-02	2.261716825e+00	1.091761080e-02	4.389570872e-15
-2.450000000e-02	2.261720733e+00	1.072599286e-02	9.045553268e-15
-2.500000000e-02	2.261724657e+00	1.053437509e-02	7.715370380e-15
-2.550000000e-02	2.261728597e+00	1.034275750e-02	9.973400616e-15
-2.600000000e-02	2.261732554e+00	1.015114010e-02	7.517746285e-15
-2.650000000e-02	2.261736526e+00	9.959522875e-03	8.679696761e-15
-2.700000000e-02	2.261740515e+00	9.767905847e-03	8.759259798e-15
-2.750000000e-02	2.261744520e+00	9.576289008e-03	5.025633920e-15
-2.800000000e-02	2.261748541e+00	9.384672365e-03	6.135682520e-15
-2.850000000e-02	2.261752578e+00	9.193055928e-03	3.351853359e-15
-2.900000000e-02	2.261756632e+00	9.001439703e-03	8.220939244e-15
-2.950000000e-02	2.261760702e+00	8.809823676e-03	7.282882160e-15
-3.000000000e-02	2.261764788e+00	8.618207872e-03	8.955391564e-15
-3.050000000e-02	2.261768890e+00	8.426592287e-03	8.310542166e-15
-3.100000000e-02	2.261773008e+00	8.234976921e-03	7.295319186e-15
-3.150000000e-02	2.261777142e+00	8.043361782e-03	6.617096311e-15
-3.200000000e-02	2.261781293e+00	7.851746881e-03	6.201539961e-15
-3.250000000e-02	2.261785460e+00	7.660132205e-03	5.020145482e-15
-3.300000000e-02	2.261789642e+00	7.468517774e-03	6.774664080e-15
-3.350000000e-02	2.261793842e+00	7.276903582e-03	7.665831734e-15
-3.400000000e-02	2.261798057e+00	7.085289639e-03	9.621603106e-15
-3.450000000e-02	2.261802288e+00	6.893675955e-03	6.274843633e-15
-3.500000000e-02	2.261806536e+00	6.702062519e-03	9.653456321e-15
-3.550000000e-02	2.261810800e+00	6.510449338e-03	7.231439858e-15
-3.600000000e-02	2.261815080e+00	6.318836426e-03	7.656455964e-15
-3.650000000e-02	2.261819376e+00	6.127223786e-03	5.619638821e-15
-3.700000000e-02	2.261823688e+00	5.935611410e-03	4.144191298e-15
-3.750000000e-02	2.261828017e+00	5.743999310e-03	7.996313550e-15
-3.800000000e-02	2.261832362e+00	5.552387497e-03	5.794953227e-15
-3.850000000e-02	2.261836723e+00	5.360775959e-03	5.546316792e-15
-3.900000000e-02	2.261841100e+00	5.169164718e-03	6.804916940e-15
-3.950000000e-02	2.261845493e+00	4.977553759e-03	4.448952817e-15
-4.000000000e-02	2.261849902e+00	4.785943103e-03	6.347915518e-15
-4.050000000e-02	2.261854328e+00	4.594332742e-03	9.145489716e-15
-4.100000000e-02	2.261858770e+00	4.402722691e-03	4.726018338e-15
-4.150000000e-02	2.261863228e+00	4.211112946e-03	9.637829721e-15
-4.200000000e-02	2.261867702e+00	4.019503508e-03	1.652612192e-14
-4.250000000e-02	2.261872192e+00	3.827894403e-03	6.510016259e-15
-4.300000000e-02	2.261876699e+00	3.636285602e-03	6.075451166e-15
-4.350000000e-02	2.261881221e+00	3.444677135e-03	5.414325273e-15
-4.400000000e-02	2.261885760e+00	3.253068995e-03	6.907121383e-15
-4.450000000e-02	2.261890315e+00	3.061461186e-03	5.971421331e-15
-4.500000000e-02	2.261894886e+00	2.869853715e-03	9.111839239e-15
-4.550000000e-02	2.261899474e+00	2.678246576e-03	8.133499755e-15
-4.600000000e-02	2.261904077e+00	2.486639794e-03	7.275161543e-15
-4.650000000e-02	2.261908697e+00	2.295033357e-03	7.997686136e-15
-4.700000000e-02	2.261913333e+00	2.103427276e-03	8.512634920e-15
-4.750000000e-02	2.261917985e+00	1.911821550e-03	1.070494203e-14
-4.800000000e-02	2.261922653e+00	1.720216179e-03	5.427684463e-15
-4.850000000e-02	2.261927338e+00	1.528611184e-03	9.653396498e-15
-4.900000000e-02	2.261932038e+00	1.337006555e-03	9.363028845e-15
-4.950000000e-02	2.261936755e+00	1.145402299e-03	9.511854920e-15
-5.000000000e-02	2.261941488e+00	9.537984223e-04	1.287184399e-14
-5.050000000e-02	2.261946237e+00	7.621949184e-04	5.103288932e-15
-5.100000000e-02	2.261951002e+00	5.705918044e-04	8.392889016e-15
-5.150000000e-02	2.261955784e+00	3.789890829e-04	8.872730651e-15
-5.200000000e-02	2.261960581e+00	1.873867570e-04	7.077862109e-15
-5.250000000e-02	2.261965395e+00	-4.215169898e-06	5.837946224e-15
-5.300000000e-02	2.261970225e+00	-1.958167009e-04	8.201516434e-15
-5.350000000e-02	2.261975071e+00	-3.874178190e-04	7.670754571e-15
-5.400000000e-02	2.261979934e+00	-5.790185275e-04	5.907971239e-15
-5.450000000e-02	2.261984812e+00	-7.706188221e-04	6.792652724e-15
-5.500000000e-02	2.261989707e+00	-9.622186994e-04	1.158016811e-14
-5.550000000e-02	2.261994618e+00	-1.153818158e-03	7.692241155e-15
-5.600000000e-02	2.261999545e+00	-1.345417190e-03	8.600561934e-15
-5.650000000e-02	2.262004488e+00	-1.537015788e-03	6.493947905e-15
-5.700000000e-02	2.262009447e+00	-1.728613945e-03	1.053596048e-14
-5.750000000e-02	2.262014423e+00	-1.920211672e-03	5.922212553e-15
-5.800000000e-02	2.262019414e+00	-2.111808961e-03	1.080182194e-14
-5.850000000e-02	2.262024422e+00	-2.303405793e-03	6.556270595e-15
-5.900000000e-02	2.262029446e+00	-2.495002170e-03	9.923757750e-15
-5.950000000e-02	2.262034486e+00	-2.686598102e-03	6.991723605e-15
-6.000000000e-02	2.262039543e+00	-2.878193576e-03	8.196205139e-15
-6.050000000e-02	2.262044615e+00	-3.069788576e-03	6.312722800e-15
-6.100000000e-02	2.262049704e+00	-3.261383116e-03	6.177450566e-15
-6.150000000e-02	2.262054809e+00	-3.452977181e-03	1.016041106e-14
-6.200000000e-02	2.262059930e+00	-3.644570775e-03	6.828548624e-15
-6.250000000e-02	2.262065067e+00	-3.836163889e-03	7.986063653e-15
-6.300000000e-02	2.262070221e+00	-4.027756524e-03	1.153616336e-14
-6.350000000e-02	2.262075390e+00	-4.219348656e-03	1.000768894e-14
-6.400000000e-02	2.262080576e+00	-4.410940310e-03	7.427831740e-15
-6.450000000e-02	2.262085778e+00	-4.602531466e-03	7.393737342e-15
-6.500000000e-02	2.262090996e+00	-4.794122120e-03	6.355812625e-15
-6.550000000e-02	2.262096230e+00	-4.985712264e-03	8.926311703e-15
-6.600000000e-02	2.262101481e+00	-5.177301911e-03	8.981284674e-15
-6.650000000e-02	2.262106747e+00	-5.368891038e-03	3.673094659e-15
-6.700000000e-02	2.262112030e+00	-5.560479656e-03	7.811204863e-15
-6.750000000e-02	2.262117329e+00	-5.752067747e-03	3.783573460e-15
-6.800000000e-02	2.262122644e+00	-5.943655311e-03	7.147279734e-15
-6.850000000e-02	2.262127975e+00	-6.135242358e-03	5.837773839e-15
-6.900000000e-02	2.262133323e+00	-6.326828866e-03	7.665058646e-15
-6.950000000e-02	2.262138686e+00	-6.518414831e-03	7.880052832e-15
-7.000000000e-02	2.262144066e+00	-6.710000269e-03	1.034880767e-14
-7.050000000e-02	2.262149462e+00	-6.901585148e-03	7.863213943e-15
-7.100000000e-02	2.262154874e+00	-7.093169484e-03	1.012460245e-14
-7.150000000e-02	2.262160302e+00	-7.284753270e-03	5.194875227e-15
-7.200000000e-02	2.262165747e+00	-7.476336496e-03	1.100935823e-14
-7.250000000e-02	2.262171207e+00	-7.667919166e-03	5.093553083e-15
-7.300000000e-02	2.262176684e+00	-7.859501265e-03	6.003798462e-15
-7.350000000e-02	2.262182177e+00	-8.051082803e-03	8.094546701e-15
-7.400000000e-02	2.262187686e+00	-8.242663759e-03	7.735292010e-15
-7.450000000e-02	2.262193211e+00	-8.434244139e-03	7.683800509e-15
-7.500000000e-02	2.262198753e+00	-8.625823937e-03	8.698172955e-15
-7.550000000e-02	2.262204310e+00	-8.817403159e-03	6.071432964e-15
-7.600000000e-02	2.262209884e+00	-9.008981785e-03	7.504747550e-15
-7.650000000e-02	2.262215474e+00	-9.200559813e-03	9.683890239e-15
-7.700000000e-02	2.262221080e+00	-9.392137251e-03	6.689781078e-15
-7.750000000e-02	2.262226702e+00	-9.583714082e-03	5.769188073e-15
-7.800000000e-02	2.262232341e+00	-9.775290308e-03	5.718986543e-15
-7.850000000e-02	2.262237995e+00	-9.966865927e-03	1.159582188e-14
-7.900000000e-02	2.262243666e+00	-1.015844093e-02	5.123344845e-15
-7.950000000e-02	2.262249353e+00	-1.035001531e-02	9.270386190e-15
-8.000000000e-02	2.262255056e+00	-1.054158908e-02	6.346501352e-15
-8.050000000e-02	2.262260775e+00	-1.073316221e-02	4.505084337e-15
-8.100000000e-02	2.262266510e+00	-1.092473472e-02	6.130906434e-15
-8.150000000e-02	2.262272262e+00	-1.111630659e-02	5.145633234e-15
-8.200000000e-02	2.262278030e+00	-1.130787783e-02	4.380503024e-15
-8.250000000e-02	2.262283814e+00	-1.149944842e-02	9.457369336e-15
-8.300000000e-02	2.262289614e+00	-1.169101836e-02	5.123319998e-15
-8.350000000e-02	2.262295430e+00	-1.188258766e-02	6.918300590e-15
-8.400000000e-02	2.262301262e+00	-1.207415630e-02	6.000209737e-15
-8.450000000e-02	2.262307110e+00	-1.226572428e-02	8.194377638e-15
-8.500000000e-02	2.262312975e+00	-1.245729160e-02	7.086701987e-15
-8.550000000e-02	2.262318856e+00	-1.264885825e-02	8.283814250e-15
-8.600000000e-02	2.262324753e+00	-1.284042424e-02	5.330677244e-15
-8.650000000e-02	2.262330666e+00	-1.303198954e-02	8.160660017e-15
-8.700000000e-02	2.262336595e+00	-1.322355417e-02	6.362327569e-15
-8.750000000e-02	2.262342541e+00	-1.341511811e-02	9.663748261e-15
-8.800000000e-02	2.262348502e+00	-1.360668137e-02	7.272307081e-15
-8.850000000e-02	2.262354480e+00	-1.379824393e-02	8.555936553e-15
-8.900000000e-02	2.262360474e+00	-1.398980581e-02	5.932879303e-15
-8.950000000e-02	2.262366484e+00	-1.418136698e-02	1.433673304e-14
-9.000000000e-02	2.262372510e+00	-1.437292744e-02	7.719638479e-15
-9.050000000e-02	2.262378553e+00	-1.456448720e-02	4.659072407e-15
-9.100000000e-02	2.262384611e+00	-1.475604626e-02	5.275943075e-15
-9.150000000e-02	2.262390686e+00	-1.494760459e-02	8.563472732e-15
-9.200000000e-02	2.262396777e+00	-1.513916220e-02	7.258682298e-15
-9.250000000e-02	2.262402884e+00	-1.533071909e-02	5.149153268e-15
-9.300000000e-02	2.262409007e+00	-1.552227526e-02	9.981623527e-15
-9.350000000e-02	2.262415146e+00	-1.571383068e-02	5.835807550e-15
-9.400000000e-02	2.262421302e+00	-1.590538538e-02	6.232772720e-15
-9.450000000e-02	2.262427473e+00	-1.609693933e-02	6.332761641e-15
-9.500000000e-02	2.262433661e+00	-1.628849254e-02	8.787554555e-15
-9.550000000e-02	2.262439865e+00	-1.648004500e-02	1.052820692e-14
-9.600000000e-02	2.262446085e+00	-1.667159671e-02	5.353841105e-15
-9.650000000e-02	2.262452321e+00	-1.686314767e-02	5.561045499e-15
-9.700000000e-02	2.262458574e+00	-1.705469786e-02	7.342595644e-15
-9.750000000e-02	2.262464842e+00	-1.724624729e-02	9.919041901e-15
-9.800000000e-02	2.262471127e+00	-1.743779595e-02	4.379840153e-15
-9.850000000e-02	2.262477428e+00	-1.762934384e-02	6.815092729e-15
-9.900000000e-02	2.262483745e+00	-1.782089095e-02	7.427505775e-15
-9.950000000e-02	2.262490078e+00	-1.801243728e-02	3.059965802e-15
-1.000000000e-01	2.262496427e+00	-1.820398283e-02	9.120271662e-15
-1.005000000e-01	2.262502793e+00	-1.839552759e-02	4.892050004e-15
-1.010000000e-01	2.262509174e+00	-1.858707155e-02	2.259593612e-15
-1.015000000e-01	2.262515572e+00	-1.877861471e-02	8.429126959e-15
-1.020000000e-01	2.262521986e+00	-1.897015709e-02	6.424055148e-15
-1.025000000e-01	2.262528416e+00	-1.916169864e-02	7.862122386e-15
-1.030000000e-01	2.262534862e+00	-1.935323940e-02	8.040223218e-15
-1.035000000e-01	2.262541324e+00	-1.954477934e-02	6.971276322e-15
-1.040000000e-01	2.262547803e+00	-1.973631846e-02	5.324697700e-15
-1.045000000e-01	2.262554297e+00	-1.992785676e-02	5.597220448e-15
-1.050000000e-01	2.262560808e+00	-2.011939424e-02	8.577670118e-15
-1.055000000e-01	2.262567335e+00	-2.031093089e-02	5.877339112e-15
-1.060000000e-01	2.262573878e+00	-2.050246670e-02	7.935232662e-15
-1.065000000e-01	2.262580437e+00	-2.069400168e-02	4.920851530e-15
-1.070000000e-01	2.262587013e+00	-2.088553581e-02	5.414416677e-15
-1.075000000e-01	2.262593604e+00	-2.107706910e-02	6.888907655e-15
-1.080000000e-01	2.262600212e+00	-2.126860154e-02	8.939807270e-15
-1.085000000e-01	2.262606836e+00	-2.146013312e-02	8.934351739e-15
-1.090000000e-01	2.262613476e+00	-2.165166385e-02	3.424979194e-15
-1.095000000e-01	2.262620132e+00	-2.184319372e-02	5.850864444e-15
-1.100000000e-01	2.262626804e+00	-2.203472271e-02	2.476460884e-15
-1.105000000e-01	2.262633492e+00	-2.222625084e-02	6.594021879e-15
-1.110000000e-01	2.262640197e+00	-2.241777810e-02	5.965554067e-15
-1.115000000e-01	2.262646917e+00	-2.260930448e-02	8.023016525e-15
-1.120000000e-01	2.262653654e+00	-2.280082997e-02	7.128695939e-15
-1.125000000e-01	2.262660407e+00	-2.299235458e-02	7.959871559e-15
-1.130000000e-01	2.262667176e+00	-2.318387830e-02	4.174784215e-15
-1.135000000e-01	2.262673961e+00	-2.337540112e-02	8.798044136e-15
-1.140000000e-01	2.262680763e+00	-2.356692305e-02	5.828996542e-15
-1.145000000e-01	2.262687580e+00	-2.375844408e-02	7.759153214e-15
-1.150000000e-01	2.262694414e+00	-2.394996420e-02	9.957822698e-15
-1.155000000e-01	2.262701264e+00	-2.414148341e-02	6.192099139e-15
-1.160000000e-01	2.262708130e+00	-2.433300169e-02	8.730429332e-15
-1.165000000e-01	2.262715012e+00	-2.452451907e-02	9.373197807e-15
-1.170000000e-01	2.262721910e+00	-2.471603552e-02	8.592986144e-15
-1.175000000e-01	2.262728824e+00	-2.490755105e-02	7.050722257e-15
-1.180000000e-01	2.262735755e+00	-2.509906564e-02	7.760130181e-15
-1.185000000e-01	2.262742701e+00	-2.529057930e-02	4.660159396e-15
-1.190000000e-01	2.262749664e+00	-2.548209202e-02	9.464055945e-15
-1.195000000e-01	2.262756643e+00	-2.567360380e-02	4.773698551e-15
-1.200000000e-01	2.262763638e+00	-2.586511462e-02	7.637996195e-15
-1.205000000e-01	2.262770649e+00	-2.605662450e-02	8.040012407e-15
-1.210000000e-01	2.262777676e+00	-2.624813343e-02	6.430279104e-15
-1.215000000e-01	2.262784720e+00	-2.643964139e-02	9.911839998e-15
-1.220000000e-01	2.262791779e+00	-2.663114839e-02	7.465930695e-15
-1.225000000e-01	2.262798855e+00	-2.682265443e-02	5.119087967e-15
-1.230000000e-01	2.262805947e+00	-2.701415949e-02	9.778035438e-15
-1.235000000e-01	2.262813055e+00	-2.720566357e-02	4.949479479e-15
-1.240000000e-01	2.262820179e+00	-2.739716668e-02	6.110731917e-15
-1.245000000e-01	2.262827319e+00	-2.758866881e-02	6.626363657e-15
-1.250000000e-01	2.262834475e+00	-2.778016995e-02	2.622794865e-15
-1.255000000e-01	2.262841648e+00	-2.797167008e-02	1.015599132e-14
-1.260000000e-01	2.262848836e+00	-2.816316924e-02	9.868236064e-15
-1.265000000e-01	2.262856041e+00	-2.835466739e-02	8.056663284e-15
-1.270000000e-01	2.262863262e+00	-2.854616453e-02	4.160971443e-15
-1.275000000e-01	2.262870499e+00	-2.873766067e-02	9.203426812e-15
-1.280000000e-01	2.262877752e+00	-2.892915580e-02	7.288399233e-15
-1.285000000e-01	2.262885021e+00	-2.912064991e-02	6.864821351e-15
-1.290000000e-01	2.262892307e+00	-2.931214300e-02	4.617987408e-15
-1.295000000e-01	2.262899608e+00	-2.950363506e-02	7.460790477e-15
-1.300000000e-01	2.262906926e+00	-2.969512610e-02	7.542447043e-15
-1.305000000e-01	2.262914260e+00	-2.988661611e-02	5.787924531e-15
-1.310000000e-01	2.262921610e+00	-3.007810508e-02	6.728010418e-15
-1.315000000e-01	2.262928976e+00	-3.026959301e-02	3.945289857e-15
-1.320000000e-01	2.262936358e+00	-3.046107989e-02	1.256294945e-14
-1.325000000e-01	2.262943756e+00	-3.065256573e-02	9.738906771e-15
-1.330000000e-01	2.262951171e+00	-3.084405052e-02	1.069724550e-14
-1.335000000e-01	2.262958601e+00	-3.103553425e-02	9.397154097e-15
-1.340000000e-01	2.262966048e+00	-3.122701692e-02	9.794853007e-15
-1.345000000e-01	2.262973510e+00	-3.141849852e-02	9.992026899e-15
-1.350000000e-01	2.262980989e+00	-3.160997905e-02	6.289451333e-15
-1.355000000e-01	2.262988484e+00	-3.180145851e-02	9.112506863e-15
-1.360000000e-01	2.262995996e+00	-3.199293689e-02	7.110216479e-15
-1.365000000e-01	2.263003523e+00	-3.218441420e-02	4.295866401e-15
-1.370000000e-01	2.263011066e+00	-3.237589042e-02	6.820827346e-15
-1.375000000e-01	2.263018626e+00	-3.256736556e-02	6.496576840e-15
-1.380000000e-01	2.263026201e+00	-3.275883959e-02	5.859069010e-15
-1.385000000e-01	2.263033793e+00	-3.295031253e-02	8.484411314e-15
-1.390000000e-01	2.263041401e+00	-3.314178438e-02	6.556900962e-15
-1.395000000e-01	2.263049025e+00	-3.333325511e-02	8.661834434e-15
-1.400000000e-01	2.263056665e+00	-3.352472474e-02	7.148969217e-15
-1.405000000e-01	2.263064321e+00	-3.371619325e-02	6.205227433e-15
-1.410000000e-01	2.263071994e+00	-3.390766065e-02	7.266474862e-15
-1.415000000e-01	2.263079682e+00	-3.409912692e-02	1.321526133e-14
-1.420000000e-01	2.263087387e+00	-3.429059207e-02	7.584164740e-15
-1.425000000e-01	2.263095107e+00	-3.448205609e-02	6.917872176e-15
-1.430000000e-01	2.263102844e+00	-3.467351898e-02	5.835012580e-15
-1.435000000e-01	2.263110597e+00	-3.486498073e-02	9.032306690e-15
-1.440000000e-01	2.263118366e+00	-3.505644134e-02	5.625536154e-15
-1.445000000e-01	2.263126151e+00	-3.524790080e-02	1.108932478e-14
-1.450000000e-01	2.263133953e+00	-3.543935912e-02	8.158706935e-15
-1.455000000e-01	2.263141770e+00	-3.563081628e-02	1.208540903e-14
-1.460000000e-01	2.263149604e+00	-3.582227229e-02	5.056006904e-15
-1.465000000e-01	2.263157453e+00	-3.601372712e-02	5.665272779e-15
-1.470000000e-01	2.263165319e+00	-3.620518081e-02	1.011203962e-14
-1.475000000e-01	2.263173201e+00	-3.639663330e-02	7.623516519e-15
-1.480000000e-01	2.263181099e+00	-3.658808464e-02	6.571396560e-15
-1.485000000e-01	2.263189013e+00	-3.677953479e-02	6.929231997e-15
-1.490000000e-01	2.263196943e+00	-3.697098377e-02	6.495309865e-15
-1.495000000e-01	2.263204889e+00	-3.716243156e-02	1.211919118e-14
-1.500000000e-01	2.263212852e+00	-3.735387815e-02	6.217103812e-15
