# epsi_ci     Re(Lambda)      Im(Lambda)      Eq(det), R = 0.5 $\mu$m, $E_p$ = 0.600 eV, modo = 3, $\epsilon_\infty$ = 3.9, $\gamma_{DL}$ = 0.01 eV, solve_det_sinkz_vs_mu.py
0.000000000e+00	4.460125280e+00	7.509426961e-02	1.951938423e-14
-1.000000000e-03	4.460140149e+00	7.465235116e-02	2.611811302e-14
-2.000000000e-03	4.460155059e+00	7.421043247e-02	3.555613350e-14
-3.000000000e-03	4.460170010e+00	7.376851355e-02	3.135839782e-14
-4.000000000e-03	4.460185001e+00	7.332659441e-02	1.636585025e-14
-5.000000000e-03	4.460200034e+00	7.288467506e-02	2.893096810e-14
-6.000000000e-03	4.460215107e+00	7.244275551e-02	1.325607650e-14
-7.000000000e-03	4.460230222e+00	7.200083578e-02	2.529853351e-14
-8.000000000e-03	4.460245377e+00	7.155891586e-02	2.394093096e-14
-9.000000000e-03	4.460260573e+00	7.111699578e-02	2.515887064e-14
-1.000000000e-02	4.460275810e+00	7.067507554e-02	1.688188112e-14
-1.100000000e-02	4.460291087e+00	7.023315516e-02	1.789487464e-14
-1.200000000e-02	4.460306406e+00	6.979123464e-02	2.525632815e-14
-1.300000000e-02	4.460321765e+00	6.934931399e-02	2.583562700e-14
-1.400000000e-02	4.460337165e+00	6.890739322e-02	2.476427755e-14
-1.500000000e-02	4.460352606e+00	6.846547235e-02	2.211231202e-14
-1.600000000e-02	4.460368088e+00	6.802355138e-02	1.967690744e-14
-1.700000000e-02	4.460383611e+00	6.758163032e-02	1.446006065e-14
-1.800000000e-02	4.460399175e+00	6.713970919e-02	2.131736738e-14
-1.900000000e-02	4.460414779e+00	6.669778800e-02	2.456441066e-14
-2.000000000e-02	4.460430425e+00	6.625586675e-02	2.451577599e-14
-2.100000000e-02	4.460446111e+00	6.581394545e-02	1.865489622e-14
-2.200000000e-02	4.460461838e+00	6.537202412e-02	2.082777956e-14
-2.300000000e-02	4.460477606e+00	6.493010277e-02	2.136673829e-14
-2.400000000e-02	4.460493414e+00	6.448818140e-02	3.148266823e-14
-2.500000000e-02	4.460509264e+00	6.404626003e-02	2.083146216e-14
-2.600000000e-02	4.460525154e+00	6.360433867e-02	1.503997050e-14
-2.700000000e-02	4.460541086e+00	6.316241732e-02	1.947925865e-14
-2.800000000e-02	4.460557058e+00	6.272049600e-02	1.471251012e-14
-2.900000000e-02	4.460573071e+00	6.227857471e-02	1.113949807e-14
-3.000000000e-02	4.460589125e+00	6.183665348e-02	3.688782134e-14
-3.100000000e-02	4.460605219e+00	6.139473230e-02	3.016153012e-14
-3.200000000e-02	4.460621355e+00	6.095281119e-02	2.470932071e-14
-3.300000000e-02	4.460637531e+00	6.051089016e-02	2.773511951e-14
-3.400000000e-02	4.460653749e+00	6.006896921e-02	2.410343138e-14
-3.500000000e-02	4.460670007e+00	5.962704837e-02	1.455160099e-14
-3.600000000e-02	4.460686306e+00	5.918512763e-02	1.529928795e-14
-3.700000000e-02	4.460702646e+00	5.874320702e-02	1.300683644e-14
-3.800000000e-02	4.460719026e+00	5.830128653e-02	2.668617137e-14
-3.900000000e-02	4.460735448e+00	5.785936618e-02	3.643213267e-14
-4.000000000e-02	4.460751910e+00	5.741744599e-02	1.982830352e-14
-4.100000000e-02	4.460768414e+00	5.697552595e-02	2.442456678e-14
-4.200000000e-02	4.460784958e+00	5.653360608e-02	1.680988586e-14
-4.300000000e-02	4.460801543e+00	5.609168640e-02	2.076277600e-14
-4.400000000e-02	4.460818169e+00	5.564976691e-02	1.351553600e-14
-4.500000000e-02	4.460834835e+00	5.520784761e-02	2.623496688e-14
-4.600000000e-02	4.460851543e+00	5.476592853e-02	2.660222813e-14
-4.700000000e-02	4.460868291e+00	5.432400967e-02	4.063858758e-14
-4.800000000e-02	4.460885081e+00	5.388209105e-02	3.200488280e-14
-4.900000000e-02	4.460901911e+00	5.344017266e-02	1.752375482e-14
-5.000000000e-02	4.460918782e+00	5.299825453e-02	3.393431940e-14
-5.100000000e-02	4.460935694e+00	5.255633667e-02	2.938607506e-14
-5.200000000e-02	4.460952646e+00	5.211441907e-02	2.785675295e-14
-5.300000000e-02	4.460969640e+00	5.167250176e-02	3.688613523e-14
-5.400000000e-02	4.460986674e+00	5.123058474e-02	1.581846504e-14
-5.500000000e-02	4.461003750e+00	5.078866803e-02	3.223998783e-14
-5.600000000e-02	4.461020866e+00	5.034675163e-02	2.429355045e-14
-5.700000000e-02	4.461038023e+00	4.990483555e-02	2.677414294e-14
-5.800000000e-02	4.461055221e+00	4.946291981e-02	1.677749989e-14
-5.900000000e-02	4.461072459e+00	4.902100442e-02	1.870257211e-14
-6.000000000e-02	4.461089739e+00	4.857908938e-02	1.395759094e-14
-6.100000000e-02	4.461107059e+00	4.813717471e-02	2.365330009e-14
-6.200000000e-02	4.461124421e+00	4.769526041e-02	2.812719401e-14
-6.300000000e-02	4.461141823e+00	4.725334650e-02	2.146797155e-14
-6.400000000e-02	4.461159266e+00	4.681143298e-02	2.728000348e-14
-6.500000000e-02	4.461176750e+00	4.636951987e-02	2.402528701e-14
-6.600000000e-02	4.461194274e+00	4.592760718e-02	1.474674951e-14
-6.700000000e-02	4.461211840e+00	4.548569492e-02	2.271250195e-14
-6.800000000e-02	4.461229446e+00	4.504378309e-02	2.250621187e-14
-6.900000000e-02	4.461247094e+00	4.460187171e-02	3.823907522e-14
-7.000000000e-02	4.461264782e+00	4.415996079e-02	3.134776830e-14
-7.100000000e-02	4.461282511e+00	4.371805034e-02	2.693878086e-14
-7.200000000e-02	4.461300281e+00	4.327614036e-02	1.756787739e-14
-7.300000000e-02	4.461318091e+00	4.283423088e-02	2.104844077e-14
-7.400000000e-02	4.461335943e+00	4.239232189e-02	3.012701607e-14
-7.500000000e-02	4.461353835e+00	4.195041342e-02	3.111431838e-14
-7.600000000e-02	4.461371769e+00	4.150850546e-02	2.150252777e-14
-7.700000000e-02	4.461389743e+00	4.106659803e-02	2.779452038e-14
-7.800000000e-02	4.461407758e+00	4.062469114e-02	2.540146602e-14
-7.900000000e-02	4.461425814e+00	4.018278481e-02	1.854796715e-14
-8.000000000e-02	4.461443910e+00	3.974087903e-02	3.276935307e-14
-8.100000000e-02	4.461462048e+00	3.929897383e-02	2.889320386e-14
-8.200000000e-02	4.461480226e+00	3.885706920e-02	2.014733185e-14
-8.300000000e-02	4.461498446e+00	3.841516517e-02	2.559899219e-14
-8.400000000e-02	4.461516706e+00	3.797326174e-02	1.955077318e-14
-8.500000000e-02	4.461535007e+00	3.753135892e-02	3.171457678e-14
-8.600000000e-02	4.461553349e+00	3.708945673e-02	1.950856156e-14
-8.700000000e-02	4.461571731e+00	3.664755516e-02	2.224493524e-14
-8.800000000e-02	4.461590155e+00	3.620565424e-02	1.417220382e-14
-8.900000000e-02	4.461608620e+00	3.576375398e-02	2.926025631e-14
-9.000000000e-02	4.461627125e+00	3.532185437e-02	3.205366403e-14
-9.100000000e-02	4.461645671e+00	3.487995544e-02	1.203844832e-14
-9.200000000e-02	4.461664258e+00	3.443805719e-02	2.096392235e-14
-9.300000000e-02	4.461682886e+00	3.399615964e-02	2.201662358e-14
-9.400000000e-02	4.461701555e+00	3.355426280e-02	2.759221969e-14
-9.500000000e-02	4.461720264e+00	3.311236666e-02	3.558914846e-14
-9.600000000e-02	4.461739015e+00	3.267047126e-02	1.020612098e-14
-9.700000000e-02	4.461757806e+00	3.222857658e-02	1.701045273e-14
-9.800000000e-02	4.461776638e+00	3.178668266e-02	2.558789526e-14
-9.900000000e-02	4.461795511e+00	3.134478949e-02	2.217445865e-14
-1.000000000e-01	4.461814425e+00	3.090289708e-02	1.067539356e-14
-1.010000000e-01	4.461833380e+00	3.046100545e-02	2.017326358e-14
-1.020000000e-01	4.461852375e+00	3.001911461e-02	2.709825712e-14
-1.030000000e-01	4.461871412e+00	2.957722457e-02	3.275900474e-14
-1.040000000e-01	4.461890489e+00	2.913533533e-02	2.142370834e-14
-1.050000000e-01	4.461909607e+00	2.869344691e-02	3.042379161e-14
-1.060000000e-01	4.461928766e+00	2.825155932e-02	2.343943968e-14
-1.070000000e-01	4.461947966e+00	2.780967257e-02	3.158974587e-14
-1.080000000e-01	4.461967207e+00	2.736778666e-02	1.637937412e-14
-1.090000000e-01	4.461986489e+00	2.692590162e-02	3.444245477e-14
-1.100000000e-01	4.462005811e+00	2.648401744e-02	2.126506297e-14
-1.110000000e-01	4.462025174e+00	2.604213414e-02	1.373099832e-14
-1.120000000e-01	4.462044579e+00	2.560025173e-02	2.423640883e-14
-1.130000000e-01	4.462064024e+00	2.515837022e-02	2.117428974e-14
-1.140000000e-01	4.462083510e+00	2.471648962e-02	9.374841902e-15
-1.150000000e-01	4.462103036e+00	2.427460994e-02	2.714101002e-14
-1.160000000e-01	4.462122604e+00	2.383273120e-02	2.541774090e-14
-1.170000000e-01	4.462142212e+00	2.339085339e-02	1.781185831e-14
-1.180000000e-01	4.462161862e+00	2.294897653e-02	2.938927912e-14
-1.190000000e-01	4.462181552e+00	2.250710064e-02	2.015716559e-14
-1.200000000e-01	4.462201283e+00	2.206522572e-02	1.549747809e-14
-1.210000000e-01	4.462221055e+00	2.162335177e-02	2.629220685e-14
-1.220000000e-01	4.462240867e+00	2.118147883e-02	2.352542697e-14
-1.230000000e-01	4.462260721e+00	2.073960688e-02	2.345112915e-14
-1.240000000e-01	4.462280615e+00	2.029773595e-02	2.366841387e-14
-1.250000000e-01	4.462300551e+00	1.985586604e-02	1.714069691e-14
-1.260000000e-01	4.462320527e+00	1.941399716e-02	1.533404970e-14
-1.270000000e-01	4.462340544e+00	1.897212933e-02	2.034123766e-14
-1.280000000e-01	4.462360602e+00	1.853026255e-02	2.442870388e-14
-1.290000000e-01	4.462380700e+00	1.808839683e-02	2.284221341e-14
-1.300000000e-01	4.462400840e+00	1.764653219e-02	2.013576937e-14
-1.310000000e-01	4.462421020e+00	1.720466864e-02	3.358707642e-14
-1.320000000e-01	4.462441241e+00	1.676280618e-02	3.833872461e-14
-1.330000000e-01	4.462461504e+00	1.632094482e-02	2.409805094e-14
-1.340000000e-01	4.462481806e+00	1.587908458e-02	2.823994739e-14
-1.350000000e-01	4.462502150e+00	1.543722547e-02	2.515819203e-14
-1.360000000e-01	4.462522535e+00	1.499536749e-02	2.472896446e-14
-1.370000000e-01	4.462543139e+00	1.454999519e-02	2.414453247e-06
-1.380000000e-01	4.462565487e+00	1.407096461e-02	2.794623321e-05
-1.390000000e-01	4.462587872e+00	1.359193512e-02	5.347763936e-05
-1.400000000e-01	4.462611748e+00	1.311298102e-02	7.901499194e-05
-1.410000000e-01	4.462632750e+00	1.263387947e-02	1.045393181e-04
-1.420000000e-01	4.462655244e+00	1.215485333e-02	1.300695845e-04
-1.430000000e-01	4.462677774e+00	1.167582834e-02	1.555994649e-04
-1.440000000e-01	4.462700283e+00	1.119680156e-02	1.811289605e-04
-1.450000000e-01	4.462722942e+00	1.071778180e-02	2.066580556e-04
-1.460000000e-01	4.462745581e+00	1.023876028e-02	2.321867598e-04
-1.470000000e-01	4.462768256e+00	9.759739963e-03	2.577150658e-04
-1.480000000e-01	4.462790967e+00	9.280720823e-03	2.832429705e-04
-1.490000000e-01	4.462813714e+00	8.801702898e-03	3.087704710e-04
-1.500000000e-01	4.462836430e+00	8.322682690e-03	3.342975673e-04
-1.510000000e-01	4.462859318e+00	7.843670736e-03	3.598242469e-04
-1.520000000e-01	4.462881944e+00	7.364644504e-03	3.853505485e-04
-1.530000000e-01	4.462905066e+00	6.885643542e-03	4.108763692e-04
-1.540000000e-01	4.462927969e+00	6.406630464e-03	4.364018030e-04
-1.550000000e-01	4.462950958e+00	5.927621350e-03	4.619268135e-04
-1.560000000e-01	4.462915927e+00	6.498283155e-03	2.335916619e-04
-1.570000000e-01	4.462946007e+00	5.927109325e-03	1.446770682e-04
-1.580000000e-01	4.462975978e+00	5.355929485e-03	5.576348411e-05
-1.590000000e-01	4.463002657e+00	4.832971259e-03	2.234112420e-14
-1.600000000e-01	4.463024022e+00	4.391143636e-03	3.113051365e-14
-1.610000000e-01	4.463045427e+00	3.949317406e-03	2.223918980e-14
-1.620000000e-01	4.463066874e+00	3.507492580e-03	1.917426736e-14
-1.630000000e-01	4.463088362e+00	3.065669167e-03	2.026531632e-14
-1.640000000e-01	4.463109890e+00	2.623847179e-03	1.601459694e-14
-1.650000000e-01	4.463131459e+00	2.182026625e-03	3.706345621e-14
-1.660000000e-01	4.463153069e+00	1.740207516e-03	1.624663377e-14
-1.670000000e-01	4.463174720e+00	1.298389862e-03	3.720008497e-14
-1.680000000e-01	4.463196412e+00	8.565736737e-04	2.090165669e-14
-1.690000000e-01	4.463218145e+00	4.147589607e-04	2.623525175e-14
-1.700000000e-01	4.463239918e+00	-2.705426628e-05	3.234691541e-14
-1.710000000e-01	4.463261733e+00	-4.688659972e-04	1.135456469e-14
-1.720000000e-01	4.463283588e+00	-9.106762217e-04	2.049588941e-14
-1.730000000e-01	4.463305484e+00	-1.352484929e-03	1.970862457e-14
-1.740000000e-01	4.463327420e+00	-1.794292110e-03	2.626580958e-14
-1.750000000e-01	4.463349398e+00	-2.236097753e-03	2.978562812e-14
-1.760000000e-01	4.463371417e+00	-2.677901849e-03	3.701370589e-14
-1.770000000e-01	4.463393476e+00	-3.119704387e-03	2.219408064e-14
-1.780000000e-01	4.463415576e+00	-3.561505356e-03	1.980242168e-14
-1.790000000e-01	4.463437717e+00	-4.003304747e-03	2.947671300e-14
-1.800000000e-01	4.463459899e+00	-4.445102549e-03	1.984389916e-14
-1.810000000e-01	4.463482122e+00	-4.886898753e-03	3.645631655e-14
-1.820000000e-01	4.463504385e+00	-5.328693346e-03	2.315103641e-14
-1.830000000e-01	4.463526690e+00	-5.770486321e-03	3.647601696e-14
-1.840000000e-01	4.463549035e+00	-6.212277665e-03	2.618727858e-14
-1.850000000e-01	4.463571421e+00	-6.654067369e-03	1.821529732e-14
-1.860000000e-01	4.463593848e+00	-7.095855422e-03	2.992840405e-14
-1.870000000e-01	4.463616315e+00	-7.537641815e-03	3.420392798e-14
-1.880000000e-01	4.463638824e+00	-7.979426537e-03	3.089219106e-14
-1.890000000e-01	4.463661373e+00	-8.421209577e-03	2.768730488e-14
-1.900000000e-01	4.463683964e+00	-8.862990925e-03	1.856435156e-14
-1.910000000e-01	4.463706595e+00	-9.304770572e-03	2.588155683e-14
-1.920000000e-01	4.463729267e+00	-9.746548506e-03	1.677818112e-14
-1.930000000e-01	4.463751979e+00	-1.018832472e-02	1.724578767e-14
-1.940000000e-01	4.463774733e+00	-1.063009920e-02	2.843809026e-14
-1.950000000e-01	4.463797527e+00	-1.107187193e-02	1.441845268e-14
-1.960000000e-01	4.463820362e+00	-1.151364291e-02	4.927634344e-14
-1.970000000e-01	4.463843238e+00	-1.195541213e-02	3.543763748e-14
-1.980000000e-01	4.463866155e+00	-1.239717958e-02	2.351305785e-14
-1.990000000e-01	4.463889113e+00	-1.283894524e-02	1.405571994e-14
-2.000000000e-01	4.463912112e+00	-1.328070910e-02	1.891298700e-14
