# Im(epsi1)     Re(Lambda)      Im(Lambda)      Eq(det).Opt det SIN kz, R=0.5 \mum, Re(epsi1)=4.90solve_det_sinkz_vs_mu.py
0.000000000e+00	4.255733277e+01	1.245718721e-01	1.413099527e-11
-1.000000000e-04	4.255733321e+01	1.242124218e-01	1.154133525e-11
-2.000000000e-04	4.255733365e+01	1.238529715e-01	7.887737504e-12
-3.000000000e-04	4.255733409e+01	1.234935212e-01	1.331068344e-11
-4.000000000e-04	4.255733454e+01	1.231340708e-01	7.601254666e-12
-5.000000000e-04	4.255733499e+01	1.227746204e-01	7.048171549e-12
-6.000000000e-04	4.255733544e+01	1.224151699e-01	7.466074632e-12
-7.000000000e-04	4.255733590e+01	1.220557195e-01	1.434132309e-11
-8.000000000e-04	4.255733636e+01	1.216962690e-01	1.123202273e-11
-9.000000000e-04	4.255733682e+01	1.213368184e-01	1.046255190e-11
-1.000000000e-03	4.255733729e+01	1.209773678e-01	9.884511078e-12
-1.100000000e-03	4.255733776e+01	1.206179172e-01	1.000126457e-11
-1.200000000e-03	4.255733823e+01	1.202584666e-01	5.727372697e-12
-1.300000000e-03	4.255733870e+01	1.198990159e-01	1.397232272e-11
-1.400000000e-03	4.255733918e+01	1.195395652e-01	8.433969369e-12
-1.500000000e-03	4.255733966e+01	1.191801145e-01	1.040158979e-11
-1.600000000e-03	4.255734014e+01	1.188206637e-01	1.161527958e-11
-1.700000000e-03	4.255734063e+01	1.184612129e-01	1.076023329e-11
-1.800000000e-03	4.255734112e+01	1.181017621e-01	1.431570636e-11
-1.900000000e-03	4.255734161e+01	1.177423112e-01	8.691417007e-12
-2.000000000e-03	4.255734211e+01	1.173828604e-01	1.116652017e-11
-2.100000000e-03	4.255734260e+01	1.170234094e-01	5.783717566e-12
-2.200000000e-03	4.255734311e+01	1.166639585e-01	9.567324996e-12
-2.300000000e-03	4.255734361e+01	1.163045075e-01	1.091371636e-11
-2.400000000e-03	4.255734412e+01	1.159450565e-01	8.435663421e-12
-2.500000000e-03	4.255734463e+01	1.155856054e-01	7.224279476e-12
-2.600000000e-03	4.255734514e+01	1.152261543e-01	8.526365005e-12
-2.700000000e-03	4.255734566e+01	1.148667032e-01	1.050450636e-11
-2.800000000e-03	4.255734618e+01	1.145072521e-01	8.542892678e-12
-2.900000000e-03	4.255734670e+01	1.141478009e-01	7.551273463e-12
-3.000000000e-03	4.255734723e+01	1.137883497e-01	5.615515772e-12
-3.100000000e-03	4.255734775e+01	1.134288984e-01	1.099478993e-11
-3.200000000e-03	4.255734829e+01	1.130694472e-01	9.112455173e-12
-3.300000000e-03	4.255734882e+01	1.127099959e-01	1.209206021e-11
-3.400000000e-03	4.255734936e+01	1.123505445e-01	7.770580157e-12
-3.500000000e-03	4.255734990e+01	1.119910932e-01	6.114454554e-12
-3.600000000e-03	4.255735044e+01	1.116316418e-01	7.076321898e-12
-3.700000000e-03	4.255735099e+01	1.112721903e-01	1.564052365e-11
-3.800000000e-03	4.255735154e+01	1.109127389e-01	4.360213685e-12
-3.900000000e-03	4.255735209e+01	1.105532874e-01	1.170977916e-11
-4.000000000e-03	4.255735265e+01	1.101938359e-01	8.566312804e-12
-4.100000000e-03	4.255735320e+01	1.098343844e-01	1.547342918e-11
-4.200000000e-03	4.255735377e+01	1.094749328e-01	3.951893656e-12
-4.300000000e-03	4.255735433e+01	1.091154812e-01	1.055175687e-11
-4.400000000e-03	4.255735490e+01	1.087560295e-01	9.248011250e-12
-4.500000000e-03	4.255735547e+01	1.083965779e-01	9.859333032e-12
-4.600000000e-03	4.255735604e+01	1.080371262e-01	8.059226084e-12
-4.700000000e-03	4.255735662e+01	1.076776745e-01	5.648195941e-12
-4.800000000e-03	4.255735720e+01	1.073182227e-01	5.554370873e-12
-4.900000000e-03	4.255735778e+01	1.069587709e-01	1.125900439e-11
-5.000000000e-03	4.255735837e+01	1.065993191e-01	1.277456226e-11
-5.100000000e-03	4.255735896e+01	1.062398673e-01	6.068272670e-12
-5.200000000e-03	4.255735955e+01	1.058804154e-01	9.103637239e-12
-5.300000000e-03	4.255736014e+01	1.055209635e-01	9.353938493e-12
-5.400000000e-03	4.255736074e+01	1.051615115e-01	7.226726249e-12
-5.500000000e-03	4.255736134e+01	1.048020596e-01	1.226457490e-11
-5.600000000e-03	4.255736195e+01	1.044426076e-01	6.783814230e-12
-5.700000000e-03	4.255736255e+01	1.040831556e-01	9.338395789e-12
-5.800000000e-03	4.255736316e+01	1.037237035e-01	1.332538372e-11
-5.900000000e-03	4.255736377e+01	1.033642515e-01	8.347878870e-12
-6.000000000e-03	4.255736439e+01	1.030047993e-01	1.176670743e-11
-6.100000000e-03	4.255736501e+01	1.026453472e-01	8.829754465e-12
-6.200000000e-03	4.255736563e+01	1.022858950e-01	1.921303129e-11
-6.300000000e-03	4.255736626e+01	1.019264429e-01	1.186202239e-11
-6.400000000e-03	4.255736688e+01	1.015669906e-01	7.006013812e-12
-6.500000000e-03	4.255736752e+01	1.012075384e-01	1.420655185e-11
-6.600000000e-03	4.255736815e+01	1.008480861e-01	9.546300282e-12
-6.700000000e-03	4.255736879e+01	1.004886338e-01	7.389889499e-12
-6.800000000e-03	4.255736943e+01	1.001291815e-01	9.080177223e-12
-6.900000000e-03	4.255737007e+01	9.976972910e-02	6.839553719e-12
-7.000000000e-03	4.255737071e+01	9.941027671e-02	1.022555879e-11
-7.100000000e-03	4.255737136e+01	9.905082430e-02	7.932410620e-12
-7.200000000e-03	4.255737202e+01	9.869137185e-02	5.037251978e-12
-7.300000000e-03	4.255737267e+01	9.833191938e-02	1.222544073e-11
-7.400000000e-03	4.255737333e+01	9.797246687e-02	1.280835432e-11
-7.500000000e-03	4.255737399e+01	9.761301434e-02	9.081875795e-12
-7.600000000e-03	4.255737465e+01	9.725356178e-02	6.603637541e-12
-7.700000000e-03	4.255737532e+01	9.689410920e-02	1.239796335e-11
-7.800000000e-03	4.255737599e+01	9.653465658e-02	9.035488406e-12
-7.900000000e-03	4.255737666e+01	9.617520395e-02	6.660022132e-12
-8.000000000e-03	4.255737734e+01	9.581575128e-02	6.844345435e-12
-8.100000000e-03	4.255737802e+01	9.545629858e-02	9.016414497e-12
-8.200000000e-03	4.255737870e+01	9.509684586e-02	5.415816386e-12
-8.300000000e-03	4.255737939e+01	9.473739312e-02	1.168450545e-11
-8.400000000e-03	4.255738007e+01	9.437794034e-02	9.646185171e-12
-8.500000000e-03	4.255738077e+01	9.401848753e-02	1.285315031e-11
-8.600000000e-03	4.255738146e+01	9.365903471e-02	6.110550321e-12
-8.700000000e-03	4.255738216e+01	9.329958185e-02	8.280332458e-12
-8.800000000e-03	4.255738286e+01	9.294012897e-02	7.433287073e-12
-8.900000000e-03	4.255738356e+01	9.258067606e-02	8.173694083e-12
-9.000000000e-03	4.255738427e+01	9.222122312e-02	4.790121862e-12
-9.100000000e-03	4.255738498e+01	9.186177016e-02	8.071042302e-12
-9.200000000e-03	4.255738569e+01	9.150231717e-02	1.289801305e-11
-9.300000000e-03	4.255738640e+01	9.114286415e-02	8.382100944e-12
-9.400000000e-03	4.255738712e+01	9.078341111e-02	7.429571822e-12
-9.500000000e-03	4.255738784e+01	9.042395804e-02	1.307685935e-11
-9.600000000e-03	4.255738857e+01	9.006450495e-02	5.620040494e-12
-9.700000000e-03	4.255738929e+01	8.970505183e-02	4.947879148e-12
-9.800000000e-03	4.255739002e+01	8.934559869e-02	9.123361816e-12
-9.900000000e-03	4.255739076e+01	8.898614551e-02	1.132350509e-11
-1.000000000e-02	4.255739149e+01	8.862669231e-02	4.380073416e-12
-1.010000000e-02	4.255739223e+01	8.826723909e-02	1.038047940e-11
-1.020000000e-02	4.255739298e+01	8.790778584e-02	8.660249303e-12
-1.030000000e-02	4.255739372e+01	8.754833256e-02	7.823902696e-12
-1.040000000e-02	4.255739447e+01	8.718887926e-02	6.616469294e-12
-1.050000000e-02	4.255739522e+01	8.682942593e-02	1.147035540e-11
-1.060000000e-02	4.255739597e+01	8.646997259e-02	6.696129821e-12
-1.070000000e-02	4.255739673e+01	8.611051920e-02	8.572823027e-12
-1.080000000e-02	4.255739749e+01	8.575106580e-02	7.006413818e-12
-1.090000000e-02	4.255739826e+01	8.539161237e-02	7.285249577e-12
-1.100000000e-02	4.255739902e+01	8.503215893e-02	1.037532081e-11
-1.110000000e-02	4.255739979e+01	8.467270545e-02	1.010206838e-11
-1.120000000e-02	4.255740056e+01	8.431325194e-02	9.495166348e-12
-1.130000000e-02	4.255740134e+01	8.395379841e-02	1.169390501e-11
-1.140000000e-02	4.255740212e+01	8.359434487e-02	1.169773305e-11
-1.150000000e-02	4.255740290e+01	8.323489129e-02	6.483709529e-12
-1.160000000e-02	4.255740368e+01	8.287543769e-02	6.757211000e-12
-1.170000000e-02	4.255740447e+01	8.251598407e-02	1.087388347e-11
-1.180000000e-02	4.255740526e+01	8.215653041e-02	8.256654461e-12
-1.190000000e-02	4.255740606e+01	8.179707674e-02	8.515466874e-12
-1.200000000e-02	4.255740685e+01	8.143762304e-02	7.057724265e-12
-1.210000000e-02	4.255740765e+01	8.107816931e-02	6.378506502e-12
-1.220000000e-02	4.255740845e+01	8.071871557e-02	1.284852016e-11
-1.230000000e-02	4.255740926e+01	8.035926180e-02	9.439331100e-12
-1.240000000e-02	4.255741007e+01	7.999980800e-02	5.926817807e-12
-1.250000000e-02	4.255741088e+01	7.964035418e-02	7.864520340e-12
-1.260000000e-02	4.255741169e+01	7.928090034e-02	6.650166476e-12
-1.270000000e-02	4.255741251e+01	7.892144647e-02	1.343937781e-11
-1.280000000e-02	4.255741333e+01	7.856199258e-02	4.919566634e-12
-1.290000000e-02	4.255741416e+01	7.820253866e-02	9.337935828e-12
-1.300000000e-02	4.255741498e+01	7.784308472e-02	7.560633850e-12
-1.310000000e-02	4.255741581e+01	7.748363076e-02	4.981508233e-12
-1.320000000e-02	4.255741665e+01	7.712417677e-02	8.251754110e-12
-1.330000000e-02	4.255741748e+01	7.676472277e-02	1.209840753e-11
-1.340000000e-02	4.255741832e+01	7.640526873e-02	1.179509096e-11
-1.350000000e-02	4.255741916e+01	7.604581468e-02	9.340971601e-12
-1.360000000e-02	4.255742001e+01	7.568636060e-02	8.772543942e-12
-1.370000000e-02	4.255742085e+01	7.532690650e-02	9.951742475e-12
-1.380000000e-02	4.255742170e+01	7.496745238e-02	9.240241412e-12
-1.390000000e-02	4.255742256e+01	7.460799823e-02	7.902780772e-12
-1.400000000e-02	4.255742342e+01	7.424854406e-02	7.363972076e-12
-1.410000000e-02	4.255742427e+01	7.388908987e-02	8.057392130e-12
-1.420000000e-02	4.255742514e+01	7.352963565e-02	6.129055155e-12
-1.430000000e-02	4.255742600e+01	7.317018142e-02	1.404371134e-11
-1.440000000e-02	4.255742687e+01	7.281072715e-02	6.966652404e-12
-1.450000000e-02	4.255742774e+01	7.245127287e-02	8.602794252e-12
-1.460000000e-02	4.255742862e+01	7.209181857e-02	1.039663922e-11
-1.470000000e-02	4.255742950e+01	7.173236424e-02	9.181224449e-12
-1.480000000e-02	4.255743038e+01	7.137290989e-02	4.955599811e-12
-1.490000000e-02	4.255743126e+01	7.101345551e-02	6.057498108e-12
-1.500000000e-02	4.255743215e+01	7.065400112e-02	1.087341948e-11
-1.510000000e-02	4.255743304e+01	7.029454671e-02	1.053402303e-11
-1.520000000e-02	4.255743393e+01	6.993509227e-02	1.424985613e-11
-1.530000000e-02	4.255743483e+01	6.957563780e-02	8.294507285e-12
-1.540000000e-02	4.255743573e+01	6.921618332e-02	8.903567721e-12
-1.550000000e-02	4.255743663e+01	6.885672882e-02	5.514042151e-12
-1.560000000e-02	4.255743753e+01	6.849727430e-02	2.729508092e-12
-1.570000000e-02	4.255743844e+01	6.813781975e-02	9.318728949e-12
-1.580000000e-02	4.255743935e+01	6.777836518e-02	7.668866590e-12
-1.590000000e-02	4.255744027e+01	6.741891059e-02	1.166441914e-11
-1.600000000e-02	4.255744118e+01	6.705945599e-02	1.503373318e-11
-1.610000000e-02	4.255744210e+01	6.670000135e-02	4.728610423e-12
-1.620000000e-02	4.255744303e+01	6.634054670e-02	8.930693959e-12
-1.630000000e-02	4.255744395e+01	6.598109202e-02	3.800992626e-12
-1.640000000e-02	4.255744488e+01	6.562163733e-02	1.056320944e-11
-1.650000000e-02	4.255744581e+01	6.526218261e-02	1.079724405e-11
-1.660000000e-02	4.255744675e+01	6.490272787e-02	1.232809290e-11
-1.670000000e-02	4.255744769e+01	6.454327312e-02	7.947506511e-12
-1.680000000e-02	4.255744863e+01	6.418381833e-02	8.539281369e-12
-1.690000000e-02	4.255744957e+01	6.382436354e-02	9.235818283e-12
-1.700000000e-02	4.255745052e+01	6.346490871e-02	4.787547807e-12
-1.710000000e-02	4.255745147e+01	6.310545388e-02	7.730412914e-12
-1.720000000e-02	4.255745242e+01	6.274599901e-02	7.215174267e-12
-1.730000000e-02	4.255745338e+01	6.238654413e-02	1.086018865e-11
-1.740000000e-02	4.255745434e+01	6.202708923e-02	5.122508002e-12
-1.750000000e-02	4.255745530e+01	6.166763431e-02	6.822861894e-12
-1.760000000e-02	4.255745626e+01	6.130817937e-02	8.709162176e-12
-1.770000000e-02	4.255745723e+01	6.094872441e-02	6.801836431e-12
-1.780000000e-02	4.255745820e+01	6.058926943e-02	9.177004399e-12
-1.790000000e-02	4.255745918e+01	6.022981442e-02	1.116968351e-11
-1.800000000e-02	4.255746015e+01	5.987035940e-02	8.036331215e-12
-1.810000000e-02	4.255746113e+01	5.951090436e-02	4.720461341e-12
-1.820000000e-02	4.255746212e+01	5.915144930e-02	8.728641276e-12
-1.830000000e-02	4.255746310e+01	5.879199422e-02	9.725571570e-12
-1.840000000e-02	4.255746409e+01	5.843253912e-02	7.482145265e-12
-1.850000000e-02	4.255746509e+01	5.807308400e-02	1.021941980e-11
-1.860000000e-02	4.255746608e+01	5.771362886e-02	7.940241096e-12
-1.870000000e-02	4.255746708e+01	5.735417370e-02	6.740176444e-12
-1.880000000e-02	4.255746808e+01	5.699471852e-02	1.332244273e-11
-1.890000000e-02	4.255746908e+01	5.663526332e-02	9.643123194e-12
-1.900000000e-02	4.255747009e+01	5.627580811e-02	7.338553373e-12
-1.910000000e-02	4.255747110e+01	5.591635287e-02	1.102189608e-11
-1.920000000e-02	4.255747212e+01	5.555689763e-02	1.398105474e-11
-1.930000000e-02	4.255747313e+01	5.519744235e-02	1.142218291e-11
-1.940000000e-02	4.255747415e+01	5.483798706e-02	1.056346364e-11
-1.950000000e-02	4.255747517e+01	5.447853175e-02	1.049399161e-11
-1.960000000e-02	4.255747620e+01	5.411907642e-02	8.893851507e-12
-1.970000000e-02	4.255747723e+01	5.375962107e-02	2.909626805e-12
-1.980000000e-02	4.255747826e+01	5.340016571e-02	5.201938224e-12
-1.990000000e-02	4.255747929e+01	5.304071032e-02	5.539018036e-12
-2.000000000e-02	4.255748033e+01	5.268125492e-02	6.698095167e-12
-2.010000000e-02	4.255748137e+01	5.232179950e-02	1.507292595e-11
-2.020000000e-02	4.255748242e+01	5.196234406e-02	5.939997965e-12
-2.030000000e-02	4.255748346e+01	5.160288861e-02	9.464284671e-12
-2.040000000e-02	4.255748451e+01	5.124343313e-02	1.249179941e-11
-2.050000000e-02	4.255748556e+01	5.088397764e-02	4.552605896e-12
-2.060000000e-02	4.255748662e+01	5.052452212e-02	6.415462089e-12
-2.070000000e-02	4.255748768e+01	5.016506660e-02	1.519581787e-11
-2.080000000e-02	4.255748874e+01	4.980561105e-02	8.035387113e-12
-2.090000000e-02	4.255748980e+01	4.944615549e-02	6.761858232e-12
-2.100000000e-02	4.255749087e+01	4.908669991e-02	8.266689914e-12
-2.110000000e-02	4.255749194e+01	4.872724431e-02	8.811813101e-12
-2.120000000e-02	4.255749302e+01	4.836778869e-02	7.110361069e-12
-2.130000000e-02	4.255749409e+01	4.800833306e-02	7.711107686e-12
-2.140000000e-02	4.255749517e+01	4.764887740e-02	8.650236709e-12
-2.150000000e-02	4.255749625e+01	4.728942174e-02	6.069908468e-12
-2.160000000e-02	4.255749734e+01	4.692996605e-02	1.119388517e-11
-2.170000000e-02	4.255749843e+01	4.657051035e-02	3.481728762e-12
-2.180000000e-02	4.255749952e+01	4.621105463e-02	1.148920631e-11
-2.190000000e-02	4.255750061e+01	4.585159889e-02	6.986060407e-12
-2.200000000e-02	4.255750171e+01	4.549214315e-02	1.068900260e-11
-2.210000000e-02	4.255750281e+01	4.513268737e-02	6.423269549e-12
-2.220000000e-02	4.255750392e+01	4.477323159e-02	9.728339633e-12
-2.230000000e-02	4.255750502e+01	4.441377579e-02	1.023471240e-11
-2.240000000e-02	4.255750613e+01	4.405431996e-02	9.739288014e-12
-2.250000000e-02	4.255750725e+01	4.369486413e-02	8.121796346e-12
-2.260000000e-02	4.255750836e+01	4.333540828e-02	1.159482318e-11
-2.270000000e-02	4.255750948e+01	4.297595240e-02	9.296028864e-12
-2.280000000e-02	4.255751060e+01	4.261649652e-02	8.268587219e-12
-2.290000000e-02	4.255751173e+01	4.225704062e-02	9.826790342e-12
-2.300000000e-02	4.255751285e+01	4.189758471e-02	1.062216455e-11
-2.310000000e-02	4.255751399e+01	4.153812877e-02	6.275192127e-12
-2.320000000e-02	4.255751512e+01	4.117867282e-02	1.195930755e-11
-2.330000000e-02	4.255751626e+01	4.081921686e-02	9.069730961e-12
-2.340000000e-02	4.255751740e+01	4.045976088e-02	7.291837712e-12
-2.350000000e-02	4.255751854e+01	4.010030488e-02	1.198725615e-11
-2.360000000e-02	4.255751968e+01	3.974084887e-02	1.300035905e-11
-2.370000000e-02	4.255752083e+01	3.938139284e-02	4.505953466e-12
-2.380000000e-02	4.255752199e+01	3.902193680e-02	8.370775728e-12
-2.390000000e-02	4.255752314e+01	3.866248074e-02	1.126359051e-11
-2.400000000e-02	4.255752430e+01	3.830302467e-02	1.049483180e-11
-2.410000000e-02	4.255752546e+01	3.794356858e-02	7.639151622e-12
-2.420000000e-02	4.255752662e+01	3.758411247e-02	1.450064245e-11
-2.430000000e-02	4.255752779e+01	3.722465635e-02	9.261318499e-12
-2.440000000e-02	4.255752896e+01	3.686520022e-02	1.132543662e-11
-2.450000000e-02	4.255753013e+01	3.650574407e-02	7.390495889e-12
-2.460000000e-02	4.255753131e+01	3.614628791e-02	7.844686260e-12
-2.470000000e-02	4.255753249e+01	3.578683172e-02	1.387224104e-11
-2.480000000e-02	4.255753367e+01	3.542737554e-02	9.398797166e-12
-2.490000000e-02	4.255753485e+01	3.506791933e-02	1.116078166e-11
-2.500000000e-02	4.255753604e+01	3.470846310e-02	9.350102157e-12
-2.510000000e-02	4.255753723e+01	3.434900687e-02	3.775777174e-12
-2.520000000e-02	4.255753843e+01	3.398955061e-02	7.212414499e-12
-2.530000000e-02	4.255753962e+01	3.363009435e-02	7.850991166e-12
-2.540000000e-02	4.255754082e+01	3.327063807e-02	6.302846904e-12
-2.550000000e-02	4.255754203e+01	3.291118177e-02	8.393038531e-12
-2.560000000e-02	4.255754323e+01	3.255172547e-02	5.158492874e-12
-2.570000000e-02	4.255754444e+01	3.219226915e-02	8.248069021e-12
-2.580000000e-02	4.255754565e+01	3.183281281e-02	1.119202761e-11
-2.590000000e-02	4.255754687e+01	3.147335646e-02	7.081369188e-12
-2.600000000e-02	4.255754809e+01	3.111390010e-02	6.374895187e-12
-2.610000000e-02	4.255754931e+01	3.075444372e-02	6.667535928e-12
-2.620000000e-02	4.255755053e+01	3.039498733e-02	1.028633822e-11
-2.630000000e-02	4.255755176e+01	3.003553092e-02	7.001717730e-12
-2.640000000e-02	4.255755299e+01	2.967607450e-02	1.027291587e-11
-2.650000000e-02	4.255755422e+01	2.931661807e-02	6.495326316e-12
-2.660000000e-02	4.255755546e+01	2.895716163e-02	9.815502951e-12
-2.670000000e-02	4.255755670e+01	2.859770516e-02	8.036927023e-12
-2.680000000e-02	4.255755794e+01	2.823824869e-02	1.116609787e-11
-2.690000000e-02	4.255755919e+01	2.787879220e-02	1.530138361e-11
-2.700000000e-02	4.255756044e+01	2.751933571e-02	5.806157149e-12
-2.710000000e-02	4.255756169e+01	2.715987920e-02	9.692540364e-12
-2.720000000e-02	4.255756294e+01	2.680042267e-02	5.908488805e-12
-2.730000000e-02	4.255756420e+01	2.644096614e-02	6.102573023e-12
-2.740000000e-02	4.255756546e+01	2.608150959e-02	9.703715526e-12
-2.750000000e-02	4.255756672e+01	2.572205302e-02	7.647621227e-12
-2.760000000e-02	4.255756799e+01	2.536259645e-02	6.820682302e-12
-2.770000000e-02	4.255756926e+01	2.500313986e-02	1.358527242e-11
-2.780000000e-02	4.255757053e+01	2.464368326e-02	4.908154763e-12
-2.790000000e-02	4.255757180e+01	2.428422665e-02	8.380758771e-12
-2.800000000e-02	4.255757308e+01	2.392477003e-02	9.386789853e-12
-2.810000000e-02	4.255757436e+01	2.356531339e-02	1.021222115e-11
-2.820000000e-02	4.255757565e+01	2.320585675e-02	1.444737932e-11
-2.830000000e-02	4.255757694e+01	2.284640008e-02	9.922666247e-12
-2.840000000e-02	4.255757823e+01	2.248694341e-02	5.535176083e-12
-2.850000000e-02	4.255757952e+01	2.212748672e-02	1.245549242e-11
-2.860000000e-02	4.255758082e+01	2.176803002e-02	5.408780995e-12
-2.870000000e-02	4.255758212e+01	2.140857332e-02	6.618529245e-12
-2.880000000e-02	4.255758342e+01	2.104911659e-02	8.368153009e-12
-2.890000000e-02	4.255758472e+01	2.068965986e-02	1.428246119e-11
-2.900000000e-02	4.255758603e+01	2.033020312e-02	1.026802297e-11
-2.910000000e-02	4.255758734e+01	1.997074637e-02	1.144577623e-11
-2.920000000e-02	4.255758866e+01	1.961128959e-02	1.157882398e-11
-2.930000000e-02	4.255758998e+01	1.925183282e-02	5.047692960e-12
-2.940000000e-02	4.255759130e+01	1.889237603e-02	1.055411847e-11
-2.950000000e-02	4.255759262e+01	1.853291923e-02	5.605757045e-12
-2.960000000e-02	4.255759395e+01	1.817346242e-02	1.142833658e-11
-2.970000000e-02	4.255759528e+01	1.781400560e-02	8.175368376e-12
-2.980000000e-02	4.255759661e+01	1.745454876e-02	7.864631799e-12
-2.990000000e-02	4.255759794e+01	1.709509192e-02	9.969441611e-12
-3.000000000e-02	4.255759928e+01	1.673563507e-02	1.156380804e-11
-3.010000000e-02	4.255760062e+01	1.637617820e-02	7.552695728e-12
-3.020000000e-02	4.255760197e+01	1.601672133e-02	9.013082324e-12
-3.030000000e-02	4.255760332e+01	1.565726444e-02	4.587467079e-12
-3.040000000e-02	4.255760467e+01	1.529780754e-02	8.451833391e-12
-3.050000000e-02	4.255760602e+01	1.493835063e-02	4.678546925e-12
-3.060000000e-02	4.255760738e+01	1.457889371e-02	8.104521139e-12
-3.070000000e-02	4.255760874e+01	1.421943678e-02	4.510589795e-12
-3.080000000e-02	4.255761010e+01	1.385997984e-02	5.217215512e-12
-3.090000000e-02	4.255761147e+01	1.350052290e-02	6.177105970e-12
-3.100000000e-02	4.255761283e+01	1.314106594e-02	9.574164186e-12
-3.110000000e-02	4.255761421e+01	1.278160897e-02	9.262399790e-12
-3.120000000e-02	4.255761558e+01	1.242215199e-02	1.166632813e-11
-3.130000000e-02	4.255761696e+01	1.206269500e-02	1.088796418e-11
-3.140000000e-02	4.255761834e+01	1.170323801e-02	7.608101310e-12
-3.150000000e-02	4.255761972e+01	1.134378099e-02	7.218744434e-12
-3.160000000e-02	4.255762111e+01	1.098432397e-02	8.446120368e-12
-3.170000000e-02	4.255762250e+01	1.062486695e-02	6.930911809e-12
-3.180000000e-02	4.255762389e+01	1.026540991e-02	1.001557092e-11
-3.190000000e-02	4.255762529e+01	9.905952871e-03	8.877359392e-12
-3.200000000e-02	4.255762669e+01	9.546495810e-03	8.303774303e-12
-3.210000000e-02	4.255762809e+01	9.187038749e-03	5.037315125e-12
-3.220000000e-02	4.255762949e+01	8.827581675e-03	6.892514561e-12
-3.230000000e-02	4.255763090e+01	8.468124593e-03	9.473350839e-12
-3.240000000e-02	4.255763231e+01	8.108667501e-03	1.085184332e-11
-3.250000000e-02	4.255763373e+01	7.749210395e-03	8.847360039e-12
-3.260000000e-02	4.255763514e+01	7.389753287e-03	6.756192795e-12
-3.270000000e-02	4.255763656e+01	7.030296169e-03	9.051125507e-12
-3.280000000e-02	4.255763799e+01	6.670839043e-03	7.815139130e-12
-3.290000000e-02	4.255763941e+01	6.311381910e-03	1.234832997e-11
-3.300000000e-02	4.255764084e+01	5.951924764e-03	8.488467679e-12
-3.310000000e-02	4.255764227e+01	5.592467612e-03	4.016516195e-12
-3.320000000e-02	4.255764371e+01	5.233010451e-03	4.558728519e-12
-3.330000000e-02	4.255764515e+01	4.873553275e-03	1.544399534e-11
-3.340000000e-02	4.255764659e+01	4.514096104e-03	6.210297396e-12
-3.350000000e-02	4.255764803e+01	4.154638917e-03	9.137040364e-12
-3.360000000e-02	4.255764948e+01	3.795181719e-03	1.132066723e-11
-3.370000000e-02	4.255765093e+01	3.435724524e-03	7.704410338e-12
-3.380000000e-02	4.255765238e+01	3.076267313e-03	9.764513516e-12
-3.390000000e-02	4.255765384e+01	2.716810096e-03	8.382425271e-12
-3.400000000e-02	4.255765530e+01	2.357352865e-03	1.040617222e-11
-3.410000000e-02	4.255765676e+01	1.997895633e-03	1.239952616e-11
-3.420000000e-02	4.255765822e+01	1.638438390e-03	1.096949251e-11
-3.430000000e-02	4.255765969e+01	1.278981145e-03	8.633910055e-12
-3.440000000e-02	4.255766116e+01	9.195238864e-04	9.249804452e-12
-3.450000000e-02	4.255766264e+01	5.600666204e-04	1.464326385e-11
-3.460000000e-02	4.255766411e+01	2.006093558e-04	4.765107021e-12
-3.470000000e-02	4.255766559e+01	-1.588479253e-04	7.898021911e-12
-3.480000000e-02	4.255766708e+01	-5.183052141e-04	1.236668454e-11
-3.490000000e-02	4.255766856e+01	-8.777625004e-04	9.147471454e-12
-3.500000000e-02	4.255767005e+01	-1.237219801e-03	6.416733928e-12
-3.510000000e-02	4.255767154e+01	-1.596677102e-03	1.737485656e-11
-3.520000000e-02	4.255767304e+01	-1.956134424e-03	8.449544393e-12
-3.530000000e-02	4.255767454e+01	-2.315591741e-03	5.367497560e-12
-3.540000000e-02	4.255767604e+01	-2.675049066e-03	1.333145014e-11
-3.550000000e-02	4.255767754e+01	-3.034506403e-03	8.206625380e-12
-3.560000000e-02	4.255767905e+01	-3.393963739e-03	1.119036665e-11
-3.570000000e-02	4.255768056e+01	-3.753421089e-03	8.420422369e-12
-3.580000000e-02	4.255768207e+01	-4.112878444e-03	9.774057230e-12
-3.590000000e-02	4.255768359e+01	-4.472335797e-03	1.173802949e-11
-3.600000000e-02	4.255768511e+01	-4.831793166e-03	1.335996118e-11
-3.610000000e-02	4.255768663e+01	-5.191250538e-03	4.688623655e-12
-3.620000000e-02	4.255768816e+01	-5.550707913e-03	1.185363358e-11
-3.630000000e-02	4.255768968e+01	-5.910165297e-03	1.340149758e-11
-3.640000000e-02	4.255769122e+01	-6.269622695e-03	8.910636092e-12
-3.650000000e-02	4.255769275e+01	-6.629080087e-03	4.416195667e-12
-3.660000000e-02	4.255769429e+01	-6.988537488e-03	9.963831593e-12
-3.670000000e-02	4.255769583e+01	-7.347994896e-03	1.251036840e-11
-3.680000000e-02	4.255769737e+01	-7.707452309e-03	1.067336039e-11
-3.690000000e-02	4.255769892e+01	-8.066909730e-03	3.939754545e-12
-3.700000000e-02	4.255770047e+01	-8.426367157e-03	8.476000531e-12
-3.710000000e-02	4.255770202e+01	-8.785824586e-03	1.147374540e-11
-3.720000000e-02	4.255770357e+01	-9.145282020e-03	3.724317205e-12
-3.730000000e-02	4.255770513e+01	-9.504739465e-03	8.245438384e-12
-3.740000000e-02	4.255770669e+01	-9.864196905e-03	8.795105307e-12
-3.750000000e-02	4.255770826e+01	-1.022365436e-02	1.007842617e-11
-3.760000000e-02	4.255770983e+01	-1.058311182e-02	9.649824080e-12
-3.770000000e-02	4.255771140e+01	-1.094256928e-02	1.372068688e-11
-3.780000000e-02	4.255771297e+01	-1.130202675e-02	1.137659442e-11
-3.790000000e-02	4.255771455e+01	-1.166148422e-02	5.262994871e-12
-3.800000000e-02	4.255771613e+01	-1.202094169e-02	1.052271544e-11
-3.810000000e-02	4.255771771e+01	-1.238039917e-02	7.981467616e-12
-3.820000000e-02	4.255771929e+01	-1.273985666e-02	9.123278192e-12
-3.830000000e-02	4.255772088e+01	-1.309931414e-02	4.884147162e-12
-3.840000000e-02	4.255772247e+01	-1.345877164e-02	1.031183579e-11
-3.850000000e-02	4.255772407e+01	-1.381822914e-02	1.476589244e-11
-3.860000000e-02	4.255772567e+01	-1.417768664e-02	6.431678025e-12
-3.870000000e-02	4.255772727e+01	-1.453714415e-02	6.857957244e-12
-3.880000000e-02	4.255772887e+01	-1.489660166e-02	7.572849923e-12
-3.890000000e-02	4.255773048e+01	-1.525605918e-02	8.987141802e-12
-3.900000000e-02	4.255773209e+01	-1.561551670e-02	5.459502889e-12
-3.910000000e-02	4.255773370e+01	-1.597497422e-02	8.525839594e-12
-3.920000000e-02	4.255773532e+01	-1.633443174e-02	1.076700331e-11
-3.930000000e-02	4.255773693e+01	-1.669388928e-02	6.633461541e-12
-3.940000000e-02	4.255773856e+01	-1.705334682e-02	5.022716936e-12
-3.950000000e-02	4.255774018e+01	-1.741280436e-02	9.061455160e-12
-3.960000000e-02	4.255774181e+01	-1.777226190e-02	1.023887537e-11
-3.970000000e-02	4.255774344e+01	-1.813171944e-02	8.223654061e-12
-3.980000000e-02	4.255774507e+01	-1.849117699e-02	8.235564790e-12
-3.990000000e-02	4.255774671e+01	-1.885063455e-02	8.034026045e-12
-4.000000000e-02	4.255774835e+01	-1.921009210e-02	9.031505440e-12
-4.010000000e-02	4.255774999e+01	-1.956954966e-02	1.042913011e-11
-4.020000000e-02	4.255775164e+01	-1.992900722e-02	9.143971748e-12
-4.030000000e-02	4.255775329e+01	-2.028846479e-02	6.467930497e-12
-4.040000000e-02	4.255775494e+01	-2.064792236e-02	8.994010975e-12
-4.050000000e-02	4.255775659e+01	-2.100737993e-02	8.102388225e-12
-4.060000000e-02	4.255775825e+01	-2.136683750e-02	9.155355946e-12
-4.070000000e-02	4.255775991e+01	-2.172629508e-02	6.304363640e-12
-4.080000000e-02	4.255776158e+01	-2.208575266e-02	8.655508011e-12
-4.090000000e-02	4.255776324e+01	-2.244521024e-02	7.772142261e-12
-4.100000000e-02	4.255776491e+01	-2.280466782e-02	8.363759227e-12
-4.110000000e-02	4.255776659e+01	-2.316412541e-02	9.999076052e-12
-4.120000000e-02	4.255776826e+01	-2.352358300e-02	1.165054850e-11
-4.130000000e-02	4.255776994e+01	-2.388304059e-02	7.453999146e-12
-4.140000000e-02	4.255777162e+01	-2.424249819e-02	7.439218070e-12
-4.150000000e-02	4.255777331e+01	-2.460195578e-02	1.350771873e-11
-4.160000000e-02	4.255777499e+01	-2.496141338e-02	1.383224331e-12
-4.170000000e-02	4.255777669e+01	-2.532087098e-02	5.244534789e-12
-4.180000000e-02	4.255777838e+01	-2.568032858e-02	6.046155993e-12
-4.190000000e-02	4.255778008e+01	-2.603978619e-02	8.096626315e-12
-4.200000000e-02	4.255778178e+01	-2.639924380e-02	7.140798793e-12
-4.210000000e-02	4.255778348e+01	-2.675870140e-02	1.085700901e-11
-4.220000000e-02	4.255778519e+01	-2.711815901e-02	1.105591697e-11
-4.230000000e-02	4.255778689e+01	-2.747761663e-02	7.118792338e-12
-4.240000000e-02	4.255778861e+01	-2.783707424e-02	9.255708422e-12
-4.250000000e-02	4.255779032e+01	-2.819653185e-02	5.427578340e-12
-4.260000000e-02	4.255779204e+01	-2.855598947e-02	1.157438072e-11
-4.270000000e-02	4.255779376e+01	-2.891544708e-02	6.798298321e-12
-4.280000000e-02	4.255779548e+01	-2.927490470e-02	8.557301303e-12
-4.290000000e-02	4.255779721e+01	-2.963436232e-02	7.432885213e-12
-4.300000000e-02	4.255779894e+01	-2.999381994e-02	9.857474981e-12
-4.310000000e-02	4.255780068e+01	-3.035327756e-02	1.001271825e-11
-4.320000000e-02	4.255780241e+01	-3.071273518e-02	8.073658478e-12
-4.330000000e-02	4.255780415e+01	-3.107219280e-02	1.584679093e-11
-4.340000000e-02	4.255780589e+01	-3.143165043e-02	1.733756766e-11
-4.350000000e-02	4.255780764e+01	-3.179110805e-02	5.603674891e-12
-4.360000000e-02	4.255780939e+01	-3.215056568e-02	9.874391114e-12
-4.370000000e-02	4.255781114e+01	-3.251002330e-02	8.447335904e-12
-4.380000000e-02	4.255781289e+01	-3.286948093e-02	1.530547815e-11
-4.390000000e-02	4.255781465e+01	-3.322893855e-02	4.443866191e-12
-4.400000000e-02	4.255781641e+01	-3.358839617e-02	1.257986910e-11
-4.410000000e-02	4.255781817e+01	-3.394785381e-02	8.561178694e-12
-4.420000000e-02	4.255781994e+01	-3.430731143e-02	1.000772176e-11
-4.430000000e-02	4.255782171e+01	-3.466676906e-02	1.026527005e-11
-4.440000000e-02	4.255782348e+01	-3.502622668e-02	8.943898896e-12
-4.450000000e-02	4.255782525e+01	-3.538568431e-02	3.874543167e-12
-4.460000000e-02	4.255782703e+01	-3.574514193e-02	1.059070002e-11
-4.470000000e-02	4.255782881e+01	-3.610459956e-02	1.514227647e-11
-4.480000000e-02	4.255783060e+01	-3.646405718e-02	9.793157074e-12
-4.490000000e-02	4.255783239e+01	-3.682351481e-02	6.513433354e-12
-4.500000000e-02	4.255783418e+01	-3.718297243e-02	6.571247538e-12
-4.510000000e-02	4.255783597e+01	-3.754243006e-02	1.283321598e-11
-4.520000000e-02	4.255783777e+01	-3.790188768e-02	4.665978189e-12
-4.530000000e-02	4.255783957e+01	-3.826134530e-02	1.194631674e-11
-4.540000000e-02	4.255784137e+01	-3.862080293e-02	6.306261926e-12
-4.550000000e-02	4.255784317e+01	-3.898026055e-02	1.045506694e-11
-4.560000000e-02	4.255784498e+01	-3.933971817e-02	5.137712425e-12
-4.570000000e-02	4.255784679e+01	-3.969917579e-02	7.153980396e-12
-4.580000000e-02	4.255784861e+01	-4.005863341e-02	4.940643413e-12
-4.590000000e-02	4.255785042e+01	-4.041809102e-02	6.379754247e-12
-4.600000000e-02	4.255785225e+01	-4.077754864e-02	9.443995749e-12
-4.610000000e-02	4.255785407e+01	-4.113700625e-02	8.080522282e-12
-4.620000000e-02	4.255785590e+01	-4.149646386e-02	1.284745278e-11
-4.630000000e-02	4.255785772e+01	-4.185592148e-02	1.305989435e-11
-4.640000000e-02	4.255785956e+01	-4.221537909e-02	7.737261679e-12
-4.650000000e-02	4.255786139e+01	-4.257483669e-02	1.133295012e-11
-4.660000000e-02	4.255786323e+01	-4.293429431e-02	8.214685260e-12
-4.670000000e-02	4.255786507e+01	-4.329375191e-02	1.164122664e-11
-4.680000000e-02	4.255786692e+01	-4.365320951e-02	1.067781339e-11
-4.690000000e-02	4.255786876e+01	-4.401266712e-02	1.101291094e-11
-4.700000000e-02	4.255787062e+01	-4.437212471e-02	6.874483735e-12
-4.710000000e-02	4.255787247e+01	-4.473158231e-02	8.929703694e-12
-4.720000000e-02	4.255787433e+01	-4.509103991e-02	1.098782404e-11
-4.730000000e-02	4.255787618e+01	-4.545049750e-02	1.193861555e-11
-4.740000000e-02	4.255787805e+01	-4.580995509e-02	9.096730423e-12
-4.750000000e-02	4.255787991e+01	-4.616941268e-02	1.373179444e-11
-4.760000000e-02	4.255788178e+01	-4.652887027e-02	5.560122866e-12
-4.770000000e-02	4.255788365e+01	-4.688832785e-02	1.418768993e-11
-4.780000000e-02	4.255788553e+01	-4.724778543e-02	4.173146167e-12
-4.790000000e-02	4.255788741e+01	-4.760724301e-02	1.187540995e-11
-4.800000000e-02	4.255788929e+01	-4.796670058e-02	1.341895525e-11
-4.810000000e-02	4.255789117e+01	-4.832615816e-02	1.059560055e-11
-4.820000000e-02	4.255789306e+01	-4.868561573e-02	9.577991262e-12
-4.830000000e-02	4.255789495e+01	-4.904507329e-02	7.837360007e-12
-4.840000000e-02	4.255789684e+01	-4.940453086e-02	8.562908948e-12
-4.850000000e-02	4.255789873e+01	-4.976398842e-02	6.455626769e-12
-4.860000000e-02	4.255790063e+01	-5.012344598e-02	1.382059411e-11
-4.870000000e-02	4.255790254e+01	-5.048290353e-02	1.052087289e-11
-4.880000000e-02	4.255790444e+01	-5.084236108e-02	1.007480346e-11
-4.890000000e-02	4.255790635e+01	-5.120181863e-02	4.274189405e-12
-4.900000000e-02	4.255790826e+01	-5.156127618e-02	1.319583599e-11
-4.910000000e-02	4.255791017e+01	-5.192073372e-02	6.596772178e-12
-4.920000000e-02	4.255791209e+01	-5.228019126e-02	1.128019882e-11
-4.930000000e-02	4.255791401e+01	-5.263964878e-02	7.644461720e-12
-4.940000000e-02	4.255791593e+01	-5.299910631e-02	6.189076550e-12
-4.950000000e-02	4.255791786e+01	-5.335856384e-02	1.353003490e-11
-4.960000000e-02	4.255791979e+01	-5.371802136e-02	6.214530299e-12
-4.970000000e-02	4.255792172e+01	-5.407747888e-02	5.775289487e-12
-4.980000000e-02	4.255792365e+01	-5.443693640e-02	8.107399991e-12
-4.990000000e-02	4.255792559e+01	-5.479639390e-02	8.173372330e-12
-5.000000000e-02	4.255792753e+01	-5.515585141e-02	5.651921892e-12
