# Im(epsi1)     Re(Lambda)      Im(Lambda)      Eq(det).Opt det SIN kz, R=0.5 \mum, Re(epsi1)=4.90solve_det_sinkz_vs_mu.py
0.000000000e+00	3.091642162e+01	8.588114368e-02	1.048941958e-11
-1.000000000e-04	3.091642119e+01	8.562009795e-02	6.637372012e-12
-2.000000000e-04	3.091642075e+01	8.535905216e-02	4.259657358e-12
-3.000000000e-04	3.091642033e+01	8.509800633e-02	6.814366607e-12
-4.000000000e-04	3.091641990e+01	8.483696046e-02	1.141958634e-11
-5.000000000e-04	3.091641947e+01	8.457591453e-02	6.747026781e-12
-6.000000000e-04	3.091641905e+01	8.431486856e-02	1.115290267e-11
-7.000000000e-04	3.091641863e+01	8.405382255e-02	9.352724123e-12
-8.000000000e-04	3.091641821e+01	8.379277649e-02	1.534669558e-11
-9.000000000e-04	3.091641780e+01	8.353173039e-02	4.940597441e-12
-1.000000000e-03	3.091641738e+01	8.327068424e-02	5.430936483e-12
-1.100000000e-03	3.091641697e+01	8.300963804e-02	2.920466188e-12
-1.200000000e-03	3.091641656e+01	8.274859180e-02	8.511526253e-12
-1.300000000e-03	3.091641616e+01	8.248754552e-02	6.001093513e-12
-1.400000000e-03	3.091641575e+01	8.222649920e-02	1.260391611e-11
-1.500000000e-03	3.091641535e+01	8.196545282e-02	8.979400785e-12
-1.600000000e-03	3.091641495e+01	8.170440641e-02	9.380910413e-12
-1.700000000e-03	3.091641455e+01	8.144335994e-02	1.081722249e-11
-1.800000000e-03	3.091641415e+01	8.118231343e-02	8.272550509e-12
-1.900000000e-03	3.091641376e+01	8.092126688e-02	9.165606116e-12
-2.000000000e-03	3.091641337e+01	8.066022029e-02	6.398159625e-12
-2.100000000e-03	3.091641298e+01	8.039917364e-02	7.884709290e-12
-2.200000000e-03	3.091641259e+01	8.013812695e-02	1.002141384e-11
-2.300000000e-03	3.091641221e+01	7.987708023e-02	7.504746898e-12
-2.400000000e-03	3.091641182e+01	7.961603345e-02	1.262027807e-11
-2.500000000e-03	3.091641144e+01	7.935498663e-02	7.286291456e-12
-2.600000000e-03	3.091641106e+01	7.909393977e-02	7.789487860e-12
-2.700000000e-03	3.091641069e+01	7.883289287e-02	7.395128521e-12
-2.800000000e-03	3.091641031e+01	7.857184591e-02	7.914603288e-12
-2.900000000e-03	3.091640994e+01	7.831079891e-02	6.941867999e-12
-3.000000000e-03	3.091640957e+01	7.804975188e-02	8.612640055e-12
-3.100000000e-03	3.091640920e+01	7.778870479e-02	6.824178299e-12
-3.200000000e-03	3.091640884e+01	7.752765767e-02	7.244439286e-12
-3.300000000e-03	3.091640847e+01	7.726661049e-02	5.054685800e-12
-3.400000000e-03	3.091640811e+01	7.700556328e-02	4.612314364e-12
-3.500000000e-03	3.091640775e+01	7.674451602e-02	5.962382626e-12
-3.600000000e-03	3.091640739e+01	7.648346871e-02	8.469307426e-12
-3.700000000e-03	3.091640704e+01	7.622242137e-02	7.808523033e-12
-3.800000000e-03	3.091640669e+01	7.596137398e-02	1.356935841e-11
-3.900000000e-03	3.091640634e+01	7.570032655e-02	3.847766624e-12
-4.000000000e-03	3.091640599e+01	7.543927907e-02	9.450971857e-12
-4.100000000e-03	3.091640564e+01	7.517823155e-02	9.623935101e-12
-4.200000000e-03	3.091640530e+01	7.491718399e-02	6.478635083e-12
-4.300000000e-03	3.091640496e+01	7.465613638e-02	8.661743831e-12
-4.400000000e-03	3.091640462e+01	7.439508873e-02	6.044279703e-12
-4.500000000e-03	3.091640428e+01	7.413404104e-02	9.174781951e-12
-4.600000000e-03	3.091640394e+01	7.387299330e-02	6.768592544e-12
-4.700000000e-03	3.091640361e+01	7.361194552e-02	4.102092927e-12
-4.800000000e-03	3.091640328e+01	7.335089770e-02	4.821320446e-12
-4.900000000e-03	3.091640295e+01	7.308984983e-02	1.632924285e-11
-5.000000000e-03	3.091640263e+01	7.282880192e-02	9.446500743e-12
-5.100000000e-03	3.091640230e+01	7.256775397e-02	4.699862975e-12
-5.200000000e-03	3.091640198e+01	7.230670597e-02	7.642759434e-12
-5.300000000e-03	3.091640166e+01	7.204565793e-02	6.594153852e-12
-5.400000000e-03	3.091640134e+01	7.178460985e-02	6.759113048e-12
-5.500000000e-03	3.091640102e+01	7.152356173e-02	6.592301823e-12
-5.600000000e-03	3.091640071e+01	7.126251357e-02	7.474227071e-12
-5.700000000e-03	3.091640040e+01	7.100146535e-02	9.229690438e-12
-5.800000000e-03	3.091640009e+01	7.074041710e-02	1.265421093e-11
-5.900000000e-03	3.091639978e+01	7.047936881e-02	7.142687714e-12
-6.000000000e-03	3.091639948e+01	7.021832048e-02	6.795416096e-12
-6.100000000e-03	3.091639918e+01	6.995727210e-02	7.446221171e-12
-6.200000000e-03	3.091639888e+01	6.969622368e-02	8.564003650e-12
-6.300000000e-03	3.091639858e+01	6.943517522e-02	8.050508555e-12
-6.400000000e-03	3.091639828e+01	6.917412671e-02	9.061818003e-12
-6.500000000e-03	3.091639799e+01	6.891307816e-02	1.242336458e-11
-6.600000000e-03	3.091639770e+01	6.865202958e-02	8.175890857e-12
-6.700000000e-03	3.091639741e+01	6.839098094e-02	9.394810059e-12
-6.800000000e-03	3.091639712e+01	6.812993227e-02	8.210044441e-12
-6.900000000e-03	3.091639683e+01	6.786888355e-02	9.122797267e-12
-7.000000000e-03	3.091639655e+01	6.760783480e-02	1.049461976e-11
-7.100000000e-03	3.091639627e+01	6.734678600e-02	5.240860600e-12
-7.200000000e-03	3.091639599e+01	6.708573716e-02	1.011983682e-11
-7.300000000e-03	3.091639571e+01	6.682468828e-02	4.641349669e-12
-7.400000000e-03	3.091639544e+01	6.656363935e-02	4.153858166e-12
-7.500000000e-03	3.091639517e+01	6.630259038e-02	1.058063702e-11
-7.600000000e-03	3.091639490e+01	6.604154138e-02	1.747592037e-11
-7.700000000e-03	3.091639463e+01	6.578049234e-02	1.467935793e-11
-7.800000000e-03	3.091639436e+01	6.551944324e-02	6.674921813e-12
-7.900000000e-03	3.091639410e+01	6.525839411e-02	4.746966391e-12
-8.000000000e-03	3.091639384e+01	6.499734494e-02	8.480280079e-12
-8.100000000e-03	3.091639358e+01	6.473629572e-02	1.302528469e-11
-8.200000000e-03	3.091639332e+01	6.447524646e-02	7.038860576e-12
-8.300000000e-03	3.091639307e+01	6.421419717e-02	3.562818466e-12
-8.400000000e-03	3.091639282e+01	6.395314783e-02	8.544636409e-12
-8.500000000e-03	3.091639257e+01	6.369209845e-02	5.598784561e-12
-8.600000000e-03	3.091639232e+01	6.343104903e-02	1.040065385e-11
-8.700000000e-03	3.091639207e+01	6.316999958e-02	1.235249844e-11
-8.800000000e-03	3.091639183e+01	6.290895007e-02	1.204300361e-11
-8.900000000e-03	3.091639159e+01	6.264790052e-02	4.756243563e-12
-9.000000000e-03	3.091639135e+01	6.238685094e-02	8.476999541e-12
-9.100000000e-03	3.091639111e+01	6.212580132e-02	1.046109394e-11
-9.200000000e-03	3.091639087e+01	6.186475165e-02	9.119653216e-12
-9.300000000e-03	3.091639064e+01	6.160370195e-02	8.813264223e-12
-9.400000000e-03	3.091639041e+01	6.134265220e-02	1.119392192e-11
-9.500000000e-03	3.091639018e+01	6.108160242e-02	6.633105490e-12
-9.600000000e-03	3.091638995e+01	6.082055259e-02	7.067299241e-12
-9.700000000e-03	3.091638973e+01	6.055950272e-02	1.209874944e-11
-9.800000000e-03	3.091638951e+01	6.029845281e-02	8.206536404e-12
-9.900000000e-03	3.091638929e+01	6.003740286e-02	6.391109600e-12
-1.000000000e-02	3.091638907e+01	5.977635287e-02	8.969574520e-12
-1.010000000e-02	3.091638885e+01	5.951530285e-02	1.208769895e-11
-1.020000000e-02	3.091638864e+01	5.925425277e-02	7.997480778e-12
-1.030000000e-02	3.091638843e+01	5.899320266e-02	9.204267421e-12
-1.040000000e-02	3.091638822e+01	5.873215252e-02	8.973122214e-12
-1.050000000e-02	3.091638801e+01	5.847110233e-02	1.081982933e-11
-1.060000000e-02	3.091638781e+01	5.821005210e-02	7.181264959e-12
-1.070000000e-02	3.091638761e+01	5.794900183e-02	4.438983983e-12
-1.080000000e-02	3.091638741e+01	5.768795152e-02	1.147878717e-11
-1.090000000e-02	3.091638721e+01	5.742690117e-02	1.050589591e-11
-1.100000000e-02	3.091638701e+01	5.716585078e-02	7.557847525e-12
-1.110000000e-02	3.091638682e+01	5.690480036e-02	7.845154871e-12
-1.120000000e-02	3.091638663e+01	5.664374988e-02	5.974057479e-12
-1.130000000e-02	3.091638644e+01	5.638269938e-02	8.146004633e-12
-1.140000000e-02	3.091638625e+01	5.612164883e-02	8.438180832e-12
-1.150000000e-02	3.091638606e+01	5.586059824e-02	8.270572036e-12
-1.160000000e-02	3.091638588e+01	5.559954762e-02	1.005116668e-11
-1.170000000e-02	3.091638570e+01	5.533849696e-02	1.407914951e-11
-1.180000000e-02	3.091638552e+01	5.507744625e-02	5.753055341e-12
-1.190000000e-02	3.091638534e+01	5.481639551e-02	9.648498845e-12
-1.200000000e-02	3.091638517e+01	5.455534472e-02	6.484800699e-12
-1.210000000e-02	3.091638500e+01	5.429429390e-02	1.122963775e-11
-1.220000000e-02	3.091638483e+01	5.403324304e-02	5.571798581e-12
-1.230000000e-02	3.091638466e+01	5.377219214e-02	9.135346777e-12
-1.240000000e-02	3.091638449e+01	5.351114120e-02	9.411882720e-12
-1.250000000e-02	3.091638433e+01	5.325009022e-02	1.077226641e-11
-1.260000000e-02	3.091638417e+01	5.298903920e-02	6.966679480e-12
-1.270000000e-02	3.091638401e+01	5.272798815e-02	7.426556989e-12
-1.280000000e-02	3.091638385e+01	5.246693706e-02	6.783021648e-12
-1.290000000e-02	3.091638370e+01	5.220588592e-02	9.588697488e-12
-1.300000000e-02	3.091638355e+01	5.194483475e-02	6.789892444e-12
-1.310000000e-02	3.091638340e+01	5.168378354e-02	9.615390736e-12
-1.320000000e-02	3.091638325e+01	5.142273229e-02	1.191236023e-11
-1.330000000e-02	3.091638310e+01	5.116168100e-02	8.465051210e-12
-1.340000000e-02	3.091638296e+01	5.090062968e-02	7.971300700e-12
-1.350000000e-02	3.091638282e+01	5.063957831e-02	1.058390783e-11
-1.360000000e-02	3.091638268e+01	5.037852691e-02	7.652211050e-12
-1.370000000e-02	3.091638254e+01	5.011747547e-02	6.589957376e-12
-1.380000000e-02	3.091638240e+01	4.985642399e-02	9.092362000e-12
-1.390000000e-02	3.091638227e+01	4.959537247e-02	4.446534699e-12
-1.400000000e-02	3.091638214e+01	4.933432091e-02	6.063696093e-12
-1.410000000e-02	3.091638201e+01	4.907326932e-02	7.274361710e-12
-1.420000000e-02	3.091638189e+01	4.881221769e-02	5.885373196e-12
-1.430000000e-02	3.091638176e+01	4.855116602e-02	1.024468340e-11
-1.440000000e-02	3.091638164e+01	4.829011431e-02	8.549929605e-12
-1.450000000e-02	3.091638152e+01	4.802906256e-02	7.731384947e-12
-1.460000000e-02	3.091638140e+01	4.776801078e-02	3.356063691e-12
-1.470000000e-02	3.091638129e+01	4.750695896e-02	9.324347456e-12
-1.480000000e-02	3.091638117e+01	4.724590709e-02	1.447865725e-11
-1.490000000e-02	3.091638106e+01	4.698485520e-02	7.313026817e-12
-1.500000000e-02	3.091638095e+01	4.672380327e-02	1.056599197e-11
-1.510000000e-02	3.091638085e+01	4.646275130e-02	7.807015469e-12
-1.520000000e-02	3.091638074e+01	4.620169929e-02	4.260485768e-12
-1.530000000e-02	3.091638064e+01	4.594064724e-02	9.539838211e-12
-1.540000000e-02	3.091638054e+01	4.567959516e-02	9.220133925e-12
-1.550000000e-02	3.091638044e+01	4.541854303e-02	9.327200443e-12
-1.560000000e-02	3.091638034e+01	4.515749088e-02	9.570802534e-12
-1.570000000e-02	3.091638025e+01	4.489643868e-02	6.177979388e-12
-1.580000000e-02	3.091638016e+01	4.463538645e-02	7.724240111e-12
-1.590000000e-02	3.091638007e+01	4.437433418e-02	1.132586629e-11
-1.600000000e-02	3.091637998e+01	4.411328187e-02	6.502992880e-12
-1.610000000e-02	3.091637990e+01	4.385222953e-02	7.769318871e-12
-1.620000000e-02	3.091637981e+01	4.359117715e-02	8.427972020e-12
-1.630000000e-02	3.091637973e+01	4.333012473e-02	1.048219905e-11
-1.640000000e-02	3.091637965e+01	4.306907228e-02	3.691658017e-12
-1.650000000e-02	3.091637958e+01	4.280801979e-02	6.609113642e-12
-1.660000000e-02	3.091637950e+01	4.254696726e-02	9.385175237e-12
-1.670000000e-02	3.091637943e+01	4.228591469e-02	8.538984143e-12
-1.680000000e-02	3.091637936e+01	4.202486209e-02	6.934486670e-12
-1.690000000e-02	3.091637929e+01	4.176380945e-02	8.010503381e-12
-1.700000000e-02	3.091637923e+01	4.150275678e-02	1.152184287e-11
-1.710000000e-02	3.091637917e+01	4.124170407e-02	1.117392737e-11
-1.720000000e-02	3.091637910e+01	4.098065132e-02	1.056140656e-11
-1.730000000e-02	3.091637905e+01	4.071959854e-02	1.353259813e-11
-1.740000000e-02	3.091637899e+01	4.045854571e-02	6.585886150e-12
-1.750000000e-02	3.091637893e+01	4.019749286e-02	4.738624173e-12
-1.760000000e-02	3.091637888e+01	3.993643997e-02	5.974650114e-12
-1.770000000e-02	3.091637883e+01	3.967538704e-02	1.151547706e-11
-1.780000000e-02	3.091637878e+01	3.941433407e-02	8.936290372e-12
-1.790000000e-02	3.091637874e+01	3.915328107e-02	5.192404190e-12
-1.800000000e-02	3.091637869e+01	3.889222804e-02	6.984084019e-12
-1.810000000e-02	3.091637865e+01	3.863117496e-02	7.287751172e-12
-1.820000000e-02	3.091637861e+01	3.837012185e-02	8.798308123e-12
-1.830000000e-02	3.091637858e+01	3.810906871e-02	8.027010440e-12
-1.840000000e-02	3.091637854e+01	3.784801553e-02	5.355810506e-12
-1.850000000e-02	3.091637851e+01	3.758696231e-02	6.882165630e-12
-1.860000000e-02	3.091637848e+01	3.732590907e-02	7.912118718e-12
-1.870000000e-02	3.091637845e+01	3.706485578e-02	1.002489433e-11
-1.880000000e-02	3.091637842e+01	3.680380245e-02	1.145055952e-11
-1.890000000e-02	3.091637840e+01	3.654274909e-02	6.910991164e-12
-1.900000000e-02	3.091637838e+01	3.628169570e-02	4.782102201e-12
-1.910000000e-02	3.091637836e+01	3.602064227e-02	5.926923407e-12
-1.920000000e-02	3.091637834e+01	3.575958881e-02	9.804351674e-12
-1.930000000e-02	3.091637832e+01	3.549853531e-02	8.056295599e-12
-1.940000000e-02	3.091637831e+01	3.523748178e-02	9.798833665e-12
-1.950000000e-02	3.091637830e+01	3.497642821e-02	4.706290913e-12
-1.960000000e-02	3.091637829e+01	3.471537460e-02	7.706518671e-12
-1.970000000e-02	3.091637828e+01	3.445432096e-02	1.290980790e-11
-1.980000000e-02	3.091637828e+01	3.419326728e-02	1.050528257e-11
-1.990000000e-02	3.091637827e+01	3.393221358e-02	6.257013672e-12
-2.000000000e-02	3.091637827e+01	3.367115982e-02	1.092580509e-11
-2.010000000e-02	3.091637828e+01	3.341010604e-02	1.083632981e-11
-2.020000000e-02	3.091637828e+01	3.314905224e-02	8.146992727e-12
-2.030000000e-02	3.091637829e+01	3.288799839e-02	8.956825283e-12
-2.040000000e-02	3.091637830e+01	3.262694450e-02	9.844783112e-12
-2.050000000e-02	3.091637831e+01	3.236589058e-02	1.263523709e-11
-2.060000000e-02	3.091637832e+01	3.210483663e-02	3.529036704e-12
-2.070000000e-02	3.091637833e+01	3.184378264e-02	1.228561160e-11
-2.080000000e-02	3.091637835e+01	3.158272862e-02	1.087334725e-11
-2.090000000e-02	3.091637837e+01	3.132167456e-02	8.632737842e-12
-2.100000000e-02	3.091637839e+01	3.106062048e-02	1.668669812e-11
-2.110000000e-02	3.091637842e+01	3.079956635e-02	1.054698086e-11
-2.120000000e-02	3.091637844e+01	3.053851219e-02	1.142158410e-11
-2.130000000e-02	3.091637847e+01	3.027745800e-02	1.080246180e-11
-2.140000000e-02	3.091637850e+01	3.001640377e-02	9.179641588e-12
-2.150000000e-02	3.091637853e+01	2.975534951e-02	8.781076148e-12
-2.160000000e-02	3.091637857e+01	2.949429521e-02	3.783245162e-12
-2.170000000e-02	3.091637860e+01	2.923324087e-02	7.074516349e-12
-2.180000000e-02	3.091637864e+01	2.897218651e-02	1.252245585e-11
-2.190000000e-02	3.091637868e+01	2.871113211e-02	8.861271405e-12
-2.200000000e-02	3.091637873e+01	2.845007768e-02	6.339666954e-12
-2.210000000e-02	3.091637877e+01	2.818902322e-02	1.220262952e-11
-2.220000000e-02	3.091637882e+01	2.792796872e-02	5.090285534e-12
-2.230000000e-02	3.091637887e+01	2.766691419e-02	9.229570991e-12
-2.240000000e-02	3.091637892e+01	2.740585962e-02	5.563018782e-12
-2.250000000e-02	3.091637898e+01	2.714480502e-02	9.262527605e-12
-2.260000000e-02	3.091637903e+01	2.688375039e-02	9.076231172e-12
-2.270000000e-02	3.091637909e+01	2.662269572e-02	6.391789190e-12
-2.280000000e-02	3.091637915e+01	2.636164102e-02	8.810164061e-12
-2.290000000e-02	3.091637921e+01	2.610058628e-02	8.619962511e-12
-2.300000000e-02	3.091637928e+01	2.583953152e-02	5.765442964e-12
-2.310000000e-02	3.091637935e+01	2.557847672e-02	1.040063385e-11
-2.320000000e-02	3.091637941e+01	2.531742189e-02	1.022394811e-11
-2.330000000e-02	3.091637949e+01	2.505636702e-02	5.385391857e-12
-2.340000000e-02	3.091637956e+01	2.479531212e-02	6.338507496e-12
-2.350000000e-02	3.091637964e+01	2.453425719e-02	7.976036954e-12
-2.360000000e-02	3.091637971e+01	2.427320222e-02	1.037134448e-11
-2.370000000e-02	3.091637979e+01	2.401214722e-02	2.750004114e-12
-2.380000000e-02	3.091637988e+01	2.375109219e-02	1.111045219e-11
-2.390000000e-02	3.091637996e+01	2.349003713e-02	7.354753782e-12
-2.400000000e-02	3.091638005e+01	2.322898203e-02	6.980782137e-12
-2.410000000e-02	3.091638014e+01	2.296792690e-02	6.761989736e-12
-2.420000000e-02	3.091638023e+01	2.270687174e-02	3.898624309e-12
-2.430000000e-02	3.091638032e+01	2.244581654e-02	8.265391647e-12
-2.440000000e-02	3.091638042e+01	2.218476132e-02	8.237608124e-12
-2.450000000e-02	3.091638051e+01	2.192370606e-02	7.516739799e-12
-2.460000000e-02	3.091638061e+01	2.166265077e-02	5.391213414e-12
-2.470000000e-02	3.091638072e+01	2.140159544e-02	6.739943928e-12
-2.480000000e-02	3.091638082e+01	2.114054008e-02	7.723463074e-12
-2.490000000e-02	3.091638093e+01	2.087948469e-02	1.066837642e-11
-2.500000000e-02	3.091638104e+01	2.061842928e-02	1.101876018e-11
-2.510000000e-02	3.091638115e+01	2.035737382e-02	1.122454933e-11
-2.520000000e-02	3.091638126e+01	2.009631833e-02	5.365091259e-12
-2.530000000e-02	3.091638137e+01	1.983526282e-02	7.851514113e-12
-2.540000000e-02	3.091638149e+01	1.957420727e-02	4.753092850e-12
-2.550000000e-02	3.091638161e+01	1.931315168e-02	9.595940520e-12
-2.560000000e-02	3.091638173e+01	1.905209607e-02	1.098442507e-11
-2.570000000e-02	3.091638186e+01	1.879104042e-02	9.979448392e-12
-2.580000000e-02	3.091638198e+01	1.852998475e-02	5.292044261e-12
-2.590000000e-02	3.091638211e+01	1.826892904e-02	6.626529507e-12
-2.600000000e-02	3.091638224e+01	1.800787330e-02	9.309540330e-12
-2.610000000e-02	3.091638237e+01	1.774681753e-02	1.133661053e-11
-2.620000000e-02	3.091638251e+01	1.748576173e-02	1.025148247e-11
-2.630000000e-02	3.091638264e+01	1.722470589e-02	3.914060172e-12
-2.640000000e-02	3.091638278e+01	1.696365002e-02	4.218564769e-12
-2.650000000e-02	3.091638292e+01	1.670259413e-02	1.120743067e-11
-2.660000000e-02	3.091638307e+01	1.644153820e-02	1.072359196e-11
-2.670000000e-02	3.091638321e+01	1.618048223e-02	1.193897568e-11
-2.680000000e-02	3.091638336e+01	1.591942625e-02	1.247598270e-11
-2.690000000e-02	3.091638351e+01	1.565837022e-02	9.316184297e-12
-2.700000000e-02	3.091638366e+01	1.539731417e-02	8.220015317e-12
-2.710000000e-02	3.091638382e+01	1.513625808e-02	4.914161913e-12
-2.720000000e-02	3.091638397e+01	1.487520197e-02	7.242687321e-12
-2.730000000e-02	3.091638413e+01	1.461414582e-02	7.558158842e-12
-2.740000000e-02	3.091638429e+01	1.435308964e-02	1.420900020e-11
-2.750000000e-02	3.091638446e+01	1.409203343e-02	6.619529886e-12
-2.760000000e-02	3.091638462e+01	1.383097719e-02	4.545166871e-12
-2.770000000e-02	3.091638479e+01	1.356992092e-02	1.028946230e-11
-2.780000000e-02	3.091638496e+01	1.330886461e-02	9.772988622e-12
-2.790000000e-02	3.091638513e+01	1.304780828e-02	1.010856565e-11
-2.800000000e-02	3.091638530e+01	1.278675192e-02	1.235519486e-11
-2.810000000e-02	3.091638548e+01	1.252569553e-02	7.947000694e-12
-2.820000000e-02	3.091638566e+01	1.226463911e-02	8.471230606e-12
-2.830000000e-02	3.091638584e+01	1.200358265e-02	8.847794365e-12
-2.840000000e-02	3.091638602e+01	1.174252616e-02	9.597145058e-12
-2.850000000e-02	3.091638620e+01	1.148146965e-02	8.626006875e-12
-2.860000000e-02	3.091638639e+01	1.122041311e-02	4.727677275e-12
-2.870000000e-02	3.091638658e+01	1.095935654e-02	9.436212560e-12
-2.880000000e-02	3.091638677e+01	1.069829992e-02	4.800897312e-12
-2.890000000e-02	3.091638696e+01	1.043724329e-02	1.320972643e-11
-2.900000000e-02	3.091638716e+01	1.017618663e-02	8.685079671e-12
-2.910000000e-02	3.091638736e+01	9.915129933e-03	1.023441459e-11
-2.920000000e-02	3.091638756e+01	9.654073202e-03	5.449380427e-12
-2.930000000e-02	3.091638776e+01	9.393016448e-03	8.752047234e-12
-2.940000000e-02	3.091638796e+01	9.131959661e-03	6.258849523e-12
-2.950000000e-02	3.091638817e+01	8.870902844e-03	1.032288128e-11
-2.960000000e-02	3.091638838e+01	8.609846002e-03	3.194153266e-12
-2.970000000e-02	3.091638859e+01	8.348789125e-03	1.086484650e-11
-2.980000000e-02	3.091638880e+01	8.087732227e-03	6.104438722e-12
-2.990000000e-02	3.091638902e+01	7.826675288e-03	1.562267139e-11
-3.000000000e-02	3.091638924e+01	7.565618324e-03	8.895866163e-12
-3.010000000e-02	3.091638945e+01	7.304561336e-03	6.302522519e-12
-3.020000000e-02	3.091638968e+01	7.043504312e-03	6.987588055e-12
-3.030000000e-02	3.091638990e+01	6.782447264e-03	7.600094735e-12
-3.040000000e-02	3.091639013e+01	6.521390180e-03	8.994633505e-12
-3.050000000e-02	3.091639035e+01	6.260333071e-03	1.102136502e-11
-3.060000000e-02	3.091639058e+01	5.999275933e-03	4.632096374e-12
-3.070000000e-02	3.091639082e+01	5.738218766e-03	7.870540597e-12
-3.080000000e-02	3.091639105e+01	5.477161564e-03	8.526840758e-12
-3.090000000e-02	3.091639129e+01	5.216104341e-03	7.272954684e-12
-3.100000000e-02	3.091639153e+01	4.955047084e-03	8.889130705e-12
-3.110000000e-02	3.091639177e+01	4.693989801e-03	5.959389724e-12
-3.120000000e-02	3.091639201e+01	4.432932484e-03	8.749064567e-12
-3.130000000e-02	3.091639226e+01	4.171875143e-03	4.872870255e-12
-3.140000000e-02	3.091639251e+01	3.910817776e-03	1.223177038e-11
-3.150000000e-02	3.091639276e+01	3.649760374e-03	3.950203209e-12
-3.160000000e-02	3.091639301e+01	3.388702943e-03	7.879135287e-12
-3.170000000e-02	3.091639326e+01	3.127645487e-03	5.512458240e-12
-3.180000000e-02	3.091639352e+01	2.866588003e-03	4.446007426e-12
-3.190000000e-02	3.091639378e+01	2.605530491e-03	1.023065048e-11
-3.200000000e-02	3.091639404e+01	2.344472948e-03	1.362743062e-11
-3.210000000e-02	3.091639430e+01	2.083415372e-03	8.319704189e-12
-3.220000000e-02	3.091639457e+01	1.822357775e-03	1.029387276e-11
-3.230000000e-02	3.091639483e+01	1.561300147e-03	9.556119075e-12
-3.240000000e-02	3.091639510e+01	1.300242493e-03	9.708921880e-12
-3.250000000e-02	3.091639538e+01	1.039184807e-03	6.981180137e-12
-3.260000000e-02	3.091639565e+01	7.781270994e-04	6.343629745e-12
-3.270000000e-02	3.091639592e+01	5.170693605e-04	8.919802577e-12
-3.280000000e-02	3.091639620e+01	2.560115874e-04	1.237822410e-11
-3.290000000e-02	3.091639648e+01	-5.046206368e-06	9.091984783e-12
-3.300000000e-02	3.091639677e+01	-2.661040274e-04	8.440994582e-12
-3.310000000e-02	3.091639705e+01	-5.271618793e-04	8.081360792e-12
-3.320000000e-02	3.091639734e+01	-7.882197626e-04	2.849315278e-12
-3.330000000e-02	3.091639763e+01	-1.049277666e-03	1.012257976e-11
-3.340000000e-02	3.091639792e+01	-1.310335603e-03	6.244371227e-12
-3.350000000e-02	3.091639821e+01	-1.571393568e-03	5.973751446e-12
-3.360000000e-02	3.091639851e+01	-1.832451558e-03	6.384147331e-12
-3.370000000e-02	3.091639881e+01	-2.093509574e-03	6.927792186e-12
-3.380000000e-02	3.091639911e+01	-2.354567620e-03	9.651451333e-12
-3.390000000e-02	3.091639941e+01	-2.615625692e-03	1.274732298e-11
-3.400000000e-02	3.091639971e+01	-2.876683791e-03	5.237119631e-12
-3.410000000e-02	3.091640002e+01	-3.137741921e-03	7.226577148e-12
-3.420000000e-02	3.091640033e+01	-3.398800076e-03	7.741630328e-12
-3.430000000e-02	3.091640064e+01	-3.659858257e-03	6.836622127e-12
-3.440000000e-02	3.091640095e+01	-3.920916464e-03	2.449588637e-12
-3.450000000e-02	3.091640127e+01	-4.181974700e-03	8.427626574e-12
-3.460000000e-02	3.091640158e+01	-4.443032961e-03	6.104013608e-12
-3.470000000e-02	3.091640190e+01	-4.704091252e-03	9.514412899e-12
-3.480000000e-02	3.091640222e+01	-4.965149575e-03	1.361329123e-11
-3.490000000e-02	3.091640255e+01	-5.226207916e-03	8.638679796e-12
-3.500000000e-02	3.091640287e+01	-5.487266285e-03	8.652724836e-12
-3.510000000e-02	3.091640320e+01	-5.748324680e-03	6.870096074e-12
-3.520000000e-02	3.091640353e+01	-6.009383110e-03	9.161583562e-12
-3.530000000e-02	3.091640387e+01	-6.270441557e-03	3.749867871e-12
-3.540000000e-02	3.091640420e+01	-6.531500033e-03	8.834273081e-12
-3.550000000e-02	3.091640454e+01	-6.792558540e-03	8.623978174e-12
-3.560000000e-02	3.091640488e+01	-7.053617067e-03	7.745598673e-12
-3.570000000e-02	3.091640522e+01	-7.314675625e-03	1.102383132e-11
-3.580000000e-02	3.091640556e+01	-7.575734209e-03	5.117980161e-12
-3.590000000e-02	3.091640591e+01	-7.836792822e-03	8.368661971e-12
-3.600000000e-02	3.091640626e+01	-8.097851455e-03	6.011567135e-12
-3.610000000e-02	3.091640661e+01	-8.358910116e-03	5.361533006e-12
-3.620000000e-02	3.091640696e+01	-8.619968807e-03	6.355262166e-12
-3.630000000e-02	3.091640731e+01	-8.881027518e-03	7.485680825e-12
-3.640000000e-02	3.091640767e+01	-9.142086259e-03	6.879351194e-12
-3.650000000e-02	3.091640803e+01	-9.403145030e-03	8.219421173e-12
-3.660000000e-02	3.091640839e+01	-9.664203821e-03	3.917554983e-12
-3.670000000e-02	3.091640875e+01	-9.925262637e-03	1.354342684e-11
-3.680000000e-02	3.091640912e+01	-1.018632149e-02	7.453227606e-12
-3.690000000e-02	3.091640948e+01	-1.044738035e-02	8.121804650e-12
-3.700000000e-02	3.091640985e+01	-1.070843925e-02	1.076744501e-11
-3.710000000e-02	3.091641023e+01	-1.096949817e-02	9.086413884e-12
-3.720000000e-02	3.091641060e+01	-1.123055712e-02	8.714594486e-12
-3.730000000e-02	3.091641098e+01	-1.149161609e-02	1.080838512e-11
-3.740000000e-02	3.091641135e+01	-1.175267509e-02	4.634145754e-12
-3.750000000e-02	3.091641173e+01	-1.201373412e-02	7.495873480e-12
-3.760000000e-02	3.091641212e+01	-1.227479316e-02	8.057497950e-12
-3.770000000e-02	3.091641250e+01	-1.253585224e-02	7.157887910e-12
-3.780000000e-02	3.091641289e+01	-1.279691134e-02	8.506598077e-12
-3.790000000e-02	3.091641328e+01	-1.305797046e-02	4.065828331e-12
-3.800000000e-02	3.091641367e+01	-1.331902961e-02	8.358801041e-12
-3.810000000e-02	3.091641406e+01	-1.358008879e-02	9.049938573e-12
-3.820000000e-02	3.091641446e+01	-1.384114799e-02	8.347611756e-12
-3.830000000e-02	3.091641486e+01	-1.410220722e-02	1.072777320e-11
-3.840000000e-02	3.091641526e+01	-1.436326647e-02	9.096375684e-12
-3.850000000e-02	3.091641566e+01	-1.462432574e-02	8.303799820e-12
-3.860000000e-02	3.091641606e+01	-1.488538504e-02	1.574816490e-11
-3.870000000e-02	3.091641647e+01	-1.514644437e-02	8.207991386e-12
-3.880000000e-02	3.091641688e+01	-1.540750372e-02	9.063918868e-12
-3.890000000e-02	3.091641729e+01	-1.566856309e-02	7.759150986e-12
-3.900000000e-02	3.091641770e+01	-1.592962249e-02	1.239662616e-11
-3.910000000e-02	3.091641812e+01	-1.619068192e-02	1.198712326e-11
-3.920000000e-02	3.091641854e+01	-1.645174137e-02	8.585685818e-12
-3.930000000e-02	3.091641896e+01	-1.671280084e-02	5.790413441e-12
-3.940000000e-02	3.091641938e+01	-1.697386034e-02	1.302242230e-11
-3.950000000e-02	3.091641980e+01	-1.723491987e-02	1.187931103e-11
-3.960000000e-02	3.091642023e+01	-1.749597941e-02	9.618746789e-12
-3.970000000e-02	3.091642066e+01	-1.775703898e-02	6.127949917e-12
-3.980000000e-02	3.091642109e+01	-1.801809857e-02	3.164478407e-12
-3.990000000e-02	3.091642152e+01	-1.827915819e-02	6.936354972e-12
-4.000000000e-02	3.091642195e+01	-1.854021783e-02	8.782341550e-12
-4.010000000e-02	3.091642239e+01	-1.880127750e-02	3.776019182e-12
-4.020000000e-02	3.091642283e+01	-1.906233720e-02	8.341716975e-12
-4.030000000e-02	3.091642327e+01	-1.932339691e-02	3.408264194e-12
-4.040000000e-02	3.091642372e+01	-1.958445665e-02	8.858248772e-12
-4.050000000e-02	3.091642416e+01	-1.984551642e-02	8.954021326e-12
-4.060000000e-02	3.091642461e+01	-2.010657620e-02	9.544433207e-12
-4.070000000e-02	3.091642506e+01	-2.036763601e-02	1.363937114e-11
-4.080000000e-02	3.091642551e+01	-2.062869585e-02	1.005909044e-11
-4.090000000e-02	3.091642597e+01	-2.088975570e-02	1.003166295e-11
-4.100000000e-02	3.091642642e+01	-2.115081559e-02	1.459846821e-11
-4.110000000e-02	3.091642688e+01	-2.141187549e-02	6.796402677e-12
-4.120000000e-02	3.091642734e+01	-2.167293542e-02	9.894005295e-12
-4.130000000e-02	3.091642781e+01	-2.193399538e-02	8.939127666e-12
-4.140000000e-02	3.091642827e+01	-2.219505535e-02	1.092268757e-11
-4.150000000e-02	3.091642874e+01	-2.245611535e-02	5.528251259e-12
-4.160000000e-02	3.091642921e+01	-2.271717537e-02	8.723455067e-12
-4.170000000e-02	3.091642968e+01	-2.297823542e-02	9.553305174e-12
-4.180000000e-02	3.091643015e+01	-2.323929549e-02	7.896317248e-12
-4.190000000e-02	3.091643063e+01	-2.350035558e-02	6.921788354e-12
-4.200000000e-02	3.091643111e+01	-2.376141569e-02	7.557412995e-12
-4.210000000e-02	3.091643159e+01	-2.402247583e-02	7.128047953e-12
-4.220000000e-02	3.091643207e+01	-2.428353599e-02	9.465498103e-12
-4.230000000e-02	3.091643256e+01	-2.454459618e-02	6.183916759e-12
-4.240000000e-02	3.091643304e+01	-2.480565638e-02	4.649734974e-12
-4.250000000e-02	3.091643353e+01	-2.506671662e-02	4.138801294e-12
-4.260000000e-02	3.091643402e+01	-2.532777687e-02	1.013963382e-11
-4.270000000e-02	3.091643452e+01	-2.558883714e-02	7.762108029e-12
-4.280000000e-02	3.091643501e+01	-2.584989744e-02	5.344368769e-12
-4.290000000e-02	3.091643551e+01	-2.611095776e-02	1.256860181e-11
-4.300000000e-02	3.091643601e+01	-2.637201811e-02	1.094036380e-11
-4.310000000e-02	3.091643651e+01	-2.663307847e-02	1.085826486e-11
-4.320000000e-02	3.091643702e+01	-2.689413885e-02	1.060994490e-11
-4.330000000e-02	3.091643753e+01	-2.715519927e-02	1.179186768e-11
-4.340000000e-02	3.091643803e+01	-2.741625970e-02	1.118249307e-11
-4.350000000e-02	3.091643855e+01	-2.767732015e-02	8.031601065e-12
-4.360000000e-02	3.091643906e+01	-2.793838063e-02	1.438684394e-11
-4.370000000e-02	3.091643957e+01	-2.819944113e-02	6.159401932e-12
-4.380000000e-02	3.091644009e+01	-2.846050165e-02	6.100104085e-12
-4.390000000e-02	3.091644061e+01	-2.872156219e-02	6.857660140e-12
-4.400000000e-02	3.091644113e+01	-2.898262276e-02	6.861755168e-12
-4.410000000e-02	3.091644166e+01	-2.924368334e-02	1.190038410e-11
-4.420000000e-02	3.091644218e+01	-2.950474395e-02	4.549659277e-12
-4.430000000e-02	3.091644271e+01	-2.976580459e-02	8.601048651e-12
-4.440000000e-02	3.091644324e+01	-3.002686523e-02	8.549317400e-12
-4.450000000e-02	3.091644378e+01	-3.028792591e-02	7.685253386e-12
-4.460000000e-02	3.091644431e+01	-3.054898661e-02	6.638687527e-12
-4.470000000e-02	3.091644485e+01	-3.081004732e-02	5.219460400e-12
-4.480000000e-02	3.091644539e+01	-3.107110807e-02	9.917878605e-12
-4.490000000e-02	3.091644593e+01	-3.133216882e-02	8.903311524e-12
-4.500000000e-02	3.091644647e+01	-3.159322961e-02	5.037513606e-12
-4.510000000e-02	3.091644702e+01	-3.185429041e-02	6.610103789e-12
-4.520000000e-02	3.091644757e+01	-3.211535124e-02	7.485500941e-12
-4.530000000e-02	3.091644812e+01	-3.237641208e-02	7.989809320e-12
-4.540000000e-02	3.091644867e+01	-3.263747295e-02	5.091065674e-12
-4.550000000e-02	3.091644922e+01	-3.289853384e-02	1.058709041e-11
-4.560000000e-02	3.091644978e+01	-3.315959474e-02	1.227515329e-11
-4.570000000e-02	3.091645034e+01	-3.342065568e-02	1.024543684e-11
-4.580000000e-02	3.091645090e+01	-3.368171662e-02	6.577198112e-12
-4.590000000e-02	3.091645146e+01	-3.394277760e-02	6.005770004e-12
-4.600000000e-02	3.091645203e+01	-3.420383859e-02	8.826520057e-12
-4.610000000e-02	3.091645260e+01	-3.446489961e-02	5.487670393e-12
-4.620000000e-02	3.091645317e+01	-3.472596064e-02	1.073114668e-11
-4.630000000e-02	3.091645374e+01	-3.498702170e-02	6.885225333e-12
-4.640000000e-02	3.091645431e+01	-3.524808278e-02	9.432792028e-12
-4.650000000e-02	3.091645489e+01	-3.550914387e-02	1.212660025e-11
-4.660000000e-02	3.091645547e+01	-3.577020499e-02	9.134100796e-12
-4.670000000e-02	3.091645605e+01	-3.603126612e-02	8.596436425e-12
-4.680000000e-02	3.091645663e+01	-3.629232729e-02	8.676220573e-12
-4.690000000e-02	3.091645722e+01	-3.655338847e-02	1.246591996e-11
-4.700000000e-02	3.091645780e+01	-3.681444967e-02	1.152958676e-11
-4.710000000e-02	3.091645839e+01	-3.707551089e-02	1.405946032e-11
-4.720000000e-02	3.091645898e+01	-3.733657213e-02	8.448503274e-12
-4.730000000e-02	3.091645958e+01	-3.759763338e-02	1.143072095e-11
-4.740000000e-02	3.091646017e+01	-3.785869467e-02	6.152319594e-12
-4.750000000e-02	3.091646077e+01	-3.811975597e-02	9.726720678e-12
-4.760000000e-02	3.091646137e+01	-3.838081729e-02	5.442447343e-12
-4.770000000e-02	3.091646198e+01	-3.864187863e-02	1.046219756e-11
-4.780000000e-02	3.091646258e+01	-3.890293999e-02	6.111704023e-12
-4.790000000e-02	3.091646319e+01	-3.916400137e-02	8.871746106e-12
-4.800000000e-02	3.091646380e+01	-3.942506277e-02	9.399439183e-12
-4.810000000e-02	3.091646441e+01	-3.968612419e-02	1.085777811e-11
-4.820000000e-02	3.091646502e+01	-3.994718563e-02	3.333224219e-12
-4.830000000e-02	3.091646564e+01	-4.020824709e-02	5.640794520e-12
-4.840000000e-02	3.091646625e+01	-4.046930857e-02	9.501789918e-12
-4.850000000e-02	3.091646687e+01	-4.073037007e-02	7.507929783e-12
-4.860000000e-02	3.091646750e+01	-4.099143158e-02	1.341028874e-11
-4.870000000e-02	3.091646812e+01	-4.125249313e-02	1.061612182e-11
-4.880000000e-02	3.091646875e+01	-4.151355468e-02	9.593199077e-12
-4.890000000e-02	3.091646937e+01	-4.177461626e-02	1.127061750e-11
-4.900000000e-02	3.091647001e+01	-4.203567785e-02	1.034273144e-11
-4.910000000e-02	3.091647064e+01	-4.229673947e-02	9.919331870e-12
-4.920000000e-02	3.091647127e+01	-4.255780110e-02	1.042821918e-11
-4.930000000e-02	3.091647191e+01	-4.281886275e-02	7.321055159e-12
-4.940000000e-02	3.091647255e+01	-4.307992443e-02	1.370292277e-11
-4.950000000e-02	3.091647319e+01	-4.334098612e-02	7.032877966e-12
-4.960000000e-02	3.091647384e+01	-4.360204783e-02	9.248589459e-12
-4.970000000e-02	3.091647448e+01	-4.386310956e-02	4.126330331e-12
-4.980000000e-02	3.091647513e+01	-4.412417131e-02	7.761996457e-12
-4.990000000e-02	3.091647578e+01	-4.438523307e-02	8.193685547e-12
-5.000000000e-02	3.091647643e+01	-4.464629486e-02	6.403088168e-12
