# Im(epsi1)     Re(Lambda)      Im(Lambda)      Eq(det).Opt det SIN kz, R=0.5 \mum, Re(epsi1)=4.90solve_det_sinkz_vs_mu.py
0.000000000e+00	3.597548571e+01	9.868555460e-02	9.827584690e-12
-1.000000000e-04	3.597548565e+01	9.838173692e-02	9.614210340e-12
-2.000000000e-04	3.597548560e+01	9.807791921e-02	7.765383309e-12
-3.000000000e-04	3.597548555e+01	9.777410145e-02	1.206700169e-11
-4.000000000e-04	3.597548551e+01	9.747028365e-02	1.002765095e-11
-5.000000000e-04	3.597548546e+01	9.716646582e-02	7.458695125e-12
-6.000000000e-04	3.597548542e+01	9.686264795e-02	8.466536270e-12
-7.000000000e-04	3.597548538e+01	9.655883004e-02	6.108441262e-12
-8.000000000e-04	3.597548535e+01	9.625501208e-02	1.700359991e-11
-9.000000000e-04	3.597548531e+01	9.595119410e-02	5.859349874e-12
-1.000000000e-03	3.597548528e+01	9.564737607e-02	4.001099685e-12
-1.100000000e-03	3.597548526e+01	9.534355801e-02	1.194683723e-11
-1.200000000e-03	3.597548523e+01	9.503973990e-02	1.121317402e-11
-1.300000000e-03	3.597548521e+01	9.473592176e-02	5.591635577e-12
-1.400000000e-03	3.597548519e+01	9.443210358e-02	4.232793278e-12
-1.500000000e-03	3.597548517e+01	9.412828535e-02	9.722726310e-12
-1.600000000e-03	3.597548515e+01	9.382446710e-02	9.487844676e-12
-1.700000000e-03	3.597548514e+01	9.352064880e-02	6.752496576e-12
-1.800000000e-03	3.597548513e+01	9.321683047e-02	7.394330506e-12
-1.900000000e-03	3.597548512e+01	9.291301210e-02	7.210358079e-12
-2.000000000e-03	3.597548512e+01	9.260919369e-02	7.718154005e-12
-2.100000000e-03	3.597548511e+01	9.230537524e-02	7.816682550e-12
-2.200000000e-03	3.597548511e+01	9.200155675e-02	8.972744630e-12
-2.300000000e-03	3.597548511e+01	9.169773822e-02	8.234025765e-12
-2.400000000e-03	3.597548512e+01	9.139391967e-02	8.190319361e-12
-2.500000000e-03	3.597548513e+01	9.109010106e-02	6.352053782e-12
-2.600000000e-03	3.597548514e+01	9.078628242e-02	9.532545774e-12
-2.700000000e-03	3.597548515e+01	9.048246375e-02	7.778088629e-12
-2.800000000e-03	3.597548516e+01	9.017864503e-02	1.056443769e-11
-2.900000000e-03	3.597548518e+01	8.987482629e-02	1.253800641e-11
-3.000000000e-03	3.597548520e+01	8.957100749e-02	1.373995219e-11
-3.100000000e-03	3.597548522e+01	8.926718867e-02	9.387282217e-12
-3.200000000e-03	3.597548525e+01	8.896336981e-02	1.052293776e-11
-3.300000000e-03	3.597548528e+01	8.865955091e-02	7.764227055e-12
-3.400000000e-03	3.597548531e+01	8.835573198e-02	1.109774713e-11
-3.500000000e-03	3.597548534e+01	8.805191300e-02	7.071624936e-12
-3.600000000e-03	3.597548537e+01	8.774809399e-02	6.572521921e-12
-3.700000000e-03	3.597548541e+01	8.744427494e-02	3.422739570e-12
-3.800000000e-03	3.597548545e+01	8.714045586e-02	4.640336310e-12
-3.900000000e-03	3.597548550e+01	8.683663674e-02	1.027304939e-11
-4.000000000e-03	3.597548554e+01	8.653281758e-02	1.073528302e-11
-4.100000000e-03	3.597548559e+01	8.622899838e-02	8.313074656e-12
-4.200000000e-03	3.597548564e+01	8.592517914e-02	1.002434327e-11
-4.300000000e-03	3.597548569e+01	8.562135988e-02	6.238804204e-12
-4.400000000e-03	3.597548575e+01	8.531754057e-02	6.484905971e-12
-4.500000000e-03	3.597548581e+01	8.501372123e-02	7.855839777e-12
-4.600000000e-03	3.597548587e+01	8.470990185e-02	6.890198318e-12
-4.700000000e-03	3.597548593e+01	8.440608244e-02	7.735051978e-12
-4.800000000e-03	3.597548600e+01	8.410226299e-02	8.075879247e-12
-4.900000000e-03	3.597548606e+01	8.379844350e-02	1.105026465e-11
-5.000000000e-03	3.597548613e+01	8.349462398e-02	1.256477392e-11
-5.100000000e-03	3.597548621e+01	8.319080442e-02	1.016903466e-11
-5.200000000e-03	3.597548628e+01	8.288698482e-02	1.145073404e-11
-5.300000000e-03	3.597548636e+01	8.258316519e-02	6.809268661e-12
-5.400000000e-03	3.597548644e+01	8.227934553e-02	1.288101859e-11
-5.500000000e-03	3.597548653e+01	8.197552582e-02	1.145724654e-11
-5.600000000e-03	3.597548661e+01	8.167170608e-02	6.915944499e-12
-5.700000000e-03	3.597548670e+01	8.136788630e-02	1.025131765e-11
-5.800000000e-03	3.597548679e+01	8.106406650e-02	5.329181226e-12
-5.900000000e-03	3.597548689e+01	8.076024665e-02	5.874183955e-12
-6.000000000e-03	3.597548698e+01	8.045642677e-02	1.266450338e-11
-6.100000000e-03	3.597548708e+01	8.015260685e-02	6.675206718e-12
-6.200000000e-03	3.597548718e+01	7.984878690e-02	8.218904867e-12
-6.300000000e-03	3.597548729e+01	7.954496692e-02	1.178683276e-11
-6.400000000e-03	3.597548739e+01	7.924114689e-02	6.561165101e-12
-6.500000000e-03	3.597548750e+01	7.893732684e-02	5.487441366e-12
-6.600000000e-03	3.597548761e+01	7.863350674e-02	7.069672767e-12
-6.700000000e-03	3.597548773e+01	7.832968661e-02	6.620041186e-12
-6.800000000e-03	3.597548784e+01	7.802586644e-02	9.395860783e-12
-6.900000000e-03	3.597548796e+01	7.772204625e-02	3.704974303e-12
-7.000000000e-03	3.597548808e+01	7.741822601e-02	1.193342911e-11
-7.100000000e-03	3.597548821e+01	7.711440575e-02	1.045046698e-11
-7.200000000e-03	3.597548833e+01	7.681058545e-02	9.898745084e-12
-7.300000000e-03	3.597548846e+01	7.650676510e-02	1.152979107e-11
-7.400000000e-03	3.597548859e+01	7.620294473e-02	9.090858869e-12
-7.500000000e-03	3.597548873e+01	7.589912433e-02	9.971326656e-12
-7.600000000e-03	3.597548887e+01	7.559530388e-02	1.286456225e-11
-7.700000000e-03	3.597548900e+01	7.529148341e-02	2.962145737e-12
-7.800000000e-03	3.597548915e+01	7.498766290e-02	6.226838500e-12
-7.900000000e-03	3.597548929e+01	7.468384236e-02	8.503628034e-12
-8.000000000e-03	3.597548944e+01	7.438002178e-02	7.408392154e-12
-8.100000000e-03	3.597548959e+01	7.407620117e-02	1.200291476e-11
-8.200000000e-03	3.597548974e+01	7.377238052e-02	3.640863082e-12
-8.300000000e-03	3.597548989e+01	7.346855983e-02	9.279023045e-12
-8.400000000e-03	3.597549005e+01	7.316473913e-02	1.165777333e-11
-8.500000000e-03	3.597549021e+01	7.286091837e-02	9.250943690e-12
-8.600000000e-03	3.597549037e+01	7.255709759e-02	9.237758409e-12
-8.700000000e-03	3.597549054e+01	7.225327677e-02	2.554096894e-12
-8.800000000e-03	3.597549070e+01	7.194945592e-02	1.236638951e-11
-8.900000000e-03	3.597549087e+01	7.164563504e-02	5.957696857e-12
-9.000000000e-03	3.597549105e+01	7.134181412e-02	6.248571048e-12
-9.100000000e-03	3.597549122e+01	7.103799316e-02	9.928986863e-12
-9.200000000e-03	3.597549140e+01	7.073417218e-02	1.001210443e-11
-9.300000000e-03	3.597549158e+01	7.043035117e-02	8.034211338e-12
-9.400000000e-03	3.597549176e+01	7.012653012e-02	1.626753503e-11
-9.500000000e-03	3.597549195e+01	6.982270902e-02	9.685920762e-12
-9.600000000e-03	3.597549213e+01	6.951888791e-02	2.950670297e-12
-9.700000000e-03	3.597549232e+01	6.921506676e-02	8.413983407e-12
-9.800000000e-03	3.597549252e+01	6.891124557e-02	9.254726864e-12
-9.900000000e-03	3.597549271e+01	6.860742436e-02	8.146659042e-12
-1.000000000e-02	3.597549291e+01	6.830360311e-02	9.883424107e-12
-1.010000000e-02	3.597549311e+01	6.799978182e-02	1.247199253e-11
-1.020000000e-02	3.597549331e+01	6.769596050e-02	4.092649784e-12
-1.030000000e-02	3.597549352e+01	6.739213915e-02	9.522249978e-12
-1.040000000e-02	3.597549373e+01	6.708831777e-02	1.379070716e-11
-1.050000000e-02	3.597549394e+01	6.678449635e-02	4.080772392e-12
-1.060000000e-02	3.597549415e+01	6.648067491e-02	1.014079529e-11
-1.070000000e-02	3.597549436e+01	6.617685343e-02	9.272082184e-12
-1.080000000e-02	3.597549458e+01	6.587303192e-02	7.465327685e-12
-1.090000000e-02	3.597549480e+01	6.556921037e-02	4.221100271e-12
-1.100000000e-02	3.597549503e+01	6.526538879e-02	4.579948824e-12
-1.110000000e-02	3.597549525e+01	6.496156718e-02	7.061159484e-12
-1.120000000e-02	3.597549548e+01	6.465774554e-02	1.473615108e-11
-1.130000000e-02	3.597549571e+01	6.435392386e-02	7.512871665e-12
-1.140000000e-02	3.597549594e+01	6.405010215e-02	6.335540030e-12
-1.150000000e-02	3.597549618e+01	6.374628042e-02	1.324834809e-11
-1.160000000e-02	3.597549642e+01	6.344245865e-02	4.171810711e-12
-1.170000000e-02	3.597549666e+01	6.313863685e-02	1.351005457e-11
-1.180000000e-02	3.597549690e+01	6.283481501e-02	6.605275605e-12
-1.190000000e-02	3.597549715e+01	6.253099315e-02	9.701594090e-12
-1.200000000e-02	3.597549740e+01	6.222717125e-02	8.263178334e-12
-1.210000000e-02	3.597549765e+01	6.192334932e-02	5.396977959e-12
-1.220000000e-02	3.597549790e+01	6.161952735e-02	4.614420716e-12
-1.230000000e-02	3.597549816e+01	6.131570536e-02	7.394712682e-12
-1.240000000e-02	3.597549842e+01	6.101188333e-02	1.314947124e-11
-1.250000000e-02	3.597549868e+01	6.070806128e-02	8.295685796e-12
-1.260000000e-02	3.597549894e+01	6.040423919e-02	6.151407663e-12
-1.270000000e-02	3.597549921e+01	6.010041707e-02	8.628706142e-12
-1.280000000e-02	3.597549948e+01	5.979659493e-02	1.101918671e-11
-1.290000000e-02	3.597549975e+01	5.949277275e-02	8.982447480e-12
-1.300000000e-02	3.597550002e+01	5.918895053e-02	8.871521589e-12
-1.310000000e-02	3.597550030e+01	5.888512829e-02	9.258000175e-12
-1.320000000e-02	3.597550058e+01	5.858130601e-02	9.490165250e-12
-1.330000000e-02	3.597550086e+01	5.827748371e-02	1.301208900e-11
-1.340000000e-02	3.597550114e+01	5.797366137e-02	1.331923258e-11
-1.350000000e-02	3.597550143e+01	5.766983901e-02	5.281428910e-12
-1.360000000e-02	3.597550172e+01	5.736601661e-02	8.878788379e-12
-1.370000000e-02	3.597550201e+01	5.706219418e-02	9.037731657e-12
-1.380000000e-02	3.597550230e+01	5.675837172e-02	9.384542352e-12
-1.390000000e-02	3.597550260e+01	5.645454924e-02	1.411832524e-11
-1.400000000e-02	3.597550290e+01	5.615072672e-02	7.996116324e-12
-1.410000000e-02	3.597550320e+01	5.584690417e-02	6.411045256e-12
-1.420000000e-02	3.597550351e+01	5.554308158e-02	1.058206610e-11
-1.430000000e-02	3.597550381e+01	5.523925898e-02	8.308876008e-12
-1.440000000e-02	3.597550412e+01	5.493543633e-02	8.930055771e-12
-1.450000000e-02	3.597550443e+01	5.463161366e-02	1.244452832e-11
-1.460000000e-02	3.597550475e+01	5.432779096e-02	9.221715494e-12
-1.470000000e-02	3.597550507e+01	5.402396823e-02	6.709546984e-12
-1.480000000e-02	3.597550539e+01	5.372014546e-02	7.914021223e-12
-1.490000000e-02	3.597550571e+01	5.341632268e-02	7.547068573e-12
-1.500000000e-02	3.597550603e+01	5.311249985e-02	4.987206234e-12
-1.510000000e-02	3.597550636e+01	5.280867701e-02	1.002036272e-11
-1.520000000e-02	3.597550669e+01	5.250485413e-02	1.090086814e-11
-1.530000000e-02	3.597550702e+01	5.220103121e-02	2.589598116e-12
-1.540000000e-02	3.597550736e+01	5.189720827e-02	5.594600175e-12
-1.550000000e-02	3.597550769e+01	5.159338530e-02	9.758640929e-12
-1.560000000e-02	3.597550803e+01	5.128956230e-02	7.658741396e-12
-1.570000000e-02	3.597550838e+01	5.098573927e-02	1.063043229e-11
-1.580000000e-02	3.597550872e+01	5.068191621e-02	1.175872442e-11
-1.590000000e-02	3.597550907e+01	5.037809313e-02	3.506944057e-12
-1.600000000e-02	3.597550942e+01	5.007427002e-02	7.120533558e-12
-1.610000000e-02	3.597550977e+01	4.977044686e-02	8.700207221e-12
-1.620000000e-02	3.597551013e+01	4.946662369e-02	6.854702205e-12
-1.630000000e-02	3.597551048e+01	4.916280049e-02	4.490450784e-12
-1.640000000e-02	3.597551084e+01	4.885897726e-02	6.221394730e-12
-1.650000000e-02	3.597551121e+01	4.855515399e-02	8.111088323e-12
-1.660000000e-02	3.597551157e+01	4.825133071e-02	1.432156059e-11
-1.670000000e-02	3.597551194e+01	4.794750739e-02	7.917857504e-12
-1.680000000e-02	3.597551231e+01	4.764368404e-02	8.349950004e-12
-1.690000000e-02	3.597551268e+01	4.733986066e-02	2.937344465e-12
-1.700000000e-02	3.597551306e+01	4.703603725e-02	7.572339163e-12
-1.710000000e-02	3.597551344e+01	4.673221382e-02	8.538060887e-12
-1.720000000e-02	3.597551382e+01	4.642839036e-02	6.145477952e-12
-1.730000000e-02	3.597551420e+01	4.612456687e-02	1.086289161e-11
-1.740000000e-02	3.597551459e+01	4.582074335e-02	6.794940018e-12
-1.750000000e-02	3.597551497e+01	4.551691980e-02	5.348086210e-12
-1.760000000e-02	3.597551536e+01	4.521309623e-02	5.608355041e-12
-1.770000000e-02	3.597551576e+01	4.490927262e-02	7.476433307e-12
-1.780000000e-02	3.597551615e+01	4.460544899e-02	1.188441207e-11
-1.790000000e-02	3.597551655e+01	4.430162533e-02	5.720338543e-12
-1.800000000e-02	3.597551695e+01	4.399780165e-02	1.066143689e-11
-1.810000000e-02	3.597551736e+01	4.369397793e-02	7.198954059e-12
-1.820000000e-02	3.597551776e+01	4.339015418e-02	6.167228874e-12
-1.830000000e-02	3.597551817e+01	4.308633041e-02	1.022081729e-11
-1.840000000e-02	3.597551858e+01	4.278250662e-02	1.409183280e-11
-1.850000000e-02	3.597551899e+01	4.247868279e-02	7.119014690e-12
-1.860000000e-02	3.597551941e+01	4.217485894e-02	7.929071966e-12
-1.870000000e-02	3.597551983e+01	4.187103505e-02	8.771514771e-12
-1.880000000e-02	3.597552025e+01	4.156721115e-02	8.185938832e-12
-1.890000000e-02	3.597552067e+01	4.126338721e-02	7.792868412e-12
-1.900000000e-02	3.597552110e+01	4.095956325e-02	4.537693932e-12
-1.910000000e-02	3.597552153e+01	4.065573925e-02	7.257774086e-12
-1.920000000e-02	3.597552196e+01	4.035191524e-02	9.567811487e-12
-1.930000000e-02	3.597552239e+01	4.004809119e-02	1.071011444e-11
-1.940000000e-02	3.597552283e+01	3.974426711e-02	1.287061717e-11
-1.950000000e-02	3.597552327e+01	3.944044302e-02	5.827154699e-12
-1.960000000e-02	3.597552371e+01	3.913661889e-02	6.742758246e-12
-1.970000000e-02	3.597552415e+01	3.883279474e-02	6.103809490e-12
-1.980000000e-02	3.597552460e+01	3.852897056e-02	5.210625423e-12
-1.990000000e-02	3.597552505e+01	3.822514635e-02	6.602377516e-12
-2.000000000e-02	3.597552550e+01	3.792132211e-02	8.379226192e-12
-2.010000000e-02	3.597552596e+01	3.761749785e-02	8.931648049e-12
-2.020000000e-02	3.597552641e+01	3.731367357e-02	1.067670748e-11
-2.030000000e-02	3.597552687e+01	3.700984926e-02	1.010393143e-11
-2.040000000e-02	3.597552733e+01	3.670602492e-02	8.904125195e-12
-2.050000000e-02	3.597552780e+01	3.640220055e-02	6.774795464e-12
-2.060000000e-02	3.597552826e+01	3.609837616e-02	8.687497367e-12
-2.070000000e-02	3.597552873e+01	3.579455174e-02	1.109717029e-11
-2.080000000e-02	3.597552921e+01	3.549072729e-02	1.106387440e-11
-2.090000000e-02	3.597552968e+01	3.518690282e-02	1.148348628e-11
-2.100000000e-02	3.597553016e+01	3.488307832e-02	5.730937667e-12
-2.110000000e-02	3.597553064e+01	3.457925380e-02	9.168394728e-12
-2.120000000e-02	3.597553112e+01	3.427542925e-02	7.343499714e-12
-2.130000000e-02	3.597553160e+01	3.397160467e-02	1.176329604e-11
-2.140000000e-02	3.597553209e+01	3.366778008e-02	1.408590192e-11
-2.150000000e-02	3.597553258e+01	3.336395545e-02	1.191474238e-11
-2.160000000e-02	3.597553307e+01	3.306013080e-02	8.500741979e-12
-2.170000000e-02	3.597553357e+01	3.275630612e-02	1.338582725e-11
-2.180000000e-02	3.597553406e+01	3.245248141e-02	1.433918251e-11
-2.190000000e-02	3.597553456e+01	3.214865668e-02	6.497064584e-12
-2.200000000e-02	3.597553507e+01	3.184483193e-02	9.527402646e-12
-2.210000000e-02	3.597553557e+01	3.154100715e-02	8.597792876e-12
-2.220000000e-02	3.597553608e+01	3.123718234e-02	5.785083357e-12
-2.230000000e-02	3.597553659e+01	3.093335751e-02	1.319023912e-11
-2.240000000e-02	3.597553710e+01	3.062953266e-02	3.497034834e-12
-2.250000000e-02	3.597553762e+01	3.032570778e-02	9.693153712e-12
-2.260000000e-02	3.597553813e+01	3.002188287e-02	9.924332556e-12
-2.270000000e-02	3.597553865e+01	2.971805794e-02	7.039730077e-12
-2.280000000e-02	3.597553918e+01	2.941423299e-02	5.548317740e-12
-2.290000000e-02	3.597553970e+01	2.911040800e-02	6.753310085e-12
-2.300000000e-02	3.597554023e+01	2.880658300e-02	1.116256270e-11
-2.310000000e-02	3.597554076e+01	2.850275797e-02	9.274335389e-12
-2.320000000e-02	3.597554129e+01	2.819893292e-02	6.950370564e-12
-2.330000000e-02	3.597554183e+01	2.789510783e-02	1.023871099e-11
-2.340000000e-02	3.597554237e+01	2.759128273e-02	1.219684431e-11
-2.350000000e-02	3.597554291e+01	2.728745760e-02	4.801650774e-12
-2.360000000e-02	3.597554345e+01	2.698363245e-02	6.263035207e-12
-2.370000000e-02	3.597554400e+01	2.667980727e-02	1.146116704e-11
-2.380000000e-02	3.597554454e+01	2.637598207e-02	1.247673963e-11
-2.390000000e-02	3.597554509e+01	2.607215685e-02	1.017228029e-11
-2.400000000e-02	3.597554565e+01	2.576833159e-02	6.956242851e-12
-2.410000000e-02	3.597554620e+01	2.546450632e-02	5.501691460e-12
-2.420000000e-02	3.597554676e+01	2.516068102e-02	6.981812938e-12
-2.430000000e-02	3.597554732e+01	2.485685570e-02	1.202349608e-11
-2.440000000e-02	3.597554789e+01	2.455303035e-02	1.443765611e-11
-2.450000000e-02	3.597554845e+01	2.424920498e-02	1.186156881e-11
-2.460000000e-02	3.597554902e+01	2.394537959e-02	1.256248264e-11
-2.470000000e-02	3.597554959e+01	2.364155417e-02	6.513243140e-12
-2.480000000e-02	3.597555016e+01	2.333772873e-02	9.227688831e-12
-2.490000000e-02	3.597555074e+01	2.303390326e-02	5.811373404e-12
-2.500000000e-02	3.597555132e+01	2.273007777e-02	9.066031362e-12
-2.510000000e-02	3.597555190e+01	2.242625226e-02	7.075624188e-12
-2.520000000e-02	3.597555248e+01	2.212242673e-02	7.668135742e-12
-2.530000000e-02	3.597555307e+01	2.181860117e-02	1.140701048e-11
-2.540000000e-02	3.597555366e+01	2.151477559e-02	7.515379817e-12
-2.550000000e-02	3.597555425e+01	2.121094998e-02	6.277120656e-12
-2.560000000e-02	3.597555484e+01	2.090712435e-02	6.355897672e-12
-2.570000000e-02	3.597555544e+01	2.060329870e-02	8.139316022e-12
-2.580000000e-02	3.597555604e+01	2.029947302e-02	6.184077817e-12
-2.590000000e-02	3.597555664e+01	1.999564733e-02	7.126743718e-12
-2.600000000e-02	3.597555724e+01	1.969182161e-02	1.007732212e-11
-2.610000000e-02	3.597555785e+01	1.938799587e-02	1.058060805e-11
-2.620000000e-02	3.597555846e+01	1.908417010e-02	8.387619514e-12
-2.630000000e-02	3.597555907e+01	1.878034431e-02	9.106173414e-12
-2.640000000e-02	3.597555969e+01	1.847651849e-02	1.006565027e-11
-2.650000000e-02	3.597556030e+01	1.817269266e-02	4.934684522e-12
-2.660000000e-02	3.597556092e+01	1.786886680e-02	1.033635365e-11
-2.670000000e-02	3.597556154e+01	1.756504093e-02	5.358644807e-12
-2.680000000e-02	3.597556217e+01	1.726121502e-02	5.066628237e-12
-2.690000000e-02	3.597556279e+01	1.695738910e-02	7.674847734e-12
-2.700000000e-02	3.597556342e+01	1.665356316e-02	8.472165072e-12
-2.710000000e-02	3.597556406e+01	1.634973719e-02	7.859080524e-12
-2.720000000e-02	3.597556469e+01	1.604591119e-02	7.414897308e-12
-2.730000000e-02	3.597556533e+01	1.574208518e-02	4.970045360e-12
-2.740000000e-02	3.597556597e+01	1.543825915e-02	6.189797307e-12
-2.750000000e-02	3.597556661e+01	1.513443310e-02	1.320580941e-11
-2.760000000e-02	3.597556725e+01	1.483060701e-02	6.549816941e-12
-2.770000000e-02	3.597556790e+01	1.452678091e-02	1.047479119e-11
-2.780000000e-02	3.597556855e+01	1.422295479e-02	6.142728998e-12
-2.790000000e-02	3.597556920e+01	1.391912865e-02	5.851245296e-12
-2.800000000e-02	3.597556986e+01	1.361530248e-02	1.401284494e-11
-2.810000000e-02	3.597557051e+01	1.331147629e-02	6.995311333e-12
-2.820000000e-02	3.597557117e+01	1.300765008e-02	3.668419777e-12
-2.830000000e-02	3.597557184e+01	1.270382385e-02	4.991894293e-12
-2.840000000e-02	3.597557250e+01	1.239999760e-02	6.759529239e-12
-2.850000000e-02	3.597557317e+01	1.209617133e-02	1.456718558e-11
-2.860000000e-02	3.597557384e+01	1.179234504e-02	1.180433559e-11
-2.870000000e-02	3.597557451e+01	1.148851871e-02	1.060487799e-11
-2.880000000e-02	3.597557519e+01	1.118469238e-02	1.085122338e-11
-2.890000000e-02	3.597557586e+01	1.088086603e-02	9.466477597e-12
-2.900000000e-02	3.597557654e+01	1.057703964e-02	7.492491762e-12
-2.910000000e-02	3.597557723e+01	1.027321325e-02	9.394191459e-12
-2.920000000e-02	3.597557791e+01	9.969386828e-03	1.093125149e-11
-2.930000000e-02	3.597557860e+01	9.665560379e-03	1.062780094e-11
-2.940000000e-02	3.597557929e+01	9.361733919e-03	1.260410762e-11
-2.950000000e-02	3.597557998e+01	9.057907438e-03	8.312800448e-12
-2.960000000e-02	3.597558068e+01	8.754080933e-03	6.473435510e-12
-2.970000000e-02	3.597558138e+01	8.450254407e-03	7.433329968e-12
-2.980000000e-02	3.597558208e+01	8.146427867e-03	1.373129156e-11
-2.990000000e-02	3.597558278e+01	7.842601297e-03	6.108866725e-12
-3.000000000e-02	3.597558348e+01	7.538774712e-03	8.030846994e-12
-3.010000000e-02	3.597558419e+01	7.234948105e-03	7.390151789e-12
-3.020000000e-02	3.597558490e+01	6.931121477e-03	1.072867976e-11
-3.030000000e-02	3.597558562e+01	6.627294833e-03	5.950086096e-12
-3.040000000e-02	3.597558633e+01	6.323468165e-03	1.185883442e-11
-3.050000000e-02	3.597558705e+01	6.019641480e-03	1.237618601e-11
-3.060000000e-02	3.597558777e+01	5.715814775e-03	6.909961514e-12
-3.070000000e-02	3.597558849e+01	5.411988050e-03	6.353313402e-12
-3.080000000e-02	3.597558922e+01	5.108161298e-03	9.710086830e-12
-3.090000000e-02	3.597558995e+01	4.804334536e-03	8.001511898e-12
-3.100000000e-02	3.597559068e+01	4.500507753e-03	1.125343842e-11
-3.110000000e-02	3.597559141e+01	4.196680942e-03	6.405838501e-12
-3.120000000e-02	3.597559215e+01	3.892854114e-03	9.914036124e-12
-3.130000000e-02	3.597559289e+01	3.589027273e-03	5.383574637e-12
-3.140000000e-02	3.597559363e+01	3.285200408e-03	5.329393884e-12
-3.150000000e-02	3.597559437e+01	2.981373523e-03	5.943088125e-12
-3.160000000e-02	3.597559512e+01	2.677546623e-03	9.449695179e-12
-3.170000000e-02	3.597559587e+01	2.373719696e-03	9.277389872e-12
-3.180000000e-02	3.597559662e+01	2.069892759e-03	1.074217282e-11
-3.190000000e-02	3.597559737e+01	1.766065797e-03	1.062592268e-11
-3.200000000e-02	3.597559813e+01	1.462238811e-03	8.708611537e-12
-3.210000000e-02	3.597559889e+01	1.158411811e-03	9.277740673e-12
-3.220000000e-02	3.597559965e+01	8.545847952e-04	1.225557052e-11
-3.230000000e-02	3.597560041e+01	5.507577632e-04	1.146834796e-11
-3.240000000e-02	3.597560118e+01	2.469306998e-04	8.125912235e-12
-3.250000000e-02	3.597560195e+01	-5.689637266e-05	6.628126631e-12
-3.260000000e-02	3.597560272e+01	-3.607234686e-04	8.088236880e-12
-3.270000000e-02	3.597560349e+01	-6.645505826e-04	1.107040661e-11
-3.280000000e-02	3.597560427e+01	-9.683777109e-04	8.776588889e-12
-3.290000000e-02	3.597560505e+01	-1.272204862e-03	1.065258249e-11
-3.300000000e-02	3.597560583e+01	-1.576032026e-03	1.042148520e-11
-3.310000000e-02	3.597560662e+01	-1.879859216e-03	7.289539698e-12
-3.320000000e-02	3.597560740e+01	-2.183686422e-03	6.351742666e-12
-3.330000000e-02	3.597560819e+01	-2.487513641e-03	5.219357936e-12
-3.340000000e-02	3.597560898e+01	-2.791340885e-03	2.208769832e-12
-3.350000000e-02	3.597560978e+01	-3.095168143e-03	7.579773749e-12
-3.360000000e-02	3.597561057e+01	-3.398995419e-03	9.580970259e-12
-3.370000000e-02	3.597561137e+01	-3.702822718e-03	1.170659174e-11
-3.380000000e-02	3.597561218e+01	-4.006650029e-03	1.012169203e-11
-3.390000000e-02	3.597561298e+01	-4.310477364e-03	6.477033819e-12
-3.400000000e-02	3.597561379e+01	-4.614304716e-03	8.590084855e-12
-3.410000000e-02	3.597561460e+01	-4.918132083e-03	9.375421895e-12
-3.420000000e-02	3.597561541e+01	-5.221959466e-03	5.969638270e-12
-3.430000000e-02	3.597561622e+01	-5.525786865e-03	1.047437085e-11
-3.440000000e-02	3.597561704e+01	-5.829614293e-03	1.013164679e-11
-3.450000000e-02	3.597561786e+01	-6.133441731e-03	9.524133783e-12
-3.460000000e-02	3.597561868e+01	-6.437269185e-03	9.335493423e-12
-3.470000000e-02	3.597561951e+01	-6.741096655e-03	1.130492962e-11
-3.480000000e-02	3.597562034e+01	-7.044924149e-03	1.162096736e-11
-3.490000000e-02	3.597562117e+01	-7.348751653e-03	8.109107620e-12
-3.500000000e-02	3.597562200e+01	-7.652579181e-03	8.045605396e-12
-3.510000000e-02	3.597562283e+01	-7.956406721e-03	1.148830606e-11
-3.520000000e-02	3.597562367e+01	-8.260234278e-03	1.164540535e-11
-3.530000000e-02	3.597562451e+01	-8.564061859e-03	5.240797678e-12
-3.540000000e-02	3.597562535e+01	-8.867889452e-03	9.412018544e-12
-3.550000000e-02	3.597562620e+01	-9.171717066e-03	1.265811739e-11
-3.560000000e-02	3.597562705e+01	-9.475544691e-03	8.997620366e-12
-3.570000000e-02	3.597562790e+01	-9.779372338e-03	1.416966108e-11
-3.580000000e-02	3.597562875e+01	-1.008319999e-02	5.759467563e-12
-3.590000000e-02	3.597562960e+01	-1.038702767e-02	1.006435776e-11
-3.600000000e-02	3.597563046e+01	-1.069085537e-02	6.067230154e-12
-3.610000000e-02	3.597563132e+01	-1.099468308e-02	8.322954953e-12
-3.620000000e-02	3.597563219e+01	-1.129851080e-02	1.091097050e-11
-3.630000000e-02	3.597563305e+01	-1.160233855e-02	4.898193183e-12
-3.640000000e-02	3.597563392e+01	-1.190616631e-02	1.203086800e-11
-3.650000000e-02	3.597563479e+01	-1.220999408e-02	7.145742866e-12
-3.660000000e-02	3.597563566e+01	-1.251382187e-02	4.421913650e-12
-3.670000000e-02	3.597563654e+01	-1.281764968e-02	8.076841748e-12
-3.680000000e-02	3.597563742e+01	-1.312147751e-02	9.404713504e-12
-3.690000000e-02	3.597563830e+01	-1.342530535e-02	1.064651935e-11
-3.700000000e-02	3.597563918e+01	-1.372913321e-02	1.258201080e-11
-3.710000000e-02	3.597564007e+01	-1.403296107e-02	7.563514269e-12
-3.720000000e-02	3.597564096e+01	-1.433678896e-02	6.665422490e-12
-3.730000000e-02	3.597564185e+01	-1.464061687e-02	8.943822444e-12
-3.740000000e-02	3.597564274e+01	-1.494444479e-02	9.163053014e-12
-3.750000000e-02	3.597564364e+01	-1.524827273e-02	6.789429182e-12
-3.760000000e-02	3.597564453e+01	-1.555210067e-02	1.157787720e-11
-3.770000000e-02	3.597564544e+01	-1.585592865e-02	1.618518585e-11
-3.780000000e-02	3.597564634e+01	-1.615975662e-02	8.160268868e-12
-3.790000000e-02	3.597564724e+01	-1.646358462e-02	9.733874452e-12
-3.800000000e-02	3.597564815e+01	-1.676741264e-02	6.906980557e-12
-3.810000000e-02	3.597564906e+01	-1.707124066e-02	1.205036889e-11
-3.820000000e-02	3.597564998e+01	-1.737506870e-02	1.174302657e-11
-3.830000000e-02	3.597565089e+01	-1.767889677e-02	7.409680331e-12
-3.840000000e-02	3.597565181e+01	-1.798272484e-02	1.019082618e-11
-3.850000000e-02	3.597565273e+01	-1.828655293e-02	6.035674666e-12
-3.860000000e-02	3.597565366e+01	-1.859038103e-02	1.042778820e-11
-3.870000000e-02	3.597565459e+01	-1.889420915e-02	6.610075020e-12
-3.880000000e-02	3.597565551e+01	-1.919803728e-02	9.865891289e-12
-3.890000000e-02	3.597565645e+01	-1.950186543e-02	6.857131670e-12
-3.900000000e-02	3.597565738e+01	-1.980569360e-02	1.027683748e-11
-3.910000000e-02	3.597565832e+01	-2.010952178e-02	1.179428755e-11
-3.920000000e-02	3.597565926e+01	-2.041334997e-02	8.044271051e-12
-3.930000000e-02	3.597566020e+01	-2.071717817e-02	4.924289347e-12
-3.940000000e-02	3.597566114e+01	-2.102100639e-02	5.788207322e-12
-3.950000000e-02	3.597566209e+01	-2.132483463e-02	1.180414194e-11
-3.960000000e-02	3.597566304e+01	-2.162866287e-02	6.365556588e-12
-3.970000000e-02	3.597566399e+01	-2.193249114e-02	1.061869820e-11
-3.980000000e-02	3.597566494e+01	-2.223631942e-02	1.021054487e-11
-3.990000000e-02	3.597566590e+01	-2.254014771e-02	8.081116015e-12
-4.000000000e-02	3.597566686e+01	-2.284397602e-02	1.022711674e-11
-4.010000000e-02	3.597566782e+01	-2.314780434e-02	1.013054913e-11
-4.020000000e-02	3.597566879e+01	-2.345163267e-02	7.900797323e-12
-4.030000000e-02	3.597566975e+01	-2.375546103e-02	1.155615542e-11
-4.040000000e-02	3.597567072e+01	-2.405928938e-02	7.388014547e-12
-4.050000000e-02	3.597567170e+01	-2.436311776e-02	5.489796325e-12
-4.060000000e-02	3.597567267e+01	-2.466694615e-02	9.639723135e-12
-4.070000000e-02	3.597567365e+01	-2.497077455e-02	8.993200453e-12
-4.080000000e-02	3.597567463e+01	-2.527460297e-02	9.167336904e-12
-4.090000000e-02	3.597567561e+01	-2.557843140e-02	6.375838664e-12
-4.100000000e-02	3.597567659e+01	-2.588225984e-02	9.389155266e-12
-4.110000000e-02	3.597567758e+01	-2.618608830e-02	8.947593405e-12
-4.120000000e-02	3.597567857e+01	-2.648991677e-02	5.385552741e-12
-4.130000000e-02	3.597567956e+01	-2.679374525e-02	1.337308167e-11
-4.140000000e-02	3.597568056e+01	-2.709757375e-02	8.548414174e-12
-4.150000000e-02	3.597568156e+01	-2.740140227e-02	8.583932481e-12
-4.160000000e-02	3.597568256e+01	-2.770523079e-02	5.666590439e-12
-4.170000000e-02	3.597568356e+01	-2.800905932e-02	8.166452321e-12
-4.180000000e-02	3.597568456e+01	-2.831288788e-02	1.539537050e-11
-4.190000000e-02	3.597568557e+01	-2.861671643e-02	1.114113833e-11
-4.200000000e-02	3.597568658e+01	-2.892054502e-02	1.202632118e-11
-4.210000000e-02	3.597568760e+01	-2.922437360e-02	9.334190196e-12
-4.220000000e-02	3.597568861e+01	-2.952820220e-02	5.644236376e-12
-4.230000000e-02	3.597568963e+01	-2.983203082e-02	6.753944820e-12
-4.240000000e-02	3.597569065e+01	-3.013585944e-02	7.739457204e-12
-4.250000000e-02	3.597569167e+01	-3.043968807e-02	9.564640782e-12
-4.260000000e-02	3.597569270e+01	-3.074351672e-02	9.747278610e-12
-4.270000000e-02	3.597569372e+01	-3.104734539e-02	1.005604016e-11
-4.280000000e-02	3.597569476e+01	-3.135117407e-02	7.494848994e-12
-4.290000000e-02	3.597569579e+01	-3.165500275e-02	5.261519539e-12
-4.300000000e-02	3.597569682e+01	-3.195883146e-02	1.134665530e-11
-4.310000000e-02	3.597569786e+01	-3.226266016e-02	4.155542270e-12
-4.320000000e-02	3.597569890e+01	-3.256648889e-02	9.034011060e-12
-4.330000000e-02	3.597569995e+01	-3.287031762e-02	4.557648860e-12
-4.340000000e-02	3.597570099e+01	-3.317414638e-02	6.522591349e-12
-4.350000000e-02	3.597570204e+01	-3.347797513e-02	1.015441744e-11
-4.360000000e-02	3.597570309e+01	-3.378180391e-02	6.124035652e-12
-4.370000000e-02	3.597570414e+01	-3.408563269e-02	1.183498558e-11
-4.380000000e-02	3.597570520e+01	-3.438946148e-02	9.562761570e-12
-4.390000000e-02	3.597570626e+01	-3.469329029e-02	1.013020047e-11
-4.400000000e-02	3.597570732e+01	-3.499711911e-02	7.717391450e-12
-4.410000000e-02	3.597570838e+01	-3.530094794e-02	6.181035978e-12
-4.420000000e-02	3.597570945e+01	-3.560477678e-02	5.831086089e-12
-4.430000000e-02	3.597571052e+01	-3.590860563e-02	7.978724686e-12
-4.440000000e-02	3.597571159e+01	-3.621243450e-02	6.895069734e-12
-4.450000000e-02	3.597571266e+01	-3.651626337e-02	6.417001804e-12
-4.460000000e-02	3.597571374e+01	-3.682009226e-02	7.162144447e-12
-4.470000000e-02	3.597571482e+01	-3.712392115e-02	4.561264370e-12
-4.480000000e-02	3.597571590e+01	-3.742775007e-02	7.600084398e-12
-4.490000000e-02	3.597571698e+01	-3.773157898e-02	7.015497702e-12
-4.500000000e-02	3.597571807e+01	-3.803540792e-02	1.085964229e-11
-4.510000000e-02	3.597571916e+01	-3.833923686e-02	1.449154395e-11
-4.520000000e-02	3.597572025e+01	-3.864306581e-02	5.397158093e-12
-4.530000000e-02	3.597572134e+01	-3.894689477e-02	5.387058624e-12
-4.540000000e-02	3.597572244e+01	-3.925072374e-02	7.187337392e-12
-4.550000000e-02	3.597572354e+01	-3.955455273e-02	7.180942181e-12
-4.560000000e-02	3.597572464e+01	-3.985838172e-02	1.107900665e-11
-4.570000000e-02	3.597572575e+01	-4.016221073e-02	4.395688792e-12
-4.580000000e-02	3.597572685e+01	-4.046603975e-02	9.824989355e-12
-4.590000000e-02	3.597572796e+01	-4.076986877e-02	7.949623246e-12
-4.600000000e-02	3.597572907e+01	-4.107369780e-02	6.696072945e-12
-4.610000000e-02	3.597573019e+01	-4.137752685e-02	7.258748335e-12
-4.620000000e-02	3.597573131e+01	-4.168135591e-02	5.159664528e-12
-4.630000000e-02	3.597573242e+01	-4.198518498e-02	1.379228566e-11
-4.640000000e-02	3.597573355e+01	-4.228901406e-02	1.338102680e-11
-4.650000000e-02	3.597573467e+01	-4.259284314e-02	8.594345878e-12
-4.660000000e-02	3.597573580e+01	-4.289667223e-02	5.067306342e-12
-4.670000000e-02	3.597573693e+01	-4.320050134e-02	1.064657316e-11
-4.680000000e-02	3.597573806e+01	-4.350433046e-02	1.170884819e-11
-4.690000000e-02	3.597573919e+01	-4.380815958e-02	1.227978084e-11
-4.700000000e-02	3.597574033e+01	-4.411198872e-02	9.519851633e-12
-4.710000000e-02	3.597574147e+01	-4.441581787e-02	1.202771967e-11
-4.720000000e-02	3.597574261e+01	-4.471964702e-02	7.857488654e-12
-4.730000000e-02	3.597574376e+01	-4.502347619e-02	1.079474182e-11
-4.740000000e-02	3.597574491e+01	-4.532730536e-02	1.309683338e-11
-4.750000000e-02	3.597574606e+01	-4.563113454e-02	1.058913400e-11
-4.760000000e-02	3.597574721e+01	-4.593496374e-02	9.793006481e-12
-4.770000000e-02	3.597574836e+01	-4.623879293e-02	1.282326809e-11
-4.780000000e-02	3.597574952e+01	-4.654262215e-02	6.178911600e-12
-4.790000000e-02	3.597575068e+01	-4.684645137e-02	1.206548689e-11
-4.800000000e-02	3.597575184e+01	-4.715028059e-02	8.589729841e-12
-4.810000000e-02	3.597575301e+01	-4.745410984e-02	9.675654520e-12
-4.820000000e-02	3.597575418e+01	-4.775793908e-02	6.755855984e-12
-4.830000000e-02	3.597575535e+01	-4.806176834e-02	7.162893942e-12
-4.840000000e-02	3.597575652e+01	-4.836559760e-02	8.830824960e-12
-4.850000000e-02	3.597575769e+01	-4.866942687e-02	1.296303203e-11
-4.860000000e-02	3.597575887e+01	-4.897325616e-02	6.575878968e-12
-4.870000000e-02	3.597576005e+01	-4.927708544e-02	1.337815821e-11
-4.880000000e-02	3.597576124e+01	-4.958091475e-02	5.749391107e-12
-4.890000000e-02	3.597576242e+01	-4.988474405e-02	5.650117087e-12
-4.900000000e-02	3.597576361e+01	-5.018857337e-02	4.944167803e-12
-4.910000000e-02	3.597576480e+01	-5.049240269e-02	3.846711286e-12
-4.920000000e-02	3.597576599e+01	-5.079623203e-02	9.733089809e-12
-4.930000000e-02	3.597576719e+01	-5.110006137e-02	1.308081870e-11
-4.940000000e-02	3.597576839e+01	-5.140389072e-02	6.581201027e-12
-4.950000000e-02	3.597576959e+01	-5.170772008e-02	9.100435296e-12
-4.960000000e-02	3.597577079e+01	-5.201154943e-02	1.903288169e-11
-4.970000000e-02	3.597577200e+01	-5.231537881e-02	9.484670333e-12
-4.980000000e-02	3.597577320e+01	-5.261920819e-02	1.340999311e-11
-4.990000000e-02	3.597577442e+01	-5.292303758e-02	9.270085385e-12
-5.000000000e-02	3.597577563e+01	-5.322686698e-02	1.097268516e-11
