# epsi_ci     Re(Lambda)      Im(Lambda)      Eq(det), R = 0.10 $\mu$m, $E_p$ = 0.900 eV, modo = 2, $\epsilon_\infty$ = 3.9, $\gamma_{DL}$ = 0.01 eV, solve_det_sinkz_vs_mu.py
0.000000000e+00	2.722265671e+00	2.986870852e-02	5.119892512e-12
-1.000000000e-03	2.722273352e+00	2.951974211e-02	7.028625130e-12
-2.000000000e-03	2.722281078e+00	2.917077573e-02	6.561265636e-12
-3.000000000e-03	2.722288849e+00	2.882180938e-02	6.558658619e-12
-4.000000000e-03	2.722296664e+00	2.847284309e-02	7.146606866e-12
-5.000000000e-03	2.722304524e+00	2.812387685e-02	7.509942807e-12
-6.000000000e-03	2.722312429e+00	2.777491071e-02	1.106755309e-11
-7.000000000e-03	2.722320378e+00	2.742594467e-02	9.104622570e-12
-8.000000000e-03	2.722328373e+00	2.707697875e-02	6.654845621e-12
-9.000000000e-03	2.722336412e+00	2.672801297e-02	8.234966037e-12
-1.000000000e-02	2.722344495e+00	2.637904734e-02	5.848818971e-12
-1.100000000e-02	2.722352624e+00	2.603008189e-02	7.599727863e-12
-1.200000000e-02	2.722360797e+00	2.568111662e-02	8.151340689e-12
-1.300000000e-02	2.722369015e+00	2.533215157e-02	9.844150835e-12
-1.400000000e-02	2.722377278e+00	2.498318673e-02	1.129074249e-11
-1.500000000e-02	2.722385586e+00	2.463422213e-02	8.768697087e-12
-1.600000000e-02	2.722393938e+00	2.428525780e-02	1.452799115e-11
-1.700000000e-02	2.722402335e+00	2.393629374e-02	1.072378135e-11
-1.800000000e-02	2.722410777e+00	2.358732997e-02	6.334498023e-12
-1.900000000e-02	2.722419264e+00	2.323836651e-02	7.550751280e-12
-2.000000000e-02	2.722427795e+00	2.288940338e-02	5.137630871e-12
-2.100000000e-02	2.722436371e+00	2.254044060e-02	6.641812156e-12
-2.200000000e-02	2.722444992e+00	2.219147817e-02	9.677009938e-12
-2.300000000e-02	2.722453658e+00	2.184251613e-02	1.060683903e-11
-2.400000000e-02	2.722462368e+00	2.149355447e-02	2.799320800e-12
-2.500000000e-02	2.722471123e+00	2.114459324e-02	6.580242513e-12
-2.600000000e-02	2.722479923e+00	2.079563242e-02	7.041064504e-12
-2.700000000e-02	2.722488768e+00	2.044667207e-02	7.425521073e-12
-2.800000000e-02	2.722497657e+00	2.009771217e-02	8.150626455e-12
-2.900000000e-02	2.722506591e+00	1.974875276e-02	7.879852646e-12
-3.000000000e-02	2.722515570e+00	1.939979384e-02	4.237038366e-12
-3.100000000e-02	2.722524594e+00	1.905083544e-02	9.247677026e-12
-3.200000000e-02	2.722533662e+00	1.870187758e-02	9.594202085e-12
-3.300000000e-02	2.722542775e+00	1.835292026e-02	9.940088975e-12
-3.400000000e-02	2.722551933e+00	1.800396352e-02	4.356439920e-12
-3.500000000e-02	2.722561136e+00	1.765500736e-02	9.428219416e-12
-3.600000000e-02	2.722570383e+00	1.730605180e-02	5.281266389e-12
-3.700000000e-02	2.722579675e+00	1.695709686e-02	1.016022091e-11
-3.800000000e-02	2.722589012e+00	1.660814256e-02	9.035103595e-12
-3.900000000e-02	2.722598394e+00	1.625918891e-02	7.757799073e-12
-4.000000000e-02	2.722607820e+00	1.591023594e-02	5.213566836e-12
-4.100000000e-02	2.722617291e+00	1.556128364e-02	7.302003691e-12
-4.200000000e-02	2.722626807e+00	1.521233206e-02	9.961929373e-12
-4.300000000e-02	2.722636368e+00	1.486338120e-02	7.954650620e-12
-4.400000000e-02	2.722645973e+00	1.451443108e-02	7.949643183e-12
-4.500000000e-02	2.722655623e+00	1.416548172e-02	1.283205726e-11
-4.600000000e-02	2.722665318e+00	1.381653312e-02	1.124440670e-11
-4.700000000e-02	2.722675058e+00	1.346758533e-02	4.871367903e-12
-4.800000000e-02	2.722684842e+00	1.311863834e-02	4.062897167e-12
-4.900000000e-02	2.722694671e+00	1.276969218e-02	9.129524344e-12
-5.000000000e-02	2.722704545e+00	1.242074686e-02	8.098957479e-12
-5.100000000e-02	2.722714463e+00	1.207180240e-02	9.323482215e-12
-5.200000000e-02	2.722724427e+00	1.172285882e-02	1.298453874e-11
-5.300000000e-02	2.722734435e+00	1.137391613e-02	9.767739562e-12
-5.400000000e-02	2.722744488e+00	1.102497436e-02	7.081238394e-12
-5.500000000e-02	2.722754585e+00	1.067603351e-02	3.322016944e-12
-5.600000000e-02	2.722764727e+00	1.032709361e-02	8.023977729e-12
-5.700000000e-02	2.722774914e+00	9.978154676e-03	9.295673982e-12
-5.800000000e-02	2.722785146e+00	9.629216724e-03	7.849801913e-12
-5.900000000e-02	2.722795422e+00	9.280279765e-03	2.094240703e-12
-6.000000000e-02	2.722805744e+00	8.931343820e-03	6.875018807e-12
-6.100000000e-02	2.722816110e+00	8.582408915e-03	1.117259497e-11
-6.200000000e-02	2.722826520e+00	8.233475052e-03	7.384123101e-12
-6.300000000e-02	2.722836976e+00	7.884542260e-03	5.665042802e-12
-6.400000000e-02	2.722847476e+00	7.535610548e-03	5.334547230e-12
-6.500000000e-02	2.722858021e+00	7.186679945e-03	7.999173917e-12
-6.600000000e-02	2.722868610e+00	6.837750452e-03	5.846356718e-12
-6.700000000e-02	2.722879245e+00	6.488822101e-03	7.644526047e-12
-6.800000000e-02	2.722889924e+00	6.139894895e-03	1.133789649e-11
-6.900000000e-02	2.722900648e+00	5.790968863e-03	6.676328054e-12
-7.000000000e-02	2.722911416e+00	5.442044022e-03	7.642568802e-12
-7.100000000e-02	2.722922229e+00	5.093120375e-03	8.213189128e-12
-7.200000000e-02	2.722933087e+00	4.744197959e-03	5.089670532e-12
-7.300000000e-02	2.722943990e+00	4.395276781e-03	8.322810819e-12
-7.400000000e-02	2.722954937e+00	4.046356851e-03	5.874493702e-12
-7.500000000e-02	2.722965930e+00	3.697438204e-03	9.690737138e-12
-7.600000000e-02	2.722976967e+00	3.348520842e-03	1.023604556e-11
-7.700000000e-02	2.722988048e+00	2.999604784e-03	8.595373252e-12
-7.800000000e-02	2.722999174e+00	2.650690055e-03	4.802128000e-12
-7.900000000e-02	2.723010346e+00	2.301776666e-03	6.287509476e-12
-8.000000000e-02	2.723021561e+00	1.952864636e-03	8.177761276e-12
-8.100000000e-02	2.723032822e+00	1.603953987e-03	8.945612708e-12
-8.200000000e-02	2.723044127e+00	1.255044724e-03	8.117137988e-12
-8.300000000e-02	2.723055477e+00	9.061368742e-04	9.653460496e-12
-8.400000000e-02	2.723066872e+00	5.572304571e-04	4.290341278e-12
-8.500000000e-02	2.723078311e+00	2.083254735e-04	1.129341154e-11
-8.600000000e-02	2.723089795e+00	-1.405780340e-04	6.447980808e-12
-8.700000000e-02	2.723101324e+00	-4.894800692e-04	8.785156623e-12
-8.800000000e-02	2.723112897e+00	-8.383806099e-04	5.733600164e-12
-8.900000000e-02	2.723124516e+00	-1.187279643e-03	1.261262645e-11
-9.000000000e-02	2.723136179e+00	-1.536177130e-03	7.513990661e-12
-9.100000000e-02	2.723147886e+00	-1.885073084e-03	8.117058867e-12
-9.200000000e-02	2.723159639e+00	-2.233967465e-03	5.902746912e-12
-9.300000000e-02	2.723171436e+00	-2.582860265e-03	8.326202451e-12
-9.400000000e-02	2.723183277e+00	-2.931751464e-03	6.250328702e-12
-9.500000000e-02	2.723195164e+00	-3.280641047e-03	4.568755486e-12
-9.600000000e-02	2.723207095e+00	-3.629529000e-03	8.636307928e-12
-9.700000000e-02	2.723219071e+00	-3.978415302e-03	6.556288680e-12
-9.800000000e-02	2.723231092e+00	-4.327299932e-03	9.215201215e-12
-9.900000000e-02	2.723243157e+00	-4.676182875e-03	7.580047021e-12
-1.000000000e-01	2.723255267e+00	-5.025064121e-03	6.867308212e-12
-1.010000000e-01	2.723267422e+00	-5.373943646e-03	7.672225712e-12
-1.020000000e-01	2.723279621e+00	-5.722821433e-03	9.177042790e-12
-1.030000000e-01	2.723291865e+00	-6.071697473e-03	6.641212205e-12
-1.040000000e-01	2.723304154e+00	-6.420571732e-03	4.841069692e-12
-1.050000000e-01	2.723316487e+00	-6.769444206e-03	7.883236707e-12
-1.060000000e-01	2.723328866e+00	-7.118314876e-03	7.811326387e-12
-1.070000000e-01	2.723341288e+00	-7.467183729e-03	6.411882579e-12
-1.080000000e-01	2.723353756e+00	-7.816050728e-03	1.464087196e-11
-1.090000000e-01	2.723366268e+00	-8.164915880e-03	1.260623640e-11
-1.100000000e-01	2.723378825e+00	-8.513779160e-03	7.109890713e-12
-1.110000000e-01	2.723391427e+00	-8.862640552e-03	7.939858709e-12
-1.120000000e-01	2.723404073e+00	-9.211500023e-03	7.433806368e-12
-1.130000000e-01	2.723416764e+00	-9.560357579e-03	6.575813621e-12
-1.140000000e-01	2.723429500e+00	-9.909213189e-03	3.419868787e-12
-1.150000000e-01	2.723442280e+00	-1.025806684e-02	9.253577399e-12
-1.160000000e-01	2.723455105e+00	-1.060691852e-02	1.470885772e-11
-1.170000000e-01	2.723467975e+00	-1.095576819e-02	6.406732089e-12
-1.180000000e-01	2.723480889e+00	-1.130461586e-02	6.732325826e-12
-1.190000000e-01	2.723493849e+00	-1.165346150e-02	1.045369269e-11
-1.200000000e-01	2.723506852e+00	-1.200230509e-02	7.883287206e-12
-1.210000000e-01	2.723519901e+00	-1.235114663e-02	4.817483591e-12
-1.220000000e-01	2.723532994e+00	-1.269998608e-02	4.213941959e-12
-1.230000000e-01	2.723546132e+00	-1.304882344e-02	4.673664703e-12
-1.240000000e-01	2.723559314e+00	-1.339765868e-02	7.113322750e-12
-1.250000000e-01	2.723572541e+00	-1.374649179e-02	8.687661114e-12
-1.260000000e-01	2.723585813e+00	-1.409532275e-02	6.178863795e-12
-1.270000000e-01	2.723599130e+00	-1.444415155e-02	6.857900952e-12
-1.280000000e-01	2.723612491e+00	-1.479297817e-02	7.423849024e-12
-1.290000000e-01	2.723625897e+00	-1.514180258e-02	7.438069703e-12
-1.300000000e-01	2.723639347e+00	-1.549062477e-02	9.518124535e-12
-1.310000000e-01	2.723652842e+00	-1.583944474e-02	8.542648437e-12
-1.320000000e-01	2.723666382e+00	-1.618826245e-02	1.020512030e-11
-1.330000000e-01	2.723679967e+00	-1.653707790e-02	6.033547125e-12
-1.340000000e-01	2.723693596e+00	-1.688589106e-02	6.258671470e-12
-1.350000000e-01	2.723707269e+00	-1.723470192e-02	7.886179917e-12
-1.360000000e-01	2.723720988e+00	-1.758351045e-02	7.658363350e-12
-1.370000000e-01	2.723734751e+00	-1.793231666e-02	8.360332699e-12
-1.380000000e-01	2.723748559e+00	-1.828112050e-02	2.519359826e-12
-1.390000000e-01	2.723762411e+00	-1.862992198e-02	4.294473225e-12
-1.400000000e-01	2.723776308e+00	-1.897872107e-02	5.308684953e-12
-1.410000000e-01	2.723790250e+00	-1.932751775e-02	5.677172636e-12
-1.420000000e-01	2.723804236e+00	-1.967631202e-02	9.076625820e-12
-1.430000000e-01	2.723818267e+00	-2.002510383e-02	5.463540596e-12
-1.440000000e-01	2.723832343e+00	-2.037389320e-02	9.355680832e-12
-1.450000000e-01	2.723846463e+00	-2.072268010e-02	8.720349414e-12
-1.460000000e-01	2.723860628e+00	-2.107146449e-02	3.747496280e-12
-1.470000000e-01	2.723874837e+00	-2.142024639e-02	4.894115715e-12
-1.480000000e-01	2.723889092e+00	-2.176902576e-02	7.680684996e-12
-1.490000000e-01	2.723903390e+00	-2.211780258e-02	8.622500991e-12
-1.500000000e-01	2.723917734e+00	-2.246657685e-02	6.093579044e-12
-1.510000000e-01	2.723932122e+00	-2.281534854e-02	8.668358294e-12
-1.520000000e-01	2.723946555e+00	-2.316411764e-02	1.058787223e-11
-1.530000000e-01	2.723961032e+00	-2.351288413e-02	3.792656843e-12
-1.540000000e-01	2.723975554e+00	-2.386164799e-02	6.622397197e-12
-1.550000000e-01	2.723990121e+00	-2.421040921e-02	3.996371309e-12
-1.560000000e-01	2.724004732e+00	-2.455916776e-02	1.158079870e-11
-1.570000000e-01	2.724019388e+00	-2.490792363e-02	1.002328936e-11
-1.580000000e-01	2.724034088e+00	-2.525667682e-02	6.783849237e-12
-1.590000000e-01	2.724048833e+00	-2.560542728e-02	5.373181511e-12
-1.600000000e-01	2.724063623e+00	-2.595417502e-02	1.211338156e-11
-1.610000000e-01	2.724078457e+00	-2.630292001e-02	4.922408484e-12
-1.620000000e-01	2.724093336e+00	-2.665166224e-02	7.788424020e-12
-1.630000000e-01	2.724108260e+00	-2.700040168e-02	5.063772092e-12
-1.640000000e-01	2.724123228e+00	-2.734913833e-02	8.549246554e-12
-1.650000000e-01	2.724138240e+00	-2.769787216e-02	5.410877571e-12
-1.660000000e-01	2.724153298e+00	-2.804660316e-02	3.492470391e-12
-1.670000000e-01	2.724168400e+00	-2.839533130e-02	5.866982853e-12
-1.680000000e-01	2.724183546e+00	-2.874405659e-02	6.332496276e-12
-1.690000000e-01	2.724198737e+00	-2.909277898e-02	5.294422123e-12
-1.700000000e-01	2.724213973e+00	-2.944149848e-02	4.125931790e-12
-1.710000000e-01	2.724229254e+00	-2.979021506e-02	3.792191951e-12
-1.720000000e-01	2.724244578e+00	-3.013892870e-02	1.048561291e-11
-1.730000000e-01	2.724259948e+00	-3.048763939e-02	3.754054919e-12
-1.740000000e-01	2.724275362e+00	-3.083634712e-02	3.789336248e-12
-1.750000000e-01	2.724290821e+00	-3.118505185e-02	1.045087637e-11
-1.760000000e-01	2.724306324e+00	-3.153375359e-02	8.857248144e-12
-1.770000000e-01	2.724321872e+00	-3.188245230e-02	6.751587321e-12
-1.780000000e-01	2.724337464e+00	-3.223114798e-02	6.203735736e-12
-1.790000000e-01	2.724353102e+00	-3.257984060e-02	7.161134605e-12
-1.800000000e-01	2.724368783e+00	-3.292853015e-02	7.440477080e-12
-1.810000000e-01	2.724384509e+00	-3.327721661e-02	1.202214920e-11
-1.820000000e-01	2.724400280e+00	-3.362589997e-02	8.435369150e-12
-1.830000000e-01	2.724416096e+00	-3.397458020e-02	8.423370766e-12
-1.840000000e-01	2.724431955e+00	-3.432325730e-02	9.340445080e-12
-1.850000000e-01	2.724447860e+00	-3.467193123e-02	5.751551075e-12
-1.860000000e-01	2.724463809e+00	-3.502060200e-02	6.055142420e-12
-1.870000000e-01	2.724479803e+00	-3.536926957e-02	9.367761684e-12
-1.880000000e-01	2.724495841e+00	-3.571793394e-02	1.041212765e-11
-1.890000000e-01	2.724511924e+00	-3.606659508e-02	8.551930561e-12
-1.900000000e-01	2.724528051e+00	-3.641525298e-02	5.368641917e-12
-1.910000000e-01	2.724544223e+00	-3.676390761e-02	1.310660570e-11
-1.920000000e-01	2.724560439e+00	-3.711255898e-02	6.949023011e-12
-1.930000000e-01	2.724576700e+00	-3.746120705e-02	1.034494484e-11
-1.940000000e-01	2.724593006e+00	-3.780985181e-02	3.813846596e-12
-1.950000000e-01	2.724609356e+00	-3.815849324e-02	6.651715227e-12
-1.960000000e-01	2.724625750e+00	-3.850713133e-02	8.357478900e-12
-1.970000000e-01	2.724642190e+00	-3.885576607e-02	6.085364118e-12
-1.980000000e-01	2.724658673e+00	-3.920439742e-02	6.429535086e-12
-1.990000000e-01	2.724675201e+00	-3.955302537e-02	6.985227320e-12
-2.000000000e-01	2.724691774e+00	-3.990164991e-02	1.016222913e-11
-2.010000000e-01	2.724708392e+00	-4.025027103e-02	9.361371437e-12
-2.020000000e-01	2.724725053e+00	-4.059888869e-02	6.544910084e-12
-2.030000000e-01	2.724741760e+00	-4.094750290e-02	7.023194258e-12
-2.040000000e-01	2.724758511e+00	-4.129611362e-02	6.983939696e-12
-2.050000000e-01	2.724775306e+00	-4.164472085e-02	3.638890183e-12
-2.060000000e-01	2.724792146e+00	-4.199332456e-02	8.463509325e-12
-2.070000000e-01	2.724809031e+00	-4.234192474e-02	1.037751241e-11
-2.080000000e-01	2.724825960e+00	-4.269052138e-02	9.850426446e-12
-2.090000000e-01	2.724842933e+00	-4.303911445e-02	5.388978829e-12
-2.100000000e-01	2.724859951e+00	-4.338770394e-02	9.328252166e-12
-2.110000000e-01	2.724877014e+00	-4.373628982e-02	9.225814004e-12
-2.120000000e-01	2.724894121e+00	-4.408487209e-02	9.449655008e-12
-2.130000000e-01	2.724911272e+00	-4.443345074e-02	7.331850582e-12
-2.140000000e-01	2.724928468e+00	-4.478202572e-02	1.171819224e-11
-2.150000000e-01	2.724945709e+00	-4.513059704e-02	1.065426943e-11
-2.160000000e-01	2.724962994e+00	-4.547916468e-02	8.538966239e-12
-2.170000000e-01	2.724980324e+00	-4.582772861e-02	8.449048269e-12
-2.180000000e-01	2.724997698e+00	-4.617628883e-02	5.513866848e-12
-2.190000000e-01	2.725015116e+00	-4.652484531e-02	3.449544350e-12
-2.200000000e-01	2.725032579e+00	-4.687339804e-02	8.925309186e-12
-2.210000000e-01	2.725050087e+00	-4.722194700e-02	6.351338517e-12
-2.220000000e-01	2.725067639e+00	-4.757049218e-02	9.199907294e-12
-2.230000000e-01	2.725085236e+00	-4.791903355e-02	6.780216419e-12
-2.240000000e-01	2.725102877e+00	-4.826757110e-02	5.118182749e-12
-2.250000000e-01	2.725120562e+00	-4.861610482e-02	1.028094769e-11
-2.260000000e-01	2.725138292e+00	-4.896463467e-02	7.938890846e-12
-2.270000000e-01	2.725156066e+00	-4.931316067e-02	8.043338147e-12
-2.280000000e-01	2.725173885e+00	-4.966168277e-02	7.565471919e-12
-2.290000000e-01	2.725191749e+00	-5.001020096e-02	8.989538090e-12
-2.300000000e-01	2.725209657e+00	-5.035871525e-02	1.213412629e-11
-2.310000000e-01	2.725227609e+00	-5.070722558e-02	8.220073357e-12
-2.320000000e-01	2.725245606e+00	-5.105573196e-02	3.528199124e-12
-2.330000000e-01	2.725263647e+00	-5.140423437e-02	5.453570611e-12
-2.340000000e-01	2.725281733e+00	-5.175273279e-02	8.418666692e-12
-2.350000000e-01	2.725299863e+00	-5.210122721e-02	1.010303247e-11
-2.360000000e-01	2.725318037e+00	-5.244971759e-02	1.174515892e-11
-2.370000000e-01	2.725336256e+00	-5.279820394e-02	7.437724085e-12
-2.380000000e-01	2.725354520e+00	-5.314668623e-02	1.045474924e-11
-2.390000000e-01	2.725372828e+00	-5.349516446e-02	1.145407426e-11
-2.400000000e-01	2.725391180e+00	-5.384363858e-02	4.010840397e-12
-2.410000000e-01	2.725409577e+00	-5.419210860e-02	5.578763391e-12
-2.420000000e-01	2.725428018e+00	-5.454057449e-02	1.042162541e-11
-2.430000000e-01	2.725446504e+00	-5.488903625e-02	7.618065293e-12
-2.440000000e-01	2.725465034e+00	-5.523749383e-02	9.400695789e-12
-2.450000000e-01	2.725483609e+00	-5.558594726e-02	1.274069698e-11
-2.460000000e-01	2.725502228e+00	-5.593439648e-02	9.475068855e-12
-2.470000000e-01	2.725520891e+00	-5.628284149e-02	8.579318721e-12
-2.480000000e-01	2.725539599e+00	-5.663128228e-02	4.353434495e-12
-2.490000000e-01	2.725558351e+00	-5.697971882e-02	8.764812769e-12
-2.500000000e-01	2.725577148e+00	-5.732815111e-02	7.866176929e-12
