# epsi_ci     Re(Lambda)      Im(Lambda)      Eq(det), R = 0.10 $\mu$m, $E_p$ = 0.900 eV, modo = 2, $\epsilon_\infty$ = 3.9, $\gamma_{DL}$ = 0.01 eV, solve_det_sinkz_vs_mu.py
0.000000000e+00	2.722265671e+00	2.986870852e-02	5.749207642e-12
-1.000000000e-03	2.722273352e+00	2.951974211e-02	9.916153707e-12
-2.000000000e-03	2.722281078e+00	2.917077573e-02	8.898128051e-12
-3.000000000e-03	2.722288849e+00	2.882180938e-02	9.863643543e-12
-4.000000000e-03	2.722296664e+00	2.847284308e-02	7.614852122e-12
-5.000000000e-03	2.722304524e+00	2.812387685e-02	5.567384419e-12
-6.000000000e-03	2.722312429e+00	2.777491071e-02	1.055309660e-11
-7.000000000e-03	2.722320378e+00	2.742594467e-02	6.712687874e-12
-8.000000000e-03	2.722328373e+00	2.707697875e-02	8.617863393e-12
-9.000000000e-03	2.722336412e+00	2.672801297e-02	8.303517900e-12
-1.000000000e-02	2.722344495e+00	2.637904734e-02	1.362905601e-11
-1.100000000e-02	2.722352624e+00	2.603008189e-02	7.707552294e-12
-1.200000000e-02	2.722360797e+00	2.568111662e-02	8.947660950e-12
-1.300000000e-02	2.722369015e+00	2.533215156e-02	1.057604013e-11
-1.400000000e-02	2.722377278e+00	2.498318673e-02	7.266370438e-12
-1.500000000e-02	2.722385586e+00	2.463422213e-02	6.301189647e-12
-1.600000000e-02	2.722393938e+00	2.428525780e-02	6.289147384e-12
-1.700000000e-02	2.722402335e+00	2.393629374e-02	2.924619832e-12
-1.800000000e-02	2.722410777e+00	2.358732997e-02	8.447972001e-12
-1.900000000e-02	2.722419264e+00	2.323836651e-02	5.915588634e-12
-2.000000000e-02	2.722427795e+00	2.288940338e-02	1.196264595e-11
-2.100000000e-02	2.722436371e+00	2.254044060e-02	1.871615174e-11
-2.200000000e-02	2.722444992e+00	2.219147817e-02	1.141732232e-11
-2.300000000e-02	2.722453658e+00	2.184251613e-02	8.752553360e-12
-2.400000000e-02	2.722462368e+00	2.149355447e-02	1.096064697e-11
-2.500000000e-02	2.722471123e+00	2.114459324e-02	8.347998980e-12
-2.600000000e-02	2.722479923e+00	2.079563243e-02	8.727473915e-12
-2.700000000e-02	2.722488768e+00	2.044667206e-02	8.251618138e-12
-2.800000000e-02	2.722497657e+00	2.009771217e-02	3.661407462e-12
-2.900000000e-02	2.722506591e+00	1.974875276e-02	6.741212602e-12
-3.000000000e-02	2.722515570e+00	1.939979384e-02	9.186288981e-12
-3.100000000e-02	2.722524594e+00	1.905083544e-02	6.986814794e-12
-3.200000000e-02	2.722533662e+00	1.870187758e-02	7.564131561e-12
-3.300000000e-02	2.722542775e+00	1.835292026e-02	9.764093615e-12
-3.400000000e-02	2.722551933e+00	1.800396352e-02	9.413328689e-12
-3.500000000e-02	2.722561136e+00	1.765500736e-02	1.068645065e-11
-3.600000000e-02	2.722570383e+00	1.730605180e-02	1.140420204e-11
-3.700000000e-02	2.722579675e+00	1.695709687e-02	1.071866031e-11
-3.800000000e-02	2.722589012e+00	1.660814256e-02	1.070275680e-11
-3.900000000e-02	2.722598394e+00	1.625918891e-02	1.031844422e-11
-4.000000000e-02	2.722607820e+00	1.591023594e-02	7.138379012e-12
-4.100000000e-02	2.722617291e+00	1.556128364e-02	9.896314696e-12
-4.200000000e-02	2.722626807e+00	1.521233207e-02	1.210939475e-11
-4.300000000e-02	2.722636368e+00	1.486338120e-02	7.948844075e-12
-4.400000000e-02	2.722645973e+00	1.451443108e-02	8.996833251e-12
-4.500000000e-02	2.722655623e+00	1.416548172e-02	1.650549392e-11
-4.600000000e-02	2.722665318e+00	1.381653313e-02	6.103031896e-12
-4.700000000e-02	2.722675058e+00	1.346758533e-02	9.614118591e-12
-4.800000000e-02	2.722684842e+00	1.311863835e-02	9.960170444e-12
-4.900000000e-02	2.722694671e+00	1.276969218e-02	8.221083493e-12
-5.000000000e-02	2.722704545e+00	1.242074686e-02	4.204471489e-12
-5.100000000e-02	2.722714463e+00	1.207180240e-02	5.608360892e-12
-5.200000000e-02	2.722724427e+00	1.172285882e-02	7.765261146e-12
-5.300000000e-02	2.722734435e+00	1.137391613e-02	5.974983440e-12
-5.400000000e-02	2.722744488e+00	1.102497436e-02	7.193412472e-12
-5.500000000e-02	2.722754585e+00	1.067603351e-02	7.837839650e-12
-5.600000000e-02	2.722764727e+00	1.032709362e-02	6.430177695e-12
-5.700000000e-02	2.722774914e+00	9.978154681e-03	1.329111501e-11
-5.800000000e-02	2.722785146e+00	9.629216721e-03	2.315165569e-12
-5.900000000e-02	2.722795422e+00	9.280279764e-03	6.108465915e-12
-6.000000000e-02	2.722805744e+00	8.931343825e-03	6.378101258e-12
-6.100000000e-02	2.722816110e+00	8.582408917e-03	8.811158910e-12
-6.200000000e-02	2.722826520e+00	8.233475057e-03	8.914460871e-12
-6.300000000e-02	2.722836976e+00	7.884542261e-03	9.793569972e-12
-6.400000000e-02	2.722847476e+00	7.535610555e-03	1.166665525e-11
-6.500000000e-02	2.722858021e+00	7.186679943e-03	7.542494926e-12
-6.600000000e-02	2.722868610e+00	6.837750449e-03	8.930370184e-12
-6.700000000e-02	2.722879245e+00	6.488822097e-03	8.413452232e-12
-6.800000000e-02	2.722889924e+00	6.139894897e-03	3.005592149e-12
-6.900000000e-02	2.722900648e+00	5.790968864e-03	7.970628160e-12
-7.000000000e-02	2.722911416e+00	5.442044018e-03	6.161303035e-12
-7.100000000e-02	2.722922229e+00	5.093120377e-03	4.176444438e-12
-7.200000000e-02	2.722933087e+00	4.744197957e-03	1.011217574e-11
-7.300000000e-02	2.722943990e+00	4.395276776e-03	7.998660368e-12
-7.400000000e-02	2.722954937e+00	4.046356857e-03	9.893962387e-12
-7.500000000e-02	2.722965930e+00	3.697438204e-03	7.181430069e-12
-7.600000000e-02	2.722976967e+00	3.348520844e-03	1.073933102e-11
-7.700000000e-02	2.722988048e+00	2.999604790e-03	1.292119857e-11
-7.800000000e-02	2.722999174e+00	2.650690054e-03	7.414150739e-12
-7.900000000e-02	2.723010346e+00	2.301776670e-03	7.023524163e-12
-8.000000000e-02	2.723021561e+00	1.952864641e-03	5.460300551e-12
-8.100000000e-02	2.723032822e+00	1.603953988e-03	7.926751356e-12
-8.200000000e-02	2.723044127e+00	1.255044723e-03	1.022977923e-11
-8.300000000e-02	2.723055477e+00	9.061368740e-04	1.055632045e-11
-8.400000000e-02	2.723066872e+00	5.572304584e-04	8.275372424e-12
-8.500000000e-02	2.723078311e+00	2.083254764e-04	6.672914764e-12
-8.600000000e-02	2.723089795e+00	-1.405780315e-04	1.457411400e-11
-8.700000000e-02	2.723101324e+00	-4.894800739e-04	9.998199553e-12
-8.800000000e-02	2.723112897e+00	-8.383806142e-04	8.373176002e-12
-8.900000000e-02	2.723124516e+00	-1.187279634e-03	1.294615320e-11
-9.000000000e-02	2.723136179e+00	-1.536177131e-03	6.217528215e-12
-9.100000000e-02	2.723147886e+00	-1.885073076e-03	1.199274922e-11
-9.200000000e-02	2.723159639e+00	-2.233967466e-03	6.868340514e-12
-9.300000000e-02	2.723171436e+00	-2.582860262e-03	1.067389813e-11
-9.400000000e-02	2.723183277e+00	-2.931751466e-03	1.084813685e-11
-9.500000000e-02	2.723195164e+00	-3.280641045e-03	1.229810030e-11
-9.600000000e-02	2.723207095e+00	-3.629529000e-03	4.441093210e-12
-9.700000000e-02	2.723219071e+00	-3.978415297e-03	9.805033562e-12
-9.800000000e-02	2.723231092e+00	-4.327299937e-03	1.569635327e-11
-9.900000000e-02	2.723243157e+00	-4.676182875e-03	9.750541608e-12
-1.000000000e-01	2.723255267e+00	-5.025064125e-03	8.032485782e-12
-1.010000000e-01	2.723267422e+00	-5.373943651e-03	7.662683299e-12
-1.020000000e-01	2.723279621e+00	-5.722821440e-03	9.937367623e-12
-1.030000000e-01	2.723291865e+00	-6.071697467e-03	1.456529620e-11
-1.040000000e-01	2.723304154e+00	-6.420571731e-03	8.692496420e-12
-1.050000000e-01	2.723316487e+00	-6.769444210e-03	1.088253007e-11
-1.060000000e-01	2.723328866e+00	-7.118314877e-03	7.877725295e-12
-1.070000000e-01	2.723341288e+00	-7.467183730e-03	1.329604531e-11
-1.080000000e-01	2.723353756e+00	-7.816050734e-03	1.194981255e-11
-1.090000000e-01	2.723366268e+00	-8.164915887e-03	5.503117613e-12
-1.100000000e-01	2.723378825e+00	-8.513779165e-03	1.104005197e-11
-1.110000000e-01	2.723391427e+00	-8.862640546e-03	9.861070631e-12
-1.120000000e-01	2.723404073e+00	-9.211500027e-03	8.045883538e-12
-1.130000000e-01	2.723416764e+00	-9.560357581e-03	7.876283955e-12
-1.140000000e-01	2.723429500e+00	-9.909213193e-03	1.007327738e-11
-1.150000000e-01	2.723442280e+00	-1.025806684e-02	6.714662974e-12
-1.160000000e-01	2.723455105e+00	-1.060691851e-02	5.493463311e-12
-1.170000000e-01	2.723467975e+00	-1.095576819e-02	1.204738965e-11
-1.180000000e-01	2.723480889e+00	-1.130461586e-02	1.095999095e-11
-1.190000000e-01	2.723493849e+00	-1.165346150e-02	6.239895732e-12
-1.200000000e-01	2.723506852e+00	-1.200230510e-02	1.346909227e-11
-1.210000000e-01	2.723519901e+00	-1.235114663e-02	6.949480351e-12
-1.220000000e-01	2.723532994e+00	-1.269998608e-02	1.229919647e-11
-1.230000000e-01	2.723546132e+00	-1.304882344e-02	6.767651769e-12
-1.240000000e-01	2.723559314e+00	-1.339765867e-02	7.506413851e-12
-1.250000000e-01	2.723572541e+00	-1.374649179e-02	7.784193817e-12
-1.260000000e-01	2.723585813e+00	-1.409532275e-02	7.788681262e-12
-1.270000000e-01	2.723599130e+00	-1.444415155e-02	6.902859666e-12
-1.280000000e-01	2.723612491e+00	-1.479297816e-02	6.938516650e-12
-1.290000000e-01	2.723625897e+00	-1.514180258e-02	9.885109618e-12
-1.300000000e-01	2.723639347e+00	-1.549062477e-02	1.338391032e-11
-1.310000000e-01	2.723652842e+00	-1.583944474e-02	7.200679384e-12
-1.320000000e-01	2.723666382e+00	-1.618826245e-02	9.998719776e-12
-1.330000000e-01	2.723679967e+00	-1.653707790e-02	5.337893562e-12
-1.340000000e-01	2.723693596e+00	-1.688589106e-02	9.260060651e-12
-1.350000000e-01	2.723707269e+00	-1.723470192e-02	9.379469886e-12
-1.360000000e-01	2.723720988e+00	-1.758351046e-02	1.013595899e-11
-1.370000000e-01	2.723734751e+00	-1.793231666e-02	4.855243603e-12
-1.380000000e-01	2.723748559e+00	-1.828112050e-02	9.945720218e-12
-1.390000000e-01	2.723762411e+00	-1.862992198e-02	9.747850725e-12
-1.400000000e-01	2.723776308e+00	-1.897872107e-02	8.192942771e-12
-1.410000000e-01	2.723790250e+00	-1.932751775e-02	3.517474763e-12
-1.420000000e-01	2.723804236e+00	-1.967631201e-02	1.320012622e-11
-1.430000000e-01	2.723818267e+00	-2.002510384e-02	8.638517891e-12
-1.440000000e-01	2.723832343e+00	-2.037389320e-02	1.200339056e-11
-1.450000000e-01	2.723846463e+00	-2.072268009e-02	1.090557919e-11
-1.460000000e-01	2.723860628e+00	-2.107146449e-02	8.958569496e-12
-1.470000000e-01	2.723874837e+00	-2.142024639e-02	8.786390485e-12
-1.480000000e-01	2.723889092e+00	-2.176902575e-02	7.958620933e-12
-1.490000000e-01	2.723903390e+00	-2.211780258e-02	6.390783777e-12
-1.500000000e-01	2.723917734e+00	-2.246657685e-02	1.185550141e-11
-1.510000000e-01	2.723932122e+00	-2.281534855e-02	8.862023387e-12
-1.520000000e-01	2.723946555e+00	-2.316411764e-02	9.620590726e-12
-1.530000000e-01	2.723961032e+00	-2.351288413e-02	1.265682287e-11
-1.540000000e-01	2.723975554e+00	-2.386164799e-02	8.676742458e-12
-1.550000000e-01	2.723990121e+00	-2.421040921e-02	1.015014088e-11
-1.560000000e-01	2.724004732e+00	-2.455916776e-02	5.197757995e-12
-1.570000000e-01	2.724019388e+00	-2.490792364e-02	7.161169576e-12
-1.580000000e-01	2.724034088e+00	-2.525667682e-02	8.008411786e-12
-1.590000000e-01	2.724048833e+00	-2.560542728e-02	1.245678820e-11
-1.600000000e-01	2.724063623e+00	-2.595417502e-02	1.481744255e-11
-1.610000000e-01	2.724078457e+00	-2.630292001e-02	8.058810079e-12
-1.620000000e-01	2.724093336e+00	-2.665166224e-02	4.898320423e-12
-1.630000000e-01	2.724108260e+00	-2.700040168e-02	1.253716832e-11
-1.640000000e-01	2.724123228e+00	-2.734913833e-02	7.506351604e-12
-1.650000000e-01	2.724138240e+00	-2.769787216e-02	8.892979656e-12
-1.660000000e-01	2.724153298e+00	-2.804660315e-02	3.253049703e-12
-1.670000000e-01	2.724168400e+00	-2.839533130e-02	1.048861447e-11
-1.680000000e-01	2.724183546e+00	-2.874405659e-02	9.171679737e-12
-1.690000000e-01	2.724198737e+00	-2.909277898e-02	8.203009847e-12
-1.700000000e-01	2.724213973e+00	-2.944149848e-02	7.076605010e-12
-1.710000000e-01	2.724229254e+00	-2.979021506e-02	7.122069438e-12
-1.720000000e-01	2.724244578e+00	-3.013892870e-02	7.391965793e-12
-1.730000000e-01	2.724259948e+00	-3.048763940e-02	1.272330103e-11
-1.740000000e-01	2.724275362e+00	-3.083634712e-02	8.671688071e-12
-1.750000000e-01	2.724290821e+00	-3.118505185e-02	6.586682619e-12
-1.760000000e-01	2.724306324e+00	-3.153375359e-02	1.624992742e-11
-1.770000000e-01	2.724321872e+00	-3.188245230e-02	9.736836346e-12
-1.780000000e-01	2.724337464e+00	-3.223114798e-02	9.878746757e-12
-1.790000000e-01	2.724353102e+00	-3.257984060e-02	1.162168979e-11
-1.800000000e-01	2.724368783e+00	-3.292853015e-02	4.963775312e-12
-1.810000000e-01	2.724384509e+00	-3.327721661e-02	9.448392585e-12
-1.820000000e-01	2.724400280e+00	-3.362589997e-02	5.294150880e-12
-1.830000000e-01	2.724416096e+00	-3.397458021e-02	7.716915768e-12
-1.840000000e-01	2.724431955e+00	-3.432325730e-02	7.423744029e-12
-1.850000000e-01	2.724447860e+00	-3.467193124e-02	6.131601412e-12
-1.860000000e-01	2.724463809e+00	-3.502060200e-02	4.353590394e-12
-1.870000000e-01	2.724479803e+00	-3.536926958e-02	6.847127488e-12
-1.880000000e-01	2.724495841e+00	-3.571793394e-02	7.890197161e-12
-1.890000000e-01	2.724511924e+00	-3.606659508e-02	1.105544203e-11
-1.900000000e-01	2.724528051e+00	-3.641525298e-02	9.332668015e-12
-1.910000000e-01	2.724544223e+00	-3.676390761e-02	1.117139737e-11
-1.920000000e-01	2.724560439e+00	-3.711255898e-02	3.261743548e-12
-1.930000000e-01	2.724576700e+00	-3.746120705e-02	6.096847002e-12
-1.940000000e-01	2.724593006e+00	-3.780985181e-02	9.348622013e-12
-1.950000000e-01	2.724609356e+00	-3.815849325e-02	8.987083532e-12
-1.960000000e-01	2.724625750e+00	-3.850713133e-02	1.189906593e-11
-1.970000000e-01	2.724642190e+00	-3.885576607e-02	1.001051076e-11
-1.980000000e-01	2.724658673e+00	-3.920439742e-02	5.851712009e-12
-1.990000000e-01	2.724675201e+00	-3.955302537e-02	8.105564604e-12
-2.000000000e-01	2.724691774e+00	-3.990164992e-02	1.358417924e-11
-2.010000000e-01	2.724708392e+00	-4.025027103e-02	7.995093773e-12
-2.020000000e-01	2.724725053e+00	-4.059888869e-02	6.386122871e-12
-2.030000000e-01	2.724741760e+00	-4.094750290e-02	8.123248750e-12
-2.040000000e-01	2.724758511e+00	-4.129611362e-02	1.306075674e-11
-2.050000000e-01	2.724775306e+00	-4.164472085e-02	1.564061289e-11
-2.060000000e-01	2.724792146e+00	-4.199332457e-02	1.129081652e-11
-2.070000000e-01	2.724809031e+00	-4.234192474e-02	7.871963858e-12
-2.080000000e-01	2.724825960e+00	-4.269052138e-02	1.217818511e-11
-2.090000000e-01	2.724842933e+00	-4.303911445e-02	1.341326197e-11
-2.100000000e-01	2.724859951e+00	-4.338770394e-02	1.012661734e-11
-2.110000000e-01	2.724877014e+00	-4.373628982e-02	6.682351665e-12
-2.120000000e-01	2.724894121e+00	-4.408487210e-02	1.001058849e-11
-2.130000000e-01	2.724911272e+00	-4.443345074e-02	1.134944688e-11
-2.140000000e-01	2.724928468e+00	-4.478202572e-02	6.515444650e-12
-2.150000000e-01	2.724945709e+00	-4.513059704e-02	1.170961184e-11
-2.160000000e-01	2.724962994e+00	-4.547916468e-02	8.478863085e-12
-2.170000000e-01	2.724980324e+00	-4.582772861e-02	8.934732243e-12
-2.180000000e-01	2.724997698e+00	-4.617628883e-02	1.082819116e-11
-2.190000000e-01	2.725015116e+00	-4.652484531e-02	1.280482461e-11
-2.200000000e-01	2.725032579e+00	-4.687339804e-02	7.100758146e-12
-2.210000000e-01	2.725050087e+00	-4.722194700e-02	4.151083100e-12
-2.220000000e-01	2.725067639e+00	-4.757049217e-02	1.153695934e-11
-2.230000000e-01	2.725085236e+00	-4.791903354e-02	8.144456343e-12
-2.240000000e-01	2.725102877e+00	-4.826757110e-02	6.093858631e-12
-2.250000000e-01	2.725120562e+00	-4.861610481e-02	5.930136720e-12
-2.260000000e-01	2.725138292e+00	-4.896463468e-02	4.516308080e-12
-2.270000000e-01	2.725156066e+00	-4.931316067e-02	7.810587748e-12
-2.280000000e-01	2.725173885e+00	-4.966168277e-02	9.929762347e-12
-2.290000000e-01	2.725191749e+00	-5.001020097e-02	7.272295040e-12
-2.300000000e-01	2.725209657e+00	-5.035871524e-02	1.149271289e-11
-2.310000000e-01	2.725227609e+00	-5.070722558e-02	1.101948693e-11
-2.320000000e-01	2.725245606e+00	-5.105573196e-02	3.252337936e-12
-2.330000000e-01	2.725263647e+00	-5.140423437e-02	1.033186375e-11
-2.340000000e-01	2.725281733e+00	-5.175273279e-02	1.083328353e-11
-2.350000000e-01	2.725299863e+00	-5.210122721e-02	8.445811000e-12
-2.360000000e-01	2.725318037e+00	-5.244971759e-02	7.206330175e-12
-2.370000000e-01	2.725336256e+00	-5.279820395e-02	1.324318364e-11
-2.380000000e-01	2.725354520e+00	-5.314668623e-02	4.879583759e-12
-2.390000000e-01	2.725372828e+00	-5.349516445e-02	1.128549283e-11
-2.400000000e-01	2.725391180e+00	-5.384363858e-02	7.983639771e-12
-2.410000000e-01	2.725409577e+00	-5.419210860e-02	1.111225804e-11
-2.420000000e-01	2.725428018e+00	-5.454057449e-02	6.269337441e-12
-2.430000000e-01	2.725446504e+00	-5.488903624e-02	8.765401223e-12
-2.440000000e-01	2.725465034e+00	-5.523749384e-02	7.144569058e-12
-2.450000000e-01	2.725483609e+00	-5.558594725e-02	7.296391211e-12
-2.460000000e-01	2.725502228e+00	-5.593439648e-02	1.030859564e-11
-2.470000000e-01	2.725520891e+00	-5.628284149e-02	8.118429857e-12
-2.480000000e-01	2.725539599e+00	-5.663128228e-02	8.884514194e-12
-2.490000000e-01	2.725558351e+00	-5.697971883e-02	1.045671688e-11
-2.500000000e-01	2.725577148e+00	-5.732815112e-02	1.252018967e-11
