# epsi_ci     Re(Lambda)      Im(Lambda)      Eq(det), R = 0.40 $\mu$m, $E_p$ = 0.900 eV, modo = 2, $\epsilon_\infty$ = 3.9, $\gamma_{DL}$ = 0.01 eV, solve_det_sinkz_vs_mu.py
0.000000000e+00	2.327671893e+00	2.157862303e-02	3.065128481e-13
-2.000000000e-04	2.327673352e+00	2.149892447e-02	2.214939499e-13
-4.000000000e-04	2.327674813e+00	2.141922590e-02	2.552125204e-13
-6.000000000e-04	2.327676277e+00	2.133952734e-02	1.628944180e-13
-8.000000000e-04	2.327677744e+00	2.125982877e-02	3.094297533e-13
-1.000000000e-03	2.327679214e+00	2.118013021e-02	2.861790782e-13
-1.200000000e-03	2.327680686e+00	2.110043165e-02	3.862268160e-13
-1.400000000e-03	2.327682161e+00	2.102073310e-02	1.926812725e-13
-1.600000000e-03	2.327683639e+00	2.094103454e-02	2.748823570e-13
-1.800000000e-03	2.327685119e+00	2.086133598e-02	4.733200932e-13
-2.000000000e-03	2.327686603e+00	2.078163743e-02	3.449766495e-13
-2.200000000e-03	2.327688089e+00	2.070193888e-02	2.687277686e-13
-2.400000000e-03	2.327689577e+00	2.062224033e-02	3.215232184e-13
-2.600000000e-03	2.327691069e+00	2.054254179e-02	3.317062649e-13
-2.800000000e-03	2.327692563e+00	2.046284325e-02	1.508139419e-13
-3.000000000e-03	2.327694060e+00	2.038314471e-02	3.033272303e-13
-3.200000000e-03	2.327695560e+00	2.030344619e-02	3.631417100e-13
-3.400000000e-03	2.327697062e+00	2.022374766e-02	1.882513248e-13
-3.600000000e-03	2.327698567e+00	2.014404913e-02	2.902100762e-13
-3.800000000e-03	2.327700075e+00	2.006435061e-02	2.621032707e-13
-4.000000000e-03	2.327701586e+00	1.998465210e-02	3.273493459e-13
-4.200000000e-03	2.327703099e+00	1.990495359e-02	2.433804986e-13
-4.400000000e-03	2.327704615e+00	1.982525510e-02	2.904746829e-13
-4.600000000e-03	2.327706134e+00	1.974555660e-02	1.738720552e-13
-4.800000000e-03	2.327707656e+00	1.966585811e-02	3.398172713e-13
-5.000000000e-03	2.327709180e+00	1.958615963e-02	1.493953541e-13
-5.200000000e-03	2.327710707e+00	1.950646115e-02	2.161352106e-13
-5.400000000e-03	2.327712237e+00	1.942676269e-02	3.486492824e-13
-5.600000000e-03	2.327713769e+00	1.934706422e-02	2.057946968e-13
-5.800000000e-03	2.327715305e+00	1.926736577e-02	2.057838815e-13
-6.000000000e-03	2.327716843e+00	1.918766733e-02	2.518519302e-13
-6.200000000e-03	2.327718383e+00	1.910796889e-02	3.532676469e-13
-6.400000000e-03	2.327719927e+00	1.902827047e-02	2.544734160e-13
-6.600000000e-03	2.327721473e+00	1.894857205e-02	2.591064896e-13
-6.800000000e-03	2.327723022e+00	1.886887364e-02	2.433220630e-13
-7.000000000e-03	2.327724574e+00	1.878917524e-02	3.071429821e-13
-7.200000000e-03	2.327726128e+00	1.870947685e-02	2.606227887e-13
-7.400000000e-03	2.327727685e+00	1.862977847e-02	3.203062162e-13
-7.600000000e-03	2.327729245e+00	1.855008010e-02	2.443898048e-13
-7.800000000e-03	2.327730808e+00	1.847038175e-02	2.356682014e-13
-8.000000000e-03	2.327732373e+00	1.839068340e-02	2.439659700e-13
-8.200000000e-03	2.327733941e+00	1.831098506e-02	3.189105917e-13
-8.400000000e-03	2.327735512e+00	1.823128674e-02	3.166939896e-13
-8.600000000e-03	2.327737086e+00	1.815158842e-02	2.790241844e-13
-8.800000000e-03	2.327738662e+00	1.807189012e-02	2.077656153e-13
-9.000000000e-03	2.327740241e+00	1.799219184e-02	3.280869809e-13
-9.200000000e-03	2.327741823e+00	1.791249356e-02	3.549454964e-13
-9.400000000e-03	2.327743407e+00	1.783279530e-02	2.131840047e-13
-9.600000000e-03	2.327744995e+00	1.775309705e-02	2.743376723e-13
-9.800000000e-03	2.327746585e+00	1.767339881e-02	4.912211798e-13
-1.000000000e-02	2.327748177e+00	1.759370059e-02	1.398422397e-13
-1.020000000e-02	2.327749773e+00	1.751400238e-02	3.854672375e-13
-1.040000000e-02	2.327751371e+00	1.743430419e-02	6.979465022e-14
-1.060000000e-02	2.327752972e+00	1.735460600e-02	2.351805754e-13
-1.080000000e-02	2.327754576e+00	1.727490784e-02	1.342115649e-13
-1.100000000e-02	2.327756182e+00	1.719520969e-02	2.347687460e-13
-1.120000000e-02	2.327757791e+00	1.711551156e-02	3.439909899e-13
-1.140000000e-02	2.327759403e+00	1.703581344e-02	1.851292653e-13
-1.160000000e-02	2.327761018e+00	1.695611534e-02	2.758530858e-13
-1.180000000e-02	2.327762635e+00	1.687641725e-02	4.000373916e-13
-1.200000000e-02	2.327764255e+00	1.679671918e-02	2.658386917e-13
-1.220000000e-02	2.327765878e+00	1.671702113e-02	3.224475357e-13
-1.240000000e-02	2.327767504e+00	1.663732310e-02	3.338792800e-13
-1.260000000e-02	2.327769132e+00	1.655762508e-02	4.233046348e-13
-1.280000000e-02	2.327770763e+00	1.647792708e-02	3.211215621e-13
-1.300000000e-02	2.327772397e+00	1.639822910e-02	2.394846110e-13
-1.320000000e-02	2.327774033e+00	1.631853113e-02	3.182066191e-13
-1.340000000e-02	2.327775672e+00	1.623883318e-02	2.093723311e-13
-1.360000000e-02	2.327777314e+00	1.615913526e-02	2.271405511e-13
-1.380000000e-02	2.327778959e+00	1.607943735e-02	1.223577647e-13
-1.400000000e-02	2.327780607e+00	1.599973947e-02	3.012023756e-13
-1.420000000e-02	2.327782257e+00	1.592004160e-02	2.608937861e-13
-1.440000000e-02	2.327783910e+00	1.584034375e-02	1.907184324e-13
-1.460000000e-02	2.327785565e+00	1.576064592e-02	1.784340774e-13
-1.480000000e-02	2.327787224e+00	1.568094811e-02	2.852292891e-13
-1.500000000e-02	2.327788885e+00	1.560125032e-02	3.354166862e-13
-1.520000000e-02	2.327790549e+00	1.552155256e-02	1.093141414e-13
-1.540000000e-02	2.327792215e+00	1.544185482e-02	2.511364281e-13
-1.560000000e-02	2.327793885e+00	1.536215710e-02	2.880791197e-13
-1.580000000e-02	2.327795557e+00	1.528245940e-02	4.002254341e-13
-1.600000000e-02	2.327797232e+00	1.520276172e-02	2.654180751e-13
-1.620000000e-02	2.327798909e+00	1.512306406e-02	3.603736128e-13
-1.640000000e-02	2.327800590e+00	1.504336643e-02	3.814552377e-13
-1.660000000e-02	2.327802273e+00	1.496366882e-02	3.842747108e-13
-1.680000000e-02	2.327803958e+00	1.488397123e-02	2.243561443e-13
-1.700000000e-02	2.327805647e+00	1.480427367e-02	3.172547165e-13
-1.720000000e-02	2.327807338e+00	1.472457613e-02	6.568919785e-13
-1.740000000e-02	2.327809032e+00	1.464487861e-02	3.261328887e-13
-1.760000000e-02	2.327810729e+00	1.456518113e-02	2.906020874e-13
-1.780000000e-02	2.327812428e+00	1.448548366e-02	3.897142290e-13
-1.800000000e-02	2.327814130e+00	1.440578622e-02	1.494448152e-13
-1.820000000e-02	2.327815835e+00	1.432608881e-02	2.988979177e-13
-1.840000000e-02	2.327817543e+00	1.424639141e-02	2.285094634e-13
-1.860000000e-02	2.327819253e+00	1.416669405e-02	3.512166225e-13
-1.880000000e-02	2.327820967e+00	1.408699672e-02	3.200051207e-13
-1.900000000e-02	2.327822682e+00	1.400729941e-02	2.529090662e-13
-1.920000000e-02	2.327824401e+00	1.392760212e-02	4.378237471e-13
-1.940000000e-02	2.327826122e+00	1.384790486e-02	2.846924276e-13
-1.960000000e-02	2.327827846e+00	1.376820763e-02	3.238006910e-13
-1.980000000e-02	2.327829573e+00	1.368851044e-02	4.225981714e-13
-2.000000000e-02	2.327831303e+00	1.360881326e-02	2.601635625e-13
-2.020000000e-02	2.327833035e+00	1.352911611e-02	3.637986034e-13
-2.040000000e-02	2.327834770e+00	1.344941900e-02	2.238369332e-13
-2.060000000e-02	2.327836508e+00	1.336972191e-02	3.141018604e-13
-2.080000000e-02	2.327838248e+00	1.329002485e-02	2.913758968e-13
-2.100000000e-02	2.327839992e+00	1.321032782e-02	3.193236786e-13
-2.120000000e-02	2.327841738e+00	1.313063081e-02	3.114729583e-13
-2.140000000e-02	2.327843486e+00	1.305093385e-02	1.504035780e-13
-2.160000000e-02	2.327845238e+00	1.297123690e-02	3.266973781e-13
-2.180000000e-02	2.327846992e+00	1.289153999e-02	3.370098011e-13
-2.200000000e-02	2.327848749e+00	1.281184312e-02	2.845347097e-13
-2.220000000e-02	2.327850508e+00	1.273214627e-02	1.971145481e-13
-2.240000000e-02	2.327852271e+00	1.265244944e-02	3.078907403e-13
-2.260000000e-02	2.327854036e+00	1.257275266e-02	2.467266378e-13
-2.280000000e-02	2.327855804e+00	1.249305591e-02	3.040898242e-13
-2.300000000e-02	2.327857574e+00	1.241335919e-02	2.479878674e-13
-2.320000000e-02	2.327859348e+00	1.233366249e-02	3.374567938e-13
-2.340000000e-02	2.327861124e+00	1.225396584e-02	3.205032114e-13
-2.360000000e-02	2.327862903e+00	1.217426921e-02	3.594595693e-13
-2.380000000e-02	2.327864684e+00	1.209457263e-02	9.771845989e-14
-2.400000000e-02	2.327866468e+00	1.201487607e-02	2.625393975e-13
-2.420000000e-02	2.327868255e+00	1.193517954e-02	2.654197639e-13
-2.440000000e-02	2.327870045e+00	1.185548305e-02	3.639636536e-13
-2.460000000e-02	2.327871838e+00	1.177578660e-02	3.072773182e-13
-2.480000000e-02	2.327873633e+00	1.169609018e-02	1.806935218e-13
-2.500000000e-02	2.327875431e+00	1.161639379e-02	3.614856491e-13
-2.520000000e-02	2.327877232e+00	1.153669745e-02	3.007219380e-13
-2.540000000e-02	2.327879035e+00	1.145700114e-02	3.131621157e-13
-2.560000000e-02	2.327880841e+00	1.137730486e-02	2.141351545e-13
-2.580000000e-02	2.327882650e+00	1.129760861e-02	2.621162035e-13
-2.600000000e-02	2.327884462e+00	1.121791240e-02	5.970362755e-13
-2.620000000e-02	2.327886276e+00	1.113821624e-02	3.408471689e-13
-2.640000000e-02	2.327888093e+00	1.105852011e-02	2.048936382e-13
-2.660000000e-02	2.327889913e+00	1.097882401e-02	4.255027456e-13
-2.680000000e-02	2.327891736e+00	1.089912795e-02	4.719831856e-13
-2.700000000e-02	2.327893561e+00	1.081943193e-02	2.080160411e-13
-2.720000000e-02	2.327895389e+00	1.073973595e-02	3.674670157e-13
-2.740000000e-02	2.327897220e+00	1.066004001e-02	1.448010743e-13
-2.760000000e-02	2.327899053e+00	1.058034411e-02	4.414321742e-13
-2.780000000e-02	2.327900889e+00	1.050064824e-02	4.081342736e-13
-2.800000000e-02	2.327902728e+00	1.042095241e-02	3.287237730e-13
-2.820000000e-02	2.327904570e+00	1.034125662e-02	4.407740585e-13
-2.840000000e-02	2.327906415e+00	1.026156087e-02	3.513040343e-13
-2.860000000e-02	2.327908262e+00	1.018186517e-02	4.028778619e-13
-2.880000000e-02	2.327910112e+00	1.010216950e-02	2.952455052e-13
-2.900000000e-02	2.327911965e+00	1.002247388e-02	3.032776199e-13
-2.920000000e-02	2.327913820e+00	9.942778286e-03	3.592747448e-13
-2.940000000e-02	2.327915678e+00	9.863082739e-03	3.556182762e-13
-2.960000000e-02	2.327917539e+00	9.783387236e-03	3.044052367e-13
-2.980000000e-02	2.327919403e+00	9.703691772e-03	4.811162302e-13
-3.000000000e-02	2.327921269e+00	9.623996361e-03	2.936720498e-13
-3.020000000e-02	2.327923138e+00	9.544300981e-03	6.804116283e-14
-3.040000000e-02	2.327925010e+00	9.464605649e-03	2.674590151e-13
-3.060000000e-02	2.327926884e+00	9.384910351e-03	3.714346014e-13
-3.080000000e-02	2.327928762e+00	9.305215105e-03	2.999396283e-13
-3.100000000e-02	2.327930642e+00	9.225519904e-03	2.067872956e-13
-3.120000000e-02	2.327932525e+00	9.145824736e-03	3.736250637e-13
-3.140000000e-02	2.327934410e+00	9.066129623e-03	3.414661206e-13
-3.160000000e-02	2.327936298e+00	8.986434553e-03	3.058341521e-13
-3.180000000e-02	2.327938189e+00	8.906739522e-03	2.729574590e-13
-3.200000000e-02	2.327940083e+00	8.827044539e-03	2.545889517e-13
-3.220000000e-02	2.327941979e+00	8.747349601e-03	3.004659801e-13
-3.240000000e-02	2.327943879e+00	8.667654704e-03	2.065011441e-13
-3.260000000e-02	2.327945781e+00	8.587959855e-03	3.474933155e-13
-3.280000000e-02	2.327947685e+00	8.508265054e-03	2.274807167e-13
-3.300000000e-02	2.327949593e+00	8.428570300e-03	3.173329681e-13
-3.320000000e-02	2.327951503e+00	8.348875596e-03	2.993785164e-13
-3.340000000e-02	2.327953416e+00	8.269180931e-03	2.279828120e-13
-3.360000000e-02	2.327955331e+00	8.189486312e-03	3.004700786e-13
-3.380000000e-02	2.327957250e+00	8.109791746e-03	2.385360129e-13
-3.400000000e-02	2.327959171e+00	8.030097229e-03	4.198591658e-13
-3.420000000e-02	2.327961094e+00	7.950402759e-03	2.238016876e-13
-3.440000000e-02	2.327963021e+00	7.870708332e-03	2.416194309e-13
-3.460000000e-02	2.327964950e+00	7.791013960e-03	2.583451696e-13
-3.480000000e-02	2.327966882e+00	7.711319631e-03	5.117762029e-13
-3.500000000e-02	2.327968817e+00	7.631625357e-03	2.742440524e-13
-3.520000000e-02	2.327970754e+00	7.551931129e-03	2.683270502e-13
-3.540000000e-02	2.327972695e+00	7.472236951e-03	4.403095923e-13
-3.560000000e-02	2.327974638e+00	7.392542817e-03	2.127912328e-13
-3.580000000e-02	2.327976583e+00	7.312848742e-03	2.116738139e-13
-3.600000000e-02	2.327978532e+00	7.233154715e-03	3.504688135e-13
-3.620000000e-02	2.327980483e+00	7.153460735e-03	3.367608100e-13
-3.640000000e-02	2.327982437e+00	7.073766810e-03	2.539545685e-13
-3.660000000e-02	2.327984394e+00	6.994072939e-03	3.850363154e-13
-3.680000000e-02	2.327986353e+00	6.914379116e-03	2.818619414e-13
-3.700000000e-02	2.327988315e+00	6.834685341e-03	3.394808478e-13
-3.720000000e-02	2.327990280e+00	6.754991619e-03	3.260602455e-13
-3.740000000e-02	2.327992247e+00	6.675297959e-03	2.482566516e-13
-3.760000000e-02	2.327994218e+00	6.595604345e-03	2.601098844e-13
-3.780000000e-02	2.327996191e+00	6.515910785e-03	2.862997121e-13
-3.800000000e-02	2.327998167e+00	6.436217276e-03	3.052362551e-13
-3.820000000e-02	2.328000145e+00	6.356523816e-03	4.208160871e-13
-3.840000000e-02	2.328002126e+00	6.276830421e-03	3.862330508e-13
-3.860000000e-02	2.328004110e+00	6.197137080e-03	4.039969527e-13
-3.880000000e-02	2.328006097e+00	6.117443781e-03	3.068414641e-13
-3.900000000e-02	2.328008087e+00	6.037750550e-03	2.117305235e-13
-3.920000000e-02	2.328010079e+00	5.958057364e-03	2.188799833e-13
-3.940000000e-02	2.328012074e+00	5.878364239e-03	1.728449013e-13
-3.960000000e-02	2.328014071e+00	5.798671168e-03	2.647956850e-13
-3.980000000e-02	2.328016072e+00	5.718978158e-03	2.855357124e-13
-4.000000000e-02	2.328018075e+00	5.639285197e-03	2.887360839e-13
-4.020000000e-02	2.328020081e+00	5.559592294e-03	2.257952321e-13
-4.040000000e-02	2.328022089e+00	5.479899451e-03	2.418317616e-13
-4.060000000e-02	2.328024101e+00	5.400206662e-03	3.191050100e-13
-4.080000000e-02	2.328026115e+00	5.320513930e-03	2.272286306e-13
-4.100000000e-02	2.328028132e+00	5.240821252e-03	3.222778736e-13
-4.120000000e-02	2.328030151e+00	5.161128637e-03	3.710127504e-13
-4.140000000e-02	2.328032174e+00	5.081436082e-03	3.027111939e-13
-4.160000000e-02	2.328034199e+00	5.001743581e-03	4.027588895e-13
-4.180000000e-02	2.328036226e+00	4.922051140e-03	2.934712574e-13
-4.200000000e-02	2.328038257e+00	4.842358756e-03	2.305016984e-13
-4.220000000e-02	2.328040290e+00	4.762666438e-03	2.141668198e-13
-4.240000000e-02	2.328042326e+00	4.682974172e-03	3.067715455e-13
-4.260000000e-02	2.328044365e+00	4.603281970e-03	3.728885676e-13
-4.280000000e-02	2.328046406e+00	4.523589830e-03	3.703684716e-13
-4.300000000e-02	2.328048450e+00	4.443897746e-03	3.490371146e-13
-4.320000000e-02	2.328050497e+00	4.364205718e-03	3.284469321e-13
-4.340000000e-02	2.328052547e+00	4.284513759e-03	3.084457294e-13
-4.360000000e-02	2.328054599e+00	4.204821858e-03	3.366667412e-13
-4.380000000e-02	2.328056654e+00	4.125130022e-03	3.896648619e-13
-4.400000000e-02	2.328058712e+00	4.045438240e-03	4.001136686e-13
-4.420000000e-02	2.328060773e+00	3.965746531e-03	3.144456696e-13
-4.440000000e-02	2.328062836e+00	3.886054878e-03	4.044862610e-13
-4.460000000e-02	2.328064902e+00	3.806363284e-03	3.496401527e-13
-4.480000000e-02	2.328066971e+00	3.726671757e-03	3.136479780e-13
-4.500000000e-02	2.328069043e+00	3.646980301e-03	4.362247345e-13
-4.520000000e-02	2.328071117e+00	3.567288895e-03	2.478441097e-13
-4.540000000e-02	2.328073194e+00	3.487597560e-03	3.098034252e-13
-4.560000000e-02	2.328075274e+00	3.407906285e-03	2.814242990e-13
-4.580000000e-02	2.328077356e+00	3.328215075e-03	3.963078088e-13
-4.600000000e-02	2.328079441e+00	3.248523934e-03	1.923399147e-13
-4.620000000e-02	2.328081529e+00	3.168832855e-03	2.965691713e-13
-4.640000000e-02	2.328083620e+00	3.089141842e-03	1.604166916e-13
-4.660000000e-02	2.328085713e+00	3.009450895e-03	2.905973774e-13
-4.680000000e-02	2.328087809e+00	2.929760009e-03	3.889645299e-13
-4.700000000e-02	2.328089908e+00	2.850069198e-03	2.020894417e-13
-4.720000000e-02	2.328092010e+00	2.770378446e-03	2.599491632e-13
-4.740000000e-02	2.328094114e+00	2.690687760e-03	3.415338356e-13
-4.760000000e-02	2.328096221e+00	2.610997150e-03	2.795805739e-13
-4.780000000e-02	2.328098331e+00	2.531306601e-03	3.540692188e-13
-4.800000000e-02	2.328100444e+00	2.451616113e-03	2.545284853e-13
-4.820000000e-02	2.328102559e+00	2.371925704e-03	3.865678135e-13
-4.840000000e-02	2.328104677e+00	2.292235359e-03	3.730673543e-13
-4.860000000e-02	2.328106798e+00	2.212545075e-03	1.654944058e-13
-4.880000000e-02	2.328108921e+00	2.132854867e-03	2.820581471e-13
-4.900000000e-02	2.328111048e+00	2.053164725e-03	2.540216613e-13
-4.920000000e-02	2.328113177e+00	1.973474657e-03	1.633187333e-13
-4.940000000e-02	2.328115308e+00	1.893784654e-03	3.407443552e-13
-4.960000000e-02	2.328117443e+00	1.814094720e-03	2.957502695e-13
-4.980000000e-02	2.328119580e+00	1.734404861e-03	3.754324606e-13
-5.000000000e-02	2.328121720e+00	1.654715064e-03	1.673924436e-13
-5.020000000e-02	2.328123862e+00	1.575025346e-03	2.810393920e-13
-5.040000000e-02	2.328126008e+00	1.495335696e-03	3.078386881e-13
-5.060000000e-02	2.328128156e+00	1.415646112e-03	2.431155778e-13
-5.080000000e-02	2.328130307e+00	1.335956605e-03	1.597705034e-13
-5.100000000e-02	2.328132460e+00	1.256267166e-03	2.129946030e-13
-5.120000000e-02	2.328134617e+00	1.176577801e-03	1.877392211e-13
-5.140000000e-02	2.328136776e+00	1.096888506e-03	5.568920323e-13
-5.160000000e-02	2.328138938e+00	1.017199295e-03	3.716958846e-13
-5.180000000e-02	2.328141102e+00	9.375101429e-04	2.299642994e-13
-5.200000000e-02	2.328143269e+00	8.578210698e-04	2.798066983e-13
-5.220000000e-02	2.328145439e+00	7.781320699e-04	4.100031513e-13
-5.240000000e-02	2.328147612e+00	6.984431373e-04	3.321066949e-13
-5.260000000e-02	2.328149788e+00	6.187542892e-04	1.499707892e-13
-5.280000000e-02	2.328151966e+00	5.390655111e-04	2.400975064e-13
-5.300000000e-02	2.328154147e+00	4.593768026e-04	2.623239362e-13
-5.320000000e-02	2.328156330e+00	3.796881724e-04	2.268938453e-13
-5.340000000e-02	2.328158517e+00	2.999996190e-04	2.799816618e-13
-5.360000000e-02	2.328160706e+00	2.203111397e-04	3.138564869e-13
-5.380000000e-02	2.328162898e+00	1.406227311e-04	3.731900439e-13
-5.400000000e-02	2.328165092e+00	6.093440642e-05	2.904971474e-13
-5.420000000e-02	2.328167290e+00	-1.875384361e-05	1.603728137e-13
-5.440000000e-02	2.328169490e+00	-9.844202150e-05	8.977412069e-14
-5.460000000e-02	2.328171693e+00	-1.781301213e-04	1.766792267e-13
-5.480000000e-02	2.328173898e+00	-2.578181374e-04	3.066699766e-13
-5.500000000e-02	2.328176106e+00	-3.375060828e-04	2.631061634e-13
-5.520000000e-02	2.328178317e+00	-4.171939572e-04	4.449124207e-13
-5.540000000e-02	2.328180531e+00	-4.968817387e-04	3.030929558e-13
-5.560000000e-02	2.328182748e+00	-5.765694537e-04	3.022858365e-13
-5.580000000e-02	2.328184967e+00	-6.562570852e-04	2.624508194e-13
-5.600000000e-02	2.328187189e+00	-7.359446394e-04	2.433077198e-13
-5.620000000e-02	2.328189414e+00	-8.156321121e-04	2.200697151e-13
-5.640000000e-02	2.328191641e+00	-8.953195104e-04	2.693910710e-13
-5.660000000e-02	2.328193871e+00	-9.750068242e-04	3.690678435e-13
-5.680000000e-02	2.328196104e+00	-1.054694058e-03	2.617987437e-13
-5.700000000e-02	2.328198340e+00	-1.134381215e-03	1.236264055e-13
-5.720000000e-02	2.328200578e+00	-1.214068290e-03	2.916460714e-13
-5.740000000e-02	2.328202819e+00	-1.293755286e-03	2.832701469e-13
-5.760000000e-02	2.328205063e+00	-1.373442198e-03	3.099091633e-13
-5.780000000e-02	2.328207309e+00	-1.453129037e-03	3.147154872e-13
-5.800000000e-02	2.328209559e+00	-1.532815787e-03	3.171865177e-13
-5.820000000e-02	2.328211811e+00	-1.612502458e-03	3.374788661e-13
-5.840000000e-02	2.328214066e+00	-1.692189042e-03	2.423969121e-13
-5.860000000e-02	2.328216323e+00	-1.771875545e-03	1.167202699e-13
-5.880000000e-02	2.328218583e+00	-1.851561965e-03	3.796790910e-13
-5.900000000e-02	2.328220846e+00	-1.931248303e-03	4.826571933e-13
-5.920000000e-02	2.328223112e+00	-2.010934566e-03	2.664420262e-13
-5.940000000e-02	2.328225380e+00	-2.090620741e-03	4.442139169e-13
-5.960000000e-02	2.328227652e+00	-2.170306825e-03	2.781164711e-13
-5.980000000e-02	2.328229926e+00	-2.249992830e-03	2.913914324e-13
-6.000000000e-02	2.328232202e+00	-2.329678747e-03	2.597359317e-13
-6.020000000e-02	2.328234482e+00	-2.409364585e-03	4.479040655e-13
-6.040000000e-02	2.328236764e+00	-2.489050334e-03	3.161600845e-13
-6.060000000e-02	2.328239048e+00	-2.568736002e-03	2.983605062e-13
-6.080000000e-02	2.328241336e+00	-2.648421580e-03	2.514190813e-13
-6.100000000e-02	2.328243626e+00	-2.728107074e-03	3.421814611e-13
-6.120000000e-02	2.328245919e+00	-2.807792488e-03	3.139672507e-13
-6.140000000e-02	2.328248215e+00	-2.887477807e-03	1.769588886e-13
-6.160000000e-02	2.328250514e+00	-2.967163042e-03	6.045679377e-13
-6.180000000e-02	2.328252815e+00	-3.046848193e-03	2.486855136e-13
-6.200000000e-02	2.328255119e+00	-3.126533251e-03	2.452529579e-13
-6.220000000e-02	2.328257426e+00	-3.206218225e-03	3.390934100e-13
-6.240000000e-02	2.328259735e+00	-3.285903113e-03	2.607503908e-13
-6.260000000e-02	2.328262047e+00	-3.365587905e-03	3.961272231e-13
-6.280000000e-02	2.328264362e+00	-3.445272616e-03	3.669614275e-13
-6.300000000e-02	2.328266680e+00	-3.524957240e-03	1.672583619e-13
-6.320000000e-02	2.328269000e+00	-3.604641778e-03	3.798246682e-13
-6.340000000e-02	2.328271323e+00	-3.684326221e-03	3.992819732e-13
-6.360000000e-02	2.328273649e+00	-3.764010570e-03	1.373624699e-13
-6.380000000e-02	2.328275978e+00	-3.843694835e-03	1.478411828e-13
-6.400000000e-02	2.328278309e+00	-3.923379012e-03	2.824513300e-13
-6.420000000e-02	2.328280643e+00	-4.003063091e-03	1.793959202e-13
-6.440000000e-02	2.328282980e+00	-4.082747083e-03	2.825636606e-13
-6.460000000e-02	2.328285320e+00	-4.162430988e-03	3.642129190e-13
-6.480000000e-02	2.328287662e+00	-4.242114799e-03	2.056507309e-13
-6.500000000e-02	2.328290007e+00	-4.321798517e-03	2.677146654e-13
-6.520000000e-02	2.328292355e+00	-4.401482144e-03	4.726120361e-13
-6.540000000e-02	2.328294705e+00	-4.481165679e-03	4.208340294e-13
-6.560000000e-02	2.328297058e+00	-4.560849127e-03	1.977308604e-13
-6.580000000e-02	2.328299414e+00	-4.640532480e-03	2.124957261e-13
-6.600000000e-02	2.328301773e+00	-4.720215736e-03	2.283705925e-13
-6.620000000e-02	2.328304134e+00	-4.799898903e-03	3.514700502e-13
-6.640000000e-02	2.328306498e+00	-4.879581977e-03	2.819812806e-13
-6.660000000e-02	2.328308865e+00	-4.959264952e-03	3.136192071e-13
-6.680000000e-02	2.328311235e+00	-5.038947846e-03	5.381565659e-13
-6.700000000e-02	2.328313607e+00	-5.118630627e-03	3.521690150e-13
-6.720000000e-02	2.328315982e+00	-5.198313328e-03	3.590352257e-13
-6.740000000e-02	2.328318360e+00	-5.277995929e-03	2.203932310e-13
-6.760000000e-02	2.328320741e+00	-5.357678431e-03	5.318422310e-13
-6.780000000e-02	2.328323124e+00	-5.437360847e-03	3.247839442e-13
-6.800000000e-02	2.328325510e+00	-5.517043162e-03	3.529611300e-13
-6.820000000e-02	2.328327899e+00	-5.596725383e-03	3.459672637e-13
-6.840000000e-02	2.328330290e+00	-5.676407500e-03	3.839532185e-13
-6.860000000e-02	2.328332684e+00	-5.756089529e-03	1.236295399e-13
-6.880000000e-02	2.328335081e+00	-5.835771458e-03	3.536322098e-13
-6.900000000e-02	2.328337481e+00	-5.915453289e-03	3.170999529e-13
-6.920000000e-02	2.328339883e+00	-5.995135026e-03	2.080086502e-13
-6.940000000e-02	2.328342288e+00	-6.074816660e-03	3.293495509e-13
-6.960000000e-02	2.328344696e+00	-6.154498200e-03	4.257418776e-13
-6.980000000e-02	2.328347107e+00	-6.234179647e-03	2.871882031e-13
-7.000000000e-02	2.328349520e+00	-6.313860992e-03	2.418786479e-13
-7.020000000e-02	2.328351936e+00	-6.393542231e-03	2.157231859e-13
-7.040000000e-02	2.328354355e+00	-6.473223380e-03	3.692510902e-13
-7.060000000e-02	2.328356777e+00	-6.552904421e-03	4.018127207e-13
-7.080000000e-02	2.328359201e+00	-6.632585371e-03	4.336130894e-13
-7.100000000e-02	2.328361628e+00	-6.712266219e-03	1.466862594e-13
-7.120000000e-02	2.328364058e+00	-6.791946967e-03	3.106987048e-13
-7.140000000e-02	2.328366490e+00	-6.871627609e-03	3.365349128e-13
-7.160000000e-02	2.328368925e+00	-6.951308158e-03	3.424364078e-13
-7.180000000e-02	2.328371363e+00	-7.030988599e-03	3.850559299e-13
-7.200000000e-02	2.328373804e+00	-7.110668943e-03	2.702570727e-13
-7.220000000e-02	2.328376247e+00	-7.190349186e-03	4.355828026e-13
-7.240000000e-02	2.328378694e+00	-7.270029330e-03	1.776465209e-13
-7.260000000e-02	2.328381142e+00	-7.349709363e-03	2.434236644e-13
-7.280000000e-02	2.328383594e+00	-7.429389300e-03	2.285629901e-13
-7.300000000e-02	2.328386048e+00	-7.509069136e-03	2.405722605e-13
-7.320000000e-02	2.328388506e+00	-7.588748866e-03	1.790342824e-13
-7.340000000e-02	2.328390965e+00	-7.668428492e-03	1.899100465e-13
-7.360000000e-02	2.328393428e+00	-7.748108010e-03	4.270356067e-13
-7.380000000e-02	2.328395893e+00	-7.827787433e-03	2.192740646e-13
-7.400000000e-02	2.328398361e+00	-7.907466752e-03	2.905575923e-13
-7.420000000e-02	2.328400832e+00	-7.987145960e-03	3.068832082e-13
-7.440000000e-02	2.328403305e+00	-8.066825063e-03	3.181681969e-13
-7.460000000e-02	2.328405782e+00	-8.146504065e-03	4.090956295e-13
-7.480000000e-02	2.328408261e+00	-8.226182961e-03	2.349361815e-13
-7.500000000e-02	2.328410742e+00	-8.305861752e-03	1.886981316e-13
-7.520000000e-02	2.328413227e+00	-8.385540441e-03	2.332193478e-13
-7.540000000e-02	2.328415714e+00	-8.465219017e-03	2.979915621e-13
-7.560000000e-02	2.328418204e+00	-8.544897492e-03	2.256090159e-13
-7.580000000e-02	2.328420696e+00	-8.624575857e-03	3.031746171e-13
-7.600000000e-02	2.328423192e+00	-8.704254117e-03	2.898659146e-13
-7.620000000e-02	2.328425690e+00	-8.783932268e-03	8.858008299e-14
-7.640000000e-02	2.328428190e+00	-8.863610312e-03	4.230818993e-13
-7.660000000e-02	2.328430694e+00	-8.943288249e-03	1.611703452e-13
-7.680000000e-02	2.328433200e+00	-9.022966076e-03	3.380223313e-13
-7.700000000e-02	2.328435709e+00	-9.102643793e-03	3.457189857e-13
-7.720000000e-02	2.328438221e+00	-9.182321411e-03	2.542220002e-13
-7.740000000e-02	2.328440735e+00	-9.261998905e-03	5.125303169e-13
-7.760000000e-02	2.328443253e+00	-9.341676301e-03	3.640169880e-13
-7.780000000e-02	2.328445773e+00	-9.421353588e-03	2.891763196e-13
-7.800000000e-02	2.328448295e+00	-9.501030767e-03	2.787965740e-13
-7.820000000e-02	2.328450821e+00	-9.580707824e-03	3.688985411e-13
-7.840000000e-02	2.328453349e+00	-9.660384781e-03	1.199090995e-13
-7.860000000e-02	2.328455880e+00	-9.740061629e-03	2.749581943e-13
-7.880000000e-02	2.328458413e+00	-9.819738356e-03	2.016353583e-13
-7.900000000e-02	2.328460950e+00	-9.899414981e-03	1.363083937e-13
-7.920000000e-02	2.328463489e+00	-9.979091487e-03	2.903792419e-13
-7.940000000e-02	2.328466030e+00	-1.005876789e-02	4.295385428e-13
-7.960000000e-02	2.328468575e+00	-1.013844418e-02	2.669184371e-13
-7.980000000e-02	2.328471122e+00	-1.021812035e-02	2.709036983e-13
-8.000000000e-02	2.328473672e+00	-1.029779641e-02	2.165768507e-13
-8.020000000e-02	2.328476225e+00	-1.037747236e-02	2.888324659e-13
-8.040000000e-02	2.328478780e+00	-1.045714819e-02	3.994276382e-13
-8.060000000e-02	2.328481339e+00	-1.053682392e-02	3.364543007e-13
-8.080000000e-02	2.328483900e+00	-1.061649953e-02	3.410272950e-13
-8.100000000e-02	2.328486463e+00	-1.069617502e-02	3.238091581e-13
-8.120000000e-02	2.328489030e+00	-1.077585040e-02	2.725865230e-13
-8.140000000e-02	2.328491599e+00	-1.085552567e-02	4.547593738e-13
-8.160000000e-02	2.328494171e+00	-1.093520082e-02	3.605696514e-13
-8.180000000e-02	2.328496745e+00	-1.101487586e-02	2.780713114e-13
-8.200000000e-02	2.328499323e+00	-1.109455078e-02	2.765366889e-13
-8.220000000e-02	2.328501903e+00	-1.117422558e-02	4.109247503e-13
-8.240000000e-02	2.328504485e+00	-1.125390028e-02	3.637964044e-13
-8.260000000e-02	2.328507071e+00	-1.133357484e-02	3.123409347e-13
-8.280000000e-02	2.328509659e+00	-1.141324930e-02	2.594947541e-13
-8.300000000e-02	2.328512250e+00	-1.149292364e-02	1.480378802e-13
-8.320000000e-02	2.328514844e+00	-1.157259787e-02	4.360477128e-13
-8.340000000e-02	2.328517440e+00	-1.165227197e-02	2.213609966e-13
-8.360000000e-02	2.328520039e+00	-1.173194596e-02	1.608069197e-13
-8.380000000e-02	2.328522641e+00	-1.181161983e-02	2.938797979e-13
-8.400000000e-02	2.328525246e+00	-1.189129358e-02	2.847663953e-13
-8.420000000e-02	2.328527853e+00	-1.197096722e-02	1.263678447e-13
-8.440000000e-02	2.328530464e+00	-1.205064073e-02	3.086081815e-13
-8.460000000e-02	2.328533076e+00	-1.213031413e-02	2.596423131e-13
-8.480000000e-02	2.328535692e+00	-1.220998740e-02	2.884649810e-13
-8.500000000e-02	2.328538310e+00	-1.228966056e-02	3.430424306e-13
-8.520000000e-02	2.328540931e+00	-1.236933360e-02	2.473475308e-13
-8.540000000e-02	2.328543555e+00	-1.244900651e-02	2.909339108e-13
-8.560000000e-02	2.328546182e+00	-1.252867931e-02	1.829876193e-13
-8.580000000e-02	2.328548811e+00	-1.260835199e-02	2.382584820e-13
-8.600000000e-02	2.328551443e+00	-1.268802454e-02	2.575204155e-13
-8.620000000e-02	2.328554077e+00	-1.276769697e-02	4.387185026e-13
-8.640000000e-02	2.328556715e+00	-1.284736929e-02	1.824982275e-13
-8.660000000e-02	2.328559355e+00	-1.292704148e-02	4.164347591e-13
-8.680000000e-02	2.328561998e+00	-1.300671355e-02	4.705402458e-13
-8.700000000e-02	2.328564644e+00	-1.308638549e-02	1.403831011e-13
-8.720000000e-02	2.328567292e+00	-1.316605732e-02	1.880935035e-13
-8.740000000e-02	2.328569943e+00	-1.324572901e-02	1.741523880e-13
-8.760000000e-02	2.328572597e+00	-1.332540059e-02	2.099790421e-13
-8.780000000e-02	2.328575253e+00	-1.340507205e-02	2.663970761e-13
-8.800000000e-02	2.328577913e+00	-1.348474338e-02	3.088704970e-13
-8.820000000e-02	2.328580575e+00	-1.356441459e-02	3.278527475e-13
-8.840000000e-02	2.328583239e+00	-1.364408566e-02	5.197338524e-13
-8.860000000e-02	2.328585907e+00	-1.372375662e-02	2.271977881e-13
-8.880000000e-02	2.328588577e+00	-1.380342746e-02	2.838990859e-13
-8.900000000e-02	2.328591250e+00	-1.388309816e-02	2.940136166e-13
-8.920000000e-02	2.328593926e+00	-1.396276874e-02	3.738255988e-13
-8.940000000e-02	2.328596604e+00	-1.404243920e-02	1.510631043e-13
-8.960000000e-02	2.328599285e+00	-1.412210952e-02	3.125923926e-13
-8.980000000e-02	2.328601969e+00	-1.420177973e-02	4.898405754e-13
-9.000000000e-02	2.328604656e+00	-1.428144981e-02	3.366473670e-13
-9.020000000e-02	2.328607345e+00	-1.436111976e-02	4.356553243e-13
-9.040000000e-02	2.328610037e+00	-1.444078957e-02	2.963538814e-13
-9.060000000e-02	2.328612732e+00	-1.452045927e-02	4.067601286e-13
-9.080000000e-02	2.328615430e+00	-1.460012884e-02	3.129378741e-13
-9.100000000e-02	2.328618130e+00	-1.467979828e-02	3.302844218e-13
-9.120000000e-02	2.328620833e+00	-1.475946759e-02	4.049075960e-13
-9.140000000e-02	2.328623539e+00	-1.483913677e-02	3.409116409e-13
-9.160000000e-02	2.328626247e+00	-1.491880582e-02	2.842586247e-13
-9.180000000e-02	2.328628958e+00	-1.499847474e-02	4.459359269e-13
-9.200000000e-02	2.328631672e+00	-1.507814354e-02	2.685817031e-13
-9.220000000e-02	2.328634389e+00	-1.515781221e-02	3.332746017e-13
-9.240000000e-02	2.328637108e+00	-1.523748074e-02	3.584807945e-13
-9.260000000e-02	2.328639830e+00	-1.531714914e-02	1.267396055e-13
-9.280000000e-02	2.328642555e+00	-1.539681742e-02	3.546176445e-13
-9.300000000e-02	2.328645283e+00	-1.547648557e-02	4.702811627e-13
-9.320000000e-02	2.328648013e+00	-1.555615358e-02	2.995799994e-13
-9.340000000e-02	2.328650746e+00	-1.563582146e-02	1.216452526e-13
-9.360000000e-02	2.328653482e+00	-1.571548920e-02	3.428072501e-13
-9.380000000e-02	2.328656220e+00	-1.579515682e-02	2.683722416e-13
-9.400000000e-02	2.328658961e+00	-1.587482431e-02	2.348860654e-13
-9.420000000e-02	2.328661705e+00	-1.595449166e-02	4.201864454e-13
-9.440000000e-02	2.328664452e+00	-1.603415888e-02	2.548756932e-13
-9.460000000e-02	2.328667202e+00	-1.611382597e-02	3.545216306e-13
-9.480000000e-02	2.328669954e+00	-1.619349292e-02	4.472496586e-13
-9.500000000e-02	2.328672709e+00	-1.627315974e-02	3.001517671e-13
-9.520000000e-02	2.328675466e+00	-1.635282643e-02	3.478040933e-13
-9.540000000e-02	2.328678227e+00	-1.643249298e-02	2.629443948e-13
-9.560000000e-02	2.328680990e+00	-1.651215939e-02	4.151953055e-13
-9.580000000e-02	2.328683755e+00	-1.659182568e-02	1.773952495e-13
-9.600000000e-02	2.328686524e+00	-1.667149183e-02	2.738647873e-13
-9.620000000e-02	2.328689295e+00	-1.675115784e-02	3.243834436e-13
-9.640000000e-02	2.328692069e+00	-1.683082371e-02	1.943789099e-13
-9.660000000e-02	2.328694846e+00	-1.691048946e-02	1.892290271e-13
-9.680000000e-02	2.328697625e+00	-1.699015506e-02	1.985157838e-13
-9.700000000e-02	2.328700408e+00	-1.706982052e-02	2.205760960e-13
-9.720000000e-02	2.328703193e+00	-1.714948586e-02	3.225765129e-13
-9.740000000e-02	2.328705980e+00	-1.722915105e-02	4.039735594e-13
-9.760000000e-02	2.328708771e+00	-1.730881611e-02	3.471346929e-13
-9.780000000e-02	2.328711564e+00	-1.738848103e-02	2.641398958e-13
-9.800000000e-02	2.328714360e+00	-1.746814581e-02	3.025213804e-13
-9.820000000e-02	2.328717158e+00	-1.754781045e-02	4.199835853e-13
-9.840000000e-02	2.328719959e+00	-1.762747495e-02	3.043351830e-13
-9.860000000e-02	2.328722764e+00	-1.770713932e-02	2.823319075e-13
-9.880000000e-02	2.328725570e+00	-1.778680355e-02	3.542803638e-13
-9.900000000e-02	2.328728380e+00	-1.786646764e-02	1.478959680e-13
-9.920000000e-02	2.328731192e+00	-1.794613159e-02	3.466752680e-13
-9.940000000e-02	2.328734007e+00	-1.802579539e-02	2.594623382e-13
-9.960000000e-02	2.328736825e+00	-1.810545906e-02	2.364890849e-13
-9.980000000e-02	2.328739645e+00	-1.818512259e-02	1.991994083e-13
-1.000000000e-01	2.328742468e+00	-1.826478598e-02	8.198755137e-14
