# epsi_ci     Re(Lambda)      Im(Lambda)      Eq(det), R = 0.40 $\mu$m, $E_p$ = 0.900 eV, modo = 2, $\epsilon_\infty$ = 3.9, $\gamma_{DL}$ = 0.01 eV, solve_det_sinkz_vs_mu.py
0.000000000e+00	2.324717637e+00	2.142630454e-02	2.776479583e-13
-2.000000000e-04	2.324719089e+00	2.134672351e-02	4.080841556e-13
-4.000000000e-04	2.324720543e+00	2.126714249e-02	2.590439379e-13
-6.000000000e-04	2.324722000e+00	2.118756148e-02	2.913562507e-13
-8.000000000e-04	2.324723460e+00	2.110798045e-02	1.946645440e-13
-1.000000000e-03	2.324724923e+00	2.102839944e-02	2.737537534e-13
-1.200000000e-03	2.324726388e+00	2.094881843e-02	4.011239544e-13
-1.400000000e-03	2.324727856e+00	2.086923741e-02	2.365976646e-13
-1.600000000e-03	2.324729327e+00	2.078965640e-02	3.355934473e-13
-1.800000000e-03	2.324730800e+00	2.071007539e-02	2.198601917e-13
-2.000000000e-03	2.324732276e+00	2.063049439e-02	3.109361076e-13
-2.200000000e-03	2.324733755e+00	2.055091338e-02	4.115423247e-13
-2.400000000e-03	2.324735237e+00	2.047133238e-02	2.650664786e-13
-2.600000000e-03	2.324736721e+00	2.039175138e-02	2.227198202e-13
-2.800000000e-03	2.324738209e+00	2.031217039e-02	2.866372138e-13
-3.000000000e-03	2.324739698e+00	2.023258940e-02	2.119578795e-13
-3.200000000e-03	2.324741191e+00	2.015300841e-02	3.699855567e-13
-3.400000000e-03	2.324742686e+00	2.007342743e-02	1.701066140e-13
-3.600000000e-03	2.324744184e+00	1.999384646e-02	3.841632507e-13
-3.800000000e-03	2.324745685e+00	1.991426548e-02	2.035302657e-13
-4.000000000e-03	2.324747189e+00	1.983468452e-02	2.175925016e-13
-4.200000000e-03	2.324748695e+00	1.975510356e-02	2.548104263e-13
-4.400000000e-03	2.324750204e+00	1.967552260e-02	3.021177054e-13
-4.600000000e-03	2.324751716e+00	1.959594165e-02	3.060196684e-13
-4.800000000e-03	2.324753230e+00	1.951636072e-02	3.597547694e-13
-5.000000000e-03	2.324754747e+00	1.943677978e-02	2.586373691e-13
-5.200000000e-03	2.324756267e+00	1.935719885e-02	3.313751071e-13
-5.400000000e-03	2.324757790e+00	1.927761794e-02	3.875200436e-13
-5.600000000e-03	2.324759315e+00	1.919803702e-02	3.002788149e-13
-5.800000000e-03	2.324760844e+00	1.911845611e-02	3.128491204e-13
-6.000000000e-03	2.324762374e+00	1.903887522e-02	3.180650574e-13
-6.200000000e-03	2.324763908e+00	1.895929433e-02	5.231485085e-13
-6.400000000e-03	2.324765444e+00	1.887971345e-02	2.570885197e-13
-6.600000000e-03	2.324766983e+00	1.880013258e-02	2.742944743e-13
-6.800000000e-03	2.324768525e+00	1.872055173e-02	3.289404317e-13
-7.000000000e-03	2.324770070e+00	1.864097087e-02	1.435696363e-13
-7.200000000e-03	2.324771617e+00	1.856139003e-02	4.018713495e-13
-7.400000000e-03	2.324773167e+00	1.848180920e-02	1.595797529e-13
-7.600000000e-03	2.324774720e+00	1.840222838e-02	4.025256020e-13
-7.800000000e-03	2.324776275e+00	1.832264757e-02	2.641474846e-13
-8.000000000e-03	2.324777833e+00	1.824306677e-02	2.820845761e-13
-8.200000000e-03	2.324779394e+00	1.816348599e-02	3.166899974e-13
-8.400000000e-03	2.324780958e+00	1.808390521e-02	1.693080259e-13
-8.600000000e-03	2.324782524e+00	1.800432444e-02	3.642587064e-13
-8.800000000e-03	2.324784093e+00	1.792474369e-02	3.778301473e-13
-9.000000000e-03	2.324785665e+00	1.784516296e-02	3.900171927e-13
-9.200000000e-03	2.324787240e+00	1.776558222e-02	3.276624536e-13
-9.400000000e-03	2.324788817e+00	1.768600151e-02	1.951679182e-13
-9.600000000e-03	2.324790397e+00	1.760642082e-02	2.429069578e-13
-9.800000000e-03	2.324791980e+00	1.752684013e-02	1.874516249e-13
-1.000000000e-02	2.324793565e+00	1.744725945e-02	2.818553699e-13
-1.020000000e-02	2.324795153e+00	1.736767880e-02	4.819771903e-13
-1.040000000e-02	2.324796744e+00	1.728809815e-02	3.001217056e-13
-1.060000000e-02	2.324798338e+00	1.720851752e-02	2.531430690e-13
-1.080000000e-02	2.324799934e+00	1.712893691e-02	3.869553004e-13
-1.100000000e-02	2.324801534e+00	1.704935631e-02	2.803805229e-13
-1.120000000e-02	2.324803135e+00	1.696977572e-02	2.575473420e-13
-1.140000000e-02	2.324804740e+00	1.689019515e-02	2.905451278e-13
-1.160000000e-02	2.324806347e+00	1.681061460e-02	2.681369701e-13
-1.180000000e-02	2.324807957e+00	1.673103407e-02	2.757141100e-13
-1.200000000e-02	2.324809570e+00	1.665145355e-02	3.718521408e-13
-1.220000000e-02	2.324811186e+00	1.657187305e-02	2.751783042e-13
-1.240000000e-02	2.324812804e+00	1.649229256e-02	2.798935663e-13
-1.260000000e-02	2.324814425e+00	1.641271210e-02	3.026364785e-13
-1.280000000e-02	2.324816049e+00	1.633313165e-02	1.931395758e-13
-1.300000000e-02	2.324817675e+00	1.625355121e-02	2.221860590e-13
-1.320000000e-02	2.324819304e+00	1.617397080e-02	3.332141116e-13
-1.340000000e-02	2.324820936e+00	1.609439040e-02	4.271233141e-13
-1.360000000e-02	2.324822571e+00	1.601481003e-02	3.777266331e-13
-1.380000000e-02	2.324824208e+00	1.593522968e-02	2.048524947e-13
-1.400000000e-02	2.324825849e+00	1.585564935e-02	4.766009855e-13
-1.420000000e-02	2.324827491e+00	1.577606902e-02	2.990677614e-13
-1.440000000e-02	2.324829137e+00	1.569648872e-02	3.794687050e-13
-1.460000000e-02	2.324830785e+00	1.561690845e-02	3.261411434e-13
-1.480000000e-02	2.324832436e+00	1.553732819e-02	2.009826880e-13
-1.500000000e-02	2.324834090e+00	1.545774796e-02	4.317159861e-13
-1.520000000e-02	2.324835747e+00	1.537816774e-02	3.486383664e-13
-1.540000000e-02	2.324837406e+00	1.529858756e-02	3.749751224e-13
-1.560000000e-02	2.324839068e+00	1.521900739e-02	4.473928873e-13
-1.580000000e-02	2.324840733e+00	1.513942724e-02	3.832852092e-13
-1.600000000e-02	2.324842400e+00	1.505984711e-02	3.710179575e-13
-1.620000000e-02	2.324844070e+00	1.498026701e-02	2.252903216e-13
-1.640000000e-02	2.324845743e+00	1.490068692e-02	3.203184041e-13
-1.660000000e-02	2.324847419e+00	1.482110686e-02	3.067995780e-13
-1.680000000e-02	2.324849097e+00	1.474152683e-02	2.662791783e-13
-1.700000000e-02	2.324850778e+00	1.466194682e-02	3.163039080e-13
-1.720000000e-02	2.324852462e+00	1.458236683e-02	1.746065216e-13
-1.740000000e-02	2.324854148e+00	1.450278687e-02	3.504307319e-13
-1.760000000e-02	2.324855838e+00	1.442320694e-02	2.468535825e-13
-1.780000000e-02	2.324857530e+00	1.434362703e-02	4.365801958e-13
-1.800000000e-02	2.324859225e+00	1.426404713e-02	3.063243089e-13
-1.820000000e-02	2.324860922e+00	1.418446727e-02	2.267051572e-13
-1.840000000e-02	2.324862622e+00	1.410488744e-02	3.387851126e-13
-1.860000000e-02	2.324864325e+00	1.402530763e-02	3.936924295e-13
-1.880000000e-02	2.324866031e+00	1.394572784e-02	3.315941872e-13
-1.900000000e-02	2.324867739e+00	1.386614808e-02	1.643392867e-13
-1.920000000e-02	2.324869450e+00	1.378656836e-02	4.034252899e-13
-1.940000000e-02	2.324871164e+00	1.370698865e-02	2.459556815e-13
-1.960000000e-02	2.324872881e+00	1.362740898e-02	3.820255472e-13
-1.980000000e-02	2.324874600e+00	1.354782932e-02	2.521980991e-13
-2.000000000e-02	2.324876322e+00	1.346824970e-02	2.818741744e-13
-2.020000000e-02	2.324878047e+00	1.338867011e-02	2.264171132e-13
-2.040000000e-02	2.324879775e+00	1.330909054e-02	4.706671200e-13
-2.060000000e-02	2.324881505e+00	1.322951101e-02	1.769533449e-13
-2.080000000e-02	2.324883238e+00	1.314993151e-02	3.746569375e-13
-2.100000000e-02	2.324884974e+00	1.307035203e-02	3.636782660e-13
-2.120000000e-02	2.324886712e+00	1.299077258e-02	4.173936853e-13
-2.140000000e-02	2.324888453e+00	1.291119316e-02	4.341042444e-13
-2.160000000e-02	2.324890197e+00	1.283161377e-02	3.897946173e-13
-2.180000000e-02	2.324891944e+00	1.275203442e-02	3.073533575e-13
-2.200000000e-02	2.324893693e+00	1.267245509e-02	9.918545118e-14
-2.220000000e-02	2.324895445e+00	1.259287579e-02	2.266196542e-13
-2.240000000e-02	2.324897200e+00	1.251329653e-02	1.923501052e-13
-2.260000000e-02	2.324898958e+00	1.243371730e-02	3.042130196e-13
-2.280000000e-02	2.324900718e+00	1.235413810e-02	3.514490926e-13
-2.300000000e-02	2.324902481e+00	1.227455893e-02	2.490474842e-13
-2.320000000e-02	2.324904247e+00	1.219497980e-02	1.721326865e-13
-2.340000000e-02	2.324906015e+00	1.211540069e-02	4.139587090e-13
-2.360000000e-02	2.324907787e+00	1.203582163e-02	2.347226219e-13
-2.380000000e-02	2.324909561e+00	1.195624259e-02	3.564095358e-13
-2.400000000e-02	2.324911337e+00	1.187666359e-02	2.754509092e-13
-2.420000000e-02	2.324913117e+00	1.179708461e-02	3.800288202e-13
-2.440000000e-02	2.324914899e+00	1.171750568e-02	2.774097254e-13
-2.460000000e-02	2.324916684e+00	1.163792678e-02	2.385568398e-13
-2.480000000e-02	2.324918471e+00	1.155834792e-02	3.112933541e-13
-2.500000000e-02	2.324920262e+00	1.147876909e-02	2.831218183e-13
-2.520000000e-02	2.324922055e+00	1.139919029e-02	3.953982408e-13
-2.540000000e-02	2.324923851e+00	1.131961153e-02	3.627146813e-13
-2.560000000e-02	2.324925649e+00	1.124003281e-02	3.453610303e-13
-2.580000000e-02	2.324927450e+00	1.116045412e-02	3.911816066e-13
-2.600000000e-02	2.324929254e+00	1.108087546e-02	2.650679633e-13
-2.620000000e-02	2.324931061e+00	1.100129686e-02	3.167409593e-13
-2.640000000e-02	2.324932871e+00	1.092171827e-02	2.910689113e-13
-2.660000000e-02	2.324934683e+00	1.084213973e-02	2.846343030e-13
-2.680000000e-02	2.324936498e+00	1.076256123e-02	3.234936969e-13
-2.700000000e-02	2.324938315e+00	1.068298277e-02	4.976613847e-13
-2.720000000e-02	2.324940136e+00	1.060340434e-02	3.727911774e-13
-2.740000000e-02	2.324941959e+00	1.052382595e-02	4.855843727e-13
-2.760000000e-02	2.324943785e+00	1.044424760e-02	2.716101245e-13
-2.780000000e-02	2.324945613e+00	1.036466929e-02	3.441243383e-13
-2.800000000e-02	2.324947445e+00	1.028509101e-02	3.303330148e-13
-2.820000000e-02	2.324949279e+00	1.020551278e-02	1.100101126e-13
-2.840000000e-02	2.324951116e+00	1.012593459e-02	3.074548703e-13
-2.860000000e-02	2.324952955e+00	1.004635644e-02	1.739265930e-13
-2.880000000e-02	2.324954797e+00	9.966778328e-03	2.046558243e-13
-2.900000000e-02	2.324956642e+00	9.887200254e-03	2.873113487e-13
-2.920000000e-02	2.324958490e+00	9.807622228e-03	3.439500956e-13
-2.940000000e-02	2.324960340e+00	9.728044233e-03	1.863388992e-13
-2.960000000e-02	2.324962194e+00	9.648466284e-03	2.571694016e-13
-2.980000000e-02	2.324964049e+00	9.568888378e-03	2.366491123e-13
-3.000000000e-02	2.324965908e+00	9.489310516e-03	3.649238808e-13
-3.020000000e-02	2.324967769e+00	9.409732693e-03	1.429468742e-13
-3.040000000e-02	2.324969634e+00	9.330154916e-03	1.495466941e-13
-3.060000000e-02	2.324971500e+00	9.250577175e-03	2.841720512e-13
-3.080000000e-02	2.324973370e+00	9.170999485e-03	2.139983914e-13
-3.100000000e-02	2.324975242e+00	9.091421832e-03	2.630465807e-13
-3.120000000e-02	2.324977117e+00	9.011844226e-03	3.427287039e-13
-3.140000000e-02	2.324978995e+00	8.932266666e-03	2.641979632e-13
-3.160000000e-02	2.324980876e+00	8.852689149e-03	2.239596737e-13
-3.180000000e-02	2.324982759e+00	8.773111677e-03	2.441913830e-13
-3.200000000e-02	2.324984645e+00	8.693534246e-03	2.272215328e-13
-3.220000000e-02	2.324986533e+00	8.613956861e-03	2.370239469e-13
-3.240000000e-02	2.324988425e+00	8.534379526e-03	2.628728454e-13
-3.260000000e-02	2.324990319e+00	8.454802235e-03	3.203260142e-13
-3.280000000e-02	2.324992216e+00	8.375224985e-03	3.747210602e-13
-3.300000000e-02	2.324994115e+00	8.295647790e-03	5.259336669e-13
-3.320000000e-02	2.324996018e+00	8.216070636e-03	1.827289140e-13
-3.340000000e-02	2.324997923e+00	8.136493525e-03	3.387315802e-13
-3.360000000e-02	2.324999831e+00	8.056916467e-03	3.545070235e-13
-3.380000000e-02	2.325001741e+00	7.977339458e-03	1.809088453e-13
-3.400000000e-02	2.325003654e+00	7.897762493e-03	1.932746044e-13
-3.420000000e-02	2.325005570e+00	7.818185574e-03	1.903511376e-13
-3.440000000e-02	2.325007489e+00	7.738608710e-03	4.146339187e-13
-3.460000000e-02	2.325009410e+00	7.659031889e-03	2.546461671e-13
-3.480000000e-02	2.325011335e+00	7.579455117e-03	3.820470626e-13
-3.500000000e-02	2.325013262e+00	7.499878396e-03	1.990498258e-13
-3.520000000e-02	2.325015191e+00	7.420301724e-03	9.213756968e-14
-3.540000000e-02	2.325017124e+00	7.340725097e-03	2.906437180e-13
-3.560000000e-02	2.325019059e+00	7.261148526e-03	4.233039865e-13
-3.580000000e-02	2.325020997e+00	7.181572003e-03	2.938494189e-13
-3.600000000e-02	2.325022937e+00	7.101995531e-03	2.843871370e-13
-3.620000000e-02	2.325024880e+00	7.022419116e-03	4.169645498e-13
-3.640000000e-02	2.325026826e+00	6.942842740e-03	1.400254498e-13
-3.660000000e-02	2.325028775e+00	6.863266426e-03	3.263468666e-13
-3.680000000e-02	2.325030727e+00	6.783690153e-03	2.885209452e-13
-3.700000000e-02	2.325032681e+00	6.704113935e-03	3.667079861e-13
-3.720000000e-02	2.325034638e+00	6.624537778e-03	3.186625944e-13
-3.740000000e-02	2.325036597e+00	6.544961667e-03	3.586480604e-13
-3.760000000e-02	2.325038560e+00	6.465385605e-03	3.199296974e-13
-3.780000000e-02	2.325040525e+00	6.385809603e-03	2.032055015e-13
-3.800000000e-02	2.325042493e+00	6.306233649e-03	2.966883030e-13
-3.820000000e-02	2.325044464e+00	6.226657750e-03	3.150512519e-13
-3.840000000e-02	2.325046437e+00	6.147081906e-03	2.981863297e-13
-3.860000000e-02	2.325048413e+00	6.067506114e-03	4.161212163e-13
-3.880000000e-02	2.325050392e+00	5.987930381e-03	2.032972611e-13
-3.900000000e-02	2.325052373e+00	5.908354700e-03	3.359400187e-13
-3.920000000e-02	2.325054358e+00	5.828779075e-03	1.262867541e-13
-3.940000000e-02	2.325056345e+00	5.749203502e-03	2.764887642e-13
-3.960000000e-02	2.325058334e+00	5.669627992e-03	1.910938134e-13
-3.980000000e-02	2.325060327e+00	5.590052529e-03	2.648685251e-13
-4.000000000e-02	2.325062322e+00	5.510477128e-03	3.558781913e-13
-4.020000000e-02	2.325064320e+00	5.430901783e-03	2.445208567e-13
-4.040000000e-02	2.325066320e+00	5.351326492e-03	3.079162781e-13
-4.060000000e-02	2.325068324e+00	5.271751254e-03	3.526599610e-13
-4.080000000e-02	2.325070330e+00	5.192176083e-03	2.406687027e-13
-4.100000000e-02	2.325072339e+00	5.112600961e-03	3.138310498e-13
-4.120000000e-02	2.325074350e+00	5.033025908e-03	4.319342788e-13
-4.140000000e-02	2.325076365e+00	4.953450904e-03	2.757360690e-13
-4.160000000e-02	2.325078382e+00	4.873875953e-03	4.147135613e-13
-4.180000000e-02	2.325080401e+00	4.794301068e-03	3.531382500e-13
-4.200000000e-02	2.325082424e+00	4.714726244e-03	2.333617199e-13
-4.220000000e-02	2.325084449e+00	4.635151483e-03	3.706488003e-13
-4.240000000e-02	2.325086477e+00	4.555576772e-03	1.601525723e-13
-4.260000000e-02	2.325088508e+00	4.476002122e-03	2.492630830e-13
-4.280000000e-02	2.325090541e+00	4.396427538e-03	2.925079888e-13
-4.300000000e-02	2.325092577e+00	4.316853008e-03	1.137145619e-13
-4.320000000e-02	2.325094616e+00	4.237278537e-03	3.656157722e-13
-4.340000000e-02	2.325096658e+00	4.157704131e-03	3.861723425e-13
-4.360000000e-02	2.325098702e+00	4.078129787e-03	3.446632044e-13
-4.380000000e-02	2.325100749e+00	3.998555511e-03	2.670989099e-13
-4.400000000e-02	2.325102799e+00	3.918981289e-03	2.866079753e-13
-4.420000000e-02	2.325104851e+00	3.839407130e-03	2.997560667e-13
-4.440000000e-02	2.325106907e+00	3.759833028e-03	2.923387650e-13
-4.460000000e-02	2.325108965e+00	3.680258995e-03	2.185515213e-13
-4.480000000e-02	2.325111025e+00	3.600685022e-03	3.104672887e-13
-4.500000000e-02	2.325113089e+00	3.521111118e-03	2.448983110e-13
-4.520000000e-02	2.325115155e+00	3.441537273e-03	3.339528034e-13
-4.540000000e-02	2.325117224e+00	3.361963489e-03	2.342745635e-13
-4.560000000e-02	2.325119296e+00	3.282389772e-03	4.148581058e-13
-4.580000000e-02	2.325121370e+00	3.202816120e-03	2.500502728e-13
-4.600000000e-02	2.325123447e+00	3.123242533e-03	3.065704168e-13
-4.620000000e-02	2.325125527e+00	3.043669006e-03	1.635949529e-13
-4.640000000e-02	2.325127609e+00	2.964095553e-03	2.888779765e-13
-4.660000000e-02	2.325129695e+00	2.884522161e-03	3.565899412e-13
-4.680000000e-02	2.325131783e+00	2.804948826e-03	3.357703507e-13
-4.700000000e-02	2.325133874e+00	2.725375571e-03	2.555782744e-13
-4.720000000e-02	2.325135967e+00	2.645802375e-03	3.821868996e-13
-4.740000000e-02	2.325138063e+00	2.566229244e-03	2.453039443e-13
-4.760000000e-02	2.325140162e+00	2.486656184e-03	1.935561372e-13
-4.780000000e-02	2.325142264e+00	2.407083191e-03	2.088908587e-13
-4.800000000e-02	2.325144368e+00	2.327510258e-03	2.948306012e-13
-4.820000000e-02	2.325146475e+00	2.247937405e-03	2.520708927e-13
-4.840000000e-02	2.325148585e+00	2.168364608e-03	2.331577550e-13
-4.860000000e-02	2.325150698e+00	2.088791892e-03	4.339006219e-13
-4.880000000e-02	2.325152813e+00	2.009219237e-03	3.449482422e-13
-4.900000000e-02	2.325154931e+00	1.929646645e-03	2.459756846e-13
-4.920000000e-02	2.325157052e+00	1.850074129e-03	4.188391681e-13
-4.940000000e-02	2.325159175e+00	1.770501684e-03	1.977251565e-13
-4.960000000e-02	2.325161302e+00	1.690929308e-03	4.203963734e-13
-4.980000000e-02	2.325163431e+00	1.611356996e-03	3.027235282e-13
-5.000000000e-02	2.325165562e+00	1.531784760e-03	2.155846656e-13
-5.020000000e-02	2.325167697e+00	1.452212592e-03	1.607052627e-13
-5.040000000e-02	2.325169834e+00	1.372640498e-03	1.947965890e-13
-5.060000000e-02	2.325171974e+00	1.293068470e-03	3.006567526e-13
-5.080000000e-02	2.325174117e+00	1.213496514e-03	3.550779006e-13
-5.100000000e-02	2.325176262e+00	1.133924632e-03	2.393432629e-13
-5.120000000e-02	2.325178410e+00	1.054352826e-03	3.010071443e-13
-5.140000000e-02	2.325180561e+00	9.747810885e-04	2.129365077e-13
-5.160000000e-02	2.325182714e+00	8.952094230e-04	2.369625857e-13
-5.180000000e-02	2.325184871e+00	8.156378306e-04	4.264770593e-13
-5.200000000e-02	2.325187030e+00	7.360663091e-04	2.562224261e-13
-5.220000000e-02	2.325189191e+00	6.564948596e-04	1.458464413e-13
-5.240000000e-02	2.325191356e+00	5.769234878e-04	1.917245723e-13
-5.260000000e-02	2.325193523e+00	4.973521865e-04	1.480017208e-13
-5.280000000e-02	2.325195693e+00	4.177809611e-04	3.106405339e-13
-5.300000000e-02	2.325197866e+00	3.382098104e-04	3.248900464e-13
-5.320000000e-02	2.325200041e+00	2.586387338e-04	2.230831036e-13
-5.340000000e-02	2.325202219e+00	1.790677354e-04	2.762129010e-13
-5.360000000e-02	2.325204400e+00	9.949680627e-05	3.395852987e-13
-5.380000000e-02	2.325206584e+00	1.992595779e-05	1.949638697e-13
-5.400000000e-02	2.325208770e+00	-5.964481634e-05	2.543626296e-13
-5.420000000e-02	2.325210959e+00	-1.392155147e-04	1.911029812e-13
-5.440000000e-02	2.325213151e+00	-2.187861352e-04	2.162736818e-13
-5.460000000e-02	2.325215345e+00	-2.983566836e-04	3.694020343e-13
-5.480000000e-02	2.325217542e+00	-3.779271505e-04	3.185077357e-13
-5.500000000e-02	2.325219742e+00	-4.574975414e-04	2.391665894e-13
-5.520000000e-02	2.325221945e+00	-5.370678527e-04	3.039885379e-13
-5.540000000e-02	2.325224150e+00	-6.166380847e-04	4.010875950e-13
-5.560000000e-02	2.325226359e+00	-6.962082454e-04	4.094859381e-13
-5.580000000e-02	2.325228569e+00	-7.757783216e-04	2.159785861e-13
-5.600000000e-02	2.325230783e+00	-8.553483212e-04	2.746065582e-13
-5.620000000e-02	2.325232999e+00	-9.349182486e-04	3.413719090e-13
-5.640000000e-02	2.325235218e+00	-1.014488089e-03	1.889105300e-13
-5.660000000e-02	2.325237440e+00	-1.094057851e-03	9.274808101e-14
-5.680000000e-02	2.325239665e+00	-1.173627528e-03	5.252578954e-13
-5.700000000e-02	2.325241892e+00	-1.253197138e-03	1.346224857e-13
-5.720000000e-02	2.325244122e+00	-1.332766657e-03	2.935102636e-13
-5.740000000e-02	2.325246355e+00	-1.412336103e-03	1.399468924e-13
-5.760000000e-02	2.325248590e+00	-1.491905461e-03	2.603660905e-13
-5.780000000e-02	2.325250828e+00	-1.571474743e-03	2.858675730e-13
-5.800000000e-02	2.325253069e+00	-1.651043944e-03	3.112885382e-13
-5.820000000e-02	2.325255313e+00	-1.730613059e-03	2.487529823e-13
-5.840000000e-02	2.325257559e+00	-1.810182088e-03	3.489902704e-13
-5.860000000e-02	2.325259808e+00	-1.889751043e-03	2.168981595e-13
-5.880000000e-02	2.325262060e+00	-1.969319916e-03	2.473465837e-13
-5.900000000e-02	2.325264315e+00	-2.048888699e-03	1.449566409e-13
-5.920000000e-02	2.325266572e+00	-2.128457402e-03	2.904020804e-13
-5.940000000e-02	2.325268832e+00	-2.208026026e-03	3.087248111e-13
-5.960000000e-02	2.325271095e+00	-2.287594556e-03	4.121999490e-13
-5.980000000e-02	2.325273360e+00	-2.367163009e-03	3.770301790e-13
-6.000000000e-02	2.325275628e+00	-2.446731378e-03	3.158280607e-13
-6.020000000e-02	2.325277899e+00	-2.526299666e-03	2.072214923e-13
-6.040000000e-02	2.325280173e+00	-2.605867865e-03	1.126090082e-13
-6.060000000e-02	2.325282449e+00	-2.685435979e-03	2.575306218e-13
-6.080000000e-02	2.325284729e+00	-2.765004008e-03	4.419018159e-13
-6.100000000e-02	2.325287010e+00	-2.844571950e-03	3.362912254e-13
-6.120000000e-02	2.325289295e+00	-2.924139806e-03	2.795411875e-13
-6.140000000e-02	2.325291582e+00	-3.003707575e-03	5.073873444e-13
-6.160000000e-02	2.325293872e+00	-3.083275255e-03	3.170782912e-13
-6.180000000e-02	2.325296165e+00	-3.162842857e-03	4.071623808e-13
-6.200000000e-02	2.325298461e+00	-3.242410364e-03	2.414363127e-13
-6.220000000e-02	2.325300759e+00	-3.321977788e-03	1.735833746e-13
-6.240000000e-02	2.325303060e+00	-3.401545123e-03	4.455890660e-13
-6.260000000e-02	2.325305363e+00	-3.481112366e-03	3.775344980e-13
-6.280000000e-02	2.325307670e+00	-3.560679531e-03	2.523272735e-13
-6.300000000e-02	2.325309979e+00	-3.640246602e-03	3.326835388e-13
-6.320000000e-02	2.325312291e+00	-3.719813579e-03	3.432112951e-13
-6.340000000e-02	2.325314605e+00	-3.799380476e-03	4.631912339e-13
-6.360000000e-02	2.325316923e+00	-3.878947272e-03	3.114297278e-13
-6.380000000e-02	2.325319243e+00	-3.958513992e-03	3.108649399e-13
-6.400000000e-02	2.325321566e+00	-4.038080615e-03	4.077095410e-13
-6.420000000e-02	2.325323891e+00	-4.117647145e-03	2.992862154e-13
-6.440000000e-02	2.325326219e+00	-4.197213585e-03	3.808391368e-13
-6.460000000e-02	2.325328550e+00	-4.276779934e-03	4.788729748e-13
-6.480000000e-02	2.325330884e+00	-4.356346198e-03	2.983223226e-13
-6.500000000e-02	2.325333221e+00	-4.435912368e-03	2.406153042e-13
-6.520000000e-02	2.325335560e+00	-4.515478452e-03	3.596455504e-13
-6.540000000e-02	2.325337902e+00	-4.595044435e-03	2.860886097e-13
-6.560000000e-02	2.325340246e+00	-4.674610328e-03	3.920721252e-13
-6.580000000e-02	2.325342594e+00	-4.754176131e-03	3.350705222e-13
-6.600000000e-02	2.325344944e+00	-4.833741836e-03	4.187148081e-13
-6.620000000e-02	2.325347296e+00	-4.913307452e-03	1.638668849e-13
-6.640000000e-02	2.325349652e+00	-4.992872977e-03	1.432625181e-13
-6.660000000e-02	2.325352010e+00	-5.072438405e-03	2.718226831e-13
-6.680000000e-02	2.325354371e+00	-5.152003737e-03	3.345923874e-13
-6.700000000e-02	2.325356735e+00	-5.231568980e-03	2.057161693e-13
-6.720000000e-02	2.325359101e+00	-5.311134133e-03	5.230282884e-13
-6.740000000e-02	2.325361471e+00	-5.390699179e-03	2.827998590e-13
-6.760000000e-02	2.325363843e+00	-5.470264135e-03	2.689835255e-13
-6.780000000e-02	2.325366217e+00	-5.549829000e-03	2.154581909e-13
-6.800000000e-02	2.325368595e+00	-5.629393766e-03	2.570788351e-13
-6.820000000e-02	2.325370975e+00	-5.708958430e-03	3.196808127e-13
-6.840000000e-02	2.325373357e+00	-5.788523012e-03	3.430156509e-13
-6.860000000e-02	2.325375743e+00	-5.868087488e-03	1.937721977e-13
-6.880000000e-02	2.325378131e+00	-5.947651864e-03	3.227125054e-13
-6.900000000e-02	2.325380522e+00	-6.027216148e-03	3.167520926e-13
-6.920000000e-02	2.325382916e+00	-6.106780338e-03	1.747182873e-13
-6.940000000e-02	2.325385313e+00	-6.186344430e-03	2.755819551e-13
-6.960000000e-02	2.325387712e+00	-6.265908416e-03	3.285004256e-13
-6.980000000e-02	2.325390114e+00	-6.345472308e-03	4.054054061e-13
-7.000000000e-02	2.325392518e+00	-6.425036106e-03	3.114930840e-13
-7.020000000e-02	2.325394926e+00	-6.504599802e-03	3.320688512e-13
-7.040000000e-02	2.325397336e+00	-6.584163402e-03	1.512861732e-13
-7.060000000e-02	2.325399749e+00	-6.663726903e-03	3.528706488e-13
-7.080000000e-02	2.325402164e+00	-6.743290297e-03	2.475346106e-13
-7.100000000e-02	2.325404583e+00	-6.822853597e-03	2.304911862e-13
-7.120000000e-02	2.325407004e+00	-6.902416797e-03	4.317474638e-13
-7.140000000e-02	2.325409427e+00	-6.981979895e-03	2.301047367e-13
-7.160000000e-02	2.325411854e+00	-7.061542898e-03	3.084347692e-13
-7.180000000e-02	2.325414283e+00	-7.141105791e-03	2.336501983e-13
-7.200000000e-02	2.325416715e+00	-7.220668591e-03	2.359237270e-13
-7.220000000e-02	2.325419150e+00	-7.300231281e-03	2.510991561e-13
-7.240000000e-02	2.325421587e+00	-7.379793871e-03	3.875488287e-13
-7.260000000e-02	2.325424027e+00	-7.459356364e-03	2.379289530e-13
-7.280000000e-02	2.325426470e+00	-7.538918754e-03	1.848537881e-13
-7.300000000e-02	2.325428916e+00	-7.618481040e-03	3.308621675e-13
-7.320000000e-02	2.325431364e+00	-7.698043223e-03	2.255571419e-13
-7.340000000e-02	2.325433815e+00	-7.777605300e-03	4.192680541e-13
-7.360000000e-02	2.325436269e+00	-7.857167280e-03	2.340778530e-13
-7.380000000e-02	2.325438725e+00	-7.936729152e-03	2.630665646e-13
-7.400000000e-02	2.325441184e+00	-8.016290921e-03	2.750834108e-13
-7.420000000e-02	2.325443646e+00	-8.095852588e-03	2.425586018e-13
-7.440000000e-02	2.325446111e+00	-8.175414149e-03	2.546753810e-13
-7.460000000e-02	2.325448579e+00	-8.254975603e-03	2.841403341e-13
-7.480000000e-02	2.325451049e+00	-8.334536960e-03	4.544469460e-13
-7.500000000e-02	2.325453522e+00	-8.414098196e-03	3.187102257e-13
-7.520000000e-02	2.325455997e+00	-8.493659340e-03	2.533006339e-13
-7.540000000e-02	2.325458475e+00	-8.573220371e-03	2.376953914e-13
-7.560000000e-02	2.325460957e+00	-8.652781298e-03	1.646989291e-13
-7.580000000e-02	2.325463440e+00	-8.732342124e-03	3.882392719e-13
-7.600000000e-02	2.325465927e+00	-8.811902832e-03	2.526806378e-13
-7.620000000e-02	2.325468416e+00	-8.891463444e-03	2.521787196e-13
-7.640000000e-02	2.325470908e+00	-8.971023940e-03	3.036115607e-13
-7.660000000e-02	2.325473403e+00	-9.050584332e-03	3.606764099e-13
-7.680000000e-02	2.325475900e+00	-9.130144617e-03	3.723562246e-13
-7.700000000e-02	2.325478400e+00	-9.209704792e-03	3.518713239e-13
-7.720000000e-02	2.325480903e+00	-9.289264862e-03	3.479637878e-13
-7.740000000e-02	2.325483409e+00	-9.368824820e-03	2.508436781e-13
-7.760000000e-02	2.325485917e+00	-9.448384665e-03	3.081245332e-13
-7.780000000e-02	2.325488428e+00	-9.527944403e-03	3.342701397e-13
-7.800000000e-02	2.325490942e+00	-9.607504034e-03	3.300107788e-13
-7.820000000e-02	2.325493458e+00	-9.687063557e-03	3.221450669e-13
-7.840000000e-02	2.325495978e+00	-9.766622970e-03	3.673614400e-13
-7.860000000e-02	2.325498500e+00	-9.846182270e-03	2.888559328e-13
-7.880000000e-02	2.325501024e+00	-9.925741455e-03	3.517578101e-13
-7.900000000e-02	2.325503552e+00	-1.000530054e-02	2.472257863e-13
-7.920000000e-02	2.325506082e+00	-1.008485950e-02	3.829308736e-13
-7.940000000e-02	2.325508615e+00	-1.016441836e-02	9.314263186e-14
-7.960000000e-02	2.325511151e+00	-1.024397710e-02	2.645343935e-13
-7.980000000e-02	2.325513689e+00	-1.032353573e-02	2.920080346e-13
-8.000000000e-02	2.325516230e+00	-1.040309425e-02	5.376748665e-13
-8.020000000e-02	2.325518774e+00	-1.048265266e-02	4.401953848e-13
-8.040000000e-02	2.325521320e+00	-1.056221095e-02	3.538266256e-14
-8.060000000e-02	2.325523870e+00	-1.064176913e-02	1.715837973e-13
-8.080000000e-02	2.325526422e+00	-1.072132720e-02	3.242821263e-13
-8.100000000e-02	2.325528976e+00	-1.080088515e-02	1.108481564e-13
-8.120000000e-02	2.325531534e+00	-1.088044299e-02	3.539284785e-13
-8.140000000e-02	2.325534094e+00	-1.096000072e-02	2.184652860e-13
-8.160000000e-02	2.325536657e+00	-1.103955832e-02	2.302291530e-13
-8.180000000e-02	2.325539222e+00	-1.111911582e-02	2.036750963e-13
-8.200000000e-02	2.325541791e+00	-1.119867320e-02	2.492109159e-13
-8.220000000e-02	2.325544362e+00	-1.127823046e-02	3.032893281e-13
-8.240000000e-02	2.325546936e+00	-1.135778761e-02	2.938423214e-13
-8.260000000e-02	2.325549512e+00	-1.143734465e-02	3.551381637e-13
-8.280000000e-02	2.325552091e+00	-1.151690156e-02	4.987788983e-13
-8.300000000e-02	2.325554673e+00	-1.159645836e-02	3.937900388e-13
-8.320000000e-02	2.325557258e+00	-1.167601504e-02	2.886282067e-13
-8.340000000e-02	2.325559846e+00	-1.175557160e-02	2.472365894e-13
-8.360000000e-02	2.325562436e+00	-1.183512806e-02	3.614849745e-13
-8.380000000e-02	2.325565029e+00	-1.191468438e-02	4.362358784e-13
-8.400000000e-02	2.325567624e+00	-1.199424059e-02	3.317014518e-13
-8.420000000e-02	2.325570223e+00	-1.207379669e-02	3.261538884e-13
-8.440000000e-02	2.325572824e+00	-1.215335266e-02	2.898101584e-13
-8.460000000e-02	2.325575427e+00	-1.223290852e-02	3.467445872e-13
-8.480000000e-02	2.325578034e+00	-1.231246425e-02	4.254986678e-13
-8.500000000e-02	2.325580643e+00	-1.239201988e-02	3.045575450e-13
-8.520000000e-02	2.325583255e+00	-1.247157537e-02	2.906441721e-13
-8.540000000e-02	2.325585870e+00	-1.255113075e-02	2.198726089e-13
-8.560000000e-02	2.325588487e+00	-1.263068601e-02	2.892441542e-13
-8.580000000e-02	2.325591108e+00	-1.271024114e-02	3.293376142e-13
-8.600000000e-02	2.325593730e+00	-1.278979616e-02	2.518151321e-13
-8.620000000e-02	2.325596356e+00	-1.286935106e-02	3.315268644e-13
-8.640000000e-02	2.325598984e+00	-1.294890584e-02	4.095365728e-13
-8.660000000e-02	2.325601616e+00	-1.302846048e-02	2.677193369e-13
-8.680000000e-02	2.325604249e+00	-1.310801501e-02	1.944368222e-13
-8.700000000e-02	2.325606886e+00	-1.318756942e-02	2.385172003e-13
-8.720000000e-02	2.325609525e+00	-1.326712370e-02	2.285420067e-13
-8.740000000e-02	2.325612167e+00	-1.334667787e-02	4.460107561e-13
-8.760000000e-02	2.325614812e+00	-1.342623191e-02	2.084987662e-13
-8.780000000e-02	2.325617459e+00	-1.350578582e-02	3.270108754e-13
-8.800000000e-02	2.325620109e+00	-1.358533962e-02	2.673869145e-13
-8.820000000e-02	2.325622762e+00	-1.366489328e-02	3.570527557e-13
-8.840000000e-02	2.325625418e+00	-1.374444683e-02	2.229259800e-13
-8.860000000e-02	2.325628076e+00	-1.382400024e-02	2.891656322e-13
-8.880000000e-02	2.325630737e+00	-1.390355355e-02	3.909016510e-13
-8.900000000e-02	2.325633401e+00	-1.398310672e-02	2.904656182e-13
-8.920000000e-02	2.325636068e+00	-1.406265976e-02	3.602322642e-13
-8.940000000e-02	2.325638737e+00	-1.414221267e-02	3.432134164e-13
-8.960000000e-02	2.325641409e+00	-1.422176547e-02	3.862462654e-13
-8.980000000e-02	2.325644084e+00	-1.430131813e-02	5.548955801e-13
-9.000000000e-02	2.325646761e+00	-1.438087068e-02	3.358222752e-13
-9.020000000e-02	2.325649441e+00	-1.446042309e-02	2.808248708e-13
-9.040000000e-02	2.325652124e+00	-1.453997537e-02	2.481362390e-13
-9.060000000e-02	2.325654810e+00	-1.461952754e-02	2.252998425e-13
-9.080000000e-02	2.325657498e+00	-1.469907957e-02	3.985300301e-13
-9.100000000e-02	2.325660189e+00	-1.477863147e-02	1.937895341e-13
-9.120000000e-02	2.325662883e+00	-1.485818325e-02	3.959150342e-13
-9.140000000e-02	2.325665580e+00	-1.493773490e-02	2.046490713e-13
-9.160000000e-02	2.325668279e+00	-1.501728641e-02	3.097705474e-13
-9.180000000e-02	2.325670981e+00	-1.509683781e-02	3.621479465e-13
-9.200000000e-02	2.325673685e+00	-1.517638907e-02	1.838607278e-13
-9.220000000e-02	2.325676393e+00	-1.525594020e-02	1.265242822e-13
-9.240000000e-02	2.325679103e+00	-1.533549120e-02	2.382651760e-13
-9.260000000e-02	2.325681816e+00	-1.541504207e-02	1.296393732e-13
-9.280000000e-02	2.325684532e+00	-1.549459281e-02	2.653131564e-13
-9.300000000e-02	2.325687250e+00	-1.557414342e-02	2.864602309e-13
-9.320000000e-02	2.325689971e+00	-1.565369390e-02	2.440807674e-13
-9.340000000e-02	2.325692695e+00	-1.573324425e-02	1.674793861e-13
-9.360000000e-02	2.325695421e+00	-1.581279446e-02	2.529803543e-13
-9.380000000e-02	2.325698151e+00	-1.589234455e-02	3.029446720e-13
-9.400000000e-02	2.325700882e+00	-1.597189450e-02	2.866201731e-13
-9.420000000e-02	2.325703617e+00	-1.605144432e-02	3.611291280e-13
-9.440000000e-02	2.325706355e+00	-1.613099401e-02	3.693124720e-13
-9.460000000e-02	2.325709095e+00	-1.621054357e-02	4.119636535e-13
-9.480000000e-02	2.325711838e+00	-1.629009298e-02	1.470801063e-13
-9.500000000e-02	2.325714583e+00	-1.636964227e-02	3.864650436e-13
-9.520000000e-02	2.325717332e+00	-1.644919142e-02	2.855367052e-13
-9.540000000e-02	2.325720083e+00	-1.652874044e-02	2.730002223e-13
-9.560000000e-02	2.325722836e+00	-1.660828933e-02	1.751280568e-13
-9.580000000e-02	2.325725593e+00	-1.668783808e-02	3.180361472e-13
-9.600000000e-02	2.325728352e+00	-1.676738670e-02	2.781157737e-13
-9.620000000e-02	2.325731114e+00	-1.684693518e-02	3.621256032e-13
-9.640000000e-02	2.325733879e+00	-1.692648352e-02	3.111081482e-13
-9.660000000e-02	2.325736646e+00	-1.700603173e-02	4.408854399e-13
-9.680000000e-02	2.325739416e+00	-1.708557981e-02	4.147633868e-13
-9.700000000e-02	2.325742189e+00	-1.716512775e-02	1.428790092e-13
-9.720000000e-02	2.325744965e+00	-1.724467555e-02	1.678936443e-13
-9.740000000e-02	2.325747743e+00	-1.732422321e-02	3.001121203e-13
-9.760000000e-02	2.325750524e+00	-1.740377074e-02	4.186787373e-13
-9.780000000e-02	2.325753308e+00	-1.748331813e-02	2.907340032e-13
-9.800000000e-02	2.325756094e+00	-1.756286538e-02	3.464995480e-13
-9.820000000e-02	2.325758884e+00	-1.764241250e-02	2.330342577e-13
-9.840000000e-02	2.325761676e+00	-1.772195947e-02	4.222126145e-13
-9.860000000e-02	2.325764470e+00	-1.780150631e-02	3.464598535e-13
-9.880000000e-02	2.325767268e+00	-1.788105301e-02	2.058190560e-13
-9.900000000e-02	2.325770068e+00	-1.796059957e-02	4.736814040e-13
-9.920000000e-02	2.325772871e+00	-1.804014598e-02	3.435760960e-13
-9.940000000e-02	2.325775676e+00	-1.811969227e-02	2.358100070e-13
-9.960000000e-02	2.325778484e+00	-1.819923841e-02	3.089151895e-13
-9.980000000e-02	2.325781296e+00	-1.827878440e-02	3.709663459e-13
-1.000000000e-01	2.325784109e+00	-1.835833027e-02	2.690603287e-13
