# epsi_ci     Re(Lambda)      Im(Lambda)      Eq(det), R = 0.40 $\mu$m, $E_p$ = 0.900 eV, modo = 2, $\epsilon_\infty$ = 3.9, $\gamma_{DL}$ = 0.01 eV, solve_det_sinkz_vs_mu.py
0.000000000e+00	2.321647274e+00	2.127714010e-02	1.237349849e-13
-2.000000000e-04	2.321648717e+00	2.119768790e-02	3.677603270e-13
-4.000000000e-04	2.321650164e+00	2.111823570e-02	8.213603072e-14
-6.000000000e-04	2.321651613e+00	2.103878350e-02	2.092998621e-13
-8.000000000e-04	2.321653065e+00	2.095933130e-02	2.800533410e-13
-1.000000000e-03	2.321654520e+00	2.087987910e-02	2.595929384e-13
-1.200000000e-03	2.321655977e+00	2.080042690e-02	3.264138171e-13
-1.400000000e-03	2.321657437e+00	2.072097470e-02	3.063931935e-13
-1.600000000e-03	2.321658900e+00	2.064152251e-02	3.036763273e-13
-1.800000000e-03	2.321660366e+00	2.056207032e-02	3.226196106e-13
-2.000000000e-03	2.321661834e+00	2.048261812e-02	1.514445165e-13
-2.200000000e-03	2.321663305e+00	2.040316594e-02	5.097186168e-13
-2.400000000e-03	2.321664779e+00	2.032371375e-02	2.875697717e-13
-2.600000000e-03	2.321666255e+00	2.024426157e-02	3.994171017e-13
-2.800000000e-03	2.321667734e+00	2.016480940e-02	2.476112918e-13
-3.000000000e-03	2.321669216e+00	2.008535723e-02	2.437239241e-13
-3.200000000e-03	2.321670701e+00	2.000590506e-02	1.537267831e-13
-3.400000000e-03	2.321672188e+00	1.992645289e-02	2.916412102e-13
-3.600000000e-03	2.321673678e+00	1.984700074e-02	4.316850650e-13
-3.800000000e-03	2.321675171e+00	1.976754858e-02	1.997296280e-13
-4.000000000e-03	2.321676667e+00	1.968809643e-02	3.132099343e-13
-4.200000000e-03	2.321678165e+00	1.960864429e-02	2.032895129e-13
-4.400000000e-03	2.321679666e+00	1.952919215e-02	2.410272265e-13
-4.600000000e-03	2.321681170e+00	1.944974003e-02	2.539545501e-13
-4.800000000e-03	2.321682676e+00	1.937028790e-02	1.996813998e-13
-5.000000000e-03	2.321684185e+00	1.929083579e-02	5.130701977e-13
-5.200000000e-03	2.321685697e+00	1.921138368e-02	2.795799425e-13
-5.400000000e-03	2.321687212e+00	1.913193157e-02	3.385139793e-13
-5.600000000e-03	2.321688729e+00	1.905247948e-02	2.927380939e-13
-5.800000000e-03	2.321690249e+00	1.897302740e-02	2.939039200e-13
-6.000000000e-03	2.321691772e+00	1.889357531e-02	2.984236406e-13
-6.200000000e-03	2.321693297e+00	1.881412325e-02	8.945092443e-14
-6.400000000e-03	2.321694826e+00	1.873467118e-02	3.888372899e-13
-6.600000000e-03	2.321696357e+00	1.865521914e-02	2.599821873e-13
-6.800000000e-03	2.321697890e+00	1.857576709e-02	2.561424954e-13
-7.000000000e-03	2.321699427e+00	1.849631506e-02	1.909879194e-13
-7.200000000e-03	2.321700966e+00	1.841686303e-02	2.773036312e-13
-7.400000000e-03	2.321702508e+00	1.833741102e-02	3.581099629e-13
-7.600000000e-03	2.321704052e+00	1.825795902e-02	1.969326503e-13
-7.800000000e-03	2.321705600e+00	1.817850703e-02	2.349785816e-13
-8.000000000e-03	2.321707150e+00	1.809905505e-02	3.342743789e-13
-8.200000000e-03	2.321708703e+00	1.801960308e-02	3.157418428e-13
-8.400000000e-03	2.321710258e+00	1.794015112e-02	2.661025024e-13
-8.600000000e-03	2.321711816e+00	1.786069918e-02	2.216224500e-13
-8.800000000e-03	2.321713377e+00	1.778124725e-02	3.505423599e-13
-9.000000000e-03	2.321714941e+00	1.770179533e-02	3.139107186e-13
-9.200000000e-03	2.321716507e+00	1.762234342e-02	5.135896218e-13
-9.400000000e-03	2.321718077e+00	1.754289152e-02	3.982758670e-13
-9.600000000e-03	2.321719649e+00	1.746343964e-02	2.187778174e-13
-9.800000000e-03	2.321721223e+00	1.738398777e-02	3.292819671e-13
-1.000000000e-02	2.321722800e+00	1.730453592e-02	1.797220536e-13
-1.020000000e-02	2.321724380e+00	1.722508408e-02	2.161015426e-13
-1.040000000e-02	2.321725963e+00	1.714563225e-02	2.358710271e-13
-1.060000000e-02	2.321727549e+00	1.706618044e-02	3.119474457e-13
-1.080000000e-02	2.321729137e+00	1.698672865e-02	3.468355130e-13
-1.100000000e-02	2.321730728e+00	1.690727686e-02	2.487856898e-13
-1.120000000e-02	2.321732322e+00	1.682782510e-02	3.094534624e-13
-1.140000000e-02	2.321733918e+00	1.674837335e-02	3.457556582e-13
-1.160000000e-02	2.321735517e+00	1.666892162e-02	4.231743422e-13
-1.180000000e-02	2.321737119e+00	1.658946990e-02	1.785607903e-13
-1.200000000e-02	2.321738724e+00	1.651001820e-02	5.052506646e-13
-1.220000000e-02	2.321740331e+00	1.643056652e-02	2.581426164e-13
-1.240000000e-02	2.321741941e+00	1.635111485e-02	2.396679077e-13
-1.260000000e-02	2.321743554e+00	1.627166320e-02	2.994338892e-13
-1.280000000e-02	2.321745169e+00	1.619221157e-02	3.261640220e-13
-1.300000000e-02	2.321746787e+00	1.611275996e-02	1.905271669e-13
-1.320000000e-02	2.321748408e+00	1.603330837e-02	2.135336021e-13
-1.340000000e-02	2.321750032e+00	1.595385679e-02	3.748986505e-13
-1.360000000e-02	2.321751658e+00	1.587440524e-02	2.408528247e-13
-1.380000000e-02	2.321753288e+00	1.579495370e-02	3.475851499e-13
-1.400000000e-02	2.321754919e+00	1.571550218e-02	2.664968590e-13
-1.420000000e-02	2.321756554e+00	1.563605068e-02	8.349285856e-14
-1.440000000e-02	2.321758191e+00	1.555659921e-02	1.036791345e-13
-1.460000000e-02	2.321759831e+00	1.547714775e-02	2.117595092e-13
-1.480000000e-02	2.321761474e+00	1.539769631e-02	1.721795585e-13
-1.500000000e-02	2.321763120e+00	1.531824489e-02	2.066006971e-13
-1.520000000e-02	2.321764768e+00	1.523879350e-02	3.256829147e-13
-1.540000000e-02	2.321766419e+00	1.515934212e-02	3.006904212e-13
-1.560000000e-02	2.321768072e+00	1.507989077e-02	3.262649313e-13
-1.580000000e-02	2.321769729e+00	1.500043944e-02	2.160768256e-13
-1.600000000e-02	2.321771388e+00	1.492098814e-02	1.935001124e-13
-1.620000000e-02	2.321773050e+00	1.484153685e-02	4.418808138e-13
-1.640000000e-02	2.321774714e+00	1.476208559e-02	2.504267490e-13
-1.660000000e-02	2.321776382e+00	1.468263435e-02	2.309322566e-13
-1.680000000e-02	2.321778052e+00	1.460318314e-02	3.746426169e-13
-1.700000000e-02	2.321779724e+00	1.452373194e-02	4.434867161e-13
-1.720000000e-02	2.321781400e+00	1.444428078e-02	4.507038450e-13
-1.740000000e-02	2.321783078e+00	1.436482964e-02	3.725275053e-13
-1.760000000e-02	2.321784759e+00	1.428537852e-02	2.950572364e-13
-1.780000000e-02	2.321786443e+00	1.420592743e-02	2.718481848e-13
-1.800000000e-02	2.321788129e+00	1.412647636e-02	3.852244046e-13
-1.820000000e-02	2.321789818e+00	1.404702531e-02	2.496466304e-13
-1.840000000e-02	2.321791510e+00	1.396757430e-02	1.227700013e-13
-1.860000000e-02	2.321793204e+00	1.388812330e-02	3.961146556e-13
-1.880000000e-02	2.321794902e+00	1.380867233e-02	3.093437999e-13
-1.900000000e-02	2.321796602e+00	1.372922140e-02	1.218890063e-13
-1.920000000e-02	2.321798304e+00	1.364977049e-02	1.281311512e-13
-1.940000000e-02	2.321800010e+00	1.357031960e-02	4.069136275e-13
-1.960000000e-02	2.321801718e+00	1.349086874e-02	6.839321906e-13
-1.980000000e-02	2.321803429e+00	1.341141792e-02	4.365652708e-13
-2.000000000e-02	2.321805143e+00	1.333196712e-02	4.138048429e-13
-2.020000000e-02	2.321806859e+00	1.325251634e-02	2.575974903e-13
-2.040000000e-02	2.321808578e+00	1.317306559e-02	2.764435115e-13
-2.060000000e-02	2.321810300e+00	1.309361488e-02	3.431317654e-13
-2.080000000e-02	2.321812024e+00	1.301416419e-02	4.875742891e-13
-2.100000000e-02	2.321813752e+00	1.293471353e-02	4.149981893e-13
-2.120000000e-02	2.321815482e+00	1.285526290e-02	2.141640911e-13
-2.140000000e-02	2.321817214e+00	1.277581230e-02	3.260825470e-13
-2.160000000e-02	2.321818950e+00	1.269636174e-02	3.062274755e-13
-2.180000000e-02	2.321820688e+00	1.261691119e-02	2.237482346e-13
-2.200000000e-02	2.321822429e+00	1.253746069e-02	3.294261493e-13
-2.220000000e-02	2.321824172e+00	1.245801021e-02	2.415233904e-13
-2.240000000e-02	2.321825919e+00	1.237855977e-02	3.931690366e-13
-2.260000000e-02	2.321827668e+00	1.229910936e-02	3.027643389e-13
-2.280000000e-02	2.321829420e+00	1.221965897e-02	4.243460023e-13
-2.300000000e-02	2.321831174e+00	1.214020862e-02	4.483338698e-13
-2.320000000e-02	2.321832931e+00	1.206075830e-02	3.246403983e-13
-2.340000000e-02	2.321834691e+00	1.198130803e-02	1.313469993e-13
-2.360000000e-02	2.321836454e+00	1.190185778e-02	3.045685221e-13
-2.380000000e-02	2.321838220e+00	1.182240756e-02	3.232594499e-13
-2.400000000e-02	2.321839988e+00	1.174295737e-02	2.482557923e-13
-2.420000000e-02	2.321841759e+00	1.166350722e-02	2.986538143e-13
-2.440000000e-02	2.321843532e+00	1.158405710e-02	2.816296635e-13
-2.460000000e-02	2.321845308e+00	1.150460703e-02	3.672056683e-13
-2.480000000e-02	2.321847088e+00	1.142515698e-02	3.302652015e-13
-2.500000000e-02	2.321848869e+00	1.134570697e-02	2.648725360e-13
-2.520000000e-02	2.321850654e+00	1.126625698e-02	4.132039311e-13
-2.540000000e-02	2.321852441e+00	1.118680705e-02	5.417705854e-13
-2.560000000e-02	2.321854231e+00	1.110735713e-02	3.466565293e-13
-2.580000000e-02	2.321856024e+00	1.102790727e-02	3.040065441e-13
-2.600000000e-02	2.321857819e+00	1.094845743e-02	3.537780158e-13
-2.620000000e-02	2.321859617e+00	1.086900764e-02	1.641751442e-13
-2.640000000e-02	2.321861418e+00	1.078955788e-02	3.091622563e-13
-2.660000000e-02	2.321863222e+00	1.071010816e-02	3.365331366e-13
-2.680000000e-02	2.321865028e+00	1.063065847e-02	2.835309989e-13
-2.700000000e-02	2.321866837e+00	1.055120883e-02	1.821927439e-13
-2.720000000e-02	2.321868649e+00	1.047175922e-02	3.765798186e-13
-2.740000000e-02	2.321870463e+00	1.039230965e-02	2.739545220e-13
-2.760000000e-02	2.321872281e+00	1.031286012e-02	3.554297493e-13
-2.780000000e-02	2.321874100e+00	1.023341062e-02	5.118891149e-13
-2.800000000e-02	2.321875923e+00	1.015396117e-02	2.446154511e-13
-2.820000000e-02	2.321877749e+00	1.007451175e-02	2.185819528e-13
-2.840000000e-02	2.321879577e+00	9.995062376e-03	2.519775371e-13
-2.860000000e-02	2.321881407e+00	9.915613040e-03	3.611993477e-13
-2.880000000e-02	2.321883241e+00	9.836163748e-03	2.127176603e-13
-2.900000000e-02	2.321885077e+00	9.756714492e-03	3.062884768e-13
-2.920000000e-02	2.321886916e+00	9.677265276e-03	2.134218974e-13
-2.940000000e-02	2.321888758e+00	9.597816105e-03	1.826349212e-13
-2.960000000e-02	2.321890603e+00	9.518366980e-03	5.318412234e-13
-2.980000000e-02	2.321892450e+00	9.438917886e-03	2.927259552e-13
-3.000000000e-02	2.321894300e+00	9.359468840e-03	2.491030638e-13
-3.020000000e-02	2.321896152e+00	9.280019837e-03	3.064233987e-13
-3.040000000e-02	2.321898008e+00	9.200570873e-03	1.269733431e-13
-3.060000000e-02	2.321899866e+00	9.121121956e-03	2.330095303e-13
-3.080000000e-02	2.321901727e+00	9.041673077e-03	3.070399626e-13
-3.100000000e-02	2.321903590e+00	8.962224249e-03	3.310989844e-13
-3.120000000e-02	2.321905456e+00	8.882775460e-03	3.866513896e-13
-3.140000000e-02	2.321907325e+00	8.803326711e-03	1.360598271e-13
-3.160000000e-02	2.321909197e+00	8.723878012e-03	3.432548137e-13
-3.180000000e-02	2.321911072e+00	8.644429356e-03	3.250792852e-13
-3.200000000e-02	2.321912949e+00	8.564980745e-03	2.984969976e-13
-3.220000000e-02	2.321914829e+00	8.485532177e-03	1.367772302e-13
-3.240000000e-02	2.321916711e+00	8.406083652e-03	3.083151908e-13
-3.260000000e-02	2.321918597e+00	8.326635178e-03	2.711319715e-13
-3.280000000e-02	2.321920485e+00	8.247186752e-03	3.387978415e-13
-3.300000000e-02	2.321922376e+00	8.167738368e-03	2.636683529e-13
-3.320000000e-02	2.321924269e+00	8.088290028e-03	2.710606256e-13
-3.340000000e-02	2.321926165e+00	8.008841743e-03	3.373415285e-13
-3.360000000e-02	2.321928064e+00	7.929393495e-03	2.917988997e-13
-3.380000000e-02	2.321929966e+00	7.849945301e-03	2.728530403e-13
-3.400000000e-02	2.321931871e+00	7.770497156e-03	2.629309077e-13
-3.420000000e-02	2.321933778e+00	7.691049059e-03	5.144230477e-13
-3.440000000e-02	2.321935688e+00	7.611601005e-03	3.422176571e-13
-3.460000000e-02	2.321937600e+00	7.532152995e-03	3.442080017e-13
-3.480000000e-02	2.321939516e+00	7.452705046e-03	4.116819455e-13
-3.500000000e-02	2.321941434e+00	7.373257140e-03	3.885643508e-13
-3.520000000e-02	2.321943354e+00	7.293809278e-03	4.878184615e-13
-3.540000000e-02	2.321945278e+00	7.214361475e-03	2.584445956e-13
-3.560000000e-02	2.321947204e+00	7.134913716e-03	3.615703716e-13
-3.580000000e-02	2.321949133e+00	7.055466011e-03	9.094993006e-14
-3.600000000e-02	2.321951065e+00	6.976018355e-03	1.119149018e-13
-3.620000000e-02	2.321952999e+00	6.896570748e-03	4.581541741e-13
-3.640000000e-02	2.321954936e+00	6.817123190e-03	3.241145433e-13
-3.660000000e-02	2.321956876e+00	6.737675687e-03	3.382940769e-13
-3.680000000e-02	2.321958819e+00	6.658228239e-03	3.146369343e-13
-3.700000000e-02	2.321960764e+00	6.578780837e-03	3.399977734e-13
-3.720000000e-02	2.321962712e+00	6.499333487e-03	3.103223361e-13
-3.740000000e-02	2.321964663e+00	6.419886195e-03	2.765313097e-13
-3.760000000e-02	2.321966616e+00	6.340438952e-03	2.562535923e-13
-3.780000000e-02	2.321968573e+00	6.260991762e-03	2.744502769e-13
-3.800000000e-02	2.321970532e+00	6.181544626e-03	4.112300209e-13
-3.820000000e-02	2.321972493e+00	6.102097544e-03	1.662249158e-13
-3.840000000e-02	2.321974458e+00	6.022650511e-03	2.498959381e-13
-3.860000000e-02	2.321976425e+00	5.943203537e-03	2.254661219e-13
-3.880000000e-02	2.321978395e+00	5.863756615e-03	1.712882157e-13
-3.900000000e-02	2.321980367e+00	5.784309752e-03	1.800525094e-13
-3.920000000e-02	2.321982343e+00	5.704862937e-03	2.611616657e-13
-3.940000000e-02	2.321984321e+00	5.625416183e-03	4.868830651e-13
-3.960000000e-02	2.321986301e+00	5.545969484e-03	2.355252460e-13
-3.980000000e-02	2.321988285e+00	5.466522836e-03	2.531181098e-13
-4.000000000e-02	2.321990271e+00	5.387076252e-03	3.942166776e-13
-4.020000000e-02	2.321992260e+00	5.307629715e-03	2.435484284e-13
-4.040000000e-02	2.321994252e+00	5.228183241e-03	3.077612986e-13
-4.060000000e-02	2.321996246e+00	5.148736814e-03	5.113879514e-13
-4.080000000e-02	2.321998243e+00	5.069290461e-03	3.732473437e-13
-4.100000000e-02	2.322000243e+00	4.989844150e-03	4.823375619e-13
-4.120000000e-02	2.322002245e+00	4.910397903e-03	3.383004233e-13
-4.140000000e-02	2.322004251e+00	4.830951719e-03	1.874385560e-13
-4.160000000e-02	2.322006259e+00	4.751505589e-03	1.954733735e-13
-4.180000000e-02	2.322008269e+00	4.672059514e-03	1.381815443e-13
-4.200000000e-02	2.322010283e+00	4.592613505e-03	3.901337525e-13
-4.220000000e-02	2.322012299e+00	4.513167550e-03	1.426453884e-13
-4.240000000e-02	2.322014318e+00	4.433721657e-03	2.586307478e-13
-4.260000000e-02	2.322016340e+00	4.354275824e-03	4.053563904e-13
-4.280000000e-02	2.322018364e+00	4.274830049e-03	3.185148961e-13
-4.300000000e-02	2.322020391e+00	4.195384330e-03	2.707423373e-13
-4.320000000e-02	2.322022421e+00	4.115938674e-03	2.797328416e-13
-4.340000000e-02	2.322024453e+00	4.036493085e-03	2.520081862e-13
-4.360000000e-02	2.322026489e+00	3.957047551e-03	1.576189065e-13
-4.380000000e-02	2.322028527e+00	3.877602079e-03	3.394387688e-13
-4.400000000e-02	2.322030567e+00	3.798156671e-03	1.128038859e-13
-4.420000000e-02	2.322032611e+00	3.718711323e-03	2.434896106e-13
-4.440000000e-02	2.322034657e+00	3.639266038e-03	2.417151601e-13
-4.460000000e-02	2.322036706e+00	3.559820816e-03	3.312072656e-13
-4.480000000e-02	2.322038757e+00	3.480375656e-03	2.581489108e-13
-4.500000000e-02	2.322040812e+00	3.400930558e-03	3.536373644e-13
-4.520000000e-02	2.322042869e+00	3.321485532e-03	3.225637349e-13
-4.540000000e-02	2.322044929e+00	3.242040561e-03	1.390454354e-13
-4.560000000e-02	2.322046991e+00	3.162595652e-03	1.858725249e-13
-4.580000000e-02	2.322049056e+00	3.083150816e-03	5.479064372e-13
-4.600000000e-02	2.322051124e+00	3.003706039e-03	3.024160246e-13
-4.620000000e-02	2.322053195e+00	2.924261324e-03	2.114091566e-13
-4.640000000e-02	2.322055268e+00	2.844816679e-03	2.924743800e-13
-4.660000000e-02	2.322057344e+00	2.765372093e-03	1.985699375e-13
-4.680000000e-02	2.322059423e+00	2.685927577e-03	2.677979169e-13
-4.700000000e-02	2.322061505e+00	2.606483129e-03	2.868029548e-13
-4.720000000e-02	2.322063589e+00	2.527038746e-03	3.356769937e-13
-4.740000000e-02	2.322065676e+00	2.447594425e-03	2.696643923e-13
-4.760000000e-02	2.322067766e+00	2.368150176e-03	2.476244580e-13
-4.780000000e-02	2.322069858e+00	2.288705992e-03	2.062861415e-13
-4.800000000e-02	2.322071954e+00	2.209261874e-03	2.543889828e-13
-4.820000000e-02	2.322074052e+00	2.129817827e-03	2.859834689e-13
-4.840000000e-02	2.322076152e+00	2.050373846e-03	2.017249141e-13
-4.860000000e-02	2.322078256e+00	1.970929932e-03	3.410781223e-13
-4.880000000e-02	2.322080362e+00	1.891486087e-03	3.449421948e-13
-4.900000000e-02	2.322082470e+00	1.812042311e-03	3.856664829e-13
-4.920000000e-02	2.322084582e+00	1.732598601e-03	4.527548698e-13
-4.940000000e-02	2.322086696e+00	1.653154964e-03	4.000467936e-13
-4.960000000e-02	2.322088813e+00	1.573711393e-03	3.204436376e-13
-4.980000000e-02	2.322090933e+00	1.494267899e-03	2.402500594e-13
-5.000000000e-02	2.322093055e+00	1.414824470e-03	1.635537613e-13
-5.020000000e-02	2.322095181e+00	1.335381108e-03	3.138917980e-13
-5.040000000e-02	2.322097309e+00	1.255937824e-03	2.413946862e-13
-5.060000000e-02	2.322099439e+00	1.176494610e-03	1.951813120e-13
-5.080000000e-02	2.322101573e+00	1.097051465e-03	2.999663754e-13
-5.100000000e-02	2.322103709e+00	1.017608387e-03	4.276580539e-13
-5.120000000e-02	2.322105847e+00	9.381653905e-04	3.049816307e-13
-5.140000000e-02	2.322107989e+00	8.587224526e-04	4.045473364e-13
-5.160000000e-02	2.322110133e+00	7.792795975e-04	3.185386113e-13
-5.180000000e-02	2.322112280e+00	6.998368174e-04	3.982616960e-13
-5.200000000e-02	2.322114430e+00	6.203941023e-04	3.989094368e-13
-5.220000000e-02	2.322116582e+00	5.409514614e-04	2.258170444e-13
-5.240000000e-02	2.322118737e+00	4.615088966e-04	3.494616594e-13
-5.260000000e-02	2.322120895e+00	3.820664102e-04	3.064471468e-13
-5.280000000e-02	2.322123056e+00	3.026239925e-04	2.943313093e-13
-5.300000000e-02	2.322125219e+00	2.231816449e-04	1.891415020e-13
-5.320000000e-02	2.322127385e+00	1.437393745e-04	3.007189325e-13
-5.340000000e-02	2.322129554e+00	6.429718027e-05	2.712452969e-13
-5.360000000e-02	2.322131725e+00	-1.514493298e-05	3.228748671e-13
-5.380000000e-02	2.322133900e+00	-9.458698172e-05	2.704059308e-13
-5.400000000e-02	2.322136077e+00	-1.740289442e-04	2.846234007e-13
-5.420000000e-02	2.322138256e+00	-2.534708369e-04	2.295382578e-13
-5.440000000e-02	2.322140439e+00	-3.329126562e-04	2.786039731e-13
-5.460000000e-02	2.322142624e+00	-4.123543931e-04	4.520198095e-13
-5.480000000e-02	2.322144812e+00	-4.917960502e-04	3.069380768e-13
-5.500000000e-02	2.322147002e+00	-5.712376374e-04	2.985456936e-13
-5.520000000e-02	2.322149196e+00	-6.506791471e-04	2.802291180e-13
-5.540000000e-02	2.322151392e+00	-7.301205717e-04	4.445864182e-13
-5.560000000e-02	2.322153590e+00	-8.095619224e-04	4.340693345e-13
-5.580000000e-02	2.322155792e+00	-8.890031980e-04	3.033174754e-13
-5.600000000e-02	2.322157996e+00	-9.684443980e-04	2.510820996e-13
-5.620000000e-02	2.322160203e+00	-1.047885514e-03	4.208202507e-13
-5.640000000e-02	2.322162412e+00	-1.127326551e-03	3.390701417e-13
-5.660000000e-02	2.322164625e+00	-1.206767509e-03	2.521357422e-13
-5.680000000e-02	2.322166840e+00	-1.286208383e-03	3.365244822e-13
-5.700000000e-02	2.322169058e+00	-1.365649180e-03	3.296571673e-13
-5.720000000e-02	2.322171278e+00	-1.445089903e-03	4.093598526e-13
-5.740000000e-02	2.322173501e+00	-1.524530540e-03	2.856195000e-13
-5.760000000e-02	2.322175727e+00	-1.603971097e-03	2.988360745e-13
-5.780000000e-02	2.322177956e+00	-1.683411575e-03	3.081771546e-13
-5.800000000e-02	2.322180188e+00	-1.762851961e-03	3.645647642e-13
-5.820000000e-02	2.322182422e+00	-1.842292279e-03	3.983829149e-13
-5.840000000e-02	2.322184659e+00	-1.921732508e-03	2.955253301e-13
-5.860000000e-02	2.322186898e+00	-2.001172660e-03	3.022697066e-13
-5.880000000e-02	2.322189141e+00	-2.080612724e-03	2.538819116e-13
-5.900000000e-02	2.322191386e+00	-2.160052704e-03	3.372896437e-13
-5.920000000e-02	2.322193633e+00	-2.239492610e-03	1.372400285e-13
-5.940000000e-02	2.322195884e+00	-2.318932426e-03	3.375499557e-13
-5.960000000e-02	2.322198137e+00	-2.398372162e-03	3.380278717e-13
-5.980000000e-02	2.322200393e+00	-2.477811808e-03	1.953440053e-13
-6.000000000e-02	2.322202652e+00	-2.557251373e-03	3.044732968e-13
-6.020000000e-02	2.322204913e+00	-2.636690855e-03	2.960755388e-13
-6.040000000e-02	2.322207177e+00	-2.716130253e-03	3.258823902e-13
-6.060000000e-02	2.322209444e+00	-2.795569563e-03	2.281583395e-13
-6.080000000e-02	2.322211714e+00	-2.875008789e-03	3.646454226e-13
-6.100000000e-02	2.322213986e+00	-2.954447928e-03	3.690255378e-13
-6.120000000e-02	2.322216261e+00	-3.033886987e-03	1.663938095e-13
-6.140000000e-02	2.322218539e+00	-3.113325955e-03	3.300324335e-13
-6.160000000e-02	2.322220819e+00	-3.192764835e-03	3.547467912e-13
-6.180000000e-02	2.322223102e+00	-3.272203639e-03	4.822522021e-13
-6.200000000e-02	2.322225388e+00	-3.351642344e-03	3.895274845e-13
-6.220000000e-02	2.322227677e+00	-3.431080966e-03	2.512597144e-13
-6.240000000e-02	2.322229968e+00	-3.510519501e-03	3.929676497e-13
-6.260000000e-02	2.322232262e+00	-3.589957942e-03	4.198993585e-13
-6.280000000e-02	2.322234559e+00	-3.669396306e-03	3.719470609e-13
-6.300000000e-02	2.322236859e+00	-3.748834572e-03	2.421100249e-13
-6.320000000e-02	2.322239161e+00	-3.828272758e-03	3.210153719e-13
-6.340000000e-02	2.322241466e+00	-3.907710845e-03	2.523344177e-13
-6.360000000e-02	2.322243774e+00	-3.987148852e-03	2.218764252e-13
-6.380000000e-02	2.322246084e+00	-4.066586768e-03	4.326412111e-13
-6.400000000e-02	2.322248397e+00	-4.146024585e-03	2.414150529e-13
-6.420000000e-02	2.322250713e+00	-4.225462323e-03	1.187104303e-13
-6.440000000e-02	2.322253032e+00	-4.304899966e-03	2.411890948e-13
-6.460000000e-02	2.322255353e+00	-4.384337515e-03	3.530420613e-13
-6.480000000e-02	2.322257677e+00	-4.463774981e-03	2.886011711e-13
-6.500000000e-02	2.322260004e+00	-4.543212354e-03	2.641029886e-13
-6.520000000e-02	2.322262333e+00	-4.622649629e-03	2.205872099e-13
-6.540000000e-02	2.322264665e+00	-4.702086821e-03	1.666746444e-13
-6.560000000e-02	2.322267000e+00	-4.781523920e-03	3.794151202e-13
-6.580000000e-02	2.322269338e+00	-4.860960921e-03	2.537252094e-13
-6.600000000e-02	2.322271678e+00	-4.940397834e-03	4.532800609e-13
-6.620000000e-02	2.322274022e+00	-5.019834649e-03	7.065894979e-14
-6.640000000e-02	2.322276367e+00	-5.099271373e-03	3.718086944e-13
-6.660000000e-02	2.322278716e+00	-5.178708006e-03	3.665535278e-13
-6.680000000e-02	2.322281067e+00	-5.258144547e-03	3.637592863e-13
-6.700000000e-02	2.322283421e+00	-5.337580990e-03	3.004417714e-13
-6.720000000e-02	2.322285778e+00	-5.417017332e-03	4.801230853e-13
-6.740000000e-02	2.322288137e+00	-5.496453591e-03	2.832176759e-13
-6.760000000e-02	2.322290500e+00	-5.575889752e-03	3.965821548e-13
-6.780000000e-02	2.322292864e+00	-5.655325821e-03	2.504584834e-13
-6.800000000e-02	2.322295232e+00	-5.734761792e-03	2.708662310e-13
-6.820000000e-02	2.322297602e+00	-5.814197664e-03	3.049845700e-13
-6.840000000e-02	2.322299975e+00	-5.893633440e-03	2.681026060e-13
-6.860000000e-02	2.322302351e+00	-5.973069126e-03	3.747947748e-13
-6.880000000e-02	2.322304730e+00	-6.052504715e-03	4.756941093e-13
-6.900000000e-02	2.322307111e+00	-6.131940202e-03	2.747134657e-13
-6.920000000e-02	2.322309495e+00	-6.211375591e-03	2.683354236e-13
-6.940000000e-02	2.322311882e+00	-6.290810886e-03	3.826333916e-13
-6.960000000e-02	2.322314271e+00	-6.370246086e-03	2.462691369e-13
-6.980000000e-02	2.322316663e+00	-6.449681181e-03	3.188584184e-13
-7.000000000e-02	2.322319058e+00	-6.529116181e-03	3.120815762e-13
-7.020000000e-02	2.322321456e+00	-6.608551088e-03	3.198386086e-13
-7.040000000e-02	2.322323856e+00	-6.687985891e-03	2.654900439e-13
-7.060000000e-02	2.322326259e+00	-6.767420593e-03	3.213147052e-13
-7.080000000e-02	2.322328665e+00	-6.846855202e-03	1.102257494e-13
-7.100000000e-02	2.322331073e+00	-6.926289709e-03	1.807284495e-13
-7.120000000e-02	2.322333484e+00	-7.005724116e-03	2.113811361e-13
-7.140000000e-02	2.322335898e+00	-7.085158423e-03	3.692111592e-13
-7.160000000e-02	2.322338315e+00	-7.164592626e-03	2.657979783e-13
-7.180000000e-02	2.322340734e+00	-7.244026728e-03	2.614400608e-13
-7.200000000e-02	2.322343156e+00	-7.323460733e-03	2.108531970e-13
-7.220000000e-02	2.322345581e+00	-7.402894640e-03	2.560129597e-13
-7.240000000e-02	2.322348009e+00	-7.482328440e-03	4.239961672e-13
-7.260000000e-02	2.322350439e+00	-7.561762138e-03	2.884762604e-13
-7.280000000e-02	2.322352872e+00	-7.641195739e-03	3.932879555e-13
-7.300000000e-02	2.322355308e+00	-7.720629226e-03	3.636636889e-13
-7.320000000e-02	2.322357746e+00	-7.800062624e-03	2.180215477e-13
-7.340000000e-02	2.322360187e+00	-7.879495909e-03	2.689198185e-13
-7.360000000e-02	2.322362631e+00	-7.958929096e-03	4.043752191e-13
-7.380000000e-02	2.322365078e+00	-8.038362177e-03	4.266120838e-13
-7.400000000e-02	2.322367527e+00	-8.117795156e-03	3.671736083e-13
-7.420000000e-02	2.322369979e+00	-8.197228036e-03	2.237130310e-13
-7.440000000e-02	2.322372434e+00	-8.276660807e-03	2.610100376e-13
-7.460000000e-02	2.322374891e+00	-8.356093467e-03	3.662447052e-13
-7.480000000e-02	2.322377351e+00	-8.435526034e-03	3.256291921e-13
-7.500000000e-02	2.322379814e+00	-8.514958485e-03	3.387047160e-13
-7.520000000e-02	2.322382280e+00	-8.594390840e-03	2.018474346e-13
-7.540000000e-02	2.322384748e+00	-8.673823082e-03	2.138938013e-13
-7.560000000e-02	2.322387220e+00	-8.753255221e-03	1.429411031e-13
-7.580000000e-02	2.322389693e+00	-8.832687256e-03	3.971166000e-13
-7.600000000e-02	2.322392170e+00	-8.912119177e-03	2.583901345e-13
-7.620000000e-02	2.322394649e+00	-8.991551001e-03	3.115344609e-13
-7.640000000e-02	2.322397131e+00	-9.070982711e-03	4.770892544e-13
-7.660000000e-02	2.322399616e+00	-9.150414311e-03	2.565671537e-13
-7.680000000e-02	2.322402103e+00	-9.229845810e-03	2.432040928e-13
-7.700000000e-02	2.322404593e+00	-9.309277197e-03	1.907447126e-13
-7.720000000e-02	2.322407086e+00	-9.388708478e-03	2.197476139e-13
-7.740000000e-02	2.322409582e+00	-9.468139652e-03	2.247784289e-13
-7.760000000e-02	2.322412080e+00	-9.547570712e-03	2.727641511e-13
-7.780000000e-02	2.322414581e+00	-9.627001671e-03	2.837355239e-13
-7.800000000e-02	2.322417085e+00	-9.706432510e-03	3.896539969e-13
-7.820000000e-02	2.322419592e+00	-9.785863245e-03	2.009645719e-13
-7.840000000e-02	2.322422101e+00	-9.865293874e-03	1.905887848e-13
-7.860000000e-02	2.322424613e+00	-9.944724387e-03	3.177304535e-13
-7.880000000e-02	2.322427127e+00	-1.002415479e-02	3.108993085e-13
-7.900000000e-02	2.322429645e+00	-1.010358509e-02	3.283766526e-13
-7.920000000e-02	2.322432165e+00	-1.018301527e-02	3.069695939e-13
-7.940000000e-02	2.322434688e+00	-1.026244534e-02	3.369066359e-13
-7.960000000e-02	2.322437213e+00	-1.034187529e-02	3.368632436e-13
-7.980000000e-02	2.322439742e+00	-1.042130514e-02	2.888743389e-13
-8.000000000e-02	2.322442273e+00	-1.050073488e-02	3.414486301e-13
-8.020000000e-02	2.322444806e+00	-1.058016450e-02	3.482899628e-13
-8.040000000e-02	2.322447343e+00	-1.065959401e-02	3.443589701e-13
-8.060000000e-02	2.322449882e+00	-1.073902341e-02	4.495302065e-13
-8.080000000e-02	2.322452424e+00	-1.081845269e-02	3.453702437e-13
-8.100000000e-02	2.322454968e+00	-1.089788187e-02	3.760980403e-13
-8.120000000e-02	2.322457516e+00	-1.097731092e-02	2.925201176e-13
-8.140000000e-02	2.322460066e+00	-1.105673986e-02	3.246284804e-13
-8.160000000e-02	2.322462618e+00	-1.113616869e-02	3.247724522e-13
-8.180000000e-02	2.322465174e+00	-1.121559740e-02	3.602211412e-13
-8.200000000e-02	2.322467732e+00	-1.129502600e-02	2.440494675e-13
-8.220000000e-02	2.322470293e+00	-1.137445448e-02	2.634105208e-13
-8.240000000e-02	2.322472857e+00	-1.145388285e-02	1.995557273e-13
-8.260000000e-02	2.322475423e+00	-1.153331110e-02	2.821470234e-13
-8.280000000e-02	2.322477992e+00	-1.161273924e-02	4.563004527e-13
-8.300000000e-02	2.322480564e+00	-1.169216726e-02	2.472669389e-13
-8.320000000e-02	2.322483139e+00	-1.177159516e-02	3.885730592e-13
-8.340000000e-02	2.322485716e+00	-1.185102294e-02	2.323883241e-13
-8.360000000e-02	2.322488296e+00	-1.193045061e-02	2.400213145e-13
-8.380000000e-02	2.322490879e+00	-1.200987816e-02	2.879468157e-13
-8.400000000e-02	2.322493464e+00	-1.208930560e-02	2.068350405e-13
-8.420000000e-02	2.322496052e+00	-1.216873290e-02	2.881257994e-13
-8.440000000e-02	2.322498643e+00	-1.224816010e-02	4.011111069e-13
-8.460000000e-02	2.322501237e+00	-1.232758718e-02	3.826825401e-13
-8.480000000e-02	2.322503833e+00	-1.240701414e-02	2.613129558e-13
-8.500000000e-02	2.322506432e+00	-1.248644098e-02	1.701901808e-13
-8.520000000e-02	2.322509034e+00	-1.256586770e-02	2.512162880e-13
-8.540000000e-02	2.322511638e+00	-1.264529430e-02	3.364513916e-13
-8.560000000e-02	2.322514246e+00	-1.272472078e-02	2.001913063e-13
-8.580000000e-02	2.322516856e+00	-1.280414714e-02	1.717914665e-13
-8.600000000e-02	2.322519468e+00	-1.288357338e-02	2.179854652e-13
-8.620000000e-02	2.322522084e+00	-1.296299949e-02	3.245157665e-13
-8.640000000e-02	2.322524702e+00	-1.304242549e-02	3.222876423e-13
-8.660000000e-02	2.322527322e+00	-1.312185137e-02	2.956252470e-13
-8.680000000e-02	2.322529946e+00	-1.320127713e-02	4.291710556e-13
-8.700000000e-02	2.322532572e+00	-1.328070276e-02	3.372916262e-13
-8.720000000e-02	2.322535201e+00	-1.336012826e-02	4.951200971e-13
-8.740000000e-02	2.322537833e+00	-1.343955366e-02	2.539473938e-13
-8.760000000e-02	2.322540467e+00	-1.351897892e-02	2.675772926e-13
-8.780000000e-02	2.322543105e+00	-1.359840406e-02	2.830784097e-13
-8.800000000e-02	2.322545744e+00	-1.367782907e-02	4.247815063e-13
-8.820000000e-02	2.322548387e+00	-1.375725397e-02	2.557857560e-13
-8.840000000e-02	2.322551032e+00	-1.383667874e-02	2.584743234e-13
-8.860000000e-02	2.322553680e+00	-1.391610339e-02	2.354616035e-13
-8.880000000e-02	2.322556331e+00	-1.399552791e-02	1.549654220e-13
-8.900000000e-02	2.322558985e+00	-1.407495231e-02	1.311022310e-13
-8.920000000e-02	2.322561641e+00	-1.415437658e-02	3.422621214e-13
-8.940000000e-02	2.322564300e+00	-1.423380072e-02	2.338931451e-13
-8.960000000e-02	2.322566961e+00	-1.431322475e-02	4.611973987e-13
-8.980000000e-02	2.322569626e+00	-1.439264864e-02	1.460414296e-13
-9.000000000e-02	2.322572293e+00	-1.447207241e-02	2.732620700e-13
-9.020000000e-02	2.322574963e+00	-1.455149605e-02	1.807544978e-13
-9.040000000e-02	2.322577635e+00	-1.463091956e-02	3.136695561e-13
-9.060000000e-02	2.322580310e+00	-1.471034295e-02	2.012621511e-13
-9.080000000e-02	2.322582988e+00	-1.478976622e-02	3.697693716e-13
-9.100000000e-02	2.322585669e+00	-1.486918935e-02	2.208173740e-13
-9.120000000e-02	2.322588353e+00	-1.494861236e-02	2.901008400e-13
-9.140000000e-02	2.322591039e+00	-1.502803523e-02	1.458296566e-13
-9.160000000e-02	2.322593728e+00	-1.510745798e-02	1.755574468e-13
-9.180000000e-02	2.322596419e+00	-1.518688060e-02	3.650994525e-13
-9.200000000e-02	2.322599113e+00	-1.526630309e-02	2.525792343e-13
-9.220000000e-02	2.322601810e+00	-1.534572545e-02	2.393752241e-13
-9.240000000e-02	2.322604510e+00	-1.542514768e-02	3.549416942e-13
-9.260000000e-02	2.322607213e+00	-1.550456979e-02	2.540525515e-13
-9.280000000e-02	2.322609918e+00	-1.558399176e-02	2.181464814e-13
-9.300000000e-02	2.322612626e+00	-1.566341360e-02	2.602257934e-13
-9.320000000e-02	2.322615336e+00	-1.574283531e-02	3.548314637e-13
-9.340000000e-02	2.322618050e+00	-1.582225689e-02	2.331470236e-13
-9.360000000e-02	2.322620766e+00	-1.590167834e-02	1.439674183e-13
-9.380000000e-02	2.322623485e+00	-1.598109966e-02	3.655571672e-13
-9.400000000e-02	2.322626206e+00	-1.606052085e-02	3.126863598e-13
-9.420000000e-02	2.322628930e+00	-1.613994190e-02	3.098280327e-13
-9.440000000e-02	2.322631657e+00	-1.621936282e-02	2.600805497e-13
-9.460000000e-02	2.322634387e+00	-1.629878360e-02	3.454584413e-13
-9.480000000e-02	2.322637119e+00	-1.637820427e-02	5.572730723e-13
-9.500000000e-02	2.322639854e+00	-1.645762479e-02	7.930674105e-14
-9.520000000e-02	2.322642592e+00	-1.653704517e-02	3.368024575e-13
-9.540000000e-02	2.322645333e+00	-1.661646544e-02	4.709215752e-13
-9.560000000e-02	2.322648076e+00	-1.669588555e-02	3.950180663e-13
-9.580000000e-02	2.322650822e+00	-1.677530554e-02	8.531455816e-14
-9.600000000e-02	2.322653571e+00	-1.685472539e-02	1.894028971e-13
-9.620000000e-02	2.322656322e+00	-1.693414511e-02	3.392197595e-13
-9.640000000e-02	2.322659076e+00	-1.701356470e-02	5.228957761e-13
-9.660000000e-02	2.322661833e+00	-1.709298413e-02	4.586524601e-13
-9.680000000e-02	2.322664593e+00	-1.717240345e-02	3.417434798e-13
-9.700000000e-02	2.322667355e+00	-1.725182263e-02	3.198105329e-13
-9.720000000e-02	2.322670120e+00	-1.733124167e-02	3.140049317e-13
-9.740000000e-02	2.322672888e+00	-1.741066057e-02	2.669295070e-13
-9.760000000e-02	2.322675658e+00	-1.749007933e-02	2.755074664e-13
-9.780000000e-02	2.322678432e+00	-1.756949796e-02	4.469541580e-13
-9.800000000e-02	2.322681208e+00	-1.764891645e-02	2.815284550e-13
-9.820000000e-02	2.322683986e+00	-1.772833480e-02	2.640223933e-13
-9.840000000e-02	2.322686768e+00	-1.780775302e-02	3.574691172e-13
-9.860000000e-02	2.322689552e+00	-1.788717110e-02	2.848676950e-13
-9.880000000e-02	2.322692339e+00	-1.796658903e-02	3.037634561e-13
-9.900000000e-02	2.322695128e+00	-1.804600683e-02	2.517408565e-13
-9.920000000e-02	2.322697920e+00	-1.812542449e-02	3.144760409e-13
-9.940000000e-02	2.322700715e+00	-1.820484202e-02	2.415393698e-13
-9.960000000e-02	2.322703513e+00	-1.828425940e-02	3.243041373e-13
-9.980000000e-02	2.322706313e+00	-1.836367664e-02	4.284247297e-13
-1.000000000e-01	2.322709116e+00	-1.844309374e-02	2.794335128e-13
