# epsi_ci     Re(Lambda)      Im(Lambda)      Eq(det), R = 0.40 $\mu$m, $E_p$ = 0.900 eV, modo = 2, $\epsilon_\infty$ = 3.9, $\gamma_{DL}$ = 0.01 eV, solve_det_sinkz_vs_mu.py
0.000000000e+00	2.343440537e+00	2.299017669e-02	3.268055348e-13
-2.000000000e-04	2.343441949e+00	2.291016855e-02	1.107226368e-13
-4.000000000e-04	2.343443365e+00	2.283016039e-02	3.752206962e-13
-6.000000000e-04	2.343444783e+00	2.275015221e-02	3.196827102e-13
-8.000000000e-04	2.343446204e+00	2.267014401e-02	2.444153715e-13
-1.000000000e-03	2.343447627e+00	2.259013578e-02	4.089329673e-13
-1.200000000e-03	2.343449053e+00	2.251012753e-02	3.572798471e-13
-1.400000000e-03	2.343450482e+00	2.243011927e-02	2.585068042e-13
-1.600000000e-03	2.343451914e+00	2.235011099e-02	3.080528274e-13
-1.800000000e-03	2.343453349e+00	2.227010269e-02	3.352786780e-13
-2.000000000e-03	2.343454786e+00	2.219009436e-02	3.184649262e-13
-2.200000000e-03	2.343456226e+00	2.211008602e-02	2.667287074e-13
-2.400000000e-03	2.343457668e+00	2.203007766e-02	1.592981028e-13
-2.600000000e-03	2.343459113e+00	2.195006928e-02	2.214331525e-13
-2.800000000e-03	2.343460561e+00	2.187006088e-02	2.039248267e-13
-3.000000000e-03	2.343462012e+00	2.179005245e-02	4.923823400e-13
-3.200000000e-03	2.343463466e+00	2.171004402e-02	1.947963321e-13
-3.400000000e-03	2.343464922e+00	2.163003557e-02	4.302438315e-13
-3.600000000e-03	2.343466381e+00	2.155002710e-02	2.129803710e-13
-3.800000000e-03	2.343467842e+00	2.147001862e-02	3.081301870e-13
-4.000000000e-03	2.343469307e+00	2.139001012e-02	2.098951098e-13
-4.200000000e-03	2.343470774e+00	2.131000159e-02	2.581461774e-13
-4.400000000e-03	2.343472243e+00	2.122999306e-02	2.260328587e-13
-4.600000000e-03	2.343473716e+00	2.114998451e-02	3.378089000e-13
-4.800000000e-03	2.343475191e+00	2.106997594e-02	9.986669166e-14
-5.000000000e-03	2.343476669e+00	2.098996736e-02	3.671353722e-13
-5.200000000e-03	2.343478150e+00	2.090995876e-02	3.187713074e-13
-5.400000000e-03	2.343479633e+00	2.082995015e-02	3.818932739e-13
-5.600000000e-03	2.343481119e+00	2.074994152e-02	1.879884825e-13
-5.800000000e-03	2.343482608e+00	2.066993288e-02	2.719149641e-13
-6.000000000e-03	2.343484099e+00	2.058992423e-02	2.904063968e-13
-6.200000000e-03	2.343485594e+00	2.050991556e-02	2.406452660e-13
-6.400000000e-03	2.343487090e+00	2.042990687e-02	3.247766234e-13
-6.600000000e-03	2.343488590e+00	2.034989818e-02	2.997237837e-13
-6.800000000e-03	2.343490093e+00	2.026988947e-02	2.860360202e-13
-7.000000000e-03	2.343491598e+00	2.018988076e-02	3.302430939e-13
-7.200000000e-03	2.343493105e+00	2.010987202e-02	2.819168435e-13
-7.400000000e-03	2.343494616e+00	2.002986328e-02	2.958774159e-13
-7.600000000e-03	2.343496129e+00	1.994985452e-02	4.460251437e-13
-7.800000000e-03	2.343497645e+00	1.986984575e-02	1.429130924e-13
-8.000000000e-03	2.343499164e+00	1.978983697e-02	3.093001680e-13
-8.200000000e-03	2.343500685e+00	1.970982819e-02	3.806446901e-13
-8.400000000e-03	2.343502209e+00	1.962981938e-02	2.240054494e-13
-8.600000000e-03	2.343503736e+00	1.954981057e-02	2.391617863e-13
-8.800000000e-03	2.343505266e+00	1.946980176e-02	2.432631315e-13
-9.000000000e-03	2.343506798e+00	1.938979292e-02	2.484871557e-13
-9.200000000e-03	2.343508333e+00	1.930978408e-02	1.755237699e-13
-9.400000000e-03	2.343509871e+00	1.922977523e-02	2.434415821e-13
-9.600000000e-03	2.343511411e+00	1.914976637e-02	6.175856512e-14
-9.800000000e-03	2.343512954e+00	1.906975750e-02	3.095870612e-13
-1.000000000e-02	2.343514500e+00	1.898974863e-02	2.867956874e-13
-1.020000000e-02	2.343516049e+00	1.890973975e-02	2.434309825e-13
-1.040000000e-02	2.343517600e+00	1.882973085e-02	2.498122832e-13
-1.060000000e-02	2.343519154e+00	1.874972195e-02	2.491682565e-13
-1.080000000e-02	2.343520711e+00	1.866971305e-02	3.836562009e-13
-1.100000000e-02	2.343522270e+00	1.858970413e-02	3.496898911e-13
-1.120000000e-02	2.343523833e+00	1.850969521e-02	2.538268325e-13
-1.140000000e-02	2.343525398e+00	1.842968628e-02	1.081907038e-13
-1.160000000e-02	2.343526965e+00	1.834967735e-02	1.793864758e-13
-1.180000000e-02	2.343528536e+00	1.826966841e-02	2.091341414e-13
-1.200000000e-02	2.343530109e+00	1.818965946e-02	1.935778634e-13
-1.220000000e-02	2.343531684e+00	1.810965051e-02	3.473816013e-13
-1.240000000e-02	2.343533263e+00	1.802964155e-02	2.851266806e-13
-1.260000000e-02	2.343534844e+00	1.794963259e-02	2.130032582e-13
-1.280000000e-02	2.343536428e+00	1.786962363e-02	2.176790776e-13
-1.300000000e-02	2.343538015e+00	1.778961466e-02	2.875457113e-13
-1.320000000e-02	2.343539604e+00	1.770960568e-02	3.541234129e-13
-1.340000000e-02	2.343541196e+00	1.762959671e-02	4.472134573e-13
-1.360000000e-02	2.343542791e+00	1.754958772e-02	1.809354407e-13
-1.380000000e-02	2.343544389e+00	1.746957873e-02	3.315176224e-13
-1.400000000e-02	2.343545989e+00	1.738956975e-02	2.407475785e-13
-1.420000000e-02	2.343547592e+00	1.730956076e-02	4.962115531e-13
-1.440000000e-02	2.343549197e+00	1.722955176e-02	3.254445748e-13
-1.460000000e-02	2.343550806e+00	1.714954277e-02	2.031745593e-13
-1.480000000e-02	2.343552417e+00	1.706953377e-02	2.134750201e-13
-1.500000000e-02	2.343554031e+00	1.698952477e-02	1.544157514e-13
-1.520000000e-02	2.343555647e+00	1.690951577e-02	2.750379544e-13
-1.540000000e-02	2.343557267e+00	1.682950677e-02	2.438786728e-13
-1.560000000e-02	2.343558889e+00	1.674949776e-02	4.441493988e-13
-1.580000000e-02	2.343560513e+00	1.666948876e-02	2.565526772e-13
-1.600000000e-02	2.343562141e+00	1.658947976e-02	3.045930406e-13
-1.620000000e-02	2.343563771e+00	1.650947075e-02	1.250607592e-13
-1.640000000e-02	2.343565404e+00	1.642946175e-02	2.580207609e-13
-1.660000000e-02	2.343567040e+00	1.634945275e-02	3.231478137e-13
-1.680000000e-02	2.343568678e+00	1.626944375e-02	2.452013209e-13
-1.700000000e-02	2.343570319e+00	1.618943474e-02	2.530555107e-13
-1.720000000e-02	2.343571963e+00	1.610942575e-02	2.571465392e-13
-1.740000000e-02	2.343573609e+00	1.602941675e-02	3.455671237e-13
-1.760000000e-02	2.343575258e+00	1.594940775e-02	3.193957065e-13
-1.780000000e-02	2.343576910e+00	1.586939875e-02	3.019152420e-13
-1.800000000e-02	2.343578565e+00	1.578938977e-02	3.526374216e-13
-1.820000000e-02	2.343580222e+00	1.570938078e-02	4.182909188e-13
-1.840000000e-02	2.343581882e+00	1.562937179e-02	3.730335514e-13
-1.860000000e-02	2.343583545e+00	1.554936281e-02	3.550391765e-13
-1.880000000e-02	2.343585211e+00	1.546935383e-02	2.978721978e-13
-1.900000000e-02	2.343586879e+00	1.538934485e-02	3.274072404e-13
-1.920000000e-02	2.343588550e+00	1.530933588e-02	3.859251142e-13
-1.940000000e-02	2.343590223e+00	1.522932691e-02	3.336844517e-13
-1.960000000e-02	2.343591900e+00	1.514931796e-02	2.756605654e-13
-1.980000000e-02	2.343593579e+00	1.506930900e-02	1.706656081e-13
-2.000000000e-02	2.343595261e+00	1.498930005e-02	3.154967465e-13
-2.020000000e-02	2.343596945e+00	1.490929110e-02	2.722767934e-13
-2.040000000e-02	2.343598632e+00	1.482928216e-02	3.062976174e-13
-2.060000000e-02	2.343600322e+00	1.474927322e-02	2.902003263e-13
-2.080000000e-02	2.343602015e+00	1.466926429e-02	3.834647310e-13
-2.100000000e-02	2.343603711e+00	1.458925538e-02	1.770342745e-13
-2.120000000e-02	2.343605409e+00	1.450924646e-02	2.879823682e-13
-2.140000000e-02	2.343607110e+00	1.442923755e-02	4.277972091e-13
-2.160000000e-02	2.343608813e+00	1.434922865e-02	4.304535160e-13
-2.180000000e-02	2.343610519e+00	1.426921976e-02	1.451115887e-13
-2.200000000e-02	2.343612228e+00	1.418921088e-02	3.587565123e-13
-2.220000000e-02	2.343613940e+00	1.410920199e-02	3.193725381e-13
-2.240000000e-02	2.343615655e+00	1.402919313e-02	2.685984962e-13
-2.260000000e-02	2.343617372e+00	1.394918426e-02	2.614060570e-13
-2.280000000e-02	2.343619092e+00	1.386917542e-02	1.992668835e-13
-2.300000000e-02	2.343620814e+00	1.378916657e-02	4.660110305e-13
-2.320000000e-02	2.343622540e+00	1.370915774e-02	2.650854457e-13
-2.340000000e-02	2.343624268e+00	1.362914892e-02	2.681342712e-13
-2.360000000e-02	2.343625998e+00	1.354914011e-02	3.233490628e-13
-2.380000000e-02	2.343627732e+00	1.346913131e-02	1.995064299e-13
-2.400000000e-02	2.343629468e+00	1.338912252e-02	2.061519382e-13
-2.420000000e-02	2.343631207e+00	1.330911373e-02	3.802529666e-13
-2.440000000e-02	2.343632949e+00	1.322910497e-02	2.977150423e-13
-2.460000000e-02	2.343634693e+00	1.314909621e-02	2.909020149e-13
-2.480000000e-02	2.343636440e+00	1.306908747e-02	2.143762102e-13
-2.500000000e-02	2.343638190e+00	1.298907873e-02	2.659936628e-13
-2.520000000e-02	2.343639942e+00	1.290907001e-02	3.639360724e-13
-2.540000000e-02	2.343641698e+00	1.282906130e-02	3.482799391e-13
-2.560000000e-02	2.343643456e+00	1.274905260e-02	3.454676944e-13
-2.580000000e-02	2.343645216e+00	1.266904392e-02	2.568240201e-13
-2.600000000e-02	2.343646980e+00	1.258903526e-02	3.052849021e-13
-2.620000000e-02	2.343648746e+00	1.250902659e-02	2.715305564e-13
-2.640000000e-02	2.343650514e+00	1.242901796e-02	1.530666780e-13
-2.660000000e-02	2.343652286e+00	1.234900933e-02	3.275945330e-13
-2.680000000e-02	2.343654060e+00	1.226900071e-02	1.977328984e-13
-2.700000000e-02	2.343655837e+00	1.218899212e-02	2.319818004e-13
-2.720000000e-02	2.343657617e+00	1.210898353e-02	4.381413593e-13
-2.740000000e-02	2.343659399e+00	1.202897496e-02	2.655035851e-13
-2.760000000e-02	2.343661185e+00	1.194896641e-02	1.795109007e-13
-2.780000000e-02	2.343662972e+00	1.186895788e-02	2.015470093e-13
-2.800000000e-02	2.343664763e+00	1.178894935e-02	2.799518008e-13
-2.820000000e-02	2.343666556e+00	1.170894085e-02	2.722775466e-13
-2.840000000e-02	2.343668352e+00	1.162893236e-02	1.925071973e-13
-2.860000000e-02	2.343670151e+00	1.154892389e-02	2.516088454e-13
-2.880000000e-02	2.343671953e+00	1.146891544e-02	2.879279475e-13
-2.900000000e-02	2.343673757e+00	1.138890700e-02	3.347760784e-13
-2.920000000e-02	2.343675564e+00	1.130889858e-02	2.798212614e-13
-2.940000000e-02	2.343677373e+00	1.122889018e-02	3.000726543e-13
-2.960000000e-02	2.343679186e+00	1.114888180e-02	1.508978554e-13
-2.980000000e-02	2.343681001e+00	1.106887344e-02	2.308389024e-13
-3.000000000e-02	2.343682818e+00	1.098886510e-02	3.150682610e-13
-3.020000000e-02	2.343684639e+00	1.090885677e-02	3.252080192e-13
-3.040000000e-02	2.343686462e+00	1.082884846e-02	3.157740435e-13
-3.060000000e-02	2.343688288e+00	1.074884018e-02	2.995944596e-13
-3.080000000e-02	2.343690117e+00	1.066883190e-02	3.169943324e-13
-3.100000000e-02	2.343691948e+00	1.058882366e-02	3.361647196e-13
-3.120000000e-02	2.343693782e+00	1.050881544e-02	3.294481258e-13
-3.140000000e-02	2.343695619e+00	1.042880723e-02	2.857808864e-13
-3.160000000e-02	2.343697458e+00	1.034879905e-02	1.752049244e-13
-3.180000000e-02	2.343699301e+00	1.026879088e-02	2.391742349e-13
-3.200000000e-02	2.343701146e+00	1.018878275e-02	2.633610832e-13
-3.220000000e-02	2.343702993e+00	1.010877463e-02	2.091899201e-13
-3.240000000e-02	2.343704844e+00	1.002876653e-02	4.352149012e-13
-3.260000000e-02	2.343706697e+00	9.948758448e-03	3.313415940e-13
-3.280000000e-02	2.343708553e+00	9.868750401e-03	2.786531422e-13
-3.300000000e-02	2.343710411e+00	9.788742373e-03	2.591539028e-13
-3.320000000e-02	2.343712273e+00	9.708734361e-03	3.003225825e-13
-3.340000000e-02	2.343714137e+00	9.628726380e-03	2.843201424e-13
-3.360000000e-02	2.343716003e+00	9.548718422e-03	1.639302959e-13
-3.380000000e-02	2.343717873e+00	9.468710485e-03	3.703000086e-13
-3.400000000e-02	2.343719745e+00	9.388702581e-03	1.921495502e-13
-3.420000000e-02	2.343721620e+00	9.308694690e-03	3.093900785e-13
-3.440000000e-02	2.343723497e+00	9.228686828e-03	3.264226819e-13
-3.460000000e-02	2.343725378e+00	9.148678996e-03	2.512522437e-13
-3.480000000e-02	2.343727261e+00	9.068671188e-03	2.042910539e-13
-3.500000000e-02	2.343729146e+00	8.988663400e-03	2.651544585e-13
-3.520000000e-02	2.343731035e+00	8.908655641e-03	2.654968811e-13
-3.540000000e-02	2.343732926e+00	8.828647908e-03	2.640742076e-13
-3.560000000e-02	2.343734820e+00	8.748640202e-03	1.967025500e-13
-3.580000000e-02	2.343736717e+00	8.668632526e-03	3.997546497e-13
-3.600000000e-02	2.343738616e+00	8.588624871e-03	2.706468618e-13
-3.620000000e-02	2.343740518e+00	8.508617251e-03	2.106331787e-13
-3.640000000e-02	2.343742423e+00	8.428609648e-03	3.282141786e-13
-3.660000000e-02	2.343744330e+00	8.348602082e-03	2.055604370e-13
-3.680000000e-02	2.343746241e+00	8.268594536e-03	4.094679826e-13
-3.700000000e-02	2.343748153e+00	8.188587024e-03	3.326129720e-13
-3.720000000e-02	2.343750069e+00	8.108579542e-03	1.691993659e-13
-3.740000000e-02	2.343751988e+00	8.028572088e-03	1.086128074e-13
-3.760000000e-02	2.343753909e+00	7.948564667e-03	3.584392703e-13
-3.780000000e-02	2.343755832e+00	7.868557268e-03	2.155552223e-13
-3.800000000e-02	2.343757759e+00	7.788549902e-03	2.406774735e-13
-3.820000000e-02	2.343759688e+00	7.708542566e-03	1.761958608e-13
-3.840000000e-02	2.343761620e+00	7.628535256e-03	2.531803529e-13
-3.860000000e-02	2.343763555e+00	7.548527985e-03	2.239315235e-13
-3.880000000e-02	2.343765492e+00	7.468520741e-03	3.294260032e-13
-3.900000000e-02	2.343767432e+00	7.388513528e-03	3.777926359e-13
-3.920000000e-02	2.343769375e+00	7.308506344e-03	1.881478549e-13
-3.940000000e-02	2.343771321e+00	7.228499191e-03	3.863857522e-13
-3.960000000e-02	2.343773269e+00	7.148492072e-03	2.876539955e-13
-3.980000000e-02	2.343775220e+00	7.068484982e-03	3.865035756e-13
-4.000000000e-02	2.343777174e+00	6.988477929e-03	3.658486196e-13
-4.020000000e-02	2.343779130e+00	6.908470910e-03	2.182832307e-13
-4.040000000e-02	2.343781090e+00	6.828463926e-03	1.692086722e-13
-4.060000000e-02	2.343783051e+00	6.748456968e-03	2.941407308e-13
-4.080000000e-02	2.343785016e+00	6.668450052e-03	3.550998859e-13
-4.100000000e-02	2.343786983e+00	6.588443163e-03	1.274949115e-13
-4.120000000e-02	2.343788953e+00	6.508436313e-03	3.164108533e-13
-4.140000000e-02	2.343790926e+00	6.428429487e-03	3.777435449e-13
-4.160000000e-02	2.343792902e+00	6.348422705e-03	2.360105034e-13
-4.180000000e-02	2.343794880e+00	6.268415957e-03	1.879160753e-13
-4.200000000e-02	2.343796861e+00	6.188409245e-03	1.492780496e-13
-4.220000000e-02	2.343798844e+00	6.108402565e-03	3.372688578e-13
-4.240000000e-02	2.343800831e+00	6.028395930e-03	3.393637911e-13
-4.260000000e-02	2.343802820e+00	5.948389321e-03	2.698274142e-13
-4.280000000e-02	2.343804812e+00	5.868382751e-03	3.077352935e-13
-4.300000000e-02	2.343806806e+00	5.788376220e-03	2.001421617e-13
-4.320000000e-02	2.343808803e+00	5.708369718e-03	2.585294014e-13
-4.340000000e-02	2.343810803e+00	5.628363264e-03	4.269808894e-13
-4.360000000e-02	2.343812806e+00	5.548356842e-03	3.674254471e-13
-4.380000000e-02	2.343814811e+00	5.468350457e-03	2.443628790e-13
-4.400000000e-02	2.343816820e+00	5.388344112e-03	1.655928596e-13
-4.420000000e-02	2.343818830e+00	5.308337805e-03	4.572720174e-13
-4.440000000e-02	2.343820844e+00	5.228331536e-03	2.747299873e-13
-4.460000000e-02	2.343822860e+00	5.148325308e-03	2.551760548e-13
-4.480000000e-02	2.343824879e+00	5.068319116e-03	3.560065144e-13
-4.500000000e-02	2.343826901e+00	4.988312964e-03	3.244798947e-13
-4.520000000e-02	2.343828925e+00	4.908306851e-03	3.720583006e-13
-4.540000000e-02	2.343830953e+00	4.828300781e-03	2.807142515e-13
-4.560000000e-02	2.343832982e+00	4.748294747e-03	1.440045443e-13
-4.580000000e-02	2.343835015e+00	4.668288755e-03	2.312075291e-13
-4.600000000e-02	2.343837050e+00	4.588282801e-03	2.042915656e-13
-4.620000000e-02	2.343839088e+00	4.508276895e-03	3.359028190e-13
-4.640000000e-02	2.343841129e+00	4.428271028e-03	2.589529110e-13
-4.660000000e-02	2.343843173e+00	4.348265197e-03	4.049222271e-13
-4.680000000e-02	2.343845219e+00	4.268259416e-03	3.780241107e-13
-4.700000000e-02	2.343847268e+00	4.188253669e-03	2.471074907e-13
-4.720000000e-02	2.343849319e+00	4.108247970e-03	2.666520048e-13
-4.740000000e-02	2.343851374e+00	4.028242314e-03	2.167708618e-13
-4.760000000e-02	2.343853431e+00	3.948236694e-03	2.813674707e-13
-4.780000000e-02	2.343855490e+00	3.868231127e-03	2.520272803e-13
-4.800000000e-02	2.343857553e+00	3.788225597e-03	2.017938408e-13
-4.820000000e-02	2.343859618e+00	3.708220112e-03	2.258611606e-13
-4.840000000e-02	2.343861686e+00	3.628214668e-03	2.609655559e-13
-4.860000000e-02	2.343863757e+00	3.548209274e-03	1.099661871e-13
-4.880000000e-02	2.343865830e+00	3.468203928e-03	4.644081895e-13
-4.900000000e-02	2.343867906e+00	3.388198615e-03	3.011317967e-13
-4.920000000e-02	2.343869985e+00	3.308193357e-03	2.623227856e-13
-4.940000000e-02	2.343872067e+00	3.228188136e-03	1.737703482e-13
-4.960000000e-02	2.343874151e+00	3.148182970e-03	3.278896094e-13
-4.980000000e-02	2.343876238e+00	3.068177844e-03	1.698195975e-13
-5.000000000e-02	2.343878327e+00	2.988172767e-03	2.818289536e-13
-5.020000000e-02	2.343880420e+00	2.908167733e-03	1.473830968e-13
-5.040000000e-02	2.343882515e+00	2.828162749e-03	2.701938031e-13
-5.060000000e-02	2.343884613e+00	2.748157811e-03	2.862575981e-13
-5.080000000e-02	2.343886713e+00	2.668152917e-03	1.458162125e-13
-5.100000000e-02	2.343888817e+00	2.588148075e-03	1.496896256e-13
-5.120000000e-02	2.343890923e+00	2.508143276e-03	3.268625091e-13
-5.140000000e-02	2.343893031e+00	2.428138528e-03	2.318336726e-13
-5.160000000e-02	2.343895143e+00	2.348133833e-03	2.147408263e-13
-5.180000000e-02	2.343897257e+00	2.268129181e-03	2.298525214e-13
-5.200000000e-02	2.343899374e+00	2.188124576e-03	2.421613806e-13
-5.220000000e-02	2.343901493e+00	2.108120026e-03	3.023471445e-13
-5.240000000e-02	2.343903616e+00	2.028115522e-03	1.676956570e-13
-5.260000000e-02	2.343905741e+00	1.948111071e-03	2.523141379e-13
-5.280000000e-02	2.343907869e+00	1.868106669e-03	2.752508327e-13
-5.300000000e-02	2.343909999e+00	1.788102317e-03	1.912186978e-13
-5.320000000e-02	2.343912132e+00	1.708098013e-03	3.419828052e-13
-5.340000000e-02	2.343914268e+00	1.628093765e-03	3.332349088e-13
-5.360000000e-02	2.343916407e+00	1.548089557e-03	4.034700667e-13
-5.380000000e-02	2.343918548e+00	1.468085411e-03	1.703089759e-13
-5.400000000e-02	2.343920692e+00	1.388081313e-03	3.085608574e-13
-5.420000000e-02	2.343922839e+00	1.308077268e-03	2.492462320e-13
-5.440000000e-02	2.343924989e+00	1.228073279e-03	1.651334781e-13
-5.460000000e-02	2.343927141e+00	1.148069334e-03	3.260523703e-13
-5.480000000e-02	2.343929296e+00	1.068065446e-03	3.419359757e-13
-5.500000000e-02	2.343931453e+00	9.880616133e-04	1.747243331e-13
-5.520000000e-02	2.343933614e+00	9.080578353e-04	1.678400672e-13
-5.540000000e-02	2.343935777e+00	8.280541078e-04	1.738047543e-13
-5.560000000e-02	2.343937943e+00	7.480504330e-04	8.499620195e-14
-5.580000000e-02	2.343940111e+00	6.680468147e-04	2.699592404e-13
-5.600000000e-02	2.343942283e+00	5.880432479e-04	2.034652916e-13
-5.620000000e-02	2.343944456e+00	5.080397357e-04	2.622898178e-13
-5.640000000e-02	2.343946633e+00	4.280362761e-04	4.775108483e-13
-5.660000000e-02	2.343948813e+00	3.480328848e-04	2.608611157e-13
-5.680000000e-02	2.343950995e+00	2.680295402e-04	3.055689288e-13
-5.700000000e-02	2.343953180e+00	1.880262521e-04	3.678740669e-13
-5.720000000e-02	2.343955367e+00	1.080230120e-04	2.951929953e-13
-5.740000000e-02	2.343957557e+00	2.801983875e-05	1.735232155e-13
-5.760000000e-02	2.343959751e+00	-5.198328063e-05	2.183300095e-13
-5.780000000e-02	2.343961946e+00	-1.319863429e-04	2.766782651e-13
-5.800000000e-02	2.343964145e+00	-2.119893476e-04	2.651245557e-13
-5.820000000e-02	2.343966346e+00	-2.919923006e-04	3.074168759e-13
-5.840000000e-02	2.343968550e+00	-3.719951867e-04	3.892890723e-13
-5.860000000e-02	2.343970756e+00	-4.519980240e-04	1.788461076e-13
-5.880000000e-02	2.343972966e+00	-5.320007982e-04	2.352673969e-13
-5.900000000e-02	2.343975178e+00	-6.120035148e-04	1.469052059e-13
-5.920000000e-02	2.343977393e+00	-6.920061669e-04	3.283278642e-13
-5.940000000e-02	2.343979610e+00	-7.720087662e-04	2.429037475e-13
-5.960000000e-02	2.343981830e+00	-8.520113088e-04	3.224200115e-13
-5.980000000e-02	2.343984053e+00	-9.320137818e-04	4.276640853e-13
-6.000000000e-02	2.343986279e+00	-1.012016205e-03	2.111228179e-13
-6.020000000e-02	2.343988507e+00	-1.092018568e-03	4.244968016e-13
-6.040000000e-02	2.343990738e+00	-1.172020866e-03	3.172504280e-13
-6.060000000e-02	2.343992972e+00	-1.252023098e-03	4.072181638e-13
-6.080000000e-02	2.343995209e+00	-1.332025274e-03	3.636933910e-13
-6.100000000e-02	2.343997448e+00	-1.412027390e-03	3.228720172e-13
-6.120000000e-02	2.343999690e+00	-1.492029450e-03	2.254630013e-13
-6.140000000e-02	2.344001934e+00	-1.572031441e-03	3.521531919e-13
-6.160000000e-02	2.344004182e+00	-1.652033374e-03	2.682157930e-13
-6.180000000e-02	2.344006432e+00	-1.732035236e-03	2.689649529e-13
-6.200000000e-02	2.344008685e+00	-1.812037045e-03	1.910453105e-13
-6.220000000e-02	2.344010940e+00	-1.892038790e-03	3.348911814e-13
-6.240000000e-02	2.344013199e+00	-1.972040463e-03	2.647396066e-13
-6.260000000e-02	2.344015460e+00	-2.052042082e-03	1.926624526e-13
-6.280000000e-02	2.344017723e+00	-2.132043634e-03	1.288931433e-13
-6.300000000e-02	2.344019990e+00	-2.212045119e-03	2.299133297e-13
-6.320000000e-02	2.344022259e+00	-2.292046543e-03	2.332740879e-13
-6.340000000e-02	2.344024531e+00	-2.372047901e-03	2.636199281e-13
-6.360000000e-02	2.344026805e+00	-2.452049200e-03	2.659091279e-13
-6.380000000e-02	2.344029083e+00	-2.532050428e-03	3.062315616e-13
-6.400000000e-02	2.344031363e+00	-2.612051595e-03	3.085492561e-13
-6.420000000e-02	2.344033645e+00	-2.692052691e-03	1.964663956e-13
-6.440000000e-02	2.344035931e+00	-2.772053720e-03	2.540341211e-13
-6.460000000e-02	2.344038219e+00	-2.852054691e-03	3.053133879e-13
-6.480000000e-02	2.344040510e+00	-2.932055589e-03	2.972012110e-13
-6.500000000e-02	2.344042804e+00	-3.012056424e-03	4.068137079e-13
-6.520000000e-02	2.344045100e+00	-3.092057190e-03	2.985103967e-13
-6.540000000e-02	2.344047399e+00	-3.172057886e-03	2.944785156e-13
-6.560000000e-02	2.344049701e+00	-3.252058515e-03	2.202270299e-13
-6.580000000e-02	2.344052005e+00	-3.332059076e-03	2.262684106e-13
-6.600000000e-02	2.344054312e+00	-3.412059573e-03	1.807595598e-13
-6.620000000e-02	2.344056622e+00	-3.492059998e-03	2.351705372e-13
-6.640000000e-02	2.344058935e+00	-3.572060354e-03	3.729911565e-13
-6.660000000e-02	2.344061250e+00	-3.652060645e-03	1.958296289e-13
-6.680000000e-02	2.344063568e+00	-3.732060864e-03	3.422215827e-13
-6.700000000e-02	2.344065889e+00	-3.812061019e-03	1.775610822e-13
-6.720000000e-02	2.344068213e+00	-3.892061094e-03	3.235350003e-13
-6.740000000e-02	2.344070539e+00	-3.972061106e-03	2.096562664e-13
-6.760000000e-02	2.344072868e+00	-4.052061046e-03	2.234060928e-13
-6.780000000e-02	2.344075200e+00	-4.132060914e-03	3.960028633e-13
-6.800000000e-02	2.344077534e+00	-4.212060714e-03	2.955563428e-13
-6.820000000e-02	2.344079871e+00	-4.292060441e-03	2.884706150e-13
-6.840000000e-02	2.344082211e+00	-4.372060104e-03	3.597659568e-13
-6.860000000e-02	2.344084554e+00	-4.452059689e-03	2.602766939e-13
-6.880000000e-02	2.344086899e+00	-4.532059201e-03	2.249321475e-13
-6.900000000e-02	2.344089247e+00	-4.612058640e-03	3.539281097e-13
-6.920000000e-02	2.344091598e+00	-4.692058003e-03	3.772922087e-13
-6.940000000e-02	2.344093951e+00	-4.772057300e-03	3.703762597e-13
-6.960000000e-02	2.344096307e+00	-4.852056521e-03	2.516659560e-13
-6.980000000e-02	2.344098666e+00	-4.932055675e-03	2.649104823e-13
-7.000000000e-02	2.344101028e+00	-5.012054752e-03	3.552187290e-13
-7.020000000e-02	2.344103392e+00	-5.092053750e-03	3.111841836e-13
-7.040000000e-02	2.344105759e+00	-5.172052673e-03	3.686965447e-13
-7.060000000e-02	2.344108129e+00	-5.252051533e-03	2.589917837e-13
-7.080000000e-02	2.344110501e+00	-5.332050309e-03	2.186437496e-13
-7.100000000e-02	2.344112876e+00	-5.412049009e-03	1.862805527e-13
-7.120000000e-02	2.344115254e+00	-5.492047642e-03	3.102531564e-13
-7.140000000e-02	2.344117635e+00	-5.572046194e-03	2.642106289e-13
-7.160000000e-02	2.344120018e+00	-5.652044667e-03	1.331469846e-13
-7.180000000e-02	2.344122404e+00	-5.732043066e-03	1.695224810e-13
-7.200000000e-02	2.344124793e+00	-5.812041391e-03	2.301336079e-13
-7.220000000e-02	2.344127184e+00	-5.892039640e-03	1.034156756e-13
-7.240000000e-02	2.344129579e+00	-5.972037807e-03	3.132752929e-13
-7.260000000e-02	2.344131976e+00	-6.052035904e-03	3.667393984e-13
-7.280000000e-02	2.344134375e+00	-6.132033922e-03	3.201165060e-13
-7.300000000e-02	2.344136778e+00	-6.212031863e-03	2.971080231e-13
-7.320000000e-02	2.344139183e+00	-6.292029722e-03	2.751719539e-13
-7.340000000e-02	2.344141591e+00	-6.372027501e-03	1.078891090e-13
-7.360000000e-02	2.344144001e+00	-6.452025207e-03	1.485957862e-13
-7.380000000e-02	2.344146414e+00	-6.532022827e-03	2.474455549e-13
-7.400000000e-02	2.344148830e+00	-6.612020378e-03	2.180548160e-13
-7.420000000e-02	2.344151249e+00	-6.692017842e-03	1.296296712e-13
-7.440000000e-02	2.344153670e+00	-6.772015225e-03	3.951651465e-13
-7.460000000e-02	2.344156094e+00	-6.852012535e-03	2.923092835e-13
-7.480000000e-02	2.344158521e+00	-6.932009766e-03	2.766084574e-13
-7.500000000e-02	2.344160951e+00	-7.012006915e-03	4.474650761e-13
-7.520000000e-02	2.344163383e+00	-7.092003979e-03	2.589693469e-13
-7.540000000e-02	2.344165818e+00	-7.172000959e-03	2.900869109e-13
-7.560000000e-02	2.344168256e+00	-7.251997863e-03	2.192256280e-13
-7.580000000e-02	2.344170696e+00	-7.331994681e-03	3.680894403e-13
-7.600000000e-02	2.344173139e+00	-7.411991429e-03	4.264875254e-13
-7.620000000e-02	2.344175585e+00	-7.491988086e-03	2.515039043e-13
-7.640000000e-02	2.344178034e+00	-7.571984656e-03	2.972116329e-13
-7.660000000e-02	2.344180485e+00	-7.651981151e-03	9.986686626e-14
-7.680000000e-02	2.344182939e+00	-7.731977566e-03	3.056618194e-13
-7.700000000e-02	2.344185396e+00	-7.811973886e-03	3.181150968e-13
-7.720000000e-02	2.344187855e+00	-7.891970131e-03	1.542204033e-13
-7.740000000e-02	2.344190317e+00	-7.971966291e-03	4.498006757e-13
-7.760000000e-02	2.344192782e+00	-8.051962365e-03	3.904518706e-13
-7.780000000e-02	2.344195250e+00	-8.131958358e-03	1.393978981e-13
-7.800000000e-02	2.344197720e+00	-8.211954267e-03	2.609056577e-13
-7.820000000e-02	2.344200193e+00	-8.291950090e-03	2.158327980e-13
-7.840000000e-02	2.344202669e+00	-8.371945826e-03	1.720135050e-13
-7.860000000e-02	2.344205148e+00	-8.451941478e-03	2.509367848e-13
-7.880000000e-02	2.344207629e+00	-8.531937046e-03	2.921454702e-13
-7.900000000e-02	2.344210113e+00	-8.611932523e-03	4.327053295e-13
-7.920000000e-02	2.344212599e+00	-8.691927917e-03	1.606154931e-13
-7.940000000e-02	2.344215089e+00	-8.771923219e-03	3.965084911e-13
-7.960000000e-02	2.344217581e+00	-8.851918444e-03	4.058169074e-13
-7.980000000e-02	2.344220076e+00	-8.931913578e-03	4.285247542e-13
-8.000000000e-02	2.344222573e+00	-9.011908620e-03	4.758592924e-13
-8.020000000e-02	2.344225073e+00	-9.091903584e-03	1.528630106e-13
-8.040000000e-02	2.344227576e+00	-9.171898452e-03	2.704800641e-13
-8.060000000e-02	2.344230082e+00	-9.251893240e-03	3.946585195e-13
-8.080000000e-02	2.344232590e+00	-9.331887934e-03	2.740978686e-13
-8.100000000e-02	2.344235101e+00	-9.411882536e-03	1.036540976e-13
-8.120000000e-02	2.344237615e+00	-9.491877050e-03	3.215348482e-13
-8.140000000e-02	2.344240132e+00	-9.571871482e-03	1.450423873e-13
-8.160000000e-02	2.344242651e+00	-9.651865817e-03	2.138366987e-13
-8.180000000e-02	2.344245173e+00	-9.731860066e-03	1.566913292e-13
-8.200000000e-02	2.344247698e+00	-9.811854222e-03	2.628592698e-13
-8.220000000e-02	2.344250225e+00	-9.891848292e-03	2.369515782e-13
-8.240000000e-02	2.344252755e+00	-9.971842265e-03	4.718789029e-13
-8.260000000e-02	2.344255288e+00	-1.005183616e-02	1.946171563e-13
-8.280000000e-02	2.344257824e+00	-1.013182995e-02	2.135957075e-13
-8.300000000e-02	2.344260362e+00	-1.021182365e-02	1.910617840e-13
-8.320000000e-02	2.344262903e+00	-1.029181727e-02	3.956425406e-13
-8.340000000e-02	2.344265447e+00	-1.037181079e-02	3.466858400e-13
-8.360000000e-02	2.344267993e+00	-1.045180422e-02	1.307995791e-13
-8.380000000e-02	2.344270542e+00	-1.053179756e-02	2.424456507e-13
-8.400000000e-02	2.344273094e+00	-1.061179079e-02	2.462076194e-13
-8.420000000e-02	2.344275649e+00	-1.069178394e-02	2.903779237e-13
-8.440000000e-02	2.344278206e+00	-1.077177700e-02	1.315454914e-13
-8.460000000e-02	2.344280766e+00	-1.085176996e-02	2.645587910e-13
-8.480000000e-02	2.344283329e+00	-1.093176284e-02	2.380980633e-13
-8.500000000e-02	2.344285894e+00	-1.101175561e-02	2.888159051e-13
-8.520000000e-02	2.344288463e+00	-1.109174829e-02	3.942803495e-13
-8.540000000e-02	2.344291033e+00	-1.117174087e-02	3.339187313e-13
-8.560000000e-02	2.344293607e+00	-1.125173336e-02	4.040520586e-13
-8.580000000e-02	2.344296183e+00	-1.133172576e-02	2.068813565e-13
-8.600000000e-02	2.344298762e+00	-1.141171806e-02	4.185929033e-13
-8.620000000e-02	2.344301344e+00	-1.149171026e-02	3.951150501e-13
-8.640000000e-02	2.344303929e+00	-1.157170238e-02	3.365936869e-13
-8.660000000e-02	2.344306516e+00	-1.165169439e-02	1.636683281e-13
-8.680000000e-02	2.344309106e+00	-1.173168630e-02	4.109133170e-13
-8.700000000e-02	2.344311699e+00	-1.181167812e-02	3.064540083e-13
-8.720000000e-02	2.344314294e+00	-1.189166985e-02	2.922011051e-13
-8.740000000e-02	2.344316892e+00	-1.197166147e-02	2.378368844e-13
-8.760000000e-02	2.344319493e+00	-1.205165299e-02	1.557777159e-13
-8.780000000e-02	2.344322096e+00	-1.213164442e-02	3.046891429e-13
-8.800000000e-02	2.344324703e+00	-1.221163575e-02	2.236081545e-13
-8.820000000e-02	2.344327312e+00	-1.229162698e-02	1.272084570e-13
-8.840000000e-02	2.344329923e+00	-1.237161811e-02	3.474525677e-13
-8.860000000e-02	2.344332538e+00	-1.245160915e-02	4.282545819e-13
-8.880000000e-02	2.344335155e+00	-1.253160008e-02	3.488669572e-13
-8.900000000e-02	2.344337775e+00	-1.261159091e-02	2.172303384e-13
-8.920000000e-02	2.344340397e+00	-1.269158165e-02	1.832428584e-13
-8.940000000e-02	2.344343022e+00	-1.277157229e-02	1.711488112e-13
-8.960000000e-02	2.344345650e+00	-1.285156282e-02	3.842795323e-13
-8.980000000e-02	2.344348281e+00	-1.293155325e-02	2.767369067e-13
-9.000000000e-02	2.344350914e+00	-1.301154359e-02	3.062403644e-13
-9.020000000e-02	2.344353551e+00	-1.309153381e-02	1.329825192e-13
-9.040000000e-02	2.344356189e+00	-1.317152395e-02	2.182183773e-13
-9.060000000e-02	2.344358831e+00	-1.325151398e-02	3.567063840e-13
-9.080000000e-02	2.344361475e+00	-1.333150390e-02	4.047084827e-13
-9.100000000e-02	2.344364122e+00	-1.341149372e-02	3.646440398e-13
-9.120000000e-02	2.344366772e+00	-1.349148344e-02	2.511068026e-13
-9.140000000e-02	2.344369424e+00	-1.357147306e-02	2.168270711e-13
-9.160000000e-02	2.344372080e+00	-1.365146258e-02	2.155453120e-13
-9.180000000e-02	2.344374737e+00	-1.373145198e-02	2.307839123e-13
-9.200000000e-02	2.344377398e+00	-1.381144129e-02	3.273401696e-13
-9.220000000e-02	2.344380061e+00	-1.389143049e-02	4.052956207e-13
-9.240000000e-02	2.344382727e+00	-1.397141959e-02	3.894799829e-13
-9.260000000e-02	2.344385396e+00	-1.405140859e-02	3.475498879e-13
-9.280000000e-02	2.344388068e+00	-1.413139748e-02	3.304870015e-13
-9.300000000e-02	2.344390742e+00	-1.421138626e-02	3.029960897e-13
-9.320000000e-02	2.344393419e+00	-1.429137494e-02	4.180123529e-13
-9.340000000e-02	2.344396098e+00	-1.437136352e-02	1.596606112e-13
-9.360000000e-02	2.344398781e+00	-1.445135198e-02	2.650009538e-13
-9.380000000e-02	2.344401466e+00	-1.453134034e-02	1.520272463e-13
-9.400000000e-02	2.344404154e+00	-1.461132860e-02	1.289176691e-13
-9.420000000e-02	2.344406844e+00	-1.469131674e-02	3.975857107e-13
-9.440000000e-02	2.344409537e+00	-1.477130479e-02	1.744832226e-13
-9.460000000e-02	2.344412233e+00	-1.485129272e-02	2.379260072e-13
-9.480000000e-02	2.344414932e+00	-1.493128055e-02	2.958632203e-13
-9.500000000e-02	2.344417633e+00	-1.501126826e-02	4.474420031e-13
-9.520000000e-02	2.344420337e+00	-1.509125588e-02	3.810894904e-13
-9.540000000e-02	2.344423044e+00	-1.517124337e-02	3.620411108e-13
-9.560000000e-02	2.344425754e+00	-1.525123077e-02	3.932215866e-13
-9.580000000e-02	2.344428466e+00	-1.533121806e-02	4.105032074e-13
-9.600000000e-02	2.344431181e+00	-1.541120523e-02	2.681526893e-13
-9.620000000e-02	2.344433898e+00	-1.549119230e-02	2.806460216e-13
-9.640000000e-02	2.344436619e+00	-1.557117925e-02	1.187173444e-13
-9.660000000e-02	2.344439342e+00	-1.565116610e-02	3.063727628e-13
-9.680000000e-02	2.344442068e+00	-1.573115284e-02	2.462448375e-13
-9.700000000e-02	2.344444796e+00	-1.581113946e-02	1.720565221e-13
-9.720000000e-02	2.344447527e+00	-1.589112597e-02	2.011201497e-13
-9.740000000e-02	2.344450261e+00	-1.597111237e-02	2.734610358e-13
-9.760000000e-02	2.344452998e+00	-1.605109867e-02	2.768970390e-13
-9.780000000e-02	2.344455737e+00	-1.613108484e-02	4.062937784e-13
-9.800000000e-02	2.344458480e+00	-1.621107092e-02	2.837215578e-13
-9.820000000e-02	2.344461224e+00	-1.629105687e-02	3.125413682e-13
-9.840000000e-02	2.344463972e+00	-1.637104271e-02	1.927088747e-13
-9.860000000e-02	2.344466722e+00	-1.645102845e-02	2.677848507e-13
-9.880000000e-02	2.344469475e+00	-1.653101406e-02	2.773851440e-13
-9.900000000e-02	2.344472231e+00	-1.661099956e-02	2.048159671e-13
-9.920000000e-02	2.344474989e+00	-1.669098496e-02	2.905230130e-13
-9.940000000e-02	2.344477751e+00	-1.677097023e-02	3.406143855e-13
-9.960000000e-02	2.344480514e+00	-1.685095539e-02	2.326128747e-13
-9.980000000e-02	2.344483281e+00	-1.693094044e-02	1.535933140e-13
-1.000000000e-01	2.344486050e+00	-1.701092537e-02	3.192950419e-13
