# epsi_ci     Re(Lambda)      Im(Lambda)      Eq(det), R = 0.40 $\mu$m, $E_p$ = 0.900 eV, modo = 2, $\epsilon_\infty$ = 3.9, $\gamma_{DL}$ = 0.01 eV, solve_det_sinkz_vs_mu.py
0.000000000e+00	2.335314367e+00	2.205335657e-02	1.694269355e-13
-2.000000000e-04	2.335315836e+00	2.197340572e-02	3.670530441e-13
-4.000000000e-04	2.335317309e+00	2.189345486e-02	2.280696145e-13
-6.000000000e-04	2.335318784e+00	2.181350401e-02	1.809805613e-13
-8.000000000e-04	2.335320262e+00	2.173355314e-02	3.536495809e-13
-1.000000000e-03	2.335321742e+00	2.165360228e-02	3.531355997e-13
-1.200000000e-03	2.335323226e+00	2.157365143e-02	2.253468549e-13
-1.400000000e-03	2.335324712e+00	2.149370057e-02	2.680551798e-13
-1.600000000e-03	2.335326201e+00	2.141374971e-02	3.310820928e-13
-1.800000000e-03	2.335327692e+00	2.133379885e-02	3.617779128e-13
-2.000000000e-03	2.335329187e+00	2.125384800e-02	2.422115524e-13
-2.200000000e-03	2.335330684e+00	2.117389715e-02	5.306841539e-13
-2.400000000e-03	2.335332183e+00	2.109394629e-02	3.023757692e-13
-2.600000000e-03	2.335333686e+00	2.101399544e-02	2.968115574e-13
-2.800000000e-03	2.335335191e+00	2.093404459e-02	2.883979582e-13
-3.000000000e-03	2.335336699e+00	2.085409375e-02	2.825669331e-13
-3.200000000e-03	2.335338210e+00	2.077414290e-02	2.437996495e-13
-3.400000000e-03	2.335339724e+00	2.069419206e-02	3.690634078e-13
-3.600000000e-03	2.335341240e+00	2.061424123e-02	3.205712766e-13
-3.800000000e-03	2.335342759e+00	2.053429039e-02	2.914283120e-13
-4.000000000e-03	2.335344281e+00	2.045433957e-02	3.129175563e-13
-4.200000000e-03	2.335345805e+00	2.037438874e-02	3.091900777e-13
-4.400000000e-03	2.335347333e+00	2.029443792e-02	2.998657967e-13
-4.600000000e-03	2.335348863e+00	2.021448710e-02	3.192095250e-13
-4.800000000e-03	2.335350396e+00	2.013453629e-02	4.794857248e-13
-5.000000000e-03	2.335351931e+00	2.005458549e-02	2.336410973e-13
-5.200000000e-03	2.335353469e+00	1.997463469e-02	2.335224243e-13
-5.400000000e-03	2.335355010e+00	1.989468390e-02	2.874957711e-13
-5.600000000e-03	2.335356554e+00	1.981473311e-02	4.186353639e-13
-5.800000000e-03	2.335358101e+00	1.973478233e-02	1.626803132e-13
-6.000000000e-03	2.335359650e+00	1.965483156e-02	2.754148108e-13
-6.200000000e-03	2.335361202e+00	1.957488079e-02	3.454699558e-13
-6.400000000e-03	2.335362756e+00	1.949493003e-02	2.725189895e-13
-6.600000000e-03	2.335364314e+00	1.941497927e-02	3.364617159e-13
-6.800000000e-03	2.335365874e+00	1.933502854e-02	2.661900991e-13
-7.000000000e-03	2.335367437e+00	1.925507779e-02	2.209535337e-13
-7.200000000e-03	2.335369003e+00	1.917512707e-02	2.340456500e-13
-7.400000000e-03	2.335370571e+00	1.909517635e-02	1.855623319e-13
-7.600000000e-03	2.335372142e+00	1.901522564e-02	3.334270734e-13
-7.800000000e-03	2.335373716e+00	1.893527494e-02	2.658935032e-13
-8.000000000e-03	2.335375293e+00	1.885532425e-02	2.073684928e-13
-8.200000000e-03	2.335376872e+00	1.877537357e-02	2.044740547e-13
-8.400000000e-03	2.335378455e+00	1.869542290e-02	2.207608264e-13
-8.600000000e-03	2.335380039e+00	1.861547224e-02	2.173957775e-13
-8.800000000e-03	2.335381627e+00	1.853552159e-02	4.383800585e-13
-9.000000000e-03	2.335383217e+00	1.845557095e-02	4.055798475e-13
-9.200000000e-03	2.335384811e+00	1.837562033e-02	3.335375611e-13
-9.400000000e-03	2.335386406e+00	1.829566972e-02	3.921419565e-13
-9.600000000e-03	2.335388005e+00	1.821571911e-02	3.443656261e-13
-9.800000000e-03	2.335389606e+00	1.813576852e-02	1.099590006e-13
-1.000000000e-02	2.335391211e+00	1.805581794e-02	2.041690465e-13
-1.020000000e-02	2.335392817e+00	1.797586737e-02	1.703459278e-13
-1.040000000e-02	2.335394427e+00	1.789591683e-02	4.607324946e-13
-1.060000000e-02	2.335396039e+00	1.781596628e-02	2.811271827e-13
-1.080000000e-02	2.335397654e+00	1.773601576e-02	4.004276084e-13
-1.100000000e-02	2.335399272e+00	1.765606525e-02	3.016348580e-13
-1.120000000e-02	2.335400893e+00	1.757611475e-02	3.366952906e-13
-1.140000000e-02	2.335402516e+00	1.749616427e-02	3.117205135e-13
-1.160000000e-02	2.335404142e+00	1.741621380e-02	2.909756119e-13
-1.180000000e-02	2.335405771e+00	1.733626334e-02	4.681124806e-13
-1.200000000e-02	2.335407403e+00	1.725631290e-02	3.604993018e-13
-1.220000000e-02	2.335409037e+00	1.717636248e-02	2.732150277e-13
-1.240000000e-02	2.335410674e+00	1.709641208e-02	3.232874345e-13
-1.260000000e-02	2.335412314e+00	1.701646168e-02	3.607972952e-13
-1.280000000e-02	2.335413956e+00	1.693651131e-02	1.712537550e-13
-1.300000000e-02	2.335415602e+00	1.685656095e-02	9.579046203e-14
-1.320000000e-02	2.335417250e+00	1.677661061e-02	1.443701207e-13
-1.340000000e-02	2.335418900e+00	1.669666029e-02	3.174076022e-13
-1.360000000e-02	2.335420554e+00	1.661670998e-02	3.155621281e-13
-1.380000000e-02	2.335422210e+00	1.653675969e-02	1.537795861e-13
-1.400000000e-02	2.335423869e+00	1.645680942e-02	2.081882363e-13
-1.420000000e-02	2.335425531e+00	1.637685917e-02	1.480695356e-13
-1.440000000e-02	2.335427195e+00	1.629690894e-02	2.652606266e-13
-1.460000000e-02	2.335428862e+00	1.621695872e-02	5.328214309e-13
-1.480000000e-02	2.335430532e+00	1.613700853e-02	1.978692151e-13
-1.500000000e-02	2.335432205e+00	1.605705835e-02	1.561488968e-13
-1.520000000e-02	2.335433881e+00	1.597710819e-02	3.330478014e-13
-1.540000000e-02	2.335435559e+00	1.589715806e-02	2.493287408e-13
-1.560000000e-02	2.335437240e+00	1.581720794e-02	2.416929641e-13
-1.580000000e-02	2.335438923e+00	1.573725785e-02	3.797665427e-13
-1.600000000e-02	2.335440610e+00	1.565730778e-02	1.568768098e-13
-1.620000000e-02	2.335442299e+00	1.557735773e-02	3.045718283e-13
-1.640000000e-02	2.335443991e+00	1.549740770e-02	3.784009800e-13
-1.660000000e-02	2.335445686e+00	1.541745769e-02	1.843920350e-13
-1.680000000e-02	2.335447383e+00	1.533750770e-02	2.185687710e-13
-1.700000000e-02	2.335449083e+00	1.525755773e-02	3.908212034e-13
-1.720000000e-02	2.335450786e+00	1.517760780e-02	2.699513832e-13
-1.740000000e-02	2.335452492e+00	1.509765787e-02	2.682837190e-13
-1.760000000e-02	2.335454200e+00	1.501770798e-02	3.440728465e-13
-1.780000000e-02	2.335455911e+00	1.493775811e-02	3.215746860e-13
-1.800000000e-02	2.335457625e+00	1.485780826e-02	3.129382403e-13
-1.820000000e-02	2.335459342e+00	1.477785844e-02	3.664508414e-13
-1.840000000e-02	2.335461061e+00	1.469790864e-02	2.423405610e-13
-1.860000000e-02	2.335462783e+00	1.461795886e-02	3.253339335e-13
-1.880000000e-02	2.335464508e+00	1.453800911e-02	3.340598703e-13
-1.900000000e-02	2.335466236e+00	1.445805938e-02	2.007175576e-13
-1.920000000e-02	2.335467966e+00	1.437810968e-02	5.065146128e-13
-1.940000000e-02	2.335469699e+00	1.429816001e-02	2.072364260e-13
-1.960000000e-02	2.335471435e+00	1.421821036e-02	9.896526344e-14
-1.980000000e-02	2.335473173e+00	1.413826074e-02	4.084805419e-13
-2.000000000e-02	2.335474915e+00	1.405831115e-02	4.588928114e-13
-2.020000000e-02	2.335476659e+00	1.397836158e-02	4.012426942e-13
-2.040000000e-02	2.335478406e+00	1.389841204e-02	2.641138196e-13
-2.060000000e-02	2.335480155e+00	1.381846253e-02	3.296183939e-13
-2.080000000e-02	2.335481907e+00	1.373851304e-02	2.865756813e-13
-2.100000000e-02	2.335483662e+00	1.365856358e-02	1.321347728e-13
-2.120000000e-02	2.335485420e+00	1.357861415e-02	4.270961967e-13
-2.140000000e-02	2.335487181e+00	1.349866475e-02	2.784920781e-13
-2.160000000e-02	2.335488944e+00	1.341871538e-02	2.994178231e-13
-2.180000000e-02	2.335490710e+00	1.333876604e-02	3.007097033e-13
-2.200000000e-02	2.335492479e+00	1.325881672e-02	2.879792430e-13
-2.220000000e-02	2.335494250e+00	1.317886745e-02	3.927076802e-13
-2.240000000e-02	2.335496024e+00	1.309891819e-02	2.931289376e-13
-2.260000000e-02	2.335497801e+00	1.301896896e-02	1.093535866e-13
-2.280000000e-02	2.335499581e+00	1.293901977e-02	3.931060489e-13
-2.300000000e-02	2.335501364e+00	1.285907061e-02	3.088852186e-13
-2.320000000e-02	2.335503149e+00	1.277912148e-02	2.627102903e-13
-2.340000000e-02	2.335504937e+00	1.269917238e-02	2.411668026e-13
-2.360000000e-02	2.335506727e+00	1.261922331e-02	2.377598188e-13
-2.380000000e-02	2.335508521e+00	1.253927427e-02	3.547241403e-13
-2.400000000e-02	2.335510317e+00	1.245932527e-02	2.143858134e-13
-2.420000000e-02	2.335512116e+00	1.237937630e-02	2.955100748e-13
-2.440000000e-02	2.335513918e+00	1.229942736e-02	2.659356465e-13
-2.460000000e-02	2.335515722e+00	1.221947846e-02	1.862741406e-13
-2.480000000e-02	2.335517529e+00	1.213952959e-02	3.533996299e-13
-2.500000000e-02	2.335519339e+00	1.205958075e-02	3.208257345e-13
-2.520000000e-02	2.335521152e+00	1.197963195e-02	3.266992539e-13
-2.540000000e-02	2.335522967e+00	1.189968317e-02	1.379049130e-13
-2.560000000e-02	2.335524785e+00	1.181973444e-02	3.307663570e-13
-2.580000000e-02	2.335526606e+00	1.173978574e-02	3.147987034e-13
-2.600000000e-02	2.335528430e+00	1.165983707e-02	3.365263811e-13
-2.620000000e-02	2.335530256e+00	1.157988845e-02	1.106077204e-13
-2.640000000e-02	2.335532085e+00	1.149993985e-02	3.415666200e-13
-2.660000000e-02	2.335533917e+00	1.141999129e-02	2.383837651e-13
-2.680000000e-02	2.335535752e+00	1.134004277e-02	2.177549080e-13
-2.700000000e-02	2.335537589e+00	1.126009428e-02	2.628258509e-13
-2.720000000e-02	2.335539429e+00	1.118014584e-02	2.661229053e-13
-2.740000000e-02	2.335541272e+00	1.110019742e-02	3.400253846e-13
-2.760000000e-02	2.335543118e+00	1.102024905e-02	2.615512247e-13
-2.780000000e-02	2.335544966e+00	1.094030071e-02	3.403328626e-13
-2.800000000e-02	2.335546817e+00	1.086035242e-02	2.373551519e-13
-2.820000000e-02	2.335548671e+00	1.078040415e-02	2.703707699e-13
-2.840000000e-02	2.335550527e+00	1.070045594e-02	3.093514070e-13
-2.860000000e-02	2.335552387e+00	1.062050775e-02	2.957642414e-13
-2.880000000e-02	2.335554249e+00	1.054055960e-02	3.639330262e-13
-2.900000000e-02	2.335556113e+00	1.046061150e-02	2.463054629e-13
-2.920000000e-02	2.335557981e+00	1.038066344e-02	3.824480438e-13
-2.940000000e-02	2.335559851e+00	1.030071541e-02	3.206082671e-13
-2.960000000e-02	2.335561724e+00	1.022076742e-02	2.034530067e-13
-2.980000000e-02	2.335563600e+00	1.014081948e-02	3.129882982e-13
-3.000000000e-02	2.335565478e+00	1.006087158e-02	3.287260248e-13
-3.020000000e-02	2.335567360e+00	9.980923708e-03	5.033825381e-13
-3.040000000e-02	2.335569244e+00	9.900975892e-03	2.139049393e-13
-3.060000000e-02	2.335571130e+00	9.821028114e-03	3.252033762e-13
-3.080000000e-02	2.335573020e+00	9.741080375e-03	1.612552668e-13
-3.100000000e-02	2.335574912e+00	9.661132676e-03	2.158675627e-13
-3.120000000e-02	2.335576807e+00	9.581185028e-03	3.225234819e-13
-3.140000000e-02	2.335578705e+00	9.501237414e-03	2.354880510e-13
-3.160000000e-02	2.335580605e+00	9.421289850e-03	2.769507215e-13
-3.180000000e-02	2.335582508e+00	9.341342326e-03	2.937584310e-13
-3.200000000e-02	2.335584414e+00	9.261394844e-03	2.029721432e-13
-3.220000000e-02	2.335586323e+00	9.181447406e-03	3.068930355e-13
-3.240000000e-02	2.335588234e+00	9.101500015e-03	4.137534371e-13
-3.260000000e-02	2.335590149e+00	9.021552661e-03	2.706772680e-13
-3.280000000e-02	2.335592066e+00	8.941605356e-03	3.901269706e-13
-3.300000000e-02	2.335593985e+00	8.861658099e-03	2.779463247e-13
-3.320000000e-02	2.335595908e+00	8.781710889e-03	1.961953412e-13
-3.340000000e-02	2.335597833e+00	8.701763721e-03	1.429821325e-13
-3.360000000e-02	2.335599761e+00	8.621816596e-03	4.547975393e-13
-3.380000000e-02	2.335601691e+00	8.541869520e-03	2.593002120e-13
-3.400000000e-02	2.335603625e+00	8.461922496e-03	2.312875381e-13
-3.420000000e-02	2.335605561e+00	8.381975511e-03	3.668841466e-13
-3.440000000e-02	2.335607500e+00	8.302028575e-03	2.307153046e-13
-3.460000000e-02	2.335609441e+00	8.222081686e-03	2.144589786e-13
-3.480000000e-02	2.335611385e+00	8.142134842e-03	4.237609495e-13
-3.500000000e-02	2.335613333e+00	8.062188057e-03	4.486151160e-13
-3.520000000e-02	2.335615282e+00	7.982241307e-03	2.586654327e-13
-3.540000000e-02	2.335617235e+00	7.902294608e-03	4.054876745e-13
-3.560000000e-02	2.335619190e+00	7.822347963e-03	1.747507505e-13
-3.580000000e-02	2.335621148e+00	7.742401368e-03	5.216646661e-13
-3.600000000e-02	2.335623109e+00	7.662454817e-03	1.215198714e-13
-3.620000000e-02	2.335625073e+00	7.582508318e-03	2.214226048e-13
-3.640000000e-02	2.335627039e+00	7.502561865e-03	1.836367270e-13
-3.660000000e-02	2.335629008e+00	7.422615470e-03	4.146915925e-13
-3.680000000e-02	2.335630980e+00	7.342669116e-03	1.344627289e-13
-3.700000000e-02	2.335632954e+00	7.262722814e-03	2.361167869e-13
-3.720000000e-02	2.335634932e+00	7.182776570e-03	1.927801286e-13
-3.740000000e-02	2.335636912e+00	7.102830375e-03	3.354358563e-13
-3.760000000e-02	2.335638894e+00	7.022884231e-03	4.392956774e-13
-3.780000000e-02	2.335640880e+00	6.942938133e-03	1.983107541e-13
-3.800000000e-02	2.335642868e+00	6.862992090e-03	2.562523479e-13
-3.820000000e-02	2.335644859e+00	6.783046103e-03	2.102489846e-13
-3.840000000e-02	2.335646853e+00	6.703100166e-03	2.564492663e-13
-3.860000000e-02	2.335648849e+00	6.623154284e-03	2.976593974e-13
-3.880000000e-02	2.335650848e+00	6.543208453e-03	3.280352898e-13
-3.900000000e-02	2.335652850e+00	6.463262673e-03	2.200202398e-13
-3.920000000e-02	2.335654855e+00	6.383316948e-03	4.301358248e-13
-3.940000000e-02	2.335656862e+00	6.303371283e-03	2.180520571e-13
-3.960000000e-02	2.335658873e+00	6.223425667e-03	1.997236742e-13
-3.980000000e-02	2.335660886e+00	6.143480103e-03	2.585512566e-13
-4.000000000e-02	2.335662901e+00	6.063534600e-03	2.752430365e-13
-4.020000000e-02	2.335664920e+00	5.983589148e-03	3.703993197e-13
-4.040000000e-02	2.335666941e+00	5.903643752e-03	4.273206178e-13
-4.060000000e-02	2.335668965e+00	5.823698415e-03	2.622277943e-13
-4.080000000e-02	2.335670991e+00	5.743753135e-03	2.659723299e-13
-4.100000000e-02	2.335673021e+00	5.663807906e-03	1.465050756e-13
-4.120000000e-02	2.335675053e+00	5.583862739e-03	2.606165261e-13
-4.140000000e-02	2.335677088e+00	5.503917624e-03	3.391304774e-13
-4.160000000e-02	2.335679125e+00	5.423972569e-03	2.054424037e-13
-4.180000000e-02	2.335681166e+00	5.344027567e-03	1.784176295e-13
-4.200000000e-02	2.335683209e+00	5.264082623e-03	4.389867316e-13
-4.220000000e-02	2.335685255e+00	5.184137747e-03	1.325771780e-13
-4.240000000e-02	2.335687303e+00	5.104192922e-03	3.191665133e-13
-4.260000000e-02	2.335689354e+00	5.024248157e-03	2.116719185e-13
-4.280000000e-02	2.335691409e+00	4.944303445e-03	2.971663524e-13
-4.300000000e-02	2.335693465e+00	4.864358797e-03	2.878278670e-13
-4.320000000e-02	2.335695525e+00	4.784414210e-03	3.668676924e-13
-4.340000000e-02	2.335697587e+00	4.704469681e-03	2.202426078e-13
-4.360000000e-02	2.335699652e+00	4.624525212e-03	1.509382891e-13
-4.380000000e-02	2.335701720e+00	4.544580806e-03	1.931094150e-13
-4.400000000e-02	2.335703791e+00	4.464636456e-03	3.912152787e-13
-4.420000000e-02	2.335705864e+00	4.384692170e-03	2.897518051e-13
-4.440000000e-02	2.335707940e+00	4.304747942e-03	2.739095357e-13
-4.460000000e-02	2.335710019e+00	4.224803783e-03	2.595411498e-13
-4.480000000e-02	2.335712100e+00	4.144859679e-03	2.040439713e-13
-4.500000000e-02	2.335714184e+00	4.064915634e-03	3.031309864e-13
-4.520000000e-02	2.335716271e+00	3.984971656e-03	2.959435425e-13
-4.540000000e-02	2.335718361e+00	3.905027744e-03	3.432467807e-13
-4.560000000e-02	2.335720454e+00	3.825083886e-03	2.149716522e-13
-4.580000000e-02	2.335722549e+00	3.745140101e-03	4.631403831e-13
-4.600000000e-02	2.335724647e+00	3.665196367e-03	3.684033566e-13
-4.620000000e-02	2.335726747e+00	3.585252710e-03	1.704409076e-13
-4.640000000e-02	2.335728851e+00	3.505309109e-03	3.451548830e-13
-4.660000000e-02	2.335730957e+00	3.425365574e-03	7.867430837e-14
-4.680000000e-02	2.335733066e+00	3.345422099e-03	3.701642644e-13
-4.700000000e-02	2.335735178e+00	3.265478699e-03	3.551452200e-13
-4.720000000e-02	2.335737292e+00	3.185535356e-03	2.406948045e-13
-4.740000000e-02	2.335739409e+00	3.105592079e-03	2.354990700e-13
-4.760000000e-02	2.335741529e+00	3.025648875e-03	3.085597233e-13
-4.780000000e-02	2.335743652e+00	2.945705731e-03	2.439257475e-13
-4.800000000e-02	2.335745777e+00	2.865762651e-03	9.035956261e-14
-4.820000000e-02	2.335747905e+00	2.785819637e-03	2.754355726e-13
-4.840000000e-02	2.335750036e+00	2.705876699e-03	3.204248016e-13
-4.860000000e-02	2.335752170e+00	2.625933816e-03	3.872616360e-13
-4.880000000e-02	2.335754306e+00	2.545991008e-03	2.168878932e-13
-4.900000000e-02	2.335756445e+00	2.466048269e-03	2.838277852e-13
-4.920000000e-02	2.335758587e+00	2.386105594e-03	4.387341601e-13
-4.940000000e-02	2.335760732e+00	2.306162986e-03	1.546734203e-13
-4.960000000e-02	2.335762879e+00	2.226220453e-03	2.962507986e-13
-4.980000000e-02	2.335765029e+00	2.146277982e-03	2.710741444e-13
-5.000000000e-02	2.335767182e+00	2.066335583e-03	2.273855901e-13
-5.020000000e-02	2.335769337e+00	1.986393252e-03	1.706041990e-13
-5.040000000e-02	2.335771496e+00	1.906450990e-03	1.907923845e-13
-5.060000000e-02	2.335773657e+00	1.826508801e-03	2.470409502e-13
-5.080000000e-02	2.335775820e+00	1.746566680e-03	3.663617424e-13
-5.100000000e-02	2.335777987e+00	1.666624623e-03	3.577780297e-13
-5.120000000e-02	2.335780156e+00	1.586682647e-03	3.148726632e-13
-5.140000000e-02	2.335782328e+00	1.506740740e-03	3.527662577e-13
-5.160000000e-02	2.335784503e+00	1.426798899e-03	2.322241803e-13
-5.180000000e-02	2.335786680e+00	1.346857139e-03	2.346190176e-13
-5.200000000e-02	2.335788861e+00	1.266915444e-03	3.038711868e-13
-5.220000000e-02	2.335791044e+00	1.186973817e-03	3.696542713e-13
-5.240000000e-02	2.335793229e+00	1.107032275e-03	3.884072590e-13
-5.260000000e-02	2.335795418e+00	1.027090797e-03	2.528219794e-13
-5.280000000e-02	2.335797609e+00	9.471493924e-04	2.226229078e-13
-5.300000000e-02	2.335799803e+00	8.672080623e-04	2.807591785e-13
-5.320000000e-02	2.335802000e+00	7.872668025e-04	3.574735848e-13
-5.340000000e-02	2.335804199e+00	7.073256192e-04	3.735409327e-13
-5.360000000e-02	2.335806401e+00	6.273845137e-04	2.025094288e-13
-5.380000000e-02	2.335808606e+00	5.474434810e-04	2.519060615e-13
-5.400000000e-02	2.335810814e+00	4.675025221e-04	1.900703235e-13
-5.420000000e-02	2.335813024e+00	3.875616342e-04	3.672497007e-13
-5.440000000e-02	2.335815237e+00	3.076208263e-04	1.929175727e-13
-5.460000000e-02	2.335817453e+00	2.276800925e-04	2.686241642e-13
-5.480000000e-02	2.335819672e+00	1.477394385e-04	4.199262883e-13
-5.500000000e-02	2.335821893e+00	6.779885415e-05	3.645851230e-13
-5.520000000e-02	2.335824118e+00	-1.214165182e-05	3.040491417e-13
-5.540000000e-02	2.335826344e+00	-9.208207808e-05	3.409292162e-13
-5.560000000e-02	2.335828574e+00	-1.720224360e-04	3.685659986e-13
-5.580000000e-02	2.335830806e+00	-2.519627076e-04	3.008235449e-13
-5.600000000e-02	2.335833041e+00	-3.319029096e-04	3.636620123e-13
-5.620000000e-02	2.335835279e+00	-4.118430253e-04	2.079751901e-13
-5.640000000e-02	2.335837520e+00	-4.917830688e-04	2.632319624e-13
-5.660000000e-02	2.335839763e+00	-5.717230262e-04	3.138760497e-13
-5.680000000e-02	2.335842009e+00	-6.516629162e-04	3.135317210e-13
-5.700000000e-02	2.335844258e+00	-7.316027176e-04	2.433127047e-13
-5.720000000e-02	2.335846509e+00	-8.115424422e-04	1.609002576e-13
-5.740000000e-02	2.335848764e+00	-8.914820933e-04	2.643981844e-13
-5.760000000e-02	2.335851021e+00	-9.714216526e-04	3.918759864e-13
-5.780000000e-02	2.335853281e+00	-1.051361143e-03	2.401168152e-13
-5.800000000e-02	2.335855543e+00	-1.131300552e-03	1.914645977e-13
-5.820000000e-02	2.335857808e+00	-1.211239874e-03	1.965768358e-13
-5.840000000e-02	2.335860076e+00	-1.291179120e-03	2.665292707e-13
-5.860000000e-02	2.335862347e+00	-1.371118289e-03	3.873836179e-13
-5.880000000e-02	2.335864621e+00	-1.451057365e-03	3.041296105e-13
-5.900000000e-02	2.335866897e+00	-1.530996364e-03	2.638284499e-13
-5.920000000e-02	2.335869176e+00	-1.610935282e-03	3.274582878e-13
-5.940000000e-02	2.335871457e+00	-1.690874122e-03	2.563805169e-13
-5.960000000e-02	2.335873742e+00	-1.770812873e-03	2.612367714e-13
-5.980000000e-02	2.335876029e+00	-1.850751547e-03	3.187022918e-13
-6.000000000e-02	2.335878319e+00	-1.930690130e-03	2.808360021e-13
-6.020000000e-02	2.335880612e+00	-2.010628633e-03	3.385622081e-13
-6.040000000e-02	2.335882907e+00	-2.090567057e-03	2.150743429e-13
-6.060000000e-02	2.335885205e+00	-2.170505391e-03	3.356237081e-13
-6.080000000e-02	2.335887506e+00	-2.250443645e-03	1.174819199e-13
-6.100000000e-02	2.335889810e+00	-2.330381807e-03	3.579740637e-13
-6.120000000e-02	2.335892116e+00	-2.410319895e-03	2.741511752e-13
-6.140000000e-02	2.335894425e+00	-2.490257888e-03	2.866153537e-13
-6.160000000e-02	2.335896737e+00	-2.570195804e-03	2.051781554e-13
-6.180000000e-02	2.335899052e+00	-2.650133626e-03	1.958373946e-13
-6.200000000e-02	2.335901369e+00	-2.730071365e-03	2.467621652e-13
-6.220000000e-02	2.335903689e+00	-2.810009024e-03	3.795584171e-13
-6.240000000e-02	2.335906012e+00	-2.889946591e-03	2.295856544e-13
-6.260000000e-02	2.335908338e+00	-2.969884069e-03	2.408918129e-13
-6.280000000e-02	2.335910666e+00	-3.049821464e-03	1.592497719e-13
-6.300000000e-02	2.335912997e+00	-3.129758769e-03	2.066158848e-13
-6.320000000e-02	2.335915331e+00	-3.209695984e-03	2.043948253e-13
-6.340000000e-02	2.335917667e+00	-3.289633118e-03	2.303052805e-13
-6.360000000e-02	2.335920007e+00	-3.369570162e-03	3.005150603e-13
-6.380000000e-02	2.335922349e+00	-3.449507113e-03	3.310676904e-13
-6.400000000e-02	2.335924693e+00	-3.529443977e-03	2.827405537e-13
-6.420000000e-02	2.335927041e+00	-3.609380750e-03	8.151970332e-14
-6.440000000e-02	2.335929391e+00	-3.689317440e-03	2.626164765e-13
-6.460000000e-02	2.335931744e+00	-3.769254035e-03	1.321732540e-13
-6.480000000e-02	2.335934100e+00	-3.849190542e-03	3.345170323e-13
-6.500000000e-02	2.335936458e+00	-3.929126958e-03	2.086707752e-13
-6.520000000e-02	2.335938819e+00	-4.009063279e-03	2.070558057e-13
-6.540000000e-02	2.335941183e+00	-4.088999515e-03	4.274070128e-13
-6.560000000e-02	2.335943550e+00	-4.168935662e-03	1.543219483e-13
-6.580000000e-02	2.335945920e+00	-4.248871710e-03	1.895069443e-13
-6.600000000e-02	2.335948292e+00	-4.328807676e-03	3.274139062e-13
-6.620000000e-02	2.335950667e+00	-4.408743546e-03	3.190136514e-13
-6.640000000e-02	2.335953044e+00	-4.488679321e-03	4.465420047e-13
-6.660000000e-02	2.335955425e+00	-4.568615000e-03	2.086909236e-13
-6.680000000e-02	2.335957808e+00	-4.648550591e-03	3.188795015e-13
-6.700000000e-02	2.335960194e+00	-4.728486094e-03	2.017742744e-13
-6.720000000e-02	2.335962582e+00	-4.808421501e-03	3.375744921e-13
-6.740000000e-02	2.335964974e+00	-4.888356807e-03	3.293185879e-13
-6.760000000e-02	2.335967368e+00	-4.968292028e-03	2.453630480e-13
-6.780000000e-02	2.335969765e+00	-5.048227152e-03	4.040425688e-13
-6.800000000e-02	2.335972164e+00	-5.128162179e-03	3.034961633e-13
-6.820000000e-02	2.335974567e+00	-5.208097108e-03	3.859734129e-13
-6.840000000e-02	2.335976972e+00	-5.288031951e-03	1.251588903e-13
-6.860000000e-02	2.335979380e+00	-5.367966691e-03	3.708294049e-13
-6.880000000e-02	2.335981790e+00	-5.447901342e-03	2.311239565e-13
-6.900000000e-02	2.335984203e+00	-5.527835895e-03	1.979826601e-13
-6.920000000e-02	2.335986619e+00	-5.607770350e-03	1.214342854e-13
-6.940000000e-02	2.335989038e+00	-5.687704710e-03	2.550109047e-13
-6.960000000e-02	2.335991460e+00	-5.767638970e-03	2.972764868e-13
-6.980000000e-02	2.335993884e+00	-5.847573134e-03	3.595280172e-13
-7.000000000e-02	2.335996311e+00	-5.927507206e-03	8.482558942e-14
-7.020000000e-02	2.335998741e+00	-6.007441179e-03	3.502948505e-13
-7.040000000e-02	2.336001173e+00	-6.087375048e-03	2.799472842e-13
-7.060000000e-02	2.336003609e+00	-6.167308823e-03	1.256478556e-13
-7.080000000e-02	2.336006047e+00	-6.247242503e-03	1.606421144e-13
-7.100000000e-02	2.336008487e+00	-6.327176077e-03	3.388455636e-13
-7.120000000e-02	2.336010931e+00	-6.407109556e-03	3.565912417e-13
-7.140000000e-02	2.336013377e+00	-6.487042935e-03	2.217598665e-13
-7.160000000e-02	2.336015826e+00	-6.566976214e-03	3.169316927e-13
-7.180000000e-02	2.336018277e+00	-6.646909396e-03	3.245286308e-13
-7.200000000e-02	2.336020732e+00	-6.726842480e-03	3.070816794e-13
-7.220000000e-02	2.336023189e+00	-6.806775455e-03	3.699500026e-13
-7.240000000e-02	2.336025649e+00	-6.886708335e-03	2.101973262e-13
-7.260000000e-02	2.336028112e+00	-6.966641108e-03	3.750638741e-13
-7.280000000e-02	2.336030577e+00	-7.046573789e-03	1.095268399e-13
-7.300000000e-02	2.336033045e+00	-7.126506367e-03	2.492472392e-13
-7.320000000e-02	2.336035516e+00	-7.206438840e-03	2.917046462e-13
-7.340000000e-02	2.336037990e+00	-7.286371213e-03	4.157900572e-13
-7.360000000e-02	2.336040466e+00	-7.366303475e-03	4.007912796e-13
-7.380000000e-02	2.336042945e+00	-7.446235643e-03	2.485960963e-13
-7.400000000e-02	2.336045427e+00	-7.526167707e-03	2.920985544e-13
-7.420000000e-02	2.336047911e+00	-7.606099661e-03	4.341616983e-13
-7.440000000e-02	2.336050399e+00	-7.686031522e-03	1.737867753e-13
-7.460000000e-02	2.336052889e+00	-7.765963276e-03	1.480929617e-13
-7.480000000e-02	2.336055382e+00	-7.845894923e-03	3.641662941e-13
-7.500000000e-02	2.336057877e+00	-7.925826463e-03	4.200086605e-13
-7.520000000e-02	2.336060375e+00	-8.005757905e-03	2.227542286e-13
-7.540000000e-02	2.336062876e+00	-8.085689245e-03	2.199099089e-13
-7.560000000e-02	2.336065380e+00	-8.165620470e-03	1.920704879e-13
-7.580000000e-02	2.336067887e+00	-8.245551597e-03	2.710063827e-13
-7.600000000e-02	2.336070396e+00	-8.325482616e-03	2.272133257e-13
-7.620000000e-02	2.336072908e+00	-8.405413524e-03	3.409091511e-13
-7.640000000e-02	2.336075423e+00	-8.485344334e-03	3.017376224e-13
-7.660000000e-02	2.336077940e+00	-8.565275034e-03	2.440857256e-13
-7.680000000e-02	2.336080460e+00	-8.645205622e-03	1.341111020e-13
-7.700000000e-02	2.336082983e+00	-8.725136108e-03	3.366874640e-13
-7.720000000e-02	2.336085509e+00	-8.805066483e-03	2.422291072e-13
-7.740000000e-02	2.336088037e+00	-8.884996752e-03	2.876947174e-13
-7.760000000e-02	2.336090568e+00	-8.964926919e-03	5.652954121e-13
-7.780000000e-02	2.336093102e+00	-9.044856974e-03	2.550769031e-13
-7.800000000e-02	2.336095639e+00	-9.124786913e-03	3.834655672e-13
-7.820000000e-02	2.336098178e+00	-9.204716755e-03	2.242811682e-13
-7.840000000e-02	2.336100721e+00	-9.284646476e-03	2.525558346e-13
-7.860000000e-02	2.336103265e+00	-9.364576096e-03	2.967714467e-13
-7.880000000e-02	2.336105813e+00	-9.444505602e-03	2.225171874e-13
-7.900000000e-02	2.336108363e+00	-9.524435001e-03	2.581614666e-13
-7.920000000e-02	2.336110916e+00	-9.604364291e-03	9.414427059e-14
-7.940000000e-02	2.336113472e+00	-9.684293468e-03	3.152230181e-13
-7.960000000e-02	2.336116031e+00	-9.764222536e-03	2.969768651e-13
-7.980000000e-02	2.336118592e+00	-9.844151486e-03	2.672149296e-13
-8.000000000e-02	2.336121156e+00	-9.924080332e-03	2.588182952e-13
-8.020000000e-02	2.336123723e+00	-1.000400906e-02	2.460413269e-13
-8.040000000e-02	2.336126293e+00	-1.008393768e-02	2.537430162e-13
-8.060000000e-02	2.336128865e+00	-1.016386619e-02	2.775759328e-13
-8.080000000e-02	2.336131440e+00	-1.024379459e-02	2.287342176e-13
-8.100000000e-02	2.336134018e+00	-1.032372287e-02	1.902438383e-13
-8.120000000e-02	2.336136598e+00	-1.040365103e-02	2.004538293e-13
-8.140000000e-02	2.336139181e+00	-1.048357909e-02	2.816929775e-13
-8.160000000e-02	2.336141767e+00	-1.056350703e-02	1.849436111e-13
-8.180000000e-02	2.336144356e+00	-1.064343486e-02	3.055971507e-13
-8.200000000e-02	2.336146947e+00	-1.072336258e-02	2.404290034e-13
-8.220000000e-02	2.336149542e+00	-1.080329018e-02	1.815466714e-13
-8.240000000e-02	2.336152138e+00	-1.088321766e-02	1.970417530e-13
-8.260000000e-02	2.336154738e+00	-1.096314503e-02	2.392024698e-13
-8.280000000e-02	2.336157341e+00	-1.104307229e-02	3.360825294e-13
-8.300000000e-02	2.336159946e+00	-1.112299943e-02	3.807375919e-13
-8.320000000e-02	2.336162554e+00	-1.120292645e-02	1.550679736e-13
-8.340000000e-02	2.336165164e+00	-1.128285335e-02	3.445398553e-13
-8.360000000e-02	2.336167778e+00	-1.136278014e-02	3.192162491e-13
-8.380000000e-02	2.336170394e+00	-1.144270681e-02	4.831303917e-13
-8.400000000e-02	2.336173013e+00	-1.152263337e-02	2.596649476e-13
-8.420000000e-02	2.336175634e+00	-1.160255981e-02	3.730746162e-13
-8.440000000e-02	2.336178259e+00	-1.168248613e-02	3.478478632e-13
-8.460000000e-02	2.336180886e+00	-1.176241234e-02	3.528675386e-13
-8.480000000e-02	2.336183515e+00	-1.184233842e-02	3.127053555e-13
-8.500000000e-02	2.336186148e+00	-1.192226439e-02	2.906705272e-13
-8.520000000e-02	2.336188783e+00	-1.200219023e-02	2.575481130e-13
-8.540000000e-02	2.336191421e+00	-1.208211596e-02	1.303342222e-13
-8.560000000e-02	2.336194062e+00	-1.216204157e-02	3.623372810e-13
-8.580000000e-02	2.336196706e+00	-1.224196706e-02	3.249577637e-13
-8.600000000e-02	2.336199352e+00	-1.232189243e-02	3.804998521e-13
-8.620000000e-02	2.336202001e+00	-1.240181768e-02	2.490305731e-13
-8.640000000e-02	2.336204653e+00	-1.248174282e-02	3.981931574e-13
-8.660000000e-02	2.336207307e+00	-1.256166782e-02	3.386477804e-13
-8.680000000e-02	2.336209964e+00	-1.264159271e-02	4.182930277e-13
-8.700000000e-02	2.336212624e+00	-1.272151748e-02	2.070016091e-13
-8.720000000e-02	2.336215287e+00	-1.280144212e-02	1.665619589e-13
-8.740000000e-02	2.336217952e+00	-1.288136664e-02	3.240578649e-13
-8.760000000e-02	2.336220620e+00	-1.296129104e-02	2.184580622e-13
-8.780000000e-02	2.336223291e+00	-1.304121532e-02	1.047903459e-13
-8.800000000e-02	2.336225965e+00	-1.312113948e-02	2.926981060e-13
-8.820000000e-02	2.336228641e+00	-1.320106350e-02	3.933933258e-13
-8.840000000e-02	2.336231320e+00	-1.328098742e-02	3.644397248e-13
-8.860000000e-02	2.336234002e+00	-1.336091120e-02	2.687421467e-13
-8.880000000e-02	2.336236687e+00	-1.344083487e-02	2.853558261e-13
-8.900000000e-02	2.336239374e+00	-1.352075841e-02	4.031645072e-13
-8.920000000e-02	2.336242064e+00	-1.360068181e-02	3.379187802e-13
-8.940000000e-02	2.336244757e+00	-1.368060511e-02	2.831862097e-13
-8.960000000e-02	2.336247453e+00	-1.376052827e-02	3.667921069e-13
-8.980000000e-02	2.336250151e+00	-1.384045131e-02	2.670449012e-13
-9.000000000e-02	2.336252852e+00	-1.392037422e-02	2.641317349e-13
-9.020000000e-02	2.336255556e+00	-1.400029701e-02	3.075952164e-13
-9.040000000e-02	2.336258262e+00	-1.408021967e-02	2.964396345e-13
-9.060000000e-02	2.336260972e+00	-1.416014221e-02	3.708330340e-13
-9.080000000e-02	2.336263684e+00	-1.424006462e-02	3.269731141e-13
-9.100000000e-02	2.336266398e+00	-1.431998690e-02	1.834921115e-13
-9.120000000e-02	2.336269116e+00	-1.439990906e-02	3.623123646e-13
-9.140000000e-02	2.336271836e+00	-1.447983108e-02	3.154754700e-13
-9.160000000e-02	2.336274559e+00	-1.455975298e-02	2.033498926e-13
-9.180000000e-02	2.336277285e+00	-1.463967475e-02	1.949182322e-13
-9.200000000e-02	2.336280013e+00	-1.471959639e-02	3.314912172e-13
-9.220000000e-02	2.336282744e+00	-1.479951791e-02	3.424051217e-13
-9.240000000e-02	2.336285478e+00	-1.487943929e-02	3.540360692e-13
-9.260000000e-02	2.336288215e+00	-1.495936055e-02	2.796320844e-13
-9.280000000e-02	2.336290954e+00	-1.503928167e-02	2.783784582e-13
-9.300000000e-02	2.336293696e+00	-1.511920267e-02	4.084149775e-13
-9.320000000e-02	2.336296441e+00	-1.519912354e-02	1.842770343e-13
-9.340000000e-02	2.336299189e+00	-1.527904427e-02	3.043943038e-13
-9.360000000e-02	2.336301939e+00	-1.535896488e-02	1.143838897e-13
-9.380000000e-02	2.336304692e+00	-1.543888536e-02	3.218074061e-13
-9.400000000e-02	2.336307448e+00	-1.551880569e-02	2.693410302e-13
-9.420000000e-02	2.336310207e+00	-1.559872591e-02	2.152727430e-13
-9.440000000e-02	2.336312968e+00	-1.567864599e-02	2.086168086e-13
-9.460000000e-02	2.336315732e+00	-1.575856593e-02	2.759288303e-13
-9.480000000e-02	2.336318499e+00	-1.583848576e-02	2.513190258e-13
-9.500000000e-02	2.336321268e+00	-1.591840544e-02	1.314112087e-13
-9.520000000e-02	2.336324041e+00	-1.599832499e-02	1.941480852e-13
-9.540000000e-02	2.336326816e+00	-1.607824440e-02	1.756700626e-13
-9.560000000e-02	2.336329593e+00	-1.615816369e-02	3.073856355e-13
-9.580000000e-02	2.336332374e+00	-1.623808284e-02	3.852773151e-13
-9.600000000e-02	2.336335157e+00	-1.631800186e-02	2.470161032e-13
-9.620000000e-02	2.336337943e+00	-1.639792074e-02	3.256175975e-13
-9.640000000e-02	2.336340732e+00	-1.647783949e-02	3.859271942e-13
-9.660000000e-02	2.336343523e+00	-1.655775810e-02	4.097104363e-13
-9.680000000e-02	2.336346317e+00	-1.663767658e-02	1.463435429e-13
-9.700000000e-02	2.336349114e+00	-1.671759492e-02	3.400636880e-13
-9.720000000e-02	2.336351914e+00	-1.679751313e-02	2.871006730e-13
-9.740000000e-02	2.336354716e+00	-1.687743120e-02	3.918593814e-13
-9.760000000e-02	2.336357521e+00	-1.695734914e-02	3.005888010e-13
-9.780000000e-02	2.336360329e+00	-1.703726694e-02	2.817714838e-13
-9.800000000e-02	2.336363140e+00	-1.711718460e-02	3.813866961e-13
-9.820000000e-02	2.336365953e+00	-1.719710212e-02	3.226645072e-13
-9.840000000e-02	2.336368769e+00	-1.727701951e-02	3.239791802e-13
-9.860000000e-02	2.336371588e+00	-1.735693675e-02	3.679075446e-13
-9.880000000e-02	2.336374409e+00	-1.743685386e-02	2.982769388e-13
-9.900000000e-02	2.336377234e+00	-1.751677084e-02	1.564414170e-13
-9.920000000e-02	2.336380061e+00	-1.759668767e-02	5.059004932e-13
-9.940000000e-02	2.336382890e+00	-1.767660437e-02	3.507855921e-13
-9.960000000e-02	2.336385723e+00	-1.775652093e-02	3.759238206e-13
-9.980000000e-02	2.336388558e+00	-1.783643734e-02	3.656634661e-13
-1.000000000e-01	2.336391396e+00	-1.791635363e-02	2.527820294e-13
