# epsi_ci     Re(Lambda)      Im(Lambda)      Eq(det), R = 0.40 $\mu$m, $E_p$ = 0.900 eV, modo = 2, $\epsilon_\infty$ = 3.9, $\gamma_{DL}$ = 0.01 eV, solve_det_sinkz_vs_mu.py
0.000000000e+00	2.322140935e+00	2.130062858e-02	2.571202756e-13
-2.000000000e-04	2.322142380e+00	2.122115529e-02	3.482446055e-13
-4.000000000e-04	2.322143828e+00	2.114168201e-02	4.133101174e-13
-6.000000000e-04	2.322145278e+00	2.106220872e-02	1.816709145e-13
-8.000000000e-04	2.322146731e+00	2.098273543e-02	2.138845823e-13
-1.000000000e-03	2.322148187e+00	2.090326215e-02	2.567647614e-13
-1.200000000e-03	2.322149646e+00	2.082378886e-02	4.328223472e-13
-1.400000000e-03	2.322151107e+00	2.074431559e-02	2.864008210e-13
-1.600000000e-03	2.322152571e+00	2.066484231e-02	2.856440429e-13
-1.800000000e-03	2.322154038e+00	2.058536903e-02	2.996196888e-13
-2.000000000e-03	2.322155508e+00	2.050589575e-02	2.902341834e-13
-2.200000000e-03	2.322156980e+00	2.042642248e-02	3.611027305e-13
-2.400000000e-03	2.322158455e+00	2.034694921e-02	2.514182459e-13
-2.600000000e-03	2.322159933e+00	2.026747595e-02	2.247556694e-13
-2.800000000e-03	2.322161413e+00	2.018800269e-02	4.824091968e-13
-3.000000000e-03	2.322162897e+00	2.010852944e-02	3.743970931e-13
-3.200000000e-03	2.322164383e+00	2.002905618e-02	1.741280910e-13
-3.400000000e-03	2.322165871e+00	1.994958293e-02	2.629303401e-13
-3.600000000e-03	2.322167363e+00	1.987010969e-02	2.584378339e-13
-3.800000000e-03	2.322168857e+00	1.979063645e-02	2.352639772e-13
-4.000000000e-03	2.322170354e+00	1.971116322e-02	1.421919960e-13
-4.200000000e-03	2.322171853e+00	1.963169000e-02	4.435112311e-13
-4.400000000e-03	2.322173356e+00	1.955221677e-02	2.369710151e-13
-4.600000000e-03	2.322174861e+00	1.947274356e-02	1.410105375e-13
-4.800000000e-03	2.322176368e+00	1.939327035e-02	2.081811120e-13
-5.000000000e-03	2.322177879e+00	1.931379715e-02	3.136780114e-13
-5.200000000e-03	2.322179392e+00	1.923432395e-02	2.080136864e-13
-5.400000000e-03	2.322180908e+00	1.915485077e-02	3.236821757e-13
-5.600000000e-03	2.322182427e+00	1.907537759e-02	4.617867294e-13
-5.800000000e-03	2.322183948e+00	1.899590442e-02	2.796963430e-13
-6.000000000e-03	2.322185472e+00	1.891643125e-02	1.632962612e-13
-6.200000000e-03	2.322186999e+00	1.883695810e-02	2.370744261e-13
-6.400000000e-03	2.322188529e+00	1.875748496e-02	2.508448958e-13
-6.600000000e-03	2.322190061e+00	1.867801182e-02	2.824071433e-13
-6.800000000e-03	2.322191596e+00	1.859853869e-02	1.840274700e-13
-7.000000000e-03	2.322193134e+00	1.851906557e-02	5.202660681e-13
-7.200000000e-03	2.322194674e+00	1.843959247e-02	2.049026926e-13
-7.400000000e-03	2.322196217e+00	1.836011937e-02	2.396655585e-13
-7.600000000e-03	2.322197763e+00	1.828064629e-02	2.553241401e-13
-7.800000000e-03	2.322199312e+00	1.820117321e-02	3.263693268e-13
-8.000000000e-03	2.322200864e+00	1.812170014e-02	3.974175735e-13
-8.200000000e-03	2.322202418e+00	1.804222709e-02	9.170496840e-14
-8.400000000e-03	2.322203974e+00	1.796275405e-02	2.672444011e-13
-8.600000000e-03	2.322205534e+00	1.788328102e-02	2.542559773e-13
-8.800000000e-03	2.322207096e+00	1.780380800e-02	4.616197991e-13
-9.000000000e-03	2.322208661e+00	1.772433499e-02	3.352861881e-13
-9.200000000e-03	2.322210229e+00	1.764486200e-02	2.848922742e-13
-9.400000000e-03	2.322211800e+00	1.756538903e-02	3.361406907e-13
-9.600000000e-03	2.322213373e+00	1.748591605e-02	2.325527201e-13
-9.800000000e-03	2.322214949e+00	1.740644310e-02	1.030992434e-13
-1.000000000e-02	2.322216527e+00	1.732697016e-02	3.228374719e-13
-1.020000000e-02	2.322218109e+00	1.724749725e-02	4.804655385e-13
-1.040000000e-02	2.322219693e+00	1.716802433e-02	3.562500350e-13
-1.060000000e-02	2.322221280e+00	1.708855143e-02	2.309793384e-13
-1.080000000e-02	2.322222869e+00	1.700907855e-02	3.919422835e-13
-1.100000000e-02	2.322224462e+00	1.692960569e-02	2.222639643e-13
-1.120000000e-02	2.322226057e+00	1.685013284e-02	3.385948794e-13
-1.140000000e-02	2.322227655e+00	1.677066000e-02	2.860913248e-13
-1.160000000e-02	2.322229255e+00	1.669118718e-02	4.322916960e-13
-1.180000000e-02	2.322230858e+00	1.661171438e-02	3.195899379e-13
-1.200000000e-02	2.322232464e+00	1.653224160e-02	2.127179401e-13
-1.220000000e-02	2.322234073e+00	1.645276883e-02	2.206279923e-13
-1.240000000e-02	2.322235684e+00	1.637329608e-02	3.905577364e-13
-1.260000000e-02	2.322237298e+00	1.629382335e-02	2.269918261e-13
-1.280000000e-02	2.322238915e+00	1.621435064e-02	2.744075325e-13
-1.300000000e-02	2.322240535e+00	1.613487794e-02	4.683450183e-13
-1.320000000e-02	2.322242157e+00	1.605540526e-02	3.466774327e-13
-1.340000000e-02	2.322243782e+00	1.597593260e-02	1.918275769e-13
-1.360000000e-02	2.322245410e+00	1.589645996e-02	4.658580614e-13
-1.380000000e-02	2.322247040e+00	1.581698734e-02	1.860396415e-13
-1.400000000e-02	2.322248674e+00	1.573751474e-02	2.935644363e-13
-1.420000000e-02	2.322250310e+00	1.565804215e-02	2.055102744e-13
-1.440000000e-02	2.322251948e+00	1.557856959e-02	2.179376591e-13
-1.460000000e-02	2.322253590e+00	1.549909705e-02	2.824484060e-13
-1.480000000e-02	2.322255234e+00	1.541962453e-02	2.740732760e-13
-1.500000000e-02	2.322256881e+00	1.534015203e-02	2.304404117e-13
-1.520000000e-02	2.322258530e+00	1.526067955e-02	2.995240316e-13
-1.540000000e-02	2.322260182e+00	1.518120709e-02	3.439802022e-13
-1.560000000e-02	2.322261837e+00	1.510173465e-02	2.678360716e-13
-1.580000000e-02	2.322263495e+00	1.502226224e-02	1.358689456e-13
-1.600000000e-02	2.322265156e+00	1.494278985e-02	2.514301005e-13
-1.620000000e-02	2.322266819e+00	1.486331748e-02	3.141168654e-13
-1.640000000e-02	2.322268485e+00	1.478384514e-02	4.719281386e-13
-1.660000000e-02	2.322270153e+00	1.470437281e-02	4.605112644e-13
-1.680000000e-02	2.322271825e+00	1.462490051e-02	4.262370594e-13
-1.700000000e-02	2.322273499e+00	1.454542823e-02	2.596485612e-13
-1.720000000e-02	2.322275176e+00	1.446595598e-02	2.740491854e-13
-1.740000000e-02	2.322276855e+00	1.438648375e-02	3.010210045e-13
-1.760000000e-02	2.322278538e+00	1.430701155e-02	3.825885229e-13
-1.780000000e-02	2.322280223e+00	1.422753937e-02	2.957830920e-13
-1.800000000e-02	2.322281910e+00	1.414806722e-02	3.232672859e-13
-1.820000000e-02	2.322283601e+00	1.406859509e-02	2.326291864e-13
-1.840000000e-02	2.322285294e+00	1.398912299e-02	2.349365523e-13
-1.860000000e-02	2.322286990e+00	1.390965091e-02	2.849049527e-13
-1.880000000e-02	2.322288689e+00	1.383017886e-02	2.204678459e-13
-1.900000000e-02	2.322290390e+00	1.375070684e-02	2.911009018e-13
-1.920000000e-02	2.322292094e+00	1.367123485e-02	1.952258873e-13
-1.940000000e-02	2.322293801e+00	1.359176287e-02	2.635407724e-13
-1.960000000e-02	2.322295511e+00	1.351229093e-02	1.699297006e-13
-1.980000000e-02	2.322297223e+00	1.343281902e-02	2.261628855e-13
-2.000000000e-02	2.322298938e+00	1.335334713e-02	3.619729172e-13
-2.020000000e-02	2.322300656e+00	1.327387527e-02	9.188696874e-14
-2.040000000e-02	2.322302376e+00	1.319440345e-02	3.105752996e-13
-2.060000000e-02	2.322304099e+00	1.311493164e-02	2.357774961e-13
-2.080000000e-02	2.322305825e+00	1.303545987e-02	3.719440122e-13
-2.100000000e-02	2.322307554e+00	1.295598813e-02	1.533219509e-13
-2.120000000e-02	2.322309285e+00	1.287651641e-02	2.584417109e-13
-2.140000000e-02	2.322311019e+00	1.279704473e-02	2.359487484e-13
-2.160000000e-02	2.322312756e+00	1.271757308e-02	1.603844104e-13
-2.180000000e-02	2.322314496e+00	1.263810146e-02	2.023829522e-13
-2.200000000e-02	2.322316238e+00	1.255862986e-02	3.498364201e-13
-2.220000000e-02	2.322317983e+00	1.247915831e-02	2.987131970e-13
-2.240000000e-02	2.322319731e+00	1.239968678e-02	1.704103134e-13
-2.260000000e-02	2.322321481e+00	1.232021528e-02	3.462273596e-13
-2.280000000e-02	2.322323235e+00	1.224074381e-02	4.000930176e-13
-2.300000000e-02	2.322324990e+00	1.216127238e-02	2.480986099e-13
-2.320000000e-02	2.322326749e+00	1.208180098e-02	2.620457092e-13
-2.340000000e-02	2.322328511e+00	1.200232961e-02	5.242467771e-13
-2.360000000e-02	2.322330275e+00	1.192285827e-02	3.845878860e-13
-2.380000000e-02	2.322332041e+00	1.184338697e-02	3.397219345e-13
-2.400000000e-02	2.322333811e+00	1.176391570e-02	2.119253851e-13
-2.420000000e-02	2.322335583e+00	1.168444447e-02	3.661621629e-13
-2.440000000e-02	2.322337358e+00	1.160497326e-02	1.999989076e-13
-2.460000000e-02	2.322339136e+00	1.152550210e-02	2.485916422e-13
-2.480000000e-02	2.322340916e+00	1.144603097e-02	1.416699008e-13
-2.500000000e-02	2.322342700e+00	1.136655988e-02	4.268509891e-13
-2.520000000e-02	2.322344486e+00	1.128708881e-02	3.409390171e-13
-2.540000000e-02	2.322346274e+00	1.120761779e-02	3.200106623e-13
-2.560000000e-02	2.322348066e+00	1.112814679e-02	2.087858454e-13
-2.580000000e-02	2.322349860e+00	1.104867584e-02	3.139855081e-13
-2.600000000e-02	2.322351657e+00	1.096920493e-02	5.542310185e-13
-2.620000000e-02	2.322353456e+00	1.088973405e-02	3.266847145e-13
-2.640000000e-02	2.322355258e+00	1.081026320e-02	2.973984906e-13
-2.660000000e-02	2.322357063e+00	1.073079239e-02	4.033606921e-13
-2.680000000e-02	2.322358871e+00	1.065132163e-02	4.074717730e-13
-2.700000000e-02	2.322360682e+00	1.057185089e-02	1.565922980e-13
-2.720000000e-02	2.322362495e+00	1.049238020e-02	1.589754138e-13
-2.740000000e-02	2.322364311e+00	1.041290954e-02	2.252133527e-13
-2.760000000e-02	2.322366129e+00	1.033343893e-02	1.694968569e-13
-2.780000000e-02	2.322367951e+00	1.025396835e-02	2.302336118e-13
-2.800000000e-02	2.322369775e+00	1.017449781e-02	2.589662272e-13
-2.820000000e-02	2.322371602e+00	1.009502731e-02	3.570810387e-13
-2.840000000e-02	2.322373431e+00	1.001555685e-02	3.116829147e-13
-2.860000000e-02	2.322375263e+00	9.936086434e-03	1.642074378e-13
-2.880000000e-02	2.322377098e+00	9.856616055e-03	2.877012520e-13
-2.900000000e-02	2.322378936e+00	9.777145715e-03	2.528824620e-13
-2.920000000e-02	2.322380777e+00	9.697675416e-03	3.455889253e-13
-2.940000000e-02	2.322382620e+00	9.618205160e-03	1.883793304e-13
-2.960000000e-02	2.322384466e+00	9.538734951e-03	3.258831180e-13
-2.980000000e-02	2.322386314e+00	9.459264776e-03	3.107121435e-13
-3.000000000e-02	2.322388166e+00	9.379794645e-03	2.403283198e-13
-3.020000000e-02	2.322390020e+00	9.300324552e-03	2.046169563e-13
-3.040000000e-02	2.322391877e+00	9.220854509e-03	2.220855125e-13
-3.060000000e-02	2.322393736e+00	9.141384503e-03	2.807929374e-13
-3.080000000e-02	2.322395598e+00	9.061914546e-03	2.732977604e-13
-3.100000000e-02	2.322397463e+00	8.982444630e-03	4.130288081e-13
-3.120000000e-02	2.322399331e+00	8.902974754e-03	3.233857721e-13
-3.140000000e-02	2.322401202e+00	8.823504927e-03	3.353733763e-13
-3.160000000e-02	2.322403075e+00	8.744035146e-03	3.643431795e-13
-3.180000000e-02	2.322404951e+00	8.664565398e-03	3.027652796e-13
-3.200000000e-02	2.322406829e+00	8.585095703e-03	3.127301751e-13
-3.220000000e-02	2.322408711e+00	8.505626051e-03	4.276572141e-13
-3.240000000e-02	2.322410595e+00	8.426156450e-03	1.233947475e-13
-3.260000000e-02	2.322412481e+00	8.346686897e-03	4.783981595e-13
-3.280000000e-02	2.322414371e+00	8.267217378e-03	2.380208644e-13
-3.300000000e-02	2.322416263e+00	8.187747913e-03	3.228683026e-13
-3.320000000e-02	2.322418158e+00	8.108278486e-03	2.954275334e-13
-3.340000000e-02	2.322420056e+00	8.028809115e-03	2.414055593e-13
-3.360000000e-02	2.322421956e+00	7.949339792e-03	3.630405073e-13
-3.380000000e-02	2.322423860e+00	7.869870505e-03	4.037294454e-13
-3.400000000e-02	2.322425765e+00	7.790401274e-03	3.707242823e-13
-3.420000000e-02	2.322427674e+00	7.710932092e-03	3.000387375e-13
-3.440000000e-02	2.322429585e+00	7.631462957e-03	1.803668238e-13
-3.460000000e-02	2.322431499e+00	7.551993867e-03	3.047658822e-13
-3.480000000e-02	2.322433416e+00	7.472524834e-03	2.322671651e-13
-3.500000000e-02	2.322435336e+00	7.393055840e-03	3.216236258e-13
-3.520000000e-02	2.322437258e+00	7.313586906e-03	3.181063426e-13
-3.540000000e-02	2.322439183e+00	7.234118012e-03	4.312992580e-13
-3.560000000e-02	2.322441111e+00	7.154649167e-03	4.360583918e-13
-3.580000000e-02	2.322443041e+00	7.075180379e-03	2.145944041e-13
-3.600000000e-02	2.322444974e+00	6.995711641e-03	2.467867642e-13
-3.620000000e-02	2.322446910e+00	6.916242950e-03	1.373792698e-13
-3.640000000e-02	2.322448849e+00	6.836774311e-03	3.878047975e-13
-3.660000000e-02	2.322450790e+00	6.757305728e-03	4.753055979e-13
-3.680000000e-02	2.322452734e+00	6.677837188e-03	4.023770156e-13
-3.700000000e-02	2.322454681e+00	6.598368702e-03	4.436939097e-13
-3.720000000e-02	2.322456630e+00	6.518900272e-03	2.608027822e-13
-3.740000000e-02	2.322458583e+00	6.439431895e-03	1.873273682e-13
-3.760000000e-02	2.322460538e+00	6.359963570e-03	4.698865127e-13
-3.780000000e-02	2.322462495e+00	6.280495292e-03	3.544082452e-13
-3.800000000e-02	2.322464456e+00	6.201027079e-03	3.538792174e-13
-3.820000000e-02	2.322466419e+00	6.121558907e-03	3.322621433e-13
-3.840000000e-02	2.322468385e+00	6.042090792e-03	2.855383405e-13
-3.860000000e-02	2.322470353e+00	5.962622733e-03	3.021350057e-13
-3.880000000e-02	2.322472325e+00	5.883154732e-03	2.911714845e-13
-3.900000000e-02	2.322474299e+00	5.803686780e-03	2.204112492e-13
-3.920000000e-02	2.322476275e+00	5.724218888e-03	2.741650810e-13
-3.940000000e-02	2.322478255e+00	5.644751042e-03	5.151667756e-13
-3.960000000e-02	2.322480237e+00	5.565283261e-03	3.075928751e-13
-3.980000000e-02	2.322482222e+00	5.485815533e-03	3.016986357e-13
-4.000000000e-02	2.322484210e+00	5.406347866e-03	3.310739719e-13
-4.020000000e-02	2.322486200e+00	5.326880248e-03	3.384576925e-13
-4.040000000e-02	2.322488193e+00	5.247412685e-03	3.950321319e-13
-4.060000000e-02	2.322490189e+00	5.167945188e-03	3.551632529e-13
-4.080000000e-02	2.322492188e+00	5.088477741e-03	2.950737618e-13
-4.100000000e-02	2.322494189e+00	5.009010354e-03	1.924841355e-13
-4.120000000e-02	2.322496193e+00	4.929543024e-03	1.907611642e-13
-4.140000000e-02	2.322498200e+00	4.850075753e-03	3.299909722e-13
-4.160000000e-02	2.322500209e+00	4.770608538e-03	1.542175548e-13
-4.180000000e-02	2.322502222e+00	4.691141384e-03	4.678631303e-13
-4.200000000e-02	2.322504237e+00	4.611674287e-03	2.703462977e-13
-4.220000000e-02	2.322506254e+00	4.532207248e-03	3.009871307e-13
-4.240000000e-02	2.322508275e+00	4.452740265e-03	4.828516569e-13
-4.260000000e-02	2.322510298e+00	4.373273353e-03	2.505685492e-13
-4.280000000e-02	2.322512324e+00	4.293806495e-03	3.284770982e-13
-4.300000000e-02	2.322514352e+00	4.214339697e-03	3.257140725e-13
-4.320000000e-02	2.322516383e+00	4.134872959e-03	2.818567073e-13
-4.340000000e-02	2.322518417e+00	4.055406282e-03	3.185925995e-13
-4.360000000e-02	2.322520454e+00	3.975939666e-03	4.775998786e-13
-4.380000000e-02	2.322522494e+00	3.896473109e-03	4.739609438e-13
-4.400000000e-02	2.322524536e+00	3.817006622e-03	2.639208780e-13
-4.420000000e-02	2.322526581e+00	3.737540196e-03	3.104015147e-13
-4.440000000e-02	2.322528628e+00	3.658073827e-03	2.955957265e-13
-4.460000000e-02	2.322530679e+00	3.578607521e-03	2.296330141e-13
-4.480000000e-02	2.322532732e+00	3.499141275e-03	2.269111252e-13
-4.500000000e-02	2.322534788e+00	3.419675095e-03	3.318490494e-13
-4.520000000e-02	2.322536846e+00	3.340208985e-03	3.579264441e-13
-4.540000000e-02	2.322538908e+00	3.260742930e-03	1.616690882e-13
-4.560000000e-02	2.322540972e+00	3.181276942e-03	1.885726475e-13
-4.580000000e-02	2.322543038e+00	3.101811017e-03	2.637560281e-13
-4.600000000e-02	2.322545108e+00	3.022345154e-03	2.574109558e-13
-4.620000000e-02	2.322547180e+00	2.942879363e-03	2.293956284e-13
-4.640000000e-02	2.322549255e+00	2.863413633e-03	1.601915583e-13
-4.660000000e-02	2.322551333e+00	2.783947964e-03	2.565044019e-13
-4.680000000e-02	2.322553413e+00	2.704482369e-03	4.140476515e-13
-4.700000000e-02	2.322555496e+00	2.625016837e-03	3.068873375e-13
-4.720000000e-02	2.322557582e+00	2.545551367e-03	2.240256123e-13
-4.740000000e-02	2.322559670e+00	2.466085965e-03	2.948747812e-13
-4.760000000e-02	2.322561762e+00	2.386620631e-03	2.788304734e-13
-4.780000000e-02	2.322563856e+00	2.307155364e-03	2.883611963e-13
-4.800000000e-02	2.322565952e+00	2.227690166e-03	3.062575029e-13
-4.820000000e-02	2.322568052e+00	2.148225038e-03	2.177060022e-13
-4.840000000e-02	2.322570154e+00	2.068759973e-03	2.446197529e-13
-4.860000000e-02	2.322572259e+00	1.989294975e-03	3.109769798e-13
-4.880000000e-02	2.322574366e+00	1.909830048e-03	3.183564017e-13
-4.900000000e-02	2.322576477e+00	1.830365191e-03	3.350886164e-13
-4.920000000e-02	2.322578590e+00	1.750900404e-03	2.756236553e-13
-4.940000000e-02	2.322580706e+00	1.671435681e-03	4.733071727e-13
-4.960000000e-02	2.322582824e+00	1.591971032e-03	1.845934107e-13
-4.980000000e-02	2.322584945e+00	1.512506445e-03	3.566953188e-13
-5.000000000e-02	2.322587069e+00	1.433041935e-03	4.289208985e-13
-5.020000000e-02	2.322589196e+00	1.353577498e-03	2.581070924e-13
-5.040000000e-02	2.322591326e+00	1.274113124e-03	3.789997238e-13
-5.060000000e-02	2.322593458e+00	1.194648831e-03	2.886475963e-13
-5.080000000e-02	2.322595593e+00	1.115184606e-03	3.501445173e-13
-5.100000000e-02	2.322597730e+00	1.035720445e-03	3.788231879e-13
-5.120000000e-02	2.322599870e+00	9.562563634e-04	2.381682681e-13
-5.140000000e-02	2.322602014e+00	8.767923504e-04	2.222657400e-13
-5.160000000e-02	2.322604159e+00	7.973284084e-04	1.784232272e-13
-5.180000000e-02	2.322606308e+00	7.178645415e-04	1.484149035e-13
-5.200000000e-02	2.322608459e+00	6.384007519e-04	4.344768450e-13
-5.220000000e-02	2.322610613e+00	5.589370274e-04	2.418425949e-13
-5.240000000e-02	2.322612770e+00	4.794733794e-04	1.966762702e-13
-5.260000000e-02	2.322614929e+00	4.000098011e-04	4.301588183e-13
-5.280000000e-02	2.322617091e+00	3.205463026e-04	4.026461909e-13
-5.300000000e-02	2.322619256e+00	2.410828814e-04	7.516804026e-14
-5.320000000e-02	2.322621424e+00	1.616195280e-04	3.182736326e-13
-5.340000000e-02	2.322623594e+00	8.215625564e-05	1.761406465e-13
-5.360000000e-02	2.322625767e+00	2.693053174e-06	2.876971422e-13
-5.380000000e-02	2.322627943e+00	-7.677007441e-05	3.110489278e-13
-5.400000000e-02	2.322630121e+00	-1.562331240e-04	2.165412465e-13
-5.420000000e-02	2.322632302e+00	-2.356960981e-04	2.841333569e-13
-5.440000000e-02	2.322634486e+00	-3.151589958e-04	3.088298165e-13
-5.460000000e-02	2.322636673e+00	-3.946218103e-04	2.292002950e-13
-5.480000000e-02	2.322638862e+00	-4.740845594e-04	2.483913311e-13
-5.500000000e-02	2.322641055e+00	-5.535472232e-04	1.225791618e-13
-5.520000000e-02	2.322643249e+00	-6.330098138e-04	3.681178201e-13
-5.540000000e-02	2.322645447e+00	-7.124723241e-04	3.132462324e-13
-5.560000000e-02	2.322647647e+00	-7.919347539e-04	3.399866354e-13
-5.580000000e-02	2.322649850e+00	-8.713971138e-04	3.302932510e-13
-5.600000000e-02	2.322652056e+00	-9.508593865e-04	3.354812745e-13
-5.620000000e-02	2.322654264e+00	-1.030321589e-03	2.811866094e-13
-5.640000000e-02	2.322656476e+00	-1.109783707e-03	1.997830641e-13
-5.660000000e-02	2.322658690e+00	-1.189245740e-03	4.923613638e-13
-5.680000000e-02	2.322660906e+00	-1.268707702e-03	3.613394657e-13
-5.700000000e-02	2.322663126e+00	-1.348169581e-03	3.893144814e-13
-5.720000000e-02	2.322665348e+00	-1.427631382e-03	2.775567533e-13
-5.740000000e-02	2.322667572e+00	-1.507093104e-03	1.696779084e-13
-5.760000000e-02	2.322669800e+00	-1.586554744e-03	3.002022170e-13
-5.780000000e-02	2.322672030e+00	-1.666016301e-03	3.176727191e-13
-5.800000000e-02	2.322674263e+00	-1.745477774e-03	2.047761697e-13
-5.820000000e-02	2.322676499e+00	-1.824939170e-03	2.979875775e-13
-5.840000000e-02	2.322678737e+00	-1.904400481e-03	3.030208782e-13
-5.860000000e-02	2.322680979e+00	-1.983861710e-03	2.417994526e-13
-5.880000000e-02	2.322683222e+00	-2.063322855e-03	3.291520788e-13
-5.900000000e-02	2.322685469e+00	-2.142783925e-03	2.068629393e-13
-5.920000000e-02	2.322687718e+00	-2.222244905e-03	2.435236245e-13
-5.940000000e-02	2.322689970e+00	-2.301705801e-03	3.326440891e-13
-5.960000000e-02	2.322692225e+00	-2.381166618e-03	4.667090566e-13
-5.980000000e-02	2.322694483e+00	-2.460627352e-03	1.659650710e-13
-6.000000000e-02	2.322696743e+00	-2.540087996e-03	2.605609579e-13
-6.020000000e-02	2.322699006e+00	-2.619548557e-03	2.049362086e-13
-6.040000000e-02	2.322701272e+00	-2.699009035e-03	2.971518015e-13
-6.060000000e-02	2.322703540e+00	-2.778469428e-03	2.864532337e-13
-6.080000000e-02	2.322705811e+00	-2.857929733e-03	3.649898672e-13
-6.100000000e-02	2.322708085e+00	-2.937389959e-03	3.061623782e-13
-6.120000000e-02	2.322710362e+00	-3.016850093e-03	3.703035958e-13
-6.140000000e-02	2.322712641e+00	-3.096310141e-03	3.627851199e-13
-6.160000000e-02	2.322714923e+00	-3.175770107e-03	2.951129058e-13
-6.180000000e-02	2.322717208e+00	-3.255229985e-03	2.356604689e-13
-6.200000000e-02	2.322719495e+00	-3.334689778e-03	3.535251618e-13
-6.220000000e-02	2.322721786e+00	-3.414149481e-03	3.474105259e-13
-6.240000000e-02	2.322724078e+00	-3.493609088e-03	4.073995226e-13
-6.260000000e-02	2.322726374e+00	-3.573068618e-03	1.703059449e-13
-6.280000000e-02	2.322728672e+00	-3.652528057e-03	2.282127472e-13
-6.300000000e-02	2.322730974e+00	-3.731987412e-03	2.780005282e-13
-6.320000000e-02	2.322733277e+00	-3.811446671e-03	1.306209050e-13
-6.340000000e-02	2.322735584e+00	-3.890905847e-03	2.238787935e-13
-6.360000000e-02	2.322737893e+00	-3.970364925e-03	4.217081942e-13
-6.380000000e-02	2.322740205e+00	-4.049823923e-03	2.916241918e-13
-6.400000000e-02	2.322742520e+00	-4.129282830e-03	4.086153289e-13
-6.420000000e-02	2.322744837e+00	-4.208741643e-03	1.188222451e-13
-6.440000000e-02	2.322747158e+00	-4.288200366e-03	2.397592683e-13
-6.460000000e-02	2.322749481e+00	-4.367659000e-03	2.934671862e-13
-6.480000000e-02	2.322751806e+00	-4.447117540e-03	2.919354262e-13
-6.500000000e-02	2.322754135e+00	-4.526575992e-03	2.870892984e-13
-6.520000000e-02	2.322756466e+00	-4.606034356e-03	1.900362496e-13
-6.540000000e-02	2.322758799e+00	-4.685492625e-03	3.429204388e-13
-6.560000000e-02	2.322761136e+00	-4.764950797e-03	1.785603645e-13
-6.580000000e-02	2.322763475e+00	-4.844408887e-03	5.395842430e-13
-6.600000000e-02	2.322765817e+00	-4.923866871e-03	3.979883236e-13
-6.620000000e-02	2.322768162e+00	-5.003324770e-03	2.393310127e-13
-6.640000000e-02	2.322770509e+00	-5.082782577e-03	2.701427165e-13
-6.660000000e-02	2.322772860e+00	-5.162240285e-03	5.063297435e-13
-6.680000000e-02	2.322775212e+00	-5.241697905e-03	2.495350337e-13
-6.700000000e-02	2.322777568e+00	-5.321155431e-03	1.143436571e-13
-6.720000000e-02	2.322779926e+00	-5.400612861e-03	3.681551965e-13
-6.740000000e-02	2.322782287e+00	-5.480070195e-03	2.262829479e-13
-6.760000000e-02	2.322784651e+00	-5.559527441e-03	2.619164520e-13
-6.780000000e-02	2.322787018e+00	-5.638984583e-03	2.927514368e-13
-6.800000000e-02	2.322789387e+00	-5.718441638e-03	3.914580918e-13
-6.820000000e-02	2.322791759e+00	-5.797898586e-03	3.794036110e-13
-6.840000000e-02	2.322794134e+00	-5.877355444e-03	2.764763132e-13
-6.860000000e-02	2.322796511e+00	-5.956812205e-03	3.733764782e-13
-6.880000000e-02	2.322798891e+00	-6.036268871e-03	3.653060963e-13
-6.900000000e-02	2.322801274e+00	-6.115725445e-03	1.586748503e-13
-6.920000000e-02	2.322803659e+00	-6.195181919e-03	3.472360691e-13
-6.940000000e-02	2.322806048e+00	-6.274638292e-03	3.010489188e-13
-6.960000000e-02	2.322808439e+00	-6.354094565e-03	3.532920735e-13
-6.980000000e-02	2.322810833e+00	-6.433550743e-03	4.420023074e-13
-7.000000000e-02	2.322813229e+00	-6.513006826e-03	2.087701447e-13
-7.020000000e-02	2.322815628e+00	-6.592462811e-03	2.104881229e-13
-7.040000000e-02	2.322818030e+00	-6.671918688e-03	4.156280368e-13
-7.060000000e-02	2.322820435e+00	-6.751374477e-03	2.585931871e-13
-7.080000000e-02	2.322822842e+00	-6.830830162e-03	3.536142569e-13
-7.100000000e-02	2.322825252e+00	-6.910285750e-03	2.701759304e-13
-7.120000000e-02	2.322827665e+00	-6.989741236e-03	3.231929093e-13
-7.140000000e-02	2.322830081e+00	-7.069196622e-03	3.721540904e-13
-7.160000000e-02	2.322832499e+00	-7.148651906e-03	2.940692149e-13
-7.180000000e-02	2.322834920e+00	-7.228107089e-03	3.015374728e-13
-7.200000000e-02	2.322837344e+00	-7.307562169e-03	4.684024304e-13
-7.220000000e-02	2.322839770e+00	-7.387017150e-03	3.070948401e-13
-7.240000000e-02	2.322842199e+00	-7.466472034e-03	3.307065994e-13
-7.260000000e-02	2.322844631e+00	-7.545926811e-03	2.761850769e-13
-7.280000000e-02	2.322847066e+00	-7.625381492e-03	3.864733408e-13
-7.300000000e-02	2.322849503e+00	-7.704836061e-03	1.879775005e-13
-7.320000000e-02	2.322851943e+00	-7.784290535e-03	4.287269801e-13
-7.340000000e-02	2.322854386e+00	-7.863744898e-03	4.515617060e-13
-7.360000000e-02	2.322856831e+00	-7.943199166e-03	2.198612817e-13
-7.380000000e-02	2.322859279e+00	-8.022653330e-03	1.574823606e-13
-7.400000000e-02	2.322861730e+00	-8.102107384e-03	5.045489505e-13
-7.420000000e-02	2.322864184e+00	-8.181561344e-03	3.599267231e-13
-7.440000000e-02	2.322866641e+00	-8.261015193e-03	4.282851174e-13
-7.460000000e-02	2.322869100e+00	-8.340468937e-03	2.161822385e-13
-7.480000000e-02	2.322871561e+00	-8.419922575e-03	3.110727848e-13
-7.500000000e-02	2.322874026e+00	-8.499376109e-03	1.998395943e-13
-7.520000000e-02	2.322876493e+00	-8.578829539e-03	1.228386885e-13
-7.540000000e-02	2.322878963e+00	-8.658282859e-03	3.036313465e-13
-7.560000000e-02	2.322881436e+00	-8.737736080e-03	3.445999546e-13
-7.580000000e-02	2.322883912e+00	-8.817189192e-03	3.207428756e-13
-7.600000000e-02	2.322886390e+00	-8.896642194e-03	2.772064807e-13
-7.620000000e-02	2.322888871e+00	-8.976095087e-03	3.732953499e-13
-7.640000000e-02	2.322891354e+00	-9.055547876e-03	4.160326361e-13
-7.660000000e-02	2.322893841e+00	-9.135000566e-03	3.921924424e-13
-7.680000000e-02	2.322896330e+00	-9.214453141e-03	1.949648948e-13
-7.700000000e-02	2.322898822e+00	-9.293905601e-03	3.821890136e-13
-7.720000000e-02	2.322901316e+00	-9.373357970e-03	4.888606550e-13
-7.740000000e-02	2.322903813e+00	-9.452810217e-03	2.277214010e-13
-7.760000000e-02	2.322906313e+00	-9.532262358e-03	3.108438159e-13
-7.780000000e-02	2.322908816e+00	-9.611714389e-03	2.744385171e-13
-7.800000000e-02	2.322911321e+00	-9.691166311e-03	2.809691397e-13
-7.820000000e-02	2.322913830e+00	-9.770618126e-03	3.375054419e-13
-7.840000000e-02	2.322916340e+00	-9.850069830e-03	3.462555164e-13
-7.860000000e-02	2.322918854e+00	-9.929521417e-03	2.407550262e-13
-7.880000000e-02	2.322921370e+00	-1.000897290e-02	1.688085464e-13
-7.900000000e-02	2.322923889e+00	-1.008842427e-02	2.612798298e-13
-7.920000000e-02	2.322926411e+00	-1.016787553e-02	2.535286348e-13
-7.940000000e-02	2.322928936e+00	-1.024732669e-02	3.951738623e-13
-7.960000000e-02	2.322931463e+00	-1.032677772e-02	2.241525855e-13
-7.980000000e-02	2.322933993e+00	-1.040622865e-02	1.503886863e-13
-8.000000000e-02	2.322936525e+00	-1.048567946e-02	2.554585820e-13
-8.020000000e-02	2.322939061e+00	-1.056513016e-02	2.272072411e-13
-8.040000000e-02	2.322941599e+00	-1.064458074e-02	3.488276303e-13
-8.060000000e-02	2.322944140e+00	-1.072403122e-02	2.956511599e-13
-8.080000000e-02	2.322946683e+00	-1.080348158e-02	3.814603149e-13
-8.100000000e-02	2.322949230e+00	-1.088293183e-02	3.660199267e-13
-8.120000000e-02	2.322951779e+00	-1.096238196e-02	3.242947752e-13
-8.140000000e-02	2.322954330e+00	-1.104183198e-02	3.203904858e-13
-8.160000000e-02	2.322956885e+00	-1.112128189e-02	3.810907608e-13
-8.180000000e-02	2.322959442e+00	-1.120073168e-02	4.029060662e-13
-8.200000000e-02	2.322962002e+00	-1.128018136e-02	2.709458520e-13
-8.220000000e-02	2.322964564e+00	-1.135963091e-02	1.684545241e-13
-8.240000000e-02	2.322967130e+00	-1.143908036e-02	5.420070395e-13
-8.260000000e-02	2.322969698e+00	-1.151852968e-02	1.607888162e-13
-8.280000000e-02	2.322972268e+00	-1.159797890e-02	3.904739644e-13
-8.300000000e-02	2.322974842e+00	-1.167742800e-02	2.978588609e-13
-8.320000000e-02	2.322977418e+00	-1.175687697e-02	2.676418709e-13
-8.340000000e-02	2.322979997e+00	-1.183632584e-02	4.364587874e-13
-8.360000000e-02	2.322982579e+00	-1.191577458e-02	1.480851368e-13
-8.380000000e-02	2.322985163e+00	-1.199522321e-02	2.918256743e-13
-8.400000000e-02	2.322987750e+00	-1.207467172e-02	2.868456488e-13
-8.420000000e-02	2.322990340e+00	-1.215412011e-02	1.706678605e-13
-8.440000000e-02	2.322992933e+00	-1.223356838e-02	2.759749553e-13
-8.460000000e-02	2.322995528e+00	-1.231301654e-02	2.342663555e-13
-8.480000000e-02	2.322998126e+00	-1.239246457e-02	2.486909204e-13
-8.500000000e-02	2.323000727e+00	-1.247191249e-02	3.008624712e-13
-8.520000000e-02	2.323003330e+00	-1.255136028e-02	2.468602585e-13
-8.540000000e-02	2.323005936e+00	-1.263080796e-02	3.068400022e-13
-8.560000000e-02	2.323008545e+00	-1.271025552e-02	2.570970383e-13
-8.580000000e-02	2.323011157e+00	-1.278970295e-02	3.293672067e-13
-8.600000000e-02	2.323013771e+00	-1.286915027e-02	2.367684841e-13
-8.620000000e-02	2.323016388e+00	-1.294859747e-02	4.310105981e-13
-8.640000000e-02	2.323019008e+00	-1.302804454e-02	3.839959073e-13
-8.660000000e-02	2.323021631e+00	-1.310749149e-02	3.467948044e-13
-8.680000000e-02	2.323024256e+00	-1.318693833e-02	4.287962434e-13
-8.700000000e-02	2.323026884e+00	-1.326638503e-02	2.515290902e-13
-8.720000000e-02	2.323029515e+00	-1.334583161e-02	4.482350942e-13
-8.740000000e-02	2.323032148e+00	-1.342527808e-02	4.061751026e-13
-8.760000000e-02	2.323034784e+00	-1.350472442e-02	1.713997623e-13
-8.780000000e-02	2.323037423e+00	-1.358417063e-02	4.341867060e-13
-8.800000000e-02	2.323040064e+00	-1.366361673e-02	2.727385336e-13
-8.820000000e-02	2.323042709e+00	-1.374306270e-02	3.435582786e-13
-8.840000000e-02	2.323045356e+00	-1.382250855e-02	3.213863848e-13
-8.860000000e-02	2.323048006e+00	-1.390195427e-02	1.389904366e-13
-8.880000000e-02	2.323050658e+00	-1.398139987e-02	4.150030864e-13
-8.900000000e-02	2.323053313e+00	-1.406084534e-02	3.523393053e-13
-8.920000000e-02	2.323055971e+00	-1.414029069e-02	1.859492466e-13
-8.940000000e-02	2.323058632e+00	-1.421973591e-02	1.650337067e-13
-8.960000000e-02	2.323061295e+00	-1.429918101e-02	2.841386587e-13
-8.980000000e-02	2.323063961e+00	-1.437862598e-02	2.366948409e-13
-9.000000000e-02	2.323066630e+00	-1.445807082e-02	1.747510803e-13
-9.020000000e-02	2.323069301e+00	-1.453751553e-02	4.399507277e-13
-9.040000000e-02	2.323071976e+00	-1.461696013e-02	3.272849367e-13
-9.060000000e-02	2.323074653e+00	-1.469640459e-02	2.687242154e-13
-9.080000000e-02	2.323077332e+00	-1.477584893e-02	2.256791966e-13
-9.100000000e-02	2.323080015e+00	-1.485529313e-02	4.620329031e-13
-9.120000000e-02	2.323082700e+00	-1.493473722e-02	4.492221691e-13
-9.140000000e-02	2.323085388e+00	-1.501418117e-02	5.500802046e-13
-9.160000000e-02	2.323088078e+00	-1.509362499e-02	3.105301617e-13
-9.180000000e-02	2.323090772e+00	-1.517306869e-02	4.044598868e-13
-9.200000000e-02	2.323093468e+00	-1.525251226e-02	3.532436129e-13
-9.220000000e-02	2.323096166e+00	-1.533195569e-02	2.995732714e-13
-9.240000000e-02	2.323098868e+00	-1.541139900e-02	2.553626480e-13
-9.260000000e-02	2.323101572e+00	-1.549084218e-02	2.828798625e-13
-9.280000000e-02	2.323104279e+00	-1.557028522e-02	4.093637785e-13
-9.300000000e-02	2.323106988e+00	-1.564972815e-02	4.962076262e-13
-9.320000000e-02	2.323109701e+00	-1.572917093e-02	1.203754720e-13
-9.340000000e-02	2.323112416e+00	-1.580861358e-02	1.677148858e-13
-9.360000000e-02	2.323115134e+00	-1.588805611e-02	2.871951346e-13
-9.380000000e-02	2.323117854e+00	-1.596749850e-02	3.102967596e-13
-9.400000000e-02	2.323120577e+00	-1.604694076e-02	3.778329350e-13
-9.420000000e-02	2.323123303e+00	-1.612638289e-02	2.847373595e-13
-9.440000000e-02	2.323126032e+00	-1.620582488e-02	2.124015377e-13
-9.460000000e-02	2.323128763e+00	-1.628526675e-02	3.004909873e-13
-9.480000000e-02	2.323131498e+00	-1.636470848e-02	3.815655617e-13
-9.500000000e-02	2.323134234e+00	-1.644415007e-02	2.493726849e-13
-9.520000000e-02	2.323136974e+00	-1.652359154e-02	3.167118245e-13
-9.540000000e-02	2.323139716e+00	-1.660303287e-02	4.030836553e-13
-9.560000000e-02	2.323142461e+00	-1.668247406e-02	2.775905380e-13
-9.580000000e-02	2.323145209e+00	-1.676191513e-02	3.956601028e-13
-9.600000000e-02	2.323147959e+00	-1.684135605e-02	2.953627546e-13
-9.620000000e-02	2.323150713e+00	-1.692079684e-02	4.111780089e-13
-9.640000000e-02	2.323153468e+00	-1.700023750e-02	3.383341139e-13
-9.660000000e-02	2.323156227e+00	-1.707967802e-02	4.747370356e-13
-9.680000000e-02	2.323158988e+00	-1.715911841e-02	2.053294563e-13
-9.700000000e-02	2.323161753e+00	-1.723855866e-02	1.020109490e-13
-9.720000000e-02	2.323164519e+00	-1.731799877e-02	3.313725093e-13
-9.740000000e-02	2.323167289e+00	-1.739743874e-02	2.187690542e-13
-9.760000000e-02	2.323170061e+00	-1.747687858e-02	2.122592531e-13
-9.780000000e-02	2.323172836e+00	-1.755631829e-02	2.160119737e-13
-9.800000000e-02	2.323175614e+00	-1.763575785e-02	3.263300216e-13
-9.820000000e-02	2.323178394e+00	-1.771519728e-02	2.142031642e-13
-9.840000000e-02	2.323181177e+00	-1.779463657e-02	3.421294769e-13
-9.860000000e-02	2.323183963e+00	-1.787407572e-02	2.705375428e-13
-9.880000000e-02	2.323186751e+00	-1.795351473e-02	1.828142976e-13
-9.900000000e-02	2.323189543e+00	-1.803295360e-02	3.041083599e-13
-9.920000000e-02	2.323192337e+00	-1.811239234e-02	2.334017986e-13
-9.940000000e-02	2.323195133e+00	-1.819183093e-02	2.808503119e-13
-9.960000000e-02	2.323197933e+00	-1.827126939e-02	1.510708342e-13
-9.980000000e-02	2.323200735e+00	-1.835070771e-02	2.662363598e-13
-1.000000000e-01	2.323203540e+00	-1.843014588e-02	2.481984457e-13
