# epsi_ci     Re(Lambda)      Im(Lambda)      Eq(det), R = 0.40 $\mu$m, $E_p$ = 0.900 eV, modo = 2, $\epsilon_\infty$ = 3.9, $\gamma_{DL}$ = 0.01 eV, solve_det_sinkz_vs_mu.py
0.000000000e+00	2.329003223e+00	2.165116172e-02	3.011189751e-13
-2.000000000e-04	2.329004684e+00	2.157141288e-02	3.575649267e-13
-4.000000000e-04	2.329006148e+00	2.149166405e-02	2.941417551e-13
-6.000000000e-04	2.329007615e+00	2.141191520e-02	2.728522742e-13
-8.000000000e-04	2.329009085e+00	2.133216636e-02	5.287967841e-13
-1.000000000e-03	2.329010558e+00	2.125241753e-02	3.240657396e-13
-1.200000000e-03	2.329012033e+00	2.117266870e-02	3.728714862e-13
-1.400000000e-03	2.329013511e+00	2.109291987e-02	2.511158405e-13
-1.600000000e-03	2.329014991e+00	2.101317103e-02	2.649585375e-13
-1.800000000e-03	2.329016475e+00	2.093342220e-02	2.076881518e-13
-2.000000000e-03	2.329017961e+00	2.085367337e-02	2.994191948e-13
-2.200000000e-03	2.329019450e+00	2.077392455e-02	3.995332002e-13
-2.400000000e-03	2.329020941e+00	2.069417573e-02	3.463638660e-13
-2.600000000e-03	2.329022436e+00	2.061442691e-02	3.241026282e-13
-2.800000000e-03	2.329023933e+00	2.053467810e-02	2.721088295e-13
-3.000000000e-03	2.329025433e+00	2.045492928e-02	3.225603379e-13
-3.200000000e-03	2.329026935e+00	2.037518048e-02	2.520533362e-13
-3.400000000e-03	2.329028441e+00	2.029543168e-02	1.723705995e-13
-3.600000000e-03	2.329029949e+00	2.021568288e-02	1.633399782e-13
-3.800000000e-03	2.329031460e+00	2.013593408e-02	3.018801560e-13
-4.000000000e-03	2.329032973e+00	2.005618530e-02	2.807418755e-13
-4.200000000e-03	2.329034489e+00	1.997643651e-02	2.344448490e-13
-4.400000000e-03	2.329036008e+00	1.989668774e-02	2.951552963e-13
-4.600000000e-03	2.329037530e+00	1.981693897e-02	1.391191768e-13
-4.800000000e-03	2.329039055e+00	1.973719020e-02	3.129837282e-13
-5.000000000e-03	2.329040582e+00	1.965744144e-02	2.833771202e-13
-5.200000000e-03	2.329042112e+00	1.957769269e-02	2.179734931e-13
-5.400000000e-03	2.329043645e+00	1.949794395e-02	4.624864480e-13
-5.600000000e-03	2.329045180e+00	1.941819521e-02	2.898915237e-13
-5.800000000e-03	2.329046718e+00	1.933844649e-02	2.542006103e-13
-6.000000000e-03	2.329048259e+00	1.925869777e-02	2.816781198e-13
-6.200000000e-03	2.329049803e+00	1.917894906e-02	1.552768982e-13
-6.400000000e-03	2.329051349e+00	1.909920036e-02	3.728103890e-13
-6.600000000e-03	2.329052898e+00	1.901945166e-02	4.666777270e-13
-6.800000000e-03	2.329054450e+00	1.893970297e-02	3.576742541e-13
-7.000000000e-03	2.329056005e+00	1.885995430e-02	1.758496917e-13
-7.200000000e-03	2.329057562e+00	1.878020563e-02	2.901386930e-13
-7.400000000e-03	2.329059122e+00	1.870045697e-02	2.925128970e-13
-7.600000000e-03	2.329060685e+00	1.862070833e-02	3.061545800e-13
-7.800000000e-03	2.329062251e+00	1.854095969e-02	3.037228277e-13
-8.000000000e-03	2.329063819e+00	1.846121107e-02	3.424449404e-13
-8.200000000e-03	2.329065390e+00	1.838146246e-02	3.570510362e-13
-8.400000000e-03	2.329066964e+00	1.830171385e-02	2.508801219e-13
-8.600000000e-03	2.329068540e+00	1.822196527e-02	2.529749862e-13
-8.800000000e-03	2.329070120e+00	1.814221668e-02	3.977220332e-13
-9.000000000e-03	2.329071702e+00	1.806246812e-02	2.547222598e-13
-9.200000000e-03	2.329073286e+00	1.798271957e-02	3.667570026e-13
-9.400000000e-03	2.329074874e+00	1.790297103e-02	4.185722721e-13
-9.600000000e-03	2.329076464e+00	1.782322250e-02	2.048556428e-13
-9.800000000e-03	2.329078057e+00	1.774347399e-02	2.849296328e-13
-1.000000000e-02	2.329079653e+00	1.766372549e-02	2.576052086e-13
-1.020000000e-02	2.329081251e+00	1.758397700e-02	3.266667356e-13
-1.040000000e-02	2.329082852e+00	1.750422853e-02	4.671508541e-13
-1.060000000e-02	2.329084456e+00	1.742448007e-02	3.594349757e-13
-1.080000000e-02	2.329086063e+00	1.734473163e-02	3.513283096e-13
-1.100000000e-02	2.329087672e+00	1.726498320e-02	2.648943641e-13
-1.120000000e-02	2.329089284e+00	1.718523479e-02	2.876077819e-13
-1.140000000e-02	2.329090899e+00	1.710548639e-02	2.935273627e-13
-1.160000000e-02	2.329092517e+00	1.702573801e-02	1.676445677e-13
-1.180000000e-02	2.329094137e+00	1.694598965e-02	3.037828491e-13
-1.200000000e-02	2.329095760e+00	1.686624130e-02	3.878792724e-13
-1.220000000e-02	2.329097386e+00	1.678649297e-02	2.887971493e-13
-1.240000000e-02	2.329099015e+00	1.670674465e-02	2.141059020e-13
-1.260000000e-02	2.329100646e+00	1.662699636e-02	2.447081896e-13
-1.280000000e-02	2.329102280e+00	1.654724808e-02	2.836069028e-13
-1.300000000e-02	2.329103917e+00	1.646749982e-02	2.399903130e-13
-1.320000000e-02	2.329105556e+00	1.638775157e-02	3.566161199e-13
-1.340000000e-02	2.329107198e+00	1.630800336e-02	2.077583865e-13
-1.360000000e-02	2.329108843e+00	1.622825515e-02	3.796494050e-13
-1.380000000e-02	2.329110491e+00	1.614850696e-02	3.912091173e-13
-1.400000000e-02	2.329112142e+00	1.606875879e-02	3.223795049e-13
-1.420000000e-02	2.329113795e+00	1.598901064e-02	2.516863860e-13
-1.440000000e-02	2.329115451e+00	1.590926252e-02	2.690624701e-13
-1.460000000e-02	2.329117109e+00	1.582951441e-02	3.343502847e-13
-1.480000000e-02	2.329118771e+00	1.574976633e-02	3.723106175e-13
-1.500000000e-02	2.329120435e+00	1.567001826e-02	9.136797906e-14
-1.520000000e-02	2.329122102e+00	1.559027021e-02	2.928618365e-13
-1.540000000e-02	2.329123771e+00	1.551052219e-02	2.040555930e-13
-1.560000000e-02	2.329125444e+00	1.543077419e-02	3.111304328e-13
-1.580000000e-02	2.329127119e+00	1.535102621e-02	2.137547050e-13
-1.600000000e-02	2.329128797e+00	1.527127825e-02	1.995561804e-13
-1.620000000e-02	2.329130477e+00	1.519153032e-02	2.615923737e-13
-1.640000000e-02	2.329132161e+00	1.511178241e-02	3.373527170e-13
-1.660000000e-02	2.329133847e+00	1.503203452e-02	1.675120071e-13
-1.680000000e-02	2.329135536e+00	1.495228665e-02	3.482242524e-13
-1.700000000e-02	2.329137227e+00	1.487253880e-02	4.194544287e-13
-1.720000000e-02	2.329138921e+00	1.479279099e-02	3.466338892e-13
-1.740000000e-02	2.329140618e+00	1.471304319e-02	3.240176921e-13
-1.760000000e-02	2.329142318e+00	1.463329542e-02	3.206831520e-13
-1.780000000e-02	2.329144021e+00	1.455354768e-02	2.233974096e-13
-1.800000000e-02	2.329145726e+00	1.447379996e-02	2.747058457e-13
-1.820000000e-02	2.329147434e+00	1.439405226e-02	2.586549981e-13
-1.840000000e-02	2.329149144e+00	1.431430459e-02	1.842677600e-13
-1.860000000e-02	2.329150858e+00	1.423455695e-02	4.793018211e-13
-1.880000000e-02	2.329152574e+00	1.415480933e-02	3.685986463e-13
-1.900000000e-02	2.329154293e+00	1.407506174e-02	4.063765412e-13
-1.920000000e-02	2.329156015e+00	1.399531417e-02	1.904715256e-13
-1.940000000e-02	2.329157739e+00	1.391556663e-02	1.647146919e-13
-1.960000000e-02	2.329159466e+00	1.383581913e-02	3.194706202e-13
-1.980000000e-02	2.329161196e+00	1.375607164e-02	2.323258178e-13
-2.000000000e-02	2.329162929e+00	1.367632419e-02	3.123711734e-13
-2.020000000e-02	2.329164664e+00	1.359657676e-02	2.568549372e-13
-2.040000000e-02	2.329166402e+00	1.351682936e-02	2.854025908e-13
-2.060000000e-02	2.329168143e+00	1.343708199e-02	3.470547994e-13
-2.080000000e-02	2.329169886e+00	1.335733465e-02	3.111068378e-13
-2.100000000e-02	2.329171633e+00	1.327758734e-02	3.643660971e-13
-2.120000000e-02	2.329173382e+00	1.319784006e-02	2.234087655e-13
-2.140000000e-02	2.329175134e+00	1.311809280e-02	2.279568150e-13
-2.160000000e-02	2.329176888e+00	1.303834558e-02	2.998779048e-13
-2.180000000e-02	2.329178645e+00	1.295859839e-02	3.840368473e-13
-2.200000000e-02	2.329180405e+00	1.287885122e-02	2.866883135e-13
-2.220000000e-02	2.329182168e+00	1.279910410e-02	2.190174693e-13
-2.240000000e-02	2.329183934e+00	1.271935700e-02	4.109001021e-13
-2.260000000e-02	2.329185702e+00	1.263960993e-02	1.599344905e-13
-2.280000000e-02	2.329187473e+00	1.255986289e-02	3.924522406e-13
-2.300000000e-02	2.329189246e+00	1.248011589e-02	1.411214729e-13
-2.320000000e-02	2.329191023e+00	1.240036892e-02	3.984080083e-13
-2.340000000e-02	2.329192802e+00	1.232062198e-02	3.508906882e-13
-2.360000000e-02	2.329194584e+00	1.224087507e-02	2.874622018e-13
-2.380000000e-02	2.329196368e+00	1.216112820e-02	1.941847429e-13
-2.400000000e-02	2.329198156e+00	1.208138137e-02	3.387676373e-13
-2.420000000e-02	2.329199946e+00	1.200163456e-02	3.843519668e-13
-2.440000000e-02	2.329201739e+00	1.192188778e-02	2.247015093e-13
-2.460000000e-02	2.329203534e+00	1.184214105e-02	3.152844692e-13
-2.480000000e-02	2.329205333e+00	1.176239435e-02	2.766677338e-13
-2.500000000e-02	2.329207134e+00	1.168264768e-02	1.953399778e-13
-2.520000000e-02	2.329208938e+00	1.160290105e-02	2.965378858e-13
-2.540000000e-02	2.329210744e+00	1.152315445e-02	3.408063660e-13
-2.560000000e-02	2.329212553e+00	1.144340789e-02	1.975753307e-13
-2.580000000e-02	2.329214365e+00	1.136366136e-02	1.765415185e-13
-2.600000000e-02	2.329216180e+00	1.128391487e-02	4.020319909e-13
-2.620000000e-02	2.329217998e+00	1.120416842e-02	2.124732777e-13
-2.640000000e-02	2.329219818e+00	1.112442201e-02	2.434509580e-13
-2.660000000e-02	2.329221641e+00	1.104467563e-02	3.013191491e-13
-2.680000000e-02	2.329223467e+00	1.096492929e-02	3.718967060e-13
-2.700000000e-02	2.329225295e+00	1.088518298e-02	2.576582523e-13
-2.720000000e-02	2.329227126e+00	1.080543672e-02	2.947842177e-13
-2.740000000e-02	2.329228960e+00	1.072569049e-02	2.909685888e-13
-2.760000000e-02	2.329230797e+00	1.064594431e-02	1.962017881e-13
-2.780000000e-02	2.329232636e+00	1.056619816e-02	1.278356372e-13
-2.800000000e-02	2.329234478e+00	1.048645204e-02	3.678671596e-13
-2.820000000e-02	2.329236323e+00	1.040670598e-02	2.952425447e-13
-2.840000000e-02	2.329238171e+00	1.032695995e-02	2.867842723e-13
-2.860000000e-02	2.329240021e+00	1.024721395e-02	2.811737826e-13
-2.880000000e-02	2.329241874e+00	1.016746801e-02	3.117033327e-13
-2.900000000e-02	2.329243730e+00	1.008772209e-02	2.111905978e-13
-2.920000000e-02	2.329245589e+00	1.000797622e-02	2.996258143e-13
-2.940000000e-02	2.329247450e+00	9.928230396e-03	3.428488197e-13
-2.960000000e-02	2.329249314e+00	9.848484609e-03	3.284316332e-13
-2.980000000e-02	2.329251181e+00	9.768738864e-03	2.247339600e-13
-3.000000000e-02	2.329253050e+00	9.688993162e-03	2.976611066e-13
-3.020000000e-02	2.329254922e+00	9.609247495e-03	3.087579486e-13
-3.040000000e-02	2.329256797e+00	9.529501881e-03	1.305741987e-13
-3.060000000e-02	2.329258675e+00	9.449756304e-03	2.608427658e-13
-3.080000000e-02	2.329260556e+00	9.370010774e-03	3.422787349e-13
-3.100000000e-02	2.329262439e+00	9.290265282e-03	3.217476305e-13
-3.120000000e-02	2.329264325e+00	9.210519834e-03	3.635014397e-13
-3.140000000e-02	2.329266213e+00	9.130774438e-03	3.498769690e-13
-3.160000000e-02	2.329268105e+00	9.051029078e-03	2.865214324e-13
-3.180000000e-02	2.329269999e+00	8.971283767e-03	2.937068749e-13
-3.200000000e-02	2.329271896e+00	8.891538499e-03	3.404660707e-13
-3.220000000e-02	2.329273796e+00	8.811793271e-03	4.001853923e-13
-3.240000000e-02	2.329275698e+00	8.732048093e-03	3.164257881e-13
-3.260000000e-02	2.329277603e+00	8.652302960e-03	3.001503887e-13
-3.280000000e-02	2.329279511e+00	8.572557878e-03	2.614762563e-13
-3.300000000e-02	2.329281421e+00	8.492812834e-03	4.627431263e-13
-3.320000000e-02	2.329283335e+00	8.413067842e-03	2.075152835e-13
-3.340000000e-02	2.329285251e+00	8.333322895e-03	3.512351879e-13
-3.360000000e-02	2.329287170e+00	8.253578000e-03	3.900589605e-13
-3.380000000e-02	2.329289091e+00	8.173833143e-03	4.126231083e-13
-3.400000000e-02	2.329291015e+00	8.094088345e-03	3.638266336e-13
-3.420000000e-02	2.329292942e+00	8.014343582e-03	1.991912929e-13
-3.440000000e-02	2.329294872e+00	7.934598879e-03	3.213468651e-13
-3.460000000e-02	2.329296805e+00	7.854854213e-03	4.490787851e-13
-3.480000000e-02	2.329298740e+00	7.775109606e-03	1.984360881e-13
-3.500000000e-02	2.329300678e+00	7.695365039e-03	3.348496671e-13
-3.520000000e-02	2.329302619e+00	7.615620531e-03	2.931526600e-13
-3.540000000e-02	2.329304562e+00	7.535876065e-03	1.754685285e-13
-3.560000000e-02	2.329306508e+00	7.456131648e-03	3.137566236e-13
-3.580000000e-02	2.329308457e+00	7.376387286e-03	3.341924599e-13
-3.600000000e-02	2.329310409e+00	7.296642979e-03	4.036309372e-13
-3.620000000e-02	2.329312363e+00	7.216898711e-03	2.226470767e-13
-3.640000000e-02	2.329314320e+00	7.137154502e-03	2.741577381e-13
-3.660000000e-02	2.329316280e+00	7.057410339e-03	2.617254646e-13
-3.680000000e-02	2.329318243e+00	6.977666234e-03	3.492505476e-13
-3.700000000e-02	2.329320208e+00	6.897922175e-03	3.388562562e-13
-3.720000000e-02	2.329322176e+00	6.818178174e-03	2.504449175e-13
-3.740000000e-02	2.329324147e+00	6.738434221e-03	5.356994326e-13
-3.760000000e-02	2.329326120e+00	6.658690319e-03	3.855202173e-13
-3.780000000e-02	2.329328097e+00	6.578946471e-03	3.438403249e-13
-3.800000000e-02	2.329330076e+00	6.499202684e-03	2.661149143e-13
-3.820000000e-02	2.329332058e+00	6.419458942e-03	1.373632395e-13
-3.840000000e-02	2.329334042e+00	6.339715257e-03	2.199221295e-13
-3.860000000e-02	2.329336029e+00	6.259971625e-03	1.615776270e-13
-3.880000000e-02	2.329338019e+00	6.180228049e-03	4.210027295e-13
-3.900000000e-02	2.329340012e+00	6.100484521e-03	3.512698534e-13
-3.920000000e-02	2.329342007e+00	6.020741060e-03	3.153835834e-13
-3.940000000e-02	2.329344006e+00	5.940997648e-03	3.623785670e-13
-3.960000000e-02	2.329346007e+00	5.861254289e-03	1.346693736e-13
-3.980000000e-02	2.329348010e+00	5.781510987e-03	2.266798012e-13
-4.000000000e-02	2.329350017e+00	5.701767744e-03	3.349571490e-13
-4.020000000e-02	2.329352026e+00	5.622024554e-03	2.367440415e-13
-4.040000000e-02	2.329354038e+00	5.542281422e-03	3.596732497e-13
-4.060000000e-02	2.329356052e+00	5.462538345e-03	2.407268801e-13
-4.080000000e-02	2.329358070e+00	5.382795326e-03	2.913742628e-13
-4.100000000e-02	2.329360090e+00	5.303052372e-03	3.878638265e-13
-4.120000000e-02	2.329362112e+00	5.223309469e-03	2.903782906e-13
-4.140000000e-02	2.329364138e+00	5.143566625e-03	2.382257228e-13
-4.160000000e-02	2.329366166e+00	5.063823838e-03	3.762123850e-13
-4.180000000e-02	2.329368197e+00	4.984081113e-03	3.298759647e-13
-4.200000000e-02	2.329370231e+00	4.904338443e-03	3.679379869e-13
-4.220000000e-02	2.329372268e+00	4.824595830e-03	1.775049710e-13
-4.240000000e-02	2.329374307e+00	4.744853279e-03	2.796637744e-13
-4.260000000e-02	2.329376349e+00	4.665110793e-03	2.161902563e-13
-4.280000000e-02	2.329378394e+00	4.585368364e-03	3.677911012e-13
-4.300000000e-02	2.329380441e+00	4.505625992e-03	1.241171078e-13
-4.320000000e-02	2.329382491e+00	4.425883684e-03	5.304163846e-13
-4.340000000e-02	2.329384544e+00	4.346141434e-03	1.898493610e-13
-4.360000000e-02	2.329386600e+00	4.266399252e-03	4.088304871e-13
-4.380000000e-02	2.329388658e+00	4.186657123e-03	2.614064438e-13
-4.400000000e-02	2.329390719e+00	4.106915055e-03	3.977516886e-13
-4.420000000e-02	2.329392783e+00	4.027173058e-03	2.921103816e-13
-4.440000000e-02	2.329394850e+00	3.947431118e-03	1.464226499e-13
-4.460000000e-02	2.329396919e+00	3.867689244e-03	2.281044085e-13
-4.480000000e-02	2.329398991e+00	3.787947427e-03	1.150736979e-13
-4.500000000e-02	2.329401066e+00	3.708205678e-03	1.588474412e-13
-4.520000000e-02	2.329403144e+00	3.628463993e-03	2.674813917e-13
-4.540000000e-02	2.329405224e+00	3.548722364e-03	3.241493856e-13
-4.560000000e-02	2.329407307e+00	3.468980806e-03	9.921195395e-14
-4.580000000e-02	2.329409393e+00	3.389239316e-03	4.035806681e-13
-4.600000000e-02	2.329411481e+00	3.309497884e-03	3.065903510e-13
-4.620000000e-02	2.329413573e+00	3.229756514e-03	3.019262416e-13
-4.640000000e-02	2.329415667e+00	3.150015216e-03	1.921200614e-13
-4.660000000e-02	2.329417763e+00	3.070273975e-03	4.573510392e-13
-4.680000000e-02	2.329419863e+00	2.990532811e-03	2.046896111e-13
-4.700000000e-02	2.329421965e+00	2.910791703e-03	2.441019304e-13
-4.720000000e-02	2.329424070e+00	2.831050671e-03	2.710953653e-13
-4.740000000e-02	2.329426178e+00	2.751309699e-03	2.322679465e-13
-4.760000000e-02	2.329428288e+00	2.671568793e-03	3.420535781e-13
-4.780000000e-02	2.329430401e+00	2.591827954e-03	2.008984544e-13
-4.800000000e-02	2.329432517e+00	2.512087189e-03	2.478625969e-13
-4.820000000e-02	2.329434636e+00	2.432346486e-03	5.088871761e-13
-4.840000000e-02	2.329436757e+00	2.352605854e-03	3.417257386e-13
-4.860000000e-02	2.329438881e+00	2.272865289e-03	3.986539738e-13
-4.880000000e-02	2.329441008e+00	2.193124789e-03	3.801911441e-13
-4.900000000e-02	2.329443138e+00	2.113384360e-03	2.104321844e-13
-4.920000000e-02	2.329445270e+00	2.033643998e-03	2.448305196e-13
-4.940000000e-02	2.329447405e+00	1.953903709e-03	2.232494919e-13
-4.960000000e-02	2.329449543e+00	1.874163493e-03	3.326322332e-13
-4.980000000e-02	2.329451683e+00	1.794423340e-03	9.553980797e-14
-5.000000000e-02	2.329453827e+00	1.714683261e-03	3.877391998e-13
-5.020000000e-02	2.329455973e+00	1.634943246e-03	3.427213797e-13
-5.040000000e-02	2.329458121e+00	1.555203315e-03	3.023117729e-13
-5.060000000e-02	2.329460273e+00	1.475463446e-03	3.391220054e-13
-5.080000000e-02	2.329462427e+00	1.395723647e-03	1.236053877e-13
-5.100000000e-02	2.329464584e+00	1.315983920e-03	2.704970113e-13
-5.120000000e-02	2.329466744e+00	1.236244272e-03	2.509408334e-13
-5.140000000e-02	2.329468906e+00	1.156504689e-03	1.389019606e-13
-5.160000000e-02	2.329471071e+00	1.076765180e-03	2.024183772e-13
-5.180000000e-02	2.329473239e+00	9.970257422e-04	3.008638407e-13
-5.200000000e-02	2.329475410e+00	9.172863796e-04	3.139507750e-13
-5.220000000e-02	2.329477583e+00	8.375470920e-04	3.752307409e-13
-5.240000000e-02	2.329479759e+00	7.578078815e-04	2.660253265e-13
-5.260000000e-02	2.329481938e+00	6.780687352e-04	1.663649978e-13
-5.280000000e-02	2.329484120e+00	5.983296714e-04	3.823954436e-13
-5.300000000e-02	2.329486304e+00	5.185906741e-04	2.515856403e-13
-5.320000000e-02	2.329488491e+00	4.388517602e-04	2.833187188e-13
-5.340000000e-02	2.329490681e+00	3.591129155e-04	1.026863293e-13
-5.360000000e-02	2.329492873e+00	2.793741491e-04	2.404273826e-13
-5.380000000e-02	2.329495069e+00	1.996354548e-04	3.078209120e-13
-5.400000000e-02	2.329497267e+00	1.198968359e-04	2.471415354e-13
-5.420000000e-02	2.329499467e+00	4.015829499e-05	3.164756115e-13
-5.440000000e-02	2.329501671e+00	-3.958016398e-05	2.114255267e-13
-5.460000000e-02	2.329503877e+00	-1.193185536e-04	3.216591470e-13
-5.480000000e-02	2.329506086e+00	-1.990568589e-04	3.688179825e-13
-5.500000000e-02	2.329508298e+00	-2.787950918e-04	3.677191434e-13
-5.520000000e-02	2.329510512e+00	-3.585332530e-04	1.358320315e-13
-5.540000000e-02	2.329512729e+00	-4.382713335e-04	4.058763081e-13
-5.560000000e-02	2.329514949e+00	-5.180093298e-04	2.293022559e-13
-5.580000000e-02	2.329517172e+00	-5.977472509e-04	3.713521475e-13
-5.600000000e-02	2.329519397e+00	-6.774850914e-04	2.329402655e-13
-5.620000000e-02	2.329521625e+00	-7.572228547e-04	2.804304248e-13
-5.640000000e-02	2.329523856e+00	-8.369605426e-04	3.682443162e-13
-5.660000000e-02	2.329526090e+00	-9.166981410e-04	2.965130684e-13
-5.680000000e-02	2.329528326e+00	-9.964356711e-04	2.833006877e-13
-5.700000000e-02	2.329530565e+00	-1.076173113e-03	2.602038690e-13
-5.720000000e-02	2.329532807e+00	-1.155910477e-03	1.599076291e-13
-5.740000000e-02	2.329535051e+00	-1.235647758e-03	3.056221263e-13
-5.760000000e-02	2.329537299e+00	-1.315384962e-03	3.170835680e-13
-5.780000000e-02	2.329539549e+00	-1.395122087e-03	4.437898269e-13
-5.800000000e-02	2.329541801e+00	-1.474859125e-03	2.983327680e-13
-5.820000000e-02	2.329544057e+00	-1.554596085e-03	3.353240033e-13
-5.840000000e-02	2.329546315e+00	-1.634332955e-03	3.827057148e-13
-5.860000000e-02	2.329548576e+00	-1.714069751e-03	1.873154600e-13
-5.880000000e-02	2.329550840e+00	-1.793806462e-03	1.696664459e-13
-5.900000000e-02	2.329553106e+00	-1.873543092e-03	2.899609478e-13
-5.920000000e-02	2.329555375e+00	-1.953279633e-03	3.277963884e-13
-5.940000000e-02	2.329557647e+00	-2.033016100e-03	2.077967186e-13
-5.960000000e-02	2.329559922e+00	-2.112752474e-03	4.113706248e-13
-5.980000000e-02	2.329562199e+00	-2.192488772e-03	3.521132806e-13
-6.000000000e-02	2.329564479e+00	-2.272224978e-03	2.405603859e-13
-6.020000000e-02	2.329566762e+00	-2.351961106e-03	2.867543857e-13
-6.040000000e-02	2.329569047e+00	-2.431697140e-03	3.164929752e-13
-6.060000000e-02	2.329571336e+00	-2.511433098e-03	1.333047990e-13
-6.080000000e-02	2.329573627e+00	-2.591168969e-03	2.277851422e-13
-6.100000000e-02	2.329575921e+00	-2.670904748e-03	1.677635705e-13
-6.120000000e-02	2.329578217e+00	-2.750640444e-03	3.099263254e-13
-6.140000000e-02	2.329580516e+00	-2.830376055e-03	3.664042472e-13
-6.160000000e-02	2.329582818e+00	-2.910111587e-03	3.579914210e-13
-6.180000000e-02	2.329585123e+00	-2.989847023e-03	2.886935222e-13
-6.200000000e-02	2.329587430e+00	-3.069582372e-03	2.723437286e-13
-6.220000000e-02	2.329589741e+00	-3.149317637e-03	2.978432505e-13
-6.240000000e-02	2.329592054e+00	-3.229052808e-03	2.052731949e-13
-6.260000000e-02	2.329594369e+00	-3.308787900e-03	3.271421275e-13
-6.280000000e-02	2.329596688e+00	-3.388522892e-03	3.471235052e-13
-6.300000000e-02	2.329599009e+00	-3.468257809e-03	2.215639920e-13
-6.320000000e-02	2.329601333e+00	-3.547992630e-03	4.100925254e-13
-6.340000000e-02	2.329603659e+00	-3.627727355e-03	4.068838707e-13
-6.360000000e-02	2.329605989e+00	-3.707462007e-03	5.043211171e-13
-6.380000000e-02	2.329608321e+00	-3.787196555e-03	2.590368296e-13
-6.400000000e-02	2.329610656e+00	-3.866931017e-03	2.977678669e-13
-6.420000000e-02	2.329612993e+00	-3.946665395e-03	1.889874130e-13
-6.440000000e-02	2.329615333e+00	-4.026399675e-03	2.802951114e-13
-6.460000000e-02	2.329617676e+00	-4.106133864e-03	2.983164651e-13
-6.480000000e-02	2.329620022e+00	-4.185867972e-03	3.269016112e-13
-6.500000000e-02	2.329622371e+00	-4.265601975e-03	1.876981281e-13
-6.520000000e-02	2.329624722e+00	-4.345335898e-03	2.593158478e-13
-6.540000000e-02	2.329627076e+00	-4.425069724e-03	3.327957889e-13
-6.560000000e-02	2.329629433e+00	-4.504803456e-03	2.991726297e-13
-6.580000000e-02	2.329631792e+00	-4.584537097e-03	1.742773078e-13
-6.600000000e-02	2.329634154e+00	-4.664270639e-03	2.959586796e-13
-6.620000000e-02	2.329636519e+00	-4.744004096e-03	2.398761789e-13
-6.640000000e-02	2.329638887e+00	-4.823737458e-03	2.318567705e-13
-6.660000000e-02	2.329641257e+00	-4.903470730e-03	2.754185436e-13
-6.680000000e-02	2.329643630e+00	-4.983203897e-03	3.482741844e-13
-6.700000000e-02	2.329646006e+00	-5.062936977e-03	3.499412157e-13
-6.720000000e-02	2.329648385e+00	-5.142669968e-03	4.380679724e-13
-6.740000000e-02	2.329650766e+00	-5.222402860e-03	3.211058757e-13
-6.760000000e-02	2.329653150e+00	-5.302135650e-03	3.428261912e-13
-6.780000000e-02	2.329655537e+00	-5.381868351e-03	3.259223621e-13
-6.800000000e-02	2.329657926e+00	-5.461600957e-03	3.078232144e-13
-6.820000000e-02	2.329660319e+00	-5.541333466e-03	2.002587988e-13
-6.840000000e-02	2.329662714e+00	-5.621065881e-03	1.908958963e-13
-6.860000000e-02	2.329665111e+00	-5.700798196e-03	2.316509784e-13
-6.880000000e-02	2.329667512e+00	-5.780530412e-03	2.837091352e-13
-6.900000000e-02	2.329669915e+00	-5.860262536e-03	2.284904753e-13
-6.920000000e-02	2.329672321e+00	-5.939994564e-03	2.782330137e-13
-6.940000000e-02	2.329674730e+00	-6.019726488e-03	2.297753166e-13
-6.960000000e-02	2.329677141e+00	-6.099458322e-03	3.993380719e-13
-6.980000000e-02	2.329679555e+00	-6.179190047e-03	2.657199057e-13
-7.000000000e-02	2.329681972e+00	-6.258921679e-03	3.210246805e-13
-7.020000000e-02	2.329684392e+00	-6.338653214e-03	2.321986260e-13
-7.040000000e-02	2.329686814e+00	-6.418384650e-03	3.528246870e-13
-7.060000000e-02	2.329689239e+00	-6.498115985e-03	3.949011231e-13
-7.080000000e-02	2.329691667e+00	-6.577847225e-03	2.821859471e-13
-7.100000000e-02	2.329694098e+00	-6.657578361e-03	1.165363840e-13
-7.120000000e-02	2.329696531e+00	-6.737309398e-03	3.385190164e-13
-7.140000000e-02	2.329698967e+00	-6.817040336e-03	4.138179527e-13
-7.160000000e-02	2.329701406e+00	-6.896771166e-03	1.803577160e-13
-7.180000000e-02	2.329703847e+00	-6.976501899e-03	2.467165704e-13
-7.200000000e-02	2.329706292e+00	-7.056232538e-03	4.001566106e-13
-7.220000000e-02	2.329708738e+00	-7.135963066e-03	3.936918859e-13
-7.240000000e-02	2.329711188e+00	-7.215693492e-03	2.584234496e-13
-7.260000000e-02	2.329713641e+00	-7.295423822e-03	4.144272269e-13
-7.280000000e-02	2.329716096e+00	-7.375154051e-03	3.130451938e-13
-7.300000000e-02	2.329718554e+00	-7.454884171e-03	1.210760940e-13
-7.320000000e-02	2.329721014e+00	-7.534614189e-03	4.195563860e-13
-7.340000000e-02	2.329723478e+00	-7.614344108e-03	2.690363662e-13
-7.360000000e-02	2.329725944e+00	-7.694073919e-03	2.042576743e-13
-7.380000000e-02	2.329728413e+00	-7.773803627e-03	2.064483729e-13
-7.400000000e-02	2.329730884e+00	-7.853533236e-03	4.399636352e-13
-7.420000000e-02	2.329733359e+00	-7.933262735e-03	4.028312837e-13
-7.440000000e-02	2.329735836e+00	-8.012992125e-03	3.519029458e-13
-7.460000000e-02	2.329738316e+00	-8.092721421e-03	3.062009730e-13
-7.480000000e-02	2.329740798e+00	-8.172450605e-03	4.120367244e-13
-7.500000000e-02	2.329743283e+00	-8.252179686e-03	3.012639071e-13
-7.520000000e-02	2.329745771e+00	-8.331908659e-03	4.022451932e-13
-7.540000000e-02	2.329748262e+00	-8.411637527e-03	2.703502078e-13
-7.560000000e-02	2.329750756e+00	-8.491366290e-03	1.857292966e-13
-7.580000000e-02	2.329753252e+00	-8.571094943e-03	2.501014183e-13
-7.600000000e-02	2.329755751e+00	-8.650823498e-03	3.125697833e-13
-7.620000000e-02	2.329758252e+00	-8.730551941e-03	4.896495403e-13
-7.640000000e-02	2.329760757e+00	-8.810280267e-03	2.150917720e-13
-7.660000000e-02	2.329763264e+00	-8.890008493e-03	2.386612816e-13
-7.680000000e-02	2.329765774e+00	-8.969736614e-03	3.635830317e-13
-7.700000000e-02	2.329768286e+00	-9.049464624e-03	2.509253471e-13
-7.720000000e-02	2.329770802e+00	-9.129192525e-03	2.760364787e-13
-7.740000000e-02	2.329773320e+00	-9.208920314e-03	2.629021083e-13
-7.760000000e-02	2.329775841e+00	-9.288647998e-03	2.078765535e-13
-7.780000000e-02	2.329778364e+00	-9.368375579e-03	4.358413788e-13
-7.800000000e-02	2.329780891e+00	-9.448103036e-03	3.592842563e-13
-7.820000000e-02	2.329783420e+00	-9.527830391e-03	1.583058083e-13
-7.840000000e-02	2.329785951e+00	-9.607557636e-03	2.203598937e-13
-7.860000000e-02	2.329788486e+00	-9.687284769e-03	2.571326713e-13
-7.880000000e-02	2.329791023e+00	-9.767011788e-03	3.275524618e-13
-7.900000000e-02	2.329793563e+00	-9.846738699e-03	2.835433499e-13
-7.920000000e-02	2.329796106e+00	-9.926465507e-03	4.868161445e-13
-7.940000000e-02	2.329798651e+00	-1.000619219e-02	2.553027489e-13
-7.960000000e-02	2.329801199e+00	-1.008591877e-02	1.437868860e-13
-7.980000000e-02	2.329803750e+00	-1.016564523e-02	3.616484922e-13
-8.000000000e-02	2.329806304e+00	-1.024537158e-02	2.480827785e-13
-8.020000000e-02	2.329808860e+00	-1.032509782e-02	4.079383865e-13
-8.040000000e-02	2.329811419e+00	-1.040482395e-02	2.057719021e-13
-8.060000000e-02	2.329813981e+00	-1.048454996e-02	3.628706942e-13
-8.080000000e-02	2.329816546e+00	-1.056427586e-02	2.645348205e-13
-8.100000000e-02	2.329819113e+00	-1.064400164e-02	3.526362178e-13
-8.120000000e-02	2.329821683e+00	-1.072372731e-02	3.658177617e-13
-8.140000000e-02	2.329824256e+00	-1.080345286e-02	3.702245874e-13
-8.160000000e-02	2.329826832e+00	-1.088317831e-02	3.255697810e-13
-8.180000000e-02	2.329829410e+00	-1.096290363e-02	2.119988047e-13
-8.200000000e-02	2.329831991e+00	-1.104262884e-02	2.034950181e-13
-8.220000000e-02	2.329834575e+00	-1.112235394e-02	3.390981611e-13
-8.240000000e-02	2.329837161e+00	-1.120207892e-02	1.633515591e-13
-8.260000000e-02	2.329839750e+00	-1.128180378e-02	3.311487178e-13
-8.280000000e-02	2.329842342e+00	-1.136152852e-02	2.997602659e-13
-8.300000000e-02	2.329844937e+00	-1.144125315e-02	2.885974568e-13
-8.320000000e-02	2.329847534e+00	-1.152097767e-02	2.608221025e-13
-8.340000000e-02	2.329850134e+00	-1.160070206e-02	1.479903990e-13
-8.360000000e-02	2.329852737e+00	-1.168042634e-02	3.237858933e-13
-8.380000000e-02	2.329855343e+00	-1.176015050e-02	3.773263733e-13
-8.400000000e-02	2.329857951e+00	-1.183987454e-02	3.183054455e-13
-8.420000000e-02	2.329860562e+00	-1.191959847e-02	1.566042593e-13
-8.440000000e-02	2.329863176e+00	-1.199932227e-02	3.908790604e-13
-8.460000000e-02	2.329865792e+00	-1.207904595e-02	2.532520460e-13
-8.480000000e-02	2.329868412e+00	-1.215876952e-02	2.552347185e-13
-8.500000000e-02	2.329871034e+00	-1.223849296e-02	1.893032736e-13
-8.520000000e-02	2.329873658e+00	-1.231821629e-02	1.485934285e-13
-8.540000000e-02	2.329876286e+00	-1.239793950e-02	3.131512269e-13
-8.560000000e-02	2.329878916e+00	-1.247766258e-02	3.793117346e-13
-8.580000000e-02	2.329881549e+00	-1.255738555e-02	3.074240242e-13
-8.600000000e-02	2.329884185e+00	-1.263710839e-02	2.522813522e-13
-8.620000000e-02	2.329886823e+00	-1.271683112e-02	3.789722737e-13
-8.640000000e-02	2.329889464e+00	-1.279655372e-02	2.444343693e-13
-8.660000000e-02	2.329892108e+00	-1.287627620e-02	3.645329789e-13
-8.680000000e-02	2.329894755e+00	-1.295599856e-02	4.048801166e-13
-8.700000000e-02	2.329897404e+00	-1.303572079e-02	2.580130929e-13
-8.720000000e-02	2.329900056e+00	-1.311544290e-02	4.073633163e-13
-8.740000000e-02	2.329902711e+00	-1.319516489e-02	3.688860695e-13
-8.760000000e-02	2.329905368e+00	-1.327488676e-02	3.925122402e-13
-8.780000000e-02	2.329908029e+00	-1.335460849e-02	3.151913320e-13
-8.800000000e-02	2.329910692e+00	-1.343433012e-02	3.318461433e-13
-8.820000000e-02	2.329913357e+00	-1.351405161e-02	3.422156385e-13
-8.840000000e-02	2.329916026e+00	-1.359377298e-02	3.739837433e-13
-8.860000000e-02	2.329918697e+00	-1.367349423e-02	2.552887417e-13
-8.880000000e-02	2.329921371e+00	-1.375321535e-02	1.243814703e-13
-8.900000000e-02	2.329924048e+00	-1.383293635e-02	2.504130850e-13
-8.920000000e-02	2.329926727e+00	-1.391265721e-02	2.060656043e-13
-8.940000000e-02	2.329929409e+00	-1.399237796e-02	2.678491853e-13
-8.960000000e-02	2.329932094e+00	-1.407209857e-02	2.841828225e-13
-8.980000000e-02	2.329934782e+00	-1.415181907e-02	1.889319859e-13
-9.000000000e-02	2.329937472e+00	-1.423153943e-02	3.097115355e-13
-9.020000000e-02	2.329940165e+00	-1.431125968e-02	3.086962889e-13
-9.040000000e-02	2.329942861e+00	-1.439097978e-02	2.554507464e-13
-9.060000000e-02	2.329945560e+00	-1.447069977e-02	2.267347377e-13
-9.080000000e-02	2.329948261e+00	-1.455041962e-02	4.010258623e-13
-9.100000000e-02	2.329950965e+00	-1.463013935e-02	2.614469689e-13
-9.120000000e-02	2.329953672e+00	-1.470985895e-02	2.594100267e-13
-9.140000000e-02	2.329956381e+00	-1.478957842e-02	3.413268308e-13
-9.160000000e-02	2.329959093e+00	-1.486929776e-02	1.753360717e-13
-9.180000000e-02	2.329961808e+00	-1.494901698e-02	3.579701287e-13
-9.200000000e-02	2.329964526e+00	-1.502873606e-02	1.494574043e-13
-9.220000000e-02	2.329967246e+00	-1.510845502e-02	4.135201549e-13
-9.240000000e-02	2.329969970e+00	-1.518817384e-02	2.771995974e-13
-9.260000000e-02	2.329972695e+00	-1.526789253e-02	3.088271430e-13
-9.280000000e-02	2.329975424e+00	-1.534761109e-02	3.174778831e-13
-9.300000000e-02	2.329978155e+00	-1.542732953e-02	1.389759594e-13
-9.320000000e-02	2.329980889e+00	-1.550704783e-02	2.727440445e-13
-9.340000000e-02	2.329983626e+00	-1.558676599e-02	3.429834425e-13
-9.360000000e-02	2.329986366e+00	-1.566648403e-02	2.878368272e-13
-9.380000000e-02	2.329989108e+00	-1.574620194e-02	3.001714311e-13
-9.400000000e-02	2.329991853e+00	-1.582591971e-02	2.595329688e-13
-9.420000000e-02	2.329994601e+00	-1.590563735e-02	2.844844656e-13
-9.440000000e-02	2.329997351e+00	-1.598535486e-02	1.850814371e-13
-9.460000000e-02	2.330000105e+00	-1.606507223e-02	1.851038384e-13
-9.480000000e-02	2.330002860e+00	-1.614478948e-02	2.517855336e-13
-9.500000000e-02	2.330005619e+00	-1.622450659e-02	3.401261583e-13
-9.520000000e-02	2.330008381e+00	-1.630422356e-02	2.298191930e-13
-9.540000000e-02	2.330011145e+00	-1.638394040e-02	3.038381937e-13
-9.560000000e-02	2.330013912e+00	-1.646365710e-02	3.131595381e-13
-9.580000000e-02	2.330016681e+00	-1.654337368e-02	3.174437944e-13
-9.600000000e-02	2.330019454e+00	-1.662309011e-02	3.342819647e-13
-9.620000000e-02	2.330022229e+00	-1.670280641e-02	3.802004169e-13
-9.640000000e-02	2.330025006e+00	-1.678252257e-02	2.029115861e-13
-9.660000000e-02	2.330027787e+00	-1.686223861e-02	3.238576732e-13
-9.680000000e-02	2.330030570e+00	-1.694195450e-02	2.796891913e-13
-9.700000000e-02	2.330033356e+00	-1.702167025e-02	1.065790852e-13
-9.720000000e-02	2.330036145e+00	-1.710138587e-02	3.461213582e-13
-9.740000000e-02	2.330038936e+00	-1.718110136e-02	3.689823656e-13
-9.760000000e-02	2.330041731e+00	-1.726081670e-02	2.694778088e-13
-9.780000000e-02	2.330044528e+00	-1.734053191e-02	3.170689263e-13
-9.800000000e-02	2.330047327e+00	-1.742024697e-02	3.571152685e-13
-9.820000000e-02	2.330050130e+00	-1.749996190e-02	3.292709954e-13
-9.840000000e-02	2.330052935e+00	-1.757967670e-02	2.508996908e-13
-9.860000000e-02	2.330055743e+00	-1.765939135e-02	3.615966730e-13
-9.880000000e-02	2.330058553e+00	-1.773910587e-02	2.597149310e-13
-9.900000000e-02	2.330061367e+00	-1.781882024e-02	5.162432486e-13
-9.920000000e-02	2.330064183e+00	-1.789853448e-02	2.440737676e-13
-9.940000000e-02	2.330067001e+00	-1.797824857e-02	3.092481824e-13
-9.960000000e-02	2.330069823e+00	-1.805796254e-02	2.679233003e-13
-9.980000000e-02	2.330072647e+00	-1.813767635e-02	2.699927852e-13
-1.000000000e-01	2.330075474e+00	-1.821739002e-02	2.498521157e-13
