# epsi_ci     Re(Lambda)      Im(Lambda)      Eq(det), R = 0.5 $\mu$m, $E_p$ = 0.600 eV, modo = 2, $\epsilon_\infty$ = 3.9, $\gamma_{DL}$ = 0.01 eV, solve_det_sinkz_vs_mu.py
0.000000000e+00	4.607068996e+00	8.556622428e-02	1.759767899e-02
-1.000000000e-03	4.605920639e+00	8.505905745e-02	1.758383464e-02
-2.000000000e-03	4.605930133e+00	8.459490581e-02	1.761923672e-02
-3.000000000e-03	4.605934841e+00	8.413057166e-02	1.765463203e-02
-4.000000000e-03	4.605941995e+00	8.366632511e-02	1.769002121e-02
-5.000000000e-03	4.605949215e+00	8.320207725e-02	1.772540404e-02
-6.000000000e-03	4.605956405e+00	8.273782451e-02	1.776078051e-02
-7.000000000e-03	4.605963662e+00	8.227357055e-02	1.779615062e-02
-8.000000000e-03	4.605970955e+00	8.180931420e-02	1.783151436e-02
-9.000000000e-03	4.606133032e+00	8.135094465e-02	1.786773598e-02
-1.000000000e-02	4.605985644e+00	8.088079421e-02	1.790222273e-02
-1.100000000e-02	4.605993040e+00	8.041653060e-02	1.793756734e-02
-1.200000000e-02	4.606000473e+00	7.995226466e-02	1.797290556e-02
-1.300000000e-02	4.606007940e+00	7.948799632e-02	1.800823739e-02
-1.400000000e-02	4.606015440e+00	7.902372555e-02	1.804356282e-02
-1.500000000e-02	4.606022969e+00	7.855945221e-02	1.807888184e-02
-1.600000000e-02	4.606030548e+00	7.809517709e-02	1.811419445e-02
-1.700000000e-02	4.606038151e+00	7.763089924e-02	1.814950065e-02
-1.800000000e-02	4.606045782e+00	7.716661881e-02	1.818480042e-02
-1.900000000e-02	4.606053468e+00	7.670233681e-02	1.822009376e-02
-2.000000000e-02	4.606061183e+00	7.623805232e-02	1.825538068e-02
-2.100000000e-02	4.606068923e+00	7.577376515e-02	1.829066115e-02
-2.200000000e-02	4.606076701e+00	7.530947582e-02	1.832593518e-02
-2.300000000e-02	4.606084517e+00	7.484518433e-02	1.836120277e-02
-2.400000000e-02	4.606092366e+00	7.438089052e-02	1.839646390e-02
-2.500000000e-02	4.605988094e+00	7.391214542e-02	1.843215759e-02
-2.600000000e-02	4.606106481e+00	7.345222905e-02	1.846696687e-02
-2.700000000e-02	4.606115657e+00	7.298797712e-02	1.850220851e-02
-2.800000000e-02	4.606124114e+00	7.252369303e-02	1.853744376e-02
-2.900000000e-02	4.606132136e+00	7.205938807e-02	1.857267253e-02
-3.000000000e-02	4.606140202e+00	7.159508124e-02	1.860789482e-02
-3.100000000e-02	4.606148289e+00	7.113077166e-02	1.864311062e-02
-3.200000000e-02	4.606156418e+00	7.066646019e-02	1.867831991e-02
-3.300000000e-02	4.606164580e+00	7.020214651e-02	1.871352271e-02
-3.400000000e-02	4.606172540e+00	6.973782103e-02	1.874871900e-02
-3.500000000e-02	4.606181301e+00	6.927352455e-02	1.878390877e-02
-3.600000000e-02	4.606189281e+00	6.880919281e-02	1.881909202e-02
-3.700000000e-02	4.606197584e+00	6.834487062e-02	1.885426875e-02
-3.800000000e-02	4.606205922e+00	6.788054632e-02	1.888943895e-02
-3.900000000e-02	4.606214295e+00	6.741621993e-02	1.892460262e-02
-4.000000000e-02	4.606222703e+00	6.695189148e-02	1.895975974e-02
-4.100000000e-02	4.606231146e+00	6.648756092e-02	1.899491032e-02
-4.200000000e-02	4.606239623e+00	6.602322830e-02	1.903005435e-02
-4.300000000e-02	4.606167863e+00	6.555556360e-02	1.906540902e-02
-4.400000000e-02	4.606256684e+00	6.509455694e-02	1.910032273e-02
-4.500000000e-02	4.606265267e+00	6.463021821e-02	1.913544707e-02
-4.600000000e-02	4.606278254e+00	6.416606000e-02	1.917056548e-02
-4.700000000e-02	4.606282537e+00	6.370153465e-02	1.920567603e-02
-4.800000000e-02	4.606292568e+00	6.323724626e-02	1.924078070e-02
-4.900000000e-02	4.606299959e+00	6.277284358e-02	1.927587866e-02
-5.000000000e-02	4.606308876e+00	6.230850157e-02	1.931097009e-02
-5.100000000e-02	4.606317497e+00	6.184414359e-02	1.934605492e-02
-5.200000000e-02	4.606326324e+00	6.137979089e-02	1.938113314e-02
-5.300000000e-02	4.606335188e+00	6.091543632e-02	1.941620476e-02
-5.400000000e-02	4.606344085e+00	6.045107974e-02	1.945126976e-02
-5.500000000e-02	4.606353016e+00	5.998672120e-02	1.948632814e-02
-5.600000000e-02	4.606361984e+00	5.952236081e-02	1.952137989e-02
-5.700000000e-02	4.606370987e+00	5.905799849e-02	1.955642502e-02
-5.800000000e-02	4.606380026e+00	5.859363434e-02	1.959146350e-02
-5.900000000e-02	4.606389165e+00	5.812927111e-02	1.962649535e-02
-6.000000000e-02	4.606398207e+00	5.766490035e-02	1.966152055e-02
-6.100000000e-02	4.606407349e+00	5.720053049e-02	1.969653910e-02
-6.200000000e-02	4.606416563e+00	5.673616037e-02	1.973155100e-02
-6.300000000e-02	4.606425740e+00	5.627178529e-02	1.976655623e-02
-6.400000000e-02	4.606434995e+00	5.580741029e-02	1.980155480e-02
-6.500000000e-02	4.606444272e+00	5.534303287e-02	1.983654669e-02
-6.600000000e-02	4.606453590e+00	5.487865390e-02	1.987153191e-02
-6.700000000e-02	4.606462943e+00	5.441427313e-02	1.990651044e-02
-6.800000000e-02	4.606471996e+00	5.394987583e-02	1.994148229e-02
-6.900000000e-02	4.606481756e+00	5.348550631e-02	1.997644744e-02
-7.000000000e-02	4.606491214e+00	5.302112023e-02	2.001140589e-02
-7.100000000e-02	4.606500708e+00	5.255673239e-02	2.004635764e-02
-7.200000000e-02	4.606510238e+00	5.209234286e-02	2.008130269e-02
-7.300000000e-02	4.606519802e+00	5.162795156e-02	2.011624102e-02
-7.400000000e-02	4.606529399e+00	5.116355847e-02	2.015117263e-02
-7.500000000e-02	4.606539035e+00	5.069916381e-02	2.018609752e-02
-7.600000000e-02	4.606548674e+00	5.023476601e-02	2.022101567e-02
-7.700000000e-02	4.606558407e+00	4.977036915e-02	2.025592710e-02
-7.800000000e-02	4.606568147e+00	4.930596940e-02	2.029083178e-02
-7.900000000e-02	4.606577922e+00	4.884156793e-02	2.032572972e-02
-8.000000000e-02	4.606587740e+00	4.837716517e-02	2.036062092e-02
-8.100000000e-02	4.606597577e+00	4.791276003e-02	2.039550535e-02
-8.200000000e-02	4.606607458e+00	4.744835369e-02	2.043038303e-02
-8.300000000e-02	4.606617389e+00	4.698394637e-02	2.046525394e-02
-8.400000000e-02	4.606627334e+00	4.651953648e-02	2.050011808e-02
-8.500000000e-02	4.606637312e+00	4.605512489e-02	2.053497545e-02
-8.600000000e-02	4.606647332e+00	4.559071203e-02	2.056982604e-02
-8.700000000e-02	4.606657371e+00	4.512629683e-02	2.060466984e-02
-8.800000000e-02	4.606884496e+00	4.467186960e-02	2.064097089e-02
-8.900000000e-02	4.606677605e+00	4.419746406e-02	2.067433707e-02
-9.000000000e-02	4.606728105e+00	4.373490965e-02	2.070921085e-02
-9.100000000e-02	4.606684192e+00	4.326798637e-02	2.074398296e-02
-9.200000000e-02	4.606708197e+00	4.280420228e-02	2.077878690e-02
-9.300000000e-02	4.606718464e+00	4.233977863e-02	2.081358989e-02
-9.400000000e-02	4.606728766e+00	4.187535342e-02	2.084838605e-02
-9.500000000e-02	4.606739104e+00	4.141092678e-02	2.088317539e-02
-9.600000000e-02	4.606749479e+00	4.094649874e-02	2.091795790e-02
-9.700000000e-02	4.606759887e+00	4.048206911e-02	2.095273358e-02
-9.800000000e-02	4.606770347e+00	4.001763880e-02	2.098750241e-02
-9.900000000e-02	4.606780810e+00	3.955320556e-02	2.102226440e-02
-1.000000000e-01	4.606791323e+00	3.908877158e-02	2.105701954e-02
-1.010000000e-01	4.606801881e+00	3.862433660e-02	2.109176782e-02
-1.020000000e-01	4.606812457e+00	3.815989941e-02	2.112650924e-02
-1.030000000e-01	4.606823134e+00	3.769546392e-02	2.116124380e-02
-1.040000000e-01	4.606833734e+00	3.723102167e-02	2.119597148e-02
-1.050000000e-01	4.606844424e+00	3.676658070e-02	2.123069229e-02
-1.060000000e-01	4.606855149e+00	3.630213829e-02	2.126540622e-02
-1.070000000e-01	4.606865937e+00	3.583769587e-02	2.130011327e-02
-1.080000000e-01	4.606876708e+00	3.537324957e-02	2.133481342e-02
-1.090000000e-01	4.606887540e+00	3.490880318e-02	2.136950668e-02
-1.100000000e-01	4.606898393e+00	3.444435479e-02	2.140419304e-02
-1.110000000e-01	4.606909309e+00	3.397990637e-02	2.143887249e-02
-1.120000000e-01	4.606920248e+00	3.351545610e-02	2.147354504e-02
-1.130000000e-01	4.606931218e+00	3.305100428e-02	2.150821067e-02
-1.140000000e-01	4.606942216e+00	3.258655086e-02	2.154286938e-02
-1.150000000e-01	4.606953273e+00	3.212209728e-02	2.157752116e-02
-1.160000000e-01	4.606964353e+00	3.165764184e-02	2.161216602e-02
-1.170000000e-01	4.606975466e+00	3.119318506e-02	2.164680394e-02
-1.180000000e-01	4.606986719e+00	3.072873214e-02	2.168143492e-02
-1.190000000e-01	4.606997801e+00	3.026426787e-02	2.171605895e-02
-1.200000000e-01	4.607009022e+00	2.979980748e-02	2.175067604e-02
-1.210000000e-01	4.607020278e+00	2.933534586e-02	2.178528617e-02
-1.220000000e-01	4.607031712e+00	2.887089010e-02	2.181988935e-02
-1.230000000e-01	4.607042898e+00	2.840641909e-02	2.185448556e-02
-1.240000000e-01	4.607054259e+00	2.794195385e-02	2.188907480e-02
-1.250000000e-01	4.607065657e+00	2.747748751e-02	2.192365707e-02
-1.260000000e-01	4.607077090e+00	2.701302000e-02	2.195823236e-02
-1.270000000e-01	4.607088558e+00	2.654855134e-02	2.199280067e-02
-1.280000000e-01	4.607100062e+00	2.608408157e-02	2.202736199e-02
-1.290000000e-01	4.607112567e+00	2.561965911e-02	2.206191634e-02
-1.300000000e-01	4.607123172e+00	2.515513850e-02	2.209646364e-02
-1.310000000e-01	4.607134783e+00	2.469066544e-02	2.213100396e-02
-1.320000000e-01	4.607146431e+00	2.422619132e-02	2.216553728e-02
-1.330000000e-01	4.607101484e+00	4.336466545e-02	4.125363493e-14
-1.340000000e-01	4.607112630e+00	4.293124493e-02	4.832099430e-14
-1.350000000e-01	4.607123810e+00	4.249781890e-02	4.385547777e-14
-1.360000000e-01	4.607135024e+00	4.206438737e-02	2.804005763e-14
-1.370000000e-01	4.607146272e+00	4.163095034e-02	5.117946590e-14
-1.380000000e-01	4.607157554e+00	4.119750782e-02	4.723209227e-14
-1.390000000e-01	4.607168869e+00	4.076405981e-02	3.791237419e-14
-1.400000000e-01	4.607180218e+00	4.033060632e-02	5.545031262e-14
-1.410000000e-01	4.607191601e+00	3.989714736e-02	2.795982055e-14
-1.420000000e-01	4.607203018e+00	3.946368293e-02	2.813995011e-14
-1.430000000e-01	4.607214469e+00	3.903021304e-02	2.852421937e-14
-1.440000000e-01	4.607225954e+00	3.859673769e-02	3.215797441e-14
-1.450000000e-01	4.607237472e+00	3.816325688e-02	5.148249064e-14
-1.460000000e-01	4.607249024e+00	3.772977064e-02	4.239865715e-14
-1.470000000e-01	4.607260611e+00	3.729627895e-02	2.476345715e-14
-1.480000000e-01	4.607272231e+00	3.686278183e-02	2.903873295e-14
-1.490000000e-01	4.607283885e+00	3.642927928e-02	3.849436197e-14
-1.500000000e-01	4.607295572e+00	3.599577131e-02	4.191095061e-14
-1.510000000e-01	4.607307294e+00	3.556225792e-02	4.482192900e-14
-1.520000000e-01	4.607319050e+00	3.512873912e-02	4.306714989e-14
-1.530000000e-01	4.607330839e+00	3.469521491e-02	3.162900693e-14
-1.540000000e-01	4.607342662e+00	3.426168531e-02	2.690087869e-14
-1.550000000e-01	4.607354520e+00	3.382815031e-02	4.870964754e-14
-1.560000000e-01	4.607366411e+00	3.339460992e-02	5.395144103e-14
-1.570000000e-01	4.607378336e+00	3.296106415e-02	3.105888900e-14
-1.580000000e-01	4.607390295e+00	3.252751301e-02	2.096150613e-14
-1.590000000e-01	4.607402288e+00	3.209395649e-02	4.416508249e-14
-1.600000000e-01	4.607414315e+00	3.166039462e-02	3.808862207e-14
-1.610000000e-01	4.607426376e+00	3.122682738e-02	3.543132354e-14
-1.620000000e-01	4.607438470e+00	3.079325479e-02	4.883461054e-14
-1.630000000e-01	4.607450599e+00	3.035967685e-02	1.150923139e-14
-1.640000000e-01	4.607462762e+00	2.992609357e-02	2.406950884e-14
-1.650000000e-01	4.607474958e+00	2.949250495e-02	5.124915417e-14
-1.660000000e-01	4.607487189e+00	2.905891101e-02	2.138322472e-14
-1.670000000e-01	4.607499453e+00	2.862531174e-02	3.703487163e-14
-1.680000000e-01	4.607511752e+00	2.819170715e-02	4.939223310e-14
-1.690000000e-01	4.607524084e+00	2.775809725e-02	3.736384746e-14
-1.700000000e-01	4.607536451e+00	2.732448205e-02	5.891035674e-14
-1.710000000e-01	4.607548851e+00	2.689086154e-02	3.276361617e-14
-1.720000000e-01	4.607561285e+00	2.645723574e-02	3.805850670e-14
-1.730000000e-01	4.607573754e+00	2.602360465e-02	4.747574406e-14
-1.740000000e-01	4.607586256e+00	2.558996828e-02	5.582571982e-14
-1.750000000e-01	4.607598792e+00	2.515632663e-02	3.911294932e-14
-1.760000000e-01	4.607611363e+00	2.472267971e-02	4.686647141e-14
-1.770000000e-01	4.607623967e+00	2.428902753e-02	2.452698428e-14
-1.780000000e-01	4.607636606e+00	2.385537009e-02	2.787065584e-14
-1.790000000e-01	4.607649278e+00	2.342170739e-02	3.418285462e-14
-1.800000000e-01	4.607661984e+00	2.298803945e-02	2.793166798e-14
-1.810000000e-01	4.607674725e+00	2.255436626e-02	3.115520516e-14
-1.820000000e-01	4.607687499e+00	2.212068784e-02	3.933111185e-14
-1.830000000e-01	4.607700308e+00	2.168700419e-02	3.327450518e-14
-1.840000000e-01	4.607713151e+00	2.125331532e-02	4.867915195e-14
-1.850000000e-01	4.607726027e+00	2.081962123e-02	3.974904900e-14
-1.860000000e-01	4.607738938e+00	2.038592193e-02	3.018525839e-14
-1.870000000e-01	4.607751883e+00	1.995221742e-02	5.154812193e-14
-1.880000000e-01	4.607764862e+00	1.951850771e-02	3.689142785e-14
-1.890000000e-01	4.607777875e+00	1.908479281e-02	3.914141429e-14
-1.900000000e-01	4.607790922e+00	1.865107272e-02	4.323763869e-14
-1.910000000e-01	4.607804003e+00	1.821734745e-02	4.806773712e-14
-1.920000000e-01	4.607817118e+00	1.778361700e-02	2.452097530e-14
-1.930000000e-01	4.607830267e+00	1.734988138e-02	5.110536179e-14
-1.940000000e-01	4.607843450e+00	1.691614060e-02	4.168320313e-14
-1.950000000e-01	4.607856668e+00	1.648239466e-02	2.085519321e-14
-1.960000000e-01	4.607869920e+00	1.604864357e-02	5.349454672e-14
-1.970000000e-01	4.607883205e+00	1.561488734e-02	6.020349047e-14
-1.980000000e-01	4.607896525e+00	1.518112596e-02	2.030041905e-14
-1.990000000e-01	4.607909879e+00	1.474735945e-02	4.111269110e-14
-2.000000000e-01	4.607923267e+00	1.431358781e-02	5.103821516e-14
-2.010000000e-01	4.607936689e+00	1.387981105e-02	3.509980541e-14
-2.020000000e-01	4.607950145e+00	1.344602917e-02	5.075064499e-14
-2.030000000e-01	4.607963636e+00	1.301224219e-02	5.216211141e-14
-2.040000000e-01	4.607977160e+00	1.257845010e-02	4.230019340e-14
-2.050000000e-01	4.607990719e+00	1.214465291e-02	4.246039318e-14
-2.060000000e-01	4.608004312e+00	1.171085063e-02	3.413037700e-14
-2.070000000e-01	4.608017939e+00	1.127704326e-02	2.008098658e-14
-2.080000000e-01	4.608031600e+00	1.084323082e-02	5.224129987e-14
-2.090000000e-01	4.608045296e+00	1.040941330e-02	6.664568697e-14
-2.100000000e-01	4.608059025e+00	9.975590717e-03	5.923955647e-14
-2.110000000e-01	4.608072789e+00	9.541763070e-03	4.144906809e-14
-2.120000000e-01	4.608086587e+00	9.107930368e-03	5.100721122e-14
-2.130000000e-01	4.608100419e+00	8.674092616e-03	4.722789108e-14
-2.140000000e-01	4.608114286e+00	8.240249821e-03	4.110980906e-14
-2.150000000e-01	4.608128186e+00	7.806401990e-03	2.618670887e-14
-2.160000000e-01	4.608142121e+00	7.372549127e-03	5.552790516e-14
-2.170000000e-01	4.608156090e+00	6.938691240e-03	4.773880063e-14
-2.180000000e-01	4.608170093e+00	6.504828334e-03	4.608295355e-14
-2.190000000e-01	4.608184130e+00	6.070960415e-03	4.506960716e-14
-2.200000000e-01	4.608198202e+00	5.637087490e-03	2.074839986e-14
-2.210000000e-01	4.608212308e+00	5.203209564e-03	4.086563309e-14
-2.220000000e-01	4.608226448e+00	4.769326644e-03	4.614426414e-14
-2.230000000e-01	4.608240622e+00	4.335438736e-03	3.759836717e-14
-2.240000000e-01	4.608254831e+00	3.901545846e-03	5.425288697e-14
-2.250000000e-01	4.608269074e+00	3.467647980e-03	3.757228656e-14
-2.260000000e-01	4.608283351e+00	3.033745144e-03	3.199710670e-14
-2.270000000e-01	4.608297662e+00	2.599837345e-03	3.394432663e-14
-2.280000000e-01	4.608312008e+00	2.165924588e-03	3.908231412e-14
-2.290000000e-01	4.608326387e+00	1.732006880e-03	4.374224571e-14
-2.300000000e-01	4.608340802e+00	1.298084228e-03	3.691543572e-14
-2.310000000e-01	4.608355250e+00	8.641566358e-04	6.173970531e-14
-2.320000000e-01	4.608369733e+00	4.302241112e-04	2.730884162e-14
-2.330000000e-01	4.608384250e+00	-3.713339784e-06	4.801105227e-14
-2.350000000e-01	4.608413387e+00	-8.716029968e-04	2.253124667e-14
-2.360000000e-01	4.608428006e+00	-1.305555190e-03	3.285971717e-14
-2.370000000e-01	4.608442661e+00	-1.739512286e-03	3.307186875e-14
-2.380000000e-01	4.608457349e+00	-2.173474276e-03	4.250386207e-14
-2.390000000e-01	4.608472072e+00	-2.607441157e-03	4.206005490e-14
-2.400000000e-01	4.608486829e+00	-3.041412920e-03	3.847121092e-14
-2.410000000e-01	4.608501621e+00	-3.475389560e-03	3.021735314e-14
-2.420000000e-01	4.608516447e+00	-3.909371071e-03	4.375805971e-14
-2.430000000e-01	4.608531307e+00	-4.343357446e-03	2.356092268e-14
-2.440000000e-01	4.608546201e+00	-4.777348679e-03	3.874768602e-14
-2.450000000e-01	4.608561130e+00	-5.211344765e-03	3.513543017e-14
-2.460000000e-01	4.608576093e+00	-5.645345696e-03	3.234421826e-14
-2.470000000e-01	4.608591091e+00	-6.079351466e-03	4.664986857e-14
-2.480000000e-01	4.608606123e+00	-6.513362070e-03	3.382848211e-14
-2.490000000e-01	4.608621189e+00	-6.947377501e-03	3.594691231e-14
-2.500000000e-01	4.608636290e+00	-7.381397752e-03	4.457042987e-14
-2.510000000e-01	4.608651425e+00	-7.815422818e-03	3.021662917e-14
-2.520000000e-01	4.608666594e+00	-8.249452692e-03	3.671986383e-14
-2.530000000e-01	4.608681798e+00	-8.683487367e-03	2.829568059e-14
-2.540000000e-01	4.608697036e+00	-9.117526838e-03	3.129451237e-14
-2.550000000e-01	4.608712309e+00	-9.551571099e-03	3.879060751e-14
-2.560000000e-01	4.608727616e+00	-9.985620142e-03	2.349399878e-14
-2.570000000e-01	4.608742957e+00	-1.041967396e-02	4.276095303e-14
-2.580000000e-01	4.608758333e+00	-1.085373255e-02	5.070708340e-14
-2.590000000e-01	4.608773743e+00	-1.128779591e-02	4.067914023e-14
-2.600000000e-01	4.608789188e+00	-1.172186402e-02	1.871096592e-14
-2.610000000e-01	4.608804667e+00	-1.215593688e-02	3.670325997e-14
-2.620000000e-01	4.608820181e+00	-1.259001449e-02	3.261199047e-14
-2.630000000e-01	4.608835729e+00	-1.302409684e-02	2.832154322e-14
-2.640000000e-01	4.608851311e+00	-1.345818392e-02	3.688908654e-14
-2.650000000e-01	4.608866928e+00	-1.389227572e-02	5.182335239e-14
-2.660000000e-01	4.608882579e+00	-1.432637225e-02	3.681930892e-14
-2.670000000e-01	4.608898265e+00	-1.476047349e-02	2.679664143e-14
-2.680000000e-01	4.608913985e+00	-1.519457943e-02	4.205394077e-14
-2.690000000e-01	4.608929740e+00	-1.562869008e-02	4.510011969e-14
-2.700000000e-01	4.608945529e+00	-1.606280542e-02	2.910397290e-14
-2.710000000e-01	4.608961353e+00	-1.649692545e-02	4.874735406e-14
-2.720000000e-01	4.608977211e+00	-1.693105015e-02	2.823654144e-14
-2.730000000e-01	4.608993104e+00	-1.736517954e-02	2.790879810e-14
-2.740000000e-01	4.609009031e+00	-1.779931359e-02	3.794736519e-14
-2.750000000e-01	4.609024992e+00	-1.823345231e-02	2.202233366e-14
-2.760000000e-01	4.609040989e+00	-1.866759568e-02	3.479011221e-14
-2.770000000e-01	4.609057019e+00	-1.910174370e-02	6.649517494e-14
-2.780000000e-01	4.609073084e+00	-1.953589636e-02	3.046246677e-14
-2.790000000e-01	4.609089184e+00	-1.997005366e-02	5.094294091e-14
-2.800000000e-01	4.609105318e+00	-2.040421559e-02	3.441413546e-14
-2.810000000e-01	4.609121487e+00	-2.083838215e-02	2.635193218e-14
-2.820000000e-01	4.609137690e+00	-2.127255332e-02	5.258021148e-14
-2.830000000e-01	4.609153928e+00	-2.170672910e-02	5.035870674e-14
-2.840000000e-01	4.609170200e+00	-2.214090949e-02	3.319724181e-14
-2.850000000e-01	4.609186507e+00	-2.257509448e-02	5.856808005e-14
-2.860000000e-01	4.609202848e+00	-2.300928405e-02	4.744297536e-14
-2.870000000e-01	4.609219224e+00	-2.344347822e-02	3.605704134e-14
-2.880000000e-01	4.609235635e+00	-2.387767696e-02	3.507729647e-14
-2.890000000e-01	4.609252080e+00	-2.431188027e-02	4.261795036e-14
-2.900000000e-01	4.609268559e+00	-2.474608815e-02	3.257139805e-14
-2.910000000e-01	4.609285074e+00	-2.518030059e-02	4.469465324e-14
-2.920000000e-01	4.609301623e+00	-2.561451758e-02	2.818536550e-14
-2.930000000e-01	4.609318206e+00	-2.604873911e-02	3.817738746e-14
-2.940000000e-01	4.609334824e+00	-2.648296519e-02	3.630091861e-14
-2.950000000e-01	4.609351476e+00	-2.691719580e-02	2.273919998e-14
-2.960000000e-01	4.609368164e+00	-2.735143094e-02	3.667697002e-14
-2.970000000e-01	4.609384885e+00	-2.778567059e-02	4.148407453e-14
-2.980000000e-01	4.609401642e+00	-2.821991476e-02	3.754191353e-14
-2.990000000e-01	4.609418433e+00	-2.865416344e-02	1.721885378e-14
-3.000000000e-01	4.609435258e+00	-2.908841662e-02	3.855092405e-14
