# epsi_ci     Re(Lambda)      Im(Lambda)      Eq(det), R = 0.5 $\mu$m, $E_p$ = 0.600 eV, modo = 2, $\epsilon_\infty$ = 3.9, $\gamma_{DL}$ = 0.01 eV, solve_det_sinkz_vs_mu.py
0.000000000e+00	4.628157147e+00	8.635162298e-02	1.951031184e-02
-1.000000000e-03	4.627594296e+00	8.586828524e-02	1.953182464e-02
-2.000000000e-03	4.627612499e+00	8.540663465e-02	1.956467390e-02
-3.000000000e-03	4.627620283e+00	8.494459053e-02	1.959752109e-02
-4.000000000e-03	4.627454123e+00	8.447598113e-02	1.963144597e-02
-5.000000000e-03	4.627635599e+00	8.402048189e-02	1.966319659e-02
-6.000000000e-03	4.627643310e+00	8.355842413e-02	1.969602489e-02
-7.000000000e-03	4.627651056e+00	8.309636412e-02	1.972884689e-02
-8.000000000e-03	4.627658837e+00	8.263430179e-02	1.976166256e-02
-9.000000000e-03	4.627666654e+00	8.217223721e-02	1.979447192e-02
-1.000000000e-02	4.627674504e+00	8.171017030e-02	1.982727495e-02
-1.100000000e-02	4.627843428e+00	8.125428880e-02	1.986099256e-02
-1.200000000e-02	4.627690315e+00	8.078603002e-02	1.989286202e-02
-1.300000000e-02	4.627698250e+00	8.032395563e-02	1.992564605e-02
-1.400000000e-02	4.627706265e+00	7.986188073e-02	1.995842373e-02
-1.500000000e-02	4.627726310e+00	7.940026933e-02	1.999120014e-02
-1.600000000e-02	4.627722357e+00	7.893772271e-02	2.002396002e-02
-1.700000000e-02	4.627730454e+00	7.847564038e-02	2.005671862e-02
-1.800000000e-02	4.627738588e+00	7.801355592e-02	2.008947086e-02
-1.900000000e-02	4.627746757e+00	7.755146929e-02	2.012221672e-02
-2.000000000e-02	4.627754962e+00	7.708938055e-02	2.015495620e-02
-2.100000000e-02	4.627763201e+00	7.662728961e-02	2.018768929e-02
-2.200000000e-02	4.627771475e+00	7.616519656e-02	2.022041600e-02
-2.300000000e-02	4.627779787e+00	7.570310147e-02	2.025313631e-02
-2.400000000e-02	4.627788132e+00	7.524100421e-02	2.028585022e-02
-2.500000000e-02	4.627796524e+00	7.477890533e-02	2.031855772e-02
-2.600000000e-02	4.627804930e+00	7.431680352e-02	2.035125881e-02
-2.700000000e-02	4.627813381e+00	7.385470000e-02	2.038395348e-02
-2.800000000e-02	4.627821461e+00	7.339257816e-02	2.041664173e-02
-2.900000000e-02	4.627830390e+00	7.293048687e-02	2.044932354e-02
-3.000000000e-02	4.627838948e+00	7.246837728e-02	2.048199893e-02
-3.100000000e-02	4.627847541e+00	7.200626562e-02	2.051466787e-02
-3.200000000e-02	4.627856168e+00	7.154415190e-02	2.054733037e-02
-3.300000000e-02	4.627864836e+00	7.108203639e-02	2.057998642e-02
-3.400000000e-02	4.627873531e+00	7.061991858e-02	2.061263602e-02
-3.500000000e-02	4.627961988e+00	7.016105317e-02	2.064549588e-02
-3.600000000e-02	4.627891035e+00	6.969567728e-02	2.067791582e-02
-3.700000000e-02	4.627899840e+00	6.923355369e-02	2.071054602e-02
-3.800000000e-02	4.627908680e+00	6.877142814e-02	2.074316974e-02
-3.900000000e-02	4.627917555e+00	6.830930063e-02	2.077578698e-02
-4.000000000e-02	4.627926467e+00	6.784717123e-02	2.080839773e-02
-4.100000000e-02	4.627935414e+00	6.738503993e-02	2.084100199e-02
-4.200000000e-02	4.627944395e+00	6.692290665e-02	2.087359974e-02
-4.300000000e-02	4.627944019e+00	6.646038056e-02	2.090619397e-02
-4.400000000e-02	4.627962464e+00	6.599863443e-02	2.093877575e-02
-4.500000000e-02	4.627971552e+00	6.553649550e-02	2.097135398e-02
-4.600000000e-02	4.627980677e+00	6.507435479e-02	2.100392569e-02
-4.700000000e-02	4.627989613e+00	6.461220279e-02	2.103649088e-02
-4.800000000e-02	4.627999030e+00	6.415006767e-02	2.106904954e-02
-4.900000000e-02	4.628008260e+00	6.368792138e-02	2.110160166e-02
-5.000000000e-02	4.628017509e+00	6.322577255e-02	2.113414725e-02
-5.100000000e-02	4.628026827e+00	6.276362335e-02	2.116668628e-02
-5.200000000e-02	4.628036163e+00	6.230147158e-02	2.119921877e-02
-5.300000000e-02	4.628045474e+00	6.183931545e-02	2.123174470e-02
-5.400000000e-02	4.628054941e+00	6.137716272e-02	2.126426406e-02
-5.500000000e-02	4.628007619e+00	6.091257513e-02	2.129688318e-02
-5.600000000e-02	4.628073861e+00	6.045284677e-02	2.132928309e-02
-5.700000000e-02	4.628083374e+00	5.999068618e-02	2.136178274e-02
-5.800000000e-02	4.628092923e+00	5.952852385e-02	2.139427581e-02
-5.900000000e-02	4.628102510e+00	5.906635990e-02	2.142676229e-02
-6.000000000e-02	4.628112130e+00	5.860419413e-02	2.145924218e-02
-6.100000000e-02	4.628121783e+00	5.814202660e-02	2.149171546e-02
-6.200000000e-02	4.628131475e+00	5.767985745e-02	2.152418215e-02
-6.300000000e-02	4.628141201e+00	5.721768663e-02	2.155664222e-02
-6.400000000e-02	4.628546368e+00	5.677280038e-02	2.159419189e-02
-6.500000000e-02	4.628160761e+00	5.629333996e-02	2.162154253e-02
-6.600000000e-02	4.628170594e+00	5.583116411e-02	2.165398275e-02
-6.700000000e-02	4.628182858e+00	5.536909212e-02	2.168641652e-02
-6.800000000e-02	4.628190705e+00	5.490682252e-02	2.171884329e-02
-6.900000000e-02	4.628200306e+00	5.444462689e-02	2.175126360e-02
-7.000000000e-02	4.628210281e+00	5.398244457e-02	2.178367727e-02
-7.100000000e-02	4.628220294e+00	5.352026074e-02	2.181608429e-02
-7.200000000e-02	4.628230339e+00	5.305807521e-02	2.184848465e-02
-7.300000000e-02	4.628240420e+00	5.259588812e-02	2.188087835e-02
-7.400000000e-02	4.628250539e+00	5.213369955e-02	2.191326539e-02
-7.500000000e-02	4.628260691e+00	5.167150933e-02	2.194564575e-02
-7.600000000e-02	4.628271375e+00	5.120933987e-02	2.197801945e-02
-7.700000000e-02	4.628284863e+00	5.074729362e-02	2.201038690e-02
-7.800000000e-02	4.628291363e+00	5.028492957e-02	2.204274677e-02
-7.900000000e-02	4.628301658e+00	4.982273331e-02	2.207510040e-02
-8.000000000e-02	4.628311989e+00	4.936053552e-02	2.210744734e-02
-8.100000000e-02	4.628332737e+00	4.889880778e-02	2.213979098e-02
-8.200000000e-02	4.628332759e+00	4.843613559e-02	2.217212109e-02
-8.300000000e-02	4.628343195e+00	4.797393332e-02	2.220444790e-02
-8.400000000e-02	4.628621515e+00	4.752397467e-02	2.223903443e-02
-8.500000000e-02	4.628364177e+00	4.704952455e-02	2.226908137e-02
-8.600000000e-02	4.628374722e+00	4.658731805e-02	2.230138802e-02
-8.700000000e-02	4.628385301e+00	4.612511004e-02	2.233368793e-02
-8.800000000e-02	4.628395918e+00	4.566290073e-02	2.236598111e-02
-8.900000000e-02	4.628406569e+00	4.520068997e-02	2.239826754e-02
-9.000000000e-02	4.628417258e+00	4.473847787e-02	2.243054723e-02
-9.100000000e-02	4.628427979e+00	4.427626427e-02	2.246282017e-02
-9.200000000e-02	4.628438736e+00	4.381404930e-02	2.249508634e-02
-9.300000000e-02	4.628449532e+00	4.335183314e-02	2.252734576e-02
-9.400000000e-02	4.628460361e+00	4.288961551e-02	2.255959840e-02
-9.500000000e-02	4.628471226e+00	4.242739658e-02	2.259184428e-02
-9.600000000e-02	4.628474505e+00	4.196481872e-02	2.262408517e-02
-9.700000000e-02	4.628492923e+00	4.150294813e-02	2.265631569e-02
-9.800000000e-02	4.628504035e+00	4.104073179e-02	2.268854121e-02
-9.900000000e-02	4.628515045e+00	4.057850772e-02	2.272075994e-02
-1.000000000e-01	4.628526090e+00	4.011628233e-02	2.275297188e-02
-1.010000000e-01	4.628537168e+00	3.965405557e-02	2.278517701e-02
-1.020000000e-01	4.628548284e+00	3.919182762e-02	2.281737533e-02
-1.030000000e-01	4.628559434e+00	3.872959838e-02	2.284956684e-02
-1.040000000e-01	4.628570620e+00	3.826736791e-02	2.288175154e-02
-1.050000000e-01	4.628581845e+00	3.780513632e-02	2.291392941e-02
-1.060000000e-01	4.628593101e+00	3.734290336e-02	2.294610045e-02
-1.070000000e-01	4.628604395e+00	3.688066926e-02	2.297826466e-02
-1.080000000e-01	4.628615913e+00	3.641844306e-02	2.301042203e-02
-1.090000000e-01	4.628627093e+00	3.595619766e-02	2.304257256e-02
-1.100000000e-01	4.628641172e+00	3.549408939e-02	2.307471646e-02
-1.110000000e-01	4.628649927e+00	3.503172104e-02	2.310685307e-02
-1.120000000e-01	4.628661401e+00	3.456948115e-02	2.313898305e-02
-1.130000000e-01	4.628672909e+00	3.410724006e-02	2.317110616e-02
-1.140000000e-01	4.628684453e+00	3.364499784e-02	2.320322240e-02
-1.150000000e-01	4.628696032e+00	3.318275443e-02	2.323533177e-02
-1.160000000e-01	4.628707648e+00	3.272051005e-02	2.326743426e-02
-1.170000000e-01	4.628719294e+00	3.225826424e-02	2.329952987e-02
-1.180000000e-01	4.628875860e+00	3.180313345e-02	2.333224890e-02
-1.190000000e-01	4.628738882e+00	3.133358181e-02	2.336370087e-02
-1.200000000e-01	4.628754470e+00	3.087152154e-02	2.339577536e-02
-1.210000000e-01	4.628766261e+00	3.040927155e-02	2.342784340e-02
-1.220000000e-01	4.628778094e+00	2.994702086e-02	2.345990452e-02
-1.230000000e-01	4.628789959e+00	2.948476894e-02	2.349195874e-02
-1.240000000e-01	4.628948928e+00	2.902982763e-02	2.352465004e-02
-1.250000000e-01	4.628813800e+00	2.856026221e-02	2.355604642e-02
-1.260000000e-01	4.628825773e+00	2.809800733e-02	2.358807987e-02
-1.270000000e-01	4.628837782e+00	2.763575143e-02	2.362010639e-02
-1.280000000e-01	4.628849769e+00	2.717349164e-02	2.365212598e-02
-1.290000000e-01	4.628861909e+00	2.671123681e-02	2.368413862e-02
-1.300000000e-01	4.628874026e+00	2.624897804e-02	2.371614432e-02
-1.310000000e-01	4.628886180e+00	2.578671839e-02	2.374814307e-02
-1.320000000e-01	4.628898913e+00	2.532448527e-02	2.378013487e-02
-1.330000000e-01	4.628910592e+00	2.486219617e-02	2.381211970e-02
-1.340000000e-01	4.628922855e+00	2.439993384e-02	2.384409757e-02
-1.350000000e-01	4.628935150e+00	2.393767042e-02	2.387606847e-02
-1.360000000e-01	4.628947483e+00	2.347540619e-02	2.390803239e-02
-1.370000000e-01	4.628958762e+00	2.301308552e-02	2.393998937e-02
-1.380000000e-01	4.628901178e+00	4.278517322e-02	4.531348600e-14
-1.390000000e-01	4.628912824e+00	4.235041393e-02	3.793659664e-14
-1.400000000e-01	4.628924504e+00	4.191564924e-02	3.238985488e-14
-1.410000000e-01	4.628936217e+00	4.148087914e-02	1.827864670e-14
-1.420000000e-01	4.628947965e+00	4.104610365e-02	3.105744537e-14
-1.430000000e-01	4.628959746e+00	4.061132276e-02	4.425998155e-14
-1.440000000e-01	4.628971562e+00	4.017653649e-02	5.622088817e-14
-1.450000000e-01	4.628983411e+00	3.974174485e-02	4.041772083e-14
-1.460000000e-01	4.628995294e+00	3.930694783e-02	3.822441963e-14
-1.470000000e-01	4.629007211e+00	3.887214544e-02	2.913224542e-14
-1.480000000e-01	4.629019162e+00	3.843733769e-02	5.265331395e-14
-1.490000000e-01	4.629031147e+00	3.800252458e-02	5.456963534e-14
-1.500000000e-01	4.629043166e+00	3.756770613e-02	5.296361766e-14
-1.510000000e-01	4.629055218e+00	3.713288233e-02	3.495432745e-14
-1.520000000e-01	4.629067305e+00	3.669805319e-02	3.300357752e-14
-1.530000000e-01	4.629079425e+00	3.626321871e-02	4.094082028e-14
-1.540000000e-01	4.629091580e+00	3.582837892e-02	1.652356278e-14
-1.550000000e-01	4.629103768e+00	3.539353379e-02	1.061804634e-14
-1.560000000e-01	4.629115991e+00	3.495868336e-02	5.582010829e-14
-1.570000000e-01	4.629128247e+00	3.452382761e-02	4.386053837e-14
-1.580000000e-01	4.629140537e+00	3.408896656e-02	3.853616838e-14
-1.590000000e-01	4.629152862e+00	3.365410021e-02	3.066171141e-14
-1.600000000e-01	4.629165220e+00	3.321922857e-02	2.334834419e-14
-1.610000000e-01	4.629177612e+00	3.278435164e-02	4.318555409e-14
-1.620000000e-01	4.629190038e+00	3.234946943e-02	5.802284969e-14
-1.630000000e-01	4.629202498e+00	3.191458195e-02	4.037983143e-14
-1.640000000e-01	4.629214992e+00	3.147968920e-02	3.763770676e-14
-1.650000000e-01	4.629227520e+00	3.104479118e-02	2.374900680e-14
-1.660000000e-01	4.629240082e+00	3.060988791e-02	7.156223600e-14
-1.670000000e-01	4.629252679e+00	3.017497938e-02	5.991359798e-14
-1.680000000e-01	4.629265309e+00	2.974006561e-02	2.749360712e-14
-1.690000000e-01	4.629277973e+00	2.930514659e-02	4.243901966e-14
-1.700000000e-01	4.629290671e+00	2.887022235e-02	5.792656532e-14
-1.710000000e-01	4.629303403e+00	2.843529287e-02	1.874894319e-14
-1.720000000e-01	4.629316169e+00	2.800035818e-02	5.691137307e-14
-1.730000000e-01	4.629328969e+00	2.756541826e-02	2.441959525e-14
-1.740000000e-01	4.629341804e+00	2.713047314e-02	4.237365521e-14
-1.750000000e-01	4.629354672e+00	2.669552281e-02	4.712735527e-14
-1.760000000e-01	4.629367574e+00	2.626056728e-02	2.612981680e-14
-1.770000000e-01	4.629380510e+00	2.582560656e-02	4.266419301e-14
-1.780000000e-01	4.629393481e+00	2.539064065e-02	4.787469187e-14
-1.790000000e-01	4.629406485e+00	2.495566956e-02	5.901333237e-14
-1.800000000e-01	4.629419524e+00	2.452069329e-02	4.522313457e-14
-1.810000000e-01	4.629432596e+00	2.408571186e-02	4.152170398e-14
-1.820000000e-01	4.629445703e+00	2.365072526e-02	4.940811925e-14
-1.830000000e-01	4.629458844e+00	2.321573350e-02	3.639767794e-14
-1.840000000e-01	4.629472019e+00	2.278073659e-02	3.871970763e-14
-1.850000000e-01	4.629485228e+00	2.234573453e-02	2.206800134e-14
-1.860000000e-01	4.629498471e+00	2.191072734e-02	4.036220117e-14
-1.870000000e-01	4.629511748e+00	2.147571501e-02	4.131133878e-14
-1.880000000e-01	4.629525059e+00	2.104069755e-02	4.772636896e-14
-1.890000000e-01	4.629538404e+00	2.060567497e-02	4.458285643e-14
-1.900000000e-01	4.629551784e+00	2.017064728e-02	2.684054485e-14
-1.910000000e-01	4.629565197e+00	1.973561447e-02	3.979437483e-14
-1.920000000e-01	4.629578645e+00	1.930057656e-02	5.568816850e-14
-1.930000000e-01	4.629592127e+00	1.886553355e-02	2.084085488e-14
-1.940000000e-01	4.629605642e+00	1.843048545e-02	2.989741449e-14
-1.950000000e-01	4.629619193e+00	1.799543226e-02	3.402495973e-14
-1.960000000e-01	4.629632777e+00	1.756037399e-02	3.746732034e-14
-1.970000000e-01	4.629646395e+00	1.712531065e-02	3.703435247e-14
-1.980000000e-01	4.629660048e+00	1.669024224e-02	5.400199054e-14
-1.990000000e-01	4.629673734e+00	1.625516876e-02	5.047397514e-14
-2.000000000e-01	4.629687455e+00	1.582009023e-02	5.160042812e-14
-2.010000000e-01	4.629701210e+00	1.538500665e-02	3.178138951e-14
-2.020000000e-01	4.629714999e+00	1.494991802e-02	3.189775010e-14
-2.030000000e-01	4.629728822e+00	1.451482436e-02	4.468999910e-14
-2.040000000e-01	4.629742680e+00	1.407972566e-02	5.341844042e-14
-2.050000000e-01	4.629756572e+00	1.364462194e-02	2.175548692e-14
-2.060000000e-01	4.629770497e+00	1.320951319e-02	3.758686318e-14
-2.070000000e-01	4.629784458e+00	1.277439944e-02	5.133031181e-14
-2.080000000e-01	4.629798452e+00	1.233928067e-02	4.583120119e-14
-2.090000000e-01	4.629812480e+00	1.190415690e-02	2.071921460e-14
-2.100000000e-01	4.629826543e+00	1.146902813e-02	3.353026126e-14
-2.110000000e-01	4.629840640e+00	1.103389438e-02	5.625948592e-14
-2.120000000e-01	4.629854771e+00	1.059875564e-02	3.227492261e-14
-2.130000000e-01	4.629868936e+00	1.016361192e-02	2.885055913e-14
-2.140000000e-01	4.629883136e+00	9.728463228e-03	8.262422274e-14
-2.150000000e-01	4.629897370e+00	9.293309571e-03	3.440458101e-14
-2.160000000e-01	4.629911638e+00	8.858150955e-03	4.745261111e-14
-2.170000000e-01	4.629925940e+00	8.422987384e-03	4.307105336e-14
-2.180000000e-01	4.629940277e+00	7.987818865e-03	6.822830894e-14
-2.190000000e-01	4.629954647e+00	7.552645405e-03	3.302242283e-14
-2.200000000e-01	4.629969052e+00	7.117467009e-03	4.626768497e-14
-2.210000000e-01	4.629983492e+00	6.682283684e-03	3.783348127e-14
-2.220000000e-01	4.629997965e+00	6.247095435e-03	5.065503161e-14
-2.230000000e-01	4.630012473e+00	5.811902269e-03	3.647122012e-14
-2.240000000e-01	4.630027015e+00	5.376704191e-03	4.511025740e-14
-2.250000000e-01	4.630041592e+00	4.941501209e-03	3.573551944e-14
-2.260000000e-01	4.630056202e+00	4.506293327e-03	3.946970849e-14
-2.270000000e-01	4.630070847e+00	4.071080553e-03	4.684282132e-14
-2.280000000e-01	4.630085527e+00	3.635862892e-03	4.680749220e-14
-2.290000000e-01	4.630100240e+00	3.200640350e-03	3.774488035e-14
-2.300000000e-01	4.630114988e+00	2.765412934e-03	2.381606813e-14
-2.310000000e-01	4.630129770e+00	2.330180649e-03	3.454595357e-14
-2.320000000e-01	4.630144587e+00	1.894943503e-03	3.953090978e-14
-2.330000000e-01	4.630159438e+00	1.459701500e-03	4.960228934e-14
-2.340000000e-01	4.630174323e+00	1.024454648e-03	2.040945076e-14
-2.350000000e-01	4.630189242e+00	5.892029515e-04	4.260978064e-14
-2.360000000e-01	4.630204196e+00	1.539464181e-04	4.313001809e-14
-2.370000000e-01	4.630219184e+00	-2.813149468e-04	3.070274419e-14
-2.380000000e-01	4.630234207e+00	-7.165811368e-04	4.441790465e-14
-2.390000000e-01	4.630249264e+00	-1.151852146e-03	6.002638244e-14
-2.400000000e-01	4.630264355e+00	-1.587127967e-03	2.986333413e-14
-2.410000000e-01	4.630279481e+00	-2.022408596e-03	2.652903628e-14
-2.420000000e-01	4.630294641e+00	-2.457694024e-03	3.535078394e-14
-2.430000000e-01	4.630309835e+00	-2.892984247e-03	2.952606885e-14
-2.440000000e-01	4.630325064e+00	-3.328279257e-03	4.259925913e-14
-2.450000000e-01	4.630340327e+00	-3.763579050e-03	2.331947521e-14
-2.460000000e-01	4.630355624e+00	-4.198883617e-03	6.154254192e-14
-2.470000000e-01	4.630370956e+00	-4.634192954e-03	9.167964789e-15
-2.480000000e-01	4.630386322e+00	-5.069507054e-03	2.373172056e-14
-2.490000000e-01	4.630401723e+00	-5.504825911e-03	3.998548832e-14
-2.500000000e-01	4.630417158e+00	-5.940149519e-03	7.565232593e-14
-2.510000000e-01	4.630432627e+00	-6.375477870e-03	6.645945980e-14
-2.520000000e-01	4.630448131e+00	-6.810810960e-03	5.635060530e-14
-2.530000000e-01	4.630463670e+00	-7.246148781e-03	2.409707306e-14
-2.540000000e-01	4.630479242e+00	-7.681491328e-03	2.475950027e-14
-2.550000000e-01	4.630494849e+00	-8.116838595e-03	6.009584233e-14
-2.560000000e-01	4.630510491e+00	-8.552190574e-03	4.748250156e-14
-2.570000000e-01	4.630526167e+00	-8.987547260e-03	2.300707235e-14
-2.580000000e-01	4.630541878e+00	-9.422908646e-03	7.781541680e-14
-2.590000000e-01	4.630557622e+00	-9.858274726e-03	3.429773235e-14
-2.600000000e-01	4.630573402e+00	-1.029364549e-02	2.114601358e-14
-2.610000000e-01	4.630589216e+00	-1.072902094e-02	2.689971929e-14
-2.620000000e-01	4.630605064e+00	-1.116440107e-02	4.648456718e-14
-2.630000000e-01	4.630620947e+00	-1.159978586e-02	2.353228713e-14
-2.640000000e-01	4.630636864e+00	-1.203517532e-02	5.748104896e-14
-2.650000000e-01	4.630652816e+00	-1.247056943e-02	4.632205584e-14
-2.660000000e-01	4.630668802e+00	-1.290596820e-02	4.090488928e-14
-2.670000000e-01	4.630684823e+00	-1.334137160e-02	4.720812255e-14
-2.680000000e-01	4.630700878e+00	-1.377677965e-02	4.226397158e-14
-2.690000000e-01	4.630716967e+00	-1.421219232e-02	5.428243082e-14
-2.700000000e-01	4.630733092e+00	-1.464760962e-02	1.528904434e-14
-2.710000000e-01	4.630749250e+00	-1.508303154e-02	4.625883051e-14
-2.720000000e-01	4.630765443e+00	-1.551845807e-02	4.793265977e-14
-2.730000000e-01	4.630781671e+00	-1.595388920e-02	4.860836856e-14
-2.740000000e-01	4.630797933e+00	-1.638932494e-02	4.193142570e-14
-2.750000000e-01	4.630814230e+00	-1.682476526e-02	4.796702152e-14
-2.760000000e-01	4.630830561e+00	-1.726021018e-02	5.305151970e-14
-2.770000000e-01	4.630846927e+00	-1.769565967e-02	5.747389972e-14
-2.780000000e-01	4.630863327e+00	-1.813111374e-02	6.799832042e-14
-2.790000000e-01	4.630879762e+00	-1.856657237e-02	4.393926085e-14
-2.800000000e-01	4.630896232e+00	-1.900203557e-02	4.787774570e-14
-2.810000000e-01	4.630912736e+00	-1.943750332e-02	3.307429049e-14
-2.820000000e-01	4.630929274e+00	-1.987297562e-02	5.408058348e-14
-2.830000000e-01	4.630945847e+00	-2.030845246e-02	6.456544573e-14
-2.840000000e-01	4.630962455e+00	-2.074393383e-02	4.141474814e-14
-2.850000000e-01	4.630979097e+00	-2.117941974e-02	5.584058314e-14
-2.860000000e-01	4.630995774e+00	-2.161491016e-02	4.100119128e-14
-2.870000000e-01	4.631012486e+00	-2.205040511e-02	3.048790412e-14
-2.880000000e-01	4.631029232e+00	-2.248590456e-02	3.109091866e-14
-2.890000000e-01	4.631046012e+00	-2.292140851e-02	1.806143375e-14
-2.900000000e-01	4.631062827e+00	-2.335691697e-02	6.579082647e-14
-2.910000000e-01	4.631079677e+00	-2.379242991e-02	5.376395123e-14
-2.920000000e-01	4.631096562e+00	-2.422794734e-02	4.256239565e-14
-2.930000000e-01	4.631113481e+00	-2.466346924e-02	4.299423678e-14
-2.940000000e-01	4.631130434e+00	-2.509899561e-02	6.552147020e-14
-2.950000000e-01	4.631147423e+00	-2.553452645e-02	2.543966686e-14
-2.960000000e-01	4.631164446e+00	-2.597006175e-02	3.111841016e-14
-2.970000000e-01	4.631181503e+00	-2.640560150e-02	5.415163884e-14
-2.980000000e-01	4.631198595e+00	-2.684114569e-02	4.352775296e-14
-2.990000000e-01	4.631215722e+00	-2.727669432e-02	1.563073693e-14
-3.000000000e-01	4.631232883e+00	-2.771224739e-02	3.956504615e-14
