# epsi_ci     Re(Lambda)      Im(Lambda)      Eq(det), R = 0.10 $\mu$m, $E_p$ = 0.900 eV, modo = 3, $\epsilon_\infty$ = 3.9, $\gamma_{DL}$ = 0.01 eV, solve_det_sinkz_vs_mu.py
0.000000000e+00	2.722265671e+00	2.986870851e-02	1.113411675e-17
-1.000000000e-03	2.722273352e+00	2.951974211e-02	1.228511978e-17
-2.000000000e-03	2.722281078e+00	2.917077573e-02	9.002687162e-18
-3.000000000e-03	2.722288849e+00	2.882180938e-02	1.380730928e-17
-4.000000000e-03	2.722296664e+00	2.847284308e-02	1.808184679e-17
-5.000000000e-03	2.722304524e+00	2.812387685e-02	1.023215427e-17
-6.000000000e-03	2.722312429e+00	2.777491071e-02	1.862711411e-17
-7.000000000e-03	2.722320378e+00	2.742594467e-02	7.924448681e-18
-8.000000000e-03	2.722328373e+00	2.707697875e-02	1.025555462e-17
-9.000000000e-03	2.722336412e+00	2.672801297e-02	1.436183177e-17
-1.000000000e-02	2.722344495e+00	2.637904734e-02	2.758014228e-17
-1.100000000e-02	2.722352624e+00	2.603008189e-02	1.877726080e-17
-1.200000000e-02	2.722360797e+00	2.568111663e-02	1.675771730e-17
-1.300000000e-02	2.722369015e+00	2.533215156e-02	3.340038849e-17
-1.400000000e-02	2.722377278e+00	2.498318673e-02	2.343671354e-17
-1.500000000e-02	2.722385586e+00	2.463422213e-02	3.140083176e-18
-1.600000000e-02	2.722393938e+00	2.428525780e-02	1.736122878e-17
-1.700000000e-02	2.722402335e+00	2.393629373e-02	3.141356522e-17
-1.800000000e-02	2.722410777e+00	2.358732997e-02	2.163757572e-17
-1.900000000e-02	2.722419264e+00	2.323836652e-02	1.967594732e-17
-2.000000000e-02	2.722427795e+00	2.288940338e-02	2.467833254e-17
-2.100000000e-02	2.722436371e+00	2.254044059e-02	2.736440126e-17
-2.200000000e-02	2.722444992e+00	2.219147817e-02	1.818139439e-17
-2.300000000e-02	2.722453658e+00	2.184251612e-02	1.242036189e-17
-2.400000000e-02	2.722462368e+00	2.149355447e-02	8.744751426e-18
-2.500000000e-02	2.722471123e+00	2.114459324e-02	1.360454411e-17
-2.600000000e-02	2.722479923e+00	2.079563242e-02	6.321827182e-18
-2.700000000e-02	2.722488768e+00	2.044667207e-02	4.418257034e-18
-2.800000000e-02	2.722497657e+00	2.009771217e-02	1.369401771e-17
-2.900000000e-02	2.722506591e+00	1.974875276e-02	1.151242820e-17
-3.000000000e-02	2.722515570e+00	1.939979384e-02	1.936852749e-17
-3.100000000e-02	2.722524594e+00	1.905083544e-02	1.170065423e-17
-3.200000000e-02	2.722533662e+00	1.870187758e-02	2.090285969e-17
-3.300000000e-02	2.722542775e+00	1.835292027e-02	2.104491761e-17
-3.400000000e-02	2.722551933e+00	1.800396352e-02	8.134740850e-18
-3.500000000e-02	2.722561136e+00	1.765500736e-02	1.938856839e-17
-3.600000000e-02	2.722570383e+00	1.730605180e-02	9.972899064e-18
-3.700000000e-02	2.722579675e+00	1.695709686e-02	1.373423462e-17
-3.800000000e-02	2.722589012e+00	1.660814256e-02	6.409281650e-18
-3.900000000e-02	2.722598394e+00	1.625918891e-02	2.045796266e-17
-4.000000000e-02	2.722607820e+00	1.591023593e-02	1.728973711e-17
-4.100000000e-02	2.722617291e+00	1.556128364e-02	7.885185223e-18
-4.200000000e-02	2.722626807e+00	1.521233206e-02	1.864754677e-17
-4.300000000e-02	2.722636368e+00	1.486338121e-02	2.890323739e-17
-4.400000000e-02	2.722645973e+00	1.451443108e-02	3.023234644e-18
-4.500000000e-02	2.722655623e+00	1.416548171e-02	2.548415060e-17
-4.600000000e-02	2.722665318e+00	1.381653312e-02	1.592671396e-17
-4.700000000e-02	2.722675058e+00	1.346758533e-02	1.221197313e-17
-4.800000000e-02	2.722684842e+00	1.311863834e-02	1.978772905e-17
-4.900000000e-02	2.722694671e+00	1.276969218e-02	2.772516471e-17
-5.000000000e-02	2.722704545e+00	1.242074686e-02	1.246281844e-17
-5.100000000e-02	2.722714463e+00	1.207180240e-02	1.240958882e-17
-5.200000000e-02	2.722724427e+00	1.172285882e-02	9.306248058e-18
-5.300000000e-02	2.722734435e+00	1.137391614e-02	1.966187879e-17
-5.400000000e-02	2.722744488e+00	1.102497436e-02	2.722841838e-17
-5.500000000e-02	2.722754585e+00	1.067603351e-02	1.559648097e-17
-5.600000000e-02	2.722764727e+00	1.032709362e-02	2.113133385e-17
-5.700000000e-02	2.722774914e+00	9.978154675e-03	1.834521989e-17
-5.800000000e-02	2.722785146e+00	9.629216723e-03	8.492320226e-18
-5.900000000e-02	2.722795422e+00	9.280279765e-03	1.046301689e-17
-6.000000000e-02	2.722805744e+00	8.931343825e-03	9.347082418e-18
-6.100000000e-02	2.722816110e+00	8.582408917e-03	1.462655204e-17
-6.200000000e-02	2.722826520e+00	8.233475057e-03	1.518786675e-17
-6.300000000e-02	2.722836976e+00	7.884542261e-03	1.619230229e-17
-6.400000000e-02	2.722847476e+00	7.535610555e-03	2.340278706e-17
-6.500000000e-02	2.722858021e+00	7.186679943e-03	3.401021200e-17
-6.600000000e-02	2.722868610e+00	6.837750452e-03	1.543904860e-17
-6.700000000e-02	2.722879245e+00	6.488822097e-03	1.483920753e-17
-6.800000000e-02	2.722889924e+00	6.139894896e-03	1.889189645e-17
-6.900000000e-02	2.722900648e+00	5.790968863e-03	1.228655109e-17
-7.000000000e-02	2.722911416e+00	5.442044020e-03	1.803935398e-17
-7.100000000e-02	2.722922229e+00	5.093120377e-03	1.339787934e-17
-7.200000000e-02	2.722933087e+00	4.744197961e-03	8.453154373e-18
-7.300000000e-02	2.722943990e+00	4.395276775e-03	2.125133082e-17
-7.400000000e-02	2.722954937e+00	4.046356855e-03	9.773827129e-18
-7.500000000e-02	2.722965930e+00	3.697438199e-03	1.467065706e-17
-7.600000000e-02	2.722976967e+00	3.348520843e-03	2.081177963e-17
-7.700000000e-02	2.722988048e+00	2.999604784e-03	2.923531354e-17
-7.800000000e-02	2.722999174e+00	2.650690054e-03	1.220752210e-17
-7.900000000e-02	2.723010346e+00	2.301776665e-03	1.432709926e-17
-8.000000000e-02	2.723021561e+00	1.952864639e-03	2.254932078e-17
-8.100000000e-02	2.723032822e+00	1.603953983e-03	2.337970425e-17
-8.200000000e-02	2.723044127e+00	1.255044724e-03	9.709170506e-18
-8.300000000e-02	2.723055477e+00	9.061368752e-04	3.262767348e-17
-8.400000000e-02	2.723066872e+00	5.572304565e-04	1.314423274e-17
-8.500000000e-02	2.723078311e+00	2.083254814e-04	1.363619880e-17
-8.600000000e-02	2.723089795e+00	-1.405780362e-04	1.249626765e-17
-8.700000000e-02	2.723101324e+00	-4.894800703e-04	1.026968450e-17
-8.800000000e-02	2.723112897e+00	-8.383806150e-04	1.267913562e-17
-8.900000000e-02	2.723124516e+00	-1.187279636e-03	1.400819622e-17
-9.000000000e-02	2.723136179e+00	-1.536177131e-03	2.633759924e-17
-9.100000000e-02	2.723147886e+00	-1.885073080e-03	1.245972191e-17
-9.200000000e-02	2.723159639e+00	-2.233967461e-03	1.354277290e-17
-9.300000000e-02	2.723171436e+00	-2.582860262e-03	2.695939244e-17
-9.400000000e-02	2.723183277e+00	-2.931751464e-03	1.097799235e-17
-9.500000000e-02	2.723195164e+00	-3.280641054e-03	2.363305908e-17
-9.600000000e-02	2.723207095e+00	-3.629529000e-03	1.382406066e-17
-9.700000000e-02	2.723219071e+00	-3.978415297e-03	1.172407490e-17
-9.800000000e-02	2.723231092e+00	-4.327299936e-03	2.400178341e-17
-9.900000000e-02	2.723243157e+00	-4.676182875e-03	2.065632199e-17
-1.000000000e-01	2.723255267e+00	-5.025064122e-03	1.209510636e-17
-1.010000000e-01	2.723267422e+00	-5.373943651e-03	1.340873545e-17
-1.020000000e-01	2.723279621e+00	-5.722821440e-03	1.965750758e-17
-1.030000000e-01	2.723291865e+00	-6.071697467e-03	3.001721429e-17
-1.040000000e-01	2.723304154e+00	-6.420571731e-03	1.374527214e-17
-1.050000000e-01	2.723316487e+00	-6.769444210e-03	2.321350134e-17
-1.060000000e-01	2.723328866e+00	-7.118314877e-03	1.409859095e-17
-1.070000000e-01	2.723341288e+00	-7.467183730e-03	2.727826878e-17
-1.080000000e-01	2.723353756e+00	-7.816050731e-03	2.229952325e-17
-1.090000000e-01	2.723366268e+00	-8.164915885e-03	1.420313234e-17
-1.100000000e-01	2.723378825e+00	-8.513779164e-03	1.069096774e-17
-1.110000000e-01	2.723391427e+00	-8.862640549e-03	1.787559190e-17
-1.120000000e-01	2.723404073e+00	-9.211500026e-03	1.713653329e-17
-1.130000000e-01	2.723416764e+00	-9.560357580e-03	6.898571108e-18
-1.140000000e-01	2.723429500e+00	-9.909213193e-03	1.961109931e-17
-1.150000000e-01	2.723442280e+00	-1.025806684e-02	1.472328717e-17
-1.160000000e-01	2.723455105e+00	-1.060691851e-02	7.102355331e-18
-1.170000000e-01	2.723467975e+00	-1.095576820e-02	1.643903178e-17
-1.180000000e-01	2.723480889e+00	-1.130461586e-02	4.121187547e-17
-1.190000000e-01	2.723493849e+00	-1.165346150e-02	2.547786566e-17
-1.200000000e-01	2.723506852e+00	-1.200230509e-02	1.119095385e-17
-1.210000000e-01	2.723519901e+00	-1.235114662e-02	2.384839494e-17
-1.220000000e-01	2.723532994e+00	-1.269998608e-02	2.195229065e-17
-1.230000000e-01	2.723546132e+00	-1.304882344e-02	2.581846260e-17
-1.240000000e-01	2.723559314e+00	-1.339765868e-02	2.312027949e-17
-1.250000000e-01	2.723572541e+00	-1.374649179e-02	1.760604642e-17
-1.260000000e-01	2.723585813e+00	-1.409532275e-02	7.962598024e-18
-1.270000000e-01	2.723599130e+00	-1.444415155e-02	4.441634141e-18
-1.280000000e-01	2.723612491e+00	-1.479297816e-02	9.884253529e-18
-1.290000000e-01	2.723625897e+00	-1.514180258e-02	1.231086266e-17
-1.300000000e-01	2.723639347e+00	-1.549062477e-02	2.444346615e-17
-1.310000000e-01	2.723652842e+00	-1.583944474e-02	1.238292629e-17
-1.320000000e-01	2.723666382e+00	-1.618826246e-02	1.383980214e-17
-1.330000000e-01	2.723679967e+00	-1.653707790e-02	1.628748311e-17
-1.340000000e-01	2.723693596e+00	-1.688589106e-02	2.000301674e-17
-1.350000000e-01	2.723707269e+00	-1.723470192e-02	1.343995855e-17
-1.360000000e-01	2.723720988e+00	-1.758351046e-02	1.903260180e-17
-1.370000000e-01	2.723734751e+00	-1.793231666e-02	1.838247206e-17
-1.380000000e-01	2.723748559e+00	-1.828112050e-02	1.272696280e-17
-1.390000000e-01	2.723762411e+00	-1.862992198e-02	2.353659434e-17
-1.400000000e-01	2.723776308e+00	-1.897872107e-02	9.175051294e-18
-1.410000000e-01	2.723790250e+00	-1.932751775e-02	2.880656179e-18
-1.420000000e-01	2.723804236e+00	-1.967631202e-02	2.739775471e-17
-1.430000000e-01	2.723818267e+00	-2.002510383e-02	1.772647602e-17
-1.440000000e-01	2.723832343e+00	-2.037389320e-02	2.286881938e-17
-1.450000000e-01	2.723846463e+00	-2.072268009e-02	7.323289957e-18
-1.460000000e-01	2.723860628e+00	-2.107146450e-02	6.949279108e-18
-1.470000000e-01	2.723874837e+00	-2.142024638e-02	2.430964550e-17
-1.480000000e-01	2.723889092e+00	-2.176902576e-02	1.258849392e-17
-1.490000000e-01	2.723903390e+00	-2.211780259e-02	1.306418995e-17
-1.500000000e-01	2.723917734e+00	-2.246657685e-02	2.093247017e-17
-1.510000000e-01	2.723932122e+00	-2.281534855e-02	4.302065988e-18
-1.520000000e-01	2.723946555e+00	-2.316411765e-02	1.049608824e-17
-1.530000000e-01	2.723961032e+00	-2.351288413e-02	2.484898385e-17
-1.540000000e-01	2.723975554e+00	-2.386164799e-02	2.350190320e-17
-1.550000000e-01	2.723990121e+00	-2.421040921e-02	3.123609035e-17
-1.560000000e-01	2.724004732e+00	-2.455916776e-02	1.709862985e-17
-1.570000000e-01	2.724019388e+00	-2.490792363e-02	1.348740612e-17
-1.580000000e-01	2.724034088e+00	-2.525667682e-02	7.822000071e-18
-1.590000000e-01	2.724048833e+00	-2.560542728e-02	2.382948926e-17
-1.600000000e-01	2.724063623e+00	-2.595417502e-02	2.852291866e-17
-1.610000000e-01	2.724078457e+00	-2.630292001e-02	1.114793629e-17
-1.620000000e-01	2.724093336e+00	-2.665166224e-02	2.144038053e-17
-1.630000000e-01	2.724108260e+00	-2.700040168e-02	2.259850987e-17
-1.640000000e-01	2.724123228e+00	-2.734913833e-02	5.551742405e-18
-1.650000000e-01	2.724138240e+00	-2.769787216e-02	2.501602576e-17
-1.660000000e-01	2.724153298e+00	-2.804660316e-02	2.013750661e-17
-1.670000000e-01	2.724168400e+00	-2.839533130e-02	7.292019446e-18
-1.680000000e-01	2.724183546e+00	-2.874405658e-02	1.585218301e-17
-1.690000000e-01	2.724198737e+00	-2.909277898e-02	2.843949980e-17
-1.700000000e-01	2.724213973e+00	-2.944149848e-02	1.855950934e-17
-1.710000000e-01	2.724229254e+00	-2.979021506e-02	1.728649667e-17
-1.720000000e-01	2.724244578e+00	-3.013892870e-02	2.043960390e-17
-1.730000000e-01	2.724259948e+00	-3.048763939e-02	1.447209487e-17
-1.740000000e-01	2.724275362e+00	-3.083634712e-02	1.345253353e-17
-1.750000000e-01	2.724290821e+00	-3.118505186e-02	9.142284101e-18
-1.760000000e-01	2.724306324e+00	-3.153375359e-02	1.703515709e-17
-1.770000000e-01	2.724321872e+00	-3.188245231e-02	3.666645451e-17
-1.780000000e-01	2.724337464e+00	-3.223114798e-02	3.736590080e-18
-1.790000000e-01	2.724353102e+00	-3.257984060e-02	1.538159420e-17
-1.800000000e-01	2.724368783e+00	-3.292853015e-02	1.756223674e-17
-1.810000000e-01	2.724384509e+00	-3.327721661e-02	5.335518820e-18
-1.820000000e-01	2.724400280e+00	-3.362589997e-02	1.246814696e-17
-1.830000000e-01	2.724416096e+00	-3.397458020e-02	3.749319012e-17
-1.840000000e-01	2.724431955e+00	-3.432325730e-02	6.772387214e-18
-1.850000000e-01	2.724447860e+00	-3.467193123e-02	7.305207302e-18
-1.860000000e-01	2.724463809e+00	-3.502060200e-02	6.067109530e-18
-1.870000000e-01	2.724479803e+00	-3.536926958e-02	1.955215411e-17
-1.880000000e-01	2.724495841e+00	-3.571793394e-02	1.714811746e-17
-1.890000000e-01	2.724511924e+00	-3.606659508e-02	1.651829997e-17
-1.900000000e-01	2.724528051e+00	-3.641525297e-02	1.073723204e-17
-1.910000000e-01	2.724544223e+00	-3.676390761e-02	1.274503155e-17
-1.920000000e-01	2.724560439e+00	-3.711255898e-02	2.095462300e-17
-1.930000000e-01	2.724576700e+00	-3.746120705e-02	1.515008894e-17
-1.940000000e-01	2.724593006e+00	-3.780985181e-02	1.003275825e-17
-1.950000000e-01	2.724609356e+00	-3.815849325e-02	1.618709517e-17
-1.960000000e-01	2.724625750e+00	-3.850713134e-02	2.349185582e-17
-1.970000000e-01	2.724642190e+00	-3.885576607e-02	4.994138895e-18
-1.980000000e-01	2.724658673e+00	-3.920439741e-02	5.401866023e-18
-1.990000000e-01	2.724675201e+00	-3.955302537e-02	1.677845787e-17
-2.000000000e-01	2.724691774e+00	-3.990164991e-02	2.640411382e-17
-2.010000000e-01	2.724708392e+00	-4.025027102e-02	1.270709613e-17
-2.020000000e-01	2.724725053e+00	-4.059888870e-02	2.681237889e-17
-2.030000000e-01	2.724741760e+00	-4.094750290e-02	1.534251292e-17
-2.040000000e-01	2.724758511e+00	-4.129611363e-02	4.075444628e-17
-2.050000000e-01	2.724775306e+00	-4.164472085e-02	5.754895722e-18
-2.060000000e-01	2.724792146e+00	-4.199332456e-02	2.563372716e-17
-2.070000000e-01	2.724809031e+00	-4.234192474e-02	1.593321743e-17
-2.080000000e-01	2.724825960e+00	-4.269052138e-02	1.653054437e-17
-2.090000000e-01	2.724842933e+00	-4.303911445e-02	1.423425763e-17
-2.100000000e-01	2.724859951e+00	-4.338770394e-02	1.335209680e-17
-2.110000000e-01	2.724877014e+00	-4.373628982e-02	1.674715766e-17
-2.120000000e-01	2.724894121e+00	-4.408487210e-02	2.129631347e-17
-2.130000000e-01	2.724911272e+00	-4.443345073e-02	2.365614149e-17
-2.140000000e-01	2.724928468e+00	-4.478202572e-02	1.223574443e-17
-2.150000000e-01	2.724945709e+00	-4.513059704e-02	6.903801583e-18
-2.160000000e-01	2.724962994e+00	-4.547916468e-02	2.649069951e-17
-2.170000000e-01	2.724980324e+00	-4.582772861e-02	1.047490281e-17
-2.180000000e-01	2.724997698e+00	-4.617628882e-02	2.463814666e-17
-2.190000000e-01	2.725015116e+00	-4.652484531e-02	1.316513478e-17
-2.200000000e-01	2.725032579e+00	-4.687339804e-02	3.171754267e-17
-2.210000000e-01	2.725050087e+00	-4.722194700e-02	1.372131817e-17
-2.220000000e-01	2.725067639e+00	-4.757049218e-02	2.126185216e-17
-2.230000000e-01	2.725085236e+00	-4.791903354e-02	1.760837458e-17
-2.240000000e-01	2.725102877e+00	-4.826757110e-02	1.191473397e-17
-2.250000000e-01	2.725120562e+00	-4.861610482e-02	2.476708931e-17
-2.260000000e-01	2.725138292e+00	-4.896463468e-02	1.873281024e-17
-2.270000000e-01	2.725156066e+00	-4.931316067e-02	1.586218250e-17
-2.280000000e-01	2.725173885e+00	-4.966168277e-02	1.655513552e-17
-2.290000000e-01	2.725191749e+00	-5.001020097e-02	1.218317826e-17
-2.300000000e-01	2.725209657e+00	-5.035871525e-02	1.996151215e-17
-2.310000000e-01	2.725227609e+00	-5.070722558e-02	7.773312378e-18
-2.320000000e-01	2.725245606e+00	-5.105573196e-02	2.328139740e-17
-2.330000000e-01	2.725263647e+00	-5.140423437e-02	1.695613117e-17
-2.340000000e-01	2.725281733e+00	-5.175273279e-02	7.869713367e-18
-2.350000000e-01	2.725299863e+00	-5.210122721e-02	1.228724553e-17
-2.360000000e-01	2.725318037e+00	-5.244971759e-02	1.125014918e-17
-2.370000000e-01	2.725336256e+00	-5.279820395e-02	2.552888448e-17
-2.380000000e-01	2.725354520e+00	-5.314668624e-02	1.707747011e-17
-2.390000000e-01	2.725372828e+00	-5.349516445e-02	2.465589705e-17
-2.400000000e-01	2.725391180e+00	-5.384363858e-02	1.752276591e-17
-2.410000000e-01	2.725409577e+00	-5.419210860e-02	1.250831843e-17
-2.420000000e-01	2.725428018e+00	-5.454057449e-02	6.067385663e-18
-2.430000000e-01	2.725446504e+00	-5.488903625e-02	2.385393799e-17
-2.440000000e-01	2.725465034e+00	-5.523749384e-02	1.599301612e-17
-2.450000000e-01	2.725483609e+00	-5.558594726e-02	2.011999261e-17
-2.460000000e-01	2.725502228e+00	-5.593439648e-02	2.231013590e-17
-2.470000000e-01	2.725520891e+00	-5.628284149e-02	1.062891269e-17
-2.480000000e-01	2.725539599e+00	-5.663128228e-02	6.496905242e-18
-2.490000000e-01	2.725558351e+00	-5.697971883e-02	2.040096894e-17
-2.500000000e-01	2.725577148e+00	-5.732815111e-02	1.792861797e-17
