# epsi_ci     Re(Lambda)      Im(Lambda)      Eq(det), R = 0.10 $\mu$m, $E_p$ = 0.900 eV, modo = 3, $\epsilon_\infty$ = 3.9, $\gamma_{DL}$ = 0.01 eV, solve_det_sinkz_vs_mu.py
0.000000000e+00	2.722265671e+00	2.986870851e-02	2.525390015e-17
-1.000000000e-03	2.722273352e+00	2.951974211e-02	2.786528185e-17
-2.000000000e-03	2.722281078e+00	2.917077573e-02	3.746230481e-17
-3.000000000e-03	2.722288849e+00	2.882180938e-02	2.711582636e-17
-4.000000000e-03	2.722296664e+00	2.847284308e-02	2.918934751e-17
-5.000000000e-03	2.722304524e+00	2.812387685e-02	3.119971134e-17
-6.000000000e-03	2.722312429e+00	2.777491071e-02	2.917692011e-17
-7.000000000e-03	2.722320378e+00	2.742594467e-02	4.279049278e-17
-8.000000000e-03	2.722328373e+00	2.707697875e-02	6.110607895e-17
-9.000000000e-03	2.722336412e+00	2.672801297e-02	3.325006575e-17
-1.000000000e-02	2.722344495e+00	2.637904734e-02	1.546423475e-17
-1.100000000e-02	2.722352624e+00	2.603008189e-02	4.838040197e-17
-1.200000000e-02	2.722360797e+00	2.568111663e-02	3.992291778e-17
-1.300000000e-02	2.722369015e+00	2.533215156e-02	6.879545654e-17
-1.400000000e-02	2.722377278e+00	2.498318673e-02	5.526087490e-17
-1.500000000e-02	2.722385586e+00	2.463422214e-02	2.992834568e-17
-1.600000000e-02	2.722393938e+00	2.428525780e-02	3.766224648e-17
-1.700000000e-02	2.722402335e+00	2.393629374e-02	1.674152008e-17
-1.800000000e-02	2.722410777e+00	2.358732997e-02	1.625665666e-17
-1.900000000e-02	2.722419264e+00	2.323836651e-02	5.239596571e-17
-2.000000000e-02	2.722427795e+00	2.288940338e-02	6.691393278e-17
-2.100000000e-02	2.722436371e+00	2.254044059e-02	4.972634450e-17
-2.200000000e-02	2.722444992e+00	2.219147817e-02	1.757290269e-17
-2.300000000e-02	2.722453658e+00	2.184251613e-02	4.346515024e-17
-2.400000000e-02	2.722462368e+00	2.149355448e-02	3.852291016e-17
-2.500000000e-02	2.722471123e+00	2.114459323e-02	3.232367685e-17
-2.600000000e-02	2.722479923e+00	2.079563242e-02	6.253813205e-17
-2.700000000e-02	2.722488768e+00	2.044667207e-02	4.793200599e-17
-2.800000000e-02	2.722497657e+00	2.009771217e-02	5.376843807e-17
-2.900000000e-02	2.722506591e+00	1.974875276e-02	5.451353885e-17
-3.000000000e-02	2.722515570e+00	1.939979385e-02	2.387580647e-17
-3.100000000e-02	2.722524594e+00	1.905083544e-02	2.829583204e-17
-3.200000000e-02	2.722533662e+00	1.870187758e-02	3.329947651e-17
-3.300000000e-02	2.722542775e+00	1.835292026e-02	4.152744828e-17
-3.400000000e-02	2.722551933e+00	1.800396352e-02	3.579191644e-17
-3.500000000e-02	2.722561136e+00	1.765500736e-02	4.730235876e-17
-3.600000000e-02	2.722570383e+00	1.730605180e-02	5.852039881e-17
-3.700000000e-02	2.722579675e+00	1.695709686e-02	4.504685674e-17
-3.800000000e-02	2.722589012e+00	1.660814256e-02	2.767670420e-17
-3.900000000e-02	2.722598394e+00	1.625918891e-02	6.040105054e-17
-4.000000000e-02	2.722607820e+00	1.591023593e-02	3.389844672e-17
-4.100000000e-02	2.722617291e+00	1.556128364e-02	6.643996743e-18
-4.200000000e-02	2.722626807e+00	1.521233206e-02	2.571894335e-17
-4.300000000e-02	2.722636368e+00	1.486338120e-02	5.627171314e-17
-4.400000000e-02	2.722645973e+00	1.451443108e-02	2.703778824e-17
-4.500000000e-02	2.722655623e+00	1.416548172e-02	2.277547688e-17
-4.600000000e-02	2.722665318e+00	1.381653313e-02	3.213045023e-17
-4.700000000e-02	2.722675058e+00	1.346758533e-02	6.903363655e-17
-4.800000000e-02	2.722684842e+00	1.311863835e-02	3.259518666e-17
-4.900000000e-02	2.722694671e+00	1.276969218e-02	3.154366686e-17
-5.000000000e-02	2.722704545e+00	1.242074686e-02	5.178962537e-17
-5.100000000e-02	2.722714463e+00	1.207180240e-02	2.630328902e-17
-5.200000000e-02	2.722724427e+00	1.172285882e-02	4.655699505e-17
-5.300000000e-02	2.722734435e+00	1.137391614e-02	6.140279389e-17
-5.400000000e-02	2.722744488e+00	1.102497436e-02	5.810264935e-17
-5.500000000e-02	2.722754585e+00	1.067603351e-02	4.904484249e-17
-5.600000000e-02	2.722764727e+00	1.032709361e-02	3.503336874e-17
-5.700000000e-02	2.722774914e+00	9.978154678e-03	1.019482632e-17
-5.800000000e-02	2.722785146e+00	9.629216718e-03	4.308874728e-17
-5.900000000e-02	2.722795422e+00	9.280279769e-03	5.244133172e-17
-6.000000000e-02	2.722805744e+00	8.931343822e-03	1.520471152e-17
-6.100000000e-02	2.722816110e+00	8.582408913e-03	2.036132431e-17
-6.200000000e-02	2.722826520e+00	8.233475050e-03	4.363355278e-17
-6.300000000e-02	2.722836976e+00	7.884542264e-03	5.315758482e-17
-6.400000000e-02	2.722847476e+00	7.535610553e-03	3.176240688e-17
-6.500000000e-02	2.722858021e+00	7.186679947e-03	5.078088633e-17
-6.600000000e-02	2.722868610e+00	6.837750452e-03	2.348999096e-17
-6.700000000e-02	2.722879245e+00	6.488822096e-03	3.481109451e-17
-6.800000000e-02	2.722889924e+00	6.139894893e-03	4.656709173e-17
-6.900000000e-02	2.722900648e+00	5.790968862e-03	3.115274290e-17
-7.000000000e-02	2.722911416e+00	5.442044020e-03	4.225665532e-17
-7.100000000e-02	2.722922229e+00	5.093120376e-03	3.360660195e-17
-7.200000000e-02	2.722933087e+00	4.744197961e-03	5.735265100e-17
-7.300000000e-02	2.722943990e+00	4.395276780e-03	6.378052611e-17
-7.400000000e-02	2.722954937e+00	4.046356853e-03	2.400467867e-17
-7.500000000e-02	2.722965930e+00	3.697438205e-03	2.945992203e-17
-7.600000000e-02	2.722976967e+00	3.348520845e-03	4.939797414e-17
-7.700000000e-02	2.722988048e+00	2.999604790e-03	5.687894827e-17
-7.800000000e-02	2.722999174e+00	2.650690055e-03	3.782284918e-17
-7.900000000e-02	2.723010346e+00	2.301776668e-03	4.161796338e-17
-8.000000000e-02	2.723021561e+00	1.952864637e-03	2.318239339e-17
-8.100000000e-02	2.723032822e+00	1.603953982e-03	4.751645942e-17
-8.200000000e-02	2.723044127e+00	1.255044724e-03	2.452704387e-17
-8.300000000e-02	2.723055477e+00	9.061368750e-04	4.368163598e-17
-8.400000000e-02	2.723066872e+00	5.572304545e-04	5.980367934e-17
-8.500000000e-02	2.723078311e+00	2.083254796e-04	9.353429322e-18
-8.600000000e-02	2.723089795e+00	-1.405780336e-04	3.149909370e-17
-8.700000000e-02	2.723101324e+00	-4.894800688e-04	3.953152099e-17
-8.800000000e-02	2.723112897e+00	-8.383806100e-04	2.739246233e-17
-8.900000000e-02	2.723124516e+00	-1.187279637e-03	1.405258930e-17
-9.000000000e-02	2.723136179e+00	-1.536177136e-03	2.184397186e-17
-9.100000000e-02	2.723147886e+00	-1.885073083e-03	4.158539643e-17
-9.200000000e-02	2.723159639e+00	-2.233967461e-03	3.251883126e-17
-9.300000000e-02	2.723171436e+00	-2.582860263e-03	1.316839900e-17
-9.400000000e-02	2.723183277e+00	-2.931751462e-03	2.754730329e-17
-9.500000000e-02	2.723195164e+00	-3.280641051e-03	3.538366998e-17
-9.600000000e-02	2.723207095e+00	-3.629528996e-03	5.767396528e-17
-9.700000000e-02	2.723219071e+00	-3.978415296e-03	6.590246751e-17
-9.800000000e-02	2.723231092e+00	-4.327299935e-03	6.379871983e-17
-9.900000000e-02	2.723243157e+00	-4.676182881e-03	3.495321433e-17
-1.000000000e-01	2.723255267e+00	-5.025064126e-03	2.585184800e-17
-1.010000000e-01	2.723267422e+00	-5.373943645e-03	2.366331014e-17
-1.020000000e-01	2.723279621e+00	-5.722821436e-03	3.235618674e-17
-1.030000000e-01	2.723291865e+00	-6.071697473e-03	5.748768450e-17
-1.040000000e-01	2.723304154e+00	-6.420571736e-03	3.462078059e-17
-1.050000000e-01	2.723316487e+00	-6.769444211e-03	1.395660637e-17
-1.060000000e-01	2.723328865e+00	-7.118314881e-03	2.417363419e-17
-1.070000000e-01	2.723341288e+00	-7.467183728e-03	2.218316571e-17
-1.080000000e-01	2.723353756e+00	-7.816050740e-03	8.719279996e-17
-1.090000000e-01	2.723366268e+00	-8.164915885e-03	2.286502442e-17
-1.100000000e-01	2.723378825e+00	-8.513779164e-03	3.474493435e-17
-1.110000000e-01	2.723391427e+00	-8.862640549e-03	5.145985956e-17
-1.120000000e-01	2.723404073e+00	-9.211500023e-03	6.301706478e-17
-1.130000000e-01	2.723416764e+00	-9.560357578e-03	2.658919510e-17
-1.140000000e-01	2.723429500e+00	-9.909213190e-03	3.455561081e-17
-1.150000000e-01	2.723442280e+00	-1.025806684e-02	2.487592089e-17
-1.160000000e-01	2.723455105e+00	-1.060691851e-02	1.847287315e-17
-1.170000000e-01	2.723467975e+00	-1.095576819e-02	5.312929863e-17
-1.180000000e-01	2.723480889e+00	-1.130461586e-02	4.701661769e-17
-1.190000000e-01	2.723493849e+00	-1.165346150e-02	1.741102437e-17
-1.200000000e-01	2.723506852e+00	-1.200230510e-02	6.857349830e-17
-1.210000000e-01	2.723519901e+00	-1.235114663e-02	2.361219282e-17
-1.220000000e-01	2.723532994e+00	-1.269998608e-02	5.630302995e-17
-1.230000000e-01	2.723546132e+00	-1.304882343e-02	4.429770195e-17
-1.240000000e-01	2.723559314e+00	-1.339765868e-02	1.883934667e-17
-1.250000000e-01	2.723572541e+00	-1.374649178e-02	6.770877705e-17
-1.260000000e-01	2.723585813e+00	-1.409532275e-02	6.430918207e-17
-1.270000000e-01	2.723599130e+00	-1.444415155e-02	4.258040496e-17
-1.280000000e-01	2.723612491e+00	-1.479297816e-02	4.340636141e-17
-1.290000000e-01	2.723625897e+00	-1.514180258e-02	4.027502806e-17
-1.300000000e-01	2.723639347e+00	-1.549062477e-02	6.756980688e-17
-1.310000000e-01	2.723652842e+00	-1.583944474e-02	2.391654177e-17
-1.320000000e-01	2.723666382e+00	-1.618826245e-02	7.818277951e-17
-1.330000000e-01	2.723679967e+00	-1.653707790e-02	2.799993389e-17
-1.340000000e-01	2.723693596e+00	-1.688589106e-02	4.806760185e-17
-1.350000000e-01	2.723707269e+00	-1.723470192e-02	1.320417726e-17
-1.360000000e-01	2.723720988e+00	-1.758351046e-02	4.699327735e-17
-1.370000000e-01	2.723734751e+00	-1.793231665e-02	3.912682281e-17
-1.380000000e-01	2.723748559e+00	-1.828112051e-02	2.437191966e-17
-1.390000000e-01	2.723762411e+00	-1.862992198e-02	4.153882499e-17
-1.400000000e-01	2.723776308e+00	-1.897872107e-02	3.247291780e-17
-1.410000000e-01	2.723790250e+00	-1.932751775e-02	1.681037543e-17
-1.420000000e-01	2.723804236e+00	-1.967631201e-02	2.212874582e-17
-1.430000000e-01	2.723818267e+00	-2.002510383e-02	2.269655247e-17
-1.440000000e-01	2.723832343e+00	-2.037389320e-02	4.477602102e-17
-1.450000000e-01	2.723846463e+00	-2.072268009e-02	8.360303559e-18
-1.460000000e-01	2.723860628e+00	-2.107146449e-02	4.194390216e-17
-1.470000000e-01	2.723874837e+00	-2.142024639e-02	3.767033466e-17
-1.480000000e-01	2.723889092e+00	-2.176902576e-02	2.871831954e-17
-1.490000000e-01	2.723903390e+00	-2.211780258e-02	3.218458180e-17
-1.500000000e-01	2.723917734e+00	-2.246657686e-02	4.836795917e-17
-1.510000000e-01	2.723932122e+00	-2.281534854e-02	5.213786371e-17
-1.520000000e-01	2.723946555e+00	-2.316411764e-02	1.014779577e-17
-1.530000000e-01	2.723961032e+00	-2.351288413e-02	3.937785121e-17
-1.540000000e-01	2.723975554e+00	-2.386164799e-02	7.050722211e-18
-1.550000000e-01	2.723990121e+00	-2.421040921e-02	5.261429761e-17
-1.560000000e-01	2.724004732e+00	-2.455916776e-02	1.875355543e-17
-1.570000000e-01	2.724019388e+00	-2.490792364e-02	3.403422318e-17
-1.580000000e-01	2.724034088e+00	-2.525667682e-02	2.820419084e-17
-1.590000000e-01	2.724048833e+00	-2.560542728e-02	2.572785800e-17
-1.600000000e-01	2.724063623e+00	-2.595417502e-02	4.970677075e-17
-1.610000000e-01	2.724078457e+00	-2.630292001e-02	2.443142382e-17
-1.620000000e-01	2.724093336e+00	-2.665166224e-02	5.327968614e-17
-1.630000000e-01	2.724108260e+00	-2.700040168e-02	5.556413051e-18
-1.640000000e-01	2.724123228e+00	-2.734913833e-02	3.525895156e-17
-1.650000000e-01	2.724138240e+00	-2.769787216e-02	5.826694281e-17
-1.660000000e-01	2.724153298e+00	-2.804660316e-02	9.761626687e-18
-1.670000000e-01	2.724168400e+00	-2.839533130e-02	4.206071923e-17
-1.680000000e-01	2.724183546e+00	-2.874405658e-02	6.168828646e-17
-1.690000000e-01	2.724198737e+00	-2.909277898e-02	3.049472517e-17
-1.700000000e-01	2.724213973e+00	-2.944149848e-02	1.864431608e-17
-1.710000000e-01	2.724229254e+00	-2.979021506e-02	5.543011891e-17
-1.720000000e-01	2.724244578e+00	-3.013892870e-02	4.214930372e-17
-1.730000000e-01	2.724259948e+00	-3.048763939e-02	5.905657057e-17
-1.740000000e-01	2.724275362e+00	-3.083634712e-02	5.902959516e-17
-1.750000000e-01	2.724290821e+00	-3.118505185e-02	5.824559262e-17
-1.760000000e-01	2.724306324e+00	-3.153375359e-02	4.495473676e-17
-1.770000000e-01	2.724321872e+00	-3.188245230e-02	2.456287062e-17
-1.780000000e-01	2.724337464e+00	-3.223114798e-02	3.057670801e-17
-1.790000000e-01	2.724353102e+00	-3.257984060e-02	3.821872231e-17
-1.800000000e-01	2.724368783e+00	-3.292853015e-02	9.171024431e-18
-1.810000000e-01	2.724384509e+00	-3.327721661e-02	3.726417355e-17
-1.820000000e-01	2.724400280e+00	-3.362589998e-02	6.596887679e-17
-1.830000000e-01	2.724416096e+00	-3.397458021e-02	2.712918623e-17
-1.840000000e-01	2.724431955e+00	-3.432325730e-02	2.090813931e-17
-1.850000000e-01	2.724447860e+00	-3.467193124e-02	3.405483273e-17
-1.860000000e-01	2.724463809e+00	-3.502060200e-02	2.987934330e-17
-1.870000000e-01	2.724479803e+00	-3.536926957e-02	2.332853211e-17
-1.880000000e-01	2.724495841e+00	-3.571793394e-02	4.323695315e-17
-1.890000000e-01	2.724511924e+00	-3.606659508e-02	3.730012963e-17
-1.900000000e-01	2.724528051e+00	-3.641525298e-02	3.849028703e-17
-1.910000000e-01	2.724544223e+00	-3.676390761e-02	4.477762496e-17
-1.920000000e-01	2.724560439e+00	-3.711255898e-02	6.115845813e-18
-1.930000000e-01	2.724576700e+00	-3.746120705e-02	3.170339183e-17
-1.940000000e-01	2.724593006e+00	-3.780985182e-02	5.253673561e-17
-1.950000000e-01	2.724609356e+00	-3.815849325e-02	4.127843178e-17
-1.960000000e-01	2.724625750e+00	-3.850713134e-02	3.044593852e-17
-1.970000000e-01	2.724642190e+00	-3.885576606e-02	1.354196118e-17
-1.980000000e-01	2.724658673e+00	-3.920439742e-02	5.995424796e-17
-1.990000000e-01	2.724675201e+00	-3.955302537e-02	3.857109050e-17
-2.000000000e-01	2.724691774e+00	-3.990164991e-02	2.317220656e-17
-2.010000000e-01	2.724708392e+00	-4.025027103e-02	1.622691961e-17
-2.020000000e-01	2.724725053e+00	-4.059888869e-02	3.011431711e-17
-2.030000000e-01	2.724741760e+00	-4.094750290e-02	4.289155849e-17
-2.040000000e-01	2.724758511e+00	-4.129611362e-02	5.774394171e-17
-2.050000000e-01	2.724775306e+00	-4.164472085e-02	7.692062874e-17
-2.060000000e-01	2.724792146e+00	-4.199332457e-02	5.097298812e-17
-2.070000000e-01	2.724809031e+00	-4.234192474e-02	2.552567849e-17
-2.080000000e-01	2.724825960e+00	-4.269052138e-02	5.446743908e-17
-2.090000000e-01	2.724842933e+00	-4.303911445e-02	3.262192491e-17
-2.100000000e-01	2.724859951e+00	-4.338770394e-02	2.518842857e-17
-2.110000000e-01	2.724877014e+00	-4.373628982e-02	2.989954581e-17
-2.120000000e-01	2.724894121e+00	-4.408487210e-02	5.170312097e-17
-2.130000000e-01	2.724911272e+00	-4.443345073e-02	4.567663027e-17
-2.140000000e-01	2.724928468e+00	-4.478202572e-02	2.946546246e-17
-2.150000000e-01	2.724945709e+00	-4.513059704e-02	4.611322608e-17
-2.160000000e-01	2.724962994e+00	-4.547916467e-02	4.682052928e-17
-2.170000000e-01	2.724980324e+00	-4.582772861e-02	3.479507374e-17
-2.180000000e-01	2.724997698e+00	-4.617628883e-02	2.838335922e-17
-2.190000000e-01	2.725015116e+00	-4.652484531e-02	6.432904301e-17
-2.200000000e-01	2.725032579e+00	-4.687339804e-02	3.007484506e-17
-2.210000000e-01	2.725050087e+00	-4.722194700e-02	3.811937538e-17
-2.220000000e-01	2.725067639e+00	-4.757049218e-02	2.305144136e-17
-2.230000000e-01	2.725085236e+00	-4.791903355e-02	5.638615730e-17
-2.240000000e-01	2.725102877e+00	-4.826757110e-02	5.877094370e-17
-2.250000000e-01	2.725120562e+00	-4.861610481e-02	4.810328897e-17
-2.260000000e-01	2.725138292e+00	-4.896463467e-02	3.859992438e-17
-2.270000000e-01	2.725156066e+00	-4.931316067e-02	2.705370289e-17
-2.280000000e-01	2.725173885e+00	-4.966168277e-02	4.885604853e-17
-2.290000000e-01	2.725191749e+00	-5.001020097e-02	4.641634287e-17
-2.300000000e-01	2.725209657e+00	-5.035871524e-02	2.191083794e-17
-2.310000000e-01	2.725227609e+00	-5.070722558e-02	4.498919624e-17
-2.320000000e-01	2.725245606e+00	-5.105573196e-02	9.303563414e-18
-2.330000000e-01	2.725263647e+00	-5.140423437e-02	5.282323752e-17
-2.340000000e-01	2.725281733e+00	-5.175273279e-02	1.255281783e-17
-2.350000000e-01	2.725299863e+00	-5.210122720e-02	1.911394853e-17
-2.360000000e-01	2.725318037e+00	-5.244971759e-02	2.423263801e-17
-2.370000000e-01	2.725336256e+00	-5.279820394e-02	3.761601690e-17
-2.380000000e-01	2.725354520e+00	-5.314668623e-02	4.593397747e-17
-2.390000000e-01	2.725372828e+00	-5.349516445e-02	1.546815694e-17
-2.400000000e-01	2.725391180e+00	-5.384363858e-02	1.409581403e-17
-2.410000000e-01	2.725409577e+00	-5.419210859e-02	5.066396242e-17
-2.420000000e-01	2.725428018e+00	-5.454057449e-02	2.564858463e-17
-2.430000000e-01	2.725446504e+00	-5.488903624e-02	2.013511800e-17
-2.440000000e-01	2.725465034e+00	-5.523749384e-02	2.640391166e-17
-2.450000000e-01	2.725483609e+00	-5.558594725e-02	2.900945201e-17
-2.460000000e-01	2.725502228e+00	-5.593439648e-02	3.702023901e-17
-2.470000000e-01	2.725520891e+00	-5.628284150e-02	2.571173563e-17
-2.480000000e-01	2.725539599e+00	-5.663128228e-02	3.047242117e-17
-2.490000000e-01	2.725558351e+00	-5.697971883e-02	3.969624738e-17
-2.500000000e-01	2.725577148e+00	-5.732815111e-02	3.505387083e-17
