# Im(epsi1)     Re(Lambda)      Im(Lambda)      Eq(det).Opt det SIN kz, R=0.5 \mum, Re(epsi1)=4.90solve_det_sinkz_vs_mu.py
0.000000000e+00	2.042624128e+01	6.105116829e-02	1.509591918e-21
-1.000000000e-04	2.042624165e+01	6.079199353e-02	1.771530061e-21
-2.000000000e-04	2.042624202e+01	6.053281876e-02	1.439751433e-21
-3.000000000e-04	2.042624240e+01	6.027364398e-02	1.905748093e-21
-4.000000000e-04	2.042624278e+01	6.001446921e-02	2.776874327e-21
-5.000000000e-04	2.042624316e+01	5.975529444e-02	1.006142309e-21
-6.000000000e-04	2.042624355e+01	5.949611966e-02	1.158758333e-21
-7.000000000e-04	2.042624394e+01	5.923694488e-02	1.932931586e-21
-8.000000000e-04	2.042624433e+01	5.897777011e-02	2.180928813e-21
-9.000000000e-04	2.042624472e+01	5.871859533e-02	1.118910558e-21
-1.000000000e-03	2.042624512e+01	5.845942055e-02	1.793590016e-21
-1.100000000e-03	2.042624553e+01	5.820024576e-02	9.398406063e-22
-1.200000000e-03	2.042624593e+01	5.794107098e-02	2.179793290e-21
-1.300000000e-03	2.042624634e+01	5.768189619e-02	1.415777524e-21
-1.400000000e-03	2.042624675e+01	5.742272141e-02	1.296597963e-21
-1.500000000e-03	2.042624717e+01	5.716354663e-02	1.666118328e-21
-1.600000000e-03	2.042624759e+01	5.690437184e-02	1.952880154e-21
-1.700000000e-03	2.042624801e+01	5.664519706e-02	9.991689020e-22
-1.800000000e-03	2.042624843e+01	5.638602227e-02	1.609464530e-21
-1.900000000e-03	2.042624886e+01	5.612684748e-02	2.284096885e-21
-2.000000000e-03	2.042624929e+01	5.586767269e-02	2.049302876e-21
-2.100000000e-03	2.042624973e+01	5.560849791e-02	1.892851348e-21
-2.200000000e-03	2.042625017e+01	5.534932312e-02	1.820484556e-21
-2.300000000e-03	2.042625061e+01	5.509014833e-02	1.824392515e-21
-2.400000000e-03	2.042625106e+01	5.483097355e-02	2.480226670e-21
-2.500000000e-03	2.042625150e+01	5.457179877e-02	1.640642008e-21
-2.600000000e-03	2.042625196e+01	5.431262399e-02	1.727634071e-21
-2.700000000e-03	2.042625241e+01	5.405344920e-02	1.595364316e-21
-2.800000000e-03	2.042625287e+01	5.379427442e-02	1.091555176e-21
-2.900000000e-03	2.042625333e+01	5.353509963e-02	2.177326649e-21
-3.000000000e-03	2.042625379e+01	5.327592486e-02	1.166433446e-21
-3.100000000e-03	2.042625426e+01	5.301675008e-02	2.717734317e-21
-3.200000000e-03	2.042625473e+01	5.275757531e-02	2.158908064e-21
-3.300000000e-03	2.042625521e+01	5.249840053e-02	1.517464356e-21
-3.400000000e-03	2.042625569e+01	5.223922576e-02	1.023108989e-21
-3.500000000e-03	2.042625617e+01	5.198005098e-02	2.262951548e-21
-3.600000000e-03	2.042625665e+01	5.172087621e-02	1.810597244e-21
-3.700000000e-03	2.042625714e+01	5.146170145e-02	1.469958731e-21
-3.800000000e-03	2.042625763e+01	5.120252669e-02	1.165466107e-21
-3.900000000e-03	2.042625813e+01	5.094335192e-02	2.543669555e-21
-4.000000000e-03	2.042625862e+01	5.068417717e-02	2.970943291e-21
-4.100000000e-03	2.042625912e+01	5.042500240e-02	2.335498991e-21
-4.200000000e-03	2.042625963e+01	5.016582765e-02	2.186896439e-21
-4.300000000e-03	2.042626014e+01	4.990665290e-02	1.851277777e-21
-4.400000000e-03	2.042626065e+01	4.964747815e-02	1.414446303e-21
-4.500000000e-03	2.042626116e+01	4.938830340e-02	1.809541198e-21
-4.600000000e-03	2.042626168e+01	4.912912866e-02	5.928578897e-22
-4.700000000e-03	2.042626220e+01	4.886995392e-02	2.070970931e-21
-4.800000000e-03	2.042626272e+01	4.861077920e-02	2.002258967e-21
-4.900000000e-03	2.042626325e+01	4.835160446e-02	1.798546321e-21
-5.000000000e-03	2.042626378e+01	4.809242974e-02	2.216118118e-21
-5.100000000e-03	2.042626431e+01	4.783325501e-02	1.403840466e-21
-5.200000000e-03	2.042626485e+01	4.757408029e-02	1.656646201e-21
-5.300000000e-03	2.042626539e+01	4.731490557e-02	1.084637173e-21
-5.400000000e-03	2.042626594e+01	4.705573087e-02	1.027001279e-21
-5.500000000e-03	2.042626648e+01	4.679655615e-02	2.181967727e-21
-5.600000000e-03	2.042626703e+01	4.653738145e-02	1.466851033e-21
-5.700000000e-03	2.042626759e+01	4.627820676e-02	1.195548538e-21
-5.800000000e-03	2.042626814e+01	4.601903207e-02	1.930874100e-21
-5.900000000e-03	2.042626870e+01	4.575985738e-02	2.016926370e-21
-6.000000000e-03	2.042626927e+01	4.550068270e-02	1.721162361e-21
-6.100000000e-03	2.042626983e+01	4.524150802e-02	8.579062115e-22
-6.200000000e-03	2.042627040e+01	4.498233335e-02	1.532486467e-21
-6.300000000e-03	2.042627098e+01	4.472315868e-02	2.188543336e-21
-6.400000000e-03	2.042627155e+01	4.446398402e-02	1.470471390e-21
-6.500000000e-03	2.042627213e+01	4.420480936e-02	9.522107207e-22
-6.600000000e-03	2.042627272e+01	4.394563471e-02	1.437764336e-21
-6.700000000e-03	2.042627330e+01	4.368646007e-02	1.741181277e-21
-6.800000000e-03	2.042627389e+01	4.342728543e-02	1.967511206e-21
-6.900000000e-03	2.042627449e+01	4.316811080e-02	3.014463886e-21
-7.000000000e-03	2.042627508e+01	4.290893618e-02	2.594473477e-21
-7.100000000e-03	2.042627568e+01	4.264976156e-02	9.872484134e-22
-7.200000000e-03	2.042627628e+01	4.239058694e-02	2.065389847e-21
-7.300000000e-03	2.042627689e+01	4.213141234e-02	1.888827232e-21
-7.400000000e-03	2.042627750e+01	4.187223774e-02	2.118446311e-21
-7.500000000e-03	2.042627811e+01	4.161306315e-02	1.940310846e-21
-7.600000000e-03	2.042627873e+01	4.135388856e-02	5.941396422e-22
-7.700000000e-03	2.042627935e+01	4.109471398e-02	1.324031850e-21
-7.800000000e-03	2.042627997e+01	4.083553942e-02	1.607517158e-21
-7.900000000e-03	2.042628060e+01	4.057636485e-02	1.267117604e-21
-8.000000000e-03	2.042628123e+01	4.031719030e-02	1.841752255e-21
-8.100000000e-03	2.042628186e+01	4.005801575e-02	2.117054977e-21
-8.200000000e-03	2.042628249e+01	3.979884121e-02	1.421991676e-21
-8.300000000e-03	2.042628313e+01	3.953966668e-02	2.073820106e-21
-8.400000000e-03	2.042628378e+01	3.928049215e-02	1.389566545e-21
-8.500000000e-03	2.042628442e+01	3.902131764e-02	1.617634162e-21
-8.600000000e-03	2.042628507e+01	3.876214313e-02	1.946532123e-21
-8.700000000e-03	2.042628572e+01	3.850296863e-02	2.963566625e-21
-8.800000000e-03	2.042628638e+01	3.824379414e-02	1.823585337e-21
-8.900000000e-03	2.042628704e+01	3.798461966e-02	1.869911829e-21
-9.000000000e-03	2.042628770e+01	3.772544519e-02	1.643505037e-21
-9.100000000e-03	2.042628836e+01	3.746627072e-02	1.593586747e-21
-9.200000000e-03	2.042628903e+01	3.720709627e-02	1.708730736e-21
-9.300000000e-03	2.042628970e+01	3.694792182e-02	2.036332334e-21
-9.400000000e-03	2.042629038e+01	3.668874738e-02	1.569748679e-21
-9.500000000e-03	2.042629106e+01	3.642957295e-02	2.027210878e-21
-9.600000000e-03	2.042629174e+01	3.617039854e-02	1.217753879e-21
-9.700000000e-03	2.042629243e+01	3.591122413e-02	2.492451491e-21
-9.800000000e-03	2.042629311e+01	3.565204973e-02	7.908627389e-22
-9.900000000e-03	2.042629381e+01	3.539287535e-02	1.913894619e-21
-1.000000000e-02	2.042629450e+01	3.513370096e-02	1.279389658e-21
-1.010000000e-02	2.042629520e+01	3.487452659e-02	1.887906360e-21
-1.020000000e-02	2.042629590e+01	3.461535224e-02	9.306212949e-22
-1.030000000e-02	2.042629661e+01	3.435617789e-02	2.557434296e-21
-1.040000000e-02	2.042629731e+01	3.409700355e-02	3.052737336e-21
-1.050000000e-02	2.042629802e+01	3.383782923e-02	1.414099423e-21
-1.060000000e-02	2.042629874e+01	3.357865491e-02	2.377941703e-21
-1.070000000e-02	2.042629946e+01	3.331948061e-02	1.929303447e-21
-1.080000000e-02	2.042630018e+01	3.306030631e-02	2.056866304e-21
-1.090000000e-02	2.042630090e+01	3.280113203e-02	2.041687302e-21
-1.100000000e-02	2.042630163e+01	3.254195776e-02	1.698041901e-21
-1.110000000e-02	2.042630236e+01	3.228278350e-02	1.972332446e-21
-1.120000000e-02	2.042630310e+01	3.202360926e-02	2.053601473e-21
-1.130000000e-02	2.042630383e+01	3.176443502e-02	1.520382063e-21
-1.140000000e-02	2.042630458e+01	3.150526079e-02	1.269207847e-21
-1.150000000e-02	2.042630532e+01	3.124608658e-02	1.838348112e-21
-1.160000000e-02	2.042630607e+01	3.098691238e-02	1.335406406e-21
-1.170000000e-02	2.042630682e+01	3.072773819e-02	2.413493381e-21
-1.180000000e-02	2.042630757e+01	3.046856401e-02	1.803128066e-21
-1.190000000e-02	2.042630833e+01	3.020938985e-02	1.951781606e-21
-1.200000000e-02	2.042630909e+01	2.995021570e-02	1.965938483e-21
-1.210000000e-02	2.042630985e+01	2.969104156e-02	2.387819912e-21
-1.220000000e-02	2.042631062e+01	2.943186743e-02	1.804267458e-21
-1.230000000e-02	2.042631139e+01	2.917269332e-02	1.822673615e-21
-1.240000000e-02	2.042631217e+01	2.891351923e-02	2.202990406e-21
-1.250000000e-02	2.042631294e+01	2.865434514e-02	2.264944684e-21
-1.260000000e-02	2.042631372e+01	2.839517106e-02	1.331294326e-21
-1.270000000e-02	2.042631451e+01	2.813599701e-02	1.030849167e-21
-1.280000000e-02	2.042631529e+01	2.787682296e-02	1.674641344e-21
-1.290000000e-02	2.042631608e+01	2.761764893e-02	1.475893361e-21
-1.300000000e-02	2.042631688e+01	2.735847491e-02	2.183736539e-21
-1.310000000e-02	2.042631767e+01	2.709930090e-02	2.329032983e-21
-1.320000000e-02	2.042631847e+01	2.684012691e-02	2.452028263e-21
-1.330000000e-02	2.042631928e+01	2.658095294e-02	1.907803455e-21
-1.340000000e-02	2.042632009e+01	2.632177897e-02	3.521472712e-21
-1.350000000e-02	2.042632090e+01	2.606260502e-02	1.455292034e-21
-1.360000000e-02	2.042632171e+01	2.580343109e-02	1.352206817e-21
-1.370000000e-02	2.042632253e+01	2.554425717e-02	1.635394416e-21
-1.380000000e-02	2.042632334e+01	2.528508327e-02	1.251159396e-21
-1.390000000e-02	2.042632417e+01	2.502590938e-02	1.959379133e-21
-1.400000000e-02	2.042632499e+01	2.476673551e-02	1.215114529e-21
-1.410000000e-02	2.042632582e+01	2.450756165e-02	2.246753382e-21
-1.420000000e-02	2.042632666e+01	2.424838780e-02	1.744360445e-21
-1.430000000e-02	2.042632749e+01	2.398921398e-02	2.687540060e-21
-1.440000000e-02	2.042632833e+01	2.373004016e-02	1.752958580e-21
-1.450000000e-02	2.042632918e+01	2.347086636e-02	2.180087765e-21
-1.460000000e-02	2.042633002e+01	2.321169259e-02	1.913613306e-21
-1.470000000e-02	2.042633087e+01	2.295251882e-02	1.438575531e-21
-1.480000000e-02	2.042633172e+01	2.269334507e-02	1.389129845e-21
-1.490000000e-02	2.042633258e+01	2.243417134e-02	1.673459150e-21
-1.500000000e-02	2.042633344e+01	2.217499762e-02	2.361212449e-21
-1.510000000e-02	2.042633430e+01	2.191582392e-02	1.830138113e-21
-1.520000000e-02	2.042633517e+01	2.165665024e-02	1.811514007e-21
-1.530000000e-02	2.042633604e+01	2.139747657e-02	1.945242943e-21
-1.540000000e-02	2.042633691e+01	2.113830293e-02	1.630931321e-21
-1.550000000e-02	2.042633779e+01	2.087912929e-02	1.559595578e-21
-1.560000000e-02	2.042633867e+01	2.061995567e-02	1.120266928e-21
-1.570000000e-02	2.042633955e+01	2.036078208e-02	2.037990585e-21
-1.580000000e-02	2.042634043e+01	2.010160849e-02	1.098750555e-21
-1.590000000e-02	2.042634132e+01	1.984243493e-02	1.043168885e-21
-1.600000000e-02	2.042634221e+01	1.958326138e-02	1.597817247e-21
-1.610000000e-02	2.042634311e+01	1.932408786e-02	1.685950170e-21
-1.620000000e-02	2.042634401e+01	1.906491434e-02	1.690250268e-21
-1.630000000e-02	2.042634491e+01	1.880574085e-02	1.203553722e-21
-1.640000000e-02	2.042634582e+01	1.854656738e-02	9.707714499e-22
-1.650000000e-02	2.042634672e+01	1.828739392e-02	1.977540757e-21
-1.660000000e-02	2.042634764e+01	1.802822048e-02	1.325435784e-21
-1.670000000e-02	2.042634855e+01	1.776904705e-02	2.181078856e-21
-1.680000000e-02	2.042634947e+01	1.750987365e-02	1.808839773e-21
-1.690000000e-02	2.042635039e+01	1.725070027e-02	1.607461907e-21
-1.700000000e-02	2.042635132e+01	1.699152691e-02	1.748503715e-21
-1.710000000e-02	2.042635225e+01	1.673235356e-02	8.090197671e-22
-1.720000000e-02	2.042635318e+01	1.647318024e-02	2.555461337e-21
-1.730000000e-02	2.042635411e+01	1.621400693e-02	1.016549242e-21
-1.740000000e-02	2.042635505e+01	1.595483365e-02	2.011912210e-21
-1.750000000e-02	2.042635599e+01	1.569566038e-02	1.429971683e-21
-1.760000000e-02	2.042635694e+01	1.543648712e-02	9.627251770e-22
-1.770000000e-02	2.042635789e+01	1.517731390e-02	1.145258455e-21
-1.780000000e-02	2.042635884e+01	1.491814069e-02	2.513731624e-21
-1.790000000e-02	2.042635979e+01	1.465896750e-02	1.480860172e-21
-1.800000000e-02	2.042636075e+01	1.439979433e-02	1.396935325e-21
-1.810000000e-02	2.042636171e+01	1.414062118e-02	2.015824739e-21
-1.820000000e-02	2.042636268e+01	1.388144805e-02	2.192515310e-21
-1.830000000e-02	2.042636364e+01	1.362227494e-02	2.744972598e-21
-1.840000000e-02	2.042636461e+01	1.336310186e-02	1.480936039e-21
-1.850000000e-02	2.042636559e+01	1.310392879e-02	1.081748645e-21
-1.860000000e-02	2.042636657e+01	1.284475575e-02	2.075230107e-21
-1.870000000e-02	2.042636755e+01	1.258558272e-02	2.237532740e-21
-1.880000000e-02	2.042636853e+01	1.232640971e-02	1.917630313e-21
-1.890000000e-02	2.042636952e+01	1.206723673e-02	1.571932814e-21
-1.900000000e-02	2.042637051e+01	1.180806377e-02	7.853026703e-22
-1.910000000e-02	2.042637150e+01	1.154889083e-02	2.704239668e-21
-1.920000000e-02	2.042637250e+01	1.128971791e-02	1.450125011e-21
-1.930000000e-02	2.042637350e+01	1.103054502e-02	2.198030647e-21
-1.940000000e-02	2.042637451e+01	1.077137213e-02	2.358265314e-21
-1.950000000e-02	2.042637551e+01	1.051219928e-02	2.132400317e-21
-1.960000000e-02	2.042637652e+01	1.025302645e-02	2.434249137e-21
-1.970000000e-02	2.042637754e+01	9.993853646e-03	1.833167216e-21
-1.980000000e-02	2.042637856e+01	9.734680855e-03	2.650730299e-21
-1.990000000e-02	2.042637958e+01	9.475508091e-03	1.386542337e-21
-2.000000000e-02	2.042638060e+01	9.216335347e-03	1.760788550e-21
-2.010000000e-02	2.042638163e+01	8.957162629e-03	2.331215657e-21
-2.020000000e-02	2.042638266e+01	8.697989935e-03	1.566738668e-21
-2.030000000e-02	2.042638369e+01	8.438817261e-03	1.690017750e-21
-2.040000000e-02	2.042638473e+01	8.179644611e-03	1.432969089e-21
-2.050000000e-02	2.042638577e+01	7.920471982e-03	1.388389248e-21
-2.060000000e-02	2.042638681e+01	7.661299380e-03	1.421946811e-21
-2.070000000e-02	2.042638786e+01	7.402126802e-03	1.922080533e-21
-2.080000000e-02	2.042638891e+01	7.142954241e-03	1.542047671e-21
-2.090000000e-02	2.042638996e+01	6.883781712e-03	1.679414397e-21
-2.100000000e-02	2.042639102e+01	6.624609203e-03	2.177814269e-21
-2.110000000e-02	2.042639208e+01	6.365436712e-03	1.589242642e-21
-2.120000000e-02	2.042639314e+01	6.106264253e-03	1.561751654e-21
-2.130000000e-02	2.042639421e+01	5.847091819e-03	2.069985990e-21
-2.140000000e-02	2.042639528e+01	5.587919405e-03	1.607433987e-21
-2.150000000e-02	2.042639635e+01	5.328747015e-03	1.955520713e-21
-2.160000000e-02	2.042639743e+01	5.069574648e-03	1.694277114e-21
-2.170000000e-02	2.042639851e+01	4.810402314e-03	1.983432464e-21
-2.180000000e-02	2.042639959e+01	4.551229997e-03	1.453805332e-21
-2.190000000e-02	2.042640068e+01	4.292057711e-03	2.126294566e-21
-2.200000000e-02	2.042640176e+01	4.032885439e-03	1.680471314e-21
-2.210000000e-02	2.042640286e+01	3.773713205e-03	1.430932472e-21
-2.220000000e-02	2.042640395e+01	3.514540992e-03	1.238539182e-21
-2.230000000e-02	2.042640505e+01	3.255368798e-03	1.572510007e-21
-2.240000000e-02	2.042640616e+01	2.996196639e-03	2.268121365e-21
-2.250000000e-02	2.042640726e+01	2.737024505e-03	2.564222307e-21
-2.260000000e-02	2.042640837e+01	2.477852390e-03	1.561667737e-21
-2.270000000e-02	2.042640948e+01	2.218680302e-03	2.110651389e-21
-2.280000000e-02	2.042641060e+01	1.959508243e-03	1.869019093e-21
-2.290000000e-02	2.042641172e+01	1.700336212e-03	1.046621518e-21
-2.300000000e-02	2.042641284e+01	1.441164203e-03	1.118882599e-21
-2.310000000e-02	2.042641397e+01	1.181992222e-03	1.158902575e-21
-2.320000000e-02	2.042641510e+01	9.228202715e-04	1.304169012e-21
-2.330000000e-02	2.042641623e+01	6.636483454e-04	1.781793914e-21
-2.340000000e-02	2.042641736e+01	4.044764444e-04	3.536615550e-21
-2.350000000e-02	2.042641850e+01	1.453045668e-04	1.432851540e-21
-2.360000000e-02	2.042641964e+01	-1.138672760e-04	1.388196457e-21
-2.370000000e-02	2.042642079e+01	-3.730390990e-04	1.600090679e-21
-2.380000000e-02	2.042642194e+01	-6.322108891e-04	1.890254652e-21
-2.390000000e-02	2.042642309e+01	-8.913826568e-04	2.412635551e-21
-2.400000000e-02	2.042642425e+01	-1.150554391e-03	2.064031283e-21
-2.410000000e-02	2.042642540e+01	-1.409726097e-03	1.782824410e-21
-2.420000000e-02	2.042642657e+01	-1.668897781e-03	1.266427606e-21
-2.430000000e-02	2.042642773e+01	-1.928069431e-03	1.864033148e-21
-2.440000000e-02	2.042642890e+01	-2.187241061e-03	1.244733148e-21
-2.450000000e-02	2.042643007e+01	-2.446412658e-03	1.043821495e-21
-2.460000000e-02	2.042643125e+01	-2.705584224e-03	2.070489329e-21
-2.470000000e-02	2.042643242e+01	-2.964755768e-03	1.995886752e-21
-2.480000000e-02	2.042643361e+01	-3.223927275e-03	1.968243206e-21
-2.490000000e-02	2.042643479e+01	-3.483098756e-03	2.621597845e-21
-2.500000000e-02	2.042643598e+01	-3.742270214e-03	2.485170559e-21
