# Im(epsi1)     Re(Lambda)      Im(Lambda)      Eq(det).Opt det SIN kz, R=0.5 \mum, Re(epsi1)=4.90solve_det_sinkz_vs_mu.py
0.000000000e+00	1.452855623e+01	1.945707055e-02	2.452594922e-20
-1.000000000e-04	1.452855643e+01	1.927210564e-02	2.179756158e-20
-2.000000000e-04	1.452855664e+01	1.908714073e-02	2.665709151e-20
-3.000000000e-04	1.452855686e+01	1.890217582e-02	3.654731990e-20
-4.000000000e-04	1.452855707e+01	1.871721091e-02	2.843301109e-20
-5.000000000e-04	1.452855729e+01	1.853224600e-02	3.856659707e-20
-6.000000000e-04	1.452855751e+01	1.834728109e-02	1.550262758e-20
-7.000000000e-04	1.452855773e+01	1.816231619e-02	2.788181231e-20
-8.000000000e-04	1.452855795e+01	1.797735127e-02	3.779718459e-20
-9.000000000e-04	1.452855818e+01	1.779238637e-02	2.600125988e-20
-1.000000000e-03	1.452855840e+01	1.760742145e-02	3.949436518e-20
-1.100000000e-03	1.452855864e+01	1.742245655e-02	2.916185613e-20
-1.200000000e-03	1.452855887e+01	1.723749164e-02	1.917513249e-20
-1.300000000e-03	1.452855910e+01	1.705252674e-02	2.393044049e-20
-1.400000000e-03	1.452855934e+01	1.686756183e-02	2.757257605e-20
-1.500000000e-03	1.452855958e+01	1.668259692e-02	3.327541391e-20
-1.600000000e-03	1.452855982e+01	1.649763202e-02	2.650739013e-20
-1.700000000e-03	1.452856007e+01	1.631266712e-02	2.189374396e-20
-1.800000000e-03	1.452856032e+01	1.612770222e-02	1.548578555e-20
-1.900000000e-03	1.452856057e+01	1.594273731e-02	2.200713465e-20
-2.000000000e-03	1.452856082e+01	1.575777242e-02	2.618986958e-20
-2.100000000e-03	1.452856107e+01	1.557280752e-02	3.215613644e-20
-2.200000000e-03	1.452856133e+01	1.538784262e-02	3.316362091e-20
-2.300000000e-03	1.452856159e+01	1.520287773e-02	3.617003379e-20
-2.400000000e-03	1.452856185e+01	1.501791284e-02	3.481821005e-20
-2.500000000e-03	1.452856211e+01	1.483294794e-02	1.737803102e-20
-2.600000000e-03	1.452856238e+01	1.464798305e-02	3.232107354e-20
-2.700000000e-03	1.452856265e+01	1.446301817e-02	3.403729071e-20
-2.800000000e-03	1.452856292e+01	1.427805328e-02	1.727406335e-20
-2.900000000e-03	1.452856319e+01	1.409308840e-02	3.177261873e-20
-3.000000000e-03	1.452856347e+01	1.390812351e-02	3.385204671e-20
-3.100000000e-03	1.452856374e+01	1.372315864e-02	1.988517394e-20
-3.200000000e-03	1.452856402e+01	1.353819376e-02	2.645079533e-20
-3.300000000e-03	1.452856431e+01	1.335322889e-02	3.405268342e-20
-3.400000000e-03	1.452856459e+01	1.316826401e-02	3.602352862e-20
-3.500000000e-03	1.452856488e+01	1.298329915e-02	2.957239279e-20
-3.600000000e-03	1.452856517e+01	1.279833428e-02	3.691146414e-20
-3.700000000e-03	1.452856546e+01	1.261336942e-02	1.847292016e-20
-3.800000000e-03	1.452856575e+01	1.242840456e-02	3.245806572e-20
-3.900000000e-03	1.452856605e+01	1.224343971e-02	2.222900588e-20
-4.000000000e-03	1.452856635e+01	1.205847485e-02	2.062082226e-20
-4.100000000e-03	1.452856665e+01	1.187351000e-02	2.643036840e-20
-4.200000000e-03	1.452856696e+01	1.168854516e-02	2.800487638e-20
-4.300000000e-03	1.452856726e+01	1.150358031e-02	2.530817385e-20
-4.400000000e-03	1.452856757e+01	1.131861547e-02	2.165341139e-20
-4.500000000e-03	1.452856788e+01	1.113365063e-02	1.967389960e-20
-4.600000000e-03	1.452856819e+01	1.094868580e-02	2.513519082e-20
-4.700000000e-03	1.452856851e+01	1.076372097e-02	2.027865579e-20
-4.800000000e-03	1.452856883e+01	1.057875614e-02	2.457419744e-20
-4.900000000e-03	1.452856915e+01	1.039379133e-02	2.591151634e-20
-5.000000000e-03	1.452856947e+01	1.020882651e-02	4.348412958e-20
-5.100000000e-03	1.452856980e+01	1.002386170e-02	3.221217753e-20
-5.200000000e-03	1.452857012e+01	9.838896887e-03	2.226402684e-20
-5.300000000e-03	1.452857045e+01	9.653932083e-03	4.002028830e-20
-5.400000000e-03	1.452857078e+01	9.468967280e-03	3.754641423e-20
-5.500000000e-03	1.452857112e+01	9.284002482e-03	2.518694493e-20
-5.600000000e-03	1.452857145e+01	9.099037695e-03	2.578268339e-20
-5.700000000e-03	1.452857179e+01	8.914072903e-03	2.888542126e-20
-5.800000000e-03	1.452857214e+01	8.729108125e-03	4.094706118e-20
-5.900000000e-03	1.452857248e+01	8.544143346e-03	2.652297136e-20
-6.000000000e-03	1.452857283e+01	8.359178576e-03	1.397618877e-20
-6.100000000e-03	1.452857317e+01	8.174213806e-03	2.663694384e-20
-6.200000000e-03	1.452857352e+01	7.989249045e-03	2.015103157e-20
-6.300000000e-03	1.452857388e+01	7.804284285e-03	3.457023454e-20
-6.400000000e-03	1.452857423e+01	7.619319543e-03	4.286586605e-20
-6.500000000e-03	1.452857459e+01	7.434354795e-03	2.453928043e-20
-6.600000000e-03	1.452857495e+01	7.249390052e-03	2.666176109e-20
-6.700000000e-03	1.452857531e+01	7.064425316e-03	3.633721901e-20
-6.800000000e-03	1.452857568e+01	6.879460586e-03	4.810345044e-20
-6.900000000e-03	1.452857605e+01	6.694495861e-03	2.280544354e-20
-7.000000000e-03	1.452857642e+01	6.509531144e-03	1.793461820e-20
-7.100000000e-03	1.452857679e+01	6.324566430e-03	3.235082173e-20
-7.200000000e-03	1.452857716e+01	6.139601725e-03	2.429088813e-20
-7.300000000e-03	1.452857754e+01	5.954637027e-03	2.797705538e-20
-7.400000000e-03	1.452857792e+01	5.769672333e-03	2.775639810e-20
-7.500000000e-03	1.452857830e+01	5.584707647e-03	2.675302273e-20
-7.600000000e-03	1.452857868e+01	5.399742966e-03	2.960118665e-20
-7.700000000e-03	1.452857907e+01	5.214778293e-03	2.739911494e-20
-7.800000000e-03	1.452857946e+01	5.029813621e-03	2.964364053e-20
-7.900000000e-03	1.452857985e+01	4.844848965e-03	2.943899743e-20
-8.000000000e-03	1.452858024e+01	4.659884302e-03	3.886201983e-20
-8.100000000e-03	1.452858064e+01	4.474919662e-03	2.528724373e-20
-8.200000000e-03	1.452858104e+01	4.289955016e-03	1.964869411e-20
-8.300000000e-03	1.452858144e+01	4.104990385e-03	1.884570366e-20
-8.400000000e-03	1.452858184e+01	3.920025761e-03	3.598963639e-20
-8.500000000e-03	1.452858224e+01	3.735061142e-03	3.023194280e-20
-8.600000000e-03	1.452858265e+01	3.550096530e-03	3.656693720e-20
-8.700000000e-03	1.452858306e+01	3.365131916e-03	3.662446419e-20
-8.800000000e-03	1.452858347e+01	3.180167327e-03	3.044726654e-20
-8.900000000e-03	1.452858389e+01	2.995202734e-03	2.164580222e-20
-9.000000000e-03	1.452858430e+01	2.810238153e-03	4.342086756e-20
-9.100000000e-03	1.452858472e+01	2.625273575e-03	1.432331239e-20
-9.200000000e-03	1.452858514e+01	2.440309010e-03	4.205168754e-20
-9.300000000e-03	1.452858557e+01	2.255344451e-03	3.631319669e-20
-9.400000000e-03	1.452858599e+01	2.070379899e-03	1.425977739e-20
-9.500000000e-03	1.452858642e+01	1.885415359e-03	3.142245521e-20
-9.600000000e-03	1.452858685e+01	1.700450825e-03	2.798397096e-20
-9.700000000e-03	1.452858729e+01	1.515486296e-03	1.203557164e-20
-9.800000000e-03	1.452858772e+01	1.330521780e-03	2.663967029e-20
-9.900000000e-03	1.452858816e+01	1.145557265e-03	2.009399815e-20
-1.000000000e-02	1.452858860e+01	9.605927691e-04	2.412538998e-20
-1.010000000e-02	1.452858904e+01	7.756282692e-04	3.406078886e-20
-1.020000000e-02	1.452858949e+01	5.906637868e-04	2.566424770e-20
-1.030000000e-02	1.452858994e+01	4.056993166e-04	2.223149269e-20
-1.040000000e-02	1.452859038e+01	2.207348466e-04	1.818424239e-20
-1.050000000e-02	1.452859084e+01	3.577039270e-05	2.462774744e-20
-1.060000000e-02	1.452859129e+01	-1.491940574e-04	1.283980523e-20
-1.070000000e-02	1.452859175e+01	-3.341584917e-04	3.158724741e-20
-1.080000000e-02	1.452859221e+01	-5.191229261e-04	3.636460548e-20
-1.090000000e-02	1.452859267e+01	-7.040873469e-04	2.512400608e-20
-1.100000000e-02	1.452859313e+01	-8.890517562e-04	3.249003921e-20
-1.110000000e-02	1.452859360e+01	-1.074016156e-03	2.696352767e-20
-1.120000000e-02	1.452859407e+01	-1.258980547e-03	2.787225682e-20
-1.130000000e-02	1.452859454e+01	-1.443944932e-03	2.323504795e-20
-1.140000000e-02	1.452859501e+01	-1.628909302e-03	2.442079077e-20
-1.150000000e-02	1.452859549e+01	-1.813873664e-03	2.930468157e-20
-1.160000000e-02	1.452859597e+01	-1.998838018e-03	1.321384749e-20
-1.170000000e-02	1.452859645e+01	-2.183802358e-03	3.686601188e-20
-1.180000000e-02	1.452859693e+01	-2.368766692e-03	2.015229434e-20
-1.190000000e-02	1.452859741e+01	-2.553731019e-03	2.249948670e-20
-1.200000000e-02	1.452859790e+01	-2.738695332e-03	3.893573231e-20
-1.210000000e-02	1.452859839e+01	-2.923659631e-03	2.071236088e-20
-1.220000000e-02	1.452859888e+01	-3.108623924e-03	3.114727730e-20
-1.230000000e-02	1.452859938e+01	-3.293588203e-03	2.668741136e-20
-1.240000000e-02	1.452859987e+01	-3.478552474e-03	3.324996291e-20
-1.250000000e-02	1.452860037e+01	-3.663516725e-03	3.415116432e-20
-1.260000000e-02	1.452860087e+01	-3.848480973e-03	3.455298271e-20
-1.270000000e-02	1.452860138e+01	-4.033445211e-03	3.364685697e-20
-1.280000000e-02	1.452860188e+01	-4.218409443e-03	3.139862146e-20
-1.290000000e-02	1.452860239e+01	-4.403373653e-03	2.758703328e-20
-1.300000000e-02	1.452860290e+01	-4.588337855e-03	1.991810606e-20
-1.310000000e-02	1.452860342e+01	-4.773302053e-03	3.749855121e-20
-1.320000000e-02	1.452860393e+01	-4.958266228e-03	2.783614976e-20
-1.330000000e-02	1.452860445e+01	-5.143230395e-03	3.652536098e-20
-1.340000000e-02	1.452860497e+01	-5.328194555e-03	1.973933512e-20
-1.350000000e-02	1.452860549e+01	-5.513158703e-03	1.123131374e-20
-1.360000000e-02	1.452860602e+01	-5.698122843e-03	4.232213593e-20
-1.370000000e-02	1.452860655e+01	-5.883086959e-03	1.323628118e-20
-1.380000000e-02	1.452860708e+01	-6.068051074e-03	3.692082119e-20
-1.390000000e-02	1.452860761e+01	-6.253015166e-03	2.353798733e-20
-1.400000000e-02	1.452860814e+01	-6.437979259e-03	4.568699466e-20
-1.410000000e-02	1.452860868e+01	-6.622943326e-03	2.824659729e-20
-1.420000000e-02	1.452860922e+01	-6.807907393e-03	4.432324964e-20
-1.430000000e-02	1.452860976e+01	-6.992871443e-03	2.039652137e-20
-1.440000000e-02	1.452861030e+01	-7.177835479e-03	2.841507894e-20
-1.450000000e-02	1.452861085e+01	-7.362799504e-03	3.141473784e-20
-1.460000000e-02	1.452861140e+01	-7.547763517e-03	2.336553265e-20
-1.470000000e-02	1.452861195e+01	-7.732727508e-03	3.639831486e-20
-1.480000000e-02	1.452861250e+01	-7.917691500e-03	1.419069793e-20
-1.490000000e-02	1.452861306e+01	-8.102655472e-03	2.089134793e-20
-1.500000000e-02	1.452861362e+01	-8.287619432e-03	3.045409385e-20
-1.510000000e-02	1.452861418e+01	-8.472583378e-03	2.902907350e-20
-1.520000000e-02	1.452861474e+01	-8.657547315e-03	1.248446341e-20
-1.530000000e-02	1.452861531e+01	-8.842511238e-03	3.181799541e-20
-1.540000000e-02	1.452861587e+01	-9.027475140e-03	2.656624384e-20
-1.550000000e-02	1.452861644e+01	-9.212439033e-03	3.636843762e-20
-1.560000000e-02	1.452861701e+01	-9.397402918e-03	3.275561222e-20
-1.570000000e-02	1.452861759e+01	-9.582366783e-03	1.954921333e-20
-1.580000000e-02	1.452861817e+01	-9.767330636e-03	1.907797671e-20
-1.590000000e-02	1.452861875e+01	-9.952294471e-03	1.432857839e-20
-1.600000000e-02	1.452861933e+01	-1.013725830e-02	2.620993881e-20
-1.610000000e-02	1.452861991e+01	-1.032222211e-02	2.536035100e-20
-1.620000000e-02	1.452862050e+01	-1.050718590e-02	2.706372526e-20
-1.630000000e-02	1.452862109e+01	-1.069214968e-02	2.672813864e-20
-1.640000000e-02	1.452862168e+01	-1.087711345e-02	3.424803029e-20
-1.650000000e-02	1.452862227e+01	-1.106207721e-02	2.755848627e-20
-1.660000000e-02	1.452862287e+01	-1.124704095e-02	2.672862284e-20
-1.670000000e-02	1.452862346e+01	-1.143200467e-02	2.949175757e-20
-1.680000000e-02	1.452862406e+01	-1.161696838e-02	2.729773169e-20
-1.690000000e-02	1.452862467e+01	-1.180193208e-02	2.693552067e-20
-1.700000000e-02	1.452862527e+01	-1.198689576e-02	2.565388344e-20
-1.710000000e-02	1.452862588e+01	-1.217185943e-02	3.057382626e-20
-1.720000000e-02	1.452862649e+01	-1.235682308e-02	3.105750324e-20
-1.730000000e-02	1.452862710e+01	-1.254178672e-02	2.311454864e-20
-1.740000000e-02	1.452862772e+01	-1.272675034e-02	2.375424719e-20
-1.750000000e-02	1.452862833e+01	-1.291171394e-02	3.170537437e-20
-1.760000000e-02	1.452862895e+01	-1.309667753e-02	2.829257907e-20
-1.770000000e-02	1.452862957e+01	-1.328164111e-02	2.041129210e-20
-1.780000000e-02	1.452863020e+01	-1.346660466e-02	2.291631601e-20
-1.790000000e-02	1.452863082e+01	-1.365156820e-02	2.808471657e-20
-1.800000000e-02	1.452863145e+01	-1.383653173e-02	1.784413973e-20
-1.810000000e-02	1.452863208e+01	-1.402149525e-02	4.040958648e-20
-1.820000000e-02	1.452863272e+01	-1.420645874e-02	8.689647494e-21
-1.830000000e-02	1.452863335e+01	-1.439142222e-02	4.665132726e-20
-1.840000000e-02	1.452863399e+01	-1.457638568e-02	3.213411510e-20
-1.850000000e-02	1.452863463e+01	-1.476134913e-02	2.762318370e-20
-1.860000000e-02	1.452863527e+01	-1.494631256e-02	2.787953859e-20
-1.870000000e-02	1.452863592e+01	-1.513127598e-02	3.225308962e-20
-1.880000000e-02	1.452863657e+01	-1.531623938e-02	2.104504906e-20
-1.890000000e-02	1.452863722e+01	-1.550120276e-02	2.798441541e-20
-1.900000000e-02	1.452863787e+01	-1.568616613e-02	2.406309545e-20
-1.910000000e-02	1.452863852e+01	-1.587112948e-02	2.496409979e-20
-1.920000000e-02	1.452863918e+01	-1.605609281e-02	3.724818642e-20
-1.930000000e-02	1.452863984e+01	-1.624105612e-02	2.709989771e-20
-1.940000000e-02	1.452864050e+01	-1.642601942e-02	2.170313389e-20
-1.950000000e-02	1.452864117e+01	-1.661098270e-02	2.644603935e-20
-1.960000000e-02	1.452864183e+01	-1.679594597e-02	1.404057805e-20
-1.970000000e-02	1.452864250e+01	-1.698090921e-02	2.834693594e-20
-1.980000000e-02	1.452864317e+01	-1.716587244e-02	1.905686328e-20
-1.990000000e-02	1.452864385e+01	-1.735083565e-02	2.024884725e-20
-2.000000000e-02	1.452864452e+01	-1.753579884e-02	2.055032707e-20
-2.010000000e-02	1.452864520e+01	-1.772076202e-02	3.648605449e-20
-2.020000000e-02	1.452864588e+01	-1.790572518e-02	2.064679955e-20
-2.030000000e-02	1.452864656e+01	-1.809068832e-02	3.712147818e-20
-2.040000000e-02	1.452864725e+01	-1.827565144e-02	2.407611606e-20
-2.050000000e-02	1.452864794e+01	-1.846061455e-02	3.974313671e-20
-2.060000000e-02	1.452864863e+01	-1.864557764e-02	2.946220521e-20
-2.070000000e-02	1.452864932e+01	-1.883054071e-02	2.464490515e-20
-2.080000000e-02	1.452865001e+01	-1.901550375e-02	3.203455840e-20
-2.090000000e-02	1.452865071e+01	-1.920046679e-02	4.224250439e-20
-2.100000000e-02	1.452865141e+01	-1.938542980e-02	3.703404557e-20
-2.110000000e-02	1.452865211e+01	-1.957039280e-02	3.039155108e-20
-2.120000000e-02	1.452865281e+01	-1.975535578e-02	3.429369704e-20
-2.130000000e-02	1.452865352e+01	-1.994031874e-02	4.149986179e-20
-2.140000000e-02	1.452865423e+01	-2.012528168e-02	1.953283796e-20
-2.150000000e-02	1.452865494e+01	-2.031024460e-02	3.001942281e-20
-2.160000000e-02	1.452865565e+01	-2.049520750e-02	2.844585522e-20
-2.170000000e-02	1.452865637e+01	-2.068017038e-02	2.164109461e-20
-2.180000000e-02	1.452865709e+01	-2.086513324e-02	4.083592111e-20
-2.190000000e-02	1.452865781e+01	-2.105009609e-02	2.434632035e-20
-2.200000000e-02	1.452865853e+01	-2.123505891e-02	2.953529798e-20
-2.210000000e-02	1.452865926e+01	-2.142002172e-02	1.085419643e-20
-2.220000000e-02	1.452865998e+01	-2.160498450e-02	1.550560503e-20
-2.230000000e-02	1.452866071e+01	-2.178994727e-02	4.573904245e-20
-2.240000000e-02	1.452866145e+01	-2.197491002e-02	4.092531958e-20
-2.250000000e-02	1.452866218e+01	-2.215987275e-02	2.491259157e-20
-2.260000000e-02	1.452866292e+01	-2.234483545e-02	2.128114933e-20
-2.270000000e-02	1.452866366e+01	-2.252979814e-02	2.408919036e-20
-2.280000000e-02	1.452866440e+01	-2.271476080e-02	3.408788565e-20
-2.290000000e-02	1.452866514e+01	-2.289972345e-02	1.891615898e-20
-2.300000000e-02	1.452866589e+01	-2.308468609e-02	3.348373337e-20
-2.310000000e-02	1.452866664e+01	-2.326964868e-02	3.354548559e-20
-2.320000000e-02	1.452866739e+01	-2.345461128e-02	2.452986780e-20
-2.330000000e-02	1.452866814e+01	-2.363957384e-02	2.066234603e-20
-2.340000000e-02	1.452866890e+01	-2.382453638e-02	1.854078480e-20
-2.350000000e-02	1.452866966e+01	-2.400949891e-02	3.010139851e-20
-2.360000000e-02	1.452867042e+01	-2.419446141e-02	1.662973538e-20
-2.370000000e-02	1.452867118e+01	-2.437942390e-02	3.129569480e-20
-2.380000000e-02	1.452867195e+01	-2.456438636e-02	2.163558057e-20
-2.390000000e-02	1.452867271e+01	-2.474934879e-02	3.870744790e-20
-2.400000000e-02	1.452867348e+01	-2.493431121e-02	4.738377714e-20
-2.410000000e-02	1.452867425e+01	-2.511927362e-02	2.003248204e-20
-2.420000000e-02	1.452867503e+01	-2.530423600e-02	3.371470595e-20
-2.430000000e-02	1.452867581e+01	-2.548919835e-02	2.236721818e-20
-2.440000000e-02	1.452867659e+01	-2.567416068e-02	2.568869413e-20
-2.450000000e-02	1.452867737e+01	-2.585912300e-02	2.329871089e-20
-2.460000000e-02	1.452867815e+01	-2.604408529e-02	2.136982086e-20
-2.470000000e-02	1.452867894e+01	-2.622904756e-02	2.627156748e-20
-2.480000000e-02	1.452867973e+01	-2.641400981e-02	2.889985270e-20
-2.490000000e-02	1.452868052e+01	-2.659897203e-02	3.573737625e-20
-2.500000000e-02	1.452868131e+01	-2.678393423e-02	3.624772006e-20
