# Im(epsi1)     Re(Lambda)      Im(Lambda)      Eq(det).Opt det SIN kz, R=0.5 \mum, Re(epsi1)=4.90solve_det_sinkz_vs_mu.py
0.000000000e+00	2.086222934e+01	6.576131374e-02	1.304546699e-21
-1.000000000e-04	2.086222973e+01	6.549669670e-02	2.200114205e-21
-2.000000000e-04	2.086223011e+01	6.523207967e-02	1.676524936e-21
-3.000000000e-04	2.086223050e+01	6.496746263e-02	1.503453836e-21
-4.000000000e-04	2.086223089e+01	6.470284559e-02	1.299414218e-21
-5.000000000e-04	2.086223128e+01	6.443822855e-02	1.659540654e-21
-6.000000000e-04	2.086223168e+01	6.417361150e-02	1.532801268e-21
-7.000000000e-04	2.086223208e+01	6.390899446e-02	1.491098969e-21
-8.000000000e-04	2.086223249e+01	6.364437741e-02	1.761333886e-21
-9.000000000e-04	2.086223289e+01	6.337976036e-02	1.852523860e-21
-1.000000000e-03	2.086223331e+01	6.311514331e-02	1.547372260e-21
-1.100000000e-03	2.086223372e+01	6.285052625e-02	1.688973382e-21
-1.200000000e-03	2.086223414e+01	6.258590920e-02	5.949605014e-22
-1.300000000e-03	2.086223456e+01	6.232129214e-02	1.410827123e-21
-1.400000000e-03	2.086223498e+01	6.205667508e-02	1.020550311e-21
-1.500000000e-03	2.086223541e+01	6.179205803e-02	1.760747081e-21
-1.600000000e-03	2.086223584e+01	6.152744097e-02	1.987369221e-21
-1.700000000e-03	2.086223628e+01	6.126282392e-02	1.612220154e-21
-1.800000000e-03	2.086223672e+01	6.099820686e-02	2.618964876e-21
-1.900000000e-03	2.086223716e+01	6.073358980e-02	1.949971493e-21
-2.000000000e-03	2.086223760e+01	6.046897273e-02	1.454014129e-21
-2.100000000e-03	2.086223805e+01	6.020435568e-02	1.536645429e-21
-2.200000000e-03	2.086223850e+01	5.993973862e-02	1.419390658e-21
-2.300000000e-03	2.086223896e+01	5.967512156e-02	1.296489077e-21
-2.400000000e-03	2.086223941e+01	5.941050450e-02	1.331678305e-21
-2.500000000e-03	2.086223988e+01	5.914588744e-02	2.550092230e-21
-2.600000000e-03	2.086224034e+01	5.888127038e-02	1.432903295e-21
-2.700000000e-03	2.086224081e+01	5.861665333e-02	1.937936868e-21
-2.800000000e-03	2.086224128e+01	5.835203627e-02	6.732686176e-22
-2.900000000e-03	2.086224176e+01	5.808741922e-02	2.264524776e-21
-3.000000000e-03	2.086224223e+01	5.782280216e-02	1.967325415e-21
-3.100000000e-03	2.086224272e+01	5.755818511e-02	9.099352279e-22
-3.200000000e-03	2.086224320e+01	5.729356806e-02	1.563172021e-21
-3.300000000e-03	2.086224369e+01	5.702895101e-02	1.243231720e-21
-3.400000000e-03	2.086224418e+01	5.676433396e-02	1.772144707e-21
-3.500000000e-03	2.086224468e+01	5.649971691e-02	1.164563467e-21
-3.600000000e-03	2.086224517e+01	5.623509986e-02	1.767587249e-21
-3.700000000e-03	2.086224568e+01	5.597048283e-02	1.400697189e-21
-3.800000000e-03	2.086224618e+01	5.570586578e-02	1.413228725e-21
-3.900000000e-03	2.086224669e+01	5.544124875e-02	1.920840987e-21
-4.000000000e-03	2.086224720e+01	5.517663171e-02	6.124267444e-22
-4.100000000e-03	2.086224772e+01	5.491201467e-02	6.583035522e-22
-4.200000000e-03	2.086224824e+01	5.464739764e-02	1.116726403e-21
-4.300000000e-03	2.086224876e+01	5.438278061e-02	9.627420928e-22
-4.400000000e-03	2.086224928e+01	5.411816359e-02	1.005785927e-21
-4.500000000e-03	2.086224981e+01	5.385354656e-02	1.504261043e-21
-4.600000000e-03	2.086225034e+01	5.358892955e-02	6.847879115e-22
-4.700000000e-03	2.086225088e+01	5.332431253e-02	1.330518696e-21
-4.800000000e-03	2.086225142e+01	5.305969552e-02	1.248958502e-21
-4.900000000e-03	2.086225196e+01	5.279507851e-02	1.266690638e-21
-5.000000000e-03	2.086225251e+01	5.253046151e-02	1.909137138e-21
-5.100000000e-03	2.086225305e+01	5.226584450e-02	1.175193188e-21
-5.200000000e-03	2.086225361e+01	5.200122750e-02	1.550824752e-21
-5.300000000e-03	2.086225416e+01	5.173661051e-02	2.305836955e-21
-5.400000000e-03	2.086225472e+01	5.147199352e-02	1.544867777e-21
-5.500000000e-03	2.086225528e+01	5.120737653e-02	1.157103976e-21
-5.600000000e-03	2.086225585e+01	5.094275955e-02	4.992456747e-22
-5.700000000e-03	2.086225642e+01	5.067814257e-02	1.482699620e-21
-5.800000000e-03	2.086225699e+01	5.041352560e-02	1.551478968e-21
-5.900000000e-03	2.086225757e+01	5.014890863e-02	9.530615330e-22
-6.000000000e-03	2.086225814e+01	4.988429167e-02	1.363312885e-21
-6.100000000e-03	2.086225873e+01	4.961967472e-02	1.711639438e-21
-6.200000000e-03	2.086225931e+01	4.935505777e-02	1.568459283e-21
-6.300000000e-03	2.086225990e+01	4.909044082e-02	1.950308750e-21
-6.400000000e-03	2.086226049e+01	4.882582387e-02	1.597917964e-21
-6.500000000e-03	2.086226109e+01	4.856120694e-02	1.310013675e-21
-6.600000000e-03	2.086226169e+01	4.829659001e-02	1.954319349e-21
-6.700000000e-03	2.086226229e+01	4.803197309e-02	9.344810048e-22
-6.800000000e-03	2.086226290e+01	4.776735616e-02	2.184500082e-21
-6.900000000e-03	2.086226351e+01	4.750273925e-02	1.377541916e-21
-7.000000000e-03	2.086226412e+01	4.723812235e-02	2.362769708e-21
-7.100000000e-03	2.086226474e+01	4.697350545e-02	1.500546900e-21
-7.200000000e-03	2.086226535e+01	4.670888856e-02	1.236167968e-21
-7.300000000e-03	2.086226598e+01	4.644427167e-02	8.812443413e-22
-7.400000000e-03	2.086226660e+01	4.617965479e-02	1.317353542e-21
-7.500000000e-03	2.086226723e+01	4.591503791e-02	1.325865008e-21
-7.600000000e-03	2.086226787e+01	4.565042105e-02	1.608286038e-21
-7.700000000e-03	2.086226850e+01	4.538580419e-02	1.162200497e-21
-7.800000000e-03	2.086226914e+01	4.512118734e-02	1.641787629e-21
-7.900000000e-03	2.086226978e+01	4.485657050e-02	9.864212723e-22
-8.000000000e-03	2.086227043e+01	4.459195366e-02	1.000196179e-21
-8.100000000e-03	2.086227108e+01	4.432733683e-02	8.677094109e-22
-8.200000000e-03	2.086227173e+01	4.406272000e-02	1.312038942e-21
-8.300000000e-03	2.086227239e+01	4.379810319e-02	1.981905377e-21
-8.400000000e-03	2.086227305e+01	4.353348639e-02	1.404544156e-21
-8.500000000e-03	2.086227371e+01	4.326886959e-02	9.709465156e-22
-8.600000000e-03	2.086227438e+01	4.300425280e-02	1.370208054e-21
-8.700000000e-03	2.086227505e+01	4.273963602e-02	1.705574367e-21
-8.800000000e-03	2.086227572e+01	4.247501925e-02	1.943020544e-21
-8.900000000e-03	2.086227640e+01	4.221040248e-02	1.144347182e-21
-9.000000000e-03	2.086227708e+01	4.194578573e-02	1.481404349e-21
-9.100000000e-03	2.086227776e+01	4.168116898e-02	1.398409805e-21
-9.200000000e-03	2.086227844e+01	4.141655224e-02	1.666692060e-21
-9.300000000e-03	2.086227913e+01	4.115193551e-02	8.714482106e-22
-9.400000000e-03	2.086227983e+01	4.088731880e-02	1.429661696e-21
-9.500000000e-03	2.086228052e+01	4.062270208e-02	1.369016144e-21
-9.600000000e-03	2.086228122e+01	4.035808538e-02	1.370697666e-21
-9.700000000e-03	2.086228193e+01	4.009346870e-02	9.248211363e-22
-9.800000000e-03	2.086228263e+01	3.982885202e-02	1.254932990e-21
-9.900000000e-03	2.086228334e+01	3.956423534e-02	1.694692672e-21
-1.000000000e-02	2.086228406e+01	3.929961868e-02	1.930443378e-21
-1.010000000e-02	2.086228477e+01	3.903500203e-02	2.115206636e-21
-1.020000000e-02	2.086228549e+01	3.877038539e-02	1.485974905e-21
-1.030000000e-02	2.086228622e+01	3.850576876e-02	1.928517123e-21
-1.040000000e-02	2.086228694e+01	3.824115214e-02	1.632598530e-21
-1.050000000e-02	2.086228767e+01	3.797653553e-02	1.501511611e-21
-1.060000000e-02	2.086228841e+01	3.771191894e-02	1.836791890e-21
-1.070000000e-02	2.086228914e+01	3.744730235e-02	1.393299077e-21
-1.080000000e-02	2.086228988e+01	3.718268577e-02	1.678508297e-21
-1.090000000e-02	2.086229063e+01	3.691806920e-02	1.198233422e-21
-1.100000000e-02	2.086229137e+01	3.665345265e-02	1.075427153e-21
-1.110000000e-02	2.086229212e+01	3.638883610e-02	1.915662327e-21
-1.120000000e-02	2.086229288e+01	3.612421958e-02	1.514819244e-21
-1.130000000e-02	2.086229363e+01	3.585960306e-02	8.739026465e-22
-1.140000000e-02	2.086229439e+01	3.559498655e-02	1.413497268e-21
-1.150000000e-02	2.086229516e+01	3.533037005e-02	1.741243117e-21
-1.160000000e-02	2.086229593e+01	3.506575357e-02	1.743945739e-21
-1.170000000e-02	2.086229670e+01	3.480113710e-02	9.251637528e-22
-1.180000000e-02	2.086229747e+01	3.453652064e-02	1.213345793e-21
-1.190000000e-02	2.086229825e+01	3.427190419e-02	2.059628402e-21
-1.200000000e-02	2.086229903e+01	3.400728777e-02	1.790499763e-21
-1.210000000e-02	2.086229981e+01	3.374267134e-02	1.086625731e-21
-1.220000000e-02	2.086230060e+01	3.347805493e-02	1.217967666e-21
-1.230000000e-02	2.086230139e+01	3.321343854e-02	8.956844750e-22
-1.240000000e-02	2.086230218e+01	3.294882216e-02	1.855067484e-21
-1.250000000e-02	2.086230298e+01	3.268420578e-02	1.417686657e-21
-1.260000000e-02	2.086230378e+01	3.241958944e-02	2.433945043e-21
-1.270000000e-02	2.086230458e+01	3.215497309e-02	1.153181929e-21
-1.280000000e-02	2.086230539e+01	3.189035676e-02	1.128065686e-21
-1.290000000e-02	2.086230620e+01	3.162574044e-02	1.454413249e-21
-1.300000000e-02	2.086230701e+01	3.136112415e-02	2.629886877e-21
-1.310000000e-02	2.086230783e+01	3.109650786e-02	1.437723583e-21
-1.320000000e-02	2.086230865e+01	3.083189158e-02	1.333580249e-21
-1.330000000e-02	2.086230948e+01	3.056727532e-02	1.412257428e-21
-1.340000000e-02	2.086231030e+01	3.030265908e-02	1.007655102e-21
-1.350000000e-02	2.086231113e+01	3.003804285e-02	1.350017507e-21
-1.360000000e-02	2.086231197e+01	2.977342664e-02	1.332678097e-21
-1.370000000e-02	2.086231281e+01	2.950881043e-02	1.497052003e-21
-1.380000000e-02	2.086231365e+01	2.924419425e-02	1.698791735e-21
-1.390000000e-02	2.086231449e+01	2.897957808e-02	6.923151869e-22
-1.400000000e-02	2.086231534e+01	2.871496193e-02	1.254312813e-21
-1.410000000e-02	2.086231619e+01	2.845034578e-02	1.053798134e-21
-1.420000000e-02	2.086231704e+01	2.818572966e-02	1.598245818e-21
-1.430000000e-02	2.086231790e+01	2.792111355e-02	1.796775275e-21
-1.440000000e-02	2.086231876e+01	2.765649746e-02	1.481941582e-21
-1.450000000e-02	2.086231963e+01	2.739188138e-02	1.652278472e-21
-1.460000000e-02	2.086232049e+01	2.712726532e-02	1.201103499e-21
-1.470000000e-02	2.086232136e+01	2.686264927e-02	1.681383490e-21
-1.480000000e-02	2.086232224e+01	2.659803324e-02	1.454479753e-21
-1.490000000e-02	2.086232312e+01	2.633341723e-02	8.634210144e-22
-1.500000000e-02	2.086232400e+01	2.606880123e-02	9.077106177e-22
-1.510000000e-02	2.086232488e+01	2.580418525e-02	2.070313068e-21
-1.520000000e-02	2.086232577e+01	2.553956928e-02	2.099989662e-21
-1.530000000e-02	2.086232666e+01	2.527495334e-02	1.425712460e-21
-1.540000000e-02	2.086232756e+01	2.501033741e-02	1.372724901e-21
-1.550000000e-02	2.086232845e+01	2.474572150e-02	1.576272199e-21
-1.560000000e-02	2.086232935e+01	2.448110560e-02	9.042326552e-22
-1.570000000e-02	2.086233026e+01	2.421648972e-02	1.016929753e-21
-1.580000000e-02	2.086233117e+01	2.395187386e-02	1.781484703e-21
-1.590000000e-02	2.086233208e+01	2.368725801e-02	1.208256543e-21
-1.600000000e-02	2.086233299e+01	2.342264219e-02	1.318443881e-21
-1.610000000e-02	2.086233391e+01	2.315802638e-02	1.462421693e-21
-1.620000000e-02	2.086233483e+01	2.289341059e-02	1.796817590e-21
-1.630000000e-02	2.086233576e+01	2.262879482e-02	1.530560306e-21
-1.640000000e-02	2.086233668e+01	2.236417906e-02	1.221927821e-21
-1.650000000e-02	2.086233762e+01	2.209956333e-02	9.777180365e-22
-1.660000000e-02	2.086233855e+01	2.183494761e-02	9.245796846e-22
-1.670000000e-02	2.086233949e+01	2.157033191e-02	1.437244134e-21
-1.680000000e-02	2.086234043e+01	2.130571624e-02	1.958188085e-21
-1.690000000e-02	2.086234137e+01	2.104110058e-02	2.005362880e-21
-1.700000000e-02	2.086234232e+01	2.077648493e-02	1.042916539e-21
-1.710000000e-02	2.086234327e+01	2.051186931e-02	1.996498275e-21
-1.720000000e-02	2.086234423e+01	2.024725370e-02	1.597502931e-21
-1.730000000e-02	2.086234519e+01	1.998263812e-02	1.244473919e-21
-1.740000000e-02	2.086234615e+01	1.971802255e-02	1.862762943e-21
-1.750000000e-02	2.086234711e+01	1.945340701e-02	1.168503027e-21
-1.760000000e-02	2.086234808e+01	1.918879148e-02	2.035564981e-21
-1.770000000e-02	2.086234905e+01	1.892417598e-02	1.443262757e-21
-1.780000000e-02	2.086235003e+01	1.865956049e-02	5.173512702e-22
-1.790000000e-02	2.086235101e+01	1.839494502e-02	1.341551660e-21
-1.800000000e-02	2.086235199e+01	1.813032958e-02	1.752921032e-21
-1.810000000e-02	2.086235297e+01	1.786571415e-02	1.913281961e-21
-1.820000000e-02	2.086235396e+01	1.760109874e-02	2.370197929e-21
-1.830000000e-02	2.086235495e+01	1.733648336e-02	2.428651155e-21
-1.840000000e-02	2.086235595e+01	1.707186800e-02	1.543537631e-21
-1.850000000e-02	2.086235695e+01	1.680725266e-02	1.726594934e-21
-1.860000000e-02	2.086235795e+01	1.654263733e-02	1.574559511e-21
-1.870000000e-02	2.086235895e+01	1.627802204e-02	1.556458162e-21
-1.880000000e-02	2.086235996e+01	1.601340675e-02	1.216746108e-21
-1.890000000e-02	2.086236098e+01	1.574879149e-02	1.686780010e-21
-1.900000000e-02	2.086236199e+01	1.548417626e-02	1.529198746e-21
-1.910000000e-02	2.086236301e+01	1.521956105e-02	2.112017194e-21
-1.920000000e-02	2.086236403e+01	1.495494585e-02	1.085413774e-21
-1.930000000e-02	2.086236506e+01	1.469033069e-02	1.038914207e-21
-1.940000000e-02	2.086236609e+01	1.442571554e-02	5.798325257e-22
-1.950000000e-02	2.086236712e+01	1.416110041e-02	1.065633511e-21
-1.960000000e-02	2.086236815e+01	1.389648530e-02	1.014359219e-21
-1.970000000e-02	2.086236919e+01	1.363187022e-02	1.841890243e-21
-1.980000000e-02	2.086237023e+01	1.336725516e-02	9.761265344e-22
-1.990000000e-02	2.086237128e+01	1.310264013e-02	1.840370246e-21
-2.000000000e-02	2.086237233e+01	1.283802511e-02	5.368795355e-22
-2.010000000e-02	2.086237338e+01	1.257341012e-02	2.143791667e-21
-2.020000000e-02	2.086237444e+01	1.230879515e-02	1.683093914e-21
-2.030000000e-02	2.086237549e+01	1.204418021e-02	1.875834953e-21
-2.040000000e-02	2.086237656e+01	1.177956528e-02	1.974710655e-21
-2.050000000e-02	2.086237762e+01	1.151495038e-02	1.461645084e-21
-2.060000000e-02	2.086237869e+01	1.125033551e-02	1.669449645e-21
-2.070000000e-02	2.086237976e+01	1.098572066e-02	1.232748741e-21
-2.080000000e-02	2.086238084e+01	1.072110583e-02	1.600158194e-21
-2.090000000e-02	2.086238192e+01	1.045649103e-02	1.742241049e-21
-2.100000000e-02	2.086238300e+01	1.019187625e-02	6.790631930e-22
-2.110000000e-02	2.086238409e+01	9.927261492e-03	1.980506491e-21
-2.120000000e-02	2.086238518e+01	9.662646765e-03	9.541914503e-22
-2.130000000e-02	2.086238627e+01	9.398032061e-03	1.390551327e-21
-2.140000000e-02	2.086238736e+01	9.133417378e-03	1.184968112e-21
-2.150000000e-02	2.086238846e+01	8.868802716e-03	1.344369121e-21
-2.160000000e-02	2.086238957e+01	8.604188087e-03	1.064144651e-21
-2.170000000e-02	2.086239067e+01	8.339573484e-03	2.282692910e-21
-2.180000000e-02	2.086239178e+01	8.074958900e-03	2.026046086e-21
-2.190000000e-02	2.086239289e+01	7.810344338e-03	1.493784397e-21
-2.200000000e-02	2.086239401e+01	7.545729805e-03	2.025619102e-21
-2.210000000e-02	2.086239513e+01	7.281115306e-03	1.652708281e-21
-2.220000000e-02	2.086239625e+01	7.016500823e-03	1.864254918e-21
-2.230000000e-02	2.086239738e+01	6.751886365e-03	1.730688018e-21
-2.240000000e-02	2.086239851e+01	6.487271936e-03	1.474965382e-21
-2.250000000e-02	2.086239964e+01	6.222657534e-03	1.504505460e-21
-2.260000000e-02	2.086240077e+01	5.958043156e-03	1.912121697e-21
-2.270000000e-02	2.086240191e+01	5.693428810e-03	1.178161811e-21
-2.280000000e-02	2.086240306e+01	5.428814483e-03	6.312221518e-22
-2.290000000e-02	2.086240420e+01	5.164200184e-03	1.330757741e-21
-2.300000000e-02	2.086240535e+01	4.899585917e-03	1.717597283e-21
-2.310000000e-02	2.086240651e+01	4.634971671e-03	2.281824038e-21
-2.320000000e-02	2.086240766e+01	4.370357453e-03	1.488173685e-21
-2.330000000e-02	2.086240882e+01	4.105743262e-03	1.501937678e-21
-2.340000000e-02	2.086240998e+01	3.841129102e-03	1.248383537e-21
-2.350000000e-02	2.086241115e+01	3.576514963e-03	1.179265667e-21
-2.360000000e-02	2.086241232e+01	3.311900854e-03	1.441198339e-21
-2.370000000e-02	2.086241349e+01	3.047286773e-03	8.016344696e-22
-2.380000000e-02	2.086241467e+01	2.782672718e-03	1.712794823e-21
-2.390000000e-02	2.086241585e+01	2.518058693e-03	1.125354239e-21
-2.400000000e-02	2.086241703e+01	2.253444696e-03	1.446586412e-21
-2.410000000e-02	2.086241822e+01	1.988830722e-03	1.946537593e-21
-2.420000000e-02	2.086241941e+01	1.724216787e-03	2.289649723e-21
-2.430000000e-02	2.086242060e+01	1.459602867e-03	1.688194490e-21
-2.440000000e-02	2.086242180e+01	1.194988988e-03	1.390689339e-21
-2.450000000e-02	2.086242300e+01	9.303751254e-04	1.822668644e-21
-2.460000000e-02	2.086242420e+01	6.657613048e-04	1.769608731e-21
-2.470000000e-02	2.086242541e+01	4.011474987e-04	1.670801066e-21
-2.480000000e-02	2.086242662e+01	1.365337311e-04	2.613902647e-21
-2.490000000e-02	2.086242783e+01	-1.280800125e-04	1.507879549e-21
-2.500000000e-02	2.086242905e+01	-3.926937190e-04	1.506719916e-21
