# epsi_ci     Re(Lambda)      Im(Lambda)      Eq(det), R = 0.10 $\mu$m, $E_p$ = 0.300 eV, modo = 3, $\epsilon_\infty$ = 3.9, $\gamma_{DL}$ = 0.01 eV, solve_det_sinkz_vs_mu.py
0.000000000e+00	4.684296376e+00	4.474881173e-02	1.269485090e-18
-5.000000000e-04	4.684302801e+00	4.435398546e-02	9.966204714e-19
-1.000000000e-03	4.684309259e+00	4.395915916e-02	8.487947160e-19
-1.500000000e-03	4.684315751e+00	4.356433285e-02	7.000619733e-19
-2.000000000e-03	4.684322275e+00	4.316950652e-02	1.056933654e-18
-2.500000000e-03	4.684328833e+00	4.277468020e-02	1.511334106e-18
-3.000000000e-03	4.684335424e+00	4.237985388e-02	9.336191465e-19
-3.500000000e-03	4.684342049e+00	4.198502758e-02	1.362199212e-18
-4.000000000e-03	4.684348706e+00	4.159020130e-02	1.170531659e-18
-4.500000000e-03	4.684355397e+00	4.119537505e-02	1.025099815e-18
-5.000000000e-03	4.684362121e+00	4.080054885e-02	1.047913838e-18
-5.500000000e-03	4.684368878e+00	4.040572269e-02	8.173239741e-19
-6.000000000e-03	4.684375668e+00	4.001089659e-02	1.019311234e-18
-6.500000000e-03	4.684382492e+00	3.961607056e-02	1.036191043e-18
-7.000000000e-03	4.684389349e+00	3.922124461e-02	1.282155157e-18
-7.500000000e-03	4.684396239e+00	3.882641873e-02	9.752540627e-19
-8.000000000e-03	4.684403162e+00	3.843159295e-02	7.755684045e-19
-8.500000000e-03	4.684410118e+00	3.803676727e-02	1.080162526e-18
-9.000000000e-03	4.684417108e+00	3.764194168e-02	1.058955627e-18
-9.500000000e-03	4.684424131e+00	3.724711623e-02	8.306616571e-19
-1.000000000e-02	4.684431187e+00	3.685229089e-02	1.015709343e-18
-1.050000000e-02	4.684438276e+00	3.645746569e-02	1.454596581e-18
-1.100000000e-02	4.684445398e+00	3.606264063e-02	3.694336615e-19
-1.150000000e-02	4.684452554e+00	3.566781572e-02	6.815466375e-19
-1.200000000e-02	4.684459743e+00	3.527299097e-02	1.133087221e-18
-1.250000000e-02	4.684466965e+00	3.487816638e-02	1.247885641e-18
-1.300000000e-02	4.684474220e+00	3.448334196e-02	1.317870560e-18
-1.350000000e-02	4.684481508e+00	3.408851774e-02	1.560896662e-18
-1.400000000e-02	4.684488830e+00	3.369369371e-02	1.076732705e-18
-1.450000000e-02	4.684496185e+00	3.329886986e-02	9.619597371e-19
-1.500000000e-02	4.684503573e+00	3.290404624e-02	1.231913073e-18
-1.550000000e-02	4.684510994e+00	3.250922283e-02	7.553581803e-19
-1.600000000e-02	4.684518449e+00	3.211439965e-02	8.392971330e-19
-1.650000000e-02	4.684525937e+00	3.171957669e-02	7.204955701e-19
-1.700000000e-02	4.684533457e+00	3.132475398e-02	8.296891166e-19
-1.750000000e-02	4.684541012e+00	3.092993152e-02	8.009268013e-19
-1.800000000e-02	4.684548599e+00	3.053510932e-02	1.088406420e-18
-1.850000000e-02	4.684556219e+00	3.014028739e-02	1.335358282e-18
-1.900000000e-02	4.684563873e+00	2.974546573e-02	1.176201397e-18
-1.950000000e-02	4.684571560e+00	2.935064435e-02	8.401895884e-19
-2.000000000e-02	4.684579280e+00	2.895582327e-02	1.493611105e-18
-2.050000000e-02	4.684587034e+00	2.856100249e-02	1.204330051e-18
-2.100000000e-02	4.684594820e+00	2.816618202e-02	6.451936888e-19
-2.150000000e-02	4.684602640e+00	2.777136186e-02	1.492306746e-18
-2.200000000e-02	4.684610493e+00	2.737654204e-02	1.456718393e-18
-2.250000000e-02	4.684618379e+00	2.698172254e-02	5.416783893e-19
-2.300000000e-02	4.684626298e+00	2.658690338e-02	1.035901408e-18
-2.350000000e-02	4.684634251e+00	2.619208458e-02	7.038701809e-19
-2.400000000e-02	4.684642237e+00	2.579726614e-02	8.863363400e-19
-2.450000000e-02	4.684650256e+00	2.540244806e-02	6.672848018e-19
-2.500000000e-02	4.684658308e+00	2.500763036e-02	5.118617166e-19
-2.550000000e-02	4.684666393e+00	2.461281306e-02	1.542432697e-18
-2.600000000e-02	4.684674512e+00	2.421799613e-02	1.053392832e-18
-2.650000000e-02	4.684682664e+00	2.382317961e-02	7.182590019e-19
-2.700000000e-02	4.684690849e+00	2.342836350e-02	5.119886306e-19
-2.750000000e-02	4.684699067e+00	2.303354780e-02	1.065741404e-18
-2.800000000e-02	4.684707319e+00	2.263873253e-02	1.157903757e-18
-2.850000000e-02	4.684715603e+00	2.224391770e-02	6.358603316e-19
-2.900000000e-02	4.684723921e+00	2.184910332e-02	1.096499125e-18
-2.950000000e-02	4.684732272e+00	2.145428938e-02	1.171693910e-18
-3.000000000e-02	4.684740656e+00	2.105947590e-02	4.793564990e-19
-3.050000000e-02	4.684749074e+00	2.066466289e-02	1.151585113e-18
-3.100000000e-02	4.684757524e+00	2.026985035e-02	1.333684959e-18
-3.150000000e-02	4.684766008e+00	1.987503831e-02	1.119845880e-18
-3.200000000e-02	4.684774525e+00	1.948022676e-02	1.281977549e-18
-3.250000000e-02	4.684783076e+00	1.908541570e-02	1.987908534e-18
-3.300000000e-02	4.684791659e+00	1.869060516e-02	6.266705057e-19
-3.350000000e-02	4.684800276e+00	1.829579513e-02	6.940027908e-19
-3.400000000e-02	4.684808926e+00	1.790098564e-02	1.635628219e-18
-3.450000000e-02	4.684817609e+00	1.750617667e-02	8.392429490e-19
-3.500000000e-02	4.684826325e+00	1.711136826e-02	1.099926229e-18
-3.550000000e-02	4.684835074e+00	1.671656038e-02	1.120977540e-18
-3.600000000e-02	4.684843857e+00	1.632175308e-02	1.469350048e-18
-3.650000000e-02	4.684852673e+00	1.592694635e-02	1.440132478e-18
-3.700000000e-02	4.684861522e+00	1.553214018e-02	1.316272424e-18
-3.750000000e-02	4.684870404e+00	1.513733461e-02	8.000662180e-19
-3.800000000e-02	4.684879320e+00	1.474252962e-02	1.016034895e-18
-3.850000000e-02	4.684888268e+00	1.434772524e-02	1.531981192e-18
-3.900000000e-02	4.684897250e+00	1.395292147e-02	8.416564698e-19
-3.950000000e-02	4.684906265e+00	1.355811832e-02	1.158221402e-18
-4.000000000e-02	4.684915314e+00	1.316331580e-02	4.411036454e-19
-4.050000000e-02	4.684924395e+00	1.276851392e-02	1.513784272e-18
-4.100000000e-02	4.684933510e+00	1.237371267e-02	1.017631759e-18
-4.150000000e-02	4.684942658e+00	1.197891208e-02	1.132432906e-18
-4.200000000e-02	4.684951839e+00	1.158411215e-02	1.176328877e-18
-4.250000000e-02	4.684961053e+00	1.118931289e-02	9.007598912e-19
-4.300000000e-02	4.684970300e+00	1.079451430e-02	1.354085198e-18
-4.350000000e-02	4.684979581e+00	1.039971641e-02	1.000614026e-18
-4.400000000e-02	4.684988895e+00	1.000491920e-02	1.101674163e-18
-4.450000000e-02	4.684998242e+00	9.610122706e-03	9.861464944e-19
-4.500000000e-02	4.685007622e+00	9.215326914e-03	8.224820264e-19
-4.550000000e-02	4.685017036e+00	8.820531846e-03	7.569571900e-19
-4.600000000e-02	4.685026482e+00	8.425737499e-03	1.208212744e-18
-4.650000000e-02	4.685035962e+00	8.030943893e-03	1.077551482e-18
-4.700000000e-02	4.685045475e+00	7.636151031e-03	1.372319565e-18
-4.750000000e-02	4.685055021e+00	7.241358925e-03	5.229919947e-19
-4.800000000e-02	4.685064601e+00	6.846567580e-03	8.241564764e-19
-4.850000000e-02	4.685074213e+00	6.451777004e-03	7.930845732e-19
-4.900000000e-02	4.685083859e+00	6.056987201e-03	6.141208135e-19
-4.950000000e-02	4.685093538e+00	5.662198185e-03	1.497598440e-18
-5.000000000e-02	4.685103250e+00	5.267409968e-03	9.557012361e-19
-5.050000000e-02	4.685112996e+00	4.872622558e-03	6.797164264e-19
-5.100000000e-02	4.685122774e+00	4.477835952e-03	1.519039816e-18
-5.150000000e-02	4.685132586e+00	4.083050172e-03	1.148789995e-18
-5.200000000e-02	4.685142431e+00	3.688265215e-03	1.020197362e-18
-5.250000000e-02	4.685152309e+00	3.293481093e-03	1.173002291e-18
-5.300000000e-02	4.685162220e+00	2.898697824e-03	1.244532421e-18
-5.350000000e-02	4.685172165e+00	2.503915402e-03	8.670119519e-19
-5.400000000e-02	4.685182143e+00	2.109133836e-03	1.725495289e-18
-5.450000000e-02	4.685192153e+00	1.714353154e-03	1.212963045e-18
-5.500000000e-02	4.685202198e+00	1.319573339e-03	1.277463125e-18
-5.550000000e-02	4.685212275e+00	9.247944144e-04	1.112229606e-18
-5.600000000e-02	4.685222385e+00	5.300163886e-04	8.029795424e-19
-5.650000000e-02	4.685232529e+00	1.352392650e-04	9.093258933e-19
-5.700000000e-02	4.685242706e+00	-2.595369456e-04	1.536021128e-18
-5.750000000e-02	4.685252916e+00	-6.543122396e-04	1.174794711e-18
-5.800000000e-02	4.685263159e+00	-1.049086604e-03	6.979705213e-19
-5.850000000e-02	4.685273435e+00	-1.443860033e-03	1.337731673e-18
-5.900000000e-02	4.685283745e+00	-1.838632511e-03	1.004126374e-18
-5.950000000e-02	4.685294088e+00	-2.233404042e-03	7.063899545e-19
-6.000000000e-02	4.685304464e+00	-2.628174606e-03	1.081750037e-18
-6.050000000e-02	4.685314873e+00	-3.022944199e-03	6.933556113e-19
-6.100000000e-02	4.685325315e+00	-3.417712819e-03	1.225483900e-18
-6.150000000e-02	4.685335791e+00	-3.812480448e-03	6.829484678e-19
-6.200000000e-02	4.685346299e+00	-4.207247083e-03	1.006625389e-18
-6.250000000e-02	4.685356841e+00	-4.602012705e-03	1.217131911e-18
-6.300000000e-02	4.685367416e+00	-4.996777329e-03	1.059501664e-18
-6.350000000e-02	4.685378025e+00	-5.391540925e-03	1.383959866e-18
-6.400000000e-02	4.685388666e+00	-5.786303492e-03	6.527308377e-19
-6.450000000e-02	4.685399341e+00	-6.181065018e-03	6.829862104e-19
-6.500000000e-02	4.685410048e+00	-6.575825506e-03	1.305378615e-18
-6.550000000e-02	4.685420789e+00	-6.970584933e-03	1.104671348e-18
-6.600000000e-02	4.685431564e+00	-7.365343299e-03	7.453463699e-19
-6.650000000e-02	4.685442371e+00	-7.760100599e-03	8.873594422e-19
-6.700000000e-02	4.685453211e+00	-8.154856816e-03	9.161351464e-19
-6.750000000e-02	4.685464085e+00	-8.549611949e-03	1.340605631e-18
-6.800000000e-02	4.685474992e+00	-8.944365980e-03	1.220745792e-18
-6.850000000e-02	4.685485932e+00	-9.339118912e-03	1.207281894e-18
-6.900000000e-02	4.685496905e+00	-9.733870725e-03	1.425237875e-18
-6.950000000e-02	4.685507912e+00	-1.012862142e-02	8.805781419e-19
-7.000000000e-02	4.685518951e+00	-1.052337099e-02	4.403763554e-19
-7.050000000e-02	4.685530024e+00	-1.091811941e-02	1.163078303e-18
-7.100000000e-02	4.685541130e+00	-1.131286670e-02	1.166397696e-18
-7.150000000e-02	4.685552269e+00	-1.170761282e-02	1.846486358e-19
-7.200000000e-02	4.685563441e+00	-1.210235779e-02	1.145434507e-18
-7.250000000e-02	4.685574647e+00	-1.249710159e-02	7.880691607e-19
-7.300000000e-02	4.685585885e+00	-1.289184420e-02	8.109567070e-19
-7.350000000e-02	4.685597157e+00	-1.328658563e-02	1.263319516e-18
-7.400000000e-02	4.685608462e+00	-1.368132585e-02	1.099530339e-18
-7.450000000e-02	4.685619800e+00	-1.407606488e-02	1.411036977e-18
-7.500000000e-02	4.685631172e+00	-1.447080269e-02	5.938524944e-19
-7.550000000e-02	4.685642576e+00	-1.486553929e-02	9.669813356e-19
-7.600000000e-02	4.685654014e+00	-1.526027464e-02	5.000454344e-19
-7.650000000e-02	4.685665484e+00	-1.565500876e-02	9.853518871e-19
-7.700000000e-02	4.685676988e+00	-1.604974164e-02	1.427964629e-18
-7.750000000e-02	4.685688526e+00	-1.644447327e-02	9.396288146e-19
-7.800000000e-02	4.685700096e+00	-1.683920362e-02	1.156395036e-18
-7.850000000e-02	4.685711699e+00	-1.723393271e-02	6.611553246e-19
-7.900000000e-02	4.685723336e+00	-1.762866052e-02	1.148540705e-18
-7.950000000e-02	4.685735006e+00	-1.802338704e-02	1.035983853e-18
-8.000000000e-02	4.685746709e+00	-1.841811226e-02	1.399707371e-18
-8.050000000e-02	4.685758445e+00	-1.881283618e-02	8.837849834e-19
-8.100000000e-02	4.685770215e+00	-1.920755878e-02	1.341226732e-18
-8.150000000e-02	4.685782017e+00	-1.960228006e-02	1.030525820e-18
-8.200000000e-02	4.685793853e+00	-1.999700001e-02	1.491054296e-18
-8.250000000e-02	4.685805721e+00	-2.039171864e-02	1.067023816e-18
-8.300000000e-02	4.685817623e+00	-2.078643590e-02	7.033991170e-19
-8.350000000e-02	4.685829559e+00	-2.118115181e-02	1.395441097e-18
-8.400000000e-02	4.685841527e+00	-2.157586636e-02	9.945788920e-19
-8.450000000e-02	4.685853528e+00	-2.197057954e-02	1.513742302e-18
-8.500000000e-02	4.685865563e+00	-2.236529134e-02	1.554941679e-18
-8.550000000e-02	4.685877631e+00	-2.276000174e-02	9.000033147e-19
-8.600000000e-02	4.685889732e+00	-2.315471075e-02	1.323655713e-18
-8.650000000e-02	4.685901866e+00	-2.354941837e-02	1.152339938e-18
-8.700000000e-02	4.685914033e+00	-2.394412455e-02	1.420004084e-18
-8.750000000e-02	4.685926234e+00	-2.433882933e-02	1.001812898e-18
-8.800000000e-02	4.685938467e+00	-2.473353267e-02	1.446975300e-18
-8.850000000e-02	4.685950734e+00	-2.512823457e-02	1.080858164e-18
-8.900000000e-02	4.685963034e+00	-2.552293503e-02	1.016941933e-18
-8.950000000e-02	4.685975367e+00	-2.591763403e-02	1.404803699e-18
-9.000000000e-02	4.685987733e+00	-2.631233157e-02	1.434040471e-18
-9.050000000e-02	4.686000133e+00	-2.670702763e-02	1.084146691e-18
-9.100000000e-02	4.686012565e+00	-2.710172222e-02	9.985365258e-19
-9.150000000e-02	4.686025031e+00	-2.749641531e-02	8.996412165e-19
-9.200000000e-02	4.686037530e+00	-2.789110691e-02	1.051616201e-18
-9.250000000e-02	4.686050062e+00	-2.828579700e-02	1.149687032e-18
-9.300000000e-02	4.686062627e+00	-2.868048558e-02	6.020712792e-19
-9.350000000e-02	4.686075225e+00	-2.907517264e-02	1.280069583e-18
-9.400000000e-02	4.686087856e+00	-2.946985817e-02	6.110656959e-19
-9.450000000e-02	4.686100521e+00	-2.986454216e-02	7.899867953e-19
-9.500000000e-02	4.686113219e+00	-3.025922460e-02	1.508027739e-18
-9.550000000e-02	4.686125950e+00	-3.065390548e-02	5.750304403e-19
-9.600000000e-02	4.686138714e+00	-3.104858480e-02	8.674517627e-19
-9.650000000e-02	4.686151511e+00	-3.144326255e-02	1.076512858e-18
-9.700000000e-02	4.686164341e+00	-3.183793872e-02	9.586820150e-19
-9.750000000e-02	4.686177205e+00	-3.223261331e-02	8.621963907e-19
-9.800000000e-02	4.686190101e+00	-3.262728629e-02	1.071546467e-18
-9.850000000e-02	4.686203031e+00	-3.302195767e-02	6.939522027e-19
-9.900000000e-02	4.686215994e+00	-3.341662743e-02	1.587132257e-18
-9.950000000e-02	4.686228990e+00	-3.381129557e-02	1.710504011e-18
-1.000000000e-01	4.686242019e+00	-3.420596209e-02	1.469403509e-18
-1.005000000e-01	4.686255081e+00	-3.460062696e-02	1.172492052e-18
-1.010000000e-01	4.686268177e+00	-3.499529018e-02	1.190281686e-18
-1.015000000e-01	4.686281305e+00	-3.538995175e-02	1.222418486e-18
-1.020000000e-01	4.686294467e+00	-3.578461166e-02	6.998611772e-19
-1.025000000e-01	4.686307662e+00	-3.617926989e-02	6.471426474e-19
-1.030000000e-01	4.686320890e+00	-3.657392645e-02	1.197467027e-18
-1.035000000e-01	4.686334151e+00	-3.696858131e-02	8.957902083e-19
-1.040000000e-01	4.686347445e+00	-3.736323448e-02	8.877601449e-19
-1.045000000e-01	4.686360773e+00	-3.775788595e-02	1.130813231e-18
-1.050000000e-01	4.686374133e+00	-3.815253569e-02	1.011639189e-18
-1.055000000e-01	4.686387527e+00	-3.854718372e-02	9.473652433e-19
-1.060000000e-01	4.686400954e+00	-3.894183001e-02	9.391182088e-19
-1.065000000e-01	4.686414414e+00	-3.933647457e-02	6.326055410e-19
-1.070000000e-01	4.686427907e+00	-3.973111738e-02	9.760267872e-19
-1.075000000e-01	4.686441433e+00	-4.012575843e-02	1.276487886e-18
-1.080000000e-01	4.686454993e+00	-4.052039772e-02	7.259309400e-19
-1.085000000e-01	4.686468585e+00	-4.091503524e-02	2.670192054e-19
-1.090000000e-01	4.686482211e+00	-4.130967097e-02	1.084239808e-18
-1.095000000e-01	4.686495869e+00	-4.170430491e-02	1.902607504e-18
-1.100000000e-01	4.686509561e+00	-4.209893707e-02	8.274616654e-19
-1.105000000e-01	4.686523286e+00	-4.249356742e-02	7.206629598e-19
-1.110000000e-01	4.686537044e+00	-4.288819595e-02	1.096473361e-18
-1.115000000e-01	4.686550836e+00	-4.328282266e-02	1.549048578e-18
-1.120000000e-01	4.686564660e+00	-4.367744754e-02	1.214243381e-18
-1.125000000e-01	4.686578518e+00	-4.407207057e-02	1.483022697e-18
-1.130000000e-01	4.686592408e+00	-4.446669176e-02	5.394340221e-19
-1.135000000e-01	4.686606332e+00	-4.486131110e-02	1.531991141e-18
-1.140000000e-01	4.686620289e+00	-4.525592857e-02	7.227783546e-19
-1.145000000e-01	4.686634279e+00	-4.565054417e-02	6.884277602e-19
-1.150000000e-01	4.686648302e+00	-4.604515789e-02	9.647084866e-19
-1.155000000e-01	4.686662358e+00	-4.643976972e-02	7.227569555e-19
-1.160000000e-01	4.686676447e+00	-4.683437965e-02	9.884264407e-19
-1.165000000e-01	4.686690570e+00	-4.722898768e-02	3.406314470e-19
-1.170000000e-01	4.686704726e+00	-4.762359379e-02	1.203240482e-18
-1.175000000e-01	4.686718914e+00	-4.801819799e-02	7.167197691e-19
-1.180000000e-01	4.686733136e+00	-4.841280025e-02	6.409349354e-19
-1.185000000e-01	4.686747391e+00	-4.880740057e-02	1.243104735e-18
-1.190000000e-01	4.686761679e+00	-4.920199895e-02	1.454093473e-18
-1.195000000e-01	4.686776000e+00	-4.959659536e-02	1.358614132e-18
-1.200000000e-01	4.686790354e+00	-4.999118982e-02	1.525866740e-18
-1.205000000e-01	4.686804742e+00	-5.038578231e-02	1.001493917e-18
-1.210000000e-01	4.686819162e+00	-5.078037281e-02	9.792680382e-19
-1.215000000e-01	4.686833616e+00	-5.117496133e-02	9.958058544e-19
-1.220000000e-01	4.686848103e+00	-5.156954785e-02	1.596999008e-18
-1.225000000e-01	4.686862622e+00	-5.196413236e-02	1.079910429e-18
-1.230000000e-01	4.686877175e+00	-5.235871485e-02	1.349122769e-18
-1.235000000e-01	4.686891761e+00	-5.275329533e-02	1.373642402e-18
-1.240000000e-01	4.686906380e+00	-5.314787377e-02	9.035539890e-19
-1.245000000e-01	4.686921033e+00	-5.354245018e-02	1.051341060e-18
-1.250000000e-01	4.686935718e+00	-5.393702455e-02	1.288018493e-18
-1.255000000e-01	4.686950436e+00	-5.433159685e-02	5.121196007e-19
-1.260000000e-01	4.686965188e+00	-5.472616709e-02	8.551012888e-19
-1.265000000e-01	4.686979973e+00	-5.512073526e-02	1.225742740e-18
-1.270000000e-01	4.686994790e+00	-5.551530134e-02	1.304071422e-18
-1.275000000e-01	4.687009641e+00	-5.590986535e-02	1.177815625e-18
-1.280000000e-01	4.687024525e+00	-5.630442725e-02	9.348400713e-19
-1.285000000e-01	4.687039442e+00	-5.669898704e-02	1.264723303e-18
-1.290000000e-01	4.687054392e+00	-5.709354474e-02	1.364768691e-18
-1.295000000e-01	4.687069375e+00	-5.748810029e-02	5.451948593e-19
-1.300000000e-01	4.687084392e+00	-5.788265373e-02	1.532186726e-18
-1.305000000e-01	4.687099441e+00	-5.827720502e-02	1.205610301e-18
-1.310000000e-01	4.687114524e+00	-5.867175417e-02	8.072179086e-19
-1.315000000e-01	4.687129639e+00	-5.906630116e-02	9.634760794e-19
-1.320000000e-01	4.687144788e+00	-5.946084599e-02	9.450113538e-19
-1.325000000e-01	4.687159970e+00	-5.985538864e-02	1.351298221e-18
-1.330000000e-01	4.687175185e+00	-6.024992912e-02	6.007477797e-19
-1.335000000e-01	4.687190433e+00	-6.064446741e-02	1.134766389e-18
-1.340000000e-01	4.687205714e+00	-6.103900351e-02	1.875594132e-18
-1.345000000e-01	4.687221028e+00	-6.143353739e-02	8.420262085e-19
-1.350000000e-01	4.687236375e+00	-6.182806906e-02	1.509622531e-18
-1.355000000e-01	4.687251755e+00	-6.222259852e-02	1.398372579e-18
-1.360000000e-01	4.687267169e+00	-6.261712574e-02	1.674133242e-18
-1.365000000e-01	4.687282615e+00	-6.301165072e-02	1.103371556e-18
-1.370000000e-01	4.687298095e+00	-6.340617346e-02	5.937088977e-19
-1.375000000e-01	4.687313607e+00	-6.380069394e-02	6.422717083e-19
-1.380000000e-01	4.687329153e+00	-6.419521216e-02	1.150459730e-18
-1.385000000e-01	4.687344732e+00	-6.458972810e-02	1.380887666e-18
-1.390000000e-01	4.687360344e+00	-6.498424177e-02	9.717358928e-19
-1.395000000e-01	4.687375989e+00	-6.537875315e-02	1.202864370e-18
-1.400000000e-01	4.687391667e+00	-6.577326224e-02	8.042412209e-19
-1.405000000e-01	4.687407378e+00	-6.616776902e-02	1.081856444e-18
-1.410000000e-01	4.687423122e+00	-6.656227348e-02	1.243980795e-18
-1.415000000e-01	4.687438899e+00	-6.695677563e-02	1.293411072e-18
-1.420000000e-01	4.687454710e+00	-6.735127544e-02	1.041188943e-18
-1.425000000e-01	4.687470553e+00	-6.774577292e-02	1.147007364e-18
-1.430000000e-01	4.687486429e+00	-6.814026805e-02	9.319423438e-19
-1.435000000e-01	4.687502339e+00	-6.853476083e-02	1.444332042e-18
-1.440000000e-01	4.687518282e+00	-6.892925124e-02	4.262671030e-19
-1.445000000e-01	4.687534257e+00	-6.932373929e-02	1.144496325e-18
-1.450000000e-01	4.687550266e+00	-6.971822495e-02	1.138101499e-18
-1.455000000e-01	4.687566308e+00	-7.011270823e-02	1.083748265e-18
-1.460000000e-01	4.687582383e+00	-7.050718911e-02	1.017664397e-18
-1.465000000e-01	4.687598491e+00	-7.090166758e-02	1.164643895e-18
-1.470000000e-01	4.687614632e+00	-7.129614364e-02	9.931390845e-19
-1.475000000e-01	4.687630806e+00	-7.169061728e-02	1.407929554e-18
-1.480000000e-01	4.687647013e+00	-7.208508850e-02	1.452100971e-18
-1.485000000e-01	4.687663253e+00	-7.247955727e-02	1.172110840e-18
-1.490000000e-01	4.687679526e+00	-7.287402361e-02	1.040904935e-18
-1.495000000e-01	4.687695832e+00	-7.326848748e-02	4.858816839e-19
-1.500000000e-01	4.687712172e+00	-7.366294889e-02	9.562146129e-19
-1.505000000e-01	4.687728544e+00	-7.405740783e-02	1.812181892e-18
-1.510000000e-01	4.687744950e+00	-7.445186430e-02	1.303471805e-18
-1.515000000e-01	4.687761388e+00	-7.484631828e-02	9.267982870e-19
-1.520000000e-01	4.687777860e+00	-7.524076976e-02	1.105544150e-18
-1.525000000e-01	4.687794364e+00	-7.563521874e-02	7.654175836e-19
-1.530000000e-01	4.687810902e+00	-7.602966521e-02	9.935333820e-19
-1.535000000e-01	4.687827473e+00	-7.642410915e-02	1.114806326e-18
-1.540000000e-01	4.687844076e+00	-7.681855057e-02	1.263639187e-18
-1.545000000e-01	4.687860713e+00	-7.721298945e-02	8.639939204e-19
-1.550000000e-01	4.687877383e+00	-7.760742579e-02	1.743341809e-18
-1.555000000e-01	4.687894086e+00	-7.800185956e-02	9.401582144e-19
-1.560000000e-01	4.687910822e+00	-7.839629079e-02	1.458287400e-18
-1.565000000e-01	4.687927591e+00	-7.879071944e-02	1.362420284e-18
-1.570000000e-01	4.687944393e+00	-7.918514551e-02	9.804095336e-19
-1.575000000e-01	4.687961228e+00	-7.957956899e-02	1.258145507e-18
-1.580000000e-01	4.687978096e+00	-7.997398988e-02	5.177834718e-19
-1.585000000e-01	4.687994997e+00	-8.036840817e-02	9.583687183e-19
-1.590000000e-01	4.688011931e+00	-8.076282384e-02	1.082955662e-18
-1.595000000e-01	4.688028899e+00	-8.115723690e-02	9.436662082e-19
-1.600000000e-01	4.688045899e+00	-8.155164733e-02	8.804235006e-19
-1.605000000e-01	4.688062932e+00	-8.194605512e-02	1.223264188e-18
-1.610000000e-01	4.688079999e+00	-8.234046027e-02	1.054131687e-18
-1.615000000e-01	4.688097098e+00	-8.273486276e-02	1.170577064e-18
-1.620000000e-01	4.688114230e+00	-8.312926259e-02	8.757504220e-19
-1.625000000e-01	4.688131396e+00	-8.352365976e-02	1.382820166e-18
-1.630000000e-01	4.688148594e+00	-8.391805425e-02	1.068951591e-18
-1.635000000e-01	4.688165826e+00	-8.431244605e-02	1.035514603e-18
-1.640000000e-01	4.688183090e+00	-8.470683515e-02	1.011847946e-18
-1.645000000e-01	4.688200388e+00	-8.510122156e-02	1.012901674e-18
-1.650000000e-01	4.688217718e+00	-8.549560525e-02	1.006738474e-18
-1.655000000e-01	4.688235082e+00	-8.588998622e-02	1.346433922e-18
-1.660000000e-01	4.688252478e+00	-8.628436447e-02	1.449917493e-18
-1.665000000e-01	4.688269908e+00	-8.667873998e-02	1.728148608e-18
-1.670000000e-01	4.688287370e+00	-8.707311275e-02	5.192830125e-19
-1.675000000e-01	4.688304866e+00	-8.746748276e-02	1.487521054e-18
-1.680000000e-01	4.688322395e+00	-8.786185002e-02	9.376690395e-19
-1.685000000e-01	4.688339956e+00	-8.825621451e-02	1.188480173e-18
-1.690000000e-01	4.688357551e+00	-8.865057621e-02	7.731156303e-19
-1.695000000e-01	4.688375179e+00	-8.904493513e-02	1.090614274e-18
-1.700000000e-01	4.688392840e+00	-8.943929126e-02	1.263810371e-18
-1.705000000e-01	4.688410533e+00	-8.983364460e-02	1.005115745e-18
-1.710000000e-01	4.688428260e+00	-9.022799511e-02	9.007379475e-19
-1.715000000e-01	4.688446020e+00	-9.062234282e-02	5.813055090e-19
-1.720000000e-01	4.688463813e+00	-9.101668769e-02	7.343330941e-19
-1.725000000e-01	4.688481638e+00	-9.141102973e-02	1.249158265e-18
-1.730000000e-01	4.688499497e+00	-9.180536892e-02	9.790075211e-19
-1.735000000e-01	4.688517389e+00	-9.219970527e-02	1.306771446e-18
-1.740000000e-01	4.688535314e+00	-9.259403876e-02	1.146343457e-18
-1.745000000e-01	4.688553271e+00	-9.298836938e-02	1.142818426e-18
-1.750000000e-01	4.688571262e+00	-9.338269711e-02	1.390231494e-18
-1.755000000e-01	4.688589286e+00	-9.377702197e-02	4.475772648e-19
-1.760000000e-01	4.688607343e+00	-9.417134394e-02	7.442969638e-19
-1.765000000e-01	4.688625433e+00	-9.456566300e-02	1.258246828e-18
-1.770000000e-01	4.688643555e+00	-9.495997916e-02	7.919213766e-19
-1.775000000e-01	4.688661711e+00	-9.535429240e-02	1.172539055e-18
-1.780000000e-01	4.688679900e+00	-9.574860271e-02	7.957640444e-19
-1.785000000e-01	4.688698122e+00	-9.614291009e-02	8.255943778e-19
-1.790000000e-01	4.688716376e+00	-9.653721453e-02	7.305689047e-19
-1.795000000e-01	4.688734664e+00	-9.693151601e-02	1.179855455e-18
-1.800000000e-01	4.688752985e+00	-9.732581453e-02	9.759392052e-19
-1.805000000e-01	4.688771338e+00	-9.772011010e-02	1.191410081e-18
-1.810000000e-01	4.688789725e+00	-9.811440268e-02	9.552991257e-19
-1.815000000e-01	4.688808145e+00	-9.850869229e-02	3.774788220e-19
-1.820000000e-01	4.688826597e+00	-9.890297890e-02	5.399422276e-19
-1.825000000e-01	4.688845083e+00	-9.929726251e-02	1.379991665e-18
-1.830000000e-01	4.688863602e+00	-9.969154311e-02	1.290322815e-18
-1.835000000e-01	4.688882153e+00	-1.000858207e-01	8.218425251e-19
-1.840000000e-01	4.688900738e+00	-1.004800953e-01	1.245291066e-18
-1.845000000e-01	4.688919355e+00	-1.008743668e-01	1.351117932e-18
-1.850000000e-01	4.688938006e+00	-1.012686353e-01	1.794853993e-18
-1.855000000e-01	4.688956690e+00	-1.016629007e-01	1.269859695e-18
-1.860000000e-01	4.688975406e+00	-1.020571631e-01	1.435872100e-18
-1.865000000e-01	4.688994155e+00	-1.024514224e-01	1.161194627e-18
-1.870000000e-01	4.689012938e+00	-1.028456787e-01	7.940873972e-19
-1.875000000e-01	4.689031753e+00	-1.032399318e-01	1.544219898e-18
-1.880000000e-01	4.689050602e+00	-1.036341819e-01	8.578406201e-19
-1.885000000e-01	4.689069483e+00	-1.040284288e-01	1.356328512e-18
-1.890000000e-01	4.689088397e+00	-1.044226727e-01	8.988324801e-19
-1.895000000e-01	4.689107345e+00	-1.048169135e-01	5.108026053e-19
-1.900000000e-01	4.689126325e+00	-1.052111511e-01	9.183723229e-19
-1.905000000e-01	4.689145338e+00	-1.056053856e-01	5.325388591e-19
-1.910000000e-01	4.689164384e+00	-1.059996169e-01	5.882030905e-19
-1.915000000e-01	4.689183463e+00	-1.063938451e-01	1.192707119e-18
-1.920000000e-01	4.689202575e+00	-1.067880702e-01	1.028563885e-18
-1.925000000e-01	4.689221720e+00	-1.071822921e-01	1.238968501e-18
-1.930000000e-01	4.689240898e+00	-1.075765108e-01	1.234880488e-18
-1.935000000e-01	4.689260109e+00	-1.079707263e-01	5.305439574e-19
-1.940000000e-01	4.689279353e+00	-1.083649386e-01	1.069203527e-18
-1.945000000e-01	4.689298630e+00	-1.087591478e-01	1.223656221e-18
-1.950000000e-01	4.689317940e+00	-1.091533537e-01	8.999398172e-19
-1.955000000e-01	4.689337282e+00	-1.095475564e-01	6.381393213e-19
-1.960000000e-01	4.689356658e+00	-1.099417559e-01	1.256426420e-18
-1.965000000e-01	4.689376067e+00	-1.103359522e-01	6.821870068e-19
-1.970000000e-01	4.689395508e+00	-1.107301452e-01	9.352469803e-19
-1.975000000e-01	4.689414983e+00	-1.111243350e-01	9.930981336e-19
-1.980000000e-01	4.689434490e+00	-1.115185215e-01	1.358943864e-18
-1.985000000e-01	4.689454031e+00	-1.119127048e-01	2.492444296e-19
-1.990000000e-01	4.689473604e+00	-1.123068848e-01	1.223597402e-18
-1.995000000e-01	4.689493210e+00	-1.127010615e-01	1.403547424e-18
-2.000000000e-01	4.689512849e+00	-1.130952350e-01	9.710472895e-19
