# epsi_ci     Re(Lambda)      Im(Lambda)      Eq(det), R = 0.10 $\mu$m, $E_p$ = 0.300 eV, modo = 3, $\epsilon_\infty$ = 3.9, $\gamma_{DL}$ = 0.01 eV, solve_det_sinkz_vs_mu.py
0.000000000e+00	4.723032936e+00	4.630909091e-02	7.274553019e-19
-5.000000000e-04	4.723039561e+00	4.591124474e-02	1.216100831e-18
-1.000000000e-03	4.723046218e+00	4.551339854e-02	9.021866920e-19
-1.500000000e-03	4.723052910e+00	4.511555233e-02	7.887747952e-19
-2.000000000e-03	4.723059634e+00	4.471770609e-02	1.387103169e-18
-2.500000000e-03	4.723066392e+00	4.431985986e-02	6.738596263e-19
-3.000000000e-03	4.723073184e+00	4.392201362e-02	6.937566007e-19
-3.500000000e-03	4.723080009e+00	4.352416741e-02	1.333841425e-18
-4.000000000e-03	4.723086867e+00	4.312632121e-02	4.765695745e-19
-4.500000000e-03	4.723093759e+00	4.272847504e-02	1.022206355e-18
-5.000000000e-03	4.723100684e+00	4.233062892e-02	1.190211725e-18
-5.500000000e-03	4.723107643e+00	4.193278284e-02	1.001163236e-18
-6.000000000e-03	4.723114635e+00	4.153493682e-02	9.271985529e-19
-6.500000000e-03	4.723121661e+00	4.113709085e-02	1.728161028e-18
-7.000000000e-03	4.723128720e+00	4.073924497e-02	9.572751204e-19
-7.500000000e-03	4.723135812e+00	4.034139915e-02	9.465105165e-19
-8.000000000e-03	4.723142938e+00	3.994355344e-02	8.891239750e-19
-8.500000000e-03	4.723150098e+00	3.954570782e-02	6.739908486e-19
-9.000000000e-03	4.723157291e+00	3.914786230e-02	8.722990460e-19
-9.500000000e-03	4.723164517e+00	3.875001690e-02	1.169733800e-18
-1.000000000e-02	4.723171776e+00	3.835217162e-02	9.314755712e-19
-1.050000000e-02	4.723179070e+00	3.795432648e-02	9.003542437e-19
-1.100000000e-02	4.723186396e+00	3.755648147e-02	5.785665346e-19
-1.150000000e-02	4.723193756e+00	3.715863661e-02	8.502568081e-19
-1.200000000e-02	4.723201150e+00	3.676079191e-02	1.199432495e-18
-1.250000000e-02	4.723208576e+00	3.636294737e-02	7.863967229e-19
-1.300000000e-02	4.723216037e+00	3.596510301e-02	8.128911119e-19
-1.350000000e-02	4.723223530e+00	3.556725883e-02	1.083622671e-18
-1.400000000e-02	4.723231058e+00	3.516941484e-02	1.020833180e-18
-1.450000000e-02	4.723238618e+00	3.477157104e-02	1.323482742e-18
-1.500000000e-02	4.723246212e+00	3.437372746e-02	6.482171166e-19
-1.550000000e-02	4.723253840e+00	3.397588409e-02	1.193596409e-18
-1.600000000e-02	4.723261501e+00	3.357804095e-02	1.174455891e-18
-1.650000000e-02	4.723269195e+00	3.318019803e-02	1.360995757e-18
-1.700000000e-02	4.723276923e+00	3.278235536e-02	9.861976760e-19
-1.750000000e-02	4.723284684e+00	3.238451294e-02	9.203980224e-19
-1.800000000e-02	4.723292479e+00	3.198667077e-02	1.071982873e-18
-1.850000000e-02	4.723300307e+00	3.158882887e-02	1.101767446e-18
-1.900000000e-02	4.723308168e+00	3.119098725e-02	8.829107818e-19
-1.950000000e-02	4.723316063e+00	3.079314590e-02	6.799227081e-19
-2.000000000e-02	4.723323992e+00	3.039530485e-02	8.007189114e-19
-2.050000000e-02	4.723331954e+00	2.999746411e-02	3.471730281e-19
-2.100000000e-02	4.723339949e+00	2.959962366e-02	1.084133979e-18
-2.150000000e-02	4.723347978e+00	2.920178354e-02	1.348025569e-18
-2.200000000e-02	4.723356040e+00	2.880394374e-02	7.488708357e-19
-2.250000000e-02	4.723364136e+00	2.840610427e-02	1.087750650e-18
-2.300000000e-02	4.723372265e+00	2.800826515e-02	1.028444835e-18
-2.350000000e-02	4.723380427e+00	2.761042638e-02	6.874728002e-19
-2.400000000e-02	4.723388623e+00	2.721258796e-02	7.663509917e-19
-2.450000000e-02	4.723396852e+00	2.681474992e-02	7.854647472e-19
-2.500000000e-02	4.723405115e+00	2.641691225e-02	1.170327136e-18
-2.550000000e-02	4.723413411e+00	2.601907496e-02	7.798159439e-19
-2.600000000e-02	4.723421741e+00	2.562123806e-02	8.538361156e-19
-2.650000000e-02	4.723430104e+00	2.522340157e-02	1.684241573e-18
-2.700000000e-02	4.723438501e+00	2.482556548e-02	1.244957819e-18
-2.750000000e-02	4.723446931e+00	2.442772983e-02	1.120034111e-18
-2.800000000e-02	4.723455394e+00	2.402989459e-02	1.049229821e-18
-2.850000000e-02	4.723463891e+00	2.363205978e-02	6.333891703e-19
-2.900000000e-02	4.723472421e+00	2.323422542e-02	6.628429750e-19
-2.950000000e-02	4.723480985e+00	2.283639151e-02	8.622445949e-19
-3.000000000e-02	4.723489582e+00	2.243855806e-02	1.116530979e-18
-3.050000000e-02	4.723498212e+00	2.204072508e-02	1.272196867e-18
-3.100000000e-02	4.723506876e+00	2.164289257e-02	8.489708124e-19
-3.150000000e-02	4.723515574e+00	2.124506055e-02	9.292220875e-19
-3.200000000e-02	4.723524305e+00	2.084722903e-02	1.337203559e-18
-3.250000000e-02	4.723533069e+00	2.044939801e-02	1.160181414e-18
-3.300000000e-02	4.723541867e+00	2.005156749e-02	1.193430967e-18
-3.350000000e-02	4.723550698e+00	1.965373751e-02	1.509454861e-18
-3.400000000e-02	4.723559562e+00	1.925590804e-02	5.532803319e-19
-3.450000000e-02	4.723568460e+00	1.885807910e-02	1.418012899e-18
-3.500000000e-02	4.723577392e+00	1.846025072e-02	8.077876392e-19
-3.550000000e-02	4.723586357e+00	1.806242289e-02	8.677379837e-19
-3.600000000e-02	4.723595355e+00	1.766459562e-02	1.103626751e-18
-3.650000000e-02	4.723604387e+00	1.726676892e-02	9.211760400e-19
-3.700000000e-02	4.723613452e+00	1.686894280e-02	9.076468401e-19
-3.750000000e-02	4.723622551e+00	1.647111725e-02	9.298116814e-19
-3.800000000e-02	4.723631683e+00	1.607329231e-02	8.335099068e-19
-3.850000000e-02	4.723640848e+00	1.567546797e-02	6.463575155e-19
-3.900000000e-02	4.723650047e+00	1.527764424e-02	1.095438481e-18
-3.950000000e-02	4.723659279e+00	1.487982114e-02	8.415876193e-19
-4.000000000e-02	4.723668545e+00	1.448199866e-02	9.938199983e-19
-4.050000000e-02	4.723677844e+00	1.408417682e-02	6.673797655e-19
-4.100000000e-02	4.723687177e+00	1.368635563e-02	1.298564447e-18
-4.150000000e-02	4.723696543e+00	1.328853508e-02	6.741867222e-19
-4.200000000e-02	4.723705942e+00	1.289071520e-02	4.603384509e-19
-4.250000000e-02	4.723715375e+00	1.249289600e-02	1.220830213e-18
-4.300000000e-02	4.723724842e+00	1.209507747e-02	6.401339827e-19
-4.350000000e-02	4.723734341e+00	1.169725962e-02	1.358189294e-18
-4.400000000e-02	4.723743874e+00	1.129944248e-02	1.497884779e-18
-4.450000000e-02	4.723753441e+00	1.090162604e-02	8.637956971e-19
-4.500000000e-02	4.723763041e+00	1.050381031e-02	1.307906619e-18
-4.550000000e-02	4.723772675e+00	1.010599530e-02	7.996766745e-19
-4.600000000e-02	4.723782341e+00	9.708181027e-03	1.047230518e-18
-4.650000000e-02	4.723792042e+00	9.310367483e-03	9.623295031e-19
-4.700000000e-02	4.723801775e+00	8.912554690e-03	9.121429542e-19
-4.750000000e-02	4.723811543e+00	8.514742655e-03	7.083002882e-19
-4.800000000e-02	4.723821343e+00	8.116931376e-03	1.107208813e-18
-4.850000000e-02	4.723831177e+00	7.719120875e-03	7.889736769e-19
-4.900000000e-02	4.723841045e+00	7.321311149e-03	1.134272685e-18
-4.950000000e-02	4.723850945e+00	6.923502223e-03	9.430291274e-19
-5.000000000e-02	4.723860880e+00	6.525694080e-03	1.040679736e-18
-5.050000000e-02	4.723870847e+00	6.127886749e-03	7.380783966e-19
-5.100000000e-02	4.723880848e+00	5.730080237e-03	7.543733368e-19
-5.150000000e-02	4.723890883e+00	5.332274543e-03	9.323533715e-19
-5.200000000e-02	4.723900951e+00	4.934469673e-03	1.286411718e-18
-5.250000000e-02	4.723911052e+00	4.536665649e-03	8.689595505e-19
-5.300000000e-02	4.723921187e+00	4.138862477e-03	1.298583661e-18
-5.350000000e-02	4.723931355e+00	3.741060150e-03	1.540686982e-18
-5.400000000e-02	4.723941557e+00	3.343258694e-03	8.056136641e-19
-5.450000000e-02	4.723951792e+00	2.945458116e-03	1.446885528e-18
-5.500000000e-02	4.723962060e+00	2.547658413e-03	1.368793415e-18
-5.550000000e-02	4.723972362e+00	2.149859597e-03	1.058258097e-18
-5.600000000e-02	4.723982698e+00	1.752061682e-03	1.048929662e-18
-5.650000000e-02	4.723993066e+00	1.354264675e-03	8.904993939e-19
-5.700000000e-02	4.724003469e+00	9.564685849e-04	1.000329932e-18
-5.750000000e-02	4.724013904e+00	5.586734154e-04	1.133267892e-18
-5.800000000e-02	4.724024373e+00	1.608791760e-04	7.591545626e-19
-5.850000000e-02	4.724034876e+00	-2.369141223e-04	6.625686999e-19
-5.900000000e-02	4.724045411e+00	-6.347064679e-04	1.028190735e-18
-5.950000000e-02	4.724055981e+00	-1.032497862e-03	1.060056804e-18
-6.000000000e-02	4.724066583e+00	-1.430288289e-03	5.646983262e-19
-6.050000000e-02	4.724077219e+00	-1.828077739e-03	1.071073499e-18
-6.100000000e-02	4.724087889e+00	-2.225866211e-03	7.573989059e-19
-6.150000000e-02	4.724098592e+00	-2.623653691e-03	8.605465853e-19
-6.200000000e-02	4.724109328e+00	-3.021440168e-03	1.159352754e-18
-6.250000000e-02	4.724120098e+00	-3.419225642e-03	5.731246057e-19
-6.300000000e-02	4.724130901e+00	-3.817010099e-03	6.676763018e-19
-6.350000000e-02	4.724141737e+00	-4.214793532e-03	1.041457879e-18
-6.400000000e-02	4.724152607e+00	-4.612575930e-03	1.228925782e-18
-6.450000000e-02	4.724163511e+00	-5.010357288e-03	8.180177757e-19
-6.500000000e-02	4.724174447e+00	-5.408137598e-03	5.519466558e-19
-6.550000000e-02	4.724185418e+00	-5.805916849e-03	9.215970301e-19
-6.600000000e-02	4.724196421e+00	-6.203695032e-03	6.324315306e-19
-6.650000000e-02	4.724207458e+00	-6.601472144e-03	1.181817910e-18
-6.700000000e-02	4.724218529e+00	-6.999248163e-03	5.605350693e-19
-6.750000000e-02	4.724229633e+00	-7.397023102e-03	7.709054396e-19
-6.800000000e-02	4.724240770e+00	-7.794796933e-03	1.120093013e-18
-6.850000000e-02	4.724251940e+00	-8.192569653e-03	1.352535860e-18
-6.900000000e-02	4.724263144e+00	-8.590341261e-03	1.394361618e-18
-6.950000000e-02	4.724274382e+00	-8.988111750e-03	7.916157040e-19
-7.000000000e-02	4.724285653e+00	-9.385881099e-03	9.876792617e-19
-7.050000000e-02	4.724296957e+00	-9.783649302e-03	5.078143708e-19
-7.100000000e-02	4.724308295e+00	-1.018141636e-02	9.203075760e-19
-7.150000000e-02	4.724319666e+00	-1.057918226e-02	8.827563271e-19
-7.200000000e-02	4.724331070e+00	-1.097694699e-02	9.370989308e-19
-7.250000000e-02	4.724342508e+00	-1.137471054e-02	8.129761552e-19
-7.300000000e-02	4.724353980e+00	-1.177247291e-02	9.906373982e-19
-7.350000000e-02	4.724365484e+00	-1.217023409e-02	9.412337352e-19
-7.400000000e-02	4.724377022e+00	-1.256799406e-02	9.304353761e-19
-7.450000000e-02	4.724388594e+00	-1.296575282e-02	6.996899868e-19
-7.500000000e-02	4.724400199e+00	-1.336351038e-02	1.270910725e-18
-7.550000000e-02	4.724411837e+00	-1.376126670e-02	1.375267842e-18
-7.600000000e-02	4.724423509e+00	-1.415902178e-02	8.478088713e-19
-7.650000000e-02	4.724435214e+00	-1.455677563e-02	8.047333540e-19
-7.700000000e-02	4.724446952e+00	-1.495452821e-02	1.209554619e-18
-7.750000000e-02	4.724458724e+00	-1.535227955e-02	5.241106952e-19
-7.800000000e-02	4.724470530e+00	-1.575002961e-02	8.066044801e-19
-7.850000000e-02	4.724482368e+00	-1.614777841e-02	1.128027003e-18
-7.900000000e-02	4.724494240e+00	-1.654552590e-02	4.408260250e-19
-7.950000000e-02	4.724506146e+00	-1.694327211e-02	1.195355868e-18
-8.000000000e-02	4.724518085e+00	-1.734101702e-02	9.865301655e-19
-8.050000000e-02	4.724530057e+00	-1.773876061e-02	1.033168309e-18
-8.100000000e-02	4.724542063e+00	-1.813650289e-02	6.962794918e-19
-8.150000000e-02	4.724554102e+00	-1.853424384e-02	8.128728070e-19
-8.200000000e-02	4.724566174e+00	-1.893198345e-02	1.032443718e-18
-8.250000000e-02	4.724578280e+00	-1.932972173e-02	1.398352311e-18
-8.300000000e-02	4.724590420e+00	-1.972745864e-02	5.143966862e-19
-8.350000000e-02	4.724602592e+00	-2.012519420e-02	9.625508308e-19
-8.400000000e-02	4.724614798e+00	-2.052292838e-02	9.323180952e-19
-8.450000000e-02	4.724627038e+00	-2.092066120e-02	5.567632295e-19
-8.500000000e-02	4.724639311e+00	-2.131839262e-02	7.756058593e-19
-8.550000000e-02	4.724651617e+00	-2.171612265e-02	1.170655998e-18
-8.600000000e-02	4.724663956e+00	-2.211385127e-02	9.093892990e-19
-8.650000000e-02	4.724676329e+00	-2.251157849e-02	1.321319184e-18
-8.700000000e-02	4.724688736e+00	-2.290930429e-02	1.230208898e-18
-8.750000000e-02	4.724701176e+00	-2.330702866e-02	8.038039670e-19
-8.800000000e-02	4.724713649e+00	-2.370475158e-02	1.026755041e-18
-8.850000000e-02	4.724726155e+00	-2.410247307e-02	1.455914069e-18
-8.900000000e-02	4.724738695e+00	-2.450019310e-02	1.342207708e-18
-8.950000000e-02	4.724751269e+00	-2.489791168e-02	6.500814224e-19
-9.000000000e-02	4.724763875e+00	-2.529562878e-02	7.762592240e-19
-9.050000000e-02	4.724776515e+00	-2.569334440e-02	6.680588318e-19
-9.100000000e-02	4.724789189e+00	-2.609105853e-02	1.254545467e-18
-9.150000000e-02	4.724801896e+00	-2.648877118e-02	9.987751873e-19
-9.200000000e-02	4.724814636e+00	-2.688648231e-02	9.386318213e-19
-9.250000000e-02	4.724827410e+00	-2.728419193e-02	8.743602350e-19
-9.300000000e-02	4.724840217e+00	-2.768190004e-02	1.347088480e-18
-9.350000000e-02	4.724853057e+00	-2.807960662e-02	1.088762059e-18
-9.400000000e-02	4.724865931e+00	-2.847731165e-02	1.253221328e-18
-9.450000000e-02	4.724878838e+00	-2.887501515e-02	1.210241140e-18
-9.500000000e-02	4.724891779e+00	-2.927271708e-02	9.293068318e-19
-9.550000000e-02	4.724904752e+00	-2.967041746e-02	1.273431988e-18
-9.600000000e-02	4.724917760e+00	-3.006811626e-02	1.256948496e-18
-9.650000000e-02	4.724930800e+00	-3.046581349e-02	1.400639180e-18
-9.700000000e-02	4.724943874e+00	-3.086350913e-02	4.654161481e-19
-9.750000000e-02	4.724956982e+00	-3.126120317e-02	1.223525154e-18
-9.800000000e-02	4.724970123e+00	-3.165889561e-02	9.755318763e-19
-9.850000000e-02	4.724983297e+00	-3.205658643e-02	9.853575066e-19
-9.900000000e-02	4.724996504e+00	-3.245427563e-02	1.570985510e-18
-9.950000000e-02	4.725009745e+00	-3.285196322e-02	9.296552909e-19
-1.000000000e-01	4.725023020e+00	-3.324964915e-02	1.393475333e-18
-1.005000000e-01	4.725036327e+00	-3.364733344e-02	1.091701812e-18
-1.010000000e-01	4.725049668e+00	-3.404501608e-02	9.260104045e-19
-1.015000000e-01	4.725063043e+00	-3.444269705e-02	6.054887888e-19
-1.020000000e-01	4.725076450e+00	-3.484037635e-02	1.738091590e-18
-1.025000000e-01	4.725089892e+00	-3.523805397e-02	1.213620524e-18
-1.030000000e-01	4.725103366e+00	-3.563572989e-02	8.642175507e-19
-1.035000000e-01	4.725116874e+00	-3.603340413e-02	7.302058808e-19
-1.040000000e-01	4.725130415e+00	-3.643107666e-02	7.492704171e-19
-1.045000000e-01	4.725143990e+00	-3.682874748e-02	6.151954621e-19
-1.050000000e-01	4.725157598e+00	-3.722641657e-02	7.551715134e-19
-1.055000000e-01	4.725171239e+00	-3.762408394e-02	3.548482515e-19
-1.060000000e-01	4.725184914e+00	-3.802174956e-02	7.496564374e-19
-1.065000000e-01	4.725198622e+00	-3.841941344e-02	1.144834976e-18
-1.070000000e-01	4.725212363e+00	-3.881707556e-02	7.070451561e-19
-1.075000000e-01	4.725226138e+00	-3.921473592e-02	1.461704945e-18
-1.080000000e-01	4.725239946e+00	-3.961239451e-02	9.167628923e-19
-1.085000000e-01	4.725253788e+00	-4.001005131e-02	9.336846679e-19
-1.090000000e-01	4.725267662e+00	-4.040770633e-02	9.255185112e-19
-1.095000000e-01	4.725281571e+00	-4.080535955e-02	9.623307309e-19
-1.100000000e-01	4.725295512e+00	-4.120301097e-02	2.044286369e-18
-1.105000000e-01	4.725309487e+00	-4.160066057e-02	1.251976155e-18
-1.110000000e-01	4.725323496e+00	-4.199830834e-02	7.040059485e-19
-1.115000000e-01	4.725337537e+00	-4.239595429e-02	1.292784003e-18
-1.120000000e-01	4.725351612e+00	-4.279359839e-02	1.089301579e-18
-1.125000000e-01	4.725365720e+00	-4.319124066e-02	1.439181336e-18
-1.130000000e-01	4.725379862e+00	-4.358888106e-02	7.339791103e-19
-1.135000000e-01	4.725394037e+00	-4.398651959e-02	1.322928955e-18
-1.140000000e-01	4.725408246e+00	-4.438415626e-02	6.107760001e-19
-1.145000000e-01	4.725422487e+00	-4.478179105e-02	1.227157575e-18
-1.150000000e-01	4.725436763e+00	-4.517942394e-02	1.144591768e-18
-1.155000000e-01	4.725451071e+00	-4.557705494e-02	5.052658377e-19
-1.160000000e-01	4.725465413e+00	-4.597468403e-02	1.222162166e-18
-1.165000000e-01	4.725479788e+00	-4.637231121e-02	1.063901724e-18
-1.170000000e-01	4.725494196e+00	-4.676993646e-02	9.880704612e-19
-1.175000000e-01	4.725508638e+00	-4.716755979e-02	1.036861762e-18
-1.180000000e-01	4.725523114e+00	-4.756518117e-02	1.199299697e-18
-1.185000000e-01	4.725537622e+00	-4.796280060e-02	1.128358381e-18
-1.190000000e-01	4.725552164e+00	-4.836041808e-02	5.590707883e-19
-1.195000000e-01	4.725566739e+00	-4.875803359e-02	1.072629081e-18
-1.200000000e-01	4.725581348e+00	-4.915564713e-02	1.162692485e-18
-1.205000000e-01	4.725595990e+00	-4.955325868e-02	1.243508119e-18
-1.210000000e-01	4.725610665e+00	-4.995086825e-02	1.145562163e-18
-1.215000000e-01	4.725625373e+00	-5.034847582e-02	4.580865490e-19
-1.220000000e-01	4.725640115e+00	-5.074608138e-02	8.947554523e-19
-1.225000000e-01	4.725654891e+00	-5.114368493e-02	1.071565798e-18
-1.230000000e-01	4.725669699e+00	-5.154128645e-02	7.084082294e-19
-1.235000000e-01	4.725684541e+00	-5.193888594e-02	5.360485065e-19
-1.240000000e-01	4.725699416e+00	-5.233648339e-02	4.941543819e-19
-1.245000000e-01	4.725714325e+00	-5.273407879e-02	1.159085895e-18
-1.250000000e-01	4.725729267e+00	-5.313167213e-02	8.454993581e-19
-1.255000000e-01	4.725744242e+00	-5.352926341e-02	1.559255055e-18
-1.260000000e-01	4.725759251e+00	-5.392685261e-02	1.282615964e-18
-1.265000000e-01	4.725774293e+00	-5.432443974e-02	1.134205792e-18
-1.270000000e-01	4.725789368e+00	-5.472202478e-02	8.923429922e-19
-1.275000000e-01	4.725804477e+00	-5.511960771e-02	1.404793096e-18
-1.280000000e-01	4.725819619e+00	-5.551718853e-02	1.266456961e-18
-1.285000000e-01	4.725834794e+00	-5.591476724e-02	6.776560194e-19
-1.290000000e-01	4.725850002e+00	-5.631234383e-02	1.583224808e-18
-1.295000000e-01	4.725865244e+00	-5.670991828e-02	6.588514134e-19
-1.300000000e-01	4.725880520e+00	-5.710749059e-02	9.465751266e-19
-1.305000000e-01	4.725895828e+00	-5.750506076e-02	7.943892453e-19
-1.310000000e-01	4.725911170e+00	-5.790262877e-02	1.871606516e-18
-1.315000000e-01	4.725926545e+00	-5.830019461e-02	8.583183631e-19
-1.320000000e-01	4.725941954e+00	-5.869775827e-02	5.145317309e-19
-1.325000000e-01	4.725957396e+00	-5.909531976e-02	1.332990645e-18
-1.330000000e-01	4.725972871e+00	-5.949287905e-02	1.180940762e-18
-1.335000000e-01	4.725988379e+00	-5.989043615e-02	9.210054878e-19
-1.340000000e-01	4.726003921e+00	-6.028799103e-02	1.034665831e-18
-1.345000000e-01	4.726019496e+00	-6.068554370e-02	5.991363480e-19
-1.350000000e-01	4.726035104e+00	-6.108309414e-02	1.740282569e-18
-1.355000000e-01	4.726050746e+00	-6.148064236e-02	1.186925992e-18
-1.360000000e-01	4.726066421e+00	-6.187818833e-02	1.120309511e-18
-1.365000000e-01	4.726082130e+00	-6.227573205e-02	1.018345429e-18
-1.370000000e-01	4.726097871e+00	-6.267327352e-02	9.359496356e-19
-1.375000000e-01	4.726113646e+00	-6.307081271e-02	8.046556126e-19
-1.380000000e-01	4.726129455e+00	-6.346834964e-02	1.109637326e-18
-1.385000000e-01	4.726145296e+00	-6.386588428e-02	9.963502236e-19
-1.390000000e-01	4.726161171e+00	-6.426341663e-02	4.513018528e-19
-1.395000000e-01	4.726177079e+00	-6.466094668e-02	1.056400968e-18
-1.400000000e-01	4.726193021e+00	-6.505847442e-02	1.211876696e-18
-1.405000000e-01	4.726208996e+00	-6.545599985e-02	1.199262274e-18
-1.410000000e-01	4.726225004e+00	-6.585352295e-02	1.116522808e-18
-1.415000000e-01	4.726241045e+00	-6.625104372e-02	7.420233773e-19
-1.420000000e-01	4.726257120e+00	-6.664856214e-02	4.605373328e-19
-1.425000000e-01	4.726273228e+00	-6.704607822e-02	1.082905736e-18
-1.430000000e-01	4.726289369e+00	-6.744359194e-02	7.457784956e-19
-1.435000000e-01	4.726305544e+00	-6.784110329e-02	9.243132519e-19
-1.440000000e-01	4.726321752e+00	-6.823861227e-02	9.279422409e-19
-1.445000000e-01	4.726337993e+00	-6.863611887e-02	7.692916790e-19
-1.450000000e-01	4.726354268e+00	-6.903362307e-02	7.796798549e-19
-1.455000000e-01	4.726370576e+00	-6.943112487e-02	1.077018113e-18
-1.460000000e-01	4.726386917e+00	-6.982862426e-02	1.133153102e-18
-1.465000000e-01	4.726403291e+00	-7.022612125e-02	6.922330418e-19
-1.470000000e-01	4.726419699e+00	-7.062361580e-02	9.482343551e-19
-1.475000000e-01	4.726436140e+00	-7.102110792e-02	1.077853738e-18
-1.480000000e-01	4.726452614e+00	-7.141859760e-02	8.646127473e-19
-1.485000000e-01	4.726469122e+00	-7.181608483e-02	8.890011760e-19
-1.490000000e-01	4.726485663e+00	-7.221356960e-02	1.043201986e-18
-1.495000000e-01	4.726502237e+00	-7.261105190e-02	4.148570388e-19
-1.500000000e-01	4.726518844e+00	-7.300853173e-02	8.776185661e-19
-1.505000000e-01	4.726535485e+00	-7.340600908e-02	8.557035794e-19
-1.510000000e-01	4.726552159e+00	-7.380348394e-02	1.854097406e-18
-1.515000000e-01	4.726568866e+00	-7.420095629e-02	6.516252202e-19
-1.520000000e-01	4.726585607e+00	-7.459842613e-02	3.504918966e-19
-1.525000000e-01	4.726602381e+00	-7.499589347e-02	7.834915270e-19
-1.530000000e-01	4.726619188e+00	-7.539335827e-02	1.293450449e-18
-1.535000000e-01	4.726636028e+00	-7.579082054e-02	9.029241599e-19
-1.540000000e-01	4.726652902e+00	-7.618828028e-02	1.401261454e-18
-1.545000000e-01	4.726669809e+00	-7.658573745e-02	1.183307627e-18
-1.550000000e-01	4.726686749e+00	-7.698319207e-02	9.624601294e-19
-1.555000000e-01	4.726703723e+00	-7.738064413e-02	1.079382434e-18
-1.560000000e-01	4.726720729e+00	-7.777809361e-02	1.232106028e-18
-1.565000000e-01	4.726737769e+00	-7.817554051e-02	1.480112503e-18
-1.570000000e-01	4.726754843e+00	-7.857298481e-02	4.951936479e-19
-1.575000000e-01	4.726771949e+00	-7.897042651e-02	8.623707530e-19
-1.580000000e-01	4.726789089e+00	-7.936786561e-02	8.868132266e-19
-1.585000000e-01	4.726806262e+00	-7.976530209e-02	1.176468803e-18
-1.590000000e-01	4.726823469e+00	-8.016273595e-02	1.182135307e-18
-1.595000000e-01	4.726840709e+00	-8.056016717e-02	7.800166267e-19
-1.600000000e-01	4.726857981e+00	-8.095759575e-02	1.087731062e-18
-1.605000000e-01	4.726875288e+00	-8.135502168e-02	1.728433072e-18
-1.610000000e-01	4.726892627e+00	-8.175244495e-02	8.493361415e-19
-1.615000000e-01	4.726910000e+00	-8.214986556e-02	5.420680976e-19
-1.620000000e-01	4.726927406e+00	-8.254728348e-02	1.329968383e-18
-1.625000000e-01	4.726944845e+00	-8.294469873e-02	8.498382827e-19
-1.630000000e-01	4.726962318e+00	-8.334211128e-02	1.042617062e-18
-1.635000000e-01	4.726979823e+00	-8.373952114e-02	1.011283289e-18
-1.640000000e-01	4.726997362e+00	-8.413692829e-02	1.357349599e-18
-1.645000000e-01	4.727014935e+00	-8.453433272e-02	1.200024249e-18
-1.650000000e-01	4.727032540e+00	-8.493173443e-02	9.542139882e-19
-1.655000000e-01	4.727050179e+00	-8.532913340e-02	8.802152813e-19
-1.660000000e-01	4.727067851e+00	-8.572652963e-02	8.454423460e-19
-1.665000000e-01	4.727085556e+00	-8.612392311e-02	7.922891761e-19
-1.670000000e-01	4.727103295e+00	-8.652131384e-02	8.682379416e-19
-1.675000000e-01	4.727121067e+00	-8.691870179e-02	5.710891889e-19
-1.680000000e-01	4.727138872e+00	-8.731608697e-02	9.325330453e-19
-1.685000000e-01	4.727156710e+00	-8.771346937e-02	9.441382756e-19
-1.690000000e-01	4.727174581e+00	-8.811084898e-02	7.383659924e-19
-1.695000000e-01	4.727192486e+00	-8.850822578e-02	1.168770776e-18
-1.700000000e-01	4.727210424e+00	-8.890559978e-02	5.692880156e-19
-1.705000000e-01	4.727228395e+00	-8.930297097e-02	1.100466144e-18
-1.710000000e-01	4.727246400e+00	-8.970033933e-02	1.044096223e-18
-1.715000000e-01	4.727264438e+00	-9.009770485e-02	3.571498747e-19
-1.720000000e-01	4.727282509e+00	-9.049506753e-02	7.321068709e-19
-1.725000000e-01	4.727300613e+00	-9.089242737e-02	4.014275636e-19
-1.730000000e-01	4.727318750e+00	-9.128978434e-02	9.791772556e-19
-1.735000000e-01	4.727336921e+00	-9.168713846e-02	1.330192955e-18
-1.740000000e-01	4.727355125e+00	-9.208448969e-02	1.199919185e-18
-1.745000000e-01	4.727373362e+00	-9.248183804e-02	1.798991710e-18
-1.750000000e-01	4.727391632e+00	-9.287918350e-02	1.297778886e-18
-1.755000000e-01	4.727409936e+00	-9.327652606e-02	9.965192585e-19
-1.760000000e-01	4.727428273e+00	-9.367386571e-02	5.363415552e-19
-1.765000000e-01	4.727446643e+00	-9.407120245e-02	7.644607355e-19
-1.770000000e-01	4.727465046e+00	-9.446853626e-02	6.366590721e-19
-1.775000000e-01	4.727483482e+00	-9.486586714e-02	1.085427249e-18
-1.780000000e-01	4.727501952e+00	-9.526319508e-02	1.155675482e-18
-1.785000000e-01	4.727520455e+00	-9.566052007e-02	9.721465643e-19
-1.790000000e-01	4.727538991e+00	-9.605784210e-02	1.081312986e-18
-1.795000000e-01	4.727557561e+00	-9.645516117e-02	7.424789245e-19
-1.800000000e-01	4.727576163e+00	-9.685247726e-02	7.577854934e-19
-1.805000000e-01	4.727594799e+00	-9.724979037e-02	8.896024192e-19
-1.810000000e-01	4.727613468e+00	-9.764710049e-02	6.154114878e-19
-1.815000000e-01	4.727632170e+00	-9.804440760e-02	1.353474254e-18
-1.820000000e-01	4.727650906e+00	-9.844171171e-02	1.214578491e-18
-1.825000000e-01	4.727669674e+00	-9.883901282e-02	1.318709677e-18
-1.830000000e-01	4.727688476e+00	-9.923631089e-02	1.192936202e-18
-1.835000000e-01	4.727707311e+00	-9.963360592e-02	1.398474230e-18
-1.840000000e-01	4.727726180e+00	-1.000308979e-01	5.597435423e-19
-1.845000000e-01	4.727745081e+00	-1.004281869e-01	1.177615970e-18
-1.850000000e-01	4.727764016e+00	-1.008254728e-01	6.065156171e-19
-1.855000000e-01	4.727782984e+00	-1.012227556e-01	1.437300837e-18
-1.860000000e-01	4.727801985e+00	-1.016200353e-01	8.549857534e-19
-1.865000000e-01	4.727821019e+00	-1.020173120e-01	1.150759525e-18
-1.870000000e-01	4.727840087e+00	-1.024145856e-01	4.263496996e-19
-1.875000000e-01	4.727859187e+00	-1.028118561e-01	1.146303897e-18
-1.880000000e-01	4.727878321e+00	-1.032091234e-01	8.097817784e-19
-1.885000000e-01	4.727897488e+00	-1.036063877e-01	8.812502579e-19
-1.890000000e-01	4.727916689e+00	-1.040036488e-01	1.059376968e-18
-1.895000000e-01	4.727935922e+00	-1.044009068e-01	1.261865554e-18
-1.900000000e-01	4.727955189e+00	-1.047981617e-01	6.042496846e-19
-1.905000000e-01	4.727974489e+00	-1.051954134e-01	1.257104755e-18
-1.910000000e-01	4.727993822e+00	-1.055926620e-01	8.640786032e-19
-1.915000000e-01	4.728013188e+00	-1.059899074e-01	1.021736880e-18
-1.920000000e-01	4.728032587e+00	-1.063871496e-01	9.553494376e-19
-1.925000000e-01	4.728052020e+00	-1.067843886e-01	5.707027671e-19
-1.930000000e-01	4.728071486e+00	-1.071816245e-01	9.291583454e-19
-1.935000000e-01	4.728090985e+00	-1.075788571e-01	7.376221055e-19
-1.940000000e-01	4.728110517e+00	-1.079760866e-01	8.254773005e-19
-1.945000000e-01	4.728130082e+00	-1.083733128e-01	1.143747432e-18
-1.950000000e-01	4.728149681e+00	-1.087705358e-01	1.266979469e-18
-1.955000000e-01	4.728169313e+00	-1.091677556e-01	1.225044252e-18
-1.960000000e-01	4.728188978e+00	-1.095649721e-01	1.110992852e-18
-1.965000000e-01	4.728208676e+00	-1.099621854e-01	1.204712195e-18
-1.970000000e-01	4.728228407e+00	-1.103593954e-01	5.735990863e-19
-1.975000000e-01	4.728248171e+00	-1.107566022e-01	7.996900804e-19
-1.980000000e-01	4.728267969e+00	-1.111538057e-01	1.097030233e-18
-1.985000000e-01	4.728287800e+00	-1.115510059e-01	8.325176878e-19
-1.990000000e-01	4.728307663e+00	-1.119482028e-01	1.472096484e-18
-1.995000000e-01	4.728327561e+00	-1.123453964e-01	1.032374433e-18
-2.000000000e-01	4.728347491e+00	-1.127425868e-01	9.651136418e-19
