# epsi_ci     Re(Lambda)      Im(Lambda)      Eq(det), R = 0.10 $\mu$m, $E_p$ = 0.300 eV, modo = 3, $\epsilon_\infty$ = 3.9, $\gamma_{DL}$ = 0.01 eV, solve_det_sinkz_vs_mu.py
0.000000000e+00	4.414587419e+00	3.503381871e-02	1.149618912e-18
-5.000000000e-04	4.414592564e+00	3.466032909e-02	1.339149425e-18
-1.000000000e-03	4.414597740e+00	3.428683947e-02	2.141954915e-18
-1.500000000e-03	4.414602948e+00	3.391334984e-02	1.570554428e-18
-2.000000000e-03	4.414608187e+00	3.353986022e-02	1.132380739e-18
-2.500000000e-03	4.414613458e+00	3.316637061e-02	2.427232831e-18
-3.000000000e-03	4.414618761e+00	3.279288101e-02	1.963817701e-18
-3.500000000e-03	4.414624095e+00	3.241939144e-02	1.148886472e-18
-4.000000000e-03	4.414629460e+00	3.204590191e-02	1.975077114e-18
-4.500000000e-03	4.414634857e+00	3.167241242e-02	2.143973844e-18
-5.000000000e-03	4.414640286e+00	3.129892299e-02	1.749430603e-18
-5.500000000e-03	4.414645746e+00	3.092543361e-02	1.973956671e-18
-6.000000000e-03	4.414651238e+00	3.055194430e-02	1.546228347e-18
-6.500000000e-03	4.414656761e+00	3.017845507e-02	1.503301316e-18
-7.000000000e-03	4.414662316e+00	2.980496592e-02	1.953805813e-18
-7.500000000e-03	4.414667902e+00	2.943147686e-02	1.577775509e-18
-8.000000000e-03	4.414673520e+00	2.905798790e-02	1.276232349e-18
-8.500000000e-03	4.414679170e+00	2.868449905e-02	3.612725783e-19
-9.000000000e-03	4.414684851e+00	2.831101031e-02	1.587780061e-18
-9.500000000e-03	4.414690563e+00	2.793752171e-02	1.890964967e-18
-1.000000000e-02	4.414696308e+00	2.756403323e-02	1.209671464e-18
-1.050000000e-02	4.414702083e+00	2.719054489e-02	1.495373536e-18
-1.100000000e-02	4.414707890e+00	2.681705669e-02	1.509845613e-18
-1.150000000e-02	4.414713729e+00	2.644356866e-02	1.527123137e-18
-1.200000000e-02	4.414719600e+00	2.607008078e-02	1.144713036e-18
-1.250000000e-02	4.414725501e+00	2.569659308e-02	1.294535976e-18
-1.300000000e-02	4.414731435e+00	2.532310555e-02	2.084130379e-18
-1.350000000e-02	4.414737400e+00	2.494961822e-02	1.540694734e-18
-1.400000000e-02	4.414743396e+00	2.457613108e-02	1.409011464e-18
-1.450000000e-02	4.414749424e+00	2.420264415e-02	1.898802585e-18
-1.500000000e-02	4.414755484e+00	2.382915743e-02	1.578917496e-18
-1.550000000e-02	4.414761575e+00	2.345567092e-02	1.925827204e-18
-1.600000000e-02	4.414767698e+00	2.308218464e-02	1.150805782e-18
-1.650000000e-02	4.414773852e+00	2.270869860e-02	1.310958643e-18
-1.700000000e-02	4.414780038e+00	2.233521280e-02	1.979403868e-18
-1.750000000e-02	4.414786255e+00	2.196172726e-02	1.497996097e-18
-1.800000000e-02	4.414792504e+00	2.158824197e-02	1.558944230e-18
-1.850000000e-02	4.414798785e+00	2.121475695e-02	2.069796611e-18
-1.900000000e-02	4.414805097e+00	2.084127221e-02	8.609190161e-19
-1.950000000e-02	4.414811440e+00	2.046778775e-02	9.991501555e-19
-2.000000000e-02	4.414817815e+00	2.009430358e-02	1.198076789e-18
-2.050000000e-02	4.414824222e+00	1.972081971e-02	1.415054481e-18
-2.100000000e-02	4.414830660e+00	1.934733615e-02	2.067962903e-18
-2.150000000e-02	4.414837130e+00	1.897385291e-02	1.840805948e-18
-2.200000000e-02	4.414843631e+00	1.860036998e-02	1.545671753e-18
-2.250000000e-02	4.414850164e+00	1.822688739e-02	2.119783144e-18
-2.300000000e-02	4.414856728e+00	1.785340514e-02	1.337553315e-18
-2.350000000e-02	4.414863324e+00	1.747992323e-02	1.544962030e-18
-2.400000000e-02	4.414869952e+00	1.710644169e-02	2.174589562e-18
-2.450000000e-02	4.414876611e+00	1.673296050e-02	1.109183548e-18
-2.500000000e-02	4.414883301e+00	1.635947969e-02	1.300158778e-18
-2.550000000e-02	4.414890023e+00	1.598599925e-02	1.992915495e-18
-2.600000000e-02	4.414896777e+00	1.561251921e-02	1.941548928e-18
-2.650000000e-02	4.414903562e+00	1.523903956e-02	8.567549021e-19
-2.700000000e-02	4.414910379e+00	1.486556031e-02	2.252695092e-18
-2.750000000e-02	4.414917227e+00	1.449208147e-02	1.279960630e-18
-2.800000000e-02	4.414924107e+00	1.411860306e-02	1.738246814e-18
-2.850000000e-02	4.414931018e+00	1.374512507e-02	1.259542730e-18
-2.900000000e-02	4.414937961e+00	1.337164752e-02	2.373751156e-18
-2.950000000e-02	4.414944936e+00	1.299817041e-02	1.824664861e-18
-3.000000000e-02	4.414951942e+00	1.262469375e-02	2.074354048e-18
-3.050000000e-02	4.414958979e+00	1.225121755e-02	1.403592477e-18
-3.100000000e-02	4.414966048e+00	1.187774182e-02	1.778268156e-18
-3.150000000e-02	4.414973149e+00	1.150426656e-02	1.509245355e-18
-3.200000000e-02	4.414980281e+00	1.113079179e-02	7.593929952e-19
-3.250000000e-02	4.414987445e+00	1.075731750e-02	2.388502032e-18
-3.300000000e-02	4.414994640e+00	1.038384373e-02	2.302379436e-18
-3.350000000e-02	4.415001867e+00	1.001037045e-02	2.106891796e-18
-3.400000000e-02	4.415009125e+00	9.636897688e-03	1.350046876e-18
-3.450000000e-02	4.415016415e+00	9.263425451e-03	1.375812081e-18
-3.500000000e-02	4.415023736e+00	8.889953750e-03	1.253083157e-18
-3.550000000e-02	4.415031089e+00	8.516482581e-03	1.525429099e-18
-3.600000000e-02	4.415038474e+00	8.143011968e-03	7.802295509e-19
-3.650000000e-02	4.415045890e+00	7.769541907e-03	1.262153198e-18
-3.700000000e-02	4.415053337e+00	7.396072404e-03	2.313375387e-18
-3.750000000e-02	4.415060816e+00	7.022603480e-03	1.347659527e-18
-3.800000000e-02	4.415068327e+00	6.649135129e-03	2.084201820e-18
-3.850000000e-02	4.415075869e+00	6.275667368e-03	1.399263166e-18
-3.900000000e-02	4.415083443e+00	5.902200200e-03	1.861944131e-18
-3.950000000e-02	4.415091048e+00	5.528733644e-03	1.611148939e-18
-4.000000000e-02	4.415098685e+00	5.155267692e-03	1.075797966e-18
-4.050000000e-02	4.415106353e+00	4.781802361e-03	1.719450730e-18
-4.100000000e-02	4.415114053e+00	4.408337657e-03	1.473920159e-18
-4.150000000e-02	4.415121785e+00	4.034873585e-03	1.803997978e-18
-4.200000000e-02	4.415129548e+00	3.661410159e-03	1.774694732e-18
-4.250000000e-02	4.415137342e+00	3.287947383e-03	1.086958253e-18
-4.300000000e-02	4.415145168e+00	2.914485274e-03	1.731456435e-18
-4.350000000e-02	4.415153026e+00	2.541023820e-03	1.933807587e-18
-4.400000000e-02	4.415160915e+00	2.167563052e-03	1.499045690e-18
-4.450000000e-02	4.415168836e+00	1.794102958e-03	1.492385111e-18
-4.500000000e-02	4.415176788e+00	1.420643565e-03	2.382235449e-18
-4.550000000e-02	4.415184772e+00	1.047184864e-03	1.758333989e-18
-4.600000000e-02	4.415192787e+00	6.737268724e-04	1.415956802e-18
-4.650000000e-02	4.415200834e+00	3.002695985e-04	2.286301847e-18
-4.700000000e-02	4.415208912e+00	-7.318695923e-05	1.546546471e-18
-4.750000000e-02	4.415217022e+00	-4.466427839e-04	1.714834809e-18
-4.800000000e-02	4.415225163e+00	-8.200978599e-04	1.776721704e-18
-4.850000000e-02	4.415233336e+00	-1.193552195e-03	2.245065100e-18
-4.900000000e-02	4.415241541e+00	-1.567005775e-03	2.559701764e-18
-4.950000000e-02	4.415249777e+00	-1.940458595e-03	1.644272750e-18
-5.000000000e-02	4.415258044e+00	-2.313910647e-03	2.138464390e-18
-5.050000000e-02	4.415266343e+00	-2.687361914e-03	1.748796739e-18
-5.100000000e-02	4.415274674e+00	-3.060812395e-03	1.863402711e-18
-5.150000000e-02	4.415283036e+00	-3.434262072e-03	1.962405221e-18
-5.200000000e-02	4.415291430e+00	-3.807710961e-03	1.623996896e-18
-5.250000000e-02	4.415299855e+00	-4.181159031e-03	1.312921431e-18
-5.300000000e-02	4.415308311e+00	-4.554606285e-03	2.109616712e-18
-5.350000000e-02	4.415316800e+00	-4.928052704e-03	1.707302083e-18
-5.400000000e-02	4.415325320e+00	-5.301498297e-03	1.731721994e-18
-5.450000000e-02	4.415333871e+00	-5.674943043e-03	1.305830511e-18
-5.500000000e-02	4.415342454e+00	-6.048386940e-03	1.783597869e-18
-5.550000000e-02	4.415351068e+00	-6.421829973e-03	1.351259724e-18
-5.600000000e-02	4.415359714e+00	-6.795272147e-03	1.455116650e-18
-5.650000000e-02	4.415368391e+00	-7.168713439e-03	1.594991257e-18
-5.700000000e-02	4.415377100e+00	-7.542153852e-03	1.221071580e-18
-5.750000000e-02	4.415385841e+00	-7.915593372e-03	1.031274851e-18
-5.800000000e-02	4.415394613e+00	-8.289031995e-03	4.392771111e-19
-5.850000000e-02	4.415403416e+00	-8.662469712e-03	1.473610035e-18
-5.900000000e-02	4.415412251e+00	-9.035906511e-03	1.474946326e-18
-5.950000000e-02	4.415421118e+00	-9.409342384e-03	1.312611480e-18
-6.000000000e-02	4.415430016e+00	-9.782777338e-03	2.110706713e-18
-6.050000000e-02	4.415438946e+00	-1.015621134e-02	1.603431158e-18
-6.100000000e-02	4.415447907e+00	-1.052964440e-02	1.338698223e-18
-6.150000000e-02	4.415456900e+00	-1.090307651e-02	1.763369529e-18
-6.200000000e-02	4.415465924e+00	-1.127650765e-02	1.964595379e-18
-6.250000000e-02	4.415474980e+00	-1.164993783e-02	2.412021522e-18
-6.300000000e-02	4.415484067e+00	-1.202336702e-02	1.611938030e-18
-6.350000000e-02	4.415493186e+00	-1.239679523e-02	1.997013760e-18
-6.400000000e-02	4.415502336e+00	-1.277022244e-02	1.816915806e-18
-6.450000000e-02	4.415511518e+00	-1.314364865e-02	1.621331258e-18
-6.500000000e-02	4.415520731e+00	-1.351707385e-02	9.678937687e-19
-6.550000000e-02	4.415529976e+00	-1.389049803e-02	2.237359624e-18
-6.600000000e-02	4.415539252e+00	-1.426392118e-02	1.965301180e-18
-6.650000000e-02	4.415548560e+00	-1.463734329e-02	1.569051091e-18
-6.700000000e-02	4.415557900e+00	-1.501076437e-02	2.284348954e-18
-6.750000000e-02	4.415567271e+00	-1.538418440e-02	6.753388248e-19
-6.800000000e-02	4.415576673e+00	-1.575760336e-02	1.277229918e-18
-6.850000000e-02	4.415586107e+00	-1.613102127e-02	1.388880457e-18
-6.900000000e-02	4.415595573e+00	-1.650443809e-02	1.701430954e-18
-6.950000000e-02	4.415605070e+00	-1.687785384e-02	1.181826688e-18
-7.000000000e-02	4.415614598e+00	-1.725126849e-02	1.391540271e-18
-7.050000000e-02	4.415624158e+00	-1.762468204e-02	9.640742825e-19
-7.100000000e-02	4.415633750e+00	-1.799809449e-02	1.447493522e-18
-7.150000000e-02	4.415643373e+00	-1.837150583e-02	1.492715441e-18
-7.200000000e-02	4.415653028e+00	-1.874491603e-02	1.919243703e-18
-7.250000000e-02	4.415662714e+00	-1.911832512e-02	2.905937816e-18
-7.300000000e-02	4.415672432e+00	-1.949173306e-02	1.559261459e-18
-7.350000000e-02	4.415682181e+00	-1.986513985e-02	5.072404494e-19
-7.400000000e-02	4.415691961e+00	-2.023854550e-02	2.716126911e-18
-7.450000000e-02	4.415701774e+00	-2.061194998e-02	3.891257154e-18
-7.500000000e-02	4.415711617e+00	-2.098535329e-02	2.658155045e-18
-7.550000000e-02	4.415721493e+00	-2.135875542e-02	2.327800725e-18
-7.600000000e-02	4.415731399e+00	-2.173215636e-02	1.647967205e-18
-7.650000000e-02	4.415741337e+00	-2.210555611e-02	1.072184344e-18
-7.700000000e-02	4.415751307e+00	-2.247895466e-02	2.138852721e-18
-7.750000000e-02	4.415761308e+00	-2.285235200e-02	1.022272126e-18
-7.800000000e-02	4.415771341e+00	-2.322574812e-02	1.400360788e-18
-7.850000000e-02	4.415781406e+00	-2.359914301e-02	1.070135917e-18
-7.900000000e-02	4.415791501e+00	-2.397253667e-02	1.299709700e-18
-7.950000000e-02	4.415801629e+00	-2.434592909e-02	1.794910004e-18
-8.000000000e-02	4.415811787e+00	-2.471932025e-02	8.315626140e-19
-8.050000000e-02	4.415821978e+00	-2.509271016e-02	1.374368888e-18
-8.100000000e-02	4.415832200e+00	-2.546609881e-02	1.302055268e-18
-8.150000000e-02	4.415842453e+00	-2.583948618e-02	1.544708978e-18
-8.200000000e-02	4.415852738e+00	-2.621287227e-02	2.231890940e-18
-8.250000000e-02	4.415863054e+00	-2.658625706e-02	8.990931180e-19
-8.300000000e-02	4.415873402e+00	-2.695964057e-02	1.827625023e-18
-8.350000000e-02	4.415883781e+00	-2.733302276e-02	2.158399056e-18
-8.400000000e-02	4.415894192e+00	-2.770640364e-02	1.806654623e-18
-8.450000000e-02	4.415904634e+00	-2.807978319e-02	2.219065799e-18
-8.500000000e-02	4.415915108e+00	-2.845316143e-02	1.623612569e-18
-8.550000000e-02	4.415925614e+00	-2.882653832e-02	8.381154345e-19
-8.600000000e-02	4.415936150e+00	-2.919991387e-02	1.465619780e-18
-8.650000000e-02	4.415946719e+00	-2.957328806e-02	1.684749031e-18
-8.700000000e-02	4.415957319e+00	-2.994666089e-02	7.639458682e-19
-8.750000000e-02	4.415967950e+00	-3.032003234e-02	1.668375215e-18
-8.800000000e-02	4.415978613e+00	-3.069340243e-02	1.398584604e-18
-8.850000000e-02	4.415989307e+00	-3.106677113e-02	1.270433577e-18
-8.900000000e-02	4.416000033e+00	-3.144013843e-02	1.899729918e-18
-8.950000000e-02	4.416010790e+00	-3.181350434e-02	2.059237190e-18
-9.000000000e-02	4.416021579e+00	-3.218686882e-02	9.718284386e-19
-9.050000000e-02	4.416032400e+00	-3.256023190e-02	1.875977745e-18
-9.100000000e-02	4.416043251e+00	-3.293359355e-02	1.072816705e-18
-9.150000000e-02	4.416054135e+00	-3.330695377e-02	9.896411450e-19
-9.200000000e-02	4.416065049e+00	-3.368031254e-02	1.766300833e-18
-9.250000000e-02	4.416075996e+00	-3.405366987e-02	1.583280250e-18
-9.300000000e-02	4.416086974e+00	-3.442702574e-02	1.196902668e-18
-9.350000000e-02	4.416097983e+00	-3.480038015e-02	1.994295286e-18
-9.400000000e-02	4.416109024e+00	-3.517373308e-02	1.437882639e-18
-9.450000000e-02	4.416120096e+00	-3.554708452e-02	1.481460550e-18
-9.500000000e-02	4.416131200e+00	-3.592043448e-02	1.963192768e-18
-9.550000000e-02	4.416142335e+00	-3.629378295e-02	1.621238256e-18
-9.600000000e-02	4.416153502e+00	-3.666712991e-02	1.708166229e-18
-9.650000000e-02	4.416164700e+00	-3.704047535e-02	2.235085213e-18
-9.700000000e-02	4.416175930e+00	-3.741381928e-02	2.396219158e-18
-9.750000000e-02	4.416187191e+00	-3.778716167e-02	1.450336028e-18
-9.800000000e-02	4.416198484e+00	-3.816050253e-02	1.020862056e-18
-9.850000000e-02	4.416209808e+00	-3.853384184e-02	1.705404502e-18
-9.900000000e-02	4.416221163e+00	-3.890717960e-02	1.862379761e-18
-9.950000000e-02	4.416232551e+00	-3.928051581e-02	1.039288359e-18
-1.000000000e-01	4.416243969e+00	-3.965385044e-02	9.021523390e-19
-1.005000000e-01	4.416255419e+00	-4.002718349e-02	2.057569756e-18
-1.010000000e-01	4.416266901e+00	-4.040051496e-02	1.364898038e-18
-1.015000000e-01	4.416278414e+00	-4.077384484e-02	9.643932910e-19
-1.020000000e-01	4.416289959e+00	-4.114717311e-02	1.344565221e-18
-1.025000000e-01	4.416301535e+00	-4.152049978e-02	1.509223046e-18
-1.030000000e-01	4.416313142e+00	-4.189382484e-02	1.248610430e-18
-1.035000000e-01	4.416324781e+00	-4.226714827e-02	1.522561092e-18
-1.040000000e-01	4.416336452e+00	-4.264047007e-02	2.279163060e-18
-1.045000000e-01	4.416348154e+00	-4.301379022e-02	3.846380868e-19
-1.050000000e-01	4.416359887e+00	-4.338710873e-02	1.576161406e-18
-1.055000000e-01	4.416371652e+00	-4.376042557e-02	1.790609773e-18
-1.060000000e-01	4.416383448e+00	-4.413374076e-02	1.949361502e-18
-1.065000000e-01	4.416395276e+00	-4.450705427e-02	1.789714215e-18
-1.070000000e-01	4.416407136e+00	-4.488036611e-02	1.742864789e-18
-1.075000000e-01	4.416419026e+00	-4.525367625e-02	2.887618098e-18
-1.080000000e-01	4.416430949e+00	-4.562698471e-02	1.093474717e-18
-1.085000000e-01	4.416442902e+00	-4.600029145e-02	1.454979183e-18
-1.090000000e-01	4.416454888e+00	-4.637359649e-02	1.220597732e-18
-1.095000000e-01	4.416466904e+00	-4.674689980e-02	8.464910253e-19
-1.100000000e-01	4.416478953e+00	-4.712020139e-02	1.474812071e-18
-1.105000000e-01	4.416491032e+00	-4.749350124e-02	2.048830284e-18
-1.110000000e-01	4.416503143e+00	-4.786679935e-02	1.483781955e-18
-1.115000000e-01	4.416515286e+00	-4.824009570e-02	1.110456285e-18
-1.120000000e-01	4.416527460e+00	-4.861339030e-02	2.739916253e-18
-1.125000000e-01	4.416539665e+00	-4.898668313e-02	1.891268456e-18
-1.130000000e-01	4.416551902e+00	-4.935997418e-02	1.388757520e-18
-1.135000000e-01	4.416564171e+00	-4.973326345e-02	1.192052761e-18
-1.140000000e-01	4.416576471e+00	-5.010655093e-02	1.571791294e-18
-1.145000000e-01	4.416588802e+00	-5.047983660e-02	1.718980556e-18
-1.150000000e-01	4.416601165e+00	-5.085312047e-02	3.169832183e-18
-1.155000000e-01	4.416613559e+00	-5.122640253e-02	1.956744455e-18
-1.160000000e-01	4.416625985e+00	-5.159968276e-02	1.247217828e-18
-1.165000000e-01	4.416638442e+00	-5.197296117e-02	1.622096123e-18
-1.170000000e-01	4.416650931e+00	-5.234623773e-02	1.241811213e-18
-1.175000000e-01	4.416663451e+00	-5.271951244e-02	1.372339566e-18
-1.180000000e-01	4.416676003e+00	-5.309278530e-02	1.463054443e-18
-1.185000000e-01	4.416688586e+00	-5.346605630e-02	1.029092928e-18
-1.190000000e-01	4.416701200e+00	-5.383932543e-02	2.244879053e-18
-1.195000000e-01	4.416713846e+00	-5.421259268e-02	1.958307192e-18
-1.200000000e-01	4.416726524e+00	-5.458585803e-02	1.985816287e-18
-1.205000000e-01	4.416739232e+00	-5.495912150e-02	1.729072117e-18
-1.210000000e-01	4.416751973e+00	-5.533238306e-02	1.365259788e-18
-1.215000000e-01	4.416764745e+00	-5.570564273e-02	3.462418703e-18
-1.220000000e-01	4.416777548e+00	-5.607890045e-02	1.415622845e-18
-1.225000000e-01	4.416790382e+00	-5.645215626e-02	2.034998603e-18
-1.230000000e-01	4.416803249e+00	-5.682541013e-02	1.865303091e-18
-1.235000000e-01	4.416816146e+00	-5.719866206e-02	1.244888397e-18
-1.240000000e-01	4.416829075e+00	-5.757191205e-02	1.291047886e-18
-1.245000000e-01	4.416842036e+00	-5.794516007e-02	1.779087338e-18
-1.250000000e-01	4.416855028e+00	-5.831840612e-02	1.910364063e-18
-1.255000000e-01	4.416868051e+00	-5.869165021e-02	1.548472353e-18
-1.260000000e-01	4.416881106e+00	-5.906489231e-02	1.755899703e-18
-1.265000000e-01	4.416894192e+00	-5.943813242e-02	1.713661482e-18
-1.270000000e-01	4.416907310e+00	-5.981137053e-02	1.553961732e-18
-1.275000000e-01	4.416920459e+00	-6.018460664e-02	5.422788336e-19
-1.280000000e-01	4.416933639e+00	-6.055784073e-02	1.517157561e-18
-1.285000000e-01	4.416946851e+00	-6.093107280e-02	1.632145155e-18
-1.290000000e-01	4.416960095e+00	-6.130430284e-02	1.584043883e-18
-1.295000000e-01	4.416973370e+00	-6.167753085e-02	2.285936958e-18
-1.300000000e-01	4.416986676e+00	-6.205075681e-02	2.230625344e-18
-1.305000000e-01	4.417000014e+00	-6.242398071e-02	2.186000514e-18
-1.310000000e-01	4.417013383e+00	-6.279720255e-02	1.554946047e-18
-1.315000000e-01	4.417026784e+00	-6.317042233e-02	1.363188006e-18
-1.320000000e-01	4.417040216e+00	-6.354364003e-02	1.423613271e-18
-1.325000000e-01	4.417053679e+00	-6.391685564e-02	1.372917100e-18
-1.330000000e-01	4.417067174e+00	-6.429006916e-02	1.878749874e-18
-1.335000000e-01	4.417080701e+00	-6.466328058e-02	8.486534346e-19
-1.340000000e-01	4.417094258e+00	-6.503648989e-02	1.087561976e-18
-1.345000000e-01	4.417107848e+00	-6.540969707e-02	2.592965061e-18
-1.350000000e-01	4.417121468e+00	-6.578290214e-02	1.513540931e-18
-1.355000000e-01	4.417135120e+00	-6.615610508e-02	1.032633131e-18
-1.360000000e-01	4.417148804e+00	-6.652930587e-02	1.590482852e-18
-1.365000000e-01	4.417162519e+00	-6.690250452e-02	1.379491696e-18
-1.370000000e-01	4.417176265e+00	-6.727570101e-02	1.719745392e-18
-1.375000000e-01	4.417190043e+00	-6.764889533e-02	1.456676930e-18
-1.380000000e-01	4.417203852e+00	-6.802208749e-02	1.205991900e-18
-1.385000000e-01	4.417217693e+00	-6.839527745e-02	1.945048375e-18
-1.390000000e-01	4.417231565e+00	-6.876846524e-02	1.094984816e-18
-1.395000000e-01	4.417245469e+00	-6.914165082e-02	1.055922950e-18
-1.400000000e-01	4.417259404e+00	-6.951483421e-02	1.920575911e-18
-1.405000000e-01	4.417273370e+00	-6.988801538e-02	1.654254167e-18
-1.410000000e-01	4.417287368e+00	-7.026119433e-02	1.009753803e-18
-1.415000000e-01	4.417301397e+00	-7.063437105e-02	2.313447592e-18
-1.420000000e-01	4.417315457e+00	-7.100754554e-02	1.407308406e-18
-1.425000000e-01	4.417329549e+00	-7.138071778e-02	1.676273322e-18
-1.430000000e-01	4.417343673e+00	-7.175388778e-02	1.450369324e-18
-1.435000000e-01	4.417357828e+00	-7.212705551e-02	1.058210973e-18
-1.440000000e-01	4.417372014e+00	-7.250022098e-02	1.650023250e-18
-1.445000000e-01	4.417386232e+00	-7.287338417e-02	1.297761093e-18
-1.450000000e-01	4.417400481e+00	-7.324654508e-02	1.873106245e-18
-1.455000000e-01	4.417414761e+00	-7.361970369e-02	2.143196444e-18
-1.460000000e-01	4.417429073e+00	-7.399286000e-02	2.506012472e-18
-1.465000000e-01	4.417443416e+00	-7.436601402e-02	2.203455738e-18
-1.470000000e-01	4.417457791e+00	-7.473916571e-02	9.738928811e-19
-1.475000000e-01	4.417472197e+00	-7.511231508e-02	1.914200802e-18
-1.480000000e-01	4.417486635e+00	-7.548546212e-02	1.274040684e-18
-1.485000000e-01	4.417501104e+00	-7.585860683e-02	1.762953795e-18
-1.490000000e-01	4.417515604e+00	-7.623174918e-02	2.245212370e-18
-1.495000000e-01	4.417530136e+00	-7.660488918e-02	1.915641595e-18
-1.500000000e-01	4.417544699e+00	-7.697802683e-02	2.761928655e-18
-1.505000000e-01	4.417559293e+00	-7.735116209e-02	7.053759855e-19
-1.510000000e-01	4.417573919e+00	-7.772429498e-02	1.503068072e-18
-1.515000000e-01	4.417588576e+00	-7.809742549e-02	1.712595947e-18
-1.520000000e-01	4.417603265e+00	-7.847055359e-02	9.815355671e-19
-1.525000000e-01	4.417617985e+00	-7.884367930e-02	1.414246255e-18
-1.530000000e-01	4.417632737e+00	-7.921680260e-02	9.458213315e-19
-1.535000000e-01	4.417647520e+00	-7.958992348e-02	1.227817284e-18
-1.540000000e-01	4.417662334e+00	-7.996304193e-02	1.831047956e-18
-1.545000000e-01	4.417677180e+00	-8.033615796e-02	2.059058041e-18
-1.550000000e-01	4.417692057e+00	-8.070927154e-02	1.147994402e-18
-1.555000000e-01	4.417706965e+00	-8.108238267e-02	3.518479433e-19
-1.560000000e-01	4.417721905e+00	-8.145549135e-02	1.818418767e-18
-1.565000000e-01	4.417736876e+00	-8.182859755e-02	1.769422357e-18
-1.570000000e-01	4.417751879e+00	-8.220170129e-02	1.212885186e-18
-1.575000000e-01	4.417766913e+00	-8.257480254e-02	1.331148441e-18
-1.580000000e-01	4.417781978e+00	-8.294790131e-02	8.731102378e-19
-1.585000000e-01	4.417797075e+00	-8.332099757e-02	2.468531058e-18
-1.590000000e-01	4.417812203e+00	-8.369409134e-02	2.154864749e-18
-1.595000000e-01	4.417827363e+00	-8.406718259e-02	1.921148552e-18
-1.600000000e-01	4.417842554e+00	-8.444027132e-02	1.935115918e-18
-1.605000000e-01	4.417857776e+00	-8.481335752e-02	1.558634094e-18
-1.610000000e-01	4.417873030e+00	-8.518644119e-02	1.262467724e-18
-1.615000000e-01	4.417888315e+00	-8.555952231e-02	1.906065889e-18
-1.620000000e-01	4.417903631e+00	-8.593260088e-02	2.192880588e-18
-1.625000000e-01	4.417918979e+00	-8.630567689e-02	1.481554413e-18
-1.630000000e-01	4.417934358e+00	-8.667875033e-02	1.428939791e-18
-1.635000000e-01	4.417949769e+00	-8.705182119e-02	1.488132498e-18
-1.640000000e-01	4.417965211e+00	-8.742488948e-02	1.549098563e-18
-1.645000000e-01	4.417980684e+00	-8.779795516e-02	2.022869027e-18
-1.650000000e-01	4.417996189e+00	-8.817101826e-02	1.529172929e-18
-1.655000000e-01	4.418011725e+00	-8.854407874e-02	2.054321414e-18
-1.660000000e-01	4.418027292e+00	-8.891713661e-02	1.400272871e-18
-1.665000000e-01	4.418042891e+00	-8.929019186e-02	1.120016248e-18
-1.670000000e-01	4.418058521e+00	-8.966324447e-02	1.373581825e-18
-1.675000000e-01	4.418074183e+00	-9.003629445e-02	8.436417948e-19
-1.680000000e-01	4.418089876e+00	-9.040934177e-02	1.054231507e-18
-1.685000000e-01	4.418105600e+00	-9.078238645e-02	1.945627267e-18
-1.690000000e-01	4.418121356e+00	-9.115542846e-02	1.627584354e-18
-1.695000000e-01	4.418137143e+00	-9.152846780e-02	1.460637422e-18
-1.700000000e-01	4.418152961e+00	-9.190150447e-02	1.394482152e-18
-1.705000000e-01	4.418168811e+00	-9.227453845e-02	1.412186330e-18
-1.710000000e-01	4.418184692e+00	-9.264756973e-02	1.905211923e-18
-1.715000000e-01	4.418200604e+00	-9.302059831e-02	1.056712057e-18
-1.720000000e-01	4.418216548e+00	-9.339362417e-02	1.303174838e-18
-1.725000000e-01	4.418232523e+00	-9.376664733e-02	1.878509483e-18
-1.730000000e-01	4.418248529e+00	-9.413966775e-02	1.418203704e-18
-1.735000000e-01	4.418264567e+00	-9.451268545e-02	1.020161292e-18
-1.740000000e-01	4.418280636e+00	-9.488570040e-02	1.204653340e-18
-1.745000000e-01	4.418296737e+00	-9.525871261e-02	1.325731033e-18
-1.750000000e-01	4.418312869e+00	-9.563172205e-02	1.249031549e-18
-1.755000000e-01	4.418329032e+00	-9.600472873e-02	1.518006468e-18
-1.760000000e-01	4.418345226e+00	-9.637773263e-02	1.477959069e-18
-1.765000000e-01	4.418361452e+00	-9.675073377e-02	2.260536109e-18
-1.770000000e-01	4.418377709e+00	-9.712373210e-02	1.098752515e-18
-1.775000000e-01	4.418393998e+00	-9.749672764e-02	1.531146887e-18
-1.780000000e-01	4.418410318e+00	-9.786972038e-02	1.948719842e-18
-1.785000000e-01	4.418426669e+00	-9.824271031e-02	1.708809537e-18
-1.790000000e-01	4.418443052e+00	-9.861569741e-02	8.450189739e-19
-1.795000000e-01	4.418459466e+00	-9.898868169e-02	1.422483217e-18
-1.800000000e-01	4.418475911e+00	-9.936166313e-02	1.298535500e-18
-1.805000000e-01	4.418492387e+00	-9.973464172e-02	1.961372317e-18
-1.810000000e-01	4.418508895e+00	-1.001076175e-01	1.131703408e-18
-1.815000000e-01	4.418525435e+00	-1.004805903e-01	2.606009144e-18
-1.820000000e-01	4.418542005e+00	-1.008535604e-01	1.349430816e-18
-1.825000000e-01	4.418558607e+00	-1.012265275e-01	2.392564074e-18
-1.830000000e-01	4.418575240e+00	-1.015994918e-01	2.280973535e-18
-1.835000000e-01	4.418591905e+00	-1.019724531e-01	2.128745358e-18
-1.840000000e-01	4.418608601e+00	-1.023454116e-01	1.465862933e-18
-1.845000000e-01	4.418625328e+00	-1.027183672e-01	2.384593198e-18
-1.850000000e-01	4.418642087e+00	-1.030913198e-01	1.829060535e-18
-1.855000000e-01	4.418658876e+00	-1.034642695e-01	2.090563491e-18
-1.860000000e-01	4.418675698e+00	-1.038372163e-01	1.643880156e-18
-1.865000000e-01	4.418692550e+00	-1.042101602e-01	1.430093765e-18
-1.870000000e-01	4.418709434e+00	-1.045831011e-01	9.420765300e-19
-1.875000000e-01	4.418726349e+00	-1.049560391e-01	8.323798730e-19
-1.880000000e-01	4.418743296e+00	-1.053289741e-01	1.188262932e-18
-1.885000000e-01	4.418760273e+00	-1.057019061e-01	1.134735702e-18
-1.890000000e-01	4.418777282e+00	-1.060748351e-01	1.572635554e-18
-1.895000000e-01	4.418794323e+00	-1.064477612e-01	9.154701174e-19
-1.900000000e-01	4.418811395e+00	-1.068206843e-01	1.030976737e-18
-1.905000000e-01	4.418828498e+00	-1.071936043e-01	1.708395674e-18
-1.910000000e-01	4.418845632e+00	-1.075665214e-01	2.267059701e-18
-1.915000000e-01	4.418862798e+00	-1.079394354e-01	1.817096315e-18
-1.920000000e-01	4.418879995e+00	-1.083123465e-01	1.502371945e-18
-1.925000000e-01	4.418897223e+00	-1.086852545e-01	1.527137697e-18
-1.930000000e-01	4.418914482e+00	-1.090581594e-01	6.799264297e-19
-1.935000000e-01	4.418931773e+00	-1.094310613e-01	1.537179953e-18
-1.940000000e-01	4.418949095e+00	-1.098039601e-01	1.552532709e-18
-1.945000000e-01	4.418966449e+00	-1.101768559e-01	2.048013767e-18
-1.950000000e-01	4.418983834e+00	-1.105497486e-01	1.391999767e-18
-1.955000000e-01	4.419001250e+00	-1.109226382e-01	6.788338198e-19
-1.960000000e-01	4.419018697e+00	-1.112955248e-01	1.106365401e-18
-1.965000000e-01	4.419036176e+00	-1.116684082e-01	1.820218552e-18
-1.970000000e-01	4.419053686e+00	-1.120412886e-01	1.659502731e-18
-1.975000000e-01	4.419071227e+00	-1.124141658e-01	2.273949766e-18
-1.980000000e-01	4.419088799e+00	-1.127870399e-01	1.979665681e-18
-1.985000000e-01	4.419106403e+00	-1.131599109e-01	1.368507958e-18
-1.990000000e-01	4.419124038e+00	-1.135327787e-01	2.152099149e-18
-1.995000000e-01	4.419141705e+00	-1.139056434e-01	9.306428114e-19
-2.000000000e-01	4.419159402e+00	-1.142785050e-01	2.119987931e-18
