# epsi_ci     Re(Lambda)      Im(Lambda)      Eq(det), R = 0.10 $\mu$m, $E_p$ = 0.300 eV, modo = 3, $\epsilon_\infty$ = 3.9, $\gamma_{DL}$ = 0.01 eV, solve_det_sinkz_vs_mu.py
0.000000000e+00	4.664302780e+00	4.396063694e-02	1.132006148e-18
-5.000000000e-04	4.664309103e+00	4.356737415e-02	1.370382055e-18
-1.000000000e-03	4.664315460e+00	4.317411135e-02	7.184245406e-19
-1.500000000e-03	4.664321850e+00	4.278084854e-02	1.312453739e-18
-2.000000000e-03	4.664328273e+00	4.238758571e-02	1.489751670e-18
-2.500000000e-03	4.664334729e+00	4.199432288e-02	1.390125515e-18
-3.000000000e-03	4.664341218e+00	4.160106006e-02	1.073452068e-18
-3.500000000e-03	4.664347740e+00	4.120779726e-02	1.314012303e-18
-4.000000000e-03	4.664354296e+00	4.081453448e-02	1.048937795e-18
-4.500000000e-03	4.664360884e+00	4.042127174e-02	1.405827507e-18
-5.000000000e-03	4.664367505e+00	4.002800904e-02	1.480271158e-18
-5.500000000e-03	4.664374160e+00	3.963474639e-02	1.279014067e-18
-6.000000000e-03	4.664380848e+00	3.924148380e-02	1.249867491e-18
-6.500000000e-03	4.664387568e+00	3.884822128e-02	1.387201259e-18
-7.000000000e-03	4.664394322e+00	3.845495882e-02	9.869366350e-19
-7.500000000e-03	4.664401109e+00	3.806169646e-02	1.207536203e-18
-8.000000000e-03	4.664407929e+00	3.766843419e-02	1.460935056e-18
-8.500000000e-03	4.664414782e+00	3.727517201e-02	1.676753275e-18
-9.000000000e-03	4.664421669e+00	3.688190995e-02	1.875960254e-18
-9.500000000e-03	4.664428588e+00	3.648864800e-02	1.215363661e-18
-1.000000000e-02	4.664435540e+00	3.609538618e-02	1.266455374e-18
-1.050000000e-02	4.664442526e+00	3.570212449e-02	8.427665476e-19
-1.100000000e-02	4.664449544e+00	3.530886295e-02	6.729974660e-19
-1.150000000e-02	4.664456596e+00	3.491560155e-02	9.087384262e-19
-1.200000000e-02	4.664463681e+00	3.452234031e-02	1.164780993e-18
-1.250000000e-02	4.664470798e+00	3.412907925e-02	1.596429773e-18
-1.300000000e-02	4.664477949e+00	3.373581835e-02	1.043694782e-18
-1.350000000e-02	4.664485133e+00	3.334255764e-02	7.134762276e-19
-1.400000000e-02	4.664492350e+00	3.294929713e-02	1.033236321e-18
-1.450000000e-02	4.664499601e+00	3.255603681e-02	8.541688180e-19
-1.500000000e-02	4.664506884e+00	3.216277671e-02	1.361666075e-18
-1.550000000e-02	4.664514200e+00	3.176951681e-02	1.550824676e-18
-1.600000000e-02	4.664521550e+00	3.137625715e-02	1.095372208e-18
-1.650000000e-02	4.664528932e+00	3.098299771e-02	1.165987876e-18
-1.700000000e-02	4.664536348e+00	3.058973853e-02	8.972714154e-19
-1.750000000e-02	4.664543796e+00	3.019647959e-02	7.823292298e-19
-1.800000000e-02	4.664551278e+00	2.980322091e-02	1.157160818e-18
-1.850000000e-02	4.664558793e+00	2.940996251e-02	3.539125222e-19
-1.900000000e-02	4.664566341e+00	2.901670437e-02	4.374726155e-19
-1.950000000e-02	4.664573922e+00	2.862344652e-02	1.042483081e-18
-2.000000000e-02	4.664581536e+00	2.823018896e-02	8.592227281e-19
-2.050000000e-02	4.664589183e+00	2.783693170e-02	8.600291454e-19
-2.100000000e-02	4.664596864e+00	2.744367476e-02	1.030181263e-18
-2.150000000e-02	4.664604577e+00	2.705041812e-02	1.364225344e-18
-2.200000000e-02	4.664612324e+00	2.665716183e-02	1.122842608e-18
-2.250000000e-02	4.664620103e+00	2.626390585e-02	1.356861352e-18
-2.300000000e-02	4.664627916e+00	2.587065023e-02	1.846400791e-18
-2.350000000e-02	4.664635761e+00	2.547739495e-02	7.678125211e-19
-2.400000000e-02	4.664643640e+00	2.508414003e-02	1.335869394e-18
-2.450000000e-02	4.664651552e+00	2.469088548e-02	1.111384926e-18
-2.500000000e-02	4.664659497e+00	2.429763131e-02	1.410272873e-18
-2.550000000e-02	4.664667475e+00	2.390437753e-02	1.358549669e-18
-2.600000000e-02	4.664675486e+00	2.351112413e-02	1.241846808e-18
-2.650000000e-02	4.664683531e+00	2.311787113e-02	1.244446363e-18
-2.700000000e-02	4.664691608e+00	2.272461855e-02	1.278518658e-18
-2.750000000e-02	4.664699718e+00	2.233136638e-02	1.348898120e-18
-2.800000000e-02	4.664707862e+00	2.193811464e-02	1.033413990e-18
-2.850000000e-02	4.664716038e+00	2.154486333e-02	1.695282032e-18
-2.900000000e-02	4.664724248e+00	2.115161246e-02	1.628303402e-18
-2.950000000e-02	4.664732491e+00	2.075836206e-02	9.533226562e-19
-3.000000000e-02	4.664740767e+00	2.036511210e-02	7.284101670e-19
-3.050000000e-02	4.664749076e+00	1.997186261e-02	1.168442714e-18
-3.100000000e-02	4.664757418e+00	1.957861361e-02	1.467159180e-18
-3.150000000e-02	4.664765793e+00	1.918536508e-02	8.816965458e-19
-3.200000000e-02	4.664774201e+00	1.879211705e-02	3.529512653e-19
-3.250000000e-02	4.664782642e+00	1.839886952e-02	1.662432975e-18
-3.300000000e-02	4.664791116e+00	1.800562250e-02	5.494923345e-19
-3.350000000e-02	4.664799624e+00	1.761237599e-02	5.287956797e-19
-3.400000000e-02	4.664808164e+00	1.721913002e-02	1.000950931e-18
-3.450000000e-02	4.664816738e+00	1.682588458e-02	1.635443929e-18
-3.500000000e-02	4.664825344e+00	1.643263968e-02	1.049574449e-18
-3.550000000e-02	4.664833984e+00	1.603939533e-02	8.090232706e-19
-3.600000000e-02	4.664842657e+00	1.564615155e-02	1.129915249e-18
-3.650000000e-02	4.664851363e+00	1.525290833e-02	1.571227281e-18
-3.700000000e-02	4.664860102e+00	1.485966568e-02	8.386015433e-19
-3.750000000e-02	4.664868874e+00	1.446642363e-02	8.657560441e-19
-3.800000000e-02	4.664877679e+00	1.407318216e-02	9.042717404e-19
-3.850000000e-02	4.664886517e+00	1.367994129e-02	1.072991832e-18
-3.900000000e-02	4.664895389e+00	1.328670104e-02	5.565769992e-19
-3.950000000e-02	4.664904293e+00	1.289346141e-02	6.839622444e-19
-4.000000000e-02	4.664913230e+00	1.250022240e-02	9.429661788e-19
-4.050000000e-02	4.664922201e+00	1.210698402e-02	8.975300549e-19
-4.100000000e-02	4.664931204e+00	1.171374629e-02	8.951147638e-19
-4.150000000e-02	4.664940241e+00	1.132050921e-02	1.330675004e-18
-4.200000000e-02	4.664949311e+00	1.092727279e-02	7.234933206e-19
-4.250000000e-02	4.664958414e+00	1.053403704e-02	9.932575029e-19
-4.300000000e-02	4.664967550e+00	1.014080196e-02	1.232593264e-18
-4.350000000e-02	4.664976719e+00	9.747567581e-03	1.524667658e-18
-4.400000000e-02	4.664985921e+00	9.354333881e-03	5.870871125e-19
-4.450000000e-02	4.664995156e+00	8.961100883e-03	1.206463738e-18
-4.500000000e-02	4.665004424e+00	8.567868602e-03	1.393245748e-18
-4.550000000e-02	4.665013725e+00	8.174637032e-03	1.034179220e-18
-4.600000000e-02	4.665023060e+00	7.781406196e-03	6.319426531e-19
-4.650000000e-02	4.665032427e+00	7.388176096e-03	1.646864597e-18
-4.700000000e-02	4.665041828e+00	6.994946727e-03	1.163949625e-18
-4.750000000e-02	4.665051261e+00	6.601718122e-03	7.915993000e-19
-4.800000000e-02	4.665060728e+00	6.208490266e-03	1.276283003e-18
-4.850000000e-02	4.665070228e+00	5.815263190e-03	4.929069716e-19
-4.900000000e-02	4.665079761e+00	5.422036888e-03	1.593084675e-18
-4.950000000e-02	4.665089327e+00	5.028811364e-03	8.326208544e-19
-5.000000000e-02	4.665098925e+00	4.635586642e-03	8.112113212e-19
-5.050000000e-02	4.665108558e+00	4.242362716e-03	5.639814350e-19
-5.100000000e-02	4.665118223e+00	3.849139600e-03	5.811347487e-19
-5.150000000e-02	4.665127921e+00	3.455917306e-03	9.305934594e-19
-5.200000000e-02	4.665137652e+00	3.062695840e-03	1.039812498e-18
-5.250000000e-02	4.665147416e+00	2.669475203e-03	1.245354923e-18
-5.300000000e-02	4.665157214e+00	2.276255416e-03	9.342826389e-19
-5.350000000e-02	4.665167044e+00	1.883036474e-03	9.137688936e-19
-5.400000000e-02	4.665176908e+00	1.489818398e-03	8.864745267e-19
-5.450000000e-02	4.665186804e+00	1.096601191e-03	7.384495137e-19
-5.500000000e-02	4.665196734e+00	7.033848541e-04	1.551706365e-18
-5.550000000e-02	4.665206697e+00	3.101694109e-04	1.211831154e-18
-5.600000000e-02	4.665216693e+00	-8.304514216e-05	1.628746404e-18
-5.650000000e-02	4.665226722e+00	-4.762587958e-04	7.066587918e-19
-5.700000000e-02	4.665236784e+00	-8.694715404e-04	5.168716278e-19
-5.750000000e-02	4.665246879e+00	-1.262683362e-03	1.200003222e-18
-5.800000000e-02	4.665257007e+00	-1.655894254e-03	1.895259986e-18
-5.850000000e-02	4.665267168e+00	-2.049104217e-03	9.682747283e-19
-5.900000000e-02	4.665277362e+00	-2.442313239e-03	1.224587501e-18
-5.950000000e-02	4.665287589e+00	-2.835521304e-03	1.170847595e-18
-6.000000000e-02	4.665297850e+00	-3.228728408e-03	5.078182648e-19
-6.050000000e-02	4.665308143e+00	-3.621934548e-03	9.117228462e-19
-6.100000000e-02	4.665318470e+00	-4.015139702e-03	9.399727828e-19
-6.150000000e-02	4.665328829e+00	-4.408343878e-03	1.324329614e-18
-6.200000000e-02	4.665339222e+00	-4.801547060e-03	1.044154642e-18
-6.250000000e-02	4.665349647e+00	-5.194749242e-03	9.659461041e-19
-6.300000000e-02	4.665360106e+00	-5.587950407e-03	1.011313466e-18
-6.350000000e-02	4.665370598e+00	-5.981150561e-03	1.221085017e-18
-6.400000000e-02	4.665381123e+00	-6.374349677e-03	8.112448610e-19
-6.450000000e-02	4.665391681e+00	-6.767547770e-03	9.418249192e-19
-6.500000000e-02	4.665402272e+00	-7.160744812e-03	7.784371947e-19
-6.550000000e-02	4.665412896e+00	-7.553940801e-03	2.009733005e-18
-6.600000000e-02	4.665423553e+00	-7.947135738e-03	9.491227288e-19
-6.650000000e-02	4.665434243e+00	-8.340329602e-03	1.331426738e-18
-6.700000000e-02	4.665444966e+00	-8.733522383e-03	7.842707334e-19
-6.750000000e-02	4.665455723e+00	-9.126714088e-03	9.521067572e-19
-6.800000000e-02	4.665466512e+00	-9.519904693e-03	1.341535781e-18
-6.850000000e-02	4.665477334e+00	-9.913094195e-03	6.959000275e-19
-6.900000000e-02	4.665488190e+00	-1.030628259e-02	1.473935355e-18
-6.950000000e-02	4.665499078e+00	-1.069946987e-02	1.129910370e-18
-7.000000000e-02	4.665510000e+00	-1.109265602e-02	1.499676773e-18
-7.050000000e-02	4.665520954e+00	-1.148584103e-02	8.477833166e-19
-7.100000000e-02	4.665531942e+00	-1.187902490e-02	9.456476501e-19
-7.150000000e-02	4.665542963e+00	-1.227220762e-02	8.829833562e-19
-7.200000000e-02	4.665554017e+00	-1.266538917e-02	1.359907523e-18
-7.250000000e-02	4.665565104e+00	-1.305856957e-02	3.942423957e-19
-7.300000000e-02	4.665576224e+00	-1.345174878e-02	1.494472490e-18
-7.350000000e-02	4.665587376e+00	-1.384492681e-02	1.358401082e-18
-7.400000000e-02	4.665598562e+00	-1.423810364e-02	5.944131334e-19
-7.450000000e-02	4.665609782e+00	-1.463127926e-02	1.043011995e-18
-7.500000000e-02	4.665621034e+00	-1.502445369e-02	1.310373862e-18
-7.550000000e-02	4.665632319e+00	-1.541762689e-02	1.266643890e-18
-7.600000000e-02	4.665643637e+00	-1.581079886e-02	1.050840660e-18
-7.650000000e-02	4.665654988e+00	-1.620396961e-02	1.624246215e-18
-7.700000000e-02	4.665666373e+00	-1.659713910e-02	1.206869047e-18
-7.750000000e-02	4.665677790e+00	-1.699030734e-02	1.452080371e-18
-7.800000000e-02	4.665689240e+00	-1.738347433e-02	9.272404495e-19
-7.850000000e-02	4.665700724e+00	-1.777664005e-02	1.238636461e-18
-7.900000000e-02	4.665712240e+00	-1.816980448e-02	1.298672086e-18
-7.950000000e-02	4.665723790e+00	-1.856296764e-02	1.024303120e-18
-8.000000000e-02	4.665735373e+00	-1.895612949e-02	1.515516071e-18
-8.050000000e-02	4.665746988e+00	-1.934929005e-02	1.469343803e-18
-8.100000000e-02	4.665758637e+00	-1.974244929e-02	6.796798914e-19
-8.150000000e-02	4.665770319e+00	-2.013560722e-02	1.326687443e-18
-8.200000000e-02	4.665782034e+00	-2.052876383e-02	1.236543221e-18
-8.250000000e-02	4.665793781e+00	-2.092191909e-02	8.190091105e-19
-8.300000000e-02	4.665805562e+00	-2.131507302e-02	1.697924850e-18
-8.350000000e-02	4.665817376e+00	-2.170822558e-02	9.697854685e-19
-8.400000000e-02	4.665829223e+00	-2.210137679e-02	1.315355138e-18
-8.450000000e-02	4.665841103e+00	-2.249452664e-02	9.533075072e-19
-8.500000000e-02	4.665853016e+00	-2.288767510e-02	8.494586022e-19
-8.550000000e-02	4.665864962e+00	-2.328082218e-02	7.207599816e-19
-8.600000000e-02	4.665876941e+00	-2.367396787e-02	6.974521553e-19
-8.650000000e-02	4.665888954e+00	-2.406711215e-02	1.173579988e-18
-8.700000000e-02	4.665900999e+00	-2.446025503e-02	1.262090553e-18
-8.750000000e-02	4.665913077e+00	-2.485339648e-02	1.172311833e-18
-8.800000000e-02	4.665925188e+00	-2.524653651e-02	5.322950851e-19
-8.850000000e-02	4.665937333e+00	-2.563967510e-02	1.510727873e-18
-8.900000000e-02	4.665949510e+00	-2.603281225e-02	1.376286630e-18
-8.950000000e-02	4.665961720e+00	-2.642594795e-02	1.453345822e-18
-9.000000000e-02	4.665973964e+00	-2.681908218e-02	1.364567396e-18
-9.050000000e-02	4.665986240e+00	-2.721221495e-02	1.014997455e-18
-9.100000000e-02	4.665998550e+00	-2.760534625e-02	5.919572072e-19
-9.150000000e-02	4.666010892e+00	-2.799847606e-02	9.905696443e-19
-9.200000000e-02	4.666023268e+00	-2.839160437e-02	1.487028822e-18
-9.250000000e-02	4.666035676e+00	-2.878473118e-02	1.402501867e-18
-9.300000000e-02	4.666048118e+00	-2.917785648e-02	1.619710569e-18
-9.350000000e-02	4.666060593e+00	-2.957098027e-02	1.114511058e-18
-9.400000000e-02	4.666073100e+00	-2.996410252e-02	1.721980761e-18
-9.450000000e-02	4.666085641e+00	-3.035722325e-02	9.160318922e-19
-9.500000000e-02	4.666098215e+00	-3.075034242e-02	1.484532441e-18
-9.550000000e-02	4.666110822e+00	-3.114346006e-02	6.358105573e-19
-9.600000000e-02	4.666123462e+00	-3.153657613e-02	1.412304138e-18
-9.650000000e-02	4.666136134e+00	-3.192969062e-02	1.000754651e-18
-9.700000000e-02	4.666148840e+00	-3.232280355e-02	6.464943189e-19
-9.750000000e-02	4.666161579e+00	-3.271591488e-02	1.107219818e-18
-9.800000000e-02	4.666174351e+00	-3.310902463e-02	1.479608533e-18
-9.850000000e-02	4.666187156e+00	-3.350213277e-02	5.091227159e-19
-9.900000000e-02	4.666199994e+00	-3.389523931e-02	1.616600690e-18
-9.950000000e-02	4.666212865e+00	-3.428834421e-02	1.579854766e-18
-1.000000000e-01	4.666225769e+00	-3.468144751e-02	1.129868125e-18
-1.005000000e-01	4.666238706e+00	-3.507454916e-02	1.210897453e-18
-1.010000000e-01	4.666251676e+00	-3.546764917e-02	1.042110133e-18
-1.015000000e-01	4.666264679e+00	-3.586074752e-02	9.421379142e-19
-1.020000000e-01	4.666277715e+00	-3.625384423e-02	1.093626139e-18
-1.025000000e-01	4.666290784e+00	-3.664693925e-02	1.489012072e-18
-1.030000000e-01	4.666303886e+00	-3.704003261e-02	1.278255255e-18
-1.035000000e-01	4.666317021e+00	-3.743312429e-02	1.891630472e-18
-1.040000000e-01	4.666330190e+00	-3.782621425e-02	1.096820258e-18
-1.045000000e-01	4.666343391e+00	-3.821930254e-02	1.459922093e-18
-1.050000000e-01	4.666356625e+00	-3.861238910e-02	1.304658735e-18
-1.055000000e-01	4.666369892e+00	-3.900547395e-02	1.208674116e-18
-1.060000000e-01	4.666383192e+00	-3.939855706e-02	1.351765150e-18
-1.065000000e-01	4.666396526e+00	-3.979163845e-02	7.625903343e-19
-1.070000000e-01	4.666409892e+00	-4.018471810e-02	1.245456654e-18
-1.075000000e-01	4.666423291e+00	-4.057779599e-02	7.074760367e-19
-1.080000000e-01	4.666436723e+00	-4.097087213e-02	6.780196127e-19
-1.085000000e-01	4.666450189e+00	-4.136394650e-02	8.870004139e-19
-1.090000000e-01	4.666463687e+00	-4.175701908e-02	1.011879017e-18
-1.095000000e-01	4.666477218e+00	-4.215008989e-02	1.094194241e-18
-1.100000000e-01	4.666490783e+00	-4.254315890e-02	9.608605598e-19
-1.105000000e-01	4.666504380e+00	-4.293622611e-02	1.207216634e-18
-1.110000000e-01	4.666518010e+00	-4.332929151e-02	9.753108660e-19
-1.115000000e-01	4.666531673e+00	-4.372235511e-02	1.630006962e-18
-1.120000000e-01	4.666545370e+00	-4.411541686e-02	8.780984365e-19
-1.125000000e-01	4.666559099e+00	-4.450847678e-02	1.041395605e-18
-1.130000000e-01	4.666572861e+00	-4.490153486e-02	1.009898195e-18
-1.135000000e-01	4.666586657e+00	-4.529459110e-02	1.105280526e-18
-1.140000000e-01	4.666600485e+00	-4.568764547e-02	1.869190859e-18
-1.145000000e-01	4.666614346e+00	-4.608069798e-02	1.206122452e-18
-1.150000000e-01	4.666628241e+00	-4.647374861e-02	1.250005655e-18
-1.155000000e-01	4.666642168e+00	-4.686679735e-02	1.537586732e-18
-1.160000000e-01	4.666656129e+00	-4.725984420e-02	6.516369328e-19
-1.165000000e-01	4.666670122e+00	-4.765288915e-02	1.254195854e-18
-1.170000000e-01	4.666684148e+00	-4.804593220e-02	1.540992872e-18
-1.175000000e-01	4.666698208e+00	-4.843897333e-02	1.328726271e-18
-1.180000000e-01	4.666712300e+00	-4.883201253e-02	1.685973754e-18
-1.185000000e-01	4.666726425e+00	-4.922504979e-02	1.116824641e-18
-1.190000000e-01	4.666740583e+00	-4.961808511e-02	8.270758323e-19
-1.195000000e-01	4.666754775e+00	-5.001111849e-02	1.189683251e-18
-1.200000000e-01	4.666768999e+00	-5.040414990e-02	1.030568375e-18
-1.205000000e-01	4.666783256e+00	-5.079717935e-02	8.104358054e-19
-1.210000000e-01	4.666797547e+00	-5.119020682e-02	1.312513436e-18
-1.215000000e-01	4.666811870e+00	-5.158323232e-02	1.425506660e-18
-1.220000000e-01	4.666826226e+00	-5.197625581e-02	9.650956354e-19
-1.225000000e-01	4.666840615e+00	-5.236927731e-02	8.754154770e-19
-1.230000000e-01	4.666855038e+00	-5.276229680e-02	1.136585574e-18
-1.235000000e-01	4.666869493e+00	-5.315531427e-02	1.417340028e-18
-1.240000000e-01	4.666883981e+00	-5.354832972e-02	9.354490264e-19
-1.245000000e-01	4.666898502e+00	-5.394134313e-02	1.004301856e-18
-1.250000000e-01	4.666913056e+00	-5.433435450e-02	1.421958132e-18
-1.255000000e-01	4.666927644e+00	-5.472736383e-02	9.928162410e-19
-1.260000000e-01	4.666942264e+00	-5.512037109e-02	1.366922916e-18
-1.265000000e-01	4.666956917e+00	-5.551337628e-02	1.297666483e-18
-1.270000000e-01	4.666971603e+00	-5.590637941e-02	1.561760022e-18
-1.275000000e-01	4.666986322e+00	-5.629938045e-02	9.678212992e-19
-1.280000000e-01	4.667001074e+00	-5.669237940e-02	9.981319265e-19
-1.285000000e-01	4.667015859e+00	-5.708537625e-02	1.115052961e-18
-1.290000000e-01	4.667030677e+00	-5.747837098e-02	1.932954018e-18
-1.295000000e-01	4.667045528e+00	-5.787136361e-02	1.490603502e-18
-1.300000000e-01	4.667060412e+00	-5.826435411e-02	8.845942957e-19
-1.305000000e-01	4.667075329e+00	-5.865734247e-02	1.657988992e-18
-1.310000000e-01	4.667090279e+00	-5.905032870e-02	1.244471238e-18
-1.315000000e-01	4.667105262e+00	-5.944331277e-02	8.169516315e-19
-1.320000000e-01	4.667120278e+00	-5.983629469e-02	8.169836414e-19
-1.325000000e-01	4.667135327e+00	-6.022927444e-02	1.457871630e-18
-1.330000000e-01	4.667150408e+00	-6.062225203e-02	1.357198960e-18
-1.335000000e-01	4.667165523e+00	-6.101522742e-02	9.622297672e-19
-1.340000000e-01	4.667180671e+00	-6.140820062e-02	1.404324964e-18
-1.345000000e-01	4.667195852e+00	-6.180117163e-02	1.391932466e-18
-1.350000000e-01	4.667211065e+00	-6.219414042e-02	1.528832271e-18
-1.355000000e-01	4.667226312e+00	-6.258710701e-02	7.614879246e-19
-1.360000000e-01	4.667241592e+00	-6.298007137e-02	8.875525345e-19
-1.365000000e-01	4.667256904e+00	-6.337303350e-02	5.447564049e-19
-1.370000000e-01	4.667272250e+00	-6.376599338e-02	6.398621080e-19
-1.375000000e-01	4.667287628e+00	-6.415895102e-02	3.943834418e-19
-1.380000000e-01	4.667303040e+00	-6.455190640e-02	1.314000604e-18
-1.385000000e-01	4.667318484e+00	-6.494485951e-02	1.257028088e-18
-1.390000000e-01	4.667333961e+00	-6.533781035e-02	9.591874222e-19
-1.395000000e-01	4.667349472e+00	-6.573075891e-02	1.003874956e-18
-1.400000000e-01	4.667365015e+00	-6.612370518e-02	1.504188013e-18
-1.405000000e-01	4.667380591e+00	-6.651664916e-02	1.118491776e-18
-1.410000000e-01	4.667396200e+00	-6.690959082e-02	9.449932359e-19
-1.415000000e-01	4.667411843e+00	-6.730253016e-02	1.146894775e-18
-1.420000000e-01	4.667427518e+00	-6.769546719e-02	1.404273777e-18
-1.425000000e-01	4.667443226e+00	-6.808840189e-02	1.121818094e-18
-1.430000000e-01	4.667458967e+00	-6.848133424e-02	7.709718558e-19
-1.435000000e-01	4.667474741e+00	-6.887426425e-02	9.743490991e-19
-1.440000000e-01	4.667490548e+00	-6.926719190e-02	1.048482510e-18
-1.445000000e-01	4.667506387e+00	-6.966011718e-02	1.334723001e-18
-1.450000000e-01	4.667522260e+00	-7.005304009e-02	9.876355361e-19
-1.455000000e-01	4.667538166e+00	-7.044596063e-02	1.127227641e-18
-1.460000000e-01	4.667554105e+00	-7.083887877e-02	1.351992552e-18
-1.465000000e-01	4.667570076e+00	-7.123179451e-02	1.533616535e-18
-1.470000000e-01	4.667586081e+00	-7.162470785e-02	8.751347117e-19
-1.475000000e-01	4.667602118e+00	-7.201761877e-02	1.226815790e-18
-1.480000000e-01	4.667618189e+00	-7.241052727e-02	1.074393833e-18
-1.485000000e-01	4.667634292e+00	-7.280343334e-02	1.127054221e-18
-1.490000000e-01	4.667650429e+00	-7.319633697e-02	8.932839826e-19
-1.495000000e-01	4.667666598e+00	-7.358923815e-02	1.006067352e-18
-1.500000000e-01	4.667682800e+00	-7.398213689e-02	1.183485385e-18
-1.505000000e-01	4.667699035e+00	-7.437503315e-02	3.475342907e-19
-1.510000000e-01	4.667715303e+00	-7.476792694e-02	7.554041248e-19
-1.515000000e-01	4.667731604e+00	-7.516081825e-02	1.242271934e-18
-1.520000000e-01	4.667747938e+00	-7.555370708e-02	1.087440154e-18
-1.525000000e-01	4.667764305e+00	-7.594659341e-02	7.430555965e-19
-1.530000000e-01	4.667780705e+00	-7.633947723e-02	1.002339552e-18
-1.535000000e-01	4.667797138e+00	-7.673235854e-02	1.032946618e-18
-1.540000000e-01	4.667813603e+00	-7.712523732e-02	1.305835955e-18
-1.545000000e-01	4.667830102e+00	-7.751811357e-02	1.778978141e-18
-1.550000000e-01	4.667846634e+00	-7.791098730e-02	1.288060586e-18
-1.555000000e-01	4.667863198e+00	-7.830385847e-02	1.512215987e-18
-1.560000000e-01	4.667879795e+00	-7.869672708e-02	9.695731878e-19
-1.565000000e-01	4.667896426e+00	-7.908959314e-02	5.649948382e-19
-1.570000000e-01	4.667913089e+00	-7.948245662e-02	1.089029877e-18
-1.575000000e-01	4.667929785e+00	-7.987531752e-02	1.175597033e-18
-1.580000000e-01	4.667946514e+00	-8.026817584e-02	8.950445846e-19
-1.585000000e-01	4.667963276e+00	-8.066103156e-02	1.208176093e-18
-1.590000000e-01	4.667980071e+00	-8.105388467e-02	6.825824024e-19
-1.595000000e-01	4.667996899e+00	-8.144673518e-02	6.655979920e-19
-1.600000000e-01	4.668013759e+00	-8.183958306e-02	9.431180916e-19
-1.605000000e-01	4.668030653e+00	-8.223242831e-02	6.631330202e-19
-1.610000000e-01	4.668047580e+00	-8.262527093e-02	4.281771117e-19
-1.615000000e-01	4.668064539e+00	-8.301811090e-02	1.360215914e-18
-1.620000000e-01	4.668081532e+00	-8.341094821e-02	1.008303700e-18
-1.625000000e-01	4.668098557e+00	-8.380378287e-02	8.434170105e-19
-1.630000000e-01	4.668115615e+00	-8.419661485e-02	6.875168757e-19
-1.635000000e-01	4.668132706e+00	-8.458944416e-02	7.869249691e-19
-1.640000000e-01	4.668149830e+00	-8.498227078e-02	1.054733677e-18
-1.645000000e-01	4.668166987e+00	-8.537509470e-02	6.686185589e-19
-1.650000000e-01	4.668184177e+00	-8.576791593e-02	1.430047765e-18
-1.655000000e-01	4.668201400e+00	-8.616073444e-02	1.165888480e-18
-1.660000000e-01	4.668218655e+00	-8.655355023e-02	8.496564321e-19
-1.665000000e-01	4.668235944e+00	-8.694636329e-02	1.160628232e-18
-1.670000000e-01	4.668253265e+00	-8.733917362e-02	1.082216171e-18
-1.675000000e-01	4.668270620e+00	-8.773198120e-02	1.283550094e-18
-1.680000000e-01	4.668288007e+00	-8.812478602e-02	1.182501284e-18
-1.685000000e-01	4.668305427e+00	-8.851758809e-02	9.349082771e-19
-1.690000000e-01	4.668322880e+00	-8.891038739e-02	1.297331871e-18
-1.695000000e-01	4.668340366e+00	-8.930318391e-02	1.348810909e-18
-1.700000000e-01	4.668357885e+00	-8.969597765e-02	1.300327233e-18
-1.705000000e-01	4.668375436e+00	-9.008876859e-02	6.705255250e-19
-1.710000000e-01	4.668393021e+00	-9.048155673e-02	9.934102755e-19
-1.715000000e-01	4.668410638e+00	-9.087434206e-02	5.743406097e-19
-1.720000000e-01	4.668428289e+00	-9.126712457e-02	8.100050628e-19
-1.725000000e-01	4.668445972e+00	-9.165990425e-02	9.926204456e-19
-1.730000000e-01	4.668463688e+00	-9.205268110e-02	1.307439952e-18
-1.735000000e-01	4.668481437e+00	-9.244545511e-02	1.253881223e-18
-1.740000000e-01	4.668499219e+00	-9.283822627e-02	1.048411434e-18
-1.745000000e-01	4.668517034e+00	-9.323099456e-02	8.175954222e-19
-1.750000000e-01	4.668534882e+00	-9.362375998e-02	1.015561949e-18
-1.755000000e-01	4.668552762e+00	-9.401652253e-02	8.626441880e-19
-1.760000000e-01	4.668570676e+00	-9.440928220e-02	9.544373497e-19
-1.765000000e-01	4.668588622e+00	-9.480203897e-02	1.088007218e-18
-1.770000000e-01	4.668606601e+00	-9.519479285e-02	6.661762957e-19
-1.775000000e-01	4.668624613e+00	-9.558754381e-02	1.038593092e-18
-1.780000000e-01	4.668642658e+00	-9.598029185e-02	5.936956443e-19
-1.785000000e-01	4.668660736e+00	-9.637303697e-02	1.090124044e-18
-1.790000000e-01	4.668678847e+00	-9.676577916e-02	7.925508215e-19
-1.795000000e-01	4.668696990e+00	-9.715851840e-02	9.490320921e-19
-1.800000000e-01	4.668715167e+00	-9.755125470e-02	1.344205372e-18
-1.805000000e-01	4.668733376e+00	-9.794398803e-02	1.121319410e-18
-1.810000000e-01	4.668751618e+00	-9.833671840e-02	1.127450002e-18
-1.815000000e-01	4.668769893e+00	-9.872944580e-02	1.430846807e-18
-1.820000000e-01	4.668788201e+00	-9.912217020e-02	1.064539925e-18
-1.825000000e-01	4.668806542e+00	-9.951489162e-02	1.604830794e-18
-1.830000000e-01	4.668824915e+00	-9.990761004e-02	8.655812778e-19
-1.835000000e-01	4.668843322e+00	-1.003003255e-01	8.170640810e-19
-1.840000000e-01	4.668861761e+00	-1.006930378e-01	1.161555289e-18
-1.845000000e-01	4.668880233e+00	-1.010857472e-01	1.473901672e-18
-1.850000000e-01	4.668898738e+00	-1.014784536e-01	1.342166633e-18
-1.855000000e-01	4.668917276e+00	-1.018711569e-01	9.281767584e-19
-1.860000000e-01	4.668935847e+00	-1.022638571e-01	1.352633702e-18
-1.865000000e-01	4.668954451e+00	-1.026565543e-01	1.146883870e-18
-1.870000000e-01	4.668973087e+00	-1.030492484e-01	8.407383698e-19
-1.875000000e-01	4.668991756e+00	-1.034419395e-01	1.335425148e-18
-1.880000000e-01	4.669010459e+00	-1.038346275e-01	7.445843459e-19
-1.885000000e-01	4.669029194e+00	-1.042273123e-01	7.833710640e-19
-1.890000000e-01	4.669047961e+00	-1.046199941e-01	6.178928188e-19
-1.895000000e-01	4.669066762e+00	-1.050126728e-01	7.852082160e-19
-1.900000000e-01	4.669085596e+00	-1.054053484e-01	1.270528334e-18
-1.905000000e-01	4.669104462e+00	-1.057980208e-01	1.275880859e-18
-1.910000000e-01	4.669123361e+00	-1.061906901e-01	1.369216117e-18
-1.915000000e-01	4.669142293e+00	-1.065833563e-01	8.715030786e-19
-1.920000000e-01	4.669161258e+00	-1.069760193e-01	1.609647544e-18
-1.925000000e-01	4.669180256e+00	-1.073686792e-01	1.375609229e-18
-1.930000000e-01	4.669199287e+00	-1.077613359e-01	1.180705211e-18
-1.935000000e-01	4.669218350e+00	-1.081539894e-01	1.278311097e-18
-1.940000000e-01	4.669237446e+00	-1.085466397e-01	7.321602148e-19
-1.945000000e-01	4.669256575e+00	-1.089392869e-01	8.761954306e-19
-1.950000000e-01	4.669275737e+00	-1.093319309e-01	1.159700226e-18
-1.955000000e-01	4.669294932e+00	-1.097245716e-01	1.080506280e-18
-1.960000000e-01	4.669314160e+00	-1.101172092e-01	7.407153497e-19
-1.965000000e-01	4.669333420e+00	-1.105098435e-01	1.562488760e-18
-1.970000000e-01	4.669352713e+00	-1.109024746e-01	1.013505793e-18
-1.975000000e-01	4.669372039e+00	-1.112951025e-01	8.627739217e-19
-1.980000000e-01	4.669391398e+00	-1.116877271e-01	1.460524520e-18
-1.985000000e-01	4.669410790e+00	-1.120803484e-01	1.195329383e-18
-1.990000000e-01	4.669430214e+00	-1.124729665e-01	1.477851303e-18
-1.995000000e-01	4.669449672e+00	-1.128655814e-01	1.267883147e-18
-2.000000000e-01	4.669469162e+00	-1.132581929e-01	1.174146164e-18
