# Im(epsi1)     Re(Lambda)      Im(Lambda)      Eq(det).Opt det SIN kz, R=0.5 \mum, Re(epsi1)=3.90solve_det_sinkz_vs_mu.py
0.000000000e+00	1.744308817e+01	2.028077281e-02	1.399420587e-11
-1.000000000e-04	1.744308841e+01	2.010302471e-02	4.393622519e-12
-2.000000000e-04	1.744308866e+01	1.992527661e-02	1.795372202e-11
-3.000000000e-04	1.744308891e+01	1.974752851e-02	3.192358247e-11
-4.000000000e-04	1.744308916e+01	1.956978041e-02	2.129202992e-11
-5.000000000e-04	1.744308941e+01	1.939203231e-02	1.015664515e-11
-6.000000000e-04	1.744308966e+01	1.921428421e-02	8.645157463e-12
-7.000000000e-04	1.744308992e+01	1.903653611e-02	9.868649223e-12
-8.000000000e-04	1.744309018e+01	1.885878801e-02	9.305964239e-12
-9.000000000e-04	1.744309043e+01	1.868103991e-02	1.413178075e-11
-1.000000000e-03	1.744309070e+01	1.850329181e-02	7.936977131e-12
-1.100000000e-03	1.744309096e+01	1.832554371e-02	1.161047837e-11
-1.200000000e-03	1.744309122e+01	1.814779561e-02	8.873707033e-12
-1.300000000e-03	1.744309149e+01	1.797004751e-02	1.465973114e-11
-1.400000000e-03	1.744309176e+01	1.779229941e-02	6.398517485e-12
-1.500000000e-03	1.744309203e+01	1.761455132e-02	2.208784129e-11
-1.600000000e-03	1.744309230e+01	1.743680322e-02	9.617964324e-12
-1.700000000e-03	1.744309257e+01	1.725905512e-02	1.359890131e-11
-1.800000000e-03	1.744309285e+01	1.708130703e-02	9.862285287e-12
-1.900000000e-03	1.744309313e+01	1.690355893e-02	8.332390900e-12
-2.000000000e-03	1.744309341e+01	1.672581084e-02	5.413777557e-12
-2.100000000e-03	1.744309369e+01	1.654806275e-02	1.275090137e-11
-2.200000000e-03	1.744309397e+01	1.637031466e-02	2.936015952e-11
-2.300000000e-03	1.744309426e+01	1.619256657e-02	1.006757692e-11
-2.400000000e-03	1.744309454e+01	1.601481848e-02	1.054962143e-11
-2.500000000e-03	1.744309483e+01	1.583707039e-02	1.606452980e-11
-2.600000000e-03	1.744309512e+01	1.565932231e-02	2.063627477e-11
-2.700000000e-03	1.744309541e+01	1.548157422e-02	1.032402584e-11
-2.800000000e-03	1.744309571e+01	1.530382614e-02	2.516769427e-11
-2.900000000e-03	1.744309600e+01	1.512607805e-02	1.376388348e-11
-3.000000000e-03	1.744309630e+01	1.494832997e-02	1.357646054e-11
-3.100000000e-03	1.744309660e+01	1.477058189e-02	1.298055353e-11
-3.200000000e-03	1.744309690e+01	1.459283382e-02	2.548260481e-11
-3.300000000e-03	1.744309720e+01	1.441508574e-02	1.472520399e-11
-3.400000000e-03	1.744309750e+01	1.423733766e-02	2.260313094e-11
-3.500000000e-03	1.744309781e+01	1.405958959e-02	1.417477218e-11
-3.600000000e-03	1.744309812e+01	1.388184152e-02	1.223575580e-11
-3.700000000e-03	1.744309843e+01	1.370409345e-02	2.392490007e-11
-3.800000000e-03	1.744309874e+01	1.352634538e-02	5.105218062e-12
-3.900000000e-03	1.744309905e+01	1.334859732e-02	1.232712360e-11
-4.000000000e-03	1.744309937e+01	1.317084925e-02	1.338649109e-11
-4.100000000e-03	1.744309969e+01	1.299310119e-02	1.805937732e-11
-4.200000000e-03	1.744310001e+01	1.281535313e-02	1.388970250e-11
-4.300000000e-03	1.744310033e+01	1.263760507e-02	2.596959874e-11
-4.400000000e-03	1.744310065e+01	1.245985702e-02	2.214699882e-11
-4.500000000e-03	1.744310097e+01	1.228210897e-02	5.759909798e-12
-4.600000000e-03	1.744310130e+01	1.210436092e-02	1.668606363e-11
-4.700000000e-03	1.744310163e+01	1.192661287e-02	1.426794105e-11
-4.800000000e-03	1.744310196e+01	1.174886483e-02	2.636536469e-11
-4.900000000e-03	1.744310229e+01	1.157111678e-02	1.564351918e-11
-5.000000000e-03	1.744310262e+01	1.139336874e-02	1.518831510e-11
-5.100000000e-03	1.744310296e+01	1.121562070e-02	2.828522422e-11
-5.200000000e-03	1.744310329e+01	1.103787267e-02	1.365095132e-11
-5.300000000e-03	1.744310363e+01	1.086012464e-02	9.483911837e-12
-5.400000000e-03	1.744310397e+01	1.068237660e-02	2.405483360e-11
-5.500000000e-03	1.744310432e+01	1.050462858e-02	9.009172917e-12
-5.600000000e-03	1.744310466e+01	1.032688055e-02	1.879277945e-11
-5.700000000e-03	1.744310501e+01	1.014913253e-02	8.169182975e-12
-5.800000000e-03	1.744310535e+01	9.971384513e-03	1.403939165e-11
-5.900000000e-03	1.744310570e+01	9.793636499e-03	5.033062688e-12
-6.000000000e-03	1.744310605e+01	9.615888485e-03	8.017468734e-12
-6.100000000e-03	1.744310641e+01	9.438140478e-03	9.813782367e-12
-6.200000000e-03	1.744310676e+01	9.260392471e-03	8.448701412e-12
-6.300000000e-03	1.744310712e+01	9.082644470e-03	9.055760111e-12
-6.400000000e-03	1.744310748e+01	8.904896467e-03	2.904020437e-11
-6.500000000e-03	1.744310784e+01	8.727148473e-03	1.412615894e-11
-6.600000000e-03	1.744310820e+01	8.549400480e-03	2.096340603e-11
-6.700000000e-03	1.744310856e+01	8.371652496e-03	2.816363302e-11
-6.800000000e-03	1.744310893e+01	8.193904508e-03	6.405442088e-12
-6.900000000e-03	1.744310930e+01	8.016156524e-03	1.583383865e-11
-7.000000000e-03	1.744310967e+01	7.838408545e-03	2.674005438e-11
-7.100000000e-03	1.744311004e+01	7.660660573e-03	1.002052610e-11
-7.200000000e-03	1.744311041e+01	7.482912604e-03	1.286891054e-11
-7.300000000e-03	1.744311079e+01	7.305164637e-03	7.689005138e-12
-7.400000000e-03	1.744311116e+01	7.127416671e-03	1.580445166e-11
-7.500000000e-03	1.744311154e+01	6.949668714e-03	1.072856346e-11
-7.600000000e-03	1.744311192e+01	6.771920759e-03	7.728597324e-12
-7.700000000e-03	1.744311230e+01	6.594172807e-03	1.219399494e-11
-7.800000000e-03	1.744311269e+01	6.416424860e-03	6.257822200e-12
-7.900000000e-03	1.744311307e+01	6.238676920e-03	2.098907059e-11
-8.000000000e-03	1.744311346e+01	6.060928978e-03	7.641775050e-12
-8.100000000e-03	1.744311385e+01	5.883181042e-03	2.352618862e-11
-8.200000000e-03	1.744311424e+01	5.705433114e-03	1.137749181e-11
-8.300000000e-03	1.744311463e+01	5.527685193e-03	3.245678601e-11
-8.400000000e-03	1.744311503e+01	5.349937266e-03	1.716125503e-11
-8.500000000e-03	1.744311543e+01	5.172189348e-03	2.166590088e-11
-8.600000000e-03	1.744311582e+01	4.994441436e-03	1.538200504e-11
-8.700000000e-03	1.744311622e+01	4.816693532e-03	2.416608442e-11
-8.800000000e-03	1.744311663e+01	4.638945629e-03	1.055615853e-11
-8.900000000e-03	1.744311703e+01	4.461197727e-03	2.074452127e-11
-9.000000000e-03	1.744311744e+01	4.283449838e-03	1.725203673e-11
-9.100000000e-03	1.744311784e+01	4.105701947e-03	5.420638341e-12
-9.200000000e-03	1.744311825e+01	3.927954062e-03	2.006355084e-11
-9.300000000e-03	1.744311866e+01	3.750206181e-03	1.521434359e-11
-9.400000000e-03	1.744311908e+01	3.572458310e-03	1.809478412e-11
-9.500000000e-03	1.744311949e+01	3.394710439e-03	1.605615993e-11
-9.600000000e-03	1.744311991e+01	3.216962576e-03	1.948502875e-11
-9.700000000e-03	1.744312033e+01	3.039214718e-03	1.517344238e-11
-9.800000000e-03	1.744312075e+01	2.861466864e-03	1.297865771e-11
-9.900000000e-03	1.744312117e+01	2.683719015e-03	8.224642708e-12
-1.000000000e-02	1.744312159e+01	2.505971169e-03	1.127994661e-11
-1.010000000e-02	1.744312202e+01	2.328223333e-03	1.344870878e-11
-1.020000000e-02	1.744312244e+01	2.150475500e-03	9.983073582e-12
-1.030000000e-02	1.744312287e+01	1.972727674e-03	1.028837377e-11
-1.040000000e-02	1.744312330e+01	1.794979849e-03	2.041545988e-11
-1.050000000e-02	1.744312374e+01	1.617232035e-03	4.947801596e-12
-1.060000000e-02	1.744312417e+01	1.439484225e-03	1.713058641e-11
-1.070000000e-02	1.744312461e+01	1.261736421e-03	9.446286268e-12
-1.080000000e-02	1.744312504e+01	1.083988620e-03	7.649745823e-12
-1.090000000e-02	1.744312548e+01	9.062408286e-04	1.954969880e-11
-1.100000000e-02	1.744312593e+01	7.284930400e-04	8.873922337e-12
-1.110000000e-02	1.744312637e+01	5.507452619e-04	3.198194472e-11
-1.120000000e-02	1.744312681e+01	3.729974841e-04	1.125736713e-11
-1.130000000e-02	1.744312726e+01	1.952497150e-04	1.830913845e-11
-1.140000000e-02	1.744312771e+01	1.750194887e-05	1.649553947e-11
-1.150000000e-02	1.744312816e+01	-1.602458094e-04	2.200334759e-11
-1.160000000e-02	1.744312861e+01	-3.379935592e-04	3.028070053e-11
-1.170000000e-02	1.744312907e+01	-5.157413032e-04	4.626974014e-12
-1.180000000e-02	1.744312952e+01	-6.934890426e-04	7.952762782e-12
-1.190000000e-02	1.744312998e+01	-8.712367766e-04	1.354563610e-11
-1.200000000e-02	1.744313044e+01	-1.048984500e-03	1.693055850e-11
-1.210000000e-02	1.744313090e+01	-1.226732219e-03	1.226523831e-11
-1.220000000e-02	1.744313137e+01	-1.404479934e-03	4.117404921e-12
-1.230000000e-02	1.744313183e+01	-1.582227640e-03	1.546505874e-11
-1.240000000e-02	1.744313230e+01	-1.759975342e-03	1.086744367e-11
-1.250000000e-02	1.744313277e+01	-1.937723036e-03	1.577317833e-11
-1.260000000e-02	1.744313324e+01	-2.115470719e-03	1.249186049e-11
-1.270000000e-02	1.744313371e+01	-2.293218400e-03	1.011365568e-11
-1.280000000e-02	1.744313418e+01	-2.470966072e-03	7.734254367e-12
-1.290000000e-02	1.744313466e+01	-2.648713742e-03	2.072542830e-11
-1.300000000e-02	1.744313514e+01	-2.826461403e-03	3.416980410e-11
-1.310000000e-02	1.744313562e+01	-3.004209050e-03	1.045834710e-11
-1.320000000e-02	1.744313610e+01	-3.181956695e-03	1.307657765e-11
-1.330000000e-02	1.744313658e+01	-3.359704335e-03	8.725552001e-12
-1.340000000e-02	1.744313707e+01	-3.537451964e-03	1.720454273e-11
-1.350000000e-02	1.744313755e+01	-3.715199588e-03	1.939955146e-11
-1.360000000e-02	1.744313804e+01	-3.892947207e-03	1.605557331e-11
-1.370000000e-02	1.744313853e+01	-4.070694817e-03	2.271902237e-11
-1.380000000e-02	1.744313902e+01	-4.248442416e-03	1.781601697e-11
-1.390000000e-02	1.744313952e+01	-4.426190009e-03	1.569986001e-11
-1.400000000e-02	1.744314001e+01	-4.603937595e-03	2.366724395e-11
-1.410000000e-02	1.744314051e+01	-4.781685176e-03	1.506019594e-11
-1.420000000e-02	1.744314101e+01	-4.959432747e-03	1.567939635e-11
-1.430000000e-02	1.744314151e+01	-5.137180312e-03	8.515516195e-12
-1.440000000e-02	1.744314202e+01	-5.314927869e-03	9.687987057e-12
-1.450000000e-02	1.744314252e+01	-5.492675419e-03	8.850521618e-12
-1.460000000e-02	1.744314303e+01	-5.670422959e-03	1.105600901e-11
-1.470000000e-02	1.744314354e+01	-5.848170494e-03	1.628036015e-11
-1.480000000e-02	1.744314405e+01	-6.025918018e-03	1.216271528e-11
-1.490000000e-02	1.744314456e+01	-6.203665534e-03	5.308861057e-12
-1.500000000e-02	1.744314507e+01	-6.381413042e-03	1.269077768e-11
-1.510000000e-02	1.744314559e+01	-6.559160544e-03	1.185823569e-11
-1.520000000e-02	1.744314611e+01	-6.736908038e-03	1.221156197e-11
-1.530000000e-02	1.744314662e+01	-6.914655523e-03	1.038247328e-11
-1.540000000e-02	1.744314715e+01	-7.092402997e-03	1.110727867e-11
-1.550000000e-02	1.744314767e+01	-7.270150468e-03	1.694983728e-11
-1.560000000e-02	1.744314819e+01	-7.447897926e-03	1.392430594e-11
-1.570000000e-02	1.744314872e+01	-7.625645374e-03	2.692400802e-11
-1.580000000e-02	1.744314925e+01	-7.803392821e-03	5.266685959e-12
-1.590000000e-02	1.744314978e+01	-7.981140254e-03	1.035320105e-11
-1.600000000e-02	1.744315031e+01	-8.158887678e-03	2.013108270e-11
-1.610000000e-02	1.744315084e+01	-8.336635097e-03	9.881363761e-12
-1.620000000e-02	1.744315138e+01	-8.514382507e-03	8.669970932e-12
-1.630000000e-02	1.744315192e+01	-8.692129903e-03	3.042016446e-11
-1.640000000e-02	1.744315246e+01	-8.869877296e-03	8.690272456e-12
-1.650000000e-02	1.744315300e+01	-9.047624681e-03	1.528234897e-11
-1.660000000e-02	1.744315354e+01	-9.225372047e-03	3.474914409e-11
-1.670000000e-02	1.744315408e+01	-9.403119415e-03	8.771461128e-12
-1.680000000e-02	1.744315463e+01	-9.580866770e-03	1.252631633e-11
-1.690000000e-02	1.744315518e+01	-9.758614119e-03	1.673339256e-11
-1.700000000e-02	1.744315573e+01	-9.936361454e-03	1.146487415e-11
-1.710000000e-02	1.744315628e+01	-1.011410878e-02	9.888559715e-12
-1.720000000e-02	1.744315683e+01	-1.029185610e-02	1.285462762e-11
-1.730000000e-02	1.744315739e+01	-1.046960341e-02	5.521906529e-12
-1.740000000e-02	1.744315795e+01	-1.064735071e-02	1.197605040e-11
-1.750000000e-02	1.744315851e+01	-1.082509800e-02	2.084839991e-11
-1.760000000e-02	1.744315907e+01	-1.100284528e-02	2.562004223e-11
-1.770000000e-02	1.744315963e+01	-1.118059256e-02	2.728126522e-11
-1.780000000e-02	1.744316019e+01	-1.135833982e-02	2.393068102e-11
-1.790000000e-02	1.744316076e+01	-1.153608707e-02	1.202328751e-11
-1.800000000e-02	1.744316133e+01	-1.171383431e-02	1.547767864e-11
-1.810000000e-02	1.744316190e+01	-1.189158154e-02	1.673935381e-11
-1.820000000e-02	1.744316247e+01	-1.206932877e-02	9.532046623e-12
-1.830000000e-02	1.744316304e+01	-1.224707598e-02	1.711773254e-11
-1.840000000e-02	1.744316362e+01	-1.242482319e-02	2.657994807e-11
-1.850000000e-02	1.744316419e+01	-1.260257038e-02	1.077357027e-11
-1.860000000e-02	1.744316477e+01	-1.278031756e-02	1.377575030e-11
-1.870000000e-02	1.744316535e+01	-1.295806474e-02	1.146868858e-11
-1.880000000e-02	1.744316594e+01	-1.313581189e-02	2.566401761e-11
-1.890000000e-02	1.744316652e+01	-1.331355905e-02	1.930073463e-11
-1.900000000e-02	1.744316711e+01	-1.349130619e-02	1.302944110e-11
-1.910000000e-02	1.744316769e+01	-1.366905333e-02	7.735243621e-12
-1.920000000e-02	1.744316828e+01	-1.384680045e-02	7.319893496e-12
-1.930000000e-02	1.744316888e+01	-1.402454756e-02	3.756838825e-11
-1.940000000e-02	1.744316947e+01	-1.420229466e-02	1.209032707e-11
-1.950000000e-02	1.744317006e+01	-1.438004175e-02	9.070215973e-12
-1.960000000e-02	1.744317066e+01	-1.455778883e-02	9.345788136e-12
-1.970000000e-02	1.744317126e+01	-1.473553591e-02	1.280393822e-11
-1.980000000e-02	1.744317186e+01	-1.491328296e-02	1.778756172e-11
-1.990000000e-02	1.744317246e+01	-1.509103001e-02	1.041993676e-11
-2.000000000e-02	1.744317307e+01	-1.526877705e-02	1.173748879e-11
-2.010000000e-02	1.744317367e+01	-1.544652408e-02	2.532732338e-11
-2.020000000e-02	1.744317428e+01	-1.562427109e-02	1.297113978e-11
-2.030000000e-02	1.744317489e+01	-1.580201810e-02	1.441815051e-11
-2.040000000e-02	1.744317550e+01	-1.597976509e-02	1.025343910e-11
-2.050000000e-02	1.744317611e+01	-1.615751208e-02	1.017694949e-11
-2.060000000e-02	1.744317673e+01	-1.633525905e-02	1.250172325e-11
-2.070000000e-02	1.744317735e+01	-1.651300601e-02	2.003179628e-11
-2.080000000e-02	1.744317796e+01	-1.669075296e-02	1.414114500e-11
-2.090000000e-02	1.744317858e+01	-1.686849990e-02	1.499658998e-11
-2.100000000e-02	1.744317921e+01	-1.704624682e-02	6.303829707e-12
-2.110000000e-02	1.744317983e+01	-1.722399374e-02	6.011792955e-12
-2.120000000e-02	1.744318046e+01	-1.740174064e-02	5.895353040e-12
-2.130000000e-02	1.744318108e+01	-1.757948754e-02	1.029078719e-11
-2.140000000e-02	1.744318171e+01	-1.775723442e-02	2.040749852e-11
-2.150000000e-02	1.744318235e+01	-1.793498129e-02	5.321689641e-12
-2.160000000e-02	1.744318298e+01	-1.811272814e-02	1.872241716e-11
-2.170000000e-02	1.744318361e+01	-1.829047499e-02	1.101261632e-11
-2.180000000e-02	1.744318425e+01	-1.846822183e-02	1.493706476e-11
-2.190000000e-02	1.744318489e+01	-1.864596865e-02	1.369866624e-11
-2.200000000e-02	1.744318553e+01	-1.882371546e-02	6.812692427e-12
-2.210000000e-02	1.744318617e+01	-1.900146226e-02	9.227622395e-12
-2.220000000e-02	1.744318681e+01	-1.917920904e-02	1.843690466e-11
-2.230000000e-02	1.744318746e+01	-1.935695582e-02	1.054765676e-11
-2.240000000e-02	1.744318811e+01	-1.953470259e-02	4.938008448e-12
-2.250000000e-02	1.744318876e+01	-1.971244933e-02	3.044479039e-11
-2.260000000e-02	1.744318941e+01	-1.989019607e-02	1.679900232e-11
-2.270000000e-02	1.744319006e+01	-2.006794280e-02	6.241168375e-12
-2.280000000e-02	1.744319071e+01	-2.024568951e-02	1.237314221e-11
-2.290000000e-02	1.744319137e+01	-2.042343622e-02	6.330097512e-12
-2.300000000e-02	1.744319203e+01	-2.060118290e-02	1.033798191e-11
-2.310000000e-02	1.744319269e+01	-2.077892958e-02	1.064648082e-11
-2.320000000e-02	1.744319335e+01	-2.095667625e-02	1.069973713e-11
-2.330000000e-02	1.744319402e+01	-2.113442290e-02	8.456885471e-12
-2.340000000e-02	1.744319468e+01	-2.131216954e-02	1.778364685e-11
-2.350000000e-02	1.744319535e+01	-2.148991617e-02	1.244070204e-11
-2.360000000e-02	1.744319602e+01	-2.166766278e-02	2.891452757e-11
-2.370000000e-02	1.744319669e+01	-2.184540938e-02	6.307286734e-12
-2.380000000e-02	1.744319736e+01	-2.202315597e-02	7.309632718e-12
-2.390000000e-02	1.744319804e+01	-2.220090254e-02	8.274886362e-12
-2.400000000e-02	1.744319871e+01	-2.237864910e-02	2.140940379e-11
-2.410000000e-02	1.744319939e+01	-2.255639565e-02	5.175413141e-12
-2.420000000e-02	1.744320007e+01	-2.273414219e-02	1.181295100e-11
-2.430000000e-02	1.744320075e+01	-2.291188871e-02	1.109088376e-11
-2.440000000e-02	1.744320143e+01	-2.308963522e-02	8.852783302e-12
-2.450000000e-02	1.744320212e+01	-2.326738172e-02	1.086855390e-11
-2.460000000e-02	1.744320281e+01	-2.344512820e-02	2.131268259e-11
-2.470000000e-02	1.744320350e+01	-2.362287467e-02	2.176570898e-11
-2.480000000e-02	1.744320419e+01	-2.380062112e-02	2.530625286e-11
-2.490000000e-02	1.744320488e+01	-2.397836757e-02	7.865035732e-12
-2.500000000e-02	1.744320557e+01	-2.415611400e-02	2.531920717e-11
-2.510000000e-02	1.744320627e+01	-2.433386041e-02	1.786315520e-11
-2.520000000e-02	1.744320697e+01	-2.451160682e-02	9.691260853e-12
-2.530000000e-02	1.744320767e+01	-2.468935321e-02	1.524973876e-11
-2.540000000e-02	1.744320837e+01	-2.486709958e-02	1.786643037e-11
-2.550000000e-02	1.744320907e+01	-2.504484594e-02	1.006581177e-11
-2.560000000e-02	1.744320978e+01	-2.522259229e-02	3.640928979e-11
-2.570000000e-02	1.744321049e+01	-2.540033862e-02	9.128800675e-12
-2.580000000e-02	1.744321119e+01	-2.557808495e-02	3.199239268e-11
-2.590000000e-02	1.744321190e+01	-2.575583125e-02	2.522481616e-11
-2.600000000e-02	1.744321262e+01	-2.593357754e-02	1.266608992e-11
-2.610000000e-02	1.744321333e+01	-2.611132382e-02	5.961049694e-12
-2.620000000e-02	1.744321405e+01	-2.628907008e-02	1.984249355e-11
-2.630000000e-02	1.744321477e+01	-2.646681633e-02	1.516040674e-11
-2.640000000e-02	1.744321548e+01	-2.664456257e-02	2.664519156e-11
-2.650000000e-02	1.744321621e+01	-2.682230878e-02	1.262825558e-11
-2.660000000e-02	1.744321693e+01	-2.700005499e-02	2.209469944e-11
-2.670000000e-02	1.744321765e+01	-2.717780118e-02	1.031544558e-11
-2.680000000e-02	1.744321838e+01	-2.735554736e-02	7.071908505e-12
-2.690000000e-02	1.744321911e+01	-2.753329352e-02	7.864986009e-12
-2.700000000e-02	1.744321984e+01	-2.771103967e-02	8.120564255e-12
-2.710000000e-02	1.744322057e+01	-2.788878580e-02	1.305445476e-11
-2.720000000e-02	1.744322131e+01	-2.806653192e-02	2.903868692e-11
-2.730000000e-02	1.744322204e+01	-2.824427802e-02	1.925731974e-11
-2.740000000e-02	1.744322278e+01	-2.842202412e-02	1.263680680e-11
-2.750000000e-02	1.744322352e+01	-2.859977019e-02	1.197064792e-11
-2.760000000e-02	1.744322426e+01	-2.877751624e-02	2.646233749e-11
-2.770000000e-02	1.744322500e+01	-2.895526229e-02	1.380241128e-11
-2.780000000e-02	1.744322575e+01	-2.913300832e-02	2.990491210e-11
-2.790000000e-02	1.744322650e+01	-2.931075433e-02	3.068564287e-11
-2.800000000e-02	1.744322724e+01	-2.948850033e-02	5.884873097e-12
-2.810000000e-02	1.744322799e+01	-2.966624631e-02	2.388539360e-11
-2.820000000e-02	1.744322875e+01	-2.984399228e-02	1.739256931e-11
-2.830000000e-02	1.744322950e+01	-3.002173824e-02	3.558848058e-11
-2.840000000e-02	1.744323026e+01	-3.019948417e-02	1.474668701e-11
-2.850000000e-02	1.744323101e+01	-3.037723010e-02	1.013307537e-11
-2.860000000e-02	1.744323177e+01	-3.055497601e-02	1.033936832e-11
-2.870000000e-02	1.744323253e+01	-3.073272189e-02	2.357033882e-11
-2.880000000e-02	1.744323330e+01	-3.091046777e-02	1.166831911e-11
-2.890000000e-02	1.744323406e+01	-3.108821363e-02	1.160359323e-11
-2.900000000e-02	1.744323483e+01	-3.126595947e-02	1.199356731e-11
-2.910000000e-02	1.744323560e+01	-3.144370530e-02	1.909191050e-11
-2.920000000e-02	1.744323637e+01	-3.162145112e-02	1.549127914e-11
-2.930000000e-02	1.744323714e+01	-3.179919691e-02	1.267741162e-11
-2.940000000e-02	1.744323791e+01	-3.197694269e-02	1.954806519e-11
-2.950000000e-02	1.744323869e+01	-3.215468846e-02	1.303451783e-11
-2.960000000e-02	1.744323947e+01	-3.233243421e-02	1.122601456e-11
-2.970000000e-02	1.744324025e+01	-3.251017994e-02	1.944980162e-11
-2.980000000e-02	1.744324103e+01	-3.268792566e-02	2.179615482e-11
-2.990000000e-02	1.744324181e+01	-3.286567136e-02	5.792627476e-12
-3.000000000e-02	1.744324259e+01	-3.304341704e-02	1.069024210e-11
-3.010000000e-02	1.744324338e+01	-3.322116271e-02	8.048597177e-12
-3.020000000e-02	1.744324417e+01	-3.339890836e-02	3.255228812e-11
-3.030000000e-02	1.744324496e+01	-3.357665399e-02	3.049787355e-11
-3.040000000e-02	1.744324575e+01	-3.375439961e-02	6.611494741e-12
-3.050000000e-02	1.744324654e+01	-3.393214522e-02	7.192790976e-12
-3.060000000e-02	1.744324734e+01	-3.410989080e-02	7.020556587e-12
-3.070000000e-02	1.744324814e+01	-3.428763637e-02	7.427742615e-12
-3.080000000e-02	1.744324894e+01	-3.446538192e-02	1.453673409e-11
-3.090000000e-02	1.744324974e+01	-3.464312746e-02	8.256618961e-12
-3.100000000e-02	1.744325054e+01	-3.482087298e-02	1.133885123e-11
-3.110000000e-02	1.744325134e+01	-3.499861848e-02	1.928658747e-11
-3.120000000e-02	1.744325215e+01	-3.517636396e-02	8.799740214e-12
-3.130000000e-02	1.744325296e+01	-3.535410943e-02	2.140173897e-11
-3.140000000e-02	1.744325377e+01	-3.553185488e-02	1.490420087e-11
-3.150000000e-02	1.744325458e+01	-3.570960032e-02	6.723811359e-12
-3.160000000e-02	1.744325539e+01	-3.588734574e-02	3.990935374e-11
-3.170000000e-02	1.744325621e+01	-3.606509113e-02	6.539428584e-12
-3.180000000e-02	1.744325703e+01	-3.624283651e-02	4.562514503e-11
-3.190000000e-02	1.744325784e+01	-3.642058188e-02	7.627106169e-12
-3.200000000e-02	1.744325867e+01	-3.659832723e-02	1.307266835e-11
-3.210000000e-02	1.744325949e+01	-3.677607256e-02	2.279728865e-11
-3.220000000e-02	1.744326031e+01	-3.695381787e-02	5.016406259e-12
-3.230000000e-02	1.744326114e+01	-3.713156317e-02	1.185271086e-11
-3.240000000e-02	1.744326197e+01	-3.730930845e-02	1.017269148e-11
-3.250000000e-02	1.744326280e+01	-3.748705371e-02	1.020292640e-11
-3.260000000e-02	1.744326363e+01	-3.766479895e-02	1.130152523e-11
-3.270000000e-02	1.744326446e+01	-3.784254417e-02	2.473411029e-11
-3.280000000e-02	1.744326530e+01	-3.802028938e-02	1.079692869e-11
-3.290000000e-02	1.744326613e+01	-3.819803457e-02	1.044442315e-11
-3.300000000e-02	1.744326697e+01	-3.837577974e-02	3.318031872e-11
-3.310000000e-02	1.744326781e+01	-3.855352490e-02	1.581081878e-11
-3.320000000e-02	1.744326866e+01	-3.873127003e-02	7.761640666e-12
-3.330000000e-02	1.744326950e+01	-3.890901515e-02	1.380618639e-11
-3.340000000e-02	1.744327035e+01	-3.908676025e-02	1.115825373e-11
-3.350000000e-02	1.744327119e+01	-3.926450533e-02	8.015292433e-12
-3.360000000e-02	1.744327204e+01	-3.944225039e-02	1.585089996e-11
-3.370000000e-02	1.744327289e+01	-3.961999544e-02	1.000267088e-11
-3.380000000e-02	1.744327375e+01	-3.979774046e-02	1.272030337e-11
-3.390000000e-02	1.744327460e+01	-3.997548547e-02	9.364836067e-12
-3.400000000e-02	1.744327546e+01	-4.015323046e-02	3.517076597e-11
-3.410000000e-02	1.744327632e+01	-4.033097543e-02	1.082366474e-11
-3.420000000e-02	1.744327718e+01	-4.050872038e-02	1.253108455e-11
-3.430000000e-02	1.744327804e+01	-4.068646531e-02	1.470075830e-11
-3.440000000e-02	1.744327890e+01	-4.086421023e-02	7.874295794e-12
-3.450000000e-02	1.744327977e+01	-4.104195513e-02	5.892123493e-12
-3.460000000e-02	1.744328064e+01	-4.121970000e-02	1.291233666e-11
-3.470000000e-02	1.744328151e+01	-4.139744486e-02	2.071768576e-11
-3.480000000e-02	1.744328238e+01	-4.157518970e-02	1.747262208e-11
-3.490000000e-02	1.744328325e+01	-4.175293452e-02	4.056898900e-12
-3.500000000e-02	1.744328413e+01	-4.193067932e-02	5.980652228e-12
-3.510000000e-02	1.744328500e+01	-4.210842410e-02	2.507629446e-11
-3.520000000e-02	1.744328588e+01	-4.228616887e-02	1.258596946e-11
-3.530000000e-02	1.744328676e+01	-4.246391362e-02	5.799163394e-12
-3.540000000e-02	1.744328764e+01	-4.264165834e-02	8.769765279e-12
-3.550000000e-02	1.744328853e+01	-4.281940305e-02	1.339270156e-11
-3.560000000e-02	1.744328941e+01	-4.299714773e-02	1.636778656e-11
-3.570000000e-02	1.744329030e+01	-4.317489240e-02	1.324664074e-11
-3.580000000e-02	1.744329119e+01	-4.335263705e-02	2.564535100e-11
-3.590000000e-02	1.744329208e+01	-4.353038168e-02	1.825035771e-11
-3.600000000e-02	1.744329297e+01	-4.370812629e-02	8.194257578e-12
-3.610000000e-02	1.744329387e+01	-4.388587088e-02	1.633689253e-11
-3.620000000e-02	1.744329477e+01	-4.406361545e-02	1.001211320e-11
-3.630000000e-02	1.744329566e+01	-4.424136000e-02	5.120210436e-12
-3.640000000e-02	1.744329656e+01	-4.441910453e-02	2.009231766e-11
-3.650000000e-02	1.744329747e+01	-4.459684904e-02	1.457325230e-11
-3.660000000e-02	1.744329837e+01	-4.477459353e-02	1.276476812e-11
-3.670000000e-02	1.744329928e+01	-4.495233800e-02	1.340543134e-11
-3.680000000e-02	1.744330018e+01	-4.513008245e-02	1.139393056e-11
-3.690000000e-02	1.744330109e+01	-4.530782688e-02	1.021027314e-11
-3.700000000e-02	1.744330200e+01	-4.548557129e-02	5.369244756e-12
-3.710000000e-02	1.744330292e+01	-4.566331568e-02	2.194075718e-11
-3.720000000e-02	1.744330383e+01	-4.584106005e-02	1.066597559e-11
-3.730000000e-02	1.744330475e+01	-4.601880440e-02	1.842601226e-11
-3.740000000e-02	1.744330567e+01	-4.619654873e-02	9.827039138e-12
-3.750000000e-02	1.744330659e+01	-4.637429304e-02	2.575962338e-11
-3.760000000e-02	1.744330751e+01	-4.655203733e-02	1.271111022e-11
-3.770000000e-02	1.744330843e+01	-4.672978160e-02	8.713589997e-12
-3.780000000e-02	1.744330936e+01	-4.690752585e-02	2.353685555e-11
-3.790000000e-02	1.744331028e+01	-4.708527007e-02	1.772886977e-11
-3.800000000e-02	1.744331121e+01	-4.726301428e-02	1.237426933e-11
-3.810000000e-02	1.744331214e+01	-4.744075846e-02	1.952017316e-11
-3.820000000e-02	1.744331308e+01	-4.761850263e-02	1.432718514e-11
-3.830000000e-02	1.744331401e+01	-4.779624678e-02	8.479218011e-12
-3.840000000e-02	1.744331495e+01	-4.797399090e-02	5.506112022e-12
-3.850000000e-02	1.744331588e+01	-4.815173500e-02	2.453420669e-11
-3.860000000e-02	1.744331682e+01	-4.832947909e-02	1.490690301e-11
-3.870000000e-02	1.744331777e+01	-4.850722315e-02	9.905096173e-12
-3.880000000e-02	1.744331871e+01	-4.868496719e-02	1.097091847e-11
-3.890000000e-02	1.744331966e+01	-4.886271120e-02	1.313389345e-11
-3.900000000e-02	1.744332060e+01	-4.904045520e-02	8.426995005e-12
-3.910000000e-02	1.744332155e+01	-4.921819918e-02	2.389525905e-11
-3.920000000e-02	1.744332250e+01	-4.939594313e-02	1.653361379e-11
-3.930000000e-02	1.744332345e+01	-4.957368707e-02	1.377245287e-11
-3.940000000e-02	1.744332441e+01	-4.975143098e-02	1.303452389e-11
-3.950000000e-02	1.744332536e+01	-4.992917487e-02	1.036319149e-11
-3.960000000e-02	1.744332632e+01	-5.010691874e-02	2.539487845e-11
-3.970000000e-02	1.744332728e+01	-5.028466259e-02	2.413952427e-11
-3.980000000e-02	1.744332824e+01	-5.046240641e-02	1.640171173e-11
-3.990000000e-02	1.744332921e+01	-5.064015022e-02	5.864784618e-12
-4.000000000e-02	1.744333017e+01	-5.081789400e-02	6.602430431e-12
