# Im(epsi1)     Re(Lambda)      Im(Lambda)      Eq(det).Opt det SIN kz, R=0.5 \mum, Re(epsi1)=3.90solve_det_sinkz_vs_mu.py
0.000000000e+00	1.603315742e+01	1.603314942e-02	2.573673411e-11
-1.000000000e-04	1.603315763e+01	1.586967569e-02	5.177667065e-12
-2.000000000e-04	1.603315784e+01	1.570620196e-02	1.331757847e-11
-3.000000000e-04	1.603315805e+01	1.554272823e-02	1.020846541e-11
-4.000000000e-04	1.603315826e+01	1.537925450e-02	2.537757047e-11
-5.000000000e-04	1.603315848e+01	1.521578077e-02	7.564892930e-12
-6.000000000e-04	1.603315869e+01	1.505230704e-02	2.593901419e-11
-7.000000000e-04	1.603315891e+01	1.488883331e-02	7.717803853e-12
-8.000000000e-04	1.603315913e+01	1.472535959e-02	7.830278783e-12
-9.000000000e-04	1.603315935e+01	1.456188586e-02	9.311877794e-12
-1.000000000e-03	1.603315957e+01	1.439841213e-02	9.954733430e-12
-1.100000000e-03	1.603315980e+01	1.423493840e-02	1.302333091e-11
-1.200000000e-03	1.603316002e+01	1.407146468e-02	1.091458729e-11
-1.300000000e-03	1.603316025e+01	1.390799095e-02	1.058158790e-11
-1.400000000e-03	1.603316048e+01	1.374451723e-02	1.500011464e-11
-1.500000000e-03	1.603316071e+01	1.358104350e-02	2.439035329e-11
-1.600000000e-03	1.603316094e+01	1.341756977e-02	1.142793397e-11
-1.700000000e-03	1.603316118e+01	1.325409605e-02	1.107081336e-11
-1.800000000e-03	1.603316141e+01	1.309062233e-02	9.208283415e-12
-1.900000000e-03	1.603316165e+01	1.292714861e-02	3.626410946e-11
-2.000000000e-03	1.603316189e+01	1.276367488e-02	1.575410151e-11
-2.100000000e-03	1.603316213e+01	1.260020117e-02	1.639990773e-11
-2.200000000e-03	1.603316237e+01	1.243672745e-02	7.610093298e-12
-2.300000000e-03	1.603316262e+01	1.227325373e-02	8.126893103e-12
-2.400000000e-03	1.603316286e+01	1.210978001e-02	9.159954444e-12
-2.500000000e-03	1.603316311e+01	1.194630629e-02	1.518812936e-11
-2.600000000e-03	1.603316336e+01	1.178283258e-02	7.277792961e-12
-2.700000000e-03	1.603316361e+01	1.161935886e-02	7.594001235e-12
-2.800000000e-03	1.603316386e+01	1.145588515e-02	8.457029066e-12
-2.900000000e-03	1.603316412e+01	1.129241144e-02	1.392076391e-11
-3.000000000e-03	1.603316437e+01	1.112893773e-02	2.374233045e-11
-3.100000000e-03	1.603316463e+01	1.096546402e-02	3.848473057e-11
-3.200000000e-03	1.603316489e+01	1.080199032e-02	7.744924223e-12
-3.300000000e-03	1.603316515e+01	1.063851661e-02	3.334486263e-11
-3.400000000e-03	1.603316541e+01	1.047504291e-02	8.826140900e-12
-3.500000000e-03	1.603316568e+01	1.031156920e-02	9.992783497e-12
-3.600000000e-03	1.603316594e+01	1.014809550e-02	1.111875579e-11
-3.700000000e-03	1.603316621e+01	9.984621806e-03	1.246657592e-11
-3.800000000e-03	1.603316648e+01	9.821148106e-03	1.026801791e-11
-3.900000000e-03	1.603316675e+01	9.657674413e-03	7.775506115e-12
-4.000000000e-03	1.603316702e+01	9.494200720e-03	1.188016521e-11
-4.100000000e-03	1.603316730e+01	9.330727028e-03	1.002199351e-11
-4.200000000e-03	1.603316757e+01	9.167253336e-03	1.193480169e-11
-4.300000000e-03	1.603316785e+01	9.003779651e-03	9.426141493e-12
-4.400000000e-03	1.603316813e+01	8.840305964e-03	8.822360652e-12
-4.500000000e-03	1.603316841e+01	8.676832280e-03	1.501615088e-11
-4.600000000e-03	1.603316869e+01	8.513358600e-03	1.323243704e-11
-4.700000000e-03	1.603316898e+01	8.349884919e-03	2.013153103e-11
-4.800000000e-03	1.603316926e+01	8.186411245e-03	2.647768645e-11
-4.900000000e-03	1.603316955e+01	8.022937571e-03	1.188131243e-11
-5.000000000e-03	1.603316984e+01	7.859463898e-03	9.973961564e-12
-5.100000000e-03	1.603317013e+01	7.695990226e-03	2.349065796e-11
-5.200000000e-03	1.603317042e+01	7.532516564e-03	1.181148863e-11
-5.300000000e-03	1.603317072e+01	7.369042898e-03	2.228628250e-11
-5.400000000e-03	1.603317101e+01	7.205569236e-03	8.180850693e-12
-5.500000000e-03	1.603317131e+01	7.042095575e-03	1.822530429e-11
-5.600000000e-03	1.603317161e+01	6.878621921e-03	1.007273927e-11
-5.700000000e-03	1.603317191e+01	6.715148265e-03	1.220730422e-11
-5.800000000e-03	1.603317221e+01	6.551674614e-03	3.152846421e-11
-5.900000000e-03	1.603317251e+01	6.388200967e-03	1.708363879e-11
-6.000000000e-03	1.603317282e+01	6.224727322e-03	7.628914222e-12
-6.100000000e-03	1.603317313e+01	6.061253678e-03	1.317107329e-11
-6.200000000e-03	1.603317344e+01	5.897780039e-03	8.334133235e-12
-6.300000000e-03	1.603317375e+01	5.734306406e-03	2.363758686e-11
-6.400000000e-03	1.603317406e+01	5.570832768e-03	2.359328662e-11
-6.500000000e-03	1.603317437e+01	5.407359137e-03	2.683021062e-11
-6.600000000e-03	1.603317469e+01	5.243885511e-03	1.778154289e-11
-6.700000000e-03	1.603317501e+01	5.080411888e-03	1.234150220e-11
-6.800000000e-03	1.603317533e+01	4.916938267e-03	1.158412555e-11
-6.900000000e-03	1.603317565e+01	4.753464651e-03	6.897793278e-12
-7.000000000e-03	1.603317597e+01	4.589991036e-03	2.469743075e-11
-7.100000000e-03	1.603317629e+01	4.426517429e-03	2.193799949e-11
-7.200000000e-03	1.603317662e+01	4.263043821e-03	7.061712500e-12
-7.300000000e-03	1.603317694e+01	4.099570218e-03	1.255860002e-11
-7.400000000e-03	1.603317727e+01	3.936096619e-03	1.845095686e-11
-7.500000000e-03	1.603317760e+01	3.772623021e-03	2.150949945e-11
-7.600000000e-03	1.603317794e+01	3.609149427e-03	1.317240124e-11
-7.700000000e-03	1.603317827e+01	3.445675840e-03	7.486756299e-12
-7.800000000e-03	1.603317861e+01	3.282202254e-03	9.109095217e-12
-7.900000000e-03	1.603317894e+01	3.118728673e-03	1.005910751e-11
-8.000000000e-03	1.603317928e+01	2.955255096e-03	1.320593584e-11
-8.100000000e-03	1.603317962e+01	2.791781524e-03	6.819639197e-12
-8.200000000e-03	1.603317996e+01	2.628307953e-03	2.105627209e-11
-8.300000000e-03	1.603318031e+01	2.464834388e-03	9.124236548e-12
-8.400000000e-03	1.603318065e+01	2.301360825e-03	1.991948057e-11
-8.500000000e-03	1.603318100e+01	2.137887272e-03	1.242064992e-11
-8.600000000e-03	1.603318135e+01	1.974413720e-03	2.211564586e-11
-8.700000000e-03	1.603318170e+01	1.810940172e-03	3.244975901e-11
-8.800000000e-03	1.603318205e+01	1.647466626e-03	1.363898434e-11
-8.900000000e-03	1.603318241e+01	1.483993086e-03	1.095769859e-11
-9.000000000e-03	1.603318276e+01	1.320519551e-03	1.142685332e-11
-9.100000000e-03	1.603318312e+01	1.157046018e-03	7.114461120e-12
-9.200000000e-03	1.603318348e+01	9.935724935e-04	1.320457632e-11
-9.300000000e-03	1.603318384e+01	8.300989693e-04	1.429385040e-11
-9.400000000e-03	1.603318420e+01	6.666254512e-04	1.800101462e-11
-9.500000000e-03	1.603318456e+01	5.031519415e-04	2.637124722e-11
-9.600000000e-03	1.603318493e+01	3.396784304e-04	1.515916617e-11
-9.700000000e-03	1.603318530e+01	1.762049265e-04	1.643265199e-11
-9.800000000e-03	1.603318566e+01	1.273142805e-05	1.725668974e-11
-9.900000000e-03	1.603318603e+01	-1.507420664e-04	1.712556446e-11
-1.000000000e-02	1.603318641e+01	-3.142155545e-04	7.109018610e-12
-1.010000000e-02	1.603318678e+01	-4.776890391e-04	1.363544788e-11
-1.020000000e-02	1.603318716e+01	-6.411625166e-04	1.128442075e-11
-1.030000000e-02	1.603318753e+01	-8.046359899e-04	1.262804989e-11
-1.040000000e-02	1.603318791e+01	-9.681094608e-04	1.441823734e-11
-1.050000000e-02	1.603318829e+01	-1.131582920e-03	1.891927969e-11
-1.060000000e-02	1.603318867e+01	-1.295056381e-03	1.977836479e-11
-1.070000000e-02	1.603318906e+01	-1.458529834e-03	8.040561356e-12
-1.080000000e-02	1.603318944e+01	-1.622003282e-03	8.650715746e-12
-1.090000000e-02	1.603318983e+01	-1.785476726e-03	1.301362919e-11
-1.100000000e-02	1.603319022e+01	-1.948950163e-03	7.413262057e-12
-1.110000000e-02	1.603319061e+01	-2.112423595e-03	5.752095272e-12
-1.120000000e-02	1.603319100e+01	-2.275897020e-03	7.235201185e-12
-1.130000000e-02	1.603319139e+01	-2.439370440e-03	6.787925160e-12
-1.140000000e-02	1.603319179e+01	-2.602843856e-03	1.070616411e-11
-1.150000000e-02	1.603319219e+01	-2.766317265e-03	1.403422829e-11
-1.160000000e-02	1.603319258e+01	-2.929790668e-03	1.266289545e-11
-1.170000000e-02	1.603319298e+01	-3.093264068e-03	1.243637296e-11
-1.180000000e-02	1.603319339e+01	-3.256737457e-03	1.734223406e-11
-1.190000000e-02	1.603319379e+01	-3.420210845e-03	1.028848532e-11
-1.200000000e-02	1.603319420e+01	-3.583684226e-03	1.437283185e-11
-1.210000000e-02	1.603319460e+01	-3.747157600e-03	7.181459020e-12
-1.220000000e-02	1.603319501e+01	-3.910630971e-03	1.245145284e-11
-1.230000000e-02	1.603319542e+01	-4.074104332e-03	6.970361176e-12
-1.240000000e-02	1.603319583e+01	-4.237577685e-03	4.057264366e-11
-1.250000000e-02	1.603319625e+01	-4.401051037e-03	7.892567588e-12
-1.260000000e-02	1.603319666e+01	-4.564524379e-03	2.841391343e-11
-1.270000000e-02	1.603319708e+01	-4.727997721e-03	2.804375334e-11
-1.280000000e-02	1.603319750e+01	-4.891471053e-03	1.763207267e-11
-1.290000000e-02	1.603319792e+01	-5.054944376e-03	1.334762567e-11
-1.300000000e-02	1.603319834e+01	-5.218417696e-03	6.914926883e-12
-1.310000000e-02	1.603319876e+01	-5.381891006e-03	1.205169072e-11
-1.320000000e-02	1.603319919e+01	-5.545364314e-03	8.244817709e-12
-1.330000000e-02	1.603319961e+01	-5.708837610e-03	1.585212258e-11
-1.340000000e-02	1.603320004e+01	-5.872310906e-03	1.778577514e-11
-1.350000000e-02	1.603320047e+01	-6.035784189e-03	2.511921535e-11
-1.360000000e-02	1.603320090e+01	-6.199257469e-03	9.570293224e-12
-1.370000000e-02	1.603320134e+01	-6.362730743e-03	9.941829478e-12
-1.380000000e-02	1.603320177e+01	-6.526204010e-03	2.447939082e-11
-1.390000000e-02	1.603320221e+01	-6.689677268e-03	1.453624419e-11
-1.400000000e-02	1.603320265e+01	-6.853150520e-03	4.487398985e-11
-1.410000000e-02	1.603320309e+01	-7.016623766e-03	1.758261895e-11
-1.420000000e-02	1.603320353e+01	-7.180097000e-03	1.112603899e-11
-1.430000000e-02	1.603320397e+01	-7.343570232e-03	2.474953107e-11
-1.440000000e-02	1.603320442e+01	-7.507043460e-03	3.663196509e-11
-1.450000000e-02	1.603320487e+01	-7.670516668e-03	3.413869219e-11
-1.460000000e-02	1.603320531e+01	-7.833989881e-03	1.364150587e-11
-1.470000000e-02	1.603320576e+01	-7.997463086e-03	2.242123570e-11
-1.480000000e-02	1.603320622e+01	-8.160936277e-03	1.059946739e-11
-1.490000000e-02	1.603320667e+01	-8.324409467e-03	1.069818720e-11
-1.500000000e-02	1.603320712e+01	-8.487882645e-03	6.716995760e-12
-1.510000000e-02	1.603320758e+01	-8.651355819e-03	1.331969565e-11
-1.520000000e-02	1.603320804e+01	-8.814828984e-03	1.097614456e-11
-1.530000000e-02	1.603320850e+01	-8.978302141e-03	1.300092569e-11
-1.540000000e-02	1.603320896e+01	-9.141775291e-03	1.803469544e-11
-1.550000000e-02	1.603320942e+01	-9.305248433e-03	8.434855529e-12
-1.560000000e-02	1.603320989e+01	-9.468721567e-03	8.328209553e-12
-1.570000000e-02	1.603321036e+01	-9.632194692e-03	1.393894280e-11
-1.580000000e-02	1.603321082e+01	-9.795667811e-03	1.654065171e-11
-1.590000000e-02	1.603321129e+01	-9.959140924e-03	6.996315810e-12
-1.600000000e-02	1.603321177e+01	-1.012261403e-02	2.309238508e-11
-1.610000000e-02	1.603321224e+01	-1.028608712e-02	1.088682116e-11
-1.620000000e-02	1.603321271e+01	-1.044956021e-02	1.950863461e-11
-1.630000000e-02	1.603321319e+01	-1.061303329e-02	3.181171433e-11
-1.640000000e-02	1.603321367e+01	-1.077650636e-02	9.180146540e-12
-1.650000000e-02	1.603321415e+01	-1.093997942e-02	7.261000859e-12
-1.660000000e-02	1.603321463e+01	-1.110345248e-02	3.441549139e-11
-1.670000000e-02	1.603321511e+01	-1.126692552e-02	1.078377876e-11
-1.680000000e-02	1.603321560e+01	-1.143039856e-02	1.087837716e-11
-1.690000000e-02	1.603321609e+01	-1.159387159e-02	1.042336894e-11
-1.700000000e-02	1.603321657e+01	-1.175734461e-02	3.338120599e-11
-1.710000000e-02	1.603321706e+01	-1.192081762e-02	1.319149548e-11
-1.720000000e-02	1.603321755e+01	-1.208429063e-02	1.438387856e-11
-1.730000000e-02	1.603321805e+01	-1.224776362e-02	1.538525929e-11
-1.740000000e-02	1.603321854e+01	-1.241123661e-02	8.865117059e-12
-1.750000000e-02	1.603321904e+01	-1.257470959e-02	3.274768879e-11
-1.760000000e-02	1.603321954e+01	-1.273818256e-02	7.260955686e-12
-1.770000000e-02	1.603322004e+01	-1.290165552e-02	1.511276628e-11
-1.780000000e-02	1.603322054e+01	-1.306512847e-02	8.173941129e-12
-1.790000000e-02	1.603322104e+01	-1.322860141e-02	1.006746948e-11
-1.800000000e-02	1.603322155e+01	-1.339207435e-02	1.036511458e-11
-1.810000000e-02	1.603322205e+01	-1.355554727e-02	3.242993618e-11
-1.820000000e-02	1.603322256e+01	-1.371902019e-02	5.802771644e-12
-1.830000000e-02	1.603322307e+01	-1.388249310e-02	2.429792775e-11
-1.840000000e-02	1.603322358e+01	-1.404596600e-02	5.576129310e-12
-1.850000000e-02	1.603322410e+01	-1.420943889e-02	7.930674797e-12
-1.860000000e-02	1.603322461e+01	-1.437291176e-02	2.553271827e-11
-1.870000000e-02	1.603322513e+01	-1.453638464e-02	3.506643644e-11
-1.880000000e-02	1.603322565e+01	-1.469985749e-02	1.945205111e-11
-1.890000000e-02	1.603322617e+01	-1.486333035e-02	1.150324561e-11
-1.900000000e-02	1.603322669e+01	-1.502680319e-02	2.551295898e-11
-1.910000000e-02	1.603322721e+01	-1.519027602e-02	8.047997957e-12
-1.920000000e-02	1.603322773e+01	-1.535374884e-02	5.456471543e-12
-1.930000000e-02	1.603322826e+01	-1.551722166e-02	1.843506852e-11
-1.940000000e-02	1.603322879e+01	-1.568069447e-02	4.425334259e-11
-1.950000000e-02	1.603322932e+01	-1.584416726e-02	1.135636585e-11
-1.960000000e-02	1.603322985e+01	-1.600764004e-02	8.994273749e-12
-1.970000000e-02	1.603323038e+01	-1.617111282e-02	9.792403328e-12
-1.980000000e-02	1.603323092e+01	-1.633458558e-02	7.086395420e-12
-1.990000000e-02	1.603323145e+01	-1.649805834e-02	2.047729134e-11
-2.000000000e-02	1.603323199e+01	-1.666153108e-02	2.162834096e-11
-2.010000000e-02	1.603323253e+01	-1.682500382e-02	1.459416089e-11
-2.020000000e-02	1.603323307e+01	-1.698847654e-02	2.067132959e-11
-2.030000000e-02	1.603323362e+01	-1.715194926e-02	1.371977253e-11
-2.040000000e-02	1.603323416e+01	-1.731542196e-02	1.585441794e-11
-2.050000000e-02	1.603323471e+01	-1.747889466e-02	1.563696560e-11
-2.060000000e-02	1.603323526e+01	-1.764236734e-02	1.375647258e-11
-2.070000000e-02	1.603323580e+01	-1.780584002e-02	1.599045233e-11
-2.080000000e-02	1.603323636e+01	-1.796931268e-02	9.379524876e-12
-2.090000000e-02	1.603323691e+01	-1.813278533e-02	1.389992714e-11
-2.100000000e-02	1.603323746e+01	-1.829625798e-02	3.316499104e-11
-2.110000000e-02	1.603323802e+01	-1.845973061e-02	1.848203419e-11
-2.120000000e-02	1.603323858e+01	-1.862320323e-02	1.112230540e-11
-2.130000000e-02	1.603323914e+01	-1.878667584e-02	8.603303494e-12
-2.140000000e-02	1.603323970e+01	-1.895014844e-02	1.763500013e-11
-2.150000000e-02	1.603324026e+01	-1.911362103e-02	1.677611667e-11
-2.160000000e-02	1.603324083e+01	-1.927709361e-02	1.440998619e-11
-2.170000000e-02	1.603324139e+01	-1.944056618e-02	1.129066447e-11
-2.180000000e-02	1.603324196e+01	-1.960403874e-02	9.194462865e-12
-2.190000000e-02	1.603324253e+01	-1.976751129e-02	2.373491820e-11
-2.200000000e-02	1.603324310e+01	-1.993098382e-02	1.819278982e-11
-2.210000000e-02	1.603324367e+01	-2.009445635e-02	2.038509809e-11
-2.220000000e-02	1.603324425e+01	-2.025792886e-02	1.053898148e-11
-2.230000000e-02	1.603324483e+01	-2.042140136e-02	1.018865403e-11
-2.240000000e-02	1.603324540e+01	-2.058487385e-02	9.597678565e-12
-2.250000000e-02	1.603324598e+01	-2.074834634e-02	6.571688261e-12
-2.260000000e-02	1.603324656e+01	-2.091181880e-02	1.675953357e-11
-2.270000000e-02	1.603324715e+01	-2.107529126e-02	7.871792265e-12
-2.280000000e-02	1.603324773e+01	-2.123876371e-02	1.290939623e-11
-2.290000000e-02	1.603324832e+01	-2.140223614e-02	2.587286318e-11
-2.300000000e-02	1.603324890e+01	-2.156570857e-02	2.957528275e-11
-2.310000000e-02	1.603324949e+01	-2.172918098e-02	2.299970603e-11
-2.320000000e-02	1.603325009e+01	-2.189265338e-02	8.774353808e-12
-2.330000000e-02	1.603325068e+01	-2.205612577e-02	1.353903892e-11
-2.340000000e-02	1.603325127e+01	-2.221959815e-02	8.680159497e-12
-2.350000000e-02	1.603325187e+01	-2.238307052e-02	9.339525597e-12
-2.360000000e-02	1.603325247e+01	-2.254654287e-02	1.062409904e-11
-2.370000000e-02	1.603325307e+01	-2.271001521e-02	1.004421736e-11
-2.380000000e-02	1.603325367e+01	-2.287348754e-02	7.643121959e-12
-2.390000000e-02	1.603325427e+01	-2.303695986e-02	9.551050543e-12
-2.400000000e-02	1.603325487e+01	-2.320043217e-02	1.073509819e-11
-2.410000000e-02	1.603325548e+01	-2.336390446e-02	9.897550301e-12
-2.420000000e-02	1.603325609e+01	-2.352737674e-02	5.882391094e-12
-2.430000000e-02	1.603325670e+01	-2.369084901e-02	7.193089433e-12
-2.440000000e-02	1.603325731e+01	-2.385432127e-02	1.308455813e-11
-2.450000000e-02	1.603325792e+01	-2.401779352e-02	3.667870678e-11
-2.460000000e-02	1.603325854e+01	-2.418126575e-02	2.164672086e-11
-2.470000000e-02	1.603325915e+01	-2.434473798e-02	3.271600975e-11
-2.480000000e-02	1.603325977e+01	-2.450821018e-02	1.499067260e-11
-2.490000000e-02	1.603326039e+01	-2.467168238e-02	7.524559328e-12
-2.500000000e-02	1.603326101e+01	-2.483515456e-02	5.148249578e-12
-2.510000000e-02	1.603326163e+01	-2.499862674e-02	2.312240456e-11
-2.520000000e-02	1.603326226e+01	-2.516209890e-02	1.511218712e-11
-2.530000000e-02	1.603326288e+01	-2.532557104e-02	1.010220226e-11
-2.540000000e-02	1.603326351e+01	-2.548904318e-02	9.448250104e-12
-2.550000000e-02	1.603326414e+01	-2.565251530e-02	1.002293507e-11
-2.560000000e-02	1.603326477e+01	-2.581598741e-02	1.157422114e-11
-2.570000000e-02	1.603326540e+01	-2.597945951e-02	2.178018583e-11
-2.580000000e-02	1.603326604e+01	-2.614293159e-02	1.059068670e-11
-2.590000000e-02	1.603326667e+01	-2.630640366e-02	1.152214198e-11
-2.600000000e-02	1.603326731e+01	-2.646987571e-02	1.892065023e-11
-2.610000000e-02	1.603326795e+01	-2.663334776e-02	1.045365474e-11
-2.620000000e-02	1.603326859e+01	-2.679681979e-02	9.984864701e-12
-2.630000000e-02	1.603326923e+01	-2.696029181e-02	1.190197131e-11
-2.640000000e-02	1.603326988e+01	-2.712376381e-02	1.649636185e-11
-2.650000000e-02	1.603327052e+01	-2.728723580e-02	1.201951153e-11
-2.660000000e-02	1.603327117e+01	-2.745070778e-02	1.197058920e-11
-2.670000000e-02	1.603327182e+01	-2.761417975e-02	3.445626131e-11
-2.680000000e-02	1.603327247e+01	-2.777765170e-02	1.005082177e-11
-2.690000000e-02	1.603327313e+01	-2.794112364e-02	1.160798108e-11
-2.700000000e-02	1.603327378e+01	-2.810459556e-02	1.824958393e-11
-2.710000000e-02	1.603327444e+01	-2.826806747e-02	1.813544564e-11
-2.720000000e-02	1.603327509e+01	-2.843153937e-02	2.776015162e-11
-2.730000000e-02	1.603327575e+01	-2.859501125e-02	9.100029359e-12
-2.740000000e-02	1.603327641e+01	-2.875848312e-02	1.354614815e-11
-2.750000000e-02	1.603327708e+01	-2.892195498e-02	8.384030658e-12
-2.760000000e-02	1.603327774e+01	-2.908542682e-02	1.063749550e-11
-2.770000000e-02	1.603327841e+01	-2.924889865e-02	4.629055563e-12
-2.780000000e-02	1.603327907e+01	-2.941237047e-02	1.128080852e-11
-2.790000000e-02	1.603327974e+01	-2.957584227e-02	1.392265387e-11
-2.800000000e-02	1.603328041e+01	-2.973931406e-02	1.578578575e-11
-2.810000000e-02	1.603328109e+01	-2.990278583e-02	1.563815599e-11
-2.820000000e-02	1.603328176e+01	-3.006625759e-02	2.685379532e-11
-2.830000000e-02	1.603328244e+01	-3.022972934e-02	7.563660415e-12
-2.840000000e-02	1.603328311e+01	-3.039320107e-02	1.102221938e-11
-2.850000000e-02	1.603328379e+01	-3.055667278e-02	8.658278896e-12
-2.860000000e-02	1.603328447e+01	-3.072014449e-02	1.931317391e-11
-2.870000000e-02	1.603328516e+01	-3.088361617e-02	7.581125191e-12
-2.880000000e-02	1.603328584e+01	-3.104708785e-02	6.996196465e-12
-2.890000000e-02	1.603328653e+01	-3.121055951e-02	9.331419331e-12
-2.900000000e-02	1.603328721e+01	-3.137403115e-02	9.608290378e-12
-2.910000000e-02	1.603328790e+01	-3.153750279e-02	1.589722306e-11
-2.920000000e-02	1.603328859e+01	-3.170097440e-02	1.342669487e-11
-2.930000000e-02	1.603328929e+01	-3.186444600e-02	1.764056404e-11
-2.940000000e-02	1.603328998e+01	-3.202791759e-02	1.104088910e-11
-2.950000000e-02	1.603329067e+01	-3.219138916e-02	1.816387518e-11
-2.960000000e-02	1.603329137e+01	-3.235486072e-02	5.701033176e-12
-2.970000000e-02	1.603329207e+01	-3.251833226e-02	1.239418845e-11
-2.980000000e-02	1.603329277e+01	-3.268180379e-02	1.014439111e-11
-2.990000000e-02	1.603329347e+01	-3.284527530e-02	1.155440242e-11
-3.000000000e-02	1.603329418e+01	-3.300874680e-02	8.305142274e-12
-3.010000000e-02	1.603329488e+01	-3.317221828e-02	3.163399800e-11
-3.020000000e-02	1.603329559e+01	-3.333568975e-02	7.238388915e-12
-3.030000000e-02	1.603329630e+01	-3.349916120e-02	1.231940548e-11
-3.040000000e-02	1.603329701e+01	-3.366263264e-02	2.750220431e-11
-3.050000000e-02	1.603329772e+01	-3.382610406e-02	1.301080948e-11
-3.060000000e-02	1.603329844e+01	-3.398957547e-02	1.691864607e-11
-3.070000000e-02	1.603329915e+01	-3.415304686e-02	6.015931417e-12
-3.080000000e-02	1.603329987e+01	-3.431651824e-02	8.465894116e-12
-3.090000000e-02	1.603330059e+01	-3.447998959e-02	1.971051109e-11
-3.100000000e-02	1.603330131e+01	-3.464346094e-02	8.740662530e-12
-3.110000000e-02	1.603330203e+01	-3.480693227e-02	1.332485725e-11
-3.120000000e-02	1.603330276e+01	-3.497040358e-02	2.002868286e-11
-3.130000000e-02	1.603330348e+01	-3.513387489e-02	1.477446209e-11
-3.140000000e-02	1.603330421e+01	-3.529734617e-02	7.615984683e-12
-3.150000000e-02	1.603330494e+01	-3.546081743e-02	2.146258673e-11
-3.160000000e-02	1.603330567e+01	-3.562428869e-02	1.391538020e-11
-3.170000000e-02	1.603330640e+01	-3.578775992e-02	9.928446598e-12
-3.180000000e-02	1.603330714e+01	-3.595123114e-02	1.048209947e-11
-3.190000000e-02	1.603330787e+01	-3.611470235e-02	7.798154137e-12
-3.200000000e-02	1.603330861e+01	-3.627817353e-02	2.442580421e-11
-3.210000000e-02	1.603330935e+01	-3.644164471e-02	1.427916593e-11
-3.220000000e-02	1.603331009e+01	-3.660511586e-02	1.450971817e-11
-3.230000000e-02	1.603331083e+01	-3.676858700e-02	2.588068249e-11
-3.240000000e-02	1.603331157e+01	-3.693205812e-02	1.455238901e-11
-3.250000000e-02	1.603331232e+01	-3.709552923e-02	1.368104416e-11
-3.260000000e-02	1.603331307e+01	-3.725900032e-02	1.065979109e-11
-3.270000000e-02	1.603331382e+01	-3.742247140e-02	1.725030005e-11
-3.280000000e-02	1.603331457e+01	-3.758594245e-02	9.015466249e-12
-3.290000000e-02	1.603331532e+01	-3.774941350e-02	1.476009327e-11
-3.300000000e-02	1.603331607e+01	-3.791288452e-02	1.223343837e-11
-3.310000000e-02	1.603331683e+01	-3.807635553e-02	1.821239683e-11
-3.320000000e-02	1.603331758e+01	-3.823982652e-02	2.256296123e-11
-3.330000000e-02	1.603331834e+01	-3.840329750e-02	5.811773555e-12
-3.340000000e-02	1.603331910e+01	-3.856676846e-02	1.048765140e-11
-3.350000000e-02	1.603331987e+01	-3.873023940e-02	2.250398235e-11
-3.360000000e-02	1.603332063e+01	-3.889371032e-02	1.450977622e-11
-3.370000000e-02	1.603332139e+01	-3.905718123e-02	9.444539610e-12
-3.380000000e-02	1.603332216e+01	-3.922065212e-02	1.013378710e-11
-3.390000000e-02	1.603332293e+01	-3.938412300e-02	6.074300528e-12
-3.400000000e-02	1.603332370e+01	-3.954759386e-02	4.281971174e-12
-3.410000000e-02	1.603332447e+01	-3.971106470e-02	1.539815848e-11
-3.420000000e-02	1.603332525e+01	-3.987453552e-02	6.523686458e-12
-3.430000000e-02	1.603332602e+01	-4.003800633e-02	1.906068835e-11
-3.440000000e-02	1.603332680e+01	-4.020147712e-02	5.429389439e-12
-3.450000000e-02	1.603332758e+01	-4.036494789e-02	1.826912857e-11
-3.460000000e-02	1.603332836e+01	-4.052841865e-02	9.958545420e-12
-3.470000000e-02	1.603332914e+01	-4.069188938e-02	1.303968323e-11
-3.480000000e-02	1.603332992e+01	-4.085536010e-02	8.665831495e-12
-3.490000000e-02	1.603333071e+01	-4.101883080e-02	1.940333068e-11
-3.500000000e-02	1.603333150e+01	-4.118230149e-02	3.389043174e-11
-3.510000000e-02	1.603333229e+01	-4.134577216e-02	1.009202849e-11
-3.520000000e-02	1.603333308e+01	-4.150924281e-02	3.128098820e-11
-3.530000000e-02	1.603333387e+01	-4.167271344e-02	2.577704640e-11
-3.540000000e-02	1.603333466e+01	-4.183618405e-02	6.060986710e-12
-3.550000000e-02	1.603333546e+01	-4.199965465e-02	6.855209555e-12
-3.560000000e-02	1.603333625e+01	-4.216312523e-02	1.305082842e-11
-3.570000000e-02	1.603333705e+01	-4.232659579e-02	7.902759834e-12
-3.580000000e-02	1.603333785e+01	-4.249006633e-02	1.062505189e-11
-3.590000000e-02	1.603333865e+01	-4.265353686e-02	1.290981782e-11
-3.600000000e-02	1.603333946e+01	-4.281700736e-02	4.390757630e-11
-3.610000000e-02	1.603334026e+01	-4.298047786e-02	1.534555425e-11
-3.620000000e-02	1.603334107e+01	-4.314394833e-02	1.020645034e-11
-3.630000000e-02	1.603334188e+01	-4.330741878e-02	1.377581679e-11
-3.640000000e-02	1.603334269e+01	-4.347088922e-02	1.623704188e-11
-3.650000000e-02	1.603334350e+01	-4.363435963e-02	1.349223693e-11
-3.660000000e-02	1.603334432e+01	-4.379783003e-02	3.314809837e-11
-3.670000000e-02	1.603334513e+01	-4.396130041e-02	1.080851503e-11
-3.680000000e-02	1.603334595e+01	-4.412477077e-02	6.739118306e-12
-3.690000000e-02	1.603334677e+01	-4.428824112e-02	3.246527343e-11
-3.700000000e-02	1.603334759e+01	-4.445171145e-02	2.012483525e-11
-3.710000000e-02	1.603334841e+01	-4.461518175e-02	1.545766937e-11
-3.720000000e-02	1.603334923e+01	-4.477865204e-02	7.667854173e-12
-3.730000000e-02	1.603335006e+01	-4.494212231e-02	1.492474440e-11
-3.740000000e-02	1.603335088e+01	-4.510559256e-02	8.663800576e-12
-3.750000000e-02	1.603335171e+01	-4.526906279e-02	1.322099974e-11
-3.760000000e-02	1.603335254e+01	-4.543253300e-02	1.331256820e-11
-3.770000000e-02	1.603335337e+01	-4.559600320e-02	9.413887416e-12
-3.780000000e-02	1.603335421e+01	-4.575947337e-02	1.527250702e-11
-3.790000000e-02	1.603335504e+01	-4.592294353e-02	1.155892648e-11
-3.800000000e-02	1.603335588e+01	-4.608641366e-02	7.650552946e-12
-3.810000000e-02	1.603335672e+01	-4.624988378e-02	1.631987943e-11
-3.820000000e-02	1.603335756e+01	-4.641335388e-02	1.243621246e-11
-3.830000000e-02	1.603335840e+01	-4.657682396e-02	1.759100125e-11
-3.840000000e-02	1.603335924e+01	-4.674029402e-02	1.136415588e-11
-3.850000000e-02	1.603336009e+01	-4.690376406e-02	9.813832869e-12
-3.860000000e-02	1.603336094e+01	-4.706723408e-02	9.198042439e-12
-3.870000000e-02	1.603336178e+01	-4.723070409e-02	3.213285191e-11
-3.880000000e-02	1.603336263e+01	-4.739417407e-02	8.459382155e-12
-3.890000000e-02	1.603336349e+01	-4.755764403e-02	9.844377647e-12
-3.900000000e-02	1.603336434e+01	-4.772111398e-02	1.475995818e-11
-3.910000000e-02	1.603336519e+01	-4.788458391e-02	7.417476584e-12
-3.920000000e-02	1.603336605e+01	-4.804805381e-02	7.438120376e-12
-3.930000000e-02	1.603336691e+01	-4.821152369e-02	2.516078278e-11
-3.940000000e-02	1.603336777e+01	-4.837499356e-02	1.216936993e-11
-3.950000000e-02	1.603336863e+01	-4.853846341e-02	1.183408637e-11
-3.960000000e-02	1.603336950e+01	-4.870193324e-02	1.166507307e-11
-3.970000000e-02	1.603337036e+01	-4.886540304e-02	2.299884424e-11
-3.980000000e-02	1.603337123e+01	-4.902887283e-02	1.137044180e-11
-3.990000000e-02	1.603337210e+01	-4.919234259e-02	2.662200104e-11
-4.000000000e-02	1.603337297e+01	-4.935581234e-02	1.314452228e-11
