# Im(epsi1)     Re(Lambda)      Im(Lambda)      Eq(det).Opt det SIN kz, R=0.5 \mum, Re(epsi1)=3.90solve_det_sinkz_vs_mu.py
0.000000000e+00	2.349099040e+01	4.927152100e-02	9.475001338e-12
-1.000000000e-04	2.349099083e+01	4.903272356e-02	9.565312443e-12
-2.000000000e-04	2.349099127e+01	4.879392613e-02	3.376642501e-11
-3.000000000e-04	2.349099171e+01	4.855512870e-02	2.934531702e-11
-4.000000000e-04	2.349099215e+01	4.831633126e-02	5.487671821e-12
-5.000000000e-04	2.349099259e+01	4.807753383e-02	1.244688423e-11
-6.000000000e-04	2.349099303e+01	4.783873639e-02	1.383685922e-11
-7.000000000e-04	2.349099348e+01	4.759993895e-02	9.009795468e-12
-8.000000000e-04	2.349099393e+01	4.736114152e-02	1.841873141e-11
-9.000000000e-04	2.349099438e+01	4.712234408e-02	1.315906347e-11
-1.000000000e-03	2.349099483e+01	4.688354664e-02	1.360725346e-11
-1.100000000e-03	2.349099529e+01	4.664474921e-02	1.527792974e-11
-1.200000000e-03	2.349099575e+01	4.640595177e-02	9.023017756e-12
-1.300000000e-03	2.349099621e+01	4.616715434e-02	1.319309888e-11
-1.400000000e-03	2.349099667e+01	4.592835690e-02	4.157042180e-11
-1.500000000e-03	2.349099714e+01	4.568955947e-02	6.238881490e-12
-1.600000000e-03	2.349099761e+01	4.545076203e-02	9.006021493e-12
-1.700000000e-03	2.349099808e+01	4.521196460e-02	1.007844269e-11
-1.800000000e-03	2.349099855e+01	4.497316717e-02	7.807577265e-12
-1.900000000e-03	2.349099903e+01	4.473436973e-02	7.455662533e-12
-2.000000000e-03	2.349099951e+01	4.449557230e-02	1.896877908e-11
-2.100000000e-03	2.349099999e+01	4.425677487e-02	1.117987203e-11
-2.200000000e-03	2.349100047e+01	4.401797744e-02	1.084060549e-11
-2.300000000e-03	2.349100095e+01	4.377918001e-02	1.714571615e-11
-2.400000000e-03	2.349100144e+01	4.354038259e-02	1.433585841e-11
-2.500000000e-03	2.349100193e+01	4.330158516e-02	1.886181583e-11
-2.600000000e-03	2.349100243e+01	4.306278773e-02	1.844775721e-11
-2.700000000e-03	2.349100292e+01	4.282399031e-02	1.987638552e-11
-2.800000000e-03	2.349100342e+01	4.258519289e-02	9.372207689e-12
-2.900000000e-03	2.349100392e+01	4.234639546e-02	1.770183497e-11
-3.000000000e-03	2.349100442e+01	4.210759804e-02	6.733027201e-12
-3.100000000e-03	2.349100492e+01	4.186880063e-02	1.165116021e-11
-3.200000000e-03	2.349100543e+01	4.163000321e-02	1.879193866e-11
-3.300000000e-03	2.349100594e+01	4.139120579e-02	1.087980159e-11
-3.400000000e-03	2.349100645e+01	4.115240838e-02	1.415567509e-11
-3.500000000e-03	2.349100697e+01	4.091361097e-02	2.754092988e-11
-3.600000000e-03	2.349100749e+01	4.067481356e-02	1.546291300e-11
-3.700000000e-03	2.349100800e+01	4.043601615e-02	2.804049749e-11
-3.800000000e-03	2.349100853e+01	4.019721875e-02	1.149454366e-11
-3.900000000e-03	2.349100905e+01	3.995842135e-02	2.234217519e-11
-4.000000000e-03	2.349100958e+01	3.971962395e-02	6.427146426e-12
-4.100000000e-03	2.349101011e+01	3.948082655e-02	1.304392533e-11
-4.200000000e-03	2.349101064e+01	3.924202915e-02	1.647345805e-11
-4.300000000e-03	2.349101117e+01	3.900323176e-02	5.667713681e-12
-4.400000000e-03	2.349101171e+01	3.876443437e-02	1.403639437e-11
-4.500000000e-03	2.349101225e+01	3.852563698e-02	1.224260335e-11
-4.600000000e-03	2.349101279e+01	3.828683959e-02	3.681056803e-11
-4.700000000e-03	2.349101333e+01	3.804804221e-02	8.976065176e-12
-4.800000000e-03	2.349101388e+01	3.780924483e-02	7.213353081e-12
-4.900000000e-03	2.349101443e+01	3.757044745e-02	1.638854216e-11
-5.000000000e-03	2.349101498e+01	3.733165008e-02	4.747856068e-12
-5.100000000e-03	2.349101553e+01	3.709285271e-02	9.389217016e-12
-5.200000000e-03	2.349101609e+01	3.685405534e-02	2.594693248e-11
-5.300000000e-03	2.349101664e+01	3.661525797e-02	5.968111310e-12
-5.400000000e-03	2.349101720e+01	3.637646061e-02	1.662663828e-11
-5.500000000e-03	2.349101777e+01	3.613766326e-02	9.304589292e-12
-5.600000000e-03	2.349101833e+01	3.589886590e-02	1.955360284e-11
-5.700000000e-03	2.349101890e+01	3.566006855e-02	9.375968407e-12
-5.800000000e-03	2.349101947e+01	3.542127120e-02	9.808233366e-12
-5.900000000e-03	2.349102004e+01	3.518247386e-02	2.484911846e-11
-6.000000000e-03	2.349102062e+01	3.494367652e-02	7.933576140e-12
-6.100000000e-03	2.349102120e+01	3.470487918e-02	1.620170754e-11
-6.200000000e-03	2.349102178e+01	3.446608184e-02	2.739373636e-11
-6.300000000e-03	2.349102236e+01	3.422728452e-02	1.151103202e-11
-6.400000000e-03	2.349102294e+01	3.398848719e-02	4.364429907e-12
-6.500000000e-03	2.349102353e+01	3.374968987e-02	1.232050083e-11
-6.600000000e-03	2.349102412e+01	3.351089256e-02	7.190646924e-12
-6.700000000e-03	2.349102471e+01	3.327209525e-02	1.795795538e-11
-6.800000000e-03	2.349102531e+01	3.303329794e-02	9.595478613e-12
-6.900000000e-03	2.349102590e+01	3.279450063e-02	1.139050218e-11
-7.000000000e-03	2.349102650e+01	3.255570333e-02	9.583286117e-12
-7.100000000e-03	2.349102710e+01	3.231690604e-02	1.854372228e-11
-7.200000000e-03	2.349102771e+01	3.207810875e-02	3.544570290e-11
-7.300000000e-03	2.349102831e+01	3.183931147e-02	2.573803265e-11
-7.400000000e-03	2.349102892e+01	3.160051418e-02	2.327828643e-11
-7.500000000e-03	2.349102953e+01	3.136171691e-02	1.829544309e-11
-7.600000000e-03	2.349103015e+01	3.112291964e-02	1.119344953e-11
-7.700000000e-03	2.349103076e+01	3.088412237e-02	8.549359108e-12
-7.800000000e-03	2.349103138e+01	3.064532511e-02	5.237218252e-12
-7.900000000e-03	2.349103200e+01	3.040652785e-02	9.998523685e-12
-8.000000000e-03	2.349103263e+01	3.016773060e-02	2.636979372e-11
-8.100000000e-03	2.349103325e+01	2.992893336e-02	5.219868929e-12
-8.200000000e-03	2.349103388e+01	2.969013612e-02	1.612945840e-11
-8.300000000e-03	2.349103451e+01	2.945133889e-02	2.284885285e-11
-8.400000000e-03	2.349103515e+01	2.921254165e-02	3.389578566e-11
-8.500000000e-03	2.349103578e+01	2.897374443e-02	2.620620677e-11
-8.600000000e-03	2.349103642e+01	2.873494722e-02	1.470463306e-11
-8.700000000e-03	2.349103706e+01	2.849615000e-02	4.310360617e-12
-8.800000000e-03	2.349103770e+01	2.825735280e-02	1.259558651e-11
-8.900000000e-03	2.349103835e+01	2.801855559e-02	1.344425761e-11
-9.000000000e-03	2.349103900e+01	2.777975840e-02	1.684700495e-11
-9.100000000e-03	2.349103965e+01	2.754096121e-02	2.515454615e-11
-9.200000000e-03	2.349104030e+01	2.730216403e-02	4.341715784e-11
-9.300000000e-03	2.349104095e+01	2.706336685e-02	1.883025423e-11
-9.400000000e-03	2.349104161e+01	2.682456968e-02	6.001205755e-12
-9.500000000e-03	2.349104227e+01	2.658577252e-02	1.784367459e-11
-9.600000000e-03	2.349104293e+01	2.634697536e-02	6.631387878e-12
-9.700000000e-03	2.349104360e+01	2.610817821e-02	9.391072315e-12
-9.800000000e-03	2.349104427e+01	2.586938107e-02	8.221710759e-12
-9.900000000e-03	2.349104494e+01	2.563058393e-02	9.614502915e-12
-1.000000000e-02	2.349104561e+01	2.539178680e-02	9.508284265e-12
-1.010000000e-02	2.349104628e+01	2.515298967e-02	1.024543511e-11
-1.020000000e-02	2.349104696e+01	2.491419255e-02	1.271457987e-11
-1.030000000e-02	2.349104764e+01	2.467539544e-02	1.289133349e-11
-1.040000000e-02	2.349104832e+01	2.443659834e-02	1.472551623e-11
-1.050000000e-02	2.349104900e+01	2.419780124e-02	1.776487583e-11
-1.060000000e-02	2.349104969e+01	2.395900415e-02	1.501061823e-11
-1.070000000e-02	2.349105038e+01	2.372020707e-02	1.405827374e-11
-1.080000000e-02	2.349105107e+01	2.348140999e-02	1.173499004e-11
-1.090000000e-02	2.349105176e+01	2.324261293e-02	8.149664487e-12
-1.100000000e-02	2.349105246e+01	2.300381587e-02	1.330923643e-11
-1.110000000e-02	2.349105316e+01	2.276501882e-02	1.926864346e-11
-1.120000000e-02	2.349105386e+01	2.252622177e-02	2.927370494e-11
-1.130000000e-02	2.349105456e+01	2.228742473e-02	3.015203135e-11
-1.140000000e-02	2.349105527e+01	2.204862770e-02	2.701235751e-11
-1.150000000e-02	2.349105598e+01	2.180983068e-02	6.825834770e-12
-1.160000000e-02	2.349105669e+01	2.157103366e-02	1.232290479e-11
-1.170000000e-02	2.349105740e+01	2.133223666e-02	1.793126326e-11
-1.180000000e-02	2.349105812e+01	2.109343966e-02	1.014803781e-11
-1.190000000e-02	2.349105884e+01	2.085464267e-02	2.024173635e-11
-1.200000000e-02	2.349105956e+01	2.061584568e-02	1.196857489e-11
-1.210000000e-02	2.349106028e+01	2.037704871e-02	1.115213985e-11
-1.220000000e-02	2.349106100e+01	2.013825174e-02	2.562002677e-11
-1.230000000e-02	2.349106173e+01	1.989945479e-02	7.783035000e-12
-1.240000000e-02	2.349106246e+01	1.966065784e-02	1.285966242e-11
-1.250000000e-02	2.349106319e+01	1.942186089e-02	1.562163109e-11
-1.260000000e-02	2.349106393e+01	1.918306396e-02	2.929216825e-11
-1.270000000e-02	2.349106467e+01	1.894426704e-02	2.515313381e-11
-1.280000000e-02	2.349106541e+01	1.870547012e-02	3.037881970e-11
-1.290000000e-02	2.349106615e+01	1.846667322e-02	3.417976200e-11
-1.300000000e-02	2.349106689e+01	1.822787632e-02	1.583299581e-11
-1.310000000e-02	2.349106764e+01	1.798907944e-02	2.594639611e-11
-1.320000000e-02	2.349106839e+01	1.775028256e-02	2.441094953e-11
-1.330000000e-02	2.349106914e+01	1.751148569e-02	1.503158442e-11
-1.340000000e-02	2.349106990e+01	1.727268882e-02	1.976064996e-11
-1.350000000e-02	2.349107065e+01	1.703389197e-02	5.265158044e-12
-1.360000000e-02	2.349107141e+01	1.679509513e-02	2.479924594e-11
-1.370000000e-02	2.349107217e+01	1.655629830e-02	4.002256700e-11
-1.380000000e-02	2.349107294e+01	1.631750147e-02	3.506494972e-11
-1.390000000e-02	2.349107370e+01	1.607870466e-02	6.904329541e-12
-1.400000000e-02	2.349107447e+01	1.583990785e-02	1.083547761e-11
-1.410000000e-02	2.349107524e+01	1.560111106e-02	8.845377611e-12
-1.420000000e-02	2.349107602e+01	1.536231428e-02	3.776337740e-11
-1.430000000e-02	2.349107679e+01	1.512351750e-02	1.119513139e-11
-1.440000000e-02	2.349107757e+01	1.488472073e-02	9.433190291e-12
-1.450000000e-02	2.349107835e+01	1.464592398e-02	7.139021030e-12
-1.460000000e-02	2.349107914e+01	1.440712724e-02	1.034370679e-11
-1.470000000e-02	2.349107992e+01	1.416833050e-02	5.150764082e-12
-1.480000000e-02	2.349108071e+01	1.392953378e-02	1.947193247e-11
-1.490000000e-02	2.349108150e+01	1.369073706e-02	2.010398229e-11
-1.500000000e-02	2.349108230e+01	1.345194036e-02	1.480812421e-11
-1.510000000e-02	2.349108309e+01	1.321314366e-02	7.354366696e-12
-1.520000000e-02	2.349108389e+01	1.297434698e-02	1.565145665e-11
-1.530000000e-02	2.349108469e+01	1.273555031e-02	8.155834079e-12
-1.540000000e-02	2.349108549e+01	1.249675364e-02	2.499060257e-11
-1.550000000e-02	2.349108630e+01	1.225795699e-02	1.224820197e-11
-1.560000000e-02	2.349108711e+01	1.201916035e-02	1.445741473e-11
-1.570000000e-02	2.349108792e+01	1.178036372e-02	8.990951334e-12
-1.580000000e-02	2.349108873e+01	1.154156710e-02	9.837146727e-12
-1.590000000e-02	2.349108954e+01	1.130277050e-02	1.612155137e-11
-1.600000000e-02	2.349109036e+01	1.106397390e-02	9.316424175e-12
-1.610000000e-02	2.349109118e+01	1.082517731e-02	3.303395861e-11
-1.620000000e-02	2.349109200e+01	1.058638074e-02	6.978256219e-12
-1.630000000e-02	2.349109283e+01	1.034758418e-02	1.675657356e-11
-1.640000000e-02	2.349109365e+01	1.010878762e-02	3.755532727e-11
-1.650000000e-02	2.349109448e+01	9.869991085e-03	9.768615117e-12
-1.660000000e-02	2.349109532e+01	9.631194557e-03	1.520509992e-11
-1.670000000e-02	2.349109615e+01	9.392398039e-03	1.093326144e-11
-1.680000000e-02	2.349109699e+01	9.153601535e-03	2.230599066e-11
-1.690000000e-02	2.349109783e+01	8.914805038e-03	6.968490303e-12
-1.700000000e-02	2.349109867e+01	8.676008558e-03	9.048926256e-12
-1.710000000e-02	2.349109951e+01	8.437212086e-03	1.609749572e-11
-1.720000000e-02	2.349110036e+01	8.198415628e-03	1.070413294e-11
-1.730000000e-02	2.349110121e+01	7.959619183e-03	1.056043411e-11
-1.740000000e-02	2.349110206e+01	7.720822750e-03	7.553283288e-12
-1.750000000e-02	2.349110291e+01	7.482026326e-03	1.096005260e-11
-1.760000000e-02	2.349110377e+01	7.243229915e-03	2.417478658e-11
-1.770000000e-02	2.349110463e+01	7.004433520e-03	1.113540887e-11
-1.780000000e-02	2.349110549e+01	6.765637138e-03	1.968014575e-11
-1.790000000e-02	2.349110635e+01	6.526840761e-03	2.325950904e-11
-1.800000000e-02	2.349110722e+01	6.288044407e-03	2.135877802e-11
-1.810000000e-02	2.349110808e+01	6.049248057e-03	9.507203911e-12
-1.820000000e-02	2.349110895e+01	5.810451720e-03	1.954755344e-11
-1.830000000e-02	2.349110983e+01	5.571655400e-03	5.503822323e-12
-1.840000000e-02	2.349111070e+01	5.332859093e-03	5.086113008e-12
-1.850000000e-02	2.349111158e+01	5.094062798e-03	1.384838434e-11
-1.860000000e-02	2.349111246e+01	4.855266512e-03	8.367872172e-12
-1.870000000e-02	2.349111334e+01	4.616470243e-03	3.418127607e-11
-1.880000000e-02	2.349111423e+01	4.377673987e-03	9.772497724e-12
-1.890000000e-02	2.349111512e+01	4.138877744e-03	4.699025639e-12
-1.900000000e-02	2.349111601e+01	3.900081514e-03	9.535887308e-12
-1.910000000e-02	2.349111690e+01	3.661285296e-03	1.483449106e-11
-1.920000000e-02	2.349111779e+01	3.422489095e-03	3.267782028e-11
-1.930000000e-02	2.349111869e+01	3.183692905e-03	1.638903751e-11
-1.940000000e-02	2.349111959e+01	2.944896729e-03	2.314530511e-11
-1.950000000e-02	2.349112049e+01	2.706100562e-03	1.857375047e-11
-1.960000000e-02	2.349112140e+01	2.467304413e-03	1.387967798e-11
-1.970000000e-02	2.349112231e+01	2.228508281e-03	1.110764042e-11
-1.980000000e-02	2.349112321e+01	1.989712160e-03	1.045893053e-11
-1.990000000e-02	2.349112413e+01	1.750916053e-03	1.000500384e-11
-2.000000000e-02	2.349112504e+01	1.512119960e-03	1.240551507e-11
-2.010000000e-02	2.349112596e+01	1.273323881e-03	1.532787450e-11
-2.020000000e-02	2.349112688e+01	1.034527813e-03	1.417774997e-11
-2.030000000e-02	2.349112780e+01	7.957317660e-04	3.419959008e-11
-2.040000000e-02	2.349112872e+01	5.569357277e-04	1.550499870e-11
-2.050000000e-02	2.349112965e+01	3.181397057e-04	2.640709684e-11
-2.060000000e-02	2.349113058e+01	7.934369805e-05	1.904093932e-11
-2.070000000e-02	2.349113151e+01	-1.594522941e-04	1.501989112e-11
-2.080000000e-02	2.349113244e+01	-3.982482723e-04	2.472822773e-11
-2.090000000e-02	2.349113338e+01	-6.370442372e-04	6.729540188e-12
-2.100000000e-02	2.349113432e+01	-8.758401880e-04	1.143728738e-11
-2.110000000e-02	2.349113526e+01	-1.114636121e-03	1.052664006e-11
-2.120000000e-02	2.349113620e+01	-1.353432040e-03	1.886434626e-11
-2.130000000e-02	2.349113715e+01	-1.592227942e-03	1.971857839e-11
-2.140000000e-02	2.349113809e+01	-1.831023836e-03	3.008000631e-11
-2.150000000e-02	2.349113905e+01	-2.069819709e-03	2.970813549e-11
-2.160000000e-02	2.349114000e+01	-2.308615568e-03	1.756070249e-11
-2.170000000e-02	2.349114095e+01	-2.547411408e-03	1.930160679e-11
-2.180000000e-02	2.349114191e+01	-2.786207239e-03	1.125838187e-11
-2.190000000e-02	2.349114287e+01	-3.025003050e-03	9.458276299e-12
-2.200000000e-02	2.349114383e+01	-3.263798850e-03	1.697005436e-11
-2.210000000e-02	2.349114480e+01	-3.502594629e-03	1.597306690e-11
-2.220000000e-02	2.349114577e+01	-3.741390394e-03	1.879116488e-11
-2.230000000e-02	2.349114674e+01	-3.980186147e-03	1.239625457e-11
-2.240000000e-02	2.349114771e+01	-4.218981877e-03	4.222518999e-11
-2.250000000e-02	2.349114868e+01	-4.457777601e-03	1.787834363e-11
-2.260000000e-02	2.349114966e+01	-4.696573305e-03	1.613382101e-11
-2.270000000e-02	2.349115064e+01	-4.935368988e-03	1.082174843e-11
-2.280000000e-02	2.349115162e+01	-5.174164661e-03	1.171785796e-11
-2.290000000e-02	2.349115261e+01	-5.412960317e-03	1.651027911e-11
-2.300000000e-02	2.349115360e+01	-5.651755953e-03	6.899794006e-12
-2.310000000e-02	2.349115458e+01	-5.890551575e-03	1.338123679e-11
-2.320000000e-02	2.349115558e+01	-6.129347182e-03	6.847412448e-12
-2.330000000e-02	2.349115657e+01	-6.368142770e-03	1.425921504e-11
-2.340000000e-02	2.349115757e+01	-6.606938342e-03	8.557866632e-12
-2.350000000e-02	2.349115857e+01	-6.845733900e-03	8.505835113e-12
-2.360000000e-02	2.349115957e+01	-7.084529437e-03	8.784695060e-12
-2.370000000e-02	2.349116057e+01	-7.323324960e-03	1.127630905e-11
-2.380000000e-02	2.349116158e+01	-7.562120467e-03	1.381226916e-11
-2.390000000e-02	2.349116259e+01	-7.800915960e-03	3.675522733e-11
-2.400000000e-02	2.349116360e+01	-8.039711427e-03	7.759053095e-12
-2.410000000e-02	2.349116461e+01	-8.278506886e-03	3.275530330e-11
-2.420000000e-02	2.349116563e+01	-8.517302321e-03	1.001369282e-11
-2.430000000e-02	2.349116665e+01	-8.756097741e-03	2.119397926e-11
-2.440000000e-02	2.349116767e+01	-8.994893144e-03	8.385409024e-12
-2.450000000e-02	2.349116869e+01	-9.233688528e-03	2.427736937e-11
-2.460000000e-02	2.349116972e+01	-9.472483899e-03	3.473851513e-11
-2.470000000e-02	2.349117074e+01	-9.711279249e-03	1.102158117e-11
-2.480000000e-02	2.349117177e+01	-9.950074584e-03	1.325443540e-11
-2.490000000e-02	2.349117281e+01	-1.018886990e-02	1.171537531e-11
-2.500000000e-02	2.349117384e+01	-1.042766520e-02	1.168253506e-11
-2.510000000e-02	2.349117488e+01	-1.066646048e-02	5.375348271e-12
-2.520000000e-02	2.349117592e+01	-1.090525574e-02	6.654885189e-12
-2.530000000e-02	2.349117696e+01	-1.114405099e-02	1.198656378e-11
-2.540000000e-02	2.349117801e+01	-1.138284621e-02	2.887324283e-11
-2.550000000e-02	2.349117906e+01	-1.162164142e-02	1.180442831e-11
-2.560000000e-02	2.349118011e+01	-1.186043661e-02	3.064098880e-11
-2.570000000e-02	2.349118116e+01	-1.209923179e-02	1.510205413e-11
-2.580000000e-02	2.349118221e+01	-1.233802694e-02	1.014113105e-11
-2.590000000e-02	2.349118327e+01	-1.257682207e-02	8.582581446e-12
-2.600000000e-02	2.349118433e+01	-1.281561719e-02	9.923803757e-12
-2.610000000e-02	2.349118539e+01	-1.305441229e-02	7.480948055e-12
-2.620000000e-02	2.349118646e+01	-1.329320737e-02	9.180671519e-12
-2.630000000e-02	2.349118752e+01	-1.353200243e-02	1.603712606e-11
-2.640000000e-02	2.349118859e+01	-1.377079747e-02	1.199865821e-11
-2.650000000e-02	2.349118966e+01	-1.400959250e-02	1.492588999e-11
-2.660000000e-02	2.349119074e+01	-1.424838750e-02	6.779214535e-12
-2.670000000e-02	2.349119182e+01	-1.448718249e-02	5.512112841e-12
-2.680000000e-02	2.349119289e+01	-1.472597746e-02	1.264271094e-11
-2.690000000e-02	2.349119398e+01	-1.496477240e-02	8.548818983e-12
-2.700000000e-02	2.349119506e+01	-1.520356733e-02	1.267024263e-11
-2.710000000e-02	2.349119615e+01	-1.544236224e-02	3.117372072e-11
-2.720000000e-02	2.349119723e+01	-1.568115713e-02	4.907412153e-11
-2.730000000e-02	2.349119833e+01	-1.591995200e-02	1.527917585e-11
-2.740000000e-02	2.349119942e+01	-1.615874686e-02	2.185069018e-11
-2.750000000e-02	2.349120052e+01	-1.639754169e-02	4.180689226e-12
-2.760000000e-02	2.349120161e+01	-1.663633650e-02	1.543471155e-11
-2.770000000e-02	2.349120271e+01	-1.687513129e-02	1.482390635e-11
-2.780000000e-02	2.349120382e+01	-1.711392606e-02	3.013210448e-11
-2.790000000e-02	2.349120492e+01	-1.735272082e-02	2.832026405e-11
-2.800000000e-02	2.349120603e+01	-1.759151555e-02	1.699898718e-11
-2.810000000e-02	2.349120714e+01	-1.783031026e-02	6.584599535e-12
-2.820000000e-02	2.349120826e+01	-1.806910495e-02	8.021162767e-12
-2.830000000e-02	2.349120937e+01	-1.830789963e-02	1.635669631e-11
-2.840000000e-02	2.349121049e+01	-1.854669428e-02	8.595744518e-12
-2.850000000e-02	2.349121161e+01	-1.878548891e-02	1.052556502e-11
-2.860000000e-02	2.349121273e+01	-1.902428352e-02	9.224867141e-12
-2.870000000e-02	2.349121386e+01	-1.926307811e-02	1.534127692e-11
-2.880000000e-02	2.349121498e+01	-1.950187269e-02	1.484639483e-11
-2.890000000e-02	2.349121611e+01	-1.974066724e-02	9.481021043e-12
-2.900000000e-02	2.349121725e+01	-1.997946177e-02	3.749977701e-12
-2.910000000e-02	2.349121838e+01	-2.021825628e-02	2.723901918e-11
-2.920000000e-02	2.349121952e+01	-2.045705076e-02	1.128970157e-11
-2.930000000e-02	2.349122066e+01	-2.069584523e-02	1.207327168e-11
-2.940000000e-02	2.349122180e+01	-2.093463968e-02	1.886775486e-11
-2.950000000e-02	2.349122294e+01	-2.117343410e-02	1.807620146e-11
-2.960000000e-02	2.349122409e+01	-2.141222851e-02	2.378900474e-11
-2.970000000e-02	2.349122524e+01	-2.165102289e-02	1.447405915e-11
-2.980000000e-02	2.349122639e+01	-2.188981725e-02	7.783318818e-12
-2.990000000e-02	2.349122755e+01	-2.212861159e-02	1.007795221e-11
-3.000000000e-02	2.349122870e+01	-2.236740591e-02	5.922234977e-12
-3.010000000e-02	2.349122986e+01	-2.260620021e-02	1.291992615e-11
-3.020000000e-02	2.349123102e+01	-2.284499449e-02	1.311196489e-11
-3.030000000e-02	2.349123219e+01	-2.308378875e-02	3.868194410e-11
-3.040000000e-02	2.349123335e+01	-2.332258297e-02	8.419353711e-12
-3.050000000e-02	2.349123452e+01	-2.356137719e-02	2.222975867e-11
-3.060000000e-02	2.349123569e+01	-2.380017137e-02	2.648104402e-11
-3.070000000e-02	2.349123687e+01	-2.403896554e-02	1.325448973e-11
-3.080000000e-02	2.349123804e+01	-2.427775969e-02	1.614361891e-11
-3.090000000e-02	2.349123922e+01	-2.451655381e-02	1.931054897e-11
-3.100000000e-02	2.349124040e+01	-2.475534791e-02	7.051337932e-12
-3.110000000e-02	2.349124158e+01	-2.499414199e-02	4.223570347e-11
-3.120000000e-02	2.349124277e+01	-2.523293605e-02	9.894692920e-12
-3.130000000e-02	2.349124396e+01	-2.547173008e-02	1.417385667e-11
-3.140000000e-02	2.349124515e+01	-2.571052410e-02	1.448581313e-11
-3.150000000e-02	2.349124634e+01	-2.594931808e-02	1.645495480e-11
-3.160000000e-02	2.349124754e+01	-2.618811205e-02	7.773681396e-12
-3.170000000e-02	2.349124873e+01	-2.642690599e-02	1.479922095e-11
-3.180000000e-02	2.349124993e+01	-2.666569992e-02	1.216249385e-11
-3.190000000e-02	2.349125114e+01	-2.690449382e-02	8.287852878e-12
-3.200000000e-02	2.349125234e+01	-2.714328769e-02	9.010753918e-12
-3.210000000e-02	2.349125355e+01	-2.738208155e-02	3.802142268e-11
-3.220000000e-02	2.349125476e+01	-2.762087538e-02	1.351025987e-11
-3.230000000e-02	2.349125597e+01	-2.785966918e-02	2.071447671e-11
-3.240000000e-02	2.349125719e+01	-2.809846297e-02	1.545042690e-11
-3.250000000e-02	2.349125840e+01	-2.833725673e-02	9.275181461e-12
-3.260000000e-02	2.349125962e+01	-2.857605047e-02	1.460321089e-11
-3.270000000e-02	2.349126084e+01	-2.881484418e-02	8.041500438e-12
-3.280000000e-02	2.349126207e+01	-2.905363787e-02	9.933737908e-12
-3.290000000e-02	2.349126330e+01	-2.929243154e-02	6.126431612e-12
-3.300000000e-02	2.349126452e+01	-2.953122518e-02	6.840482545e-12
-3.310000000e-02	2.349126576e+01	-2.977001880e-02	2.612806474e-11
-3.320000000e-02	2.349126699e+01	-3.000881240e-02	1.854727003e-11
-3.330000000e-02	2.349126823e+01	-3.024760597e-02	1.644213163e-11
-3.340000000e-02	2.349126947e+01	-3.048639952e-02	1.296382758e-11
-3.350000000e-02	2.349127071e+01	-3.072519305e-02	2.120906108e-11
-3.360000000e-02	2.349127195e+01	-3.096398654e-02	2.429559974e-11
-3.370000000e-02	2.349127320e+01	-3.120278002e-02	7.498228025e-12
-3.380000000e-02	2.349127445e+01	-3.144157347e-02	1.439609148e-11
-3.390000000e-02	2.349127570e+01	-3.168036690e-02	3.361737743e-11
-3.400000000e-02	2.349127695e+01	-3.191916030e-02	4.826784074e-12
-3.410000000e-02	2.349127821e+01	-3.215795368e-02	1.102713370e-11
-3.420000000e-02	2.349127946e+01	-3.239674704e-02	1.752680003e-11
-3.430000000e-02	2.349128073e+01	-3.263554037e-02	9.287029115e-12
-3.440000000e-02	2.349128199e+01	-3.287433368e-02	2.593003331e-11
-3.450000000e-02	2.349128325e+01	-3.311312695e-02	1.443269436e-11
-3.460000000e-02	2.349128452e+01	-3.335192021e-02	9.902735412e-12
-3.470000000e-02	2.349128579e+01	-3.359071344e-02	1.519837832e-11
-3.480000000e-02	2.349128707e+01	-3.382950665e-02	1.623122724e-11
-3.490000000e-02	2.349128834e+01	-3.406829983e-02	2.659710418e-11
-3.500000000e-02	2.349128962e+01	-3.430709298e-02	2.900378353e-11
-3.510000000e-02	2.349129090e+01	-3.454588612e-02	1.084856801e-11
-3.520000000e-02	2.349129218e+01	-3.478467922e-02	1.181286127e-11
-3.530000000e-02	2.349129347e+01	-3.502347230e-02	1.490072516e-11
-3.540000000e-02	2.349129475e+01	-3.526226536e-02	3.695575505e-11
-3.550000000e-02	2.349129604e+01	-3.550105839e-02	1.194633256e-11
-3.560000000e-02	2.349129733e+01	-3.573985139e-02	8.546248547e-12
-3.570000000e-02	2.349129863e+01	-3.597864437e-02	2.042764766e-11
-3.580000000e-02	2.349129993e+01	-3.621743732e-02	8.447849684e-12
-3.590000000e-02	2.349130123e+01	-3.645623025e-02	1.302921143e-11
-3.600000000e-02	2.349130253e+01	-3.669502315e-02	1.619327923e-11
-3.610000000e-02	2.349130383e+01	-3.693381603e-02	9.776118025e-12
-3.620000000e-02	2.349130514e+01	-3.717260888e-02	2.356450783e-11
-3.630000000e-02	2.349130645e+01	-3.741140170e-02	8.602513054e-12
-3.640000000e-02	2.349130776e+01	-3.765019450e-02	3.070007323e-11
-3.650000000e-02	2.349130907e+01	-3.788898727e-02	1.307304703e-11
-3.660000000e-02	2.349131039e+01	-3.812778002e-02	1.010275467e-11
-3.670000000e-02	2.349131171e+01	-3.836657274e-02	2.511201167e-11
-3.680000000e-02	2.349131303e+01	-3.860536543e-02	2.299882194e-11
-3.690000000e-02	2.349131435e+01	-3.884415809e-02	1.168335687e-11
-3.700000000e-02	2.349131568e+01	-3.908295073e-02	6.660748623e-12
-3.710000000e-02	2.349131701e+01	-3.932174335e-02	8.345228498e-12
-3.720000000e-02	2.349131834e+01	-3.956053593e-02	5.454703511e-12
-3.730000000e-02	2.349131967e+01	-3.979932849e-02	1.194316780e-11
-3.740000000e-02	2.349132101e+01	-4.003812103e-02	2.797941276e-11
-3.750000000e-02	2.349132235e+01	-4.027691353e-02	1.048991786e-11
-3.760000000e-02	2.349132369e+01	-4.051570601e-02	1.271785765e-11
-3.770000000e-02	2.349132503e+01	-4.075449846e-02	1.238816770e-11
-3.780000000e-02	2.349132638e+01	-4.099329088e-02	2.054806746e-11
-3.790000000e-02	2.349132772e+01	-4.123208328e-02	1.301896960e-11
-3.800000000e-02	2.349132907e+01	-4.147087565e-02	2.553085576e-11
-3.810000000e-02	2.349133043e+01	-4.170966800e-02	1.221024878e-11
-3.820000000e-02	2.349133178e+01	-4.194846031e-02	2.286361911e-11
-3.830000000e-02	2.349133314e+01	-4.218725260e-02	1.691521915e-11
-3.840000000e-02	2.349133450e+01	-4.242604486e-02	1.051478072e-11
-3.850000000e-02	2.349133586e+01	-4.266483709e-02	2.116311699e-11
-3.860000000e-02	2.349133723e+01	-4.290362930e-02	1.451976060e-11
-3.870000000e-02	2.349133859e+01	-4.314242148e-02	1.880736693e-11
-3.880000000e-02	2.349133996e+01	-4.338121362e-02	2.461445813e-11
-3.890000000e-02	2.349134134e+01	-4.362000574e-02	2.276545116e-11
-3.900000000e-02	2.349134271e+01	-4.385879784e-02	1.383379697e-11
-3.910000000e-02	2.349134409e+01	-4.409758990e-02	1.198335748e-11
-3.920000000e-02	2.349134547e+01	-4.433638194e-02	1.025519982e-11
-3.930000000e-02	2.349134685e+01	-4.457517395e-02	1.138351744e-11
-3.940000000e-02	2.349134823e+01	-4.481396593e-02	7.669695486e-12
-3.950000000e-02	2.349134962e+01	-4.505275788e-02	1.314021675e-11
-3.960000000e-02	2.349135101e+01	-4.529154981e-02	6.824958332e-12
-3.970000000e-02	2.349135240e+01	-4.553034170e-02	8.229366247e-12
-3.980000000e-02	2.349135380e+01	-4.576913357e-02	1.480724900e-11
-3.990000000e-02	2.349135519e+01	-4.600792541e-02	7.722302309e-12
-4.000000000e-02	2.349135659e+01	-4.624671722e-02	9.012875579e-12
