# epsi_ci     Re(Lambda)      Im(Lambda)      Eq(det), R = 0.5 $\mu$m, $E_p$ = 0.600 eV, modo = 2, $\epsilon_\infty$ = 3.9, $\gamma_{DL}$ = 0.01 eV, solve_det_sinkz_vs_mu.py
0.000000000e+00	4.540238899e+00	8.310095797e-02	1.356364957e-02
-1.000000000e-03	4.539227933e+00	8.259262543e-02	1.356939482e-02
-2.000000000e-03	4.539233194e+00	8.212149740e-02	1.361198928e-02
-3.000000000e-03	4.539238486e+00	8.165036618e-02	1.365457701e-02
-4.000000000e-03	4.538529372e+00	8.115278155e-02	1.371498617e-02
-5.000000000e-03	4.539249164e+00	8.070809449e-02	1.373973229e-02
-6.000000000e-03	4.539254545e+00	8.023695384e-02	1.378229982e-02
-7.000000000e-03	4.539259966e+00	7.976581044e-02	1.382486060e-02
-8.000000000e-03	4.539265419e+00	7.929466396e-02	1.386741464e-02
-9.000000000e-03	4.539242676e+00	7.882245465e-02	1.390998940e-02
-1.000000000e-02	4.539276404e+00	7.835236130e-02	1.395250242e-02
-1.100000000e-02	4.539281949e+00	7.788120560e-02	1.399503616e-02
-1.200000000e-02	4.539287520e+00	7.741004667e-02	1.403756312e-02
-1.300000000e-02	4.539293258e+00	7.693888990e-02	1.408008329e-02
-1.400000000e-02	4.539298756e+00	7.646771980e-02	1.412259668e-02
-1.500000000e-02	4.539304430e+00	7.599655218e-02	1.416510327e-02
-1.600000000e-02	4.539310128e+00	7.552538129e-02	1.420760305e-02
-1.700000000e-02	4.539315859e+00	7.505420752e-02	1.425009603e-02
-1.800000000e-02	4.539321621e+00	7.458303071e-02	1.429258220e-02
-1.900000000e-02	4.539327571e+00	7.411185703e-02	1.433506154e-02
-2.000000000e-02	4.539333258e+00	7.364066901e-02	1.437753406e-02
-2.100000000e-02	4.539339094e+00	7.316948259e-02	1.441999974e-02
-2.200000000e-02	4.539309921e+00	7.269693042e-02	1.446249936e-02
-2.300000000e-02	4.539350899e+00	7.222710247e-02	1.450491059e-02
-2.400000000e-02	4.539356849e+00	7.175590805e-02	1.454735573e-02
-2.500000000e-02	4.539362829e+00	7.128471071e-02	1.458979402e-02
-2.600000000e-02	4.539331577e+00	7.081204569e-02	1.463227096e-02
-2.700000000e-02	4.539374887e+00	7.034230743e-02	1.467465000e-02
-2.800000000e-02	4.539380961e+00	6.987110143e-02	1.471706768e-02
-2.900000000e-02	4.539387069e+00	6.939989264e-02	1.475947848e-02
-3.000000000e-02	4.539393208e+00	6.892868099e-02	1.480188239e-02
-3.100000000e-02	4.539399379e+00	6.845746649e-02	1.484427941e-02
-3.200000000e-02	4.539405567e+00	6.798624861e-02	1.488666952e-02
-3.300000000e-02	4.539411811e+00	6.751502891e-02	1.492905273e-02
-3.400000000e-02	4.539418076e+00	6.704380594e-02	1.497142903e-02
-3.500000000e-02	4.539424371e+00	6.657258014e-02	1.501379841e-02
-3.600000000e-02	4.539428207e+00	6.610125105e-02	1.505616106e-02
-3.700000000e-02	4.539437056e+00	6.563012019e-02	1.509851638e-02
-3.800000000e-02	4.539443446e+00	6.515888605e-02	1.514086497e-02
-3.900000000e-02	4.539449868e+00	6.468764916e-02	1.518320661e-02
-4.000000000e-02	4.539456320e+00	6.421640949e-02	1.522554130e-02
-4.100000000e-02	4.539462805e+00	6.374516708e-02	1.526786904e-02
-4.200000000e-02	4.539471725e+00	6.327402049e-02	1.531019000e-02
-4.300000000e-02	4.539475868e+00	6.280267412e-02	1.535250363e-02
-4.400000000e-02	4.539482447e+00	6.233142356e-02	1.539481047e-02
-4.500000000e-02	4.539542287e+00	6.186236766e-02	1.543719823e-02
-4.600000000e-02	4.539495700e+00	6.138891436e-02	1.547940321e-02
-4.700000000e-02	4.539502374e+00	6.091765574e-02	1.552168909e-02
-4.800000000e-02	4.539509083e+00	6.044639461e-02	1.556396798e-02
-4.900000000e-02	4.539515814e+00	5.997513041e-02	1.560623986e-02
-5.000000000e-02	4.539522582e+00	5.950386377e-02	1.564850474e-02
-5.100000000e-02	4.539529383e+00	5.903259455e-02	1.569076260e-02
-5.200000000e-02	4.539536213e+00	5.856132262e-02	1.573301344e-02
-5.300000000e-02	4.539543075e+00	5.809004807e-02	1.577525725e-02
-5.400000000e-02	4.539549971e+00	5.761877099e-02	1.581749403e-02
-5.500000000e-02	4.539556897e+00	5.714749126e-02	1.585972377e-02
-5.600000000e-02	4.539563852e+00	5.667620883e-02	1.590194647e-02
-5.700000000e-02	4.539570843e+00	5.620492400e-02	1.594416212e-02
-5.800000000e-02	4.539577864e+00	5.573363654e-02	1.598637071e-02
-5.900000000e-02	4.539525815e+00	5.525982084e-02	1.602867640e-02
-6.000000000e-02	4.539591999e+00	5.479105384e-02	1.607076670e-02
-6.100000000e-02	4.539599116e+00	5.431975877e-02	1.611295409e-02
-6.200000000e-02	4.539608745e+00	5.384856794e-02	1.615513457e-02
-6.300000000e-02	4.539613440e+00	5.337716081e-02	1.619730761e-02
-6.400000000e-02	4.539624108e+00	5.290600769e-02	1.623947409e-02
-6.500000000e-02	4.539627892e+00	5.243455290e-02	1.628163277e-02
-6.600000000e-02	4.539635166e+00	5.196324521e-02	1.632378470e-02
-6.700000000e-02	4.539642470e+00	5.149193497e-02	1.636592952e-02
-6.800000000e-02	4.539649808e+00	5.102062237e-02	1.640806722e-02
-6.900000000e-02	4.539657175e+00	5.054930721e-02	1.645019781e-02
-7.000000000e-02	4.539664575e+00	5.007798963e-02	1.649232126e-02
-7.100000000e-02	4.539671994e+00	4.960666908e-02	1.653443758e-02
-7.200000000e-02	4.539679470e+00	4.913534716e-02	1.657654677e-02
-7.300000000e-02	4.539719275e+00	4.866545001e-02	1.661867881e-02
-7.400000000e-02	4.540037457e+00	4.820788606e-02	1.666412044e-02
-7.500000000e-02	4.539702049e+00	4.772136530e-02	1.670283143e-02
-7.600000000e-02	4.539698577e+00	4.724954094e-02	1.674491549e-02
-7.700000000e-02	4.539717261e+00	4.677869878e-02	1.678698541e-02
-7.800000000e-02	4.539724914e+00	4.630736193e-02	1.682905164e-02
-7.900000000e-02	4.539732600e+00	4.583602276e-02	1.687111069e-02
-8.000000000e-02	4.539740314e+00	4.536468108e-02	1.691316256e-02
-8.100000000e-02	4.539748066e+00	4.489333738e-02	1.695520723e-02
-8.200000000e-02	4.539755846e+00	4.442199117e-02	1.699724471e-02
-8.300000000e-02	4.539763658e+00	4.395064261e-02	1.703927499e-02
-8.400000000e-02	4.539771501e+00	4.347929174e-02	1.708129806e-02
-8.500000000e-02	4.539779376e+00	4.300793857e-02	1.712331391e-02
-8.600000000e-02	4.539786673e+00	4.253655532e-02	1.716532256e-02
-8.700000000e-02	4.539795226e+00	4.206522558e-02	1.720732396e-02
-8.800000000e-02	4.539610871e+00	4.158506738e-02	1.725033942e-02
-8.900000000e-02	4.539811197e+00	4.112250325e-02	1.729130508e-02
-9.000000000e-02	4.539819230e+00	4.065113869e-02	1.733328478e-02
-9.100000000e-02	4.539827296e+00	4.017977195e-02	1.737525723e-02
-9.200000000e-02	4.539835395e+00	3.970840305e-02	1.741722243e-02
-9.300000000e-02	4.539843524e+00	3.923703185e-02	1.745918037e-02
-9.400000000e-02	4.539851685e+00	3.876565841e-02	1.750113104e-02
-9.500000000e-02	4.539859879e+00	3.829428287e-02	1.754307444e-02
-9.600000000e-02	4.539868101e+00	3.782290494e-02	1.758501057e-02
-9.700000000e-02	4.539876359e+00	3.735152504e-02	1.762693941e-02
-9.800000000e-02	4.539884648e+00	3.688014291e-02	1.766886097e-02
-9.900000000e-02	4.539892968e+00	3.640875858e-02	1.771077523e-02
-1.000000000e-01	4.539901321e+00	3.593737215e-02	1.775268219e-02
-1.010000000e-01	4.539909705e+00	3.546598361e-02	1.779458185e-02
-1.020000000e-01	4.539918120e+00	3.499459283e-02	1.783647420e-02
-1.030000000e-01	4.539833895e+00	3.451881606e-02	1.787858781e-02
-1.040000000e-01	4.539935157e+00	3.405181027e-02	1.792023694e-02
-1.050000000e-01	4.539943559e+00	3.358040803e-02	1.796210732e-02
-1.060000000e-01	4.539952102e+00	3.310900889e-02	1.800397037e-02
-1.070000000e-01	4.539960666e+00	3.263760715e-02	1.804582608e-02
-1.080000000e-01	4.539969286e+00	3.216620450e-02	1.808767445e-02
-1.090000000e-01	4.539977921e+00	3.169479898e-02	1.812951546e-02
-1.100000000e-01	4.539986581e+00	3.122339107e-02	1.817134912e-02
-1.110000000e-01	4.539998801e+00	3.075215099e-02	1.821317574e-02
-1.120000000e-01	4.540004031e+00	3.028057083e-02	1.825499436e-02
-1.130000000e-01	4.540012796e+00	2.980915733e-02	1.829680592e-02
-1.140000000e-01	4.540021595e+00	2.933774186e-02	1.833861010e-02
-1.150000000e-01	4.540030425e+00	2.886632442e-02	1.838040690e-02
-1.160000000e-01	4.540039287e+00	2.839490496e-02	1.842219631e-02
-1.170000000e-01	4.540041485e+00	2.792315701e-02	1.846397948e-02
-1.180000000e-01	4.540108046e+00	4.638582638e-02	2.900077897e-14
-1.190000000e-01	4.540117422e+00	4.595787742e-02	4.442526124e-14
-1.200000000e-01	4.540126831e+00	4.552992260e-02	3.840022772e-14
-1.210000000e-01	4.540136273e+00	4.510196191e-02	3.872924333e-14
-1.220000000e-01	4.540145749e+00	4.467399536e-02	3.171253414e-14
-1.230000000e-01	4.540155258e+00	4.424602296e-02	3.182047905e-14
-1.240000000e-01	4.540164800e+00	4.381804471e-02	2.680648565e-14
-1.250000000e-01	4.540174375e+00	4.339006061e-02	4.666537763e-14
-1.260000000e-01	4.540183984e+00	4.296207067e-02	4.783922676e-14
-1.270000000e-01	4.540193626e+00	4.253407491e-02	2.321801830e-14
-1.280000000e-01	4.540203301e+00	4.210607331e-02	1.497892952e-14
-1.290000000e-01	4.540213009e+00	4.167806590e-02	2.952562956e-14
-1.300000000e-01	4.540222751e+00	4.125005267e-02	1.831431629e-14
-1.310000000e-01	4.540232526e+00	4.082203363e-02	3.435672748e-14
-1.320000000e-01	4.540242335e+00	4.039400878e-02	4.652260375e-14
-1.330000000e-01	4.540252176e+00	3.996597813e-02	2.718204286e-14
-1.340000000e-01	4.540262051e+00	3.953794169e-02	3.850112314e-14
-1.350000000e-01	4.540271960e+00	3.910989947e-02	4.043968615e-14
-1.360000000e-01	4.540281901e+00	3.868185146e-02	1.640102090e-14
-1.370000000e-01	4.540291876e+00	3.825379767e-02	1.770959205e-14
-1.380000000e-01	4.540301885e+00	3.782573811e-02	2.869370334e-14
-1.390000000e-01	4.540311927e+00	3.739767278e-02	2.134615829e-14
-1.400000000e-01	4.540322002e+00	3.696960170e-02	4.097012403e-14
-1.410000000e-01	4.540332110e+00	3.654152486e-02	2.762218152e-14
-1.420000000e-01	4.540342252e+00	3.611344227e-02	4.450551133e-14
-1.430000000e-01	4.540352427e+00	3.568535394e-02	4.288647133e-14
-1.440000000e-01	4.540362636e+00	3.525725986e-02	4.763747409e-14
-1.450000000e-01	4.540372878e+00	3.482916006e-02	2.559252078e-14
-1.460000000e-01	4.540383153e+00	3.440105453e-02	4.387331103e-14
-1.470000000e-01	4.540393462e+00	3.397294328e-02	4.354770775e-14
-1.480000000e-01	4.540403804e+00	3.354482631e-02	2.857563578e-14
-1.490000000e-01	4.540414179e+00	3.311670363e-02	6.576765784e-14
-1.500000000e-01	4.540424588e+00	3.268857525e-02	4.245211491e-14
-1.510000000e-01	4.540435030e+00	3.226044117e-02	2.817884387e-14
-1.520000000e-01	4.540445506e+00	3.183230140e-02	1.713875409e-14
-1.530000000e-01	4.540456015e+00	3.140415594e-02	3.842481677e-14
-1.540000000e-01	4.540466558e+00	3.097600479e-02	3.334042708e-14
-1.550000000e-01	4.540477134e+00	3.054784797e-02	3.881688759e-14
-1.560000000e-01	4.540487743e+00	3.011968548e-02	2.979936243e-14
-1.570000000e-01	4.540498386e+00	2.969151733e-02	3.774860629e-14
-1.580000000e-01	4.540509062e+00	2.926334352e-02	2.860199615e-14
-1.590000000e-01	4.540519772e+00	2.883516405e-02	2.967787276e-14
-1.600000000e-01	4.540530515e+00	2.840697894e-02	3.509357996e-14
-1.610000000e-01	4.540541292e+00	2.797878818e-02	4.137133388e-14
-1.620000000e-01	4.540552102e+00	2.755059179e-02	3.146862164e-14
-1.630000000e-01	4.540562945e+00	2.712238976e-02	3.062518660e-14
-1.640000000e-01	4.540573822e+00	2.669418211e-02	2.997369596e-14
-1.650000000e-01	4.540584733e+00	2.626596885e-02	4.146013005e-14
-1.660000000e-01	4.540595677e+00	2.583774996e-02	3.041239298e-14
-1.670000000e-01	4.540606655e+00	2.540952547e-02	4.886145039e-14
-1.680000000e-01	4.540617666e+00	2.498129538e-02	2.345981236e-14
-1.690000000e-01	4.540628710e+00	2.455305969e-02	2.667455815e-14
-1.700000000e-01	4.540639788e+00	2.412481842e-02	3.864308391e-14
-1.710000000e-01	4.540650900e+00	2.369657155e-02	4.294075724e-14
-1.720000000e-01	4.540662045e+00	2.326831911e-02	5.075271695e-14
-1.730000000e-01	4.540673223e+00	2.284006109e-02	3.786924234e-14
-1.740000000e-01	4.540684436e+00	2.241179751e-02	1.262267207e-14
-1.750000000e-01	4.540695681e+00	2.198352836e-02	3.657801842e-14
-1.760000000e-01	4.540706960e+00	2.155525366e-02	4.240071177e-14
-1.770000000e-01	4.540718273e+00	2.112697341e-02	2.647437194e-14
-1.780000000e-01	4.540729619e+00	2.069868761e-02	4.252383361e-14
-1.790000000e-01	4.540740999e+00	2.027039627e-02	2.466986752e-14
-1.800000000e-01	4.540752413e+00	1.984209940e-02	2.882621527e-14
-1.810000000e-01	4.540763860e+00	1.941379701e-02	5.024628489e-14
-1.820000000e-01	4.540775340e+00	1.898548909e-02	4.926345956e-14
-1.830000000e-01	4.540786854e+00	1.855717565e-02	2.331689215e-14
-1.840000000e-01	4.540798402e+00	1.812885671e-02	3.215635566e-14
-1.850000000e-01	4.540809983e+00	1.770053226e-02	2.934324669e-14
-1.860000000e-01	4.540821598e+00	1.727220232e-02	2.424734801e-14
-1.870000000e-01	4.540833246e+00	1.684386688e-02	3.269828639e-14
-1.880000000e-01	4.540844928e+00	1.641552595e-02	4.475674840e-14
-1.890000000e-01	4.540856644e+00	1.598717955e-02	2.198278908e-14
-1.900000000e-01	4.540868393e+00	1.555882766e-02	3.208041759e-14
-1.910000000e-01	4.540880176e+00	1.513047031e-02	5.008893434e-14
-1.920000000e-01	4.540891993e+00	1.470210750e-02	3.498876243e-14
-1.930000000e-01	4.540903843e+00	1.427373923e-02	5.226714056e-14
-1.940000000e-01	4.540915727e+00	1.384536551e-02	3.366779227e-14
-1.950000000e-01	4.540927644e+00	1.341698634e-02	4.965257220e-14
-1.960000000e-01	4.540939595e+00	1.298860173e-02	2.889681759e-14
-1.970000000e-01	4.540951580e+00	1.256021169e-02	3.648955514e-14
-1.980000000e-01	4.540963598e+00	1.213181622e-02	3.671803305e-14
-1.990000000e-01	4.540975650e+00	1.170341533e-02	3.280726723e-14
-2.000000000e-01	4.540987736e+00	1.127500902e-02	5.082012052e-14
-2.010000000e-01	4.540999855e+00	1.084659730e-02	4.429591094e-14
-2.020000000e-01	4.541012008e+00	1.041818017e-02	3.334127406e-14
-2.030000000e-01	4.541024195e+00	9.989757651e-03	3.372589860e-14
-2.040000000e-01	4.541036415e+00	9.561329736e-03	2.738551895e-14
-2.050000000e-01	4.541048669e+00	9.132896435e-03	2.777010285e-14
-2.060000000e-01	4.541060957e+00	8.704457752e-03	3.728173455e-14
-2.070000000e-01	4.541073279e+00	8.276013694e-03	6.299252861e-14
-2.080000000e-01	4.541085634e+00	7.847564267e-03	2.958969578e-14
-2.090000000e-01	4.541098023e+00	7.419109478e-03	2.833019435e-14
-2.100000000e-01	4.541110445e+00	6.990649331e-03	3.443255849e-14
-2.110000000e-01	4.541122902e+00	6.562183832e-03	3.119215674e-14
-2.120000000e-01	4.541135392e+00	6.133712989e-03	3.278903780e-14
-2.130000000e-01	4.541147915e+00	5.705236806e-03	4.201092934e-14
-2.140000000e-01	4.541160473e+00	5.276755290e-03	3.512228877e-14
-2.150000000e-01	4.541173064e+00	4.848268447e-03	4.279828426e-14
-2.160000000e-01	4.541185689e+00	4.419776282e-03	2.471746998e-14
-2.170000000e-01	4.541198348e+00	3.991278802e-03	2.850915907e-14
-2.180000000e-01	4.541211040e+00	3.562776012e-03	3.199647920e-14
-2.190000000e-01	4.541223767e+00	3.134267919e-03	5.300550713e-14
-2.200000000e-01	4.541236527e+00	2.705754528e-03	2.914590775e-14
-2.210000000e-01	4.541249320e+00	2.277235846e-03	2.790889798e-14
-2.220000000e-01	4.541262148e+00	1.848711879e-03	4.088580944e-14
-2.230000000e-01	4.541275009e+00	1.420182632e-03	2.940382722e-14
-2.240000000e-01	4.541287904e+00	9.916481112e-04	2.517016125e-14
-2.250000000e-01	4.541300833e+00	5.631083235e-04	1.198965372e-14
-2.260000000e-01	4.541313796e+00	1.345632743e-04	4.386431545e-14
-2.270000000e-01	4.541326793e+00	-2.939870303e-04	2.680798914e-14
-2.280000000e-01	4.541339823e+00	-7.225425842e-04	1.882761059e-14
-2.290000000e-01	4.541352887e+00	-1.151103381e-03	2.645397135e-14
-2.300000000e-01	4.541365985e+00	-1.579669416e-03	2.555242406e-14
-2.310000000e-01	4.541379117e+00	-2.008240681e-03	2.026227182e-14
-2.320000000e-01	4.541392283e+00	-2.436817172e-03	3.394275388e-14
-2.330000000e-01	4.541405482e+00	-2.865398882e-03	2.390886960e-14
-2.340000000e-01	4.541418715e+00	-3.293985804e-03	4.555373306e-14
-2.350000000e-01	4.541431983e+00	-3.722577934e-03	2.554428290e-14
-2.360000000e-01	4.541445284e+00	-4.151175265e-03	3.083588947e-14
-2.370000000e-01	4.541458618e+00	-4.579777790e-03	4.402624807e-14
-2.380000000e-01	4.541471987e+00	-5.008385504e-03	3.856547196e-14
-2.390000000e-01	4.541485390e+00	-5.436998400e-03	4.633977644e-14
-2.400000000e-01	4.541498826e+00	-5.865616473e-03	2.535029384e-14
-2.410000000e-01	4.541512296e+00	-6.294239717e-03	2.913622317e-14
-2.420000000e-01	4.541525801e+00	-6.722868124e-03	4.206476019e-14
-2.430000000e-01	4.541539339e+00	-7.151501690e-03	3.341642643e-14
-2.440000000e-01	4.541552911e+00	-7.580140408e-03	3.969555568e-14
-2.450000000e-01	4.541566517e+00	-8.008784272e-03	3.511803937e-14
-2.460000000e-01	4.541580156e+00	-8.437433275e-03	2.854195113e-14
-2.470000000e-01	4.541593830e+00	-8.866087412e-03	2.870646521e-14
-2.480000000e-01	4.541607538e+00	-9.294746677e-03	2.482525329e-14
-2.490000000e-01	4.541621279e+00	-9.723411063e-03	2.958886183e-14
-2.500000000e-01	4.541635055e+00	-1.015208056e-02	3.225073426e-14
-2.510000000e-01	4.541648864e+00	-1.058075517e-02	3.934138342e-14
-2.520000000e-01	4.541662707e+00	-1.100943489e-02	3.946008791e-14
-2.530000000e-01	4.541676585e+00	-1.143811970e-02	3.102757969e-14
-2.540000000e-01	4.541690496e+00	-1.186680960e-02	4.996714976e-14
-2.550000000e-01	4.541704441e+00	-1.229550458e-02	3.701158302e-14
-2.560000000e-01	4.541718420e+00	-1.272420465e-02	3.160536239e-14
-2.570000000e-01	4.541732433e+00	-1.315290978e-02	2.996775067e-14
-2.580000000e-01	4.541746480e+00	-1.358161998e-02	2.876995917e-14
-2.590000000e-01	4.541760561e+00	-1.401033524e-02	2.367521698e-14
-2.600000000e-01	4.541774676e+00	-1.443905556e-02	3.040634223e-14
-2.610000000e-01	4.541788825e+00	-1.486778092e-02	3.780689854e-14
-2.620000000e-01	4.541803008e+00	-1.529651132e-02	2.586928740e-14
-2.630000000e-01	4.541817225e+00	-1.572524675e-02	2.476557325e-14
-2.640000000e-01	4.541831475e+00	-1.615398722e-02	3.062983710e-14
-2.650000000e-01	4.541845760e+00	-1.658273271e-02	1.728288626e-14
-2.660000000e-01	4.541860079e+00	-1.701148321e-02	3.661172659e-14
-2.670000000e-01	4.541874432e+00	-1.744023872e-02	1.640918574e-14
-2.680000000e-01	4.541888819e+00	-1.786899924e-02	3.841575531e-14
-2.690000000e-01	4.541903240e+00	-1.829776475e-02	2.953756452e-14
-2.700000000e-01	4.541917695e+00	-1.872653526e-02	3.043850115e-14
-2.710000000e-01	4.541932184e+00	-1.915531075e-02	5.176059629e-14
-2.720000000e-01	4.541946707e+00	-1.958409122e-02	2.850475441e-14
-2.730000000e-01	4.541961264e+00	-2.001287666e-02	2.062348578e-14
-2.740000000e-01	4.541975855e+00	-2.044166707e-02	4.403253873e-14
-2.750000000e-01	4.541990480e+00	-2.087046243e-02	4.055856856e-14
-2.760000000e-01	4.542005140e+00	-2.129926275e-02	4.652051131e-14
-2.770000000e-01	4.542019833e+00	-2.172806802e-02	2.309709055e-14
-2.780000000e-01	4.542034560e+00	-2.215687823e-02	3.831757332e-14
-2.790000000e-01	4.542049322e+00	-2.258569337e-02	4.294011172e-14
-2.800000000e-01	4.542064117e+00	-2.301451344e-02	2.506348062e-14
-2.810000000e-01	4.542078947e+00	-2.344333843e-02	3.187508104e-14
-2.820000000e-01	4.542093810e+00	-2.387216834e-02	3.694296065e-14
-2.830000000e-01	4.542108708e+00	-2.430100315e-02	2.247227084e-14
-2.840000000e-01	4.542123640e+00	-2.472984287e-02	4.469389682e-14
-2.850000000e-01	4.542138606e+00	-2.515868749e-02	4.380279795e-14
-2.860000000e-01	4.542153606e+00	-2.558753700e-02	3.644731140e-14
-2.870000000e-01	4.542168640e+00	-2.601639139e-02	4.949356461e-14
-2.880000000e-01	4.542183708e+00	-2.644525066e-02	3.447501438e-14
-2.890000000e-01	4.542198811e+00	-2.687411479e-02	4.756800781e-14
-2.900000000e-01	4.542213947e+00	-2.730298380e-02	3.428654462e-14
-2.910000000e-01	4.542229118e+00	-2.773185766e-02	2.349636279e-14
-2.920000000e-01	4.542244323e+00	-2.816073637e-02	1.502844322e-14
-2.930000000e-01	4.542259562e+00	-2.858961993e-02	2.717261503e-14
-2.940000000e-01	4.542274835e+00	-2.901850833e-02	1.767497368e-14
-2.950000000e-01	4.542290142e+00	-2.944740156e-02	5.460933628e-14
-2.960000000e-01	4.542305484e+00	-2.987629962e-02	3.228820787e-14
-2.970000000e-01	4.542320859e+00	-3.030520250e-02	3.476107325e-14
-2.980000000e-01	4.542336269e+00	-3.073411019e-02	1.876778980e-14
-2.990000000e-01	4.542351713e+00	-3.116302269e-02	5.172347640e-14
-3.000000000e-01	4.542367191e+00	-3.159193999e-02	3.567425640e-14
