# epsi_ci     Re(Lambda)      Im(Lambda)      Eq(det), R = 0.10 $\mu$m, $E_p$ = 0.900 eV, modo = 4, $\epsilon_\infty$ = 3.9, $\gamma_{DL}$ = 0.01 eV, solve_det_sinkz_vs_mu.py
0.000000000e+00	2.722265671e+00	2.986870852e-02	7.750994635e-23
-1.000000000e-03	2.722273352e+00	2.951974212e-02	3.018946115e-23
-2.000000000e-03	2.722281078e+00	2.917077573e-02	7.386560240e-23
-3.000000000e-03	2.722288849e+00	2.882180938e-02	8.510177405e-23
-4.000000000e-03	2.722296664e+00	2.847284308e-02	4.621829257e-23
-5.000000000e-03	2.722304524e+00	2.812387685e-02	1.115566405e-22
-6.000000000e-03	2.722312429e+00	2.777491071e-02	8.622828525e-23
-7.000000000e-03	2.722320378e+00	2.742594467e-02	5.557938570e-23
-8.000000000e-03	2.722328373e+00	2.707697875e-02	1.393079278e-22
-9.000000000e-03	2.722336412e+00	2.672801297e-02	5.013052084e-23
-1.000000000e-02	2.722344495e+00	2.637904734e-02	7.885486525e-23
-1.100000000e-02	2.722352624e+00	2.603008188e-02	1.313103592e-22
-1.200000000e-02	2.722360797e+00	2.568111662e-02	2.066596228e-23
-1.300000000e-02	2.722369015e+00	2.533215156e-02	2.977189757e-23
-1.400000000e-02	2.722377278e+00	2.498318673e-02	1.569423625e-22
-1.500000000e-02	2.722385586e+00	2.463422213e-02	3.061964384e-23
-1.600000000e-02	2.722393938e+00	2.428525780e-02	9.709227646e-23
-1.700000000e-02	2.722402335e+00	2.393629374e-02	1.544829734e-22
-1.800000000e-02	2.722410777e+00	2.358732997e-02	6.853282806e-23
-1.900000000e-02	2.722419264e+00	2.323836651e-02	1.999559003e-22
-2.000000000e-02	2.722427795e+00	2.288940338e-02	6.806862796e-23
-2.100000000e-02	2.722436371e+00	2.254044060e-02	1.625874040e-22
-2.200000000e-02	2.722444992e+00	2.219147817e-02	4.847977793e-23
-2.300000000e-02	2.722453658e+00	2.184251612e-02	1.261840716e-22
-2.400000000e-02	2.722462368e+00	2.149355447e-02	8.760672227e-23
-2.500000000e-02	2.722471123e+00	2.114459323e-02	2.469425470e-23
-2.600000000e-02	2.722479923e+00	2.079563242e-02	1.037081704e-22
-2.700000000e-02	2.722488768e+00	2.044667206e-02	6.544179662e-23
-2.800000000e-02	2.722497657e+00	2.009771217e-02	7.862299709e-23
-2.900000000e-02	2.722506591e+00	1.974875276e-02	3.684451355e-23
-3.000000000e-02	2.722515570e+00	1.939979384e-02	1.286345890e-22
-3.100000000e-02	2.722524594e+00	1.905083545e-02	1.960896165e-22
-3.200000000e-02	2.722533662e+00	1.870187758e-02	9.794896998e-23
-3.300000000e-02	2.722542775e+00	1.835292027e-02	3.439124619e-23
-3.400000000e-02	2.722551933e+00	1.800396352e-02	1.474197039e-22
-3.500000000e-02	2.722561136e+00	1.765500736e-02	9.585003853e-23
-3.600000000e-02	2.722570383e+00	1.730605180e-02	1.775629224e-22
-3.700000000e-02	2.722579675e+00	1.695709686e-02	1.700904308e-22
-3.800000000e-02	2.722589012e+00	1.660814256e-02	2.696652574e-23
-3.900000000e-02	2.722598394e+00	1.625918891e-02	1.470830490e-22
-4.000000000e-02	2.722607820e+00	1.591023593e-02	5.792900952e-23
-4.100000000e-02	2.722617291e+00	1.556128365e-02	1.028458778e-22
-4.200000000e-02	2.722626807e+00	1.521233206e-02	8.468237484e-23
-4.300000000e-02	2.722636368e+00	1.486338120e-02	6.704421535e-23
-4.400000000e-02	2.722645973e+00	1.451443108e-02	2.827669686e-22
-4.500000000e-02	2.722655623e+00	1.416548172e-02	1.434961590e-22
-4.600000000e-02	2.722665318e+00	1.381653313e-02	1.487172333e-23
-4.700000000e-02	2.722675058e+00	1.346758533e-02	2.055584838e-22
-4.800000000e-02	2.722684842e+00	1.311863834e-02	9.034449229e-23
-4.900000000e-02	2.722694671e+00	1.276969218e-02	1.012170151e-22
-5.000000000e-02	2.722704545e+00	1.242074685e-02	3.788455684e-22
-5.100000000e-02	2.722714463e+00	1.207180240e-02	1.115880433e-22
-5.200000000e-02	2.722724427e+00	1.172285882e-02	2.855684710e-22
-5.300000000e-02	2.722734435e+00	1.137391613e-02	1.840279421e-23
-5.400000000e-02	2.722744488e+00	1.102497436e-02	9.941693071e-23
-5.500000000e-02	2.722754585e+00	1.067603351e-02	1.216371736e-22
-5.600000000e-02	2.722764727e+00	1.032709361e-02	6.234312684e-23
-5.700000000e-02	2.722774914e+00	9.978154677e-03	8.064442627e-23
-5.800000000e-02	2.722785146e+00	9.629216719e-03	1.803260426e-22
-5.900000000e-02	2.722795422e+00	9.280279765e-03	1.227189695e-22
-6.000000000e-02	2.722805744e+00	8.931343820e-03	9.490338309e-23
-6.100000000e-02	2.722816110e+00	8.582408913e-03	4.434565206e-23
-6.200000000e-02	2.722826520e+00	8.233475055e-03	1.794343455e-23
-6.300000000e-02	2.722836976e+00	7.884542255e-03	2.524027971e-22
-6.400000000e-02	2.722847476e+00	7.535610548e-03	8.771802721e-23
-6.500000000e-02	2.722858021e+00	7.186679942e-03	3.008995828e-23
-6.600000000e-02	2.722868610e+00	6.837750450e-03	6.092173761e-23
-6.700000000e-02	2.722879245e+00	6.488822101e-03	1.342192788e-22
-6.800000000e-02	2.722889924e+00	6.139894900e-03	1.767703608e-22
-6.900000000e-02	2.722900648e+00	5.790968863e-03	8.987181583e-23
-7.000000000e-02	2.722911416e+00	5.442044017e-03	5.198334940e-23
-7.100000000e-02	2.722922229e+00	5.093120381e-03	1.185939870e-22
-7.200000000e-02	2.722933087e+00	4.744197958e-03	1.303265708e-22
-7.300000000e-02	2.722943990e+00	4.395276776e-03	8.322552426e-23
-7.400000000e-02	2.722954937e+00	4.046356856e-03	6.035769038e-23
-7.500000000e-02	2.722965930e+00	3.697438201e-03	3.524913649e-23
-7.600000000e-02	2.722976967e+00	3.348520842e-03	5.606864585e-23
-7.700000000e-02	2.722988048e+00	2.999604788e-03	1.468800481e-22
-7.800000000e-02	2.722999174e+00	2.650690056e-03	6.104718328e-24
-7.900000000e-02	2.723010346e+00	2.301776668e-03	8.611746240e-23
-8.000000000e-02	2.723021561e+00	1.952864637e-03	8.565900087e-23
-8.100000000e-02	2.723032822e+00	1.603953982e-03	1.796264567e-22
-8.200000000e-02	2.723044127e+00	1.255044729e-03	6.108611228e-23
-8.300000000e-02	2.723055477e+00	9.061368805e-04	1.202854723e-22
-8.400000000e-02	2.723066872e+00	5.572304509e-04	1.595129465e-22
-8.500000000e-02	2.723078311e+00	2.083254810e-04	6.087371439e-23
-8.600000000e-02	2.723089795e+00	-1.405780346e-04	4.008663669e-23
-8.700000000e-02	2.723101324e+00	-4.894800709e-04	1.161980043e-22
-8.800000000e-02	2.723112897e+00	-8.383806153e-04	1.231920347e-22
-8.900000000e-02	2.723124516e+00	-1.187279639e-03	9.251682262e-24
-9.000000000e-02	2.723136179e+00	-1.536177135e-03	2.211252073e-22
-9.100000000e-02	2.723147886e+00	-1.885073076e-03	1.660161784e-22
-9.200000000e-02	2.723159639e+00	-2.233967466e-03	7.837082063e-23
-9.300000000e-02	2.723171436e+00	-2.582860267e-03	1.451935213e-22
-9.400000000e-02	2.723183277e+00	-2.931751469e-03	1.252180072e-22
-9.500000000e-02	2.723195164e+00	-3.280641047e-03	8.736059836e-23
-9.600000000e-02	2.723207095e+00	-3.629528998e-03	1.000633555e-22
-9.700000000e-02	2.723219071e+00	-3.978415297e-03	2.231680105e-22
-9.800000000e-02	2.723231092e+00	-4.327299933e-03	2.326005643e-22
-9.900000000e-02	2.723243157e+00	-4.676182878e-03	6.777120105e-23
-1.000000000e-01	2.723255267e+00	-5.025064123e-03	1.060839306e-22
-1.010000000e-01	2.723267422e+00	-5.373943647e-03	1.391224198e-22
-1.020000000e-01	2.723279621e+00	-5.722821439e-03	1.038263707e-22
-1.030000000e-01	2.723291865e+00	-6.071697466e-03	2.410761144e-22
-1.040000000e-01	2.723304154e+00	-6.420571730e-03	1.087110652e-22
-1.050000000e-01	2.723316487e+00	-6.769444208e-03	2.909203203e-23
-1.060000000e-01	2.723328866e+00	-7.118314872e-03	3.791295377e-22
-1.070000000e-01	2.723341288e+00	-7.467183724e-03	1.054066554e-22
-1.080000000e-01	2.723353756e+00	-7.816050735e-03	6.875090852e-23
-1.090000000e-01	2.723366268e+00	-8.164915886e-03	1.079795374e-22
-1.100000000e-01	2.723378825e+00	-8.513779160e-03	1.114605306e-22
-1.110000000e-01	2.723391427e+00	-8.862640545e-03	1.120466448e-22
-1.120000000e-01	2.723404073e+00	-9.211500028e-03	1.216691617e-22
-1.130000000e-01	2.723416764e+00	-9.560357581e-03	5.515209377e-23
-1.140000000e-01	2.723429500e+00	-9.909213187e-03	1.268082855e-22
-1.150000000e-01	2.723442280e+00	-1.025806684e-02	1.306490267e-22
-1.160000000e-01	2.723455105e+00	-1.060691851e-02	5.673739753e-23
-1.170000000e-01	2.723467975e+00	-1.095576819e-02	6.765249408e-23
-1.180000000e-01	2.723480889e+00	-1.130461586e-02	2.862435368e-22
-1.190000000e-01	2.723493849e+00	-1.165346150e-02	1.270094606e-22
-1.200000000e-01	2.723506852e+00	-1.200230509e-02	9.415673072e-23
-1.210000000e-01	2.723519901e+00	-1.235114663e-02	1.284582957e-22
-1.220000000e-01	2.723532994e+00	-1.269998608e-02	1.477698779e-22
-1.230000000e-01	2.723546132e+00	-1.304882344e-02	1.317862897e-22
-1.240000000e-01	2.723559314e+00	-1.339765868e-02	7.213754677e-23
-1.250000000e-01	2.723572541e+00	-1.374649178e-02	1.746962170e-22
-1.260000000e-01	2.723585813e+00	-1.409532275e-02	2.691748039e-22
-1.270000000e-01	2.723599130e+00	-1.444415154e-02	1.883556585e-22
-1.280000000e-01	2.723612491e+00	-1.479297816e-02	1.104316742e-22
-1.290000000e-01	2.723625897e+00	-1.514180258e-02	1.294189867e-22
-1.300000000e-01	2.723639347e+00	-1.549062477e-02	1.322761296e-22
-1.310000000e-01	2.723652842e+00	-1.583944474e-02	1.065858902e-22
-1.320000000e-01	2.723666382e+00	-1.618826246e-02	8.809447251e-23
-1.330000000e-01	2.723679967e+00	-1.653707790e-02	2.212581969e-22
-1.340000000e-01	2.723693596e+00	-1.688589106e-02	1.766566648e-23
-1.350000000e-01	2.723707269e+00	-1.723470192e-02	6.178454764e-23
-1.360000000e-01	2.723720988e+00	-1.758351046e-02	3.979436780e-23
-1.370000000e-01	2.723734751e+00	-1.793231665e-02	2.549710702e-22
-1.380000000e-01	2.723748559e+00	-1.828112050e-02	8.582849343e-23
-1.390000000e-01	2.723762411e+00	-1.862992198e-02	1.420406336e-22
-1.400000000e-01	2.723776308e+00	-1.897872107e-02	8.583520830e-23
-1.410000000e-01	2.723790250e+00	-1.932751775e-02	3.284772712e-23
-1.420000000e-01	2.723804236e+00	-1.967631201e-02	1.454082472e-22
-1.430000000e-01	2.723818267e+00	-2.002510384e-02	7.642763223e-23
-1.440000000e-01	2.723832343e+00	-2.037389320e-02	1.716216873e-22
-1.450000000e-01	2.723846463e+00	-2.072268009e-02	3.616372364e-23
-1.460000000e-01	2.723860628e+00	-2.107146449e-02	8.114474371e-23
-1.470000000e-01	2.723874837e+00	-2.142024639e-02	1.487565185e-22
-1.480000000e-01	2.723889092e+00	-2.176902576e-02	1.197637843e-22
-1.490000000e-01	2.723903390e+00	-2.211780258e-02	6.959811367e-23
-1.500000000e-01	2.723917734e+00	-2.246657686e-02	1.654151785e-22
-1.510000000e-01	2.723932122e+00	-2.281534855e-02	6.352984826e-23
-1.520000000e-01	2.723946555e+00	-2.316411765e-02	1.206002295e-22
-1.530000000e-01	2.723961032e+00	-2.351288413e-02	1.430227024e-22
-1.540000000e-01	2.723975554e+00	-2.386164799e-02	2.089642754e-23
-1.550000000e-01	2.723990121e+00	-2.421040921e-02	2.241724960e-22
-1.560000000e-01	2.724004732e+00	-2.455916776e-02	2.406324422e-23
-1.570000000e-01	2.724019388e+00	-2.490792364e-02	1.114217082e-22
-1.580000000e-01	2.724034088e+00	-2.525667682e-02	1.125544924e-22
-1.590000000e-01	2.724048833e+00	-2.560542729e-02	1.379364029e-22
-1.600000000e-01	2.724063623e+00	-2.595417502e-02	8.970441442e-23
-1.610000000e-01	2.724078457e+00	-2.630292001e-02	6.721233182e-23
-1.620000000e-01	2.724093336e+00	-2.665166223e-02	2.016559587e-22
-1.630000000e-01	2.724108260e+00	-2.700040168e-02	1.696818383e-22
-1.640000000e-01	2.724123228e+00	-2.734913832e-02	7.744490504e-23
-1.650000000e-01	2.724138240e+00	-2.769787216e-02	1.128691740e-22
-1.660000000e-01	2.724153298e+00	-2.804660315e-02	5.937999044e-23
-1.670000000e-01	2.724168400e+00	-2.839533130e-02	6.545078617e-23
-1.680000000e-01	2.724183546e+00	-2.874405659e-02	1.522001894e-22
-1.690000000e-01	2.724198737e+00	-2.909277898e-02	1.119900140e-22
-1.700000000e-01	2.724213973e+00	-2.944149848e-02	9.127185006e-23
-1.710000000e-01	2.724229254e+00	-2.979021506e-02	2.177078593e-23
-1.720000000e-01	2.724244578e+00	-3.013892870e-02	7.654322758e-23
-1.730000000e-01	2.724259948e+00	-3.048763940e-02	1.061947446e-22
-1.740000000e-01	2.724275362e+00	-3.083634712e-02	1.102537373e-22
-1.750000000e-01	2.724290821e+00	-3.118505186e-02	1.635168876e-22
-1.760000000e-01	2.724306324e+00	-3.153375359e-02	9.828118040e-23
-1.770000000e-01	2.724321872e+00	-3.188245230e-02	4.750263697e-23
-1.780000000e-01	2.724337464e+00	-3.223114798e-02	1.385729137e-22
-1.790000000e-01	2.724353102e+00	-3.257984060e-02	1.617751622e-22
-1.800000000e-01	2.724368783e+00	-3.292853015e-02	1.852605477e-22
-1.810000000e-01	2.724384509e+00	-3.327721662e-02	5.757741467e-23
-1.820000000e-01	2.724400280e+00	-3.362589997e-02	2.152434770e-22
-1.830000000e-01	2.724416096e+00	-3.397458021e-02	1.013620191e-22
-1.840000000e-01	2.724431955e+00	-3.432325730e-02	8.798017110e-23
-1.850000000e-01	2.724447860e+00	-3.467193124e-02	7.555304857e-23
-1.860000000e-01	2.724463809e+00	-3.502060200e-02	5.623023892e-23
-1.870000000e-01	2.724479803e+00	-3.536926957e-02	8.257083456e-23
-1.880000000e-01	2.724495841e+00	-3.571793394e-02	1.137966958e-22
-1.890000000e-01	2.724511924e+00	-3.606659508e-02	7.657477508e-23
-1.900000000e-01	2.724528051e+00	-3.641525298e-02	7.026903820e-23
-1.910000000e-01	2.724544223e+00	-3.676390762e-02	7.665081970e-23
-1.920000000e-01	2.724560439e+00	-3.711255899e-02	1.449797047e-22
-1.930000000e-01	2.724576700e+00	-3.746120705e-02	1.763304462e-22
-1.940000000e-01	2.724593006e+00	-3.780985181e-02	4.240608630e-23
-1.950000000e-01	2.724609356e+00	-3.815849324e-02	1.100975441e-22
-1.960000000e-01	2.724625750e+00	-3.850713134e-02	1.465098890e-22
-1.970000000e-01	2.724642190e+00	-3.885576606e-02	6.793302806e-23
-1.980000000e-01	2.724658673e+00	-3.920439742e-02	1.043527715e-22
-1.990000000e-01	2.724675201e+00	-3.955302537e-02	6.710869409e-23
-2.000000000e-01	2.724691774e+00	-3.990164992e-02	1.132140035e-22
-2.010000000e-01	2.724708392e+00	-4.025027103e-02	4.292434441e-23
-2.020000000e-01	2.724725053e+00	-4.059888869e-02	4.530186799e-23
-2.030000000e-01	2.724741760e+00	-4.094750290e-02	1.214715073e-22
-2.040000000e-01	2.724758511e+00	-4.129611362e-02	1.569964054e-22
-2.050000000e-01	2.724775306e+00	-4.164472085e-02	1.104841736e-22
-2.060000000e-01	2.724792146e+00	-4.199332457e-02	5.055080461e-23
-2.070000000e-01	2.724809031e+00	-4.234192474e-02	1.066406679e-22
-2.080000000e-01	2.724825960e+00	-4.269052138e-02	1.280402517e-22
-2.090000000e-01	2.724842933e+00	-4.303911445e-02	1.037472852e-22
-2.100000000e-01	2.724859951e+00	-4.338770394e-02	7.569940835e-23
-2.110000000e-01	2.724877014e+00	-4.373628982e-02	2.085860917e-22
-2.120000000e-01	2.724894121e+00	-4.408487209e-02	1.203135890e-22
-2.130000000e-01	2.724911272e+00	-4.443345074e-02	2.937311705e-22
-2.140000000e-01	2.724928468e+00	-4.478202572e-02	1.790512736e-23
-2.150000000e-01	2.724945709e+00	-4.513059704e-02	5.542493169e-23
-2.160000000e-01	2.724962994e+00	-4.547916467e-02	7.458312058e-23
-2.170000000e-01	2.724980324e+00	-4.582772861e-02	5.113814642e-23
-2.180000000e-01	2.724997698e+00	-4.617628883e-02	7.417018796e-23
-2.190000000e-01	2.725015116e+00	-4.652484531e-02	1.490277877e-22
-2.200000000e-01	2.725032579e+00	-4.687339804e-02	9.143604718e-23
-2.210000000e-01	2.725050087e+00	-4.722194700e-02	4.951591913e-23
-2.220000000e-01	2.725067639e+00	-4.757049217e-02	6.906169131e-23
-2.230000000e-01	2.725085236e+00	-4.791903355e-02	4.728247234e-23
-2.240000000e-01	2.725102877e+00	-4.826757110e-02	1.383849796e-22
-2.250000000e-01	2.725120562e+00	-4.861610481e-02	1.265434501e-22
-2.260000000e-01	2.725138292e+00	-4.896463468e-02	1.100109398e-22
-2.270000000e-01	2.725156066e+00	-4.931316067e-02	1.007620760e-22
-2.280000000e-01	2.725173885e+00	-4.966168277e-02	1.126758136e-22
-2.290000000e-01	2.725191749e+00	-5.001020097e-02	1.285797556e-22
-2.300000000e-01	2.725209657e+00	-5.035871524e-02	1.826089671e-22
-2.310000000e-01	2.725227609e+00	-5.070722558e-02	1.787583905e-22
-2.320000000e-01	2.725245606e+00	-5.105573196e-02	6.595883832e-23
-2.330000000e-01	2.725263647e+00	-5.140423437e-02	1.874746749e-22
-2.340000000e-01	2.725281733e+00	-5.175273279e-02	4.816839140e-23
-2.350000000e-01	2.725299863e+00	-5.210122721e-02	7.287285002e-23
-2.360000000e-01	2.725318037e+00	-5.244971759e-02	1.891864859e-22
-2.370000000e-01	2.725336256e+00	-5.279820395e-02	1.615128245e-22
-2.380000000e-01	2.725354520e+00	-5.314668624e-02	9.360709099e-23
-2.390000000e-01	2.725372828e+00	-5.349516446e-02	2.206224999e-22
-2.400000000e-01	2.725391180e+00	-5.384363858e-02	2.834540059e-23
-2.410000000e-01	2.725409577e+00	-5.419210860e-02	1.730160430e-22
-2.420000000e-01	2.725428018e+00	-5.454057449e-02	8.008445496e-23
-2.430000000e-01	2.725446504e+00	-5.488903624e-02	1.010011576e-22
-2.440000000e-01	2.725465034e+00	-5.523749384e-02	5.815082871e-23
-2.450000000e-01	2.725483609e+00	-5.558594725e-02	7.751148659e-23
-2.460000000e-01	2.725502228e+00	-5.593439648e-02	6.289350588e-23
-2.470000000e-01	2.725520891e+00	-5.628284149e-02	5.609272280e-23
-2.480000000e-01	2.725539599e+00	-5.663128228e-02	1.449590110e-22
-2.490000000e-01	2.725558351e+00	-5.697971883e-02	1.077337479e-22
-2.500000000e-01	2.725577148e+00	-5.732815111e-02	8.152682361e-24
