# epsi_ci     Re(Lambda)      Im(Lambda)      Eq(det), R = 0.10 $\mu$m, $E_p$ = 0.900 eV, modo = 4, $\epsilon_\infty$ = 3.9, $\gamma_{DL}$ = 0.01 eV, solve_det_sinkz_vs_mu.py
0.000000000e+00	2.722265671e+00	2.986870852e-02	3.169801532e-23
-1.000000000e-03	2.722273352e+00	2.951974212e-02	1.234554542e-23
-2.000000000e-03	2.722281078e+00	2.917077573e-02	5.190148440e-23
-3.000000000e-03	2.722288849e+00	2.882180938e-02	6.005355918e-23
-4.000000000e-03	2.722296664e+00	2.847284308e-02	6.346261628e-23
-5.000000000e-03	2.722304524e+00	2.812387685e-02	6.218613116e-23
-6.000000000e-03	2.722312429e+00	2.777491071e-02	4.379686244e-23
-7.000000000e-03	2.722320378e+00	2.742594467e-02	3.309001510e-23
-8.000000000e-03	2.722328373e+00	2.707697875e-02	1.061078274e-22
-9.000000000e-03	2.722336412e+00	2.672801297e-02	6.421521213e-23
-1.000000000e-02	2.722344495e+00	2.637904734e-02	5.464022628e-24
-1.100000000e-02	2.722352624e+00	2.603008188e-02	6.034959973e-23
-1.200000000e-02	2.722360797e+00	2.568111662e-02	2.565045330e-23
-1.300000000e-02	2.722369015e+00	2.533215156e-02	5.840848276e-23
-1.400000000e-02	2.722377278e+00	2.498318673e-02	2.523312426e-23
-1.500000000e-02	2.722385586e+00	2.463422213e-02	2.854420126e-23
-1.600000000e-02	2.722393938e+00	2.428525780e-02	1.148919556e-23
-1.700000000e-02	2.722402335e+00	2.393629374e-02	5.559669106e-23
-1.800000000e-02	2.722410777e+00	2.358732997e-02	1.866416542e-23
-1.900000000e-02	2.722419264e+00	2.323836651e-02	5.705502213e-23
-2.000000000e-02	2.722427795e+00	2.288940338e-02	7.426169605e-23
-2.100000000e-02	2.722436371e+00	2.254044060e-02	1.945443078e-23
-2.200000000e-02	2.722444992e+00	2.219147817e-02	2.585167062e-23
-2.300000000e-02	2.722453658e+00	2.184251612e-02	1.480108712e-23
-2.400000000e-02	2.722462368e+00	2.149355447e-02	1.373560627e-23
-2.500000000e-02	2.722471123e+00	2.114459323e-02	4.402145199e-23
-2.600000000e-02	2.722479923e+00	2.079563243e-02	7.694902232e-23
-2.700000000e-02	2.722488768e+00	2.044667207e-02	4.183163326e-23
-2.800000000e-02	2.722497657e+00	2.009771217e-02	3.410415514e-23
-2.900000000e-02	2.722506591e+00	1.974875276e-02	4.286807131e-23
-3.000000000e-02	2.722515570e+00	1.939979384e-02	2.722386514e-23
-3.100000000e-02	2.722524594e+00	1.905083544e-02	4.095508155e-23
-3.200000000e-02	2.722533662e+00	1.870187758e-02	4.602635603e-23
-3.300000000e-02	2.722542775e+00	1.835292027e-02	2.944191351e-23
-3.400000000e-02	2.722551933e+00	1.800396352e-02	3.001299223e-23
-3.500000000e-02	2.722561136e+00	1.765500736e-02	2.734772659e-23
-3.600000000e-02	2.722570383e+00	1.730605180e-02	3.000964026e-23
-3.700000000e-02	2.722579675e+00	1.695709686e-02	1.286175291e-23
-3.800000000e-02	2.722589012e+00	1.660814256e-02	2.436435770e-23
-3.900000000e-02	2.722598394e+00	1.625918891e-02	3.685694995e-23
-4.000000000e-02	2.722607820e+00	1.591023593e-02	2.590767667e-23
-4.100000000e-02	2.722617291e+00	1.556128365e-02	1.109672616e-23
-4.200000000e-02	2.722626807e+00	1.521233207e-02	8.318225173e-23
-4.300000000e-02	2.722636368e+00	1.486338120e-02	2.728610113e-23
-4.400000000e-02	2.722645973e+00	1.451443108e-02	8.848452757e-23
-4.500000000e-02	2.722655623e+00	1.416548172e-02	3.274807784e-23
-4.600000000e-02	2.722665318e+00	1.381653313e-02	2.347708574e-23
-4.700000000e-02	2.722675058e+00	1.346758533e-02	4.641007691e-23
-4.800000000e-02	2.722684842e+00	1.311863835e-02	5.340730998e-23
-4.900000000e-02	2.722694671e+00	1.276969218e-02	2.629105866e-23
-5.000000000e-02	2.722704545e+00	1.242074686e-02	4.167644579e-23
-5.100000000e-02	2.722714463e+00	1.207180240e-02	3.012568236e-23
-5.200000000e-02	2.722724427e+00	1.172285882e-02	3.959475417e-23
-5.300000000e-02	2.722734435e+00	1.137391613e-02	3.195778709e-23
-5.400000000e-02	2.722744488e+00	1.102497435e-02	3.432530403e-23
-5.500000000e-02	2.722754585e+00	1.067603351e-02	9.605487125e-24
-5.600000000e-02	2.722764727e+00	1.032709361e-02	8.158326554e-23
-5.700000000e-02	2.722774914e+00	9.978154678e-03	3.507273262e-23
-5.800000000e-02	2.722785146e+00	9.629216720e-03	6.613600058e-23
-5.900000000e-02	2.722795422e+00	9.280279763e-03	3.473766202e-23
-6.000000000e-02	2.722805744e+00	8.931343820e-03	3.760260641e-23
-6.100000000e-02	2.722816110e+00	8.582408910e-03	4.453676917e-23
-6.200000000e-02	2.722826520e+00	8.233475053e-03	2.833090096e-23
-6.300000000e-02	2.722836976e+00	7.884542257e-03	3.092211286e-23
-6.400000000e-02	2.722847476e+00	7.535610548e-03	5.676928032e-23
-6.500000000e-02	2.722858021e+00	7.186679940e-03	2.426803485e-23
-6.600000000e-02	2.722868610e+00	6.837750456e-03	5.899901231e-23
-6.700000000e-02	2.722879245e+00	6.488822095e-03	3.303972697e-23
-6.800000000e-02	2.722889924e+00	6.139894896e-03	3.927401164e-23
-6.900000000e-02	2.722900648e+00	5.790968863e-03	2.123484396e-23
-7.000000000e-02	2.722911416e+00	5.442044020e-03	5.598402384e-23
-7.100000000e-02	2.722922229e+00	5.093120377e-03	2.460950497e-23
-7.200000000e-02	2.722933087e+00	4.744197961e-03	1.332193345e-23
-7.300000000e-02	2.722943990e+00	4.395276775e-03	5.956536068e-23
-7.400000000e-02	2.722954937e+00	4.046356855e-03	1.090205905e-23
-7.500000000e-02	2.722965930e+00	3.697438205e-03	6.266657265e-23
-7.600000000e-02	2.722976967e+00	3.348520840e-03	2.290906286e-23
-7.700000000e-02	2.722988048e+00	2.999604786e-03	6.079737246e-23
-7.800000000e-02	2.722999174e+00	2.650690056e-03	1.285238403e-23
-7.900000000e-02	2.723010346e+00	2.301776669e-03	4.832412487e-23
-8.000000000e-02	2.723021561e+00	1.952864637e-03	3.814074886e-23
-8.100000000e-02	2.723032822e+00	1.603953982e-03	7.647860071e-23
-8.200000000e-02	2.723044127e+00	1.255044729e-03	2.264053761e-23
-8.300000000e-02	2.723055477e+00	9.061368751e-04	1.583046695e-23
-8.400000000e-02	2.723066872e+00	5.572304520e-04	7.808710197e-23
-8.500000000e-02	2.723078311e+00	2.083254742e-04	5.419402636e-23
-8.600000000e-02	2.723089795e+00	-1.405780391e-04	3.601943276e-23
-8.700000000e-02	2.723101324e+00	-4.894800761e-04	4.383714713e-23
-8.800000000e-02	2.723112897e+00	-8.383806083e-04	4.493009476e-23
-8.900000000e-02	2.723124516e+00	-1.187279637e-03	4.699335809e-23
-9.000000000e-02	2.723136179e+00	-1.536177129e-03	5.266212535e-23
-9.100000000e-02	2.723147886e+00	-1.885073083e-03	3.975085196e-23
-9.200000000e-02	2.723159639e+00	-2.233967461e-03	3.949706719e-23
-9.300000000e-02	2.723171436e+00	-2.582860263e-03	8.005901454e-24
-9.400000000e-02	2.723183277e+00	-2.931751462e-03	2.515633509e-23
-9.500000000e-02	2.723195164e+00	-3.280641051e-03	4.251963443e-23
-9.600000000e-02	2.723207095e+00	-3.629529000e-03	3.041611091e-24
-9.700000000e-02	2.723219071e+00	-3.978415303e-03	3.689335615e-23
-9.800000000e-02	2.723231092e+00	-4.327299930e-03	1.438457473e-23
-9.900000000e-02	2.723243157e+00	-4.676182876e-03	4.135692349e-23
-1.000000000e-01	2.723255267e+00	-5.025064123e-03	4.711780550e-23
-1.010000000e-01	2.723267422e+00	-5.373943646e-03	5.374755783e-23
-1.020000000e-01	2.723279621e+00	-5.722821439e-03	4.217323869e-23
-1.030000000e-01	2.723291865e+00	-6.071697466e-03	9.812284461e-23
-1.040000000e-01	2.723304154e+00	-6.420571737e-03	4.381855571e-23
-1.050000000e-01	2.723316487e+00	-6.769444206e-03	2.829571987e-23
-1.060000000e-01	2.723328866e+00	-7.118314878e-03	2.182554458e-23
-1.070000000e-01	2.723341288e+00	-7.467183726e-03	2.505926941e-23
-1.080000000e-01	2.723353756e+00	-7.816050735e-03	1.262572926e-23
-1.090000000e-01	2.723366268e+00	-8.164915882e-03	4.409696294e-23
-1.100000000e-01	2.723378825e+00	-8.513779162e-03	5.441144397e-23
-1.110000000e-01	2.723391427e+00	-8.862640551e-03	3.742239263e-23
-1.120000000e-01	2.723404073e+00	-9.211500022e-03	9.267896953e-23
-1.130000000e-01	2.723416764e+00	-9.560357579e-03	3.701322640e-23
-1.140000000e-01	2.723429500e+00	-9.909213191e-03	1.171681917e-22
-1.150000000e-01	2.723442280e+00	-1.025806684e-02	1.443560894e-23
-1.160000000e-01	2.723455105e+00	-1.060691851e-02	6.632537150e-23
-1.170000000e-01	2.723467975e+00	-1.095576819e-02	3.698623632e-23
-1.180000000e-01	2.723480889e+00	-1.130461586e-02	2.376045929e-23
-1.190000000e-01	2.723493849e+00	-1.165346150e-02	1.019177216e-23
-1.200000000e-01	2.723506852e+00	-1.200230510e-02	9.545323469e-23
-1.210000000e-01	2.723519901e+00	-1.235114662e-02	3.779805488e-23
-1.220000000e-01	2.723532994e+00	-1.269998608e-02	7.772915088e-23
-1.230000000e-01	2.723546132e+00	-1.304882344e-02	1.932814658e-23
-1.240000000e-01	2.723559314e+00	-1.339765867e-02	2.541493694e-23
-1.250000000e-01	2.723572541e+00	-1.374649179e-02	4.601410221e-23
-1.260000000e-01	2.723585813e+00	-1.409532275e-02	1.834637524e-23
-1.270000000e-01	2.723599130e+00	-1.444415155e-02	9.182902685e-24
-1.280000000e-01	2.723612491e+00	-1.479297816e-02	7.850360232e-23
-1.290000000e-01	2.723625897e+00	-1.514180258e-02	3.122947221e-23
-1.300000000e-01	2.723639347e+00	-1.549062478e-02	4.439216505e-23
-1.310000000e-01	2.723652842e+00	-1.583944474e-02	2.184695121e-23
-1.320000000e-01	2.723666382e+00	-1.618826246e-02	5.290290367e-23
-1.330000000e-01	2.723679967e+00	-1.653707790e-02	3.042695897e-23
-1.340000000e-01	2.723693596e+00	-1.688589106e-02	4.652251016e-23
-1.350000000e-01	2.723707269e+00	-1.723470191e-02	1.764042534e-23
-1.360000000e-01	2.723720988e+00	-1.758351045e-02	6.095616659e-23
-1.370000000e-01	2.723734751e+00	-1.793231666e-02	1.332856048e-23
-1.380000000e-01	2.723748559e+00	-1.828112051e-02	4.244778781e-23
-1.390000000e-01	2.723762411e+00	-1.862992198e-02	3.060603133e-23
-1.400000000e-01	2.723776308e+00	-1.897872107e-02	2.116654591e-23
-1.410000000e-01	2.723790250e+00	-1.932751776e-02	8.316782953e-23
-1.420000000e-01	2.723804236e+00	-1.967631202e-02	3.160716220e-23
-1.430000000e-01	2.723818267e+00	-2.002510383e-02	4.108443562e-23
-1.440000000e-01	2.723832343e+00	-2.037389320e-02	6.653597987e-23
-1.450000000e-01	2.723846463e+00	-2.072268009e-02	1.273468773e-23
-1.460000000e-01	2.723860628e+00	-2.107146450e-02	3.665244568e-23
-1.470000000e-01	2.723874837e+00	-2.142024639e-02	4.762215183e-23
-1.480000000e-01	2.723889092e+00	-2.176902576e-02	4.404718657e-23
-1.490000000e-01	2.723903390e+00	-2.211780259e-02	2.989220081e-23
-1.500000000e-01	2.723917734e+00	-2.246657685e-02	4.060597459e-23
-1.510000000e-01	2.723932122e+00	-2.281534855e-02	5.959873177e-23
-1.520000000e-01	2.723946555e+00	-2.316411765e-02	3.700014613e-23
-1.530000000e-01	2.723961032e+00	-2.351288413e-02	7.055394098e-23
-1.540000000e-01	2.723975554e+00	-2.386164799e-02	1.413397924e-23
-1.550000000e-01	2.723990121e+00	-2.421040921e-02	9.389904684e-23
-1.560000000e-01	2.724004732e+00	-2.455916776e-02	4.748962322e-24
-1.570000000e-01	2.724019388e+00	-2.490792363e-02	4.435562035e-23
-1.580000000e-01	2.724034088e+00	-2.525667682e-02	8.054308898e-23
-1.590000000e-01	2.724048833e+00	-2.560542728e-02	6.255953917e-23
-1.600000000e-01	2.724063623e+00	-2.595417502e-02	9.473900011e-23
-1.610000000e-01	2.724078457e+00	-2.630292001e-02	2.162097718e-23
-1.620000000e-01	2.724093336e+00	-2.665166224e-02	7.517862245e-23
-1.630000000e-01	2.724108260e+00	-2.700040168e-02	6.500842932e-24
-1.640000000e-01	2.724123228e+00	-2.734913833e-02	3.765147275e-23
-1.650000000e-01	2.724138240e+00	-2.769787216e-02	8.460091072e-23
-1.660000000e-01	2.724153298e+00	-2.804660315e-02	4.343105566e-24
-1.670000000e-01	2.724168400e+00	-2.839533130e-02	4.199425105e-23
-1.680000000e-01	2.724183546e+00	-2.874405658e-02	4.308255126e-23
-1.690000000e-01	2.724198737e+00	-2.909277898e-02	9.684041879e-23
-1.700000000e-01	2.724213973e+00	-2.944149848e-02	1.113130827e-23
-1.710000000e-01	2.724229254e+00	-2.979021506e-02	6.061255015e-23
-1.720000000e-01	2.724244578e+00	-3.013892870e-02	2.671569961e-23
-1.730000000e-01	2.724259948e+00	-3.048763939e-02	2.245707696e-23
-1.740000000e-01	2.724275362e+00	-3.083634712e-02	6.254391815e-23
-1.750000000e-01	2.724290821e+00	-3.118505186e-02	2.803909161e-23
-1.760000000e-01	2.724306324e+00	-3.153375359e-02	5.440040586e-23
-1.770000000e-01	2.724321872e+00	-3.188245230e-02	3.085664921e-23
-1.780000000e-01	2.724337464e+00	-3.223114798e-02	3.491248351e-23
-1.790000000e-01	2.724353102e+00	-3.257984060e-02	4.989387958e-23
-1.800000000e-01	2.724368783e+00	-3.292853015e-02	5.430862476e-23
-1.810000000e-01	2.724384509e+00	-3.327721661e-02	1.179693701e-22
-1.820000000e-01	2.724400280e+00	-3.362589997e-02	9.164127195e-24
-1.830000000e-01	2.724416096e+00	-3.397458021e-02	2.970231232e-23
-1.840000000e-01	2.724431955e+00	-3.432325729e-02	4.435825383e-23
-1.850000000e-01	2.724447860e+00	-3.467193123e-02	9.369852766e-24
-1.860000000e-01	2.724463809e+00	-3.502060200e-02	1.958750913e-23
-1.870000000e-01	2.724479803e+00	-3.536926957e-02	1.891966361e-23
-1.880000000e-01	2.724495841e+00	-3.571793394e-02	4.307244574e-23
-1.890000000e-01	2.724511924e+00	-3.606659508e-02	5.119759399e-23
-1.900000000e-01	2.724528051e+00	-3.641525298e-02	5.727674398e-23
-1.910000000e-01	2.724544223e+00	-3.676390762e-02	4.102963177e-23
-1.920000000e-01	2.724560439e+00	-3.711255898e-02	8.197820048e-23
-1.930000000e-01	2.724576700e+00	-3.746120705e-02	6.049683434e-23
-1.940000000e-01	2.724593006e+00	-3.780985181e-02	4.874712025e-24
-1.950000000e-01	2.724609356e+00	-3.815849324e-02	3.661095441e-23
-1.960000000e-01	2.724625750e+00	-3.850713133e-02	1.346278207e-23
-1.970000000e-01	2.724642190e+00	-3.885576606e-02	2.954930986e-23
-1.980000000e-01	2.724658673e+00	-3.920439741e-02	1.392185588e-23
-1.990000000e-01	2.724675201e+00	-3.955302537e-02	3.212686157e-23
-2.000000000e-01	2.724691774e+00	-3.990164991e-02	9.005469741e-23
-2.010000000e-01	2.724708392e+00	-4.025027103e-02	1.154066157e-23
-2.020000000e-01	2.724725053e+00	-4.059888869e-02	1.467330499e-23
-2.030000000e-01	2.724741760e+00	-4.094750290e-02	4.092424247e-23
-2.040000000e-01	2.724758511e+00	-4.129611362e-02	4.265318178e-23
-2.050000000e-01	2.724775306e+00	-4.164472086e-02	7.993699693e-23
-2.060000000e-01	2.724792146e+00	-4.199332457e-02	2.566686967e-23
-2.070000000e-01	2.724809031e+00	-4.234192475e-02	2.006647538e-23
-2.080000000e-01	2.724825960e+00	-4.269052138e-02	3.879126526e-23
-2.090000000e-01	2.724842933e+00	-4.303911445e-02	1.947675910e-23
-2.100000000e-01	2.724859951e+00	-4.338770394e-02	1.837333390e-23
-2.110000000e-01	2.724877014e+00	-4.373628982e-02	7.111309416e-23
-2.120000000e-01	2.724894121e+00	-4.408487209e-02	4.604852773e-23
-2.130000000e-01	2.724911272e+00	-4.443345073e-02	1.502556996e-23
-2.140000000e-01	2.724928468e+00	-4.478202572e-02	3.393275750e-23
-2.150000000e-01	2.724945709e+00	-4.513059704e-02	6.710499091e-23
-2.160000000e-01	2.724962994e+00	-4.547916467e-02	4.637945294e-23
-2.170000000e-01	2.724980324e+00	-4.582772861e-02	1.125189502e-23
-2.180000000e-01	2.724997698e+00	-4.617628883e-02	8.607293392e-23
-2.190000000e-01	2.725015116e+00	-4.652484531e-02	6.730435159e-23
-2.200000000e-01	2.725032579e+00	-4.687339804e-02	1.453615816e-23
-2.210000000e-01	2.725050087e+00	-4.722194700e-02	1.314805038e-23
-2.220000000e-01	2.725067639e+00	-4.757049218e-02	5.602545577e-23
-2.230000000e-01	2.725085236e+00	-4.791903355e-02	6.630872346e-24
-2.240000000e-01	2.725102877e+00	-4.826757110e-02	3.172812943e-23
-2.250000000e-01	2.725120562e+00	-4.861610481e-02	5.527806051e-23
-2.260000000e-01	2.725138292e+00	-4.896463468e-02	4.116976849e-23
-2.270000000e-01	2.725156066e+00	-4.931316067e-02	3.719343070e-23
-2.280000000e-01	2.725173885e+00	-4.966168277e-02	4.353437388e-23
-2.290000000e-01	2.725191749e+00	-5.001020097e-02	5.005142091e-23
-2.300000000e-01	2.725209657e+00	-5.035871524e-02	8.022339375e-23
-2.310000000e-01	2.725227609e+00	-5.070722558e-02	7.924777661e-23
-2.320000000e-01	2.725245606e+00	-5.105573196e-02	2.335051060e-23
-2.330000000e-01	2.725263647e+00	-5.140423437e-02	7.505200618e-23
-2.340000000e-01	2.725281733e+00	-5.175273279e-02	1.756236113e-23
-2.350000000e-01	2.725299863e+00	-5.210122720e-02	2.290653701e-23
-2.360000000e-01	2.725318037e+00	-5.244971759e-02	3.637959313e-23
-2.370000000e-01	2.725336256e+00	-5.279820394e-02	3.754396380e-23
-2.380000000e-01	2.725354520e+00	-5.314668624e-02	1.207167183e-23
-2.390000000e-01	2.725372828e+00	-5.349516445e-02	8.322161921e-23
-2.400000000e-01	2.725391180e+00	-5.384363858e-02	3.003935734e-23
-2.410000000e-01	2.725409577e+00	-5.419210860e-02	2.716270154e-23
-2.420000000e-01	2.725428018e+00	-5.454057449e-02	6.806856538e-23
-2.430000000e-01	2.725446504e+00	-5.488903624e-02	5.696541443e-23
-2.440000000e-01	2.725465034e+00	-5.523749384e-02	3.627910735e-23
-2.450000000e-01	2.725483609e+00	-5.558594726e-02	7.279705063e-23
-2.460000000e-01	2.725502228e+00	-5.593439648e-02	5.941650632e-23
-2.470000000e-01	2.725520891e+00	-5.628284149e-02	1.946808901e-23
-2.480000000e-01	2.725539599e+00	-5.663128228e-02	1.618282710e-23
-2.490000000e-01	2.725558351e+00	-5.697971883e-02	5.007452265e-23
-2.500000000e-01	2.725577148e+00	-5.732815111e-02	4.070584968e-23
