# epsi_ci     Re(Lambda)      Im(Lambda)      Eq(det), R = 0.10 $\mu$m, $E_p$ = 0.900 eV, modo = 4, $\epsilon_\infty$ = 3.9, $\gamma_{DL}$ = 0.01 eV, solve_det_sinkz_vs_mu.py
0.000000000e+00	2.722265671e+00	2.986870852e-02	6.715637266e-23
-1.000000000e-03	2.722273352e+00	2.951974212e-02	2.615677329e-23
-2.000000000e-03	2.722281078e+00	2.917077573e-02	6.399854106e-23
-3.000000000e-03	2.722288849e+00	2.882180938e-02	7.373360644e-23
-4.000000000e-03	2.722296664e+00	2.847284308e-02	4.004421679e-23
-5.000000000e-03	2.722304524e+00	2.812387685e-02	9.665412364e-23
-6.000000000e-03	2.722312429e+00	2.777491071e-02	7.470914632e-23
-7.000000000e-03	2.722320378e+00	2.742594467e-02	4.815449589e-23
-8.000000000e-03	2.722328373e+00	2.707697875e-02	1.206974279e-22
-9.000000000e-03	2.722336412e+00	2.672801297e-02	4.343336669e-23
-1.000000000e-02	2.722344495e+00	2.637904734e-02	6.832016031e-23
-1.100000000e-02	2.722352624e+00	2.603008188e-02	1.137675715e-22
-1.200000000e-02	2.722360797e+00	2.568111662e-02	1.790499714e-23
-1.300000000e-02	2.722369015e+00	2.533215156e-02	2.579433142e-23
-1.400000000e-02	2.722377278e+00	2.498318673e-02	1.359743813e-22
-1.500000000e-02	2.722385586e+00	2.463422213e-02	2.652871395e-23
-1.600000000e-02	2.722393938e+00	2.428525780e-02	8.412012562e-23
-1.700000000e-02	2.722402335e+00	2.393629374e-02	1.338428037e-22
-1.800000000e-02	2.722410777e+00	2.358732997e-02	5.937617904e-23
-1.900000000e-02	2.722419264e+00	2.323836651e-02	1.732395370e-22
-2.000000000e-02	2.722427795e+00	2.288940338e-02	5.897378401e-23
-2.100000000e-02	2.722436371e+00	2.254044060e-02	1.408633826e-22
-2.200000000e-02	2.722444992e+00	2.219147817e-02	4.200210596e-23
-2.300000000e-02	2.722453658e+00	2.184251612e-02	1.093236743e-22
-2.400000000e-02	2.722462368e+00	2.149355447e-02	7.590080181e-23
-2.500000000e-02	2.722471123e+00	2.114459323e-02	2.139459719e-23
-2.600000000e-02	2.722479923e+00	2.079563242e-02	8.985048654e-23
-2.700000000e-02	2.722488768e+00	2.044667206e-02	5.669724467e-23
-2.800000000e-02	2.722497657e+00	2.009771217e-02	6.811701763e-23
-2.900000000e-02	2.722506591e+00	1.974875276e-02	3.192112268e-23
-3.000000000e-02	2.722515570e+00	1.939979384e-02	1.114454659e-22
-3.100000000e-02	2.722524594e+00	1.905083545e-02	1.698863786e-22
-3.200000000e-02	2.722533662e+00	1.870187758e-02	8.486002705e-23
-3.300000000e-02	2.722542775e+00	1.835292027e-02	2.979549102e-23
-3.400000000e-02	2.722551933e+00	1.800396352e-02	1.277195912e-22
-3.500000000e-02	2.722561136e+00	1.765500736e-02	8.304120434e-23
-3.600000000e-02	2.722570383e+00	1.730605180e-02	1.538342376e-22
-3.700000000e-02	2.722579675e+00	1.695709686e-02	1.473601256e-22
-3.800000000e-02	2.722589012e+00	1.660814256e-02	2.336277852e-23
-3.900000000e-02	2.722598394e+00	1.625918891e-02	1.274270184e-22
-4.000000000e-02	2.722607820e+00	1.591023593e-02	5.018736723e-23
-4.100000000e-02	2.722617291e+00	1.556128365e-02	8.910141962e-23
-4.200000000e-02	2.722626807e+00	1.521233206e-02	7.336521541e-23
-4.300000000e-02	2.722636368e+00	1.486338120e-02	5.808418829e-23
-4.400000000e-02	2.722645973e+00	1.451443108e-02	2.449766789e-22
-4.500000000e-02	2.722655623e+00	1.416548172e-02	1.243185132e-22
-4.600000000e-02	2.722665318e+00	1.381653313e-02	1.288416576e-23
-4.700000000e-02	2.722675058e+00	1.346758533e-02	1.780860482e-22
-4.800000000e-02	2.722684842e+00	1.311863834e-02	7.827006030e-23
-4.900000000e-02	2.722694671e+00	1.276969218e-02	8.768938380e-23
-5.000000000e-02	2.722704545e+00	1.242074685e-02	3.282125777e-22
-5.100000000e-02	2.722714463e+00	1.207180240e-02	9.667411325e-23
-5.200000000e-02	2.722724427e+00	1.172285882e-02	2.474014996e-22
-5.300000000e-02	2.722734435e+00	1.137391613e-02	1.594319611e-23
-5.400000000e-02	2.722744488e+00	1.102497436e-02	8.612942079e-23
-5.500000000e-02	2.722754585e+00	1.067603351e-02	1.053797256e-22
-5.600000000e-02	2.722764727e+00	1.032709361e-02	5.401058751e-23
-5.700000000e-02	2.722774914e+00	9.978154677e-03	6.986574031e-23
-5.800000000e-02	2.722785146e+00	9.629216719e-03	1.562240739e-22
-5.900000000e-02	2.722795422e+00	9.280279765e-03	1.063165354e-22
-6.000000000e-02	2.722805744e+00	8.931343820e-03	8.221866651e-23
-6.100000000e-02	2.722816110e+00	8.582408913e-03	3.841841192e-23
-6.200000000e-02	2.722826520e+00	8.233475055e-03	1.554510207e-23
-6.300000000e-02	2.722836976e+00	7.884542255e-03	2.186662797e-22
-6.400000000e-02	2.722847476e+00	7.535610548e-03	7.599345125e-23
-6.500000000e-02	2.722858021e+00	7.186679942e-03	2.606805139e-23
-6.600000000e-02	2.722868610e+00	6.837750450e-03	5.277873116e-23
-6.700000000e-02	2.722879245e+00	6.488822101e-03	1.162789912e-22
-6.800000000e-02	2.722889924e+00	6.139894900e-03	1.531424193e-22
-6.900000000e-02	2.722900648e+00	5.790968863e-03	7.785908281e-23
-7.000000000e-02	2.722911416e+00	5.442044017e-03	4.503495645e-23
-7.100000000e-02	2.722922229e+00	5.093120381e-03	1.027419704e-22
-7.200000000e-02	2.722933087e+00	4.744197958e-03	1.129062364e-22
-7.300000000e-02	2.722943990e+00	4.395276776e-03	7.210099445e-23
-7.400000000e-02	2.722954937e+00	4.046356856e-03	5.228981326e-23
-7.500000000e-02	2.722965930e+00	3.697438201e-03	3.053744751e-23
-7.600000000e-02	2.722976967e+00	3.348520842e-03	4.857402609e-23
-7.700000000e-02	2.722988048e+00	2.999604788e-03	1.272467311e-22
-7.800000000e-02	2.722999174e+00	2.650690056e-03	5.288704018e-24
-7.900000000e-02	2.723010346e+00	2.301776668e-03	7.460615709e-23
-8.000000000e-02	2.723021561e+00	1.952864637e-03	7.420894804e-23
-8.100000000e-02	2.723032822e+00	1.603953982e-03	1.556156993e-22
-8.200000000e-02	2.723044127e+00	1.255044729e-03	5.292068253e-23
-8.300000000e-02	2.723055477e+00	9.061368805e-04	1.042067818e-22
-8.400000000e-02	2.723066872e+00	5.572304509e-04	1.381906339e-22
-8.500000000e-02	2.723078311e+00	2.083254810e-04	5.273662709e-23
-8.600000000e-02	2.723089795e+00	-1.405780346e-04	3.472818240e-23
-8.700000000e-02	2.723101324e+00	-4.894800709e-04	1.006655798e-22
-8.800000000e-02	2.723112897e+00	-8.383806153e-04	1.067246810e-22
-8.900000000e-02	2.723124516e+00	-1.187279639e-03	8.014987754e-24
-9.000000000e-02	2.723136179e+00	-1.536177135e-03	1.915668397e-22
-9.100000000e-02	2.723147886e+00	-1.885073076e-03	1.438243538e-22
-9.200000000e-02	2.723159639e+00	-2.233967466e-03	6.789477623e-23
-9.300000000e-02	2.723171436e+00	-2.582860267e-03	1.257850896e-22
-9.400000000e-02	2.723183277e+00	-2.931751469e-03	1.084797514e-22
-9.500000000e-02	2.723195164e+00	-3.280641047e-03	7.568284902e-23
-9.600000000e-02	2.723207095e+00	-3.629528998e-03	8.668758888e-23
-9.700000000e-02	2.723219071e+00	-3.978415297e-03	1.933364779e-22
-9.800000000e-02	2.723231092e+00	-4.327299933e-03	2.015081586e-22
-9.900000000e-02	2.723243157e+00	-4.676182878e-03	5.871202675e-23
-1.000000000e-01	2.723255267e+00	-5.025064123e-03	9.190338825e-23
-1.010000000e-01	2.723267422e+00	-5.373943647e-03	1.205255394e-22
-1.020000000e-01	2.723279621e+00	-5.722821439e-03	8.994762178e-23
-1.030000000e-01	2.723291865e+00	-6.071697466e-03	2.088508541e-22
-1.040000000e-01	2.723304154e+00	-6.420571730e-03	9.417939478e-23
-1.050000000e-01	2.723316487e+00	-6.769444208e-03	2.520323463e-23
-1.060000000e-01	2.723328866e+00	-7.118314872e-03	3.284505086e-22
-1.070000000e-01	2.723341288e+00	-7.467183724e-03	9.131675131e-23
-1.080000000e-01	2.723353756e+00	-7.816050735e-03	5.956086187e-23
-1.090000000e-01	2.723366268e+00	-8.164915886e-03	9.354576207e-23
-1.100000000e-01	2.723378825e+00	-8.513779160e-03	9.656147560e-23
-1.110000000e-01	2.723391427e+00	-8.862640545e-03	9.706927527e-23
-1.120000000e-01	2.723404073e+00	-9.211500028e-03	1.054055795e-22
-1.130000000e-01	2.723416764e+00	-9.560357581e-03	4.777990180e-23
-1.140000000e-01	2.723429500e+00	-9.909213187e-03	1.098578393e-22
-1.150000000e-01	2.723442280e+00	-1.025806684e-02	1.131852372e-22
-1.160000000e-01	2.723455105e+00	-1.060691851e-02	4.915336028e-23
-1.170000000e-01	2.723467975e+00	-1.095576819e-02	5.860947329e-23
-1.180000000e-01	2.723480889e+00	-1.130461586e-02	2.479818588e-22
-1.190000000e-01	2.723493849e+00	-1.165346150e-02	1.100323830e-22
-1.200000000e-01	2.723506852e+00	-1.200230509e-02	8.157105021e-23
-1.210000000e-01	2.723519901e+00	-1.235114663e-02	1.112876790e-22
-1.220000000e-01	2.723532994e+00	-1.269998608e-02	1.280180183e-22
-1.230000000e-01	2.723546132e+00	-1.304882344e-02	1.141709680e-22
-1.240000000e-01	2.723559314e+00	-1.339765868e-02	6.249526271e-23
-1.250000000e-01	2.723572541e+00	-1.374649178e-02	1.513455016e-22
-1.260000000e-01	2.723585813e+00	-1.409532275e-02	2.331957973e-22
-1.270000000e-01	2.723599130e+00	-1.444415154e-02	1.631793855e-22
-1.280000000e-01	2.723612491e+00	-1.479297816e-02	9.567106224e-23
-1.290000000e-01	2.723625897e+00	-1.514180258e-02	1.121205612e-22
-1.300000000e-01	2.723639347e+00	-1.549062477e-02	1.145959015e-22
-1.310000000e-01	2.723652842e+00	-1.583944474e-02	9.233953265e-23
-1.320000000e-01	2.723666382e+00	-1.618826246e-02	7.631975614e-23
-1.330000000e-01	2.723679967e+00	-1.653707790e-02	1.916849664e-22
-1.340000000e-01	2.723693596e+00	-1.688589106e-02	1.530449806e-23
-1.350000000e-01	2.723707269e+00	-1.723470192e-02	5.352655896e-23
-1.360000000e-01	2.723720988e+00	-1.758351046e-02	3.447557065e-23
-1.370000000e-01	2.723734751e+00	-1.793231665e-02	2.208926022e-22
-1.380000000e-01	2.723748559e+00	-1.828112050e-02	7.435705396e-23
-1.390000000e-01	2.723762411e+00	-1.862992198e-02	1.230562616e-22
-1.400000000e-01	2.723776308e+00	-1.897872107e-02	7.436302074e-23
-1.410000000e-01	2.723790250e+00	-1.932751775e-02	2.845753860e-23
-1.420000000e-01	2.723804236e+00	-1.967631201e-02	1.259741714e-22
-1.430000000e-01	2.723818267e+00	-2.002510384e-02	6.621301268e-23
-1.440000000e-01	2.723832343e+00	-2.037389320e-02	1.486844646e-22
-1.450000000e-01	2.723846463e+00	-2.072268009e-02	3.133048086e-23
-1.460000000e-01	2.723860628e+00	-2.107146449e-02	7.029991738e-23
-1.470000000e-01	2.723874837e+00	-2.142024639e-02	1.288756713e-22
-1.480000000e-01	2.723889092e+00	-2.176902576e-02	1.037578512e-22
-1.490000000e-01	2.723903390e+00	-2.211780258e-02	6.029668851e-23
-1.500000000e-01	2.723917734e+00	-2.246657686e-02	1.433084816e-22
-1.510000000e-01	2.723932122e+00	-2.281534855e-02	5.503955436e-23
-1.520000000e-01	2.723946555e+00	-2.316411765e-02	1.044830375e-22
-1.530000000e-01	2.723961032e+00	-2.351288413e-02	1.239091022e-22
-1.540000000e-01	2.723975554e+00	-2.386164799e-02	1.810384660e-23
-1.550000000e-01	2.723990121e+00	-2.421040921e-02	1.942145391e-22
-1.560000000e-01	2.724004732e+00	-2.455916776e-02	2.084751022e-23
-1.570000000e-01	2.724019388e+00	-2.490792364e-02	9.653180903e-23
-1.580000000e-01	2.724034088e+00	-2.525667682e-02	9.751335366e-23
-1.590000000e-01	2.724048833e+00	-2.560542729e-02	1.195035459e-22
-1.600000000e-01	2.724063623e+00	-2.595417502e-02	7.771705907e-23
-1.610000000e-01	2.724078457e+00	-2.630292001e-02	5.823072029e-23
-1.620000000e-01	2.724093336e+00	-2.665166223e-02	1.747088585e-22
-1.630000000e-01	2.724108260e+00	-2.700040168e-02	1.470076398e-22
-1.640000000e-01	2.724123228e+00	-2.734913832e-02	6.709622460e-23
-1.650000000e-01	2.724138240e+00	-2.769787216e-02	9.778703477e-23
-1.660000000e-01	2.724153298e+00	-2.804660315e-02	5.144542532e-23
-1.670000000e-01	2.724168400e+00	-2.839533130e-02	5.670511362e-23
-1.680000000e-01	2.724183546e+00	-2.874405659e-02	1.318630993e-22
-1.690000000e-01	2.724198737e+00	-2.909277898e-02	9.702599932e-23
-1.700000000e-01	2.724213973e+00	-2.944149848e-02	7.907631608e-23
-1.710000000e-01	2.724229254e+00	-2.979021506e-02	1.886185675e-23
-1.720000000e-01	2.724244578e+00	-3.013892870e-02	6.631593173e-23
-1.730000000e-01	2.724259948e+00	-3.048763940e-02	9.200573725e-23
-1.740000000e-01	2.724275362e+00	-3.083634712e-02	9.552256932e-23
-1.750000000e-01	2.724290821e+00	-3.118505186e-02	1.416694110e-22
-1.760000000e-01	2.724306324e+00	-3.153375359e-02	8.514999978e-23
-1.770000000e-01	2.724321872e+00	-3.188245230e-02	4.115596863e-23
-1.780000000e-01	2.724337464e+00	-3.223114798e-02	1.200588803e-22
-1.790000000e-01	2.724353102e+00	-3.257984060e-02	1.401614643e-22
-1.800000000e-01	2.724368783e+00	-3.292853015e-02	1.605094393e-22
-1.810000000e-01	2.724384509e+00	-3.327721662e-02	4.988507813e-23
-1.820000000e-01	2.724400280e+00	-3.362589997e-02	4.710491437e-23
-1.830000000e-01	2.724416096e+00	-3.397458020e-02	5.408382629e-23
-1.840000000e-01	2.724431955e+00	-3.432325730e-02	8.244947355e-23
-1.850000000e-01	2.724447860e+00	-3.467193124e-02	9.296209311e-23
-1.860000000e-01	2.724463809e+00	-3.502060200e-02	3.241655177e-23
-1.870000000e-01	2.724479803e+00	-3.536926957e-02	3.092839919e-23
-1.880000000e-01	2.724495841e+00	-3.571793394e-02	5.097189537e-23
-1.890000000e-01	2.724511924e+00	-3.606659508e-02	8.806915914e-23
-1.900000000e-01	2.724528051e+00	-3.641525298e-02	1.036795578e-22
-1.910000000e-01	2.724544223e+00	-3.676390762e-02	5.318512857e-23
-1.920000000e-01	2.724560439e+00	-3.711255898e-02	2.300804359e-23
-1.930000000e-01	2.724576700e+00	-3.746120705e-02	8.961931469e-23
-1.940000000e-01	2.724593006e+00	-3.780985181e-02	6.113975631e-23
-1.950000000e-01	2.724609356e+00	-3.815849324e-02	5.436970211e-23
-1.960000000e-01	2.724625750e+00	-3.850713134e-02	8.320612887e-23
-1.970000000e-01	2.724642190e+00	-3.885576607e-02	1.585602255e-23
-1.980000000e-01	2.724658673e+00	-3.920439741e-02	4.051610375e-23
-1.990000000e-01	2.724675201e+00	-3.955302537e-02	5.159403603e-23
-2.000000000e-01	2.724691774e+00	-3.990164991e-02	1.848823103e-22
-2.010000000e-01	2.724708392e+00	-4.025027103e-02	1.530185719e-23
-2.020000000e-01	2.724725053e+00	-4.059888869e-02	2.389989027e-23
-2.030000000e-01	2.724741760e+00	-4.094750290e-02	1.506010512e-22
-2.040000000e-01	2.724758511e+00	-4.129611362e-02	9.160920564e-23
-2.050000000e-01	2.724775306e+00	-4.164472085e-02	9.486177746e-23
-2.060000000e-01	2.724792146e+00	-4.199332457e-02	5.002118692e-23
-2.070000000e-01	2.724809031e+00	-4.234192475e-02	7.230361870e-23
-2.080000000e-01	2.724825960e+00	-4.269052138e-02	1.287071403e-22
-2.090000000e-01	2.724842933e+00	-4.303911445e-02	9.147744123e-23
-2.100000000e-01	2.724859951e+00	-4.338770394e-02	5.741272522e-23
-2.110000000e-01	2.724877014e+00	-4.373628982e-02	6.907094068e-23
-2.120000000e-01	2.724894121e+00	-4.408487210e-02	8.818730166e-23
-2.130000000e-01	2.724911272e+00	-4.443345073e-02	1.068325120e-22
-2.140000000e-01	2.724928468e+00	-4.478202572e-02	5.820969482e-23
-2.150000000e-01	2.724945709e+00	-4.513059704e-02	1.901358157e-22
-2.160000000e-01	2.724962994e+00	-4.547916467e-02	9.495889137e-23
-2.170000000e-01	2.724980324e+00	-4.582772861e-02	1.034192282e-22
-2.180000000e-01	2.724997698e+00	-4.617628883e-02	1.440393160e-22
-2.190000000e-01	2.725015116e+00	-4.652484531e-02	4.815952352e-23
-2.200000000e-01	2.725032579e+00	-4.687339804e-02	1.092827986e-22
-2.210000000e-01	2.725050087e+00	-4.722194700e-02	1.507815390e-22
-2.220000000e-01	2.725067639e+00	-4.757049218e-02	8.858109262e-23
-2.230000000e-01	2.725085236e+00	-4.791903355e-02	1.650020869e-23
-2.240000000e-01	2.725102877e+00	-4.826757110e-02	7.874183618e-23
-2.250000000e-01	2.725120562e+00	-4.861610482e-02	6.003606547e-23
-2.260000000e-01	2.725138292e+00	-4.896463467e-02	4.625450649e-23
-2.270000000e-01	2.725156066e+00	-4.931316066e-02	5.784558370e-23
-2.280000000e-01	2.725173885e+00	-4.966168277e-02	5.228992363e-23
-2.290000000e-01	2.725191749e+00	-5.001020097e-02	1.185931212e-22
-2.300000000e-01	2.725209657e+00	-5.035871524e-02	1.400764031e-22
-2.310000000e-01	2.725227609e+00	-5.070722558e-02	1.304979696e-22
-2.320000000e-01	2.725245606e+00	-5.105573196e-02	5.941017678e-23
-2.330000000e-01	2.725263647e+00	-5.140423437e-02	1.431227123e-22
-2.340000000e-01	2.725281733e+00	-5.175273279e-02	2.912978499e-23
-2.350000000e-01	2.725299863e+00	-5.210122721e-02	3.077109596e-23
-2.360000000e-01	2.725318037e+00	-5.244971759e-02	1.154326383e-22
-2.370000000e-01	2.725336256e+00	-5.279820395e-02	1.061341728e-22
-2.380000000e-01	2.725354520e+00	-5.314668624e-02	7.263330964e-23
-2.390000000e-01	2.725372828e+00	-5.349516445e-02	2.524507151e-22
-2.400000000e-01	2.725391180e+00	-5.384363858e-02	8.365917532e-23
-2.410000000e-01	2.725409577e+00	-5.419210860e-02	3.098183749e-23
-2.420000000e-01	2.725428018e+00	-5.454057449e-02	9.134810927e-23
-2.430000000e-01	2.725446504e+00	-5.488903624e-02	7.355186529e-23
-2.440000000e-01	2.725465034e+00	-5.523749383e-02	6.632843326e-23
-2.450000000e-01	2.725483609e+00	-5.558594725e-02	1.945450155e-22
-2.460000000e-01	2.725502228e+00	-5.593439648e-02	1.344506973e-22
-2.470000000e-01	2.725520891e+00	-5.628284149e-02	5.385909425e-23
-2.480000000e-01	2.725539599e+00	-5.663128228e-02	8.604187672e-23
-2.490000000e-01	2.725558351e+00	-5.697971882e-02	4.089691356e-23
-2.500000000e-01	2.725577148e+00	-5.732815111e-02	8.389064211e-23
