# Im(epsi1)     Re(Lambda)      Im(Lambda)      Eq(det).Opt det SIN kz, R=0.5 \mum, Re(epsi1)=3.90solve_det_sinkz_vs_mu.py
0.000000000e+00	2.793613402e+01	5.513928858e-02	8.369514205e-12
-1.000000000e-04	2.793613465e+01	5.485490135e-02	9.989017925e-12
-2.000000000e-04	2.793613527e+01	5.457051411e-02	8.438498499e-12
-3.000000000e-04	2.793613590e+01	5.428612688e-02	9.624970448e-12
-4.000000000e-04	2.793613653e+01	5.400173965e-02	1.104078225e-11
-5.000000000e-04	2.793613716e+01	5.371735242e-02	8.332498508e-12
-6.000000000e-04	2.793613779e+01	5.343296519e-02	7.228693586e-12
-7.000000000e-04	2.793613843e+01	5.314857796e-02	1.375588305e-11
-8.000000000e-04	2.793613907e+01	5.286419073e-02	1.270440735e-11
-9.000000000e-04	2.793613972e+01	5.257980350e-02	9.399414168e-12
-1.000000000e-03	2.793614036e+01	5.229541627e-02	8.001913291e-12
-1.100000000e-03	2.793614101e+01	5.201102903e-02	1.793790791e-11
-1.200000000e-03	2.793614167e+01	5.172664181e-02	1.471699886e-11
-1.300000000e-03	2.793614232e+01	5.144225457e-02	8.052422236e-12
-1.400000000e-03	2.793614298e+01	5.115786734e-02	1.011587074e-11
-1.500000000e-03	2.793614364e+01	5.087348012e-02	1.945606382e-11
-1.600000000e-03	2.793614431e+01	5.058909288e-02	1.142133989e-11
-1.700000000e-03	2.793614497e+01	5.030470565e-02	6.365955025e-12
-1.800000000e-03	2.793614564e+01	5.002031843e-02	1.467435173e-11
-1.900000000e-03	2.793614632e+01	4.973593120e-02	1.062557511e-11
-2.000000000e-03	2.793614699e+01	4.945154397e-02	8.105706053e-12
-2.100000000e-03	2.793614767e+01	4.916715675e-02	5.407546418e-12
-2.200000000e-03	2.793614835e+01	4.888276952e-02	8.902725136e-12
-2.300000000e-03	2.793614904e+01	4.859838230e-02	1.570432985e-11
-2.400000000e-03	2.793614972e+01	4.831399508e-02	1.751435961e-11
-2.500000000e-03	2.793615042e+01	4.802960785e-02	6.788385214e-12
-2.600000000e-03	2.793615111e+01	4.774522064e-02	8.128157147e-12
-2.700000000e-03	2.793615180e+01	4.746083342e-02	6.856796236e-12
-2.800000000e-03	2.793615250e+01	4.717644620e-02	7.067941762e-12
-2.900000000e-03	2.793615320e+01	4.689205899e-02	6.367399254e-12
-3.000000000e-03	2.793615391e+01	4.660767178e-02	6.086124923e-12
-3.100000000e-03	2.793615462e+01	4.632328457e-02	2.177950906e-11
-3.200000000e-03	2.793615533e+01	4.603889736e-02	8.098589257e-12
-3.300000000e-03	2.793615604e+01	4.575451016e-02	1.108971465e-11
-3.400000000e-03	2.793615676e+01	4.547012295e-02	5.561255424e-12
-3.500000000e-03	2.793615748e+01	4.518573575e-02	9.054193076e-12
-3.600000000e-03	2.793615820e+01	4.490134854e-02	1.018498713e-11
-3.700000000e-03	2.793615892e+01	4.461696135e-02	1.418166115e-11
-3.800000000e-03	2.793615965e+01	4.433257415e-02	1.121761400e-11
-3.900000000e-03	2.793616038e+01	4.404818696e-02	1.179412893e-11
-4.000000000e-03	2.793616111e+01	4.376379977e-02	1.426133539e-11
-4.100000000e-03	2.793616185e+01	4.347941259e-02	2.196774352e-11
-4.200000000e-03	2.793616259e+01	4.319502540e-02	6.673932855e-12
-4.300000000e-03	2.793616333e+01	4.291063822e-02	1.015580500e-11
-4.400000000e-03	2.793616408e+01	4.262625105e-02	6.439560360e-12
-4.500000000e-03	2.793616483e+01	4.234186387e-02	5.721432320e-12
-4.600000000e-03	2.793616558e+01	4.205747670e-02	6.590632646e-12
-4.700000000e-03	2.793616633e+01	4.177308953e-02	1.056835116e-11
-4.800000000e-03	2.793616709e+01	4.148870237e-02	8.595517497e-12
-4.900000000e-03	2.793616785e+01	4.120431521e-02	5.915657929e-12
-5.000000000e-03	2.793616861e+01	4.091992804e-02	1.810949590e-11
-5.100000000e-03	2.793616937e+01	4.063554090e-02	1.312317132e-11
-5.200000000e-03	2.793617014e+01	4.035115374e-02	1.135990776e-11
-5.300000000e-03	2.793617091e+01	4.006676660e-02	8.032937434e-12
-5.400000000e-03	2.793617169e+01	3.978237946e-02	7.669364019e-12
-5.500000000e-03	2.793617246e+01	3.949799231e-02	8.723445365e-12
-5.600000000e-03	2.793617324e+01	3.921360518e-02	1.071669683e-11
-5.700000000e-03	2.793617403e+01	3.892921805e-02	6.497875715e-12
-5.800000000e-03	2.793617481e+01	3.864483093e-02	1.728009396e-11
-5.900000000e-03	2.793617560e+01	3.836044380e-02	2.043757468e-11
-6.000000000e-03	2.793617639e+01	3.807605669e-02	7.012725207e-12
-6.100000000e-03	2.793617719e+01	3.779166957e-02	1.207697044e-11
-6.200000000e-03	2.793617798e+01	3.750728246e-02	1.626171316e-11
-6.300000000e-03	2.793617878e+01	3.722289536e-02	1.153475665e-11
-6.400000000e-03	2.793617958e+01	3.693850826e-02	6.712823271e-12
-6.500000000e-03	2.793618039e+01	3.665412117e-02	1.386820763e-11
-6.600000000e-03	2.793618120e+01	3.636973408e-02	6.073775005e-12
-6.700000000e-03	2.793618201e+01	3.608534700e-02	1.135289635e-11
-6.800000000e-03	2.793618282e+01	3.580095991e-02	1.750185682e-11
-6.900000000e-03	2.793618364e+01	3.551657284e-02	1.585553395e-11
-7.000000000e-03	2.793618446e+01	3.523218578e-02	1.436049674e-11
-7.100000000e-03	2.793618528e+01	3.494779871e-02	7.889594385e-12
-7.200000000e-03	2.793618611e+01	3.466341165e-02	7.846679690e-12
-7.300000000e-03	2.793618694e+01	3.437902460e-02	1.192972738e-11
-7.400000000e-03	2.793618777e+01	3.409463755e-02	9.595581797e-12
-7.500000000e-03	2.793618861e+01	3.381025051e-02	6.669126955e-12
-7.600000000e-03	2.793618944e+01	3.352586348e-02	1.364537031e-11
-7.700000000e-03	2.793619028e+01	3.324147645e-02	4.952078893e-12
-7.800000000e-03	2.793619113e+01	3.295708943e-02	4.665039999e-12
-7.900000000e-03	2.793619197e+01	3.267270241e-02	6.976321428e-12
-8.000000000e-03	2.793619282e+01	3.238831540e-02	1.495991334e-11
-8.100000000e-03	2.793619367e+01	3.210392840e-02	9.136472380e-12
-8.200000000e-03	2.793619453e+01	3.181954140e-02	1.295118890e-11
-8.300000000e-03	2.793619538e+01	3.153515441e-02	7.813077743e-12
-8.400000000e-03	2.793619625e+01	3.125076742e-02	5.207191225e-12
-8.500000000e-03	2.793619711e+01	3.096638044e-02	1.139630597e-11
-8.600000000e-03	2.793619797e+01	3.068199347e-02	1.575459549e-11
-8.700000000e-03	2.793619884e+01	3.039760650e-02	1.311029144e-11
-8.800000000e-03	2.793619972e+01	3.011321955e-02	7.894921371e-12
-8.900000000e-03	2.793620059e+01	2.982883259e-02	1.965099037e-11
-9.000000000e-03	2.793620147e+01	2.954444565e-02	6.594520241e-12
-9.100000000e-03	2.793620235e+01	2.926005871e-02	1.663800461e-11
-9.200000000e-03	2.793620323e+01	2.897567179e-02	1.154202614e-11
-9.300000000e-03	2.793620412e+01	2.869128487e-02	8.285530887e-12
-9.400000000e-03	2.793620501e+01	2.840689795e-02	9.355699868e-12
-9.500000000e-03	2.793620590e+01	2.812251105e-02	6.740633475e-12
-9.600000000e-03	2.793620680e+01	2.783812415e-02	1.622168201e-11
-9.700000000e-03	2.793620769e+01	2.755373725e-02	1.711138129e-11
-9.800000000e-03	2.793620859e+01	2.726935037e-02	6.164828017e-12
-9.900000000e-03	2.793620950e+01	2.698496349e-02	1.182704777e-11
-1.000000000e-02	2.793621040e+01	2.670057662e-02	7.734897404e-12
-1.010000000e-02	2.793621131e+01	2.641618976e-02	1.239002716e-11
-1.020000000e-02	2.793621223e+01	2.613180291e-02	1.234837061e-11
-1.030000000e-02	2.793621314e+01	2.584741607e-02	1.188133688e-11
-1.040000000e-02	2.793621406e+01	2.556302923e-02	9.694640764e-12
-1.050000000e-02	2.793621498e+01	2.527864240e-02	1.185275097e-11
-1.060000000e-02	2.793621590e+01	2.499425558e-02	1.049874737e-11
-1.070000000e-02	2.793621683e+01	2.470986877e-02	9.058451780e-12
-1.080000000e-02	2.793621776e+01	2.442548197e-02	5.951483293e-12
-1.090000000e-02	2.793621869e+01	2.414109517e-02	1.407253188e-11
-1.100000000e-02	2.793621963e+01	2.385670839e-02	6.649950806e-12
-1.110000000e-02	2.793622057e+01	2.357232162e-02	4.809092573e-12
-1.120000000e-02	2.793622151e+01	2.328793485e-02	1.362944491e-11
-1.130000000e-02	2.793622245e+01	2.300354809e-02	9.226871307e-12
-1.140000000e-02	2.793622340e+01	2.271916135e-02	2.112053487e-11
-1.150000000e-02	2.793622435e+01	2.243477460e-02	5.918817623e-12
-1.160000000e-02	2.793622530e+01	2.215038787e-02	9.950280158e-12
-1.170000000e-02	2.793622626e+01	2.186600115e-02	8.596288655e-12
-1.180000000e-02	2.793622722e+01	2.158161444e-02	1.247930741e-11
-1.190000000e-02	2.793622818e+01	2.129722774e-02	1.296785672e-11
-1.200000000e-02	2.793622914e+01	2.101284105e-02	7.868148524e-12
-1.210000000e-02	2.793623011e+01	2.072845437e-02	5.336535389e-12
-1.220000000e-02	2.793623108e+01	2.044406770e-02	9.607143834e-12
-1.230000000e-02	2.793623205e+01	2.015968103e-02	1.144233718e-11
-1.240000000e-02	2.793623303e+01	1.987529439e-02	1.277777230e-11
-1.250000000e-02	2.793623401e+01	1.959090774e-02	1.284214285e-11
-1.260000000e-02	2.793623499e+01	1.930652111e-02	9.302876273e-12
-1.270000000e-02	2.793623597e+01	1.902213449e-02	8.265648645e-12
-1.280000000e-02	2.793623696e+01	1.873774788e-02	6.998865760e-12
-1.290000000e-02	2.793623795e+01	1.845336127e-02	1.759973355e-11
-1.300000000e-02	2.793623894e+01	1.816897468e-02	1.428996040e-11
-1.310000000e-02	2.793623994e+01	1.788458810e-02	1.253411987e-11
-1.320000000e-02	2.793624094e+01	1.760020153e-02	1.413266315e-11
-1.330000000e-02	2.793624194e+01	1.731581498e-02	1.355167753e-11
-1.340000000e-02	2.793624295e+01	1.703142843e-02	2.095492755e-11
-1.350000000e-02	2.793624395e+01	1.674704189e-02	1.114183280e-11
-1.360000000e-02	2.793624496e+01	1.646265537e-02	1.692649624e-11
-1.370000000e-02	2.793624598e+01	1.617826886e-02	1.313561578e-11
-1.380000000e-02	2.793624699e+01	1.589388235e-02	1.115880393e-11
-1.390000000e-02	2.793624801e+01	1.560949586e-02	1.250520718e-11
-1.400000000e-02	2.793624903e+01	1.532510938e-02	6.815687713e-12
-1.410000000e-02	2.793625006e+01	1.504072292e-02	8.453475378e-12
-1.420000000e-02	2.793625109e+01	1.475633646e-02	1.761147982e-11
-1.430000000e-02	2.793625212e+01	1.447195001e-02	4.809879907e-12
-1.440000000e-02	2.793625315e+01	1.418756358e-02	1.352231185e-11
-1.450000000e-02	2.793625419e+01	1.390317716e-02	9.902503732e-12
-1.460000000e-02	2.793625523e+01	1.361879075e-02	1.345237569e-11
-1.470000000e-02	2.793625627e+01	1.333440435e-02	1.604977638e-11
-1.480000000e-02	2.793625731e+01	1.305001796e-02	9.825436527e-12
-1.490000000e-02	2.793625836e+01	1.276563159e-02	1.699772977e-11
-1.500000000e-02	2.793625941e+01	1.248124524e-02	1.691047234e-11
-1.510000000e-02	2.793626047e+01	1.219685889e-02	8.608381674e-12
-1.520000000e-02	2.793626152e+01	1.191247255e-02	1.142116101e-11
-1.530000000e-02	2.793626258e+01	1.162808622e-02	9.788371081e-12
-1.540000000e-02	2.793626364e+01	1.134369992e-02	7.094756844e-12
-1.550000000e-02	2.793626471e+01	1.105931361e-02	1.706065260e-11
-1.560000000e-02	2.793626578e+01	1.077492734e-02	1.511609658e-11
-1.570000000e-02	2.793626685e+01	1.049054106e-02	8.206722831e-12
-1.580000000e-02	2.793626792e+01	1.020615480e-02	1.257172160e-11
-1.590000000e-02	2.793626900e+01	9.921768551e-03	1.032765701e-11
-1.600000000e-02	2.793627008e+01	9.637382320e-03	8.374642880e-12
-1.610000000e-02	2.793627116e+01	9.352996103e-03	7.626085077e-12
-1.620000000e-02	2.793627225e+01	9.068609898e-03	1.241952793e-11
-1.630000000e-02	2.793627334e+01	8.784223701e-03	7.860663108e-12
-1.640000000e-02	2.793627443e+01	8.499837522e-03	4.834865454e-12
-1.650000000e-02	2.793627552e+01	8.215451354e-03	1.059018730e-11
-1.660000000e-02	2.793627662e+01	7.931065203e-03	9.667540243e-12
-1.670000000e-02	2.793627772e+01	7.646679070e-03	1.649620234e-11
-1.680000000e-02	2.793627882e+01	7.362292943e-03	1.094639498e-11
-1.690000000e-02	2.793627993e+01	7.077906830e-03	9.742063000e-12
-1.700000000e-02	2.793628103e+01	6.793520739e-03	1.336418762e-11
-1.710000000e-02	2.793628215e+01	6.509134655e-03	5.773495502e-12
-1.720000000e-02	2.793628326e+01	6.224748585e-03	2.022581740e-11
-1.730000000e-02	2.793628438e+01	5.940362529e-03	9.817786467e-12
-1.740000000e-02	2.793628550e+01	5.655976493e-03	8.376690436e-12
-1.750000000e-02	2.793628662e+01	5.371590465e-03	9.325268723e-12
-1.760000000e-02	2.793628775e+01	5.087204455e-03	9.094964365e-12
-1.770000000e-02	2.793628887e+01	4.802818460e-03	1.327316641e-11
-1.780000000e-02	2.793629001e+01	4.518432483e-03	9.494418777e-12
-1.790000000e-02	2.793629114e+01	4.234046514e-03	1.403416941e-11
-1.800000000e-02	2.793629228e+01	3.949660563e-03	1.357871989e-11
-1.810000000e-02	2.793629342e+01	3.665274627e-03	5.380518479e-12
-1.820000000e-02	2.793629456e+01	3.380888704e-03	9.450651866e-12
-1.830000000e-02	2.793629571e+01	3.096502801e-03	2.191093940e-11
-1.840000000e-02	2.793629686e+01	2.812116907e-03	1.421035686e-11
-1.850000000e-02	2.793629801e+01	2.527731034e-03	8.016892191e-12
-1.860000000e-02	2.793629916e+01	2.243345175e-03	5.798439284e-12
-1.870000000e-02	2.793630032e+01	1.958959330e-03	6.531426735e-12
-1.880000000e-02	2.793630148e+01	1.674573504e-03	8.071334924e-12
-1.890000000e-02	2.793630264e+01	1.390187689e-03	5.424446874e-12
-1.900000000e-02	2.793630381e+01	1.105801894e-03	5.145745332e-12
-1.910000000e-02	2.793630498e+01	8.214161110e-04	1.086114309e-11
-1.920000000e-02	2.793630615e+01	5.370303485e-04	2.260261776e-11
-1.930000000e-02	2.793630733e+01	2.526445970e-04	6.495921295e-12
-1.940000000e-02	2.793630850e+01	-3.174113277e-05	1.237956019e-11
-1.950000000e-02	2.793630968e+01	-3.161268563e-04	1.614685195e-11
-1.960000000e-02	2.793631087e+01	-6.005125551e-04	7.809708937e-12
-1.970000000e-02	2.793631205e+01	-8.848982382e-04	8.040998479e-12
-1.980000000e-02	2.793631324e+01	-1.169283904e-03	5.028411957e-12
-1.990000000e-02	2.793631444e+01	-1.453669558e-03	1.010336454e-11
-2.000000000e-02	2.793631563e+01	-1.738055191e-03	9.363974814e-12
-2.010000000e-02	2.793631683e+01	-2.022440805e-03	1.001585531e-11
-2.020000000e-02	2.793631803e+01	-2.306826407e-03	7.440249818e-12
-2.030000000e-02	2.793631923e+01	-2.591211989e-03	1.285553626e-11
-2.040000000e-02	2.793632044e+01	-2.875597556e-03	1.369326179e-11
-2.050000000e-02	2.793632165e+01	-3.159983110e-03	1.194845358e-11
-2.060000000e-02	2.793632286e+01	-3.444368640e-03	9.232266967e-12
-2.070000000e-02	2.793632408e+01	-3.728754159e-03	1.187358743e-11
-2.080000000e-02	2.793632530e+01	-4.013139654e-03	1.039665326e-11
-2.090000000e-02	2.793632652e+01	-4.297525136e-03	1.015051243e-11
-2.100000000e-02	2.793632774e+01	-4.581910600e-03	1.397674201e-11
-2.110000000e-02	2.793632897e+01	-4.866296040e-03	1.513221863e-11
-2.120000000e-02	2.793633020e+01	-5.150681469e-03	8.329858791e-12
-2.130000000e-02	2.793633143e+01	-5.435066880e-03	1.045189124e-11
-2.140000000e-02	2.793633266e+01	-5.719452271e-03	1.355563220e-11
-2.150000000e-02	2.793633390e+01	-6.003837647e-03	1.161524864e-11
-2.160000000e-02	2.793633514e+01	-6.288223001e-03	8.820314536e-12
-2.170000000e-02	2.793633639e+01	-6.572608337e-03	9.876042003e-12
-2.180000000e-02	2.793633764e+01	-6.856993658e-03	7.937183515e-12
-2.190000000e-02	2.793633889e+01	-7.141378958e-03	9.882880370e-12
-2.200000000e-02	2.793634014e+01	-7.425764242e-03	1.570410553e-11
-2.210000000e-02	2.793634139e+01	-7.710149507e-03	2.016125152e-11
-2.220000000e-02	2.793634265e+01	-7.994534751e-03	9.609891852e-12
-2.230000000e-02	2.793634391e+01	-8.278919978e-03	1.071247808e-11
-2.240000000e-02	2.793634518e+01	-8.563305178e-03	2.194776782e-11
-2.250000000e-02	2.793634645e+01	-8.847690374e-03	1.784997021e-11
-2.260000000e-02	2.793634772e+01	-9.132075543e-03	6.875843670e-12
-2.270000000e-02	2.793634899e+01	-9.416460693e-03	9.684420888e-12
-2.280000000e-02	2.793635026e+01	-9.700845828e-03	7.377945854e-12
-2.290000000e-02	2.793635154e+01	-9.985230940e-03	6.551145867e-12
-2.300000000e-02	2.793635282e+01	-1.026961603e-02	9.263396783e-12
-2.310000000e-02	2.793635411e+01	-1.055400111e-02	1.126576698e-11
-2.320000000e-02	2.793635540e+01	-1.083838616e-02	9.523892628e-12
-2.330000000e-02	2.793635669e+01	-1.112277119e-02	1.378017219e-11
-2.340000000e-02	2.793635798e+01	-1.140715621e-02	7.086370373e-12
-2.350000000e-02	2.793635928e+01	-1.169154121e-02	1.203124440e-11
-2.360000000e-02	2.793636057e+01	-1.197592618e-02	2.163068090e-11
-2.370000000e-02	2.793636188e+01	-1.226031114e-02	1.034755351e-11
-2.380000000e-02	2.793636318e+01	-1.254469607e-02	8.805037576e-12
-2.390000000e-02	2.793636449e+01	-1.282908099e-02	6.251246871e-12
-2.400000000e-02	2.793636580e+01	-1.311346588e-02	1.452098026e-11
-2.410000000e-02	2.793636711e+01	-1.339785077e-02	2.114581161e-11
-2.420000000e-02	2.793636843e+01	-1.368223561e-02	6.982170328e-12
-2.430000000e-02	2.793636975e+01	-1.396662045e-02	6.375533921e-12
-2.440000000e-02	2.793637107e+01	-1.425100526e-02	8.285806150e-12
-2.450000000e-02	2.793637239e+01	-1.453539006e-02	1.162604371e-11
-2.460000000e-02	2.793637372e+01	-1.481977483e-02	1.404949730e-11
-2.470000000e-02	2.793637505e+01	-1.510415958e-02	6.661139197e-12
-2.480000000e-02	2.793637639e+01	-1.538854431e-02	1.143814314e-11
-2.490000000e-02	2.793637772e+01	-1.567292902e-02	5.784935367e-12
-2.500000000e-02	2.793637906e+01	-1.595731371e-02	1.085615501e-11
-2.510000000e-02	2.793638040e+01	-1.624169838e-02	9.902185896e-12
-2.520000000e-02	2.793638175e+01	-1.652608303e-02	1.516910089e-11
-2.530000000e-02	2.793638310e+01	-1.681046766e-02	1.165572209e-11
-2.540000000e-02	2.793638445e+01	-1.709485226e-02	5.631083552e-12
-2.550000000e-02	2.793638580e+01	-1.737923684e-02	1.270548366e-11
-2.560000000e-02	2.793638716e+01	-1.766362140e-02	1.785872335e-11
-2.570000000e-02	2.793638852e+01	-1.794800594e-02	2.119521133e-11
-2.580000000e-02	2.793638988e+01	-1.823239046e-02	9.106999567e-12
-2.590000000e-02	2.793639125e+01	-1.851677496e-02	1.099590555e-11
-2.600000000e-02	2.793639261e+01	-1.880115943e-02	5.188405822e-12
-2.610000000e-02	2.793639398e+01	-1.908554388e-02	8.638311072e-12
-2.620000000e-02	2.793639536e+01	-1.936992831e-02	1.671814163e-11
-2.630000000e-02	2.793639674e+01	-1.965431272e-02	1.380730510e-11
-2.640000000e-02	2.793639811e+01	-1.993869711e-02	6.097040475e-12
-2.650000000e-02	2.793639950e+01	-2.022308147e-02	1.559552784e-11
-2.660000000e-02	2.793640088e+01	-2.050746581e-02	1.508420686e-11
-2.670000000e-02	2.793640227e+01	-2.079185013e-02	9.791716956e-12
-2.680000000e-02	2.793640366e+01	-2.107623442e-02	8.757788662e-12
-2.690000000e-02	2.793640506e+01	-2.136061869e-02	5.774512616e-12
-2.700000000e-02	2.793640645e+01	-2.164500294e-02	1.063030318e-11
-2.710000000e-02	2.793640785e+01	-2.192938717e-02	1.824309359e-11
-2.720000000e-02	2.793640926e+01	-2.221377138e-02	1.037994061e-11
-2.730000000e-02	2.793641066e+01	-2.249815555e-02	1.471377763e-11
-2.740000000e-02	2.793641207e+01	-2.278253971e-02	7.700063912e-12
-2.750000000e-02	2.793641348e+01	-2.306692384e-02	1.451841300e-11
-2.760000000e-02	2.793641490e+01	-2.335130796e-02	7.909041378e-12
-2.770000000e-02	2.793641631e+01	-2.363569205e-02	1.609135123e-11
-2.780000000e-02	2.793641773e+01	-2.392007611e-02	1.170741556e-11
-2.790000000e-02	2.793641916e+01	-2.420446015e-02	9.671093633e-12
-2.800000000e-02	2.793642058e+01	-2.448884417e-02	1.367622993e-11
-2.810000000e-02	2.793642201e+01	-2.477322816e-02	1.253134231e-11
-2.820000000e-02	2.793642344e+01	-2.505761213e-02	1.398811751e-11
-2.830000000e-02	2.793642488e+01	-2.534199608e-02	1.462677921e-11
-2.840000000e-02	2.793642631e+01	-2.562638000e-02	1.756422031e-11
-2.850000000e-02	2.793642775e+01	-2.591076390e-02	1.708820263e-11
-2.860000000e-02	2.793642920e+01	-2.619514777e-02	2.306252551e-12
-2.870000000e-02	2.793643064e+01	-2.647953162e-02	6.814482753e-12
-2.880000000e-02	2.793643209e+01	-2.676391545e-02	1.249192759e-11
-2.890000000e-02	2.793643354e+01	-2.704829924e-02	1.223183829e-11
-2.900000000e-02	2.793643500e+01	-2.733268302e-02	1.115693510e-11
-2.910000000e-02	2.793643646e+01	-2.761706677e-02	7.747721629e-12
-2.920000000e-02	2.793643792e+01	-2.790145050e-02	1.816984015e-11
-2.930000000e-02	2.793643938e+01	-2.818583420e-02	9.835373425e-12
-2.940000000e-02	2.793644085e+01	-2.847021788e-02	1.843565057e-11
-2.950000000e-02	2.793644232e+01	-2.875460153e-02	1.506205325e-11
-2.960000000e-02	2.793644379e+01	-2.903898516e-02	7.122748737e-12
-2.970000000e-02	2.793644526e+01	-2.932336875e-02	7.659876139e-12
-2.980000000e-02	2.793644674e+01	-2.960775233e-02	8.682693773e-12
-2.990000000e-02	2.793644822e+01	-2.989213588e-02	1.039852697e-11
-3.000000000e-02	2.793644970e+01	-3.017651941e-02	1.950519166e-11
-3.010000000e-02	2.793645119e+01	-3.046090291e-02	5.768580301e-12
-3.020000000e-02	2.793645268e+01	-3.074528638e-02	9.002216252e-12
-3.030000000e-02	2.793645417e+01	-3.102966983e-02	1.623411562e-11
-3.040000000e-02	2.793645567e+01	-3.131405325e-02	5.820375430e-12
-3.050000000e-02	2.793645716e+01	-3.159843665e-02	2.342388797e-11
-3.060000000e-02	2.793645867e+01	-3.188282002e-02	7.405861750e-12
-3.070000000e-02	2.793646017e+01	-3.216720337e-02	1.571879469e-11
-3.080000000e-02	2.793646168e+01	-3.245158669e-02	1.536485400e-11
-3.090000000e-02	2.793646319e+01	-3.273596998e-02	8.407051134e-12
-3.100000000e-02	2.793646470e+01	-3.302035324e-02	7.227129639e-12
-3.110000000e-02	2.793646621e+01	-3.330473648e-02	8.184564307e-12
-3.120000000e-02	2.793646773e+01	-3.358911970e-02	1.665874469e-11
-3.130000000e-02	2.793646925e+01	-3.387350289e-02	1.756038251e-11
-3.140000000e-02	2.793647078e+01	-3.415788605e-02	8.534554477e-12
-3.150000000e-02	2.793647230e+01	-3.444226918e-02	1.380889196e-11
-3.160000000e-02	2.793647383e+01	-3.472665229e-02	8.064003259e-12
-3.170000000e-02	2.793647536e+01	-3.501103536e-02	7.813739344e-12
-3.180000000e-02	2.793647690e+01	-3.529541842e-02	8.855972759e-12
-3.190000000e-02	2.793647844e+01	-3.557980144e-02	7.665528596e-12
-3.200000000e-02	2.793647998e+01	-3.586418445e-02	5.703344179e-12
-3.210000000e-02	2.793648152e+01	-3.614856742e-02	8.146815877e-12
-3.220000000e-02	2.793648307e+01	-3.643295036e-02	1.034384836e-11
-3.230000000e-02	2.793648462e+01	-3.671733327e-02	1.656815429e-11
-3.240000000e-02	2.793648617e+01	-3.700171617e-02	7.765157369e-12
-3.250000000e-02	2.793648773e+01	-3.728609903e-02	7.924885718e-12
-3.260000000e-02	2.793648929e+01	-3.757048186e-02	9.089879558e-12
-3.270000000e-02	2.793649085e+01	-3.785486467e-02	9.554578785e-12
-3.280000000e-02	2.793649241e+01	-3.813924744e-02	7.796345827e-12
-3.290000000e-02	2.793649398e+01	-3.842363020e-02	6.089898430e-12
-3.300000000e-02	2.793649555e+01	-3.870801292e-02	8.574291725e-12
-3.310000000e-02	2.793649712e+01	-3.899239561e-02	7.848611932e-12
-3.320000000e-02	2.793649870e+01	-3.927677828e-02	6.497213310e-12
-3.330000000e-02	2.793650028e+01	-3.956116091e-02	9.170836844e-12
-3.340000000e-02	2.793650186e+01	-3.984554353e-02	2.013839445e-11
-3.350000000e-02	2.793650344e+01	-4.012992611e-02	2.101636294e-11
-3.360000000e-02	2.793650503e+01	-4.041430866e-02	7.235489771e-12
-3.370000000e-02	2.793650662e+01	-4.069869119e-02	1.625126637e-11
-3.380000000e-02	2.793650821e+01	-4.098307368e-02	9.271919788e-12
-3.390000000e-02	2.793650981e+01	-4.126745614e-02	9.465843609e-12
-3.400000000e-02	2.793651141e+01	-4.155183858e-02	7.583853319e-12
-3.410000000e-02	2.793651301e+01	-4.183622099e-02	6.297771806e-12
-3.420000000e-02	2.793651462e+01	-4.212060337e-02	6.376482663e-12
-3.430000000e-02	2.793651622e+01	-4.240498571e-02	7.487428728e-12
-3.440000000e-02	2.793651783e+01	-4.268936804e-02	6.995056885e-12
-3.450000000e-02	2.793651945e+01	-4.297375033e-02	7.056229581e-12
-3.460000000e-02	2.793652106e+01	-4.325813259e-02	1.306187864e-11
-3.470000000e-02	2.793652268e+01	-4.354251482e-02	1.576144798e-11
-3.480000000e-02	2.793652430e+01	-4.382689703e-02	1.220776106e-11
-3.490000000e-02	2.793652593e+01	-4.411127920e-02	9.809696518e-12
-3.500000000e-02	2.793652756e+01	-4.439566134e-02	1.050047065e-11
-3.510000000e-02	2.793652919e+01	-4.468004346e-02	8.812913191e-12
-3.520000000e-02	2.793653082e+01	-4.496442554e-02	4.456132756e-12
-3.530000000e-02	2.793653246e+01	-4.524880759e-02	1.515167035e-11
-3.540000000e-02	2.793653410e+01	-4.553318961e-02	6.521876420e-12
-3.550000000e-02	2.793653574e+01	-4.581757161e-02	1.055443774e-11
-3.560000000e-02	2.793653738e+01	-4.610195357e-02	9.985153542e-12
-3.570000000e-02	2.793653903e+01	-4.638633550e-02	1.238037959e-11
-3.580000000e-02	2.793654068e+01	-4.667071740e-02	8.955630825e-12
-3.590000000e-02	2.793654234e+01	-4.695509927e-02	1.464049192e-11
-3.600000000e-02	2.793654399e+01	-4.723948111e-02	1.263295030e-11
-3.610000000e-02	2.793654565e+01	-4.752386292e-02	1.063179027e-11
-3.620000000e-02	2.793654731e+01	-4.780824470e-02	9.991150359e-12
-3.630000000e-02	2.793654898e+01	-4.809262645e-02	9.540642349e-12
-3.640000000e-02	2.793655065e+01	-4.837700816e-02	1.395406743e-11
-3.650000000e-02	2.793655232e+01	-4.866138985e-02	7.475822662e-12
-3.660000000e-02	2.793655399e+01	-4.894577151e-02	9.949994191e-12
-3.670000000e-02	2.793655567e+01	-4.923015313e-02	1.430055652e-11
-3.680000000e-02	2.793655735e+01	-4.951453472e-02	1.029049145e-11
-3.690000000e-02	2.793655903e+01	-4.979891629e-02	1.365961061e-11
-3.700000000e-02	2.793656072e+01	-5.008329781e-02	9.423391806e-12
-3.710000000e-02	2.793656241e+01	-5.036767931e-02	1.456470709e-11
-3.720000000e-02	2.793656410e+01	-5.065206077e-02	9.313885994e-12
-3.730000000e-02	2.793656579e+01	-5.093644221e-02	1.114415431e-11
-3.740000000e-02	2.793656749e+01	-5.122082361e-02	1.200455813e-11
-3.750000000e-02	2.793656919e+01	-5.150520498e-02	5.993969247e-12
-3.760000000e-02	2.793657089e+01	-5.178958632e-02	1.244132039e-11
-3.770000000e-02	2.793657260e+01	-5.207396762e-02	7.209258514e-12
-3.780000000e-02	2.793657430e+01	-5.235834890e-02	8.584911074e-12
-3.790000000e-02	2.793657602e+01	-5.264273014e-02	7.346290529e-12
-3.800000000e-02	2.793657773e+01	-5.292711135e-02	8.324760205e-12
-3.810000000e-02	2.793657945e+01	-5.321149252e-02	1.037123111e-11
-3.820000000e-02	2.793658117e+01	-5.349587366e-02	1.471133893e-11
-3.830000000e-02	2.793658289e+01	-5.378025478e-02	1.474689050e-11
-3.840000000e-02	2.793658462e+01	-5.406463586e-02	6.486387252e-12
-3.850000000e-02	2.793658634e+01	-5.434901690e-02	8.385659681e-12
-3.860000000e-02	2.793658808e+01	-5.463339791e-02	1.522968258e-11
-3.870000000e-02	2.793658981e+01	-5.491777889e-02	1.724892566e-11
-3.880000000e-02	2.793659155e+01	-5.520215984e-02	1.186448095e-11
-3.890000000e-02	2.793659329e+01	-5.548654075e-02	6.475609061e-12
-3.900000000e-02	2.793659503e+01	-5.577092164e-02	1.577082376e-11
-3.910000000e-02	2.793659678e+01	-5.605530248e-02	9.689557506e-12
-3.920000000e-02	2.793659853e+01	-5.633968329e-02	1.043460921e-11
-3.930000000e-02	2.793660028e+01	-5.662406407e-02	1.470446683e-11
-3.940000000e-02	2.793660203e+01	-5.690844482e-02	7.334921029e-12
-3.950000000e-02	2.793660379e+01	-5.719282553e-02	1.398428477e-11
-3.960000000e-02	2.793660555e+01	-5.747720620e-02	1.147091122e-11
-3.970000000e-02	2.793660731e+01	-5.776158685e-02	8.617063681e-12
-3.980000000e-02	2.793660908e+01	-5.804596746e-02	1.073646042e-11
-3.990000000e-02	2.793661085e+01	-5.833034804e-02	7.737126696e-12
-4.000000000e-02	2.793661262e+01	-5.861472858e-02	1.600174170e-11
