# Im(epsi1)     Re(Lambda)      Im(Lambda)      Eq(det).Opt det SIN kz, R=0.5 \mum, Re(epsi1)=3.90solve_det_sinkz_vs_mu.py
0.000000000e+00	2.103097797e+01	2.538012812e-02	5.647246802e-12
-1.000000000e-04	2.103097832e+01	2.516572445e-02	1.834938127e-11
-2.000000000e-04	2.103097867e+01	2.495132078e-02	1.767568172e-11
-3.000000000e-04	2.103097902e+01	2.473691710e-02	1.487243186e-11
-4.000000000e-04	2.103097938e+01	2.452251343e-02	1.387053023e-11
-5.000000000e-04	2.103097974e+01	2.430810976e-02	1.035867518e-11
-6.000000000e-04	2.103098009e+01	2.409370608e-02	1.057258375e-11
-7.000000000e-04	2.103098046e+01	2.387930241e-02	7.033632436e-12
-8.000000000e-04	2.103098082e+01	2.366489873e-02	1.639879337e-11
-9.000000000e-04	2.103098118e+01	2.345049505e-02	8.365554567e-12
-1.000000000e-03	2.103098155e+01	2.323609138e-02	1.143143025e-11
-1.100000000e-03	2.103098192e+01	2.302168771e-02	1.964644272e-11
-1.200000000e-03	2.103098229e+01	2.280728403e-02	1.088652731e-11
-1.300000000e-03	2.103098267e+01	2.259288035e-02	1.021364591e-11
-1.400000000e-03	2.103098304e+01	2.237847668e-02	1.888382894e-11
-1.500000000e-03	2.103098342e+01	2.216407300e-02	1.764525470e-11
-1.600000000e-03	2.103098380e+01	2.194966932e-02	9.036602195e-12
-1.700000000e-03	2.103098419e+01	2.173526565e-02	6.126913563e-12
-1.800000000e-03	2.103098457e+01	2.152086197e-02	1.843387398e-11
-1.900000000e-03	2.103098496e+01	2.130645830e-02	7.440134130e-12
-2.000000000e-03	2.103098535e+01	2.109205462e-02	5.503078751e-12
-2.100000000e-03	2.103098574e+01	2.087765095e-02	1.095331283e-11
-2.200000000e-03	2.103098613e+01	2.066324728e-02	5.753815452e-12
-2.300000000e-03	2.103098653e+01	2.044884360e-02	1.154581858e-11
-2.400000000e-03	2.103098693e+01	2.023443993e-02	7.358819657e-12
-2.500000000e-03	2.103098733e+01	2.002003626e-02	6.386451169e-12
-2.600000000e-03	2.103098773e+01	1.980563258e-02	1.234325929e-11
-2.700000000e-03	2.103098813e+01	1.959122891e-02	1.091285023e-11
-2.800000000e-03	2.103098854e+01	1.937682525e-02	2.721318314e-11
-2.900000000e-03	2.103098895e+01	1.916242158e-02	1.021922512e-11
-3.000000000e-03	2.103098936e+01	1.894801791e-02	3.626167513e-12
-3.100000000e-03	2.103098977e+01	1.873361425e-02	6.305696359e-12
-3.200000000e-03	2.103099019e+01	1.851921058e-02	1.300610555e-11
-3.300000000e-03	2.103099061e+01	1.830480692e-02	9.364672415e-12
-3.400000000e-03	2.103099102e+01	1.809040326e-02	8.192231371e-12
-3.500000000e-03	2.103099145e+01	1.787599960e-02	1.752414614e-11
-3.600000000e-03	2.103099187e+01	1.766159594e-02	5.320522865e-12
-3.700000000e-03	2.103099230e+01	1.744719228e-02	1.609762012e-11
-3.800000000e-03	2.103099273e+01	1.723278862e-02	6.200006975e-12
-3.900000000e-03	2.103099316e+01	1.701838497e-02	1.508863128e-11
-4.000000000e-03	2.103099359e+01	1.680398132e-02	1.010888611e-11
-4.100000000e-03	2.103099402e+01	1.658957767e-02	1.233995394e-11
-4.200000000e-03	2.103099446e+01	1.637517401e-02	1.293293666e-11
-4.300000000e-03	2.103099490e+01	1.616077036e-02	1.934654764e-11
-4.400000000e-03	2.103099534e+01	1.594636672e-02	6.476440897e-12
-4.500000000e-03	2.103099578e+01	1.573196308e-02	6.746545773e-12
-4.600000000e-03	2.103099623e+01	1.551755944e-02	1.652058358e-11
-4.700000000e-03	2.103099668e+01	1.530315580e-02	1.191300739e-11
-4.800000000e-03	2.103099713e+01	1.508875216e-02	4.161751920e-12
-4.900000000e-03	2.103099758e+01	1.487434853e-02	1.462915630e-11
-5.000000000e-03	2.103099804e+01	1.465994490e-02	1.503727311e-11
-5.100000000e-03	2.103099849e+01	1.444554127e-02	1.334294046e-11
-5.200000000e-03	2.103099895e+01	1.423113764e-02	6.125934103e-12
-5.300000000e-03	2.103099941e+01	1.401673401e-02	7.022991524e-12
-5.400000000e-03	2.103099987e+01	1.380233039e-02	1.804097201e-11
-5.500000000e-03	2.103100034e+01	1.358792677e-02	8.384378029e-12
-5.600000000e-03	2.103100081e+01	1.337352315e-02	1.529470807e-11
-5.700000000e-03	2.103100128e+01	1.315911955e-02	1.839499320e-11
-5.800000000e-03	2.103100175e+01	1.294471593e-02	1.325595082e-11
-5.900000000e-03	2.103100222e+01	1.273031232e-02	3.545972633e-12
-6.000000000e-03	2.103100270e+01	1.251590872e-02	9.263464091e-12
-6.100000000e-03	2.103100318e+01	1.230150512e-02	7.055823711e-12
-6.200000000e-03	2.103100366e+01	1.208710152e-02	6.178066451e-12
-6.300000000e-03	2.103100414e+01	1.187269793e-02	1.524329531e-11
-6.400000000e-03	2.103100463e+01	1.165829433e-02	8.114511732e-12
-6.500000000e-03	2.103100511e+01	1.144389075e-02	1.219750257e-11
-6.600000000e-03	2.103100560e+01	1.122948716e-02	7.598299842e-12
-6.700000000e-03	2.103100609e+01	1.101508358e-02	2.749622018e-11
-6.800000000e-03	2.103100659e+01	1.080068000e-02	1.229687371e-11
-6.900000000e-03	2.103100708e+01	1.058627642e-02	7.105059585e-12
-7.000000000e-03	2.103100758e+01	1.037187285e-02	1.707603767e-11
-7.100000000e-03	2.103100808e+01	1.015746929e-02	7.694354392e-12
-7.200000000e-03	2.103100858e+01	9.943065723e-03	1.275458890e-11
-7.300000000e-03	2.103100909e+01	9.728662164e-03	9.994124156e-12
-7.400000000e-03	2.103100959e+01	9.514258608e-03	5.877628275e-12
-7.500000000e-03	2.103101010e+01	9.299855055e-03	1.356075151e-11
-7.600000000e-03	2.103101061e+01	9.085451511e-03	9.779225954e-12
-7.700000000e-03	2.103101113e+01	8.871047964e-03	8.286107721e-12
-7.800000000e-03	2.103101164e+01	8.656644426e-03	1.451184267e-11
-7.900000000e-03	2.103101216e+01	8.442240890e-03	1.581779804e-11
-8.000000000e-03	2.103101268e+01	8.227837360e-03	1.175751742e-11
-8.100000000e-03	2.103101320e+01	8.013433837e-03	9.744499470e-12
-8.200000000e-03	2.103101372e+01	7.799030311e-03	1.524579924e-11
-8.300000000e-03	2.103101425e+01	7.584626796e-03	1.338187648e-11
-8.400000000e-03	2.103101478e+01	7.370223282e-03	1.051225323e-11
-8.500000000e-03	2.103101531e+01	7.155819777e-03	6.603355009e-12
-8.600000000e-03	2.103101584e+01	6.941416270e-03	1.471048080e-11
-8.700000000e-03	2.103101638e+01	6.727012774e-03	1.031893645e-11
-8.800000000e-03	2.103101691e+01	6.512609279e-03	9.263221945e-12
-8.900000000e-03	2.103101745e+01	6.298205791e-03	1.098833810e-11
-9.000000000e-03	2.103101799e+01	6.083802312e-03	1.078300651e-11
-9.100000000e-03	2.103101854e+01	5.869398827e-03	1.914069028e-11
-9.200000000e-03	2.103101908e+01	5.654995361e-03	1.364719499e-11
-9.300000000e-03	2.103101963e+01	5.440591888e-03	9.300823421e-12
-9.400000000e-03	2.103102018e+01	5.226188424e-03	9.944500797e-12
-9.500000000e-03	2.103102073e+01	5.011784973e-03	1.738782497e-11
-9.600000000e-03	2.103102129e+01	4.797381518e-03	8.222202174e-12
-9.700000000e-03	2.103102184e+01	4.582978075e-03	1.970037333e-11
-9.800000000e-03	2.103102240e+01	4.368574628e-03	1.471342387e-11
-9.900000000e-03	2.103102296e+01	4.154171193e-03	5.534382051e-12
-1.000000000e-02	2.103102353e+01	3.939767765e-03	8.164011532e-12
-1.010000000e-02	2.103102409e+01	3.725364342e-03	9.387426395e-12
-1.020000000e-02	2.103102466e+01	3.510960919e-03	1.122510999e-11
-1.030000000e-02	2.103102523e+01	3.296557507e-03	1.766240631e-11
-1.040000000e-02	2.103102580e+01	3.082154104e-03	1.302002748e-11
-1.050000000e-02	2.103102637e+01	2.867750697e-03	1.747833174e-11
-1.060000000e-02	2.103102695e+01	2.653347306e-03	9.342903387e-12
-1.070000000e-02	2.103102753e+01	2.438943917e-03	1.118584991e-11
-1.080000000e-02	2.103102811e+01	2.224540537e-03	5.657076993e-12
-1.090000000e-02	2.103102869e+01	2.010137161e-03	1.070204577e-11
-1.100000000e-02	2.103102928e+01	1.795733790e-03	1.494378829e-11
-1.110000000e-02	2.103102986e+01	1.581330429e-03	1.183443065e-11
-1.120000000e-02	2.103103045e+01	1.366927066e-03	1.120547566e-11
-1.130000000e-02	2.103103104e+01	1.152523721e-03	1.102225085e-11
-1.140000000e-02	2.103103164e+01	9.381203776e-04	1.685685613e-11
-1.150000000e-02	2.103103223e+01	7.237170391e-04	8.804460546e-12
-1.160000000e-02	2.103103283e+01	5.093137083e-04	8.037222747e-12
-1.170000000e-02	2.103103343e+01	2.949103804e-04	8.449124038e-12
-1.180000000e-02	2.103103403e+01	8.050706596e-05	6.447804671e-12
-1.190000000e-02	2.103103464e+01	-1.338962458e-04	8.051973222e-12
-1.200000000e-02	2.103103524e+01	-3.482995472e-04	9.227780782e-12
-1.210000000e-02	2.103103585e+01	-5.627028454e-04	1.100556427e-11
-1.220000000e-02	2.103103646e+01	-7.771061336e-04	1.237449650e-11
-1.230000000e-02	2.103103708e+01	-9.915094138e-04	5.190696116e-12
-1.240000000e-02	2.103103769e+01	-1.205912689e-03	3.047977616e-12
-1.250000000e-02	2.103103831e+01	-1.420315958e-03	4.215459171e-12
-1.260000000e-02	2.103103893e+01	-1.634719217e-03	1.106614818e-11
-1.270000000e-02	2.103103955e+01	-1.849122469e-03	1.215192411e-11
-1.280000000e-02	2.103104017e+01	-2.063525713e-03	7.282124164e-12
-1.290000000e-02	2.103104080e+01	-2.277928951e-03	1.404911871e-11
-1.300000000e-02	2.103104143e+01	-2.492332183e-03	1.108367358e-11
-1.310000000e-02	2.103104206e+01	-2.706735406e-03	7.119929283e-12
-1.320000000e-02	2.103104269e+01	-2.921138621e-03	8.990151606e-12
-1.330000000e-02	2.103104333e+01	-3.135541828e-03	1.561416333e-11
-1.340000000e-02	2.103104396e+01	-3.349945021e-03	1.416068071e-11
-1.350000000e-02	2.103104460e+01	-3.564348219e-03	1.298153808e-11
-1.360000000e-02	2.103104524e+01	-3.778751397e-03	8.823731115e-12
-1.370000000e-02	2.103104589e+01	-3.993154576e-03	1.475687757e-11
-1.380000000e-02	2.103104653e+01	-4.207557739e-03	6.546903328e-12
-1.390000000e-02	2.103104718e+01	-4.421960900e-03	1.678336171e-11
-1.400000000e-02	2.103104783e+01	-4.636364048e-03	1.267069301e-11
-1.410000000e-02	2.103104848e+01	-4.850767192e-03	1.766156888e-11
-1.420000000e-02	2.103104914e+01	-5.065170322e-03	1.433908183e-11
-1.430000000e-02	2.103104979e+01	-5.279573450e-03	9.473333430e-12
-1.440000000e-02	2.103105045e+01	-5.493976568e-03	1.639451806e-11
-1.450000000e-02	2.103105111e+01	-5.708379672e-03	9.955780499e-12
-1.460000000e-02	2.103105177e+01	-5.922782773e-03	1.036571514e-11
-1.470000000e-02	2.103105244e+01	-6.137185866e-03	1.629510455e-11
-1.480000000e-02	2.103105311e+01	-6.351588942e-03	1.981682505e-11
-1.490000000e-02	2.103105378e+01	-6.565992016e-03	1.426576772e-11
-1.500000000e-02	2.103105445e+01	-6.780395081e-03	5.896197174e-12
-1.510000000e-02	2.103105512e+01	-6.994798138e-03	8.450941636e-12
-1.520000000e-02	2.103105580e+01	-7.209201184e-03	9.938010394e-12
-1.530000000e-02	2.103105648e+01	-7.423604216e-03	1.418925061e-11
-1.540000000e-02	2.103105716e+01	-7.638007249e-03	1.026620334e-11
-1.550000000e-02	2.103105784e+01	-7.852410262e-03	1.338694548e-11
-1.560000000e-02	2.103105852e+01	-8.066813276e-03	9.593739141e-12
-1.570000000e-02	2.103105921e+01	-8.281216277e-03	9.945359886e-12
-1.580000000e-02	2.103105990e+01	-8.495619265e-03	6.470556288e-12
-1.590000000e-02	2.103106059e+01	-8.710022243e-03	1.290889983e-11
-1.600000000e-02	2.103106128e+01	-8.924425214e-03	1.188185897e-11
-1.610000000e-02	2.103106198e+01	-9.138828179e-03	1.242407341e-11
-1.620000000e-02	2.103106268e+01	-9.353231132e-03	1.213672652e-11
-1.630000000e-02	2.103106338e+01	-9.567634070e-03	1.093549274e-11
-1.640000000e-02	2.103106408e+01	-9.782037002e-03	7.404267701e-12
-1.650000000e-02	2.103106478e+01	-9.996439923e-03	1.264221208e-11
-1.660000000e-02	2.103106549e+01	-1.021084284e-02	7.165347475e-12
-1.670000000e-02	2.103106620e+01	-1.042524574e-02	1.772706365e-11
-1.680000000e-02	2.103106691e+01	-1.063964863e-02	1.642200434e-11
-1.690000000e-02	2.103106762e+01	-1.085405151e-02	8.848615365e-12
-1.700000000e-02	2.103106834e+01	-1.106845439e-02	8.309175514e-12
-1.710000000e-02	2.103106905e+01	-1.128285725e-02	9.303209097e-12
-1.720000000e-02	2.103106977e+01	-1.149726010e-02	1.204467446e-11
-1.730000000e-02	2.103107049e+01	-1.171166294e-02	6.248610519e-12
-1.740000000e-02	2.103107122e+01	-1.192606577e-02	8.762876905e-12
-1.750000000e-02	2.103107194e+01	-1.214046859e-02	8.256670076e-12
-1.760000000e-02	2.103107267e+01	-1.235487140e-02	8.052104855e-12
-1.770000000e-02	2.103107340e+01	-1.256927419e-02	1.318864918e-11
-1.780000000e-02	2.103107413e+01	-1.278367699e-02	1.906284469e-11
-1.790000000e-02	2.103107487e+01	-1.299807976e-02	1.076503096e-11
-1.800000000e-02	2.103107561e+01	-1.321248252e-02	9.650798104e-12
-1.810000000e-02	2.103107634e+01	-1.342688528e-02	9.608839065e-12
-1.820000000e-02	2.103107709e+01	-1.364128802e-02	8.714782322e-12
-1.830000000e-02	2.103107783e+01	-1.385569075e-02	1.568058039e-11
-1.840000000e-02	2.103107857e+01	-1.407009347e-02	1.622997646e-11
-1.850000000e-02	2.103107932e+01	-1.428449619e-02	7.236834398e-12
-1.860000000e-02	2.103108007e+01	-1.449889888e-02	8.388184587e-12
-1.870000000e-02	2.103108082e+01	-1.471330158e-02	1.682350773e-11
-1.880000000e-02	2.103108158e+01	-1.492770425e-02	8.595144832e-12
-1.890000000e-02	2.103108233e+01	-1.514210691e-02	8.656824902e-12
-1.900000000e-02	2.103108309e+01	-1.535650956e-02	6.114904696e-12
-1.910000000e-02	2.103108385e+01	-1.557091221e-02	5.128102178e-12
-1.920000000e-02	2.103108462e+01	-1.578531483e-02	8.140364905e-12
-1.930000000e-02	2.103108538e+01	-1.599971746e-02	1.648808419e-11
-1.940000000e-02	2.103108615e+01	-1.621412006e-02	1.156938585e-11
-1.950000000e-02	2.103108692e+01	-1.642852265e-02	1.195125477e-11
-1.960000000e-02	2.103108769e+01	-1.664292524e-02	1.276972119e-11
-1.970000000e-02	2.103108846e+01	-1.685732781e-02	7.303487878e-12
-1.980000000e-02	2.103108924e+01	-1.707173036e-02	1.064175201e-11
-1.990000000e-02	2.103109002e+01	-1.728613291e-02	1.804205604e-11
-2.000000000e-02	2.103109080e+01	-1.750053544e-02	1.272288624e-11
-2.010000000e-02	2.103109158e+01	-1.771493797e-02	8.185261088e-12
-2.020000000e-02	2.103109236e+01	-1.792934048e-02	1.215519417e-11
-2.030000000e-02	2.103109315e+01	-1.814374297e-02	8.978756461e-12
-2.040000000e-02	2.103109394e+01	-1.835814546e-02	5.393791033e-12
-2.050000000e-02	2.103109473e+01	-1.857254793e-02	9.482185914e-12
-2.060000000e-02	2.103109552e+01	-1.878695039e-02	1.644466624e-11
-2.070000000e-02	2.103109632e+01	-1.900135284e-02	1.858660192e-11
-2.080000000e-02	2.103109712e+01	-1.921575527e-02	9.779014095e-12
-2.090000000e-02	2.103109792e+01	-1.943015769e-02	1.121152927e-11
-2.100000000e-02	2.103109872e+01	-1.964456010e-02	6.196651621e-12
-2.110000000e-02	2.103109952e+01	-1.985896249e-02	8.095462931e-12
-2.120000000e-02	2.103110033e+01	-2.007336488e-02	1.284553519e-11
-2.130000000e-02	2.103110114e+01	-2.028776725e-02	9.663369314e-12
-2.140000000e-02	2.103110195e+01	-2.050216960e-02	1.274662688e-11
-2.150000000e-02	2.103110276e+01	-2.071657195e-02	1.359281086e-11
-2.160000000e-02	2.103110358e+01	-2.093097428e-02	1.774216758e-11
-2.170000000e-02	2.103110439e+01	-2.114537659e-02	5.640644167e-12
-2.180000000e-02	2.103110521e+01	-2.135977890e-02	1.187430859e-11
-2.190000000e-02	2.103110603e+01	-2.157418119e-02	1.114629378e-11
-2.200000000e-02	2.103110686e+01	-2.178858346e-02	1.261420424e-11
-2.210000000e-02	2.103110768e+01	-2.200298572e-02	1.034138161e-11
-2.220000000e-02	2.103110851e+01	-2.221738797e-02	1.061343862e-11
-2.230000000e-02	2.103110934e+01	-2.243179021e-02	1.157138863e-11
-2.240000000e-02	2.103111017e+01	-2.264619243e-02	5.897254822e-12
-2.250000000e-02	2.103111101e+01	-2.286059463e-02	1.553683770e-11
-2.260000000e-02	2.103111185e+01	-2.307499683e-02	1.074428294e-11
-2.270000000e-02	2.103111268e+01	-2.328939901e-02	9.166457120e-12
-2.280000000e-02	2.103111353e+01	-2.350380118e-02	1.761451073e-11
-2.290000000e-02	2.103111437e+01	-2.371820332e-02	1.710360753e-11
-2.300000000e-02	2.103111521e+01	-2.393260547e-02	1.457144808e-11
-2.310000000e-02	2.103111606e+01	-2.414700759e-02	6.963801847e-12
-2.320000000e-02	2.103111691e+01	-2.436140970e-02	1.166104642e-11
-2.330000000e-02	2.103111776e+01	-2.457581179e-02	1.824035363e-11
-2.340000000e-02	2.103111862e+01	-2.479021388e-02	1.878615565e-11
-2.350000000e-02	2.103111947e+01	-2.500461593e-02	1.420426079e-11
-2.360000000e-02	2.103112033e+01	-2.521901799e-02	1.064051860e-11
-2.370000000e-02	2.103112119e+01	-2.543342003e-02	7.880555015e-12
-2.380000000e-02	2.103112206e+01	-2.564782204e-02	9.209168753e-12
-2.390000000e-02	2.103112292e+01	-2.586222405e-02	1.252249120e-11
-2.400000000e-02	2.103112379e+01	-2.607662604e-02	6.354347321e-12
-2.410000000e-02	2.103112466e+01	-2.629102802e-02	1.508728443e-11
-2.420000000e-02	2.103112553e+01	-2.650542998e-02	1.197218293e-11
-2.430000000e-02	2.103112640e+01	-2.671983193e-02	6.674296872e-12
-2.440000000e-02	2.103112728e+01	-2.693423386e-02	1.331271184e-11
-2.450000000e-02	2.103112816e+01	-2.714863578e-02	1.980782980e-11
-2.460000000e-02	2.103112904e+01	-2.736303768e-02	1.501497981e-11
-2.470000000e-02	2.103112992e+01	-2.757743957e-02	7.590781621e-12
-2.480000000e-02	2.103113080e+01	-2.779184144e-02	9.679277068e-12
-2.490000000e-02	2.103113169e+01	-2.800624330e-02	6.190034169e-12
-2.500000000e-02	2.103113258e+01	-2.822064513e-02	1.325388792e-11
-2.510000000e-02	2.103113347e+01	-2.843504696e-02	8.964970584e-12
-2.520000000e-02	2.103113436e+01	-2.864944877e-02	1.037094336e-11
-2.530000000e-02	2.103113526e+01	-2.886385056e-02	1.416633714e-11
-2.540000000e-02	2.103113615e+01	-2.907825234e-02	1.014127306e-11
-2.550000000e-02	2.103113705e+01	-2.929265410e-02	1.263414281e-11
-2.560000000e-02	2.103113796e+01	-2.950705585e-02	9.269343869e-12
-2.570000000e-02	2.103113886e+01	-2.972145758e-02	3.729807958e-12
-2.580000000e-02	2.103113977e+01	-2.993585929e-02	1.539392856e-11
-2.590000000e-02	2.103114067e+01	-3.015026099e-02	7.343551666e-12
-2.600000000e-02	2.103114159e+01	-3.036466267e-02	1.377494543e-11
-2.610000000e-02	2.103114250e+01	-3.057906434e-02	6.802501484e-12
-2.620000000e-02	2.103114341e+01	-3.079346598e-02	1.156981673e-11
-2.630000000e-02	2.103114433e+01	-3.100786762e-02	6.085524441e-12
-2.640000000e-02	2.103114525e+01	-3.122226924e-02	9.349284995e-12
-2.650000000e-02	2.103114617e+01	-3.143667083e-02	7.474774125e-12
-2.660000000e-02	2.103114709e+01	-3.165107242e-02	7.868424130e-12
-2.670000000e-02	2.103114802e+01	-3.186547399e-02	1.134190078e-11
-2.680000000e-02	2.103114895e+01	-3.207987553e-02	8.137883721e-12
-2.690000000e-02	2.103114988e+01	-3.229427707e-02	1.645132131e-11
-2.700000000e-02	2.103115081e+01	-3.250867859e-02	1.956051395e-11
-2.710000000e-02	2.103115174e+01	-3.272308008e-02	7.853577443e-12
-2.720000000e-02	2.103115268e+01	-3.293748157e-02	1.434467530e-11
-2.730000000e-02	2.103115362e+01	-3.315188303e-02	8.583931532e-12
-2.740000000e-02	2.103115456e+01	-3.336628449e-02	1.427691853e-11
-2.750000000e-02	2.103115550e+01	-3.358068591e-02	1.355490468e-11
-2.760000000e-02	2.103115645e+01	-3.379508733e-02	1.710093765e-11
-2.770000000e-02	2.103115740e+01	-3.400948872e-02	1.360276438e-11
-2.780000000e-02	2.103115835e+01	-3.422389010e-02	1.034226359e-11
-2.790000000e-02	2.103115930e+01	-3.443829147e-02	9.187599933e-12
-2.800000000e-02	2.103116025e+01	-3.465269281e-02	9.276490504e-12
-2.810000000e-02	2.103116121e+01	-3.486709414e-02	1.162028707e-11
-2.820000000e-02	2.103116217e+01	-3.508149545e-02	1.668103838e-11
-2.830000000e-02	2.103116313e+01	-3.529589674e-02	1.164725274e-11
-2.840000000e-02	2.103116409e+01	-3.551029802e-02	1.602574127e-11
-2.850000000e-02	2.103116505e+01	-3.572469928e-02	1.435672840e-11
-2.860000000e-02	2.103116602e+01	-3.593910051e-02	1.023438686e-11
-2.870000000e-02	2.103116699e+01	-3.615350174e-02	7.148774958e-12
-2.880000000e-02	2.103116796e+01	-3.636790294e-02	1.312709367e-11
-2.890000000e-02	2.103116894e+01	-3.658230412e-02	8.313962406e-12
-2.900000000e-02	2.103116991e+01	-3.679670529e-02	1.829826871e-11
-2.910000000e-02	2.103117089e+01	-3.701110644e-02	1.469246111e-11
-2.920000000e-02	2.103117187e+01	-3.722550757e-02	7.198306623e-12
-2.930000000e-02	2.103117285e+01	-3.743990868e-02	1.600333275e-11
-2.940000000e-02	2.103117384e+01	-3.765430978e-02	1.901567376e-11
-2.950000000e-02	2.103117482e+01	-3.786871086e-02	1.920685000e-11
-2.960000000e-02	2.103117581e+01	-3.808311191e-02	7.511745973e-12
-2.970000000e-02	2.103117680e+01	-3.829751295e-02	1.910205904e-11
-2.980000000e-02	2.103117779e+01	-3.851191397e-02	1.565655265e-11
-2.990000000e-02	2.103117879e+01	-3.872631497e-02	8.704290168e-12
-3.000000000e-02	2.103117979e+01	-3.894071595e-02	1.119295315e-11
-3.010000000e-02	2.103118079e+01	-3.915511691e-02	1.355863049e-11
-3.020000000e-02	2.103118179e+01	-3.936951786e-02	1.066675294e-11
-3.030000000e-02	2.103118279e+01	-3.958391879e-02	1.639149720e-11
-3.040000000e-02	2.103118380e+01	-3.979831969e-02	1.176097059e-11
-3.050000000e-02	2.103118481e+01	-4.001272058e-02	1.056634014e-11
-3.060000000e-02	2.103118582e+01	-4.022712145e-02	1.484077337e-11
-3.070000000e-02	2.103118683e+01	-4.044152229e-02	2.177703257e-11
-3.080000000e-02	2.103118784e+01	-4.065592312e-02	1.211981664e-11
-3.090000000e-02	2.103118886e+01	-4.087032394e-02	6.293392626e-12
-3.100000000e-02	2.103118988e+01	-4.108472473e-02	1.047356211e-11
-3.110000000e-02	2.103119090e+01	-4.129912550e-02	7.925582878e-12
-3.120000000e-02	2.103119193e+01	-4.151352626e-02	2.449649695e-11
-3.130000000e-02	2.103119295e+01	-4.172792698e-02	1.116347079e-11
-3.140000000e-02	2.103119398e+01	-4.194232769e-02	1.543433400e-11
-3.150000000e-02	2.103119501e+01	-4.215672839e-02	8.833699551e-12
-3.160000000e-02	2.103119604e+01	-4.237112906e-02	1.194757307e-11
-3.170000000e-02	2.103119708e+01	-4.258552972e-02	1.110466422e-11
-3.180000000e-02	2.103119811e+01	-4.279993035e-02	1.459952627e-11
-3.190000000e-02	2.103119915e+01	-4.301433097e-02	9.715602142e-12
-3.200000000e-02	2.103120019e+01	-4.322873156e-02	6.838759052e-12
-3.210000000e-02	2.103120123e+01	-4.344313213e-02	9.456007642e-12
-3.220000000e-02	2.103120228e+01	-4.365753268e-02	6.419105530e-12
-3.230000000e-02	2.103120333e+01	-4.387193322e-02	9.908608742e-12
-3.240000000e-02	2.103120438e+01	-4.408633373e-02	7.656924419e-12
-3.250000000e-02	2.103120543e+01	-4.430073422e-02	1.361384411e-11
-3.260000000e-02	2.103120648e+01	-4.451513469e-02	5.777906529e-12
-3.270000000e-02	2.103120754e+01	-4.472953514e-02	8.173677471e-12
-3.280000000e-02	2.103120860e+01	-4.494393558e-02	9.272442905e-12
-3.290000000e-02	2.103120966e+01	-4.515833599e-02	1.144343984e-11
-3.300000000e-02	2.103121072e+01	-4.537273637e-02	1.649119636e-11
-3.310000000e-02	2.103121178e+01	-4.558713674e-02	7.423792131e-12
-3.320000000e-02	2.103121285e+01	-4.580153709e-02	5.090650767e-12
-3.330000000e-02	2.103121392e+01	-4.601593741e-02	1.377605388e-11
-3.340000000e-02	2.103121499e+01	-4.623033772e-02	8.101690354e-12
-3.350000000e-02	2.103121606e+01	-4.644473801e-02	8.048245708e-12
-3.360000000e-02	2.103121714e+01	-4.665913827e-02	7.431001799e-12
-3.370000000e-02	2.103121822e+01	-4.687353851e-02	1.285162393e-11
-3.380000000e-02	2.103121930e+01	-4.708793873e-02	6.970246492e-12
-3.390000000e-02	2.103122038e+01	-4.730233893e-02	1.839496983e-11
-3.400000000e-02	2.103122146e+01	-4.751673911e-02	1.275659697e-11
-3.410000000e-02	2.103122255e+01	-4.773113926e-02	9.924217958e-12
-3.420000000e-02	2.103122364e+01	-4.794553940e-02	6.259439407e-12
-3.430000000e-02	2.103122473e+01	-4.815993951e-02	7.508545398e-12
-3.440000000e-02	2.103122582e+01	-4.837433961e-02	1.176399212e-11
-3.450000000e-02	2.103122692e+01	-4.858873968e-02	1.003453128e-11
-3.460000000e-02	2.103122802e+01	-4.880313972e-02	8.883248811e-12
-3.470000000e-02	2.103122911e+01	-4.901753975e-02	4.474310554e-12
-3.480000000e-02	2.103123022e+01	-4.923193975e-02	1.174315039e-11
-3.490000000e-02	2.103123132e+01	-4.944633974e-02	1.789449069e-11
-3.500000000e-02	2.103123243e+01	-4.966073970e-02	9.901868734e-12
-3.510000000e-02	2.103123353e+01	-4.987513964e-02	1.626166221e-11
-3.520000000e-02	2.103123464e+01	-5.008953955e-02	1.032171977e-11
-3.530000000e-02	2.103123576e+01	-5.030393945e-02	1.776385208e-11
-3.540000000e-02	2.103123687e+01	-5.051833932e-02	8.188511556e-12
-3.550000000e-02	2.103123799e+01	-5.073273917e-02	1.491113084e-11
-3.560000000e-02	2.103123911e+01	-5.094713900e-02	1.227234797e-11
-3.570000000e-02	2.103124023e+01	-5.116153881e-02	1.090949611e-11
-3.580000000e-02	2.103124135e+01	-5.137593859e-02	4.850707545e-12
-3.590000000e-02	2.103124248e+01	-5.159033835e-02	7.783383507e-12
-3.600000000e-02	2.103124361e+01	-5.180473808e-02	9.151612612e-12
-3.610000000e-02	2.103124474e+01	-5.201913780e-02	8.033089418e-12
-3.620000000e-02	2.103124587e+01	-5.223353749e-02	6.892630675e-12
-3.630000000e-02	2.103124700e+01	-5.244793715e-02	9.950541265e-12
-3.640000000e-02	2.103124814e+01	-5.266233680e-02	7.239617758e-12
-3.650000000e-02	2.103124928e+01	-5.287673642e-02	8.177622891e-12
-3.660000000e-02	2.103125042e+01	-5.309113602e-02	1.030076233e-11
-3.670000000e-02	2.103125156e+01	-5.330553560e-02	4.316384792e-12
-3.680000000e-02	2.103125271e+01	-5.351993515e-02	1.029992817e-11
-3.690000000e-02	2.103125385e+01	-5.373433468e-02	1.080967303e-11
-3.700000000e-02	2.103125500e+01	-5.394873418e-02	1.290754153e-11
-3.710000000e-02	2.103125615e+01	-5.416313367e-02	6.432564358e-12
-3.720000000e-02	2.103125731e+01	-5.437753313e-02	1.196798817e-11
-3.730000000e-02	2.103125846e+01	-5.459193256e-02	1.619703085e-11
-3.740000000e-02	2.103125962e+01	-5.480633198e-02	9.429710004e-12
-3.750000000e-02	2.103126078e+01	-5.502073136e-02	7.458723596e-12
-3.760000000e-02	2.103126194e+01	-5.523513073e-02	1.219750584e-11
-3.770000000e-02	2.103126311e+01	-5.544953007e-02	1.485672488e-11
-3.780000000e-02	2.103126428e+01	-5.566392939e-02	1.095010345e-11
-3.790000000e-02	2.103126544e+01	-5.587832868e-02	1.418533495e-11
-3.800000000e-02	2.103126662e+01	-5.609272795e-02	7.122573525e-12
-3.810000000e-02	2.103126779e+01	-5.630712720e-02	1.670295896e-11
-3.820000000e-02	2.103126896e+01	-5.652152642e-02	1.865985696e-11
-3.830000000e-02	2.103127014e+01	-5.673592561e-02	8.703305068e-12
-3.840000000e-02	2.103127132e+01	-5.695032479e-02	1.256788385e-11
-3.850000000e-02	2.103127250e+01	-5.716472393e-02	1.528926237e-11
-3.860000000e-02	2.103127369e+01	-5.737912306e-02	1.003116670e-11
-3.870000000e-02	2.103127487e+01	-5.759352215e-02	9.866340562e-12
-3.880000000e-02	2.103127606e+01	-5.780792123e-02	1.082889004e-11
-3.890000000e-02	2.103127725e+01	-5.802232028e-02	9.014210159e-12
-3.900000000e-02	2.103127845e+01	-5.823671931e-02	2.144680107e-11
-3.910000000e-02	2.103127964e+01	-5.845111831e-02	7.284151115e-12
-3.920000000e-02	2.103128084e+01	-5.866551728e-02	9.796879402e-12
-3.930000000e-02	2.103128204e+01	-5.887991624e-02	1.276226557e-11
-3.940000000e-02	2.103128324e+01	-5.909431516e-02	2.014518168e-11
-3.950000000e-02	2.103128444e+01	-5.930871406e-02	1.681068907e-11
-3.960000000e-02	2.103128565e+01	-5.952311294e-02	1.366114729e-11
-3.970000000e-02	2.103128686e+01	-5.973751179e-02	1.002667590e-11
-3.980000000e-02	2.103128807e+01	-5.995191062e-02	1.157015998e-11
-3.990000000e-02	2.103128928e+01	-6.016630942e-02	2.142678921e-11
-4.000000000e-02	2.103129049e+01	-6.038070819e-02	7.288424218e-12
