# epsi_ci     Re(Lambda)      Im(Lambda)      Eq(det), R = 0.5 $\mu$m, $E_p$ = 0.600 eV, modo = 4, $\epsilon_\infty$ = 3.9, $\gamma_{DL}$ = 0.01 eV, solve_det_sinkz_vs_mu.py
0.000000000e+00	4.481413454e+00	7.790537937e-02	3.365932073e-14
-1.000000000e-03	4.481428892e+00	7.745675391e-02	1.835906176e-14
-2.000000000e-03	4.481444374e+00	7.700812843e-02	2.697116067e-14
-3.000000000e-03	4.481459899e+00	7.655950295e-02	2.453048529e-14
-4.000000000e-03	4.481475468e+00	7.611087747e-02	2.287938822e-14
-5.000000000e-03	4.481491080e+00	7.566225200e-02	1.424885688e-14
-6.000000000e-03	4.481506736e+00	7.521362657e-02	2.251282670e-14
-7.000000000e-03	4.481522435e+00	7.476500118e-02	1.198277667e-14
-8.000000000e-03	4.481538178e+00	7.431637585e-02	2.983422930e-14
-9.000000000e-03	4.481553965e+00	7.386775058e-02	1.346485280e-14
-1.000000000e-02	4.481569795e+00	7.341912538e-02	2.075319103e-14
-1.100000000e-02	4.481585669e+00	7.297050028e-02	2.032650789e-14
-1.200000000e-02	4.481601586e+00	7.252187528e-02	1.281630469e-14
-1.300000000e-02	4.481617546e+00	7.207325040e-02	2.629916585e-14
-1.400000000e-02	4.481633551e+00	7.162462564e-02	2.433896934e-14
-1.500000000e-02	4.481649598e+00	7.117600102e-02	2.455240124e-14
-1.600000000e-02	4.481665690e+00	7.072737656e-02	2.275243632e-14
-1.700000000e-02	4.481681824e+00	7.027875226e-02	1.552027402e-14
-1.800000000e-02	4.481698003e+00	6.983012813e-02	2.015373605e-14
-1.900000000e-02	4.481714224e+00	6.938150419e-02	2.866136650e-14
-2.000000000e-02	4.481730490e+00	6.893288045e-02	5.732551737e-15
-2.100000000e-02	4.481746799e+00	6.848425693e-02	1.698952608e-14
-2.200000000e-02	4.481763151e+00	6.803563362e-02	1.058403743e-14
-2.300000000e-02	4.481779547e+00	6.758701056e-02	2.207002365e-14
-2.400000000e-02	4.481795987e+00	6.713838774e-02	2.676196380e-14
-2.500000000e-02	4.481812470e+00	6.668976519e-02	1.766563652e-14
-2.600000000e-02	4.481828996e+00	6.624114291e-02	1.662496669e-14
-2.700000000e-02	4.481845566e+00	6.579252091e-02	2.641102820e-14
-2.800000000e-02	4.481862180e+00	6.534389922e-02	2.186484613e-14
-2.900000000e-02	4.481878837e+00	6.489527783e-02	2.672044726e-14
-3.000000000e-02	4.481895538e+00	6.444665676e-02	3.470723547e-14
-3.100000000e-02	4.481912282e+00	6.399803603e-02	2.384107391e-14
-3.200000000e-02	4.481929070e+00	6.354941565e-02	3.646923422e-14
-3.300000000e-02	4.481945901e+00	6.310079562e-02	1.688490981e-14
-3.400000000e-02	4.481962776e+00	6.265217597e-02	1.486389793e-14
-3.500000000e-02	4.481979695e+00	6.220355670e-02	2.156711621e-14
-3.600000000e-02	4.481996657e+00	6.175493782e-02	1.846296064e-14
-3.700000000e-02	4.482013662e+00	6.130631935e-02	2.820367596e-14
-3.800000000e-02	4.482030711e+00	6.085770130e-02	2.843205961e-14
-3.900000000e-02	4.482047803e+00	6.040908368e-02	3.105615441e-14
-4.000000000e-02	4.482064940e+00	5.996046651e-02	2.247151069e-14
-4.100000000e-02	4.482082119e+00	5.951184979e-02	1.944843384e-14
-4.200000000e-02	4.482099342e+00	5.906323354e-02	2.216491210e-14
-4.300000000e-02	4.482116609e+00	5.861461778e-02	1.616743937e-14
-4.400000000e-02	4.482133919e+00	5.816600250e-02	1.249254580e-14
-4.500000000e-02	4.482151273e+00	5.771738773e-02	1.825279220e-14
-4.600000000e-02	4.482168670e+00	5.726877348e-02	2.164499805e-14
-4.700000000e-02	4.482186111e+00	5.682015975e-02	2.323953206e-14
-4.800000000e-02	4.482203595e+00	5.637154657e-02	3.235020303e-14
-4.900000000e-02	4.482221123e+00	5.592293394e-02	1.522557635e-14
-5.000000000e-02	4.482238694e+00	5.547432188e-02	2.133086180e-14
-5.100000000e-02	4.482256309e+00	5.502571040e-02	1.535684922e-14
-5.200000000e-02	4.482273967e+00	5.457709950e-02	3.104139355e-14
-5.300000000e-02	4.482291669e+00	5.412848921e-02	3.184387470e-14
-5.400000000e-02	4.482309415e+00	5.367987953e-02	3.277998929e-14
-5.500000000e-02	4.482327204e+00	5.323127049e-02	1.274748112e-14
-5.600000000e-02	4.482345036e+00	5.278266207e-02	2.993745247e-14
-5.700000000e-02	4.482362912e+00	5.233405432e-02	1.241916999e-14
-5.800000000e-02	4.482380832e+00	5.188544722e-02	2.820186415e-14
-5.900000000e-02	4.482398795e+00	5.143684080e-02	2.667959275e-14
-6.000000000e-02	4.482416802e+00	5.098823507e-02	2.108821529e-14
-6.100000000e-02	4.482434852e+00	5.053963003e-02	1.927253675e-14
-6.200000000e-02	4.482452945e+00	5.009102571e-02	2.588467999e-14
-6.300000000e-02	4.482471083e+00	4.964242212e-02	3.071591509e-14
-6.400000000e-02	4.482489263e+00	4.919381926e-02	2.112508500e-14
-6.500000000e-02	4.482507487e+00	4.874521715e-02	2.586426007e-14
-6.600000000e-02	4.482525755e+00	4.829661580e-02	1.365799296e-14
-6.700000000e-02	4.482544067e+00	4.784801522e-02	3.031458318e-14
-6.800000000e-02	4.482562421e+00	4.739941543e-02	3.252161237e-14
-6.900000000e-02	4.482580820e+00	4.695081644e-02	2.022228585e-14
-7.000000000e-02	4.482599262e+00	4.650221826e-02	1.944959855e-14
-7.100000000e-02	4.482617747e+00	4.605362090e-02	1.578870406e-14
-7.200000000e-02	4.482636276e+00	4.560502437e-02	1.852918850e-14
-7.300000000e-02	4.482654848e+00	4.515642869e-02	1.553413835e-14
-7.400000000e-02	4.482673464e+00	4.470783386e-02	1.421192556e-14
-7.500000000e-02	4.482692124e+00	4.425923991e-02	2.504968788e-14
-7.600000000e-02	4.482710827e+00	4.381064684e-02	2.547615966e-14
-7.700000000e-02	4.482729573e+00	4.336205467e-02	2.655607050e-14
-7.800000000e-02	4.482748363e+00	4.291346340e-02	3.162104189e-14
-7.900000000e-02	4.482767197e+00	4.246487305e-02	2.632130198e-14
-8.000000000e-02	4.482786074e+00	4.201628364e-02	2.047789741e-14
-8.100000000e-02	4.482804994e+00	4.156769516e-02	6.349586295e-15
-8.200000000e-02	4.482823959e+00	4.111910765e-02	1.741075714e-14
-8.300000000e-02	4.482842966e+00	4.067052110e-02	2.209299709e-14
-8.400000000e-02	4.482862017e+00	4.022193553e-02	2.089218729e-14
-8.500000000e-02	4.482881112e+00	3.977335096e-02	2.237663082e-14
-8.600000000e-02	4.482900250e+00	3.932476739e-02	2.561547667e-14
-8.700000000e-02	4.482919432e+00	3.887618483e-02	2.125204882e-14
-8.800000000e-02	4.482938657e+00	3.842760331e-02	1.513162920e-14
-8.900000000e-02	4.482957926e+00	3.797902282e-02	2.775962763e-14
-9.000000000e-02	4.482977238e+00	3.753044339e-02	2.680637615e-14
-9.100000000e-02	4.482996594e+00	3.708186503e-02	1.679255425e-14
-9.200000000e-02	4.483015993e+00	3.663328774e-02	2.448142173e-14
-9.300000000e-02	4.483035436e+00	3.618471154e-02	1.685443102e-14
-9.400000000e-02	4.483054922e+00	3.573613645e-02	2.444329445e-14
-9.500000000e-02	4.483074452e+00	3.528756247e-02	2.579792342e-14
-9.600000000e-02	4.483094025e+00	3.483898961e-02	2.389298618e-14
-9.700000000e-02	4.483113642e+00	3.439041790e-02	4.061535306e-14
-9.800000000e-02	4.483133302e+00	3.394184733e-02	2.394797590e-14
-9.900000000e-02	4.483153006e+00	3.349327793e-02	2.803280453e-14
-1.000000000e-01	4.483172754e+00	3.304470971e-02	2.532848831e-14
-1.010000000e-01	4.483192544e+00	3.259614267e-02	2.324373552e-14
-1.020000000e-01	4.483212379e+00	3.214757683e-02	4.474691335e-14
-1.030000000e-01	4.483232257e+00	3.169901220e-02	1.822902972e-14
-1.040000000e-01	4.483252178e+00	3.125044879e-02	2.741068551e-14
-1.050000000e-01	4.483272143e+00	3.080188663e-02	3.700209811e-14
-1.060000000e-01	4.483292151e+00	3.035332571e-02	1.821747781e-14
-1.070000000e-01	4.483312203e+00	2.990476605e-02	4.275007898e-14
-1.080000000e-01	4.483332299e+00	2.945620766e-02	3.091329555e-14
-1.090000000e-01	4.483353485e+00	2.898567375e-02	1.460039860e-05
-1.100000000e-01	4.483375007e+00	2.850892141e-02	3.333266512e-05
-1.110000000e-01	4.483396536e+00	2.803216843e-02	5.206487357e-05
-1.120000000e-01	4.483418170e+00	2.755541959e-02	7.079700705e-05
-1.130000000e-01	4.483439820e+00	2.707867061e-02	8.952907959e-05
-1.140000000e-01	4.483461505e+00	2.660192246e-02	1.082610848e-04
-1.150000000e-01	4.483483231e+00	2.612517536e-02	1.269930214e-04
-1.160000000e-01	4.483504997e+00	2.564842937e-02	1.457248878e-04
-1.170000000e-01	4.483526804e+00	2.517168447e-02	1.644566828e-04
-1.180000000e-01	4.483548651e+00	2.469494068e-02	1.831884050e-04
-1.190000000e-01	4.483570200e+00	2.421818147e-02	2.019201788e-04
-1.200000000e-01	4.483590584e+00	2.374136431e-02	2.206551762e-04
-1.210000000e-01	4.483614437e+00	2.326471616e-02	2.393831211e-04
-1.220000000e-01	4.483636446e+00	2.278797694e-02	2.581145384e-04
-1.230000000e-01	4.483658497e+00	2.231123892e-02	2.768458760e-04
-1.240000000e-01	4.483680587e+00	2.183450207e-02	2.955771327e-04
-1.250000000e-01	4.483702719e+00	2.135776645e-02	3.143083071e-04
-1.260000000e-01	4.483724890e+00	2.088103203e-02	3.330393977e-04
-1.270000000e-01	4.483746432e+00	2.040426555e-02	3.517706851e-04
-1.280000000e-01	4.483769355e+00	1.992756689e-02	3.705013224e-04
-1.290000000e-01	4.483791649e+00	1.945083622e-02	3.892321537e-04
-1.300000000e-01	4.483813983e+00	1.897410680e-02	4.079628958e-04
-1.310000000e-01	4.483836963e+00	1.849740902e-02	4.266937373e-04
-1.320000000e-01	4.483858772e+00	1.802065181e-02	4.454241072e-04
-1.330000000e-01	4.483881228e+00	1.754392628e-02	4.641545737e-04
-1.340000000e-01	4.483903724e+00	1.706720207e-02	4.828849455e-04
-1.350000000e-01	4.483926260e+00	1.659047912e-02	5.016152214e-04
-1.360000000e-01	4.086055555e+00	-3.957660964e-03	7.929779597e-28
-1.370000000e-01	4.086081946e+00	-4.480752068e-03	1.301116261e-27
-1.380000000e-01	4.086108403e+00	-5.003839641e-03	1.279860438e-27
-1.390000000e-01	4.086134928e+00	-5.526923657e-03	1.741235331e-27
-1.400000000e-01	4.086161520e+00	-6.050004091e-03	7.174740657e-28
-1.410000000e-01	4.086188178e+00	-6.573080917e-03	3.085376494e-27
-1.420000000e-01	4.086214904e+00	-7.096154110e-03	8.241581949e-28
-1.430000000e-01	4.086241697e+00	-7.619223643e-03	1.623497495e-27
-1.440000000e-01	4.086268556e+00	-8.142289491e-03	2.091286558e-27
-1.450000000e-01	4.086295483e+00	-8.665351629e-03	7.381159180e-28
-1.460000000e-01	4.086322476e+00	-9.188410030e-03	1.387192800e-27
-1.470000000e-01	4.086349537e+00	-9.711464670e-03	3.707117032e-28
-1.480000000e-01	4.086376664e+00	-1.023451552e-02	1.952457720e-27
-1.490000000e-01	4.086403859e+00	-1.075756256e-02	2.252887187e-27
-1.500000000e-01	4.086431120e+00	-1.128060576e-02	2.677395276e-27
-1.510000000e-01	4.086458448e+00	-1.180364510e-02	5.089055857e-28
-1.520000000e-01	4.086485844e+00	-1.232668054e-02	1.163160883e-27
-1.530000000e-01	4.086513306e+00	-1.284971207e-02	9.173724106e-28
-1.540000000e-01	4.086540835e+00	-1.337273966e-02	2.608178274e-27
-1.550000000e-01	4.086568432e+00	-1.389576328e-02	1.233727223e-27
-1.560000000e-01	4.086596095e+00	-1.441878291e-02	2.849778563e-27
-1.570000000e-01	4.086623825e+00	-1.494179852e-02	4.911060095e-28
-1.580000000e-01	4.086651622e+00	-1.546481008e-02	3.072766253e-27
-1.590000000e-01	4.086679486e+00	-1.598781758e-02	4.898381640e-28
-1.600000000e-01	4.086707417e+00	-1.651082098e-02	3.197881441e-27
-1.610000000e-01	4.086735415e+00	-1.703382026e-02	2.496777657e-27
-1.620000000e-01	4.086763479e+00	-1.755681539e-02	1.569245917e-27
-1.630000000e-01	4.086791611e+00	-1.807980635e-02	6.848091047e-28
-1.640000000e-01	4.086819810e+00	-1.860279311e-02	1.477428732e-27
-1.650000000e-01	4.086848075e+00	-1.912577565e-02	1.205767646e-27
-1.660000000e-01	4.086876408e+00	-1.964875394e-02	1.259516922e-27
-1.670000000e-01	4.086904807e+00	-2.017172796e-02	2.151537245e-27
-1.680000000e-01	4.086933274e+00	-2.069469767e-02	8.781419202e-28
-1.690000000e-01	4.086961807e+00	-2.121766306e-02	7.696362858e-28
-1.700000000e-01	4.086990407e+00	-2.174062410e-02	1.688383404e-27
-1.710000000e-01	4.087019074e+00	-2.226358076e-02	6.472784822e-28
-1.720000000e-01	4.087047808e+00	-2.278653302e-02	1.521995950e-27
-1.730000000e-01	4.087076609e+00	-2.330948085e-02	1.379262256e-27
-1.740000000e-01	4.087105477e+00	-2.383242422e-02	9.136928075e-28
-1.750000000e-01	4.087134412e+00	-2.435536312e-02	2.869209586e-27
-1.760000000e-01	4.087163413e+00	-2.487829751e-02	1.794056062e-28
-1.770000000e-01	4.087192482e+00	-2.540122737e-02	1.907258879e-27
-1.780000000e-01	4.087221617e+00	-2.592415267e-02	8.832839767e-28
-1.790000000e-01	4.087250819e+00	-2.644707339e-02	2.427371725e-27
-1.800000000e-01	4.087280088e+00	-2.696998951e-02	3.637138960e-27
-1.810000000e-01	4.087309424e+00	-2.749290099e-02	2.321847281e-27
-1.820000000e-01	4.087338827e+00	-2.801580781e-02	2.579531293e-27
-1.830000000e-01	4.087368297e+00	-2.853870995e-02	1.484944524e-27
-1.840000000e-01	4.087397834e+00	-2.906160738e-02	1.095239907e-27
-1.850000000e-01	4.087427437e+00	-2.958450007e-02	2.477284039e-27
-1.860000000e-01	4.087457108e+00	-3.010738800e-02	5.453530767e-28
-1.870000000e-01	4.087486845e+00	-3.063027115e-02	1.985876678e-27
-1.880000000e-01	4.087516649e+00	-3.115314948e-02	6.719295629e-28
-1.890000000e-01	4.087546520e+00	-3.167602298e-02	9.351757406e-28
-1.900000000e-01	4.087576458e+00	-3.219889161e-02	1.167571628e-27
-1.910000000e-01	4.087606463e+00	-3.272175535e-02	1.810962255e-27
-1.920000000e-01	4.087636534e+00	-3.324461418e-02	4.391861210e-28
-1.930000000e-01	4.087666672e+00	-3.376746807e-02	6.335499569e-28
-1.940000000e-01	4.087696878e+00	-3.429031700e-02	2.340877986e-27
-1.950000000e-01	4.087727150e+00	-3.481316093e-02	1.196643185e-27
-1.960000000e-01	4.087757488e+00	-3.533599985e-02	1.467300361e-27
-1.970000000e-01	4.087787894e+00	-3.585883373e-02	1.462089901e-27
-1.980000000e-01	4.087818367e+00	-3.638166253e-02	1.357867931e-27
-1.990000000e-01	4.087848906e+00	-3.690448625e-02	5.411320899e-27
-2.000000000e-01	4.087879512e+00	-3.742730484e-02	1.687681519e-27
