# epsi_ci     Re(Lambda)      Im(Lambda)      Eq(det), R = 0.5 $\mu$m, $E_p$ = 0.600 eV, modo = 4, $\epsilon_\infty$ = 3.9, $\gamma_{DL}$ = 0.01 eV, solve_det_sinkz_vs_mu.py
0.000000000e+00	4.386697877e+00	7.097748464e-02	1.061893162e-14
-1.000000000e-03	4.386712208e+00	7.053690750e-02	1.107749865e-14
-2.000000000e-03	4.386726582e+00	7.009633037e-02	1.433387263e-14
-3.000000000e-03	4.386740998e+00	6.965575326e-02	6.610062455e-15
-4.000000000e-03	4.386755457e+00	6.921517617e-02	1.945498836e-14
-5.000000000e-03	4.386769960e+00	6.877459913e-02	1.297597120e-14
-6.000000000e-03	4.386784505e+00	6.833402214e-02	1.294237938e-14
-7.000000000e-03	4.386799092e+00	6.789344522e-02	1.705969790e-14
-8.000000000e-03	4.386813723e+00	6.745286837e-02	9.970410103e-15
-9.000000000e-03	4.386828397e+00	6.701229162e-02	1.781391349e-14
-1.000000000e-02	4.386843113e+00	6.657171496e-02	1.417829965e-14
-1.100000000e-02	4.386857873e+00	6.613113842e-02	1.101666392e-14
-1.200000000e-02	4.386872675e+00	6.569056200e-02	1.284958942e-14
-1.300000000e-02	4.386887520e+00	6.524998573e-02	1.250574850e-14
-1.400000000e-02	4.386902408e+00	6.480940960e-02	1.180298896e-14
-1.500000000e-02	4.386917339e+00	6.436883363e-02	1.482579092e-14
-1.600000000e-02	4.386932312e+00	6.392825784e-02	1.171924038e-14
-1.700000000e-02	4.386947329e+00	6.348768223e-02	6.577835591e-15
-1.800000000e-02	4.386962388e+00	6.304710682e-02	1.100858884e-14
-1.900000000e-02	4.386977490e+00	6.260653162e-02	1.701819539e-14
-2.000000000e-02	4.386992636e+00	6.216595665e-02	1.860849009e-14
-2.100000000e-02	4.387007823e+00	6.172538190e-02	1.083133167e-14
-2.200000000e-02	4.387023054e+00	6.128480740e-02	7.722812060e-15
-2.300000000e-02	4.387038328e+00	6.084423317e-02	1.739445820e-14
-2.400000000e-02	4.387053644e+00	6.040365920e-02	1.586537409e-14
-2.500000000e-02	4.387069004e+00	5.996308551e-02	1.715409875e-14
-2.600000000e-02	4.387084406e+00	5.952251211e-02	1.358562111e-14
-2.700000000e-02	4.387099851e+00	5.908193903e-02	1.697865846e-14
-2.800000000e-02	4.387115339e+00	5.864136626e-02	1.666795999e-14
-2.900000000e-02	4.387130870e+00	5.820079382e-02	1.392036892e-14
-3.000000000e-02	4.387146444e+00	5.776022172e-02	1.163548557e-14
-3.100000000e-02	4.387162060e+00	5.731964998e-02	1.371851362e-14
-3.200000000e-02	4.387177720e+00	5.687907860e-02	1.246864607e-14
-3.300000000e-02	4.387193422e+00	5.643850760e-02	2.432516910e-14
-3.400000000e-02	4.387209167e+00	5.599793699e-02	8.969209914e-15
-3.500000000e-02	4.387224955e+00	5.555736679e-02	1.731971794e-14
-3.600000000e-02	4.387240786e+00	5.511679700e-02	1.684613619e-14
-3.700000000e-02	4.387256660e+00	5.467622763e-02	9.143725015e-15
-3.800000000e-02	4.387272576e+00	5.423565870e-02	1.220431908e-14
-3.900000000e-02	4.387288536e+00	5.379509023e-02	2.043673781e-14
-4.000000000e-02	4.387304538e+00	5.335452221e-02	9.995034247e-15
-4.100000000e-02	4.387320583e+00	5.291395467e-02	1.050796345e-14
-4.200000000e-02	4.387336671e+00	5.247338762e-02	1.342493142e-14
-4.300000000e-02	4.387352802e+00	5.203282107e-02	1.075006668e-14
-4.400000000e-02	4.387368976e+00	5.159225502e-02	1.189412063e-14
-4.500000000e-02	4.387385192e+00	5.115168950e-02	1.267343552e-14
-4.600000000e-02	4.387401452e+00	5.071112451e-02	1.572692544e-14
-4.700000000e-02	4.387417754e+00	5.027056007e-02	9.357094289e-15
-4.800000000e-02	4.387434099e+00	4.982999619e-02	1.864644543e-14
-4.900000000e-02	4.387450487e+00	4.938943288e-02	2.076060368e-14
-5.000000000e-02	4.387466918e+00	4.894887015e-02	1.162318841e-14
-5.100000000e-02	4.387483392e+00	4.850830802e-02	1.163804609e-14
-5.200000000e-02	4.387499908e+00	4.806774649e-02	6.861148678e-15
-5.300000000e-02	4.387516468e+00	4.762718558e-02	1.615414628e-14
-5.400000000e-02	4.387533070e+00	4.718662531e-02	1.375701145e-14
-5.500000000e-02	4.387549715e+00	4.674606567e-02	1.656172505e-14
-5.600000000e-02	4.387566403e+00	4.630550669e-02	1.608426814e-14
-5.700000000e-02	4.387583134e+00	4.586494838e-02	1.745403899e-14
-5.800000000e-02	4.387599907e+00	4.542439075e-02	2.031900083e-14
-5.900000000e-02	4.387616724e+00	4.498383380e-02	1.571142145e-14
-6.000000000e-02	4.387633583e+00	4.454327756e-02	1.209189447e-14
-6.100000000e-02	4.387650486e+00	4.410272204e-02	1.128471742e-14
-6.200000000e-02	4.387667431e+00	4.366216724e-02	1.197381403e-14
-6.300000000e-02	4.387684419e+00	4.322161318e-02	1.599407510e-14
-6.400000000e-02	4.387701449e+00	4.278105987e-02	8.246041617e-15
-6.500000000e-02	4.387718523e+00	4.234050733e-02	1.294477441e-14
-6.600000000e-02	4.387735640e+00	4.189995556e-02	1.395427016e-14
-6.700000000e-02	4.387752799e+00	4.145940458e-02	1.164247616e-14
-6.800000000e-02	4.387770001e+00	4.101885439e-02	1.593994638e-14
-6.900000000e-02	4.387787246e+00	4.057830502e-02	1.226329953e-14
-7.000000000e-02	4.387804534e+00	4.013775647e-02	1.532431586e-14
-7.100000000e-02	4.387821865e+00	3.969720876e-02	1.003175049e-14
-7.200000000e-02	4.387839238e+00	3.925666189e-02	1.362256251e-14
-7.300000000e-02	4.387856655e+00	3.881611588e-02	1.618025475e-14
-7.400000000e-02	4.387874114e+00	3.837557075e-02	2.204815849e-14
-7.500000000e-02	4.387891616e+00	3.793502650e-02	8.267384200e-15
-7.600000000e-02	4.387909161e+00	3.749448314e-02	1.243658095e-14
-7.700000000e-02	4.387926749e+00	3.705394069e-02	6.473794643e-15
-7.800000000e-02	4.387944380e+00	3.661339916e-02	7.890751989e-15
-7.900000000e-02	4.387962053e+00	3.617285856e-02	1.317270379e-14
-8.000000000e-02	4.387979770e+00	3.573231890e-02	1.754546088e-14
-8.100000000e-02	4.387997529e+00	3.529178020e-02	1.204292168e-14
-8.200000000e-02	4.388015331e+00	3.485124247e-02	2.305493194e-14
-8.300000000e-02	4.388033176e+00	3.441070571e-02	1.663540526e-14
-8.400000000e-02	4.388051063e+00	3.397016995e-02	1.555240741e-14
-8.500000000e-02	4.388068994e+00	3.352963519e-02	1.529985363e-14
-8.600000000e-02	4.388086967e+00	3.308910145e-02	1.027605035e-14
-8.700000000e-02	4.388104984e+00	3.264856874e-02	1.788947395e-14
-8.800000000e-02	4.388123043e+00	3.220803706e-02	1.444478776e-14
-8.900000000e-02	4.388141145e+00	3.176750643e-02	1.297047054e-14
-9.000000000e-02	4.388159290e+00	3.132697687e-02	1.317897683e-14
-9.100000000e-02	4.388177477e+00	3.088644839e-02	1.083090339e-14
-9.200000000e-02	4.388195708e+00	3.044592099e-02	1.106987429e-14
-9.300000000e-02	4.388213981e+00	3.000539469e-02	1.991812536e-14
-9.400000000e-02	4.388232297e+00	2.956486951e-02	1.546186180e-14
-9.500000000e-02	4.388250656e+00	2.912434544e-02	1.149314735e-14
-9.600000000e-02	4.388269058e+00	2.868382252e-02	1.208794705e-14
-9.700000000e-02	4.388287503e+00	2.824330074e-02	1.380858988e-14
-9.800000000e-02	4.388305990e+00	2.780278012e-02	1.579951307e-14
-9.900000000e-02	4.388324520e+00	2.736226067e-02	1.783947414e-14
-1.000000000e-01	4.388343094e+00	2.692174241e-02	1.175687115e-14
-1.010000000e-01	4.388361710e+00	2.648122534e-02	8.877053794e-15
-1.020000000e-01	4.388380369e+00	2.604070948e-02	2.160830092e-14
-1.030000000e-01	4.388399070e+00	2.560019484e-02	1.522015436e-14
-1.040000000e-01	4.388417815e+00	2.515968143e-02	1.365519794e-14
-1.050000000e-01	4.388436602e+00	2.471916927e-02	2.002909005e-14
-1.060000000e-01	4.388455432e+00	2.427865836e-02	1.180435886e-14
-1.070000000e-01	4.388474305e+00	2.383814872e-02	1.137911028e-14
-1.080000000e-01	4.388493221e+00	2.339764035e-02	1.395747169e-14
-1.090000000e-01	4.388512180e+00	2.295713328e-02	1.856248688e-14
-1.100000000e-01	4.388531181e+00	2.251662752e-02	1.643738907e-14
-1.110000000e-01	4.388550226e+00	2.207612307e-02	1.177711373e-14
-1.120000000e-01	4.388569313e+00	2.163561995e-02	1.280147315e-14
-1.130000000e-01	4.388588443e+00	2.119511817e-02	7.196662665e-15
-1.140000000e-01	4.388607616e+00	2.075461774e-02	1.509052699e-14
-1.150000000e-01	4.388626831e+00	2.031411867e-02	8.994423957e-15
-1.160000000e-01	4.388646090e+00	1.987362098e-02	1.576848682e-14
-1.170000000e-01	4.388665391e+00	1.943312468e-02	1.349503642e-14
-1.180000000e-01	4.388684735e+00	1.899262978e-02	1.241308414e-14
-1.190000000e-01	4.388704122e+00	1.855213629e-02	5.749917025e-15
-1.200000000e-01	4.388723552e+00	1.811164422e-02	8.884007700e-15
-1.210000000e-01	4.388743024e+00	1.767115359e-02	1.784889967e-14
-1.220000000e-01	4.388762540e+00	1.723066441e-02	1.061015196e-14
-1.230000000e-01	4.388782098e+00	1.679017669e-02	8.264618490e-15
-1.240000000e-01	4.388801699e+00	1.634969044e-02	1.090529050e-14
-1.250000000e-01	4.388821343e+00	1.590920567e-02	1.327066324e-14
-1.260000000e-01	4.388841030e+00	1.546872240e-02	1.015507169e-14
-1.270000000e-01	4.388860759e+00	1.502824064e-02	1.432244420e-14
-1.280000000e-01	4.388880532e+00	1.458776040e-02	1.744538317e-14
-1.290000000e-01	4.388900347e+00	1.414728169e-02	1.036295395e-14
-1.300000000e-01	4.388920205e+00	1.370680452e-02	1.253272833e-14
-1.310000000e-01	4.388940106e+00	1.326632891e-02	1.721823677e-14
-1.320000000e-01	4.085950662e+00	-1.865261754e-03	1.002395500e-27
-1.330000000e-01	4.085976785e+00	-2.388366724e-03	9.384544899e-28
-1.340000000e-01	4.086002975e+00	-2.911468267e-03	1.563313478e-27
-1.350000000e-01	4.086029231e+00	-3.434566355e-03	6.378904021e-28
-1.360000000e-01	4.086055555e+00	-3.957660964e-03	1.520611638e-27
-1.370000000e-01	4.086081946e+00	-4.480752068e-03	9.498433812e-28
-1.380000000e-01	4.086108403e+00	-5.003839641e-03	1.420604972e-27
-1.390000000e-01	4.086134928e+00	-5.526923657e-03	5.516592311e-28
-1.400000000e-01	4.086161520e+00	-6.050004091e-03	1.850729438e-27
-1.410000000e-01	4.086188178e+00	-6.573080917e-03	1.143051262e-27
-1.420000000e-01	4.086214904e+00	-7.096154110e-03	1.464259830e-27
-1.430000000e-01	4.086241697e+00	-7.619223643e-03	9.313485480e-28
-1.440000000e-01	4.086268556e+00	-8.142289491e-03	9.596995125e-28
-1.450000000e-01	4.086295483e+00	-8.665351629e-03	1.726392235e-27
-1.460000000e-01	4.086322476e+00	-9.188410031e-03	2.195548148e-27
-1.470000000e-01	4.086349537e+00	-9.711464670e-03	1.102109899e-27
-1.480000000e-01	4.086376664e+00	-1.023451552e-02	6.603446700e-28
-1.490000000e-01	4.086403859e+00	-1.075756256e-02	1.939952255e-27
-1.500000000e-01	4.086431120e+00	-1.128060576e-02	1.184893379e-27
-1.510000000e-01	4.086458448e+00	-1.180364510e-02	1.865475135e-27
-1.520000000e-01	4.086485844e+00	-1.232668054e-02	1.896355442e-27
-1.530000000e-01	4.086513306e+00	-1.284971207e-02	1.571001148e-27
-1.540000000e-01	4.086540835e+00	-1.337273966e-02	5.875141464e-28
-1.550000000e-01	4.086568432e+00	-1.389576328e-02	1.129742725e-27
-1.560000000e-01	4.086596095e+00	-1.441878291e-02	2.102227164e-27
-1.570000000e-01	4.086623825e+00	-1.494179852e-02	1.185724861e-27
-1.580000000e-01	4.086651622e+00	-1.546481008e-02	1.386707056e-27
-1.590000000e-01	4.086679486e+00	-1.598781758e-02	1.179961194e-27
-1.600000000e-01	4.086707417e+00	-1.651082098e-02	8.698820685e-28
-1.610000000e-01	4.086735415e+00	-1.703382026e-02	1.624521921e-28
-1.620000000e-01	4.086763479e+00	-1.755681539e-02	1.416173808e-27
-1.630000000e-01	4.086791611e+00	-1.807980635e-02	7.841017265e-28
-1.640000000e-01	4.086819810e+00	-1.860279311e-02	5.414353559e-28
-1.650000000e-01	4.086848075e+00	-1.912577565e-02	2.679672444e-28
-1.660000000e-01	4.086876408e+00	-1.964875394e-02	1.158629641e-27
-1.670000000e-01	4.086904807e+00	-2.017172796e-02	1.472262658e-27
-1.680000000e-01	4.086933274e+00	-2.069469767e-02	9.716068907e-28
-1.690000000e-01	4.086961807e+00	-2.121766306e-02	2.344113968e-27
-1.700000000e-01	4.086990407e+00	-2.174062410e-02	2.179910949e-27
-1.710000000e-01	4.087019074e+00	-2.226358076e-02	1.788353347e-27
-1.720000000e-01	4.087047808e+00	-2.278653302e-02	1.121351915e-27
-1.730000000e-01	4.087076609e+00	-2.330948085e-02	1.161848699e-27
-1.740000000e-01	4.087105477e+00	-2.383242422e-02	1.650890389e-27
-1.750000000e-01	4.087134412e+00	-2.435536312e-02	2.085957586e-27
-1.760000000e-01	4.087163413e+00	-2.487829751e-02	2.241439141e-27
-1.770000000e-01	4.087192482e+00	-2.540122737e-02	6.282965749e-28
-1.780000000e-01	4.087221617e+00	-2.592415267e-02	1.367804461e-27
-1.790000000e-01	4.087250819e+00	-2.644707339e-02	5.744055766e-28
-1.800000000e-01	4.087280088e+00	-2.696998951e-02	9.019847868e-28
-1.810000000e-01	4.087309424e+00	-2.749290099e-02	1.786289671e-27
-1.820000000e-01	4.087338827e+00	-2.801580781e-02	2.518154484e-27
-1.830000000e-01	4.087368297e+00	-2.853870995e-02	8.445993061e-28
-1.840000000e-01	4.087397834e+00	-2.906160738e-02	2.088958747e-27
-1.850000000e-01	4.087427437e+00	-2.958450007e-02	2.918442921e-28
-1.860000000e-01	4.087457108e+00	-3.010738800e-02	1.985930704e-27
-1.870000000e-01	4.087486845e+00	-3.063027115e-02	1.998726405e-27
-1.880000000e-01	4.087516649e+00	-3.115314948e-02	2.687995339e-27
-1.890000000e-01	4.087546520e+00	-3.167602298e-02	5.391928810e-28
-1.900000000e-01	4.087576458e+00	-3.219889161e-02	1.642523079e-27
-1.910000000e-01	4.087606463e+00	-3.272175535e-02	3.476282094e-28
-1.920000000e-01	4.087636534e+00	-3.324461418e-02	7.930838205e-28
-1.930000000e-01	4.087666672e+00	-3.376746807e-02	5.910960148e-28
-1.940000000e-01	4.087696878e+00	-3.429031700e-02	1.620130513e-28
-1.950000000e-01	4.087727150e+00	-3.481316093e-02	1.205503974e-27
-1.960000000e-01	4.087757488e+00	-3.533599985e-02	9.440156065e-28
-1.970000000e-01	4.087787894e+00	-3.585883373e-02	1.124403500e-27
-1.980000000e-01	4.087818367e+00	-3.638166253e-02	1.253810470e-27
-1.990000000e-01	4.087848906e+00	-3.690448625e-02	1.408429888e-27
-2.000000000e-01	4.087879512e+00	-3.742730484e-02	2.421464323e-27
