# epsi_ci     Re(Lambda)      Im(Lambda)      Eq(det), R = 0.5 $\mu$m, $E_p$ = 0.600 eV, modo = 4, $\epsilon_\infty$ = 3.9, $\gamma_{DL}$ = 0.01 eV, solve_det_sinkz_vs_mu.py
0.000000000e+00	4.444256991e+00	7.501347656e-02	2.250244786e-14
-1.000000000e-03	4.444272013e+00	7.456783078e-02	1.104403877e-14
-2.000000000e-03	4.444287079e+00	7.412218500e-02	2.599682335e-14
-3.000000000e-03	4.444302188e+00	7.367653922e-02	1.759838963e-14
-4.000000000e-03	4.444317340e+00	7.323089346e-02	2.132570867e-14
-5.000000000e-03	4.444332535e+00	7.278524774e-02	1.536459928e-14
-6.000000000e-03	4.444347774e+00	7.233960207e-02	1.483036702e-14
-7.000000000e-03	4.444363056e+00	7.189395645e-02	1.177246299e-14
-8.000000000e-03	4.444378381e+00	7.144831091e-02	1.886078227e-14
-9.000000000e-03	4.444393750e+00	7.100266544e-02	1.741030783e-14
-1.000000000e-02	4.444409162e+00	7.055702007e-02	1.579944547e-14
-1.100000000e-02	4.444424617e+00	7.011137481e-02	1.252005348e-14
-1.200000000e-02	4.444440116e+00	6.966572967e-02	2.022935539e-14
-1.300000000e-02	4.444455658e+00	6.922008466e-02	1.177121345e-14
-1.400000000e-02	4.444471243e+00	6.877443979e-02	2.200232117e-14
-1.500000000e-02	4.444486872e+00	6.832879508e-02	1.924017947e-14
-1.600000000e-02	4.444502543e+00	6.788315053e-02	2.150956410e-14
-1.700000000e-02	4.444518259e+00	6.743750617e-02	9.609338597e-15
-1.800000000e-02	4.444534017e+00	6.699186199e-02	1.491420337e-14
-1.900000000e-02	4.444549819e+00	6.654621802e-02	1.886340645e-14
-2.000000000e-02	4.444565664e+00	6.610057427e-02	1.525076419e-14
-2.100000000e-02	4.444581553e+00	6.565493075e-02	1.776595655e-14
-2.200000000e-02	4.444597484e+00	6.520928746e-02	1.364212485e-14
-2.300000000e-02	4.444613459e+00	6.476364443e-02	1.246753863e-14
-2.400000000e-02	4.444629478e+00	6.431800166e-02	2.260116754e-14
-2.500000000e-02	4.444645539e+00	6.387235917e-02	1.957776944e-14
-2.600000000e-02	4.444661645e+00	6.342671697e-02	2.181547696e-14
-2.700000000e-02	4.444677793e+00	6.298107508e-02	2.348527150e-14
-2.800000000e-02	4.444693985e+00	6.253543349e-02	1.985773267e-14
-2.900000000e-02	4.444710219e+00	6.208979223e-02	1.565731833e-14
-3.000000000e-02	4.444726498e+00	6.164415131e-02	1.558148915e-14
-3.100000000e-02	4.444742819e+00	6.119851074e-02	1.516926570e-14
-3.200000000e-02	4.444759184e+00	6.075287053e-02	1.837069540e-14
-3.300000000e-02	4.444775592e+00	6.030723069e-02	2.602413913e-14
-3.400000000e-02	4.444792044e+00	5.986159124e-02	1.869548763e-14
-3.500000000e-02	4.444808539e+00	5.941595219e-02	9.122392415e-15
-3.600000000e-02	4.444825077e+00	5.897031355e-02	1.331539301e-14
-3.700000000e-02	4.444841659e+00	5.852467533e-02	2.076263985e-14
-3.800000000e-02	4.444858283e+00	5.807903755e-02	1.841643694e-14
-3.900000000e-02	4.444874951e+00	5.763340021e-02	1.384468624e-14
-4.000000000e-02	4.444891663e+00	5.718776334e-02	1.791872318e-14
-4.100000000e-02	4.444908418e+00	5.674212693e-02	1.921982685e-14
-4.200000000e-02	4.444925216e+00	5.629649101e-02	1.487510481e-14
-4.300000000e-02	4.444942057e+00	5.585085559e-02	6.695861446e-15
-4.400000000e-02	4.444958942e+00	5.540522067e-02	1.640357096e-14
-4.500000000e-02	4.444975870e+00	5.495958627e-02	1.708443308e-14
-4.600000000e-02	4.444992841e+00	5.451395241e-02	1.581207671e-14
-4.700000000e-02	4.445009855e+00	5.406831909e-02	2.576986375e-14
-4.800000000e-02	4.445026913e+00	5.362268632e-02	1.914179407e-14
-4.900000000e-02	4.445044015e+00	5.317705413e-02	3.443649319e-14
-5.000000000e-02	4.445061159e+00	5.273142251e-02	1.571430035e-14
-5.100000000e-02	4.445078347e+00	5.228579149e-02	1.956357226e-14
-5.200000000e-02	4.445095578e+00	5.184016108e-02	1.885514242e-14
-5.300000000e-02	4.445112852e+00	5.139453128e-02	2.345031483e-14
-5.400000000e-02	4.445130170e+00	5.094890211e-02	1.177630956e-14
-5.500000000e-02	4.445147531e+00	5.050327358e-02	1.399513172e-14
-5.600000000e-02	4.445164936e+00	5.005764570e-02	1.186446113e-14
-5.700000000e-02	4.445182383e+00	4.961201849e-02	1.910734209e-14
-5.800000000e-02	4.445199874e+00	4.916639196e-02	1.719139752e-14
-5.900000000e-02	4.445217409e+00	4.872076612e-02	2.217293147e-14
-6.000000000e-02	4.445234986e+00	4.827514098e-02	2.563171491e-14
-6.100000000e-02	4.445252607e+00	4.782951656e-02	1.804028671e-14
-6.200000000e-02	4.445270271e+00	4.738389286e-02	1.171867405e-14
-6.300000000e-02	4.445287979e+00	4.693826990e-02	1.084887189e-14
-6.400000000e-02	4.445305730e+00	4.649264770e-02	2.096414290e-14
-6.500000000e-02	4.445323524e+00	4.604702625e-02	1.885616100e-14
-6.600000000e-02	4.445341361e+00	4.560140558e-02	1.081849503e-14
-6.700000000e-02	4.445359242e+00	4.515578570e-02	2.204466903e-14
-6.800000000e-02	4.445377166e+00	4.471016662e-02	2.204744910e-14
-6.900000000e-02	4.445395133e+00	4.426454835e-02	2.210796297e-14
-7.000000000e-02	4.445413144e+00	4.381893090e-02	1.947506021e-14
-7.100000000e-02	4.445431198e+00	4.337331429e-02	1.997540161e-14
-7.200000000e-02	4.445449295e+00	4.292769853e-02	3.049873936e-14
-7.300000000e-02	4.445467436e+00	4.248208362e-02	1.383513657e-14
-7.400000000e-02	4.445485620e+00	4.203646959e-02	1.913410911e-14
-7.500000000e-02	4.445503847e+00	4.159085645e-02	1.140717510e-14
-7.600000000e-02	4.445522117e+00	4.114524420e-02	1.208488620e-14
-7.700000000e-02	4.445540431e+00	4.069963286e-02	1.022352155e-14
-7.800000000e-02	4.445558788e+00	4.025402244e-02	1.580079533e-14
-7.900000000e-02	4.445577189e+00	3.980841295e-02	1.826021876e-14
-8.000000000e-02	4.445595632e+00	3.936280441e-02	1.953630270e-14
-8.100000000e-02	4.445614119e+00	3.891719682e-02	1.239101941e-14
-8.200000000e-02	4.445632649e+00	3.847159021e-02	2.890534454e-14
-8.300000000e-02	4.445651223e+00	3.802598458e-02	2.631230633e-14
-8.400000000e-02	4.445669840e+00	3.758037994e-02	1.459449733e-14
-8.500000000e-02	4.445688500e+00	3.713477630e-02	2.379626288e-14
-8.600000000e-02	4.445707203e+00	3.668917369e-02	2.006432018e-14
-8.700000000e-02	4.445725950e+00	3.624357210e-02	1.315649470e-14
-8.800000000e-02	4.445744740e+00	3.579797156e-02	1.964414577e-14
-8.900000000e-02	4.445763574e+00	3.535237207e-02	1.653503239e-14
-9.000000000e-02	4.445782450e+00	3.490677365e-02	1.857493435e-14
-9.100000000e-02	4.445801370e+00	3.446117631e-02	1.797343218e-14
-9.200000000e-02	4.445820333e+00	3.401558006e-02	1.322206168e-14
-9.300000000e-02	4.445839340e+00	3.356998491e-02	1.631241343e-14
-9.400000000e-02	4.445858390e+00	3.312439088e-02	1.963629125e-14
-9.500000000e-02	4.445877483e+00	3.267879797e-02	1.634436548e-14
-9.600000000e-02	4.445896619e+00	3.223320620e-02	1.971959165e-14
-9.700000000e-02	4.445915799e+00	3.178761559e-02	1.325859185e-14
-9.800000000e-02	4.445935022e+00	3.134202614e-02	1.497679641e-14
-9.900000000e-02	4.445954288e+00	3.089643786e-02	2.017730934e-14
-1.000000000e-01	4.445973598e+00	3.045085078e-02	2.612811248e-14
-1.010000000e-01	4.445992951e+00	3.000526489e-02	1.386392292e-14
-1.020000000e-01	4.446012347e+00	2.955968021e-02	1.904717705e-14
-1.030000000e-01	4.446031786e+00	2.911409676e-02	9.943764024e-15
-1.040000000e-01	4.446051269e+00	2.866851455e-02	2.406351323e-14
-1.050000000e-01	4.446070795e+00	2.822293359e-02	1.217071312e-14
-1.060000000e-01	4.446090364e+00	2.777735388e-02	1.623999593e-14
-1.070000000e-01	4.446109977e+00	2.733177545e-02	1.691834783e-14
-1.080000000e-01	4.446129633e+00	2.688619831e-02	3.701012085e-14
-1.090000000e-01	4.446149332e+00	2.644062246e-02	2.053138404e-14
-1.100000000e-01	4.446169074e+00	2.599504792e-02	1.582970414e-14
-1.110000000e-01	4.446188860e+00	2.554947470e-02	1.391552877e-14
-1.120000000e-01	4.446208689e+00	2.510390282e-02	2.031392540e-14
-1.130000000e-01	4.446228561e+00	2.465833228e-02	1.767397849e-14
-1.140000000e-01	4.446248477e+00	2.421276310e-02	1.472862064e-14
-1.150000000e-01	4.446268436e+00	2.376719529e-02	2.631112087e-14
-1.160000000e-01	4.446288438e+00	2.332162886e-02	1.461792940e-14
-1.170000000e-01	4.446308483e+00	2.287606383e-02	1.985237138e-14
-1.180000000e-01	4.446328572e+00	2.243050020e-02	2.298534790e-14
-1.190000000e-01	4.085617165e+00	4.935403132e-03	1.664333377e-27
-1.200000000e-01	4.085642417e+00	4.412255934e-03	1.390516776e-27
-1.210000000e-01	4.085667735e+00	3.889111830e-03	1.435751660e-27
-1.220000000e-01	4.085693121e+00	3.365970846e-03	1.527420162e-27
-1.230000000e-01	4.085718573e+00	2.842833007e-03	4.152089940e-28
-1.240000000e-01	4.085744093e+00	2.319698340e-03	7.877716451e-28
-1.250000000e-01	4.085769680e+00	1.796566869e-03	2.467570808e-27
-1.260000000e-01	4.085795333e+00	1.273438621e-03	1.944704585e-27
-1.270000000e-01	4.085821054e+00	7.503136212e-04	3.325665096e-27
-1.280000000e-01	4.085846842e+00	2.271918954e-04	1.321480899e-28
-1.290000000e-01	4.085872696e+00	-2.959265307e-04	1.970927460e-27
-1.300000000e-01	4.085898618e+00	-8.190416315e-04	1.026426802e-27
-1.310000000e-01	4.085924607e+00	-1.342153381e-03	3.009257310e-28
-1.320000000e-01	4.085950662e+00	-1.865261754e-03	1.309021901e-27
-1.330000000e-01	4.085976785e+00	-2.388366725e-03	6.356590772e-28
-1.340000000e-01	4.086002975e+00	-2.911468267e-03	2.638970605e-27
-1.350000000e-01	4.086029231e+00	-3.434566355e-03	1.113227276e-27
-1.360000000e-01	4.086055555e+00	-3.957660964e-03	1.723891033e-27
-1.370000000e-01	4.086081946e+00	-4.480752068e-03	3.237853537e-28
-1.380000000e-01	4.086108403e+00	-5.003839641e-03	1.767839353e-27
-1.390000000e-01	4.086134928e+00	-5.526923657e-03	2.571481766e-28
-1.400000000e-01	4.086161520e+00	-6.050004091e-03	8.507421193e-28
-1.410000000e-01	4.086188178e+00	-6.573080917e-03	1.448654496e-27
-1.420000000e-01	4.086214904e+00	-7.096154110e-03	1.572128935e-27
-1.430000000e-01	4.086241697e+00	-7.619223643e-03	2.619522548e-27
-1.440000000e-01	4.086268556e+00	-8.142289491e-03	5.776994261e-28
-1.450000000e-01	4.086295483e+00	-8.665351629e-03	1.534190550e-27
-1.460000000e-01	4.086322476e+00	-9.188410031e-03	1.634558074e-27
-1.470000000e-01	4.086349537e+00	-9.711464670e-03	1.217513100e-27
-1.480000000e-01	4.086376664e+00	-1.023451552e-02	2.866370659e-28
-1.490000000e-01	4.086403859e+00	-1.075756256e-02	1.666619830e-27
-1.500000000e-01	4.086431120e+00	-1.128060576e-02	1.054253989e-27
-1.510000000e-01	4.086458448e+00	-1.180364510e-02	1.335937575e-27
-1.520000000e-01	4.086485844e+00	-1.232668054e-02	1.342097424e-27
-1.530000000e-01	4.086513306e+00	-1.284971207e-02	1.208271285e-27
-1.540000000e-01	4.086540835e+00	-1.337273966e-02	2.101336361e-27
-1.550000000e-01	4.086568432e+00	-1.389576328e-02	8.973412669e-28
-1.560000000e-01	4.086596095e+00	-1.441878291e-02	1.766980037e-28
-1.570000000e-01	4.086623825e+00	-1.494179852e-02	3.155471998e-27
-1.580000000e-01	4.086651622e+00	-1.546481008e-02	1.891973384e-27
-1.590000000e-01	4.086679486e+00	-1.598781758e-02	2.127164751e-27
-1.600000000e-01	4.086707417e+00	-1.651082098e-02	2.588432954e-27
-1.610000000e-01	4.086735415e+00	-1.703382026e-02	3.301876752e-27
-1.620000000e-01	4.086763479e+00	-1.755681539e-02	3.973255591e-27
-1.630000000e-01	4.086791611e+00	-1.807980635e-02	1.967594936e-27
-1.640000000e-01	4.086819810e+00	-1.860279311e-02	1.090831244e-27
-1.650000000e-01	4.086848075e+00	-1.912577565e-02	1.531705523e-27
-1.660000000e-01	4.086876408e+00	-1.964875394e-02	1.040554492e-27
-1.670000000e-01	4.086904807e+00	-2.017172796e-02	1.411507721e-27
-1.680000000e-01	4.086933274e+00	-2.069469767e-02	1.113155178e-27
-1.690000000e-01	4.086961807e+00	-2.121766306e-02	1.255024012e-27
-1.700000000e-01	4.086990407e+00	-2.174062410e-02	1.951621798e-27
-1.710000000e-01	4.087019074e+00	-2.226358076e-02	2.132257326e-27
-1.720000000e-01	4.087047808e+00	-2.278653302e-02	6.653793872e-28
-1.730000000e-01	4.087076609e+00	-2.330948085e-02	6.964370997e-28
-1.740000000e-01	4.087105477e+00	-2.383242422e-02	1.763955188e-27
-1.750000000e-01	4.087134412e+00	-2.435536312e-02	1.400318751e-27
-1.760000000e-01	4.087163413e+00	-2.487829751e-02	3.244488316e-27
-1.770000000e-01	4.087192482e+00	-2.540122737e-02	5.270846589e-28
-1.780000000e-01	4.087221617e+00	-2.592415267e-02	1.737978574e-27
-1.790000000e-01	4.087250819e+00	-2.644707339e-02	2.920981141e-27
-1.800000000e-01	4.087280088e+00	-2.696998951e-02	1.346860301e-27
-1.810000000e-01	4.087309424e+00	-2.749290099e-02	2.754042274e-27
-1.820000000e-01	4.087338827e+00	-2.801580781e-02	1.963102870e-27
-1.830000000e-01	4.087368297e+00	-2.853870995e-02	1.191857463e-27
-1.840000000e-01	4.087397834e+00	-2.906160738e-02	9.965514591e-28
-1.850000000e-01	4.087427437e+00	-2.958450007e-02	2.296154170e-27
-1.860000000e-01	4.087457108e+00	-3.010738800e-02	2.423499436e-27
-1.870000000e-01	4.087486845e+00	-3.063027115e-02	1.954411743e-27
-1.880000000e-01	4.087516649e+00	-3.115314948e-02	2.208423888e-27
-1.890000000e-01	4.087546520e+00	-3.167602298e-02	3.089781862e-27
-1.900000000e-01	4.087576458e+00	-3.219889161e-02	1.355649949e-27
-1.910000000e-01	4.087606463e+00	-3.272175535e-02	2.123550848e-28
-1.920000000e-01	4.087636534e+00	-3.324461418e-02	6.929301363e-28
-1.930000000e-01	4.087666672e+00	-3.376746807e-02	1.072525607e-27
-1.940000000e-01	4.087696878e+00	-3.429031700e-02	3.741962118e-28
-1.950000000e-01	4.087727150e+00	-3.481316093e-02	1.249013098e-27
-1.960000000e-01	4.087757488e+00	-3.533599985e-02	1.932333635e-27
-1.970000000e-01	4.087787894e+00	-3.585883373e-02	1.248873453e-27
-1.980000000e-01	4.087818367e+00	-3.638166253e-02	1.612137027e-27
-1.990000000e-01	4.087848906e+00	-3.690448625e-02	1.608913714e-27
-2.000000000e-01	4.087879512e+00	-3.742730484e-02	1.348190075e-27
