# epsi_ci     Re(Lambda)      Im(Lambda)      Eq(det), R = 0.10 $\mu$m, $E_p$ = 0.300 eV, modo = 2, $\epsilon_\infty$ = 3.9, $\gamma_{DL}$ = 0.01 eV, solve_det_sinkz_vs_mu.py
0.000000000e+00	5.201129570e+00	6.394301513e-02	2.958439057e-16
-5.000000000e-04	5.201139516e+00	6.350158159e-02	5.186862370e-16
-1.000000000e-03	5.201149499e+00	6.306014804e-02	5.439665139e-16
-1.500000000e-03	5.201159520e+00	6.261871449e-02	4.341146117e-16
-2.000000000e-03	5.201169579e+00	6.217728093e-02	5.174119581e-16
-2.500000000e-03	5.201179675e+00	6.173584739e-02	2.604428825e-16
-3.000000000e-03	5.201189808e+00	6.129441387e-02	5.265226650e-16
-3.500000000e-03	5.201199979e+00	6.085298038e-02	5.674161081e-16
-4.000000000e-03	5.201210187e+00	6.041154694e-02	6.274777995e-16
-4.500000000e-03	5.201220432e+00	5.997011353e-02	4.675084997e-16
-5.000000000e-03	5.201230715e+00	5.952868020e-02	5.229730866e-16
-5.500000000e-03	5.201241035e+00	5.908724694e-02	6.307068067e-16
-6.000000000e-03	5.201251393e+00	5.864581375e-02	8.393699679e-16
-6.500000000e-03	5.201261788e+00	5.820438065e-02	4.424899884e-16
-7.000000000e-03	5.201272220e+00	5.776294765e-02	6.236074156e-16
-7.500000000e-03	5.201282690e+00	5.732151475e-02	6.072651759e-16
-8.000000000e-03	5.201293197e+00	5.688008197e-02	5.338084111e-16
-8.500000000e-03	5.201303742e+00	5.643864933e-02	3.053173669e-16
-9.000000000e-03	5.201314324e+00	5.599721681e-02	5.686561130e-16
-9.500000000e-03	5.201324943e+00	5.555578445e-02	4.760322130e-16
-1.000000000e-02	5.201335600e+00	5.511435224e-02	8.624087209e-16
-1.050000000e-02	5.201346294e+00	5.467292019e-02	5.657449037e-16
-1.100000000e-02	5.201357026e+00	5.423148832e-02	6.273225542e-16
-1.150000000e-02	5.201367795e+00	5.379005663e-02	4.962815097e-16
-1.200000000e-02	5.201378602e+00	5.334862514e-02	4.317679796e-16
-1.250000000e-02	5.201389445e+00	5.290719384e-02	2.680075753e-16
-1.300000000e-02	5.201400327e+00	5.246576276e-02	3.936735476e-16
-1.350000000e-02	5.201411245e+00	5.202433190e-02	9.116064427e-16
-1.400000000e-02	5.201422201e+00	5.158290128e-02	2.379230920e-16
-1.450000000e-02	5.201433195e+00	5.114147089e-02	5.911350600e-16
-1.500000000e-02	5.201444226e+00	5.070004076e-02	4.572650392e-16
-1.550000000e-02	5.201455294e+00	5.025861089e-02	6.142088911e-16
-1.600000000e-02	5.201466399e+00	4.981718128e-02	4.852131481e-16
-1.650000000e-02	5.201477543e+00	4.937575195e-02	3.654966822e-16
-1.700000000e-02	5.201488723e+00	4.893432291e-02	6.136730577e-16
-1.750000000e-02	5.201499941e+00	4.849289417e-02	6.843219164e-16
-1.800000000e-02	5.201511196e+00	4.805146574e-02	5.717663674e-16
-1.850000000e-02	5.201522489e+00	4.761003763e-02	3.907198298e-16
-1.900000000e-02	5.201533819e+00	4.716860984e-02	4.889493905e-16
-1.950000000e-02	5.201545186e+00	4.672718238e-02	6.361390580e-16
-2.000000000e-02	5.201556591e+00	4.628575528e-02	4.665541750e-16
-2.050000000e-02	5.201568033e+00	4.584432853e-02	3.782240907e-16
-2.100000000e-02	5.201579513e+00	4.540290214e-02	3.740604537e-16
-2.150000000e-02	5.201591030e+00	4.496147613e-02	3.492665242e-16
-2.200000000e-02	5.201602584e+00	4.452005049e-02	5.292944535e-16
-2.250000000e-02	5.201614176e+00	4.407862526e-02	2.584153598e-16
-2.300000000e-02	5.201625806e+00	4.363720042e-02	3.676149844e-16
-2.350000000e-02	5.201637472e+00	4.319577600e-02	4.760807861e-16
-2.400000000e-02	5.201649176e+00	4.275435200e-02	6.588890671e-16
-2.450000000e-02	5.201660918e+00	4.231292844e-02	4.613141080e-16
-2.500000000e-02	5.201672696e+00	4.187150531e-02	3.877008687e-16
-2.550000000e-02	5.201684513e+00	4.143008263e-02	6.897849571e-16
-2.600000000e-02	5.201696366e+00	4.098866041e-02	5.515381812e-16
-2.650000000e-02	5.201708257e+00	4.054723866e-02	4.928592522e-16
-2.700000000e-02	5.201720186e+00	4.010581740e-02	7.715408401e-16
-2.750000000e-02	5.201732152e+00	3.966439661e-02	4.912044473e-16
-2.800000000e-02	5.201744155e+00	3.922297633e-02	5.088115079e-16
-2.850000000e-02	5.201756195e+00	3.878155655e-02	5.118509646e-16
-2.900000000e-02	5.201768273e+00	3.834013728e-02	7.929720900e-16
-2.950000000e-02	5.201780389e+00	3.789871856e-02	5.582270364e-16
-3.000000000e-02	5.201792542e+00	3.745730036e-02	3.620110753e-16
-3.050000000e-02	5.201804732e+00	3.701588270e-02	4.257995125e-16
-3.100000000e-02	5.201816959e+00	3.657446560e-02	3.485905313e-16
-3.150000000e-02	5.201829224e+00	3.613304907e-02	7.763047379e-16
-3.200000000e-02	5.201841527e+00	3.569163311e-02	1.562107207e-16
-3.250000000e-02	5.201853866e+00	3.525021773e-02	3.891957293e-16
-3.300000000e-02	5.201866244e+00	3.480880295e-02	4.035706769e-16
-3.350000000e-02	5.201878658e+00	3.436738877e-02	4.485883740e-16
-3.400000000e-02	5.201891110e+00	3.392597520e-02	2.966183879e-16
-3.450000000e-02	5.201903599e+00	3.348456225e-02	3.618340352e-16
-3.500000000e-02	5.201916126e+00	3.304314993e-02	4.769918511e-16
-3.550000000e-02	5.201928690e+00	3.260173826e-02	2.445560196e-16
-3.600000000e-02	5.201941292e+00	3.216032723e-02	4.966248791e-16
-3.650000000e-02	5.201953931e+00	3.171891686e-02	3.179182015e-16
-3.700000000e-02	5.201966607e+00	3.127750716e-02	7.057538723e-16
-3.750000000e-02	5.201979321e+00	3.083609814e-02	5.632227028e-16
-3.800000000e-02	5.201992072e+00	3.039468981e-02	3.604115434e-16
-3.850000000e-02	5.202004860e+00	2.995328218e-02	6.151961498e-16
-3.900000000e-02	5.202017686e+00	2.951187525e-02	5.027660214e-16
-3.950000000e-02	5.202030549e+00	2.907046904e-02	6.647293072e-16
-4.000000000e-02	5.202043450e+00	2.862906355e-02	4.304609498e-16
-4.050000000e-02	5.202056388e+00	2.818765880e-02	5.667043028e-16
-4.100000000e-02	5.202069364e+00	2.774625480e-02	6.147589706e-16
-4.150000000e-02	5.202082376e+00	2.730485155e-02	4.803025509e-16
-4.200000000e-02	5.202095427e+00	2.686344906e-02	6.905077221e-16
-4.250000000e-02	5.202108514e+00	2.642204735e-02	7.283904263e-16
-4.300000000e-02	5.202121639e+00	2.598064642e-02	6.497006685e-16
-4.350000000e-02	5.202134802e+00	2.553924628e-02	3.731719501e-16
-4.400000000e-02	5.202148001e+00	2.509784694e-02	4.073744415e-16
-4.450000000e-02	5.202161238e+00	2.465644843e-02	4.945862496e-16
-4.500000000e-02	5.202174513e+00	2.421505072e-02	3.973973735e-16
-4.550000000e-02	5.202187825e+00	2.377365385e-02	6.270099718e-16
-4.600000000e-02	5.202201174e+00	2.333225781e-02	3.958641397e-16
-4.650000000e-02	5.202214561e+00	2.289086264e-02	6.375528975e-16
-4.700000000e-02	5.202227985e+00	2.244946831e-02	5.935803521e-16
-4.750000000e-02	5.202241446e+00	2.200807485e-02	7.071473182e-16
-4.800000000e-02	5.202254945e+00	2.156668228e-02	3.550680620e-16
-4.850000000e-02	5.202268482e+00	2.112529059e-02	3.532415952e-16
-4.900000000e-02	5.202282055e+00	2.068389979e-02	4.817563807e-16
-4.950000000e-02	5.202295666e+00	2.024250991e-02	5.215173220e-16
-5.000000000e-02	5.202309315e+00	1.980112094e-02	6.428477043e-16
-5.050000000e-02	5.202323000e+00	1.935973289e-02	5.182110884e-16
-5.100000000e-02	5.202336723e+00	1.891834579e-02	2.938221333e-16
-5.150000000e-02	5.202350484e+00	1.847695962e-02	5.468118320e-16
-5.200000000e-02	5.202364282e+00	1.803557441e-02	6.712723649e-16
-5.250000000e-02	5.202378117e+00	1.759419016e-02	3.909369124e-16
-5.300000000e-02	5.202391990e+00	1.715280689e-02	7.471196889e-16
-5.350000000e-02	5.202405900e+00	1.671142460e-02	3.869318479e-16
-5.400000000e-02	5.202419847e+00	1.627004330e-02	1.829935199e-16
-5.450000000e-02	5.202433832e+00	1.582866300e-02	3.226266957e-16
-5.500000000e-02	5.202447854e+00	1.538728372e-02	3.674949092e-16
-5.550000000e-02	5.202461914e+00	1.494590545e-02	3.303155494e-16
-5.600000000e-02	5.202476011e+00	1.450452821e-02	2.757159453e-16
-5.650000000e-02	5.202490145e+00	1.406315201e-02	5.274475803e-16
-5.700000000e-02	5.202504317e+00	1.362177686e-02	6.542077834e-16
-5.750000000e-02	5.202518526e+00	1.318040278e-02	5.342756277e-16
-5.800000000e-02	5.202532772e+00	1.273902976e-02	4.814016763e-16
-5.850000000e-02	5.202547056e+00	1.229765781e-02	4.445282056e-16
-5.900000000e-02	5.202561378e+00	1.185628697e-02	8.970662527e-16
-5.950000000e-02	5.202575736e+00	1.141491720e-02	3.959365565e-16
-6.000000000e-02	5.202590132e+00	1.097354854e-02	5.058275594e-16
-6.050000000e-02	5.202604565e+00	1.053218100e-02	5.581288877e-16
-6.100000000e-02	5.202619036e+00	1.009081460e-02	3.160843810e-16
-6.150000000e-02	5.202633544e+00	9.649449320e-03	4.704168981e-16
-6.200000000e-02	5.202648090e+00	9.208085187e-03	5.645659350e-16
-6.250000000e-02	5.202662672e+00	8.766722204e-03	5.764798388e-16
-6.300000000e-02	5.202677293e+00	8.325360387e-03	4.216960995e-16
-6.350000000e-02	5.202691950e+00	7.883999738e-03	2.944353214e-16
-6.400000000e-02	5.202706645e+00	7.442640274e-03	3.323669761e-16
-6.450000000e-02	5.202721377e+00	7.001282007e-03	4.541567758e-16
-6.500000000e-02	5.202736147e+00	6.559924936e-03	5.853326091e-16
-6.550000000e-02	5.202750954e+00	6.118569076e-03	5.494840270e-16
-6.600000000e-02	5.202765799e+00	5.677214435e-03	5.200604010e-16
-6.650000000e-02	5.202780680e+00	5.235861023e-03	6.596703871e-16
-6.700000000e-02	5.202795600e+00	4.794508852e-03	4.781264051e-16
-6.750000000e-02	5.202810556e+00	4.353157930e-03	2.726664081e-16
-6.800000000e-02	5.202825550e+00	3.911808265e-03	1.385736560e-16
-6.850000000e-02	5.202840581e+00	3.470459869e-03	2.672109480e-16
-6.900000000e-02	5.202855650e+00	3.029112748e-03	4.943986429e-16
-6.950000000e-02	5.202870756e+00	2.587766916e-03	5.292035685e-16
-7.000000000e-02	5.202885899e+00	2.146422376e-03	2.234850018e-16
-7.050000000e-02	5.202901080e+00	1.705079143e-03	6.492792534e-16
-7.100000000e-02	5.202916298e+00	1.263737227e-03	3.455653665e-16
-7.150000000e-02	5.202931553e+00	8.223966346e-04	5.401003894e-16
-7.200000000e-02	5.202946846e+00	3.810573683e-04	5.361308239e-16
-7.250000000e-02	5.202962176e+00	-6.028054069e-05	5.191881774e-16
-7.300000000e-02	5.202977544e+00	-5.016171031e-04	6.162905879e-16
-7.350000000e-02	5.202992949e+00	-9.429523092e-04	1.922803995e-16
-7.400000000e-02	5.203008391e+00	-1.384286138e-03	2.698275690e-16
-7.450000000e-02	5.203023871e+00	-1.825618582e-03	5.635069528e-16
-7.500000000e-02	5.203039388e+00	-2.266949640e-03	7.732047219e-16
-7.550000000e-02	5.203054942e+00	-2.708279298e-03	5.295345424e-16
-7.600000000e-02	5.203070534e+00	-3.149607545e-03	3.512057368e-16
-7.650000000e-02	5.203086163e+00	-3.590934369e-03	4.967615032e-16
-7.700000000e-02	5.203101829e+00	-4.032259769e-03	7.369085486e-16
-7.750000000e-02	5.203117533e+00	-4.473583732e-03	4.393058758e-16
-7.800000000e-02	5.203133274e+00	-4.914906243e-03	2.676520228e-16
-7.850000000e-02	5.203149052e+00	-5.356227299e-03	4.923516928e-16
-7.900000000e-02	5.203164868e+00	-5.797546881e-03	5.400448248e-16
-7.950000000e-02	5.203180721e+00	-6.238864996e-03	6.416049551e-16
-8.000000000e-02	5.203196612e+00	-6.680181621e-03	4.378694613e-16
-8.050000000e-02	5.203212540e+00	-7.121496756e-03	7.514271721e-16
-8.100000000e-02	5.203228505e+00	-7.562810383e-03	4.130001990e-16
-8.150000000e-02	5.203244508e+00	-8.004122491e-03	4.018007230e-16
-8.200000000e-02	5.203260547e+00	-8.445433077e-03	5.071427121e-16
-8.250000000e-02	5.203276625e+00	-8.886742135e-03	4.355587937e-16
-8.300000000e-02	5.203292739e+00	-9.328049646e-03	5.004783238e-16
-8.350000000e-02	5.203308891e+00	-9.769355610e-03	1.868871493e-16
-8.400000000e-02	5.203325081e+00	-1.021066001e-02	4.827860133e-16
-8.450000000e-02	5.203341307e+00	-1.065196283e-02	2.911395017e-16
-8.500000000e-02	5.203357571e+00	-1.109326408e-02	3.756270856e-16
-8.550000000e-02	5.203373873e+00	-1.153456374e-02	3.998258987e-16
-8.600000000e-02	5.203390211e+00	-1.197586180e-02	5.508605044e-16
-8.650000000e-02	5.203406587e+00	-1.241715825e-02	3.436889284e-16
-8.700000000e-02	5.203423001e+00	-1.285845308e-02	4.101007018e-16
-8.750000000e-02	5.203439452e+00	-1.329974628e-02	5.610737976e-16
-8.800000000e-02	5.203455940e+00	-1.374103784e-02	6.034247714e-16
-8.850000000e-02	5.203472465e+00	-1.418232776e-02	5.374850902e-16
-8.900000000e-02	5.203489028e+00	-1.462361603e-02	4.933021539e-16
-8.950000000e-02	5.203505628e+00	-1.506490263e-02	5.527847686e-16
-9.000000000e-02	5.203522265e+00	-1.550618755e-02	5.645322690e-16
-9.050000000e-02	5.203538940e+00	-1.594747078e-02	5.707359752e-16
-9.100000000e-02	5.203555652e+00	-1.638875232e-02	7.175459546e-16
-9.150000000e-02	5.203572402e+00	-1.683003216e-02	3.922451019e-16
-9.200000000e-02	5.203589188e+00	-1.727131028e-02	7.696279869e-16
-9.250000000e-02	5.203606013e+00	-1.771258669e-02	3.734637928e-16
-9.300000000e-02	5.203622874e+00	-1.815386135e-02	3.956393815e-16
-9.350000000e-02	5.203639773e+00	-1.859513428e-02	6.057270256e-16
-9.400000000e-02	5.203656709e+00	-1.903640546e-02	6.936648432e-16
-9.450000000e-02	5.203673682e+00	-1.947767488e-02	4.369222331e-16
-9.500000000e-02	5.203690693e+00	-1.991894252e-02	3.482974468e-16
-9.550000000e-02	5.203707741e+00	-2.036020839e-02	3.766765792e-16
-9.600000000e-02	5.203724827e+00	-2.080147247e-02	4.502469447e-16
-9.650000000e-02	5.203741950e+00	-2.124273475e-02	5.348107400e-16
-9.700000000e-02	5.203759110e+00	-2.168399522e-02	4.471815722e-16
-9.750000000e-02	5.203776307e+00	-2.212525387e-02	6.914892378e-16
-9.800000000e-02	5.203793542e+00	-2.256651070e-02	4.935500909e-16
-9.850000000e-02	5.203810814e+00	-2.300776569e-02	4.103613951e-16
-9.900000000e-02	5.203828123e+00	-2.344901883e-02	4.867324726e-16
-9.950000000e-02	5.203845470e+00	-2.389027012e-02	5.888415266e-16
-1.000000000e-01	5.203862854e+00	-2.433151954e-02	4.357303813e-16
-1.005000000e-01	5.203880276e+00	-2.477276709e-02	4.956488466e-16
-1.010000000e-01	5.203897734e+00	-2.521401276e-02	5.752644051e-16
-1.015000000e-01	5.203915230e+00	-2.565525653e-02	3.457512571e-16
-1.020000000e-01	5.203932764e+00	-2.609649841e-02	5.855758232e-16
-1.025000000e-01	5.203950334e+00	-2.653773837e-02	5.463895284e-16
-1.030000000e-01	5.203967942e+00	-2.697897641e-02	5.096583048e-16
-1.035000000e-01	5.203985588e+00	-2.742021250e-02	6.116106218e-16
-1.040000000e-01	5.204003270e+00	-2.786144667e-02	4.936495510e-16
-1.045000000e-01	5.204020990e+00	-2.830267889e-02	2.313649714e-16
-1.050000000e-01	5.204038748e+00	-2.874390914e-02	4.442979676e-16
-1.055000000e-01	5.204056542e+00	-2.918513744e-02	4.997655355e-16
-1.060000000e-01	5.204074374e+00	-2.962636374e-02	4.407167465e-16
-1.065000000e-01	5.204092243e+00	-3.006758807e-02	7.369567227e-16
-1.070000000e-01	5.204110150e+00	-3.050881038e-02	4.291104768e-16
-1.075000000e-01	5.204128094e+00	-3.095003070e-02	5.554893491e-16
-1.080000000e-01	5.204146075e+00	-3.139124900e-02	4.034897099e-16
-1.085000000e-01	5.204164093e+00	-3.183246528e-02	4.755335333e-16
-1.090000000e-01	5.204182149e+00	-3.227367952e-02	4.109050728e-16
-1.095000000e-01	5.204200242e+00	-3.271489171e-02	4.136285230e-16
-1.100000000e-01	5.204218373e+00	-3.315610186e-02	3.896387357e-16
-1.105000000e-01	5.204236540e+00	-3.359730993e-02	2.088970604e-16
-1.110000000e-01	5.204254745e+00	-3.403851594e-02	3.125293767e-16
-1.115000000e-01	5.204272988e+00	-3.447971986e-02	4.632033847e-16
-1.120000000e-01	5.204291267e+00	-3.492092169e-02	3.318741414e-16
-1.125000000e-01	5.204309584e+00	-3.536212142e-02	4.873564272e-16
-1.130000000e-01	5.204327938e+00	-3.580331904e-02	4.297109382e-16
-1.135000000e-01	5.204346330e+00	-3.624451453e-02	3.946309953e-16
-1.140000000e-01	5.204364759e+00	-3.668570790e-02	6.371235044e-16
-1.145000000e-01	5.204383225e+00	-3.712689914e-02	5.072813562e-16
-1.150000000e-01	5.204401728e+00	-3.756808821e-02	7.726378970e-16
-1.155000000e-01	5.204420269e+00	-3.800927514e-02	4.236296499e-16
-1.160000000e-01	5.204438847e+00	-3.845045989e-02	5.492680964e-16
-1.165000000e-01	5.204457462e+00	-3.889164248e-02	5.762317198e-16
-1.170000000e-01	5.204476115e+00	-3.933282286e-02	6.602783261e-16
-1.175000000e-01	5.204494805e+00	-3.977400106e-02	7.500601374e-16
-1.180000000e-01	5.204513532e+00	-4.021517705e-02	3.741893075e-16
-1.185000000e-01	5.204532296e+00	-4.065635083e-02	4.222075883e-16
-1.190000000e-01	5.204551098e+00	-4.109752238e-02	3.933954826e-16
-1.195000000e-01	5.204569937e+00	-4.153869169e-02	5.008253927e-16
-1.200000000e-01	5.204588814e+00	-4.197985877e-02	5.267313396e-16
-1.205000000e-01	5.204607727e+00	-4.242102360e-02	5.958942939e-16
-1.210000000e-01	5.204626678e+00	-4.286218615e-02	3.511469925e-16
-1.215000000e-01	5.204645667e+00	-4.330334644e-02	4.696002461e-16
-1.220000000e-01	5.204664692e+00	-4.374450445e-02	6.129993092e-16
-1.225000000e-01	5.204683755e+00	-4.418566017e-02	5.606432914e-16
-1.230000000e-01	5.204702855e+00	-4.462681359e-02	8.278032838e-16
-1.235000000e-01	5.204721992e+00	-4.506796469e-02	2.982231388e-16
-1.240000000e-01	5.204741167e+00	-4.550911349e-02	2.820130928e-16
-1.245000000e-01	5.204760379e+00	-4.595025995e-02	3.370262653e-16
-1.250000000e-01	5.204779628e+00	-4.639140408e-02	5.260526476e-16
-1.255000000e-01	5.204798915e+00	-4.683254585e-02	4.581280537e-16
-1.260000000e-01	5.204818238e+00	-4.727368527e-02	6.448290716e-16
-1.265000000e-01	5.204837599e+00	-4.771482233e-02	3.763878708e-16
-1.270000000e-01	5.204856998e+00	-4.815595701e-02	7.339861940e-16
-1.275000000e-01	5.204876433e+00	-4.859708930e-02	2.413084250e-16
-1.280000000e-01	5.204895906e+00	-4.903821920e-02	5.368293562e-16
-1.285000000e-01	5.204915416e+00	-4.947934670e-02	3.282734575e-16
-1.290000000e-01	5.204934964e+00	-4.992047178e-02	6.997141192e-16
-1.295000000e-01	5.204954548e+00	-5.036159445e-02	4.173166912e-16
-1.300000000e-01	5.204974170e+00	-5.080271468e-02	6.279715226e-16
-1.305000000e-01	5.204993829e+00	-5.124383247e-02	5.276793925e-16
-1.310000000e-01	5.205013526e+00	-5.168494781e-02	5.688159682e-16
-1.315000000e-01	5.205033260e+00	-5.212606068e-02	4.551029918e-16
-1.320000000e-01	5.205053031e+00	-5.256717109e-02	7.340175981e-16
-1.325000000e-01	5.205072839e+00	-5.300827902e-02	8.594355606e-16
-1.330000000e-01	5.205092685e+00	-5.344938446e-02	5.244457541e-16
-1.335000000e-01	5.205112567e+00	-5.389048740e-02	3.592618177e-16
-1.340000000e-01	5.205132487e+00	-5.433158783e-02	5.800510668e-16
-1.345000000e-01	5.205152445e+00	-5.477268576e-02	6.828144935e-16
-1.350000000e-01	5.205172439e+00	-5.521378115e-02	2.051454356e-16
-1.355000000e-01	5.205192471e+00	-5.565487400e-02	4.412554592e-16
-1.360000000e-01	5.205212540e+00	-5.609596431e-02	4.403069145e-16
-1.365000000e-01	5.205232647e+00	-5.653705207e-02	3.142822005e-16
-1.370000000e-01	5.205252790e+00	-5.697813726e-02	3.529693116e-16
-1.375000000e-01	5.205272971e+00	-5.741921988e-02	3.490541603e-16
-1.380000000e-01	5.205293189e+00	-5.786029992e-02	2.404971854e-16
-1.385000000e-01	5.205313445e+00	-5.830137736e-02	7.540925173e-16
-1.390000000e-01	5.205333737e+00	-5.874245221e-02	1.436868837e-16
-1.395000000e-01	5.205354067e+00	-5.918352443e-02	7.165432574e-16
-1.400000000e-01	5.205374434e+00	-5.962459405e-02	2.893167619e-16
-1.405000000e-01	5.205394839e+00	-6.006566103e-02	6.599356364e-16
-1.410000000e-01	5.205415280e+00	-6.050672537e-02	4.658534647e-16
-1.415000000e-01	5.205435759e+00	-6.094778706e-02	5.256753996e-16
-1.420000000e-01	5.205456275e+00	-6.138884609e-02	9.180247592e-16
-1.425000000e-01	5.205476829e+00	-6.182990246e-02	4.469753357e-16
-1.430000000e-01	5.205497419e+00	-6.227095615e-02	5.682041283e-16
-1.435000000e-01	5.205518047e+00	-6.271200716e-02	2.835673640e-16
-1.440000000e-01	5.205538712e+00	-6.315305547e-02	6.009976265e-16
-1.445000000e-01	5.205559415e+00	-6.359410107e-02	2.960917202e-16
-1.450000000e-01	5.205580154e+00	-6.403514395e-02	3.979380564e-16
-1.455000000e-01	5.205600931e+00	-6.447618412e-02	4.544343994e-16
-1.460000000e-01	5.205621745e+00	-6.491722155e-02	4.852696205e-16
-1.465000000e-01	5.205642596e+00	-6.535825624e-02	5.486099992e-16
-1.470000000e-01	5.205663485e+00	-6.579928817e-02	3.001188135e-16
-1.475000000e-01	5.205684410e+00	-6.624031734e-02	5.791743130e-16
-1.480000000e-01	5.205705373e+00	-6.668134374e-02	3.308064457e-16
-1.485000000e-01	5.205726374e+00	-6.712236736e-02	6.760309888e-16
-1.490000000e-01	5.205747411e+00	-6.756338820e-02	5.939871958e-16
-1.495000000e-01	5.205768486e+00	-6.800440623e-02	6.281068360e-16
-1.500000000e-01	5.205789597e+00	-6.844542145e-02	4.555863137e-16
-1.505000000e-01	5.205810747e+00	-6.888643385e-02	2.595348797e-16
-1.510000000e-01	5.205831933e+00	-6.932744343e-02	7.192181080e-16
-1.515000000e-01	5.205853156e+00	-6.976845017e-02	3.443173551e-16
-1.520000000e-01	5.205874417e+00	-7.020945406e-02	6.917682541e-16
-1.525000000e-01	5.205895715e+00	-7.065045510e-02	5.506368255e-16
-1.530000000e-01	5.205917050e+00	-7.109145327e-02	5.851491655e-16
-1.535000000e-01	5.205938423e+00	-7.153244857e-02	4.219031581e-16
-1.540000000e-01	5.205959832e+00	-7.197344099e-02	7.369492824e-16
-1.545000000e-01	5.205981279e+00	-7.241443050e-02	5.146399970e-16
-1.550000000e-01	5.206002763e+00	-7.285541712e-02	3.261073384e-16
-1.555000000e-01	5.206024285e+00	-7.329640082e-02	6.051593586e-16
-1.560000000e-01	5.206045843e+00	-7.373738161e-02	5.315488645e-16
-1.565000000e-01	5.206067439e+00	-7.417835946e-02	5.859299439e-16
-1.570000000e-01	5.206089072e+00	-7.461933437e-02	4.101019700e-16
-1.575000000e-01	5.206110742e+00	-7.506030632e-02	6.084621867e-16
-1.580000000e-01	5.206132449e+00	-7.550127533e-02	5.547558770e-16
-1.585000000e-01	5.206154194e+00	-7.594224136e-02	6.051222626e-16
-1.590000000e-01	5.206175975e+00	-7.638320442e-02	5.010811274e-16
-1.595000000e-01	5.206197794e+00	-7.682416448e-02	3.672573202e-16
-1.600000000e-01	5.206219650e+00	-7.726512156e-02	2.918135735e-16
-1.605000000e-01	5.206241544e+00	-7.770607562e-02	6.660026136e-16
-1.610000000e-01	5.206263474e+00	-7.814702667e-02	2.245400009e-16
-1.615000000e-01	5.206285442e+00	-7.858797469e-02	5.109306740e-16
-1.620000000e-01	5.206307447e+00	-7.902891968e-02	5.948171063e-16
-1.625000000e-01	5.206329489e+00	-7.946986163e-02	3.929416149e-16
-1.630000000e-01	5.206351568e+00	-7.991080051e-02	5.986160248e-16
-1.635000000e-01	5.206373685e+00	-8.035173635e-02	4.725203185e-16
-1.640000000e-01	5.206395838e+00	-8.079266910e-02	2.193072477e-16
-1.645000000e-01	5.206418029e+00	-8.123359878e-02	4.685232110e-16
-1.650000000e-01	5.206440257e+00	-8.167452537e-02	5.194573398e-16
-1.655000000e-01	5.206462523e+00	-8.211544885e-02	7.849188395e-16
-1.660000000e-01	5.206484825e+00	-8.255636923e-02	3.458319020e-16
-1.665000000e-01	5.206507165e+00	-8.299728649e-02	5.332527497e-16
-1.670000000e-01	5.206529541e+00	-8.343820062e-02	6.594741494e-16
-1.675000000e-01	5.206551955e+00	-8.387911160e-02	4.323248104e-16
-1.680000000e-01	5.206574407e+00	-8.432001945e-02	2.774553685e-16
-1.685000000e-01	5.206596895e+00	-8.476092413e-02	6.638387526e-16
-1.690000000e-01	5.206619421e+00	-8.520182565e-02	6.720433277e-16
-1.695000000e-01	5.206641983e+00	-8.564272399e-02	4.750510063e-16
-1.700000000e-01	5.206664583e+00	-8.608361916e-02	4.319744314e-16
-1.705000000e-01	5.206687220e+00	-8.652451113e-02	8.878424927e-16
-1.710000000e-01	5.206709894e+00	-8.696539989e-02	5.179756491e-16
-1.715000000e-01	5.206732606e+00	-8.740628544e-02	8.157990912e-16
-1.720000000e-01	5.206755354e+00	-8.784716777e-02	4.800229668e-16
-1.725000000e-01	5.206778140e+00	-8.828804686e-02	4.306603095e-16
-1.730000000e-01	5.206800963e+00	-8.872892272e-02	4.067111913e-16
-1.735000000e-01	5.206823823e+00	-8.916979533e-02	3.739020657e-16
-1.740000000e-01	5.206846720e+00	-8.961066467e-02	5.101699773e-16
-1.745000000e-01	5.206869655e+00	-9.005153075e-02	3.271448497e-16
-1.750000000e-01	5.206892626e+00	-9.049239355e-02	3.659610593e-16
-1.755000000e-01	5.206915635e+00	-9.093325305e-02	5.391946902e-16
-1.760000000e-01	5.206938681e+00	-9.137410927e-02	6.059792933e-16
-1.765000000e-01	5.206961764e+00	-9.181496218e-02	7.624440142e-16
-1.770000000e-01	5.206984884e+00	-9.225581177e-02	6.527086730e-16
-1.775000000e-01	5.207008041e+00	-9.269665804e-02	4.650243791e-16
-1.780000000e-01	5.207031236e+00	-9.313750097e-02	6.303760312e-16
-1.785000000e-01	5.207054468e+00	-9.357834055e-02	6.781718594e-16
-1.790000000e-01	5.207077736e+00	-9.401917679e-02	6.126621296e-16
-1.795000000e-01	5.207101042e+00	-9.446000966e-02	5.045483202e-16
-1.800000000e-01	5.207124385e+00	-9.490083916e-02	4.302747211e-16
-1.805000000e-01	5.207147766e+00	-9.534166527e-02	4.973864628e-16
-1.810000000e-01	5.207171183e+00	-9.578248800e-02	4.174420456e-16
-1.815000000e-01	5.207194638e+00	-9.622330733e-02	5.177152500e-16
-1.820000000e-01	5.207218129e+00	-9.666412325e-02	5.548178184e-16
-1.825000000e-01	5.207241658e+00	-9.710493575e-02	6.054410009e-16
-1.830000000e-01	5.207265224e+00	-9.754574482e-02	6.062363629e-16
-1.835000000e-01	5.207288827e+00	-9.798655045e-02	6.963375174e-16
-1.840000000e-01	5.207312467e+00	-9.842735264e-02	7.156917491e-16
-1.845000000e-01	5.207336145e+00	-9.886815137e-02	4.115828693e-16
-1.850000000e-01	5.207359859e+00	-9.930894663e-02	5.679615023e-16
-1.855000000e-01	5.207383611e+00	-9.974973841e-02	5.865788349e-16
-1.860000000e-01	5.207407400e+00	-1.001905267e-01	5.348199896e-16
-1.865000000e-01	5.207431225e+00	-1.006313115e-01	6.264648663e-16
-1.870000000e-01	5.207455088e+00	-1.010720928e-01	7.957850612e-16
-1.875000000e-01	5.207478989e+00	-1.015128706e-01	5.377382970e-16
-1.880000000e-01	5.207502926e+00	-1.019536449e-01	5.360322026e-16
-1.885000000e-01	5.207526900e+00	-1.023944156e-01	3.984578568e-16
-1.890000000e-01	5.207550912e+00	-1.028351829e-01	2.961106086e-16
-1.895000000e-01	5.207574960e+00	-1.032759465e-01	4.133941652e-16
-1.900000000e-01	5.207599046e+00	-1.037167066e-01	4.024696414e-16
-1.905000000e-01	5.207623169e+00	-1.041574631e-01	6.331951028e-16
-1.910000000e-01	5.207647329e+00	-1.045982161e-01	5.779369299e-16
-1.915000000e-01	5.207671526e+00	-1.050389654e-01	5.640033728e-16
-1.920000000e-01	5.207695760e+00	-1.054797112e-01	5.768196911e-16
-1.925000000e-01	5.207720032e+00	-1.059204533e-01	3.764832560e-16
-1.930000000e-01	5.207744340e+00	-1.063611919e-01	5.601978365e-16
-1.935000000e-01	5.207768685e+00	-1.068019268e-01	6.827531107e-16
-1.940000000e-01	5.207793068e+00	-1.072426581e-01	5.144195872e-16
-1.945000000e-01	5.207817488e+00	-1.076833857e-01	5.049842004e-16
-1.950000000e-01	5.207841945e+00	-1.081241097e-01	4.612028110e-16
-1.955000000e-01	5.207866439e+00	-1.085648300e-01	4.627785912e-16
-1.960000000e-01	5.207890970e+00	-1.090055467e-01	3.145226299e-16
-1.965000000e-01	5.207915538e+00	-1.094462597e-01	5.122002691e-16
-1.970000000e-01	5.207940143e+00	-1.098869689e-01	8.058256189e-16
-1.975000000e-01	5.207964785e+00	-1.103276745e-01	3.944269318e-16
-1.980000000e-01	5.207989465e+00	-1.107683764e-01	6.761096003e-16
-1.985000000e-01	5.208014181e+00	-1.112090746e-01	4.377330532e-16
-1.990000000e-01	5.208038935e+00	-1.116497690e-01	1.088669235e-16
-1.995000000e-01	5.208063726e+00	-1.120904597e-01	4.106816590e-16
-2.000000000e-01	5.208088553e+00	-1.125311466e-01	4.735929602e-16
