# epsi_ci     Re(Lambda)      Im(Lambda)      Eq(det), R = 0.10 $\mu$m, $E_p$ = 0.300 eV, modo = 2, $\epsilon_\infty$ = 3.9, $\gamma_{DL}$ = 0.01 eV, solve_det_sinkz_vs_mu.py
0.000000000e+00	4.834991400e+00	4.741419066e-02	2.862963397e-16
-5.000000000e-04	4.834998923e+00	4.700245082e-02	4.948523305e-16
-1.000000000e-03	4.835006482e+00	4.659071097e-02	4.445397580e-16
-1.500000000e-03	4.835014075e+00	4.617897114e-02	8.372918036e-16
-2.000000000e-03	4.835021703e+00	4.576723132e-02	6.539321653e-16
-2.500000000e-03	4.835029366e+00	4.535549152e-02	6.911280900e-16
-3.000000000e-03	4.835037065e+00	4.494375175e-02	7.623735679e-16
-3.500000000e-03	4.835044798e+00	4.453201203e-02	9.892576718e-16
-4.000000000e-03	4.835052567e+00	4.412027235e-02	9.404619933e-16
-4.500000000e-03	4.835060370e+00	4.370853274e-02	7.043386844e-16
-5.000000000e-03	4.835068208e+00	4.329679320e-02	1.024898538e-15
-5.500000000e-03	4.835076082e+00	4.288505374e-02	5.908581941e-16
-6.000000000e-03	4.835083990e+00	4.247331436e-02	7.007623966e-16
-6.500000000e-03	4.835091934e+00	4.206157508e-02	5.589121590e-16
-7.000000000e-03	4.835099912e+00	4.164983590e-02	6.224043354e-16
-7.500000000e-03	4.835107925e+00	4.123809683e-02	1.205920093e-15
-8.000000000e-03	4.835115974e+00	4.082635789e-02	5.275150749e-16
-8.500000000e-03	4.835124057e+00	4.041461908e-02	6.689720794e-16
-9.000000000e-03	4.835132176e+00	4.000288041e-02	7.386849221e-16
-9.500000000e-03	4.835140330e+00	3.959114188e-02	8.285795478e-16
-1.000000000e-02	4.835148518e+00	3.917940352e-02	5.842438567e-16
-1.050000000e-02	4.835156742e+00	3.876766533e-02	5.018538045e-16
-1.100000000e-02	4.835165000e+00	3.835592731e-02	7.759205029e-16
-1.150000000e-02	4.835173294e+00	3.794418947e-02	3.745903492e-16
-1.200000000e-02	4.835181622e+00	3.753245183e-02	8.953280466e-16
-1.250000000e-02	4.835189986e+00	3.712071439e-02	4.359579735e-16
-1.300000000e-02	4.835198385e+00	3.670897716e-02	7.461046569e-16
-1.350000000e-02	4.835206818e+00	3.629724017e-02	8.030002129e-16
-1.400000000e-02	4.835215287e+00	3.588550338e-02	7.484689343e-16
-1.450000000e-02	4.835223791e+00	3.547376685e-02	7.966536306e-16
-1.500000000e-02	4.835232329e+00	3.506203056e-02	5.891727363e-16
-1.550000000e-02	4.835240903e+00	3.465029453e-02	7.577754108e-16
-1.600000000e-02	4.835249512e+00	3.423855876e-02	4.739736555e-16
-1.650000000e-02	4.835258156e+00	3.382682327e-02	8.919909886e-16
-1.700000000e-02	4.835266834e+00	3.341508806e-02	1.015622638e-15
-1.750000000e-02	4.835275548e+00	3.300335314e-02	7.140149198e-16
-1.800000000e-02	4.835284297e+00	3.259161852e-02	5.897402355e-16
-1.850000000e-02	4.835293081e+00	3.217988422e-02	4.467894582e-16
-1.900000000e-02	4.835301900e+00	3.176815023e-02	6.656302242e-16
-1.950000000e-02	4.835310753e+00	3.135641658e-02	7.733373595e-16
-2.000000000e-02	4.835319642e+00	3.094468325e-02	8.149792761e-16
-2.050000000e-02	4.835328566e+00	3.053295028e-02	8.930395933e-16
-2.100000000e-02	4.835337525e+00	3.012121766e-02	8.609579092e-16
-2.150000000e-02	4.835346519e+00	2.970948540e-02	5.678654739e-16
-2.200000000e-02	4.835355548e+00	2.929775352e-02	7.994890229e-16
-2.250000000e-02	4.835364612e+00	2.888602202e-02	7.203064419e-16
-2.300000000e-02	4.835373711e+00	2.847429091e-02	7.947209739e-16
-2.350000000e-02	4.835382845e+00	2.806256019e-02	8.958056636e-16
-2.400000000e-02	4.835392013e+00	2.765082990e-02	7.194941261e-16
-2.450000000e-02	4.835401217e+00	2.723910001e-02	4.094703495e-16
-2.500000000e-02	4.835410456e+00	2.682737055e-02	6.819963202e-16
-2.550000000e-02	4.835419730e+00	2.641564153e-02	3.329759419e-16
-2.600000000e-02	4.835429039e+00	2.600391294e-02	7.017462564e-16
-2.650000000e-02	4.835438383e+00	2.559218482e-02	7.707784283e-16
-2.700000000e-02	4.835447762e+00	2.518045716e-02	6.064181070e-16
-2.750000000e-02	4.835457176e+00	2.476872996e-02	7.816414007e-16
-2.800000000e-02	4.835466625e+00	2.435700325e-02	9.070483504e-16
-2.850000000e-02	4.835476110e+00	2.394527702e-02	9.059263819e-16
-2.900000000e-02	4.835485629e+00	2.353355130e-02	7.106317167e-16
-2.950000000e-02	4.835495183e+00	2.312182608e-02	8.141560961e-16
-3.000000000e-02	4.835504772e+00	2.271010138e-02	7.227196118e-16
-3.050000000e-02	4.835514396e+00	2.229837720e-02	8.460018606e-16
-3.100000000e-02	4.835524055e+00	2.188665356e-02	1.053370644e-15
-3.150000000e-02	4.835533749e+00	2.147493046e-02	3.413384816e-16
-3.200000000e-02	4.835543478e+00	2.106320791e-02	5.215194912e-16
-3.250000000e-02	4.835553242e+00	2.065148591e-02	8.496778759e-16
-3.300000000e-02	4.835563041e+00	2.023976450e-02	4.546967327e-16
-3.350000000e-02	4.835572876e+00	1.982804365e-02	7.761651990e-16
-3.400000000e-02	4.835582745e+00	1.941632340e-02	8.227019444e-16
-3.450000000e-02	4.835592649e+00	1.900460375e-02	6.623892435e-16
-3.500000000e-02	4.835602588e+00	1.859288469e-02	5.641024283e-16
-3.550000000e-02	4.835612562e+00	1.818116625e-02	5.846116714e-16
-3.600000000e-02	4.835622571e+00	1.776944844e-02	7.247837962e-16
-3.650000000e-02	4.835632616e+00	1.735773126e-02	9.128056329e-16
-3.700000000e-02	4.835642695e+00	1.694601472e-02	9.803244505e-16
-3.750000000e-02	4.835652809e+00	1.653429882e-02	6.301658922e-16
-3.800000000e-02	4.835662958e+00	1.612258359e-02	1.155457522e-15
-3.850000000e-02	4.835673142e+00	1.571086903e-02	9.379637438e-16
-3.900000000e-02	4.835683362e+00	1.529915513e-02	6.068671902e-16
-3.950000000e-02	4.835693616e+00	1.488744193e-02	5.924850147e-16
-4.000000000e-02	4.835703905e+00	1.447572942e-02	1.006263498e-15
-4.050000000e-02	4.835714229e+00	1.406401761e-02	8.949727933e-16
-4.100000000e-02	4.835724589e+00	1.365230652e-02	6.963384010e-16
-4.150000000e-02	4.835734983e+00	1.324059615e-02	9.366201645e-16
-4.200000000e-02	4.835745412e+00	1.282888651e-02	7.771246617e-16
-4.250000000e-02	4.835755876e+00	1.241717761e-02	6.707636454e-16
-4.300000000e-02	4.835766376e+00	1.200546945e-02	3.985704913e-16
-4.350000000e-02	4.835776910e+00	1.159376206e-02	6.727425769e-16
-4.400000000e-02	4.835787479e+00	1.118205543e-02	1.402964463e-15
-4.450000000e-02	4.835798083e+00	1.077034957e-02	9.086624475e-16
-4.500000000e-02	4.835808723e+00	1.035864450e-02	9.451229538e-16
-4.550000000e-02	4.835819397e+00	9.946940224e-03	5.907989952e-16
-4.600000000e-02	4.835830106e+00	9.535236742e-03	6.892598001e-16
-4.650000000e-02	4.835840850e+00	9.123534084e-03	1.071800613e-15
-4.700000000e-02	4.835851630e+00	8.711832233e-03	7.886144567e-16
-4.750000000e-02	4.835862444e+00	8.300131215e-03	5.623573878e-16
-4.800000000e-02	4.835873293e+00	7.888431035e-03	5.259154287e-16
-4.850000000e-02	4.835884177e+00	7.476731705e-03	9.823216440e-16
-4.900000000e-02	4.835895097e+00	7.065033225e-03	7.649522103e-16
-4.950000000e-02	4.835906051e+00	6.653335612e-03	7.560932186e-16
-5.000000000e-02	4.835917040e+00	6.241638870e-03	6.761790490e-16
-5.050000000e-02	4.835928064e+00	5.829943007e-03	5.790005420e-16
-5.100000000e-02	4.835939124e+00	5.418248044e-03	4.336244060e-16
-5.150000000e-02	4.835950218e+00	5.006553977e-03	6.072346691e-16
-5.200000000e-02	4.835961347e+00	4.594860819e-03	4.819607022e-16
-5.250000000e-02	4.835972511e+00	4.183168580e-03	7.928906297e-16
-5.300000000e-02	4.835983711e+00	3.771477263e-03	7.828106803e-16
-5.350000000e-02	4.835994945e+00	3.359786885e-03	8.623215324e-16
-5.400000000e-02	4.836006214e+00	2.948097446e-03	1.182214535e-15
-5.450000000e-02	4.836017518e+00	2.536408968e-03	9.525715029e-16
-5.500000000e-02	4.836028858e+00	2.124721456e-03	9.298078621e-16
-5.550000000e-02	4.836040232e+00	1.713034911e-03	8.378002571e-16
-5.600000000e-02	4.836051641e+00	1.301349346e-03	4.498452959e-16
-5.650000000e-02	4.836063085e+00	8.896647674e-04	7.683003435e-16
-5.700000000e-02	4.836074564e+00	4.779811890e-04	6.726711809e-16
-5.750000000e-02	4.836086079e+00	6.629862583e-05	8.572082527e-16
-5.800000000e-02	4.836097628e+00	-3.453829313e-04	5.829948542e-16
-5.850000000e-02	4.836109212e+00	-7.570634649e-04	8.459262996e-16
-5.900000000e-02	4.836120831e+00	-1.168742952e-03	7.105204408e-16
-5.950000000e-02	4.836132485e+00	-1.580421410e-03	7.496018808e-16
-6.000000000e-02	4.836144174e+00	-1.992098812e-03	9.968526107e-16
-6.050000000e-02	4.836155899e+00	-2.403775146e-03	2.740704465e-16
-6.100000000e-02	4.836167658e+00	-2.815450415e-03	5.992468252e-16
-6.150000000e-02	4.836179452e+00	-3.227124603e-03	1.040364196e-15
-6.200000000e-02	4.836191281e+00	-3.638797715e-03	1.039571468e-15
-6.250000000e-02	4.836203145e+00	-4.050469718e-03	6.688433085e-16
-6.300000000e-02	4.836215044e+00	-4.462140623e-03	1.013694108e-15
-6.350000000e-02	4.836226978e+00	-4.873810405e-03	1.102164087e-15
-6.400000000e-02	4.836238947e+00	-5.285479069e-03	9.325060067e-16
-6.450000000e-02	4.836250951e+00	-5.697146598e-03	8.175951420e-16
-6.500000000e-02	4.836262990e+00	-6.108812993e-03	4.632544752e-16
-6.550000000e-02	4.836275064e+00	-6.520478231e-03	8.031549037e-16
-6.600000000e-02	4.836287173e+00	-6.932142313e-03	7.664712425e-16
-6.650000000e-02	4.836299317e+00	-7.343805228e-03	3.092327562e-16
-6.700000000e-02	4.836311496e+00	-7.755466967e-03	8.174641016e-16
-6.750000000e-02	4.836323710e+00	-8.167127515e-03	1.090459104e-15
-6.800000000e-02	4.836335959e+00	-8.578786870e-03	7.769641997e-16
-6.850000000e-02	4.836348243e+00	-8.990445023e-03	9.986101244e-16
-6.900000000e-02	4.836360562e+00	-9.402101964e-03	6.390536796e-16
-6.950000000e-02	4.836372916e+00	-9.813757686e-03	8.639990070e-16
-7.000000000e-02	4.836385304e+00	-1.022541217e-02	8.468550553e-16
-7.050000000e-02	4.836397728e+00	-1.063706543e-02	8.306874955e-16
-7.100000000e-02	4.836410187e+00	-1.104871743e-02	7.347293636e-16
-7.150000000e-02	4.836422681e+00	-1.146036817e-02	7.160565219e-16
-7.200000000e-02	4.836435209e+00	-1.187201764e-02	8.817635077e-16
-7.250000000e-02	4.836447773e+00	-1.228366585e-02	7.608995532e-16
-7.300000000e-02	4.836460372e+00	-1.269531277e-02	7.844966491e-16
-7.350000000e-02	4.836473006e+00	-1.310695840e-02	6.217233505e-16
-7.400000000e-02	4.836485674e+00	-1.351860272e-02	6.893480652e-16
-7.450000000e-02	4.836498378e+00	-1.393024573e-02	8.847327912e-16
-7.500000000e-02	4.836511117e+00	-1.434188743e-02	8.382082699e-16
-7.550000000e-02	4.836523890e+00	-1.475352780e-02	5.205488978e-16
-7.600000000e-02	4.836536699e+00	-1.516516683e-02	5.352151202e-16
-7.650000000e-02	4.836549542e+00	-1.557680451e-02	8.013669110e-16
-7.700000000e-02	4.836562421e+00	-1.598844084e-02	4.033210421e-16
-7.750000000e-02	4.836575334e+00	-1.640007581e-02	9.967994860e-16
-7.800000000e-02	4.836588283e+00	-1.681170939e-02	7.414721653e-16
-7.850000000e-02	4.836601266e+00	-1.722334160e-02	7.113897541e-16
-7.900000000e-02	4.836614284e+00	-1.763497242e-02	6.952697017e-16
-7.950000000e-02	4.836627338e+00	-1.804660183e-02	8.103150399e-16
-8.000000000e-02	4.836640426e+00	-1.845822985e-02	6.927055930e-16
-8.050000000e-02	4.836653549e+00	-1.886985643e-02	6.355964197e-16
-8.100000000e-02	4.836666708e+00	-1.928148160e-02	5.196754613e-16
-8.150000000e-02	4.836679901e+00	-1.969310533e-02	4.949552165e-16
-8.200000000e-02	4.836693129e+00	-2.010472762e-02	1.016060097e-15
-8.250000000e-02	4.836706392e+00	-2.051634845e-02	3.519940641e-16
-8.300000000e-02	4.836719690e+00	-2.092796782e-02	7.495331599e-16
-8.350000000e-02	4.836733024e+00	-2.133958572e-02	8.878683619e-16
-8.400000000e-02	4.836746392e+00	-2.175120213e-02	5.717143596e-16
-8.450000000e-02	4.836759795e+00	-2.216281706e-02	6.702151578e-16
-8.500000000e-02	4.836773233e+00	-2.257443049e-02	6.121408200e-16
-8.550000000e-02	4.836786706e+00	-2.298604242e-02	4.510498982e-16
-8.600000000e-02	4.836800213e+00	-2.339765283e-02	7.525109647e-16
-8.650000000e-02	4.836813756e+00	-2.380926172e-02	5.336493352e-16
-8.700000000e-02	4.836827334e+00	-2.422086907e-02	8.652688199e-16
-8.750000000e-02	4.836840947e+00	-2.463247488e-02	6.797844637e-16
-8.800000000e-02	4.836854595e+00	-2.504407913e-02	2.906959939e-16
-8.850000000e-02	4.836868277e+00	-2.545568183e-02	6.416610018e-16
-8.900000000e-02	4.836881995e+00	-2.586728296e-02	6.694159962e-16
-8.950000000e-02	4.836895748e+00	-2.627888251e-02	6.702148948e-16
-9.000000000e-02	4.836909535e+00	-2.669048048e-02	4.841140966e-16
-9.050000000e-02	4.836923358e+00	-2.710207684e-02	1.013908945e-15
-9.100000000e-02	4.836937215e+00	-2.751367161e-02	5.203203849e-16
-9.150000000e-02	4.836951108e+00	-2.792526476e-02	6.722600576e-16
-9.200000000e-02	4.836965035e+00	-2.833685628e-02	7.002667798e-16
-9.250000000e-02	4.836978998e+00	-2.874844619e-02	8.661537095e-16
-9.300000000e-02	4.836992995e+00	-2.916003444e-02	5.409181194e-16
-9.350000000e-02	4.837007027e+00	-2.957162104e-02	4.612801097e-16
-9.400000000e-02	4.837021094e+00	-2.998320599e-02	6.098231314e-16
-9.450000000e-02	4.837035196e+00	-3.039478927e-02	7.894793663e-16
-9.500000000e-02	4.837049334e+00	-3.080637088e-02	5.134231763e-16
-9.550000000e-02	4.837063506e+00	-3.121795080e-02	7.940219028e-16
-9.600000000e-02	4.837077713e+00	-3.162952902e-02	9.745812677e-16
-9.650000000e-02	4.837091955e+00	-3.204110555e-02	9.162840778e-16
-9.700000000e-02	4.837106232e+00	-3.245268036e-02	8.444644034e-16
-9.750000000e-02	4.837120543e+00	-3.286425345e-02	9.723521974e-16
-9.800000000e-02	4.837134890e+00	-3.327582482e-02	5.668224949e-16
-9.850000000e-02	4.837149272e+00	-3.368739443e-02	6.392628875e-16
-9.900000000e-02	4.837163689e+00	-3.409896232e-02	1.050371357e-15
-9.950000000e-02	4.837178140e+00	-3.451052843e-02	8.077542350e-16
-1.000000000e-01	4.837192627e+00	-3.492209279e-02	6.658065167e-16
-1.005000000e-01	4.837207148e+00	-3.533365537e-02	8.459356237e-16
-1.010000000e-01	4.837221705e+00	-3.574521618e-02	7.517511326e-16
-1.015000000e-01	4.837236296e+00	-3.615677518e-02	8.400054291e-16
-1.020000000e-01	4.837250922e+00	-3.656833239e-02	3.798542986e-16
-1.025000000e-01	4.837265584e+00	-3.697988778e-02	6.735457340e-16
-1.030000000e-01	4.837280280e+00	-3.739144136e-02	8.892430215e-16
-1.035000000e-01	4.837295011e+00	-3.780299312e-02	5.732919899e-16
-1.040000000e-01	4.837309777e+00	-3.821454304e-02	5.729088556e-16
-1.045000000e-01	4.837324578e+00	-3.862609111e-02	1.064234560e-15
-1.050000000e-01	4.837339414e+00	-3.903763732e-02	1.034613410e-15
-1.055000000e-01	4.837354285e+00	-3.944918167e-02	5.303259777e-16
-1.060000000e-01	4.837369191e+00	-3.986072416e-02	5.389766520e-16
-1.065000000e-01	4.837384131e+00	-4.027226476e-02	5.496032308e-16
-1.070000000e-01	4.837399107e+00	-4.068380347e-02	3.827335731e-16
-1.075000000e-01	4.837414118e+00	-4.109534029e-02	6.826959411e-16
-1.080000000e-01	4.837429163e+00	-4.150687520e-02	5.646583536e-16
-1.085000000e-01	4.837444244e+00	-4.191840819e-02	5.633074911e-16
-1.090000000e-01	4.837459359e+00	-4.232993925e-02	8.428017059e-16
-1.095000000e-01	4.837474509e+00	-4.274146838e-02	6.369193988e-16
-1.100000000e-01	4.837489695e+00	-4.315299557e-02	9.533430437e-16
-1.105000000e-01	4.837504915e+00	-4.356452081e-02	8.559257458e-16
-1.110000000e-01	4.837520170e+00	-4.397604408e-02	4.348945440e-16
-1.115000000e-01	4.837535460e+00	-4.438756539e-02	7.872630188e-16
-1.120000000e-01	4.837550785e+00	-4.479908472e-02	3.746515142e-16
-1.125000000e-01	4.837566145e+00	-4.521060206e-02	7.705298847e-16
-1.130000000e-01	4.837581540e+00	-4.562211740e-02	9.857874360e-16
-1.135000000e-01	4.837596969e+00	-4.603363074e-02	6.730110248e-16
-1.140000000e-01	4.837612434e+00	-4.644514208e-02	1.050678366e-15
-1.145000000e-01	4.837627933e+00	-4.685665137e-02	5.761601157e-16
-1.150000000e-01	4.837643468e+00	-4.726815864e-02	9.903794219e-16
-1.155000000e-01	4.837659037e+00	-4.767966388e-02	7.815612066e-16
-1.160000000e-01	4.837674642e+00	-4.809116706e-02	5.683526455e-16
-1.165000000e-01	4.837690281e+00	-4.850266819e-02	7.493928782e-16
-1.170000000e-01	4.837705955e+00	-4.891416724e-02	6.792488968e-16
-1.175000000e-01	4.837721664e+00	-4.932566422e-02	1.279104220e-15
-1.180000000e-01	4.837737408e+00	-4.973715911e-02	5.660608361e-16
-1.185000000e-01	4.837753187e+00	-5.014865191e-02	6.672035864e-16
-1.190000000e-01	4.837769000e+00	-5.056014262e-02	8.657122271e-16
-1.195000000e-01	4.837784849e+00	-5.097163120e-02	6.129331668e-16
-1.200000000e-01	4.837800733e+00	-5.138311767e-02	6.347095776e-16
-1.205000000e-01	4.837816651e+00	-5.179460200e-02	5.354082072e-16
-1.210000000e-01	4.837832605e+00	-5.220608420e-02	9.904691715e-16
-1.215000000e-01	4.837848593e+00	-5.261756426e-02	7.816228970e-16
-1.220000000e-01	4.837864616e+00	-5.302904216e-02	1.381434317e-15
-1.225000000e-01	4.837880674e+00	-5.344051788e-02	6.608465000e-16
-1.230000000e-01	4.837896767e+00	-5.385199143e-02	8.471230653e-16
-1.235000000e-01	4.837912895e+00	-5.426346281e-02	6.150457816e-16
-1.240000000e-01	4.837929058e+00	-5.467493199e-02	7.376610418e-16
-1.245000000e-01	4.837945256e+00	-5.508639898e-02	1.072413832e-15
-1.250000000e-01	4.837961488e+00	-5.549786375e-02	6.369072259e-16
-1.255000000e-01	4.837977756e+00	-5.590932630e-02	8.700003085e-16
-1.260000000e-01	4.837994058e+00	-5.632078663e-02	2.920684370e-16
-1.265000000e-01	4.838010396e+00	-5.673224472e-02	8.075819541e-16
-1.270000000e-01	4.838026768e+00	-5.714370057e-02	7.098272392e-16
-1.275000000e-01	4.838043175e+00	-5.755515416e-02	9.217939254e-16
-1.280000000e-01	4.838059617e+00	-5.796660550e-02	7.207912198e-16
-1.285000000e-01	4.838076094e+00	-5.837805455e-02	1.011388144e-15
-1.290000000e-01	4.838092606e+00	-5.878950133e-02	7.354581567e-16
-1.295000000e-01	4.838109152e+00	-5.920094583e-02	5.524266063e-16
-1.300000000e-01	4.838125734e+00	-5.961238802e-02	7.695257916e-16
-1.305000000e-01	4.838142351e+00	-6.002382790e-02	3.992894018e-16
-1.310000000e-01	4.838159002e+00	-6.043526547e-02	7.784323423e-16
-1.315000000e-01	4.838175688e+00	-6.084670072e-02	6.846829193e-16
-1.320000000e-01	4.838192409e+00	-6.125813363e-02	6.422035205e-16
-1.325000000e-01	4.838209165e+00	-6.166956420e-02	7.237275105e-16
-1.330000000e-01	4.838225956e+00	-6.208099242e-02	5.151304091e-16
-1.335000000e-01	4.838242782e+00	-6.249241828e-02	1.007100584e-15
-1.340000000e-01	4.838259643e+00	-6.290384177e-02	4.152016725e-16
-1.345000000e-01	4.838276538e+00	-6.331526287e-02	5.480996454e-16
-1.350000000e-01	4.838293469e+00	-6.372668160e-02	1.121500032e-15
-1.355000000e-01	4.838310434e+00	-6.413809793e-02	8.782516942e-16
-1.360000000e-01	4.838327434e+00	-6.454951185e-02	8.252732647e-16
-1.365000000e-01	4.838344469e+00	-6.496092337e-02	1.006170606e-15
-1.370000000e-01	4.838361539e+00	-6.537233245e-02	6.610840921e-16
-1.375000000e-01	4.838378644e+00	-6.578373911e-02	8.674025124e-16
-1.380000000e-01	4.838395784e+00	-6.619514334e-02	8.737876789e-16
-1.385000000e-01	4.838412958e+00	-6.660654511e-02	3.939147749e-16
-1.390000000e-01	4.838430168e+00	-6.701794442e-02	6.334168452e-16
-1.395000000e-01	4.838447412e+00	-6.742934127e-02	5.372895001e-16
-1.400000000e-01	4.838464691e+00	-6.784073563e-02	6.347528324e-16
-1.405000000e-01	4.838482005e+00	-6.825212752e-02	9.537607537e-16
-1.410000000e-01	4.838499354e+00	-6.866351691e-02	1.152524472e-15
-1.415000000e-01	4.838516738e+00	-6.907490381e-02	7.634965844e-16
-1.420000000e-01	4.838534157e+00	-6.948628820e-02	4.500183947e-16
-1.425000000e-01	4.838551610e+00	-6.989767005e-02	5.841229813e-16
-1.430000000e-01	4.838569098e+00	-7.030904939e-02	1.009376734e-15
-1.435000000e-01	4.838586622e+00	-7.072042619e-02	6.827277517e-16
-1.440000000e-01	4.838604180e+00	-7.113180043e-02	8.815104872e-16
-1.445000000e-01	4.838621773e+00	-7.154317213e-02	7.438037698e-16
-1.450000000e-01	4.838639401e+00	-7.195454127e-02	8.641151724e-16
-1.455000000e-01	4.838657063e+00	-7.236590783e-02	9.997281693e-16
-1.460000000e-01	4.838674761e+00	-7.277727181e-02	7.976839541e-16
-1.465000000e-01	4.838692493e+00	-7.318863319e-02	2.862446961e-16
-1.470000000e-01	4.838710260e+00	-7.359999198e-02	9.884298185e-16
-1.475000000e-01	4.838728062e+00	-7.401134816e-02	7.877422270e-16
-1.480000000e-01	4.838745899e+00	-7.442270173e-02	1.116644247e-15
-1.485000000e-01	4.838763771e+00	-7.483405267e-02	9.794858252e-16
-1.490000000e-01	4.838781678e+00	-7.524540097e-02	9.080913613e-16
-1.495000000e-01	4.838799619e+00	-7.565674663e-02	8.389569113e-16
-1.500000000e-01	4.838817596e+00	-7.606808964e-02	8.827087969e-16
-1.505000000e-01	4.838835607e+00	-7.647942998e-02	5.448589622e-16
-1.510000000e-01	4.838853653e+00	-7.689076766e-02	7.813001495e-16
-1.515000000e-01	4.838871734e+00	-7.730210266e-02	9.354201347e-16
-1.520000000e-01	4.838889850e+00	-7.771343497e-02	1.143133678e-15
-1.525000000e-01	4.838908000e+00	-7.812476459e-02	7.191904656e-16
-1.530000000e-01	4.838926186e+00	-7.853609150e-02	8.811182333e-16
-1.535000000e-01	4.838944406e+00	-7.894741569e-02	6.619397118e-16
-1.540000000e-01	4.838962661e+00	-7.935873717e-02	2.575679336e-16
-1.545000000e-01	4.838980951e+00	-7.977005591e-02	9.834993200e-16
-1.550000000e-01	4.838999276e+00	-8.018137191e-02	4.425040577e-16
-1.555000000e-01	4.839017635e+00	-8.059268516e-02	5.730497235e-16
-1.560000000e-01	4.839036030e+00	-8.100399565e-02	1.062393941e-15
-1.565000000e-01	4.839054459e+00	-8.141530338e-02	6.598835028e-16
-1.570000000e-01	4.839072923e+00	-8.182660833e-02	5.199070649e-16
-1.575000000e-01	4.839091422e+00	-8.223791049e-02	5.435493830e-16
-1.580000000e-01	4.839109956e+00	-8.264920986e-02	4.851505770e-16
-1.585000000e-01	4.839128524e+00	-8.306050643e-02	6.410655107e-16
-1.590000000e-01	4.839147128e+00	-8.347180019e-02	8.311288727e-16
-1.595000000e-01	4.839165766e+00	-8.388309112e-02	6.051558635e-16
-1.600000000e-01	4.839184439e+00	-8.429437923e-02	5.784985819e-16
-1.605000000e-01	4.839203147e+00	-8.470566450e-02	7.668971978e-16
-1.610000000e-01	4.839221890e+00	-8.511694693e-02	8.084841060e-16
-1.615000000e-01	4.839240667e+00	-8.552822650e-02	5.928909321e-16
-1.620000000e-01	4.839259480e+00	-8.593950321e-02	8.005343221e-16
-1.625000000e-01	4.839278327e+00	-8.635077704e-02	4.936515937e-16
-1.630000000e-01	4.839297209e+00	-8.676204798e-02	8.594096106e-16
-1.635000000e-01	4.839316126e+00	-8.717331605e-02	7.016740542e-16
-1.640000000e-01	4.839335077e+00	-8.758458120e-02	6.701766866e-16
-1.645000000e-01	4.839354064e+00	-8.799584346e-02	8.646444331e-16
-1.650000000e-01	4.839373085e+00	-8.840710279e-02	9.659010333e-16
-1.655000000e-01	4.839392141e+00	-8.881835920e-02	6.877379919e-16
-1.660000000e-01	4.839411232e+00	-8.922961267e-02	7.537778672e-16
-1.665000000e-01	4.839430358e+00	-8.964086320e-02	4.125964932e-16
-1.670000000e-01	4.839449518e+00	-9.005211077e-02	1.120828980e-15
-1.675000000e-01	4.839468714e+00	-9.046335539e-02	4.977685801e-16
-1.680000000e-01	4.839487944e+00	-9.087459704e-02	4.734348818e-16
-1.685000000e-01	4.839507209e+00	-9.128583571e-02	6.788358888e-16
-1.690000000e-01	4.839526508e+00	-9.169707138e-02	8.832736373e-16
-1.695000000e-01	4.839545843e+00	-9.210830406e-02	9.130638949e-16
-1.700000000e-01	4.839565212e+00	-9.251953374e-02	9.270478007e-16
-1.705000000e-01	4.839584616e+00	-9.293076041e-02	8.860625481e-16
-1.710000000e-01	4.839604055e+00	-9.334198405e-02	8.270743981e-16
-1.715000000e-01	4.839623529e+00	-9.375320465e-02	8.900454997e-16
-1.720000000e-01	4.839643038e+00	-9.416442222e-02	3.332344742e-16
-1.725000000e-01	4.839662581e+00	-9.457563674e-02	6.406544247e-16
-1.730000000e-01	4.839682159e+00	-9.498684820e-02	5.732995785e-16
-1.735000000e-01	4.839701772e+00	-9.539805660e-02	7.450937908e-16
-1.740000000e-01	4.839721420e+00	-9.580926192e-02	8.958519306e-16
-1.745000000e-01	4.839741102e+00	-9.622046414e-02	5.819708754e-16
-1.750000000e-01	4.839760819e+00	-9.663166328e-02	6.340763285e-16
-1.755000000e-01	4.839780571e+00	-9.704285932e-02	6.839653824e-16
-1.760000000e-01	4.839800358e+00	-9.745405225e-02	9.742573430e-16
-1.765000000e-01	4.839820180e+00	-9.786524206e-02	9.299075072e-16
-1.770000000e-01	4.839840036e+00	-9.827642873e-02	6.730328009e-16
-1.775000000e-01	4.839859927e+00	-9.868761227e-02	7.853335314e-16
-1.780000000e-01	4.839879853e+00	-9.909879266e-02	7.421891860e-16
-1.785000000e-01	4.839899814e+00	-9.950996990e-02	4.297329367e-16
-1.790000000e-01	4.839919810e+00	-9.992114397e-02	7.740081561e-16
-1.795000000e-01	4.839939840e+00	-1.003323149e-01	7.545749906e-16
-1.800000000e-01	4.839959905e+00	-1.007434826e-01	6.516134449e-16
-1.805000000e-01	4.839980005e+00	-1.011546471e-01	9.737302469e-16
-1.810000000e-01	4.840000139e+00	-1.015658085e-01	3.788778888e-16
-1.815000000e-01	4.840020309e+00	-1.019769666e-01	7.246707077e-16
-1.820000000e-01	4.840040513e+00	-1.023881215e-01	7.543775146e-16
-1.825000000e-01	4.840060752e+00	-1.027992732e-01	8.590698562e-16
-1.830000000e-01	4.840081026e+00	-1.032104216e-01	6.617109576e-16
-1.835000000e-01	4.840101334e+00	-1.036215668e-01	3.586097109e-16
-1.840000000e-01	4.840121677e+00	-1.040327088e-01	3.551125483e-16
-1.845000000e-01	4.840142055e+00	-1.044438475e-01	6.350222782e-16
-1.850000000e-01	4.840162468e+00	-1.048549829e-01	5.252306749e-16
-1.855000000e-01	4.840182915e+00	-1.052661150e-01	9.364426570e-16
-1.860000000e-01	4.840203398e+00	-1.056772439e-01	6.990046199e-16
-1.865000000e-01	4.840223915e+00	-1.060883694e-01	9.889767751e-16
-1.870000000e-01	4.840244466e+00	-1.064994917e-01	8.455140571e-16
-1.875000000e-01	4.840265053e+00	-1.069106106e-01	1.210187559e-15
-1.880000000e-01	4.840285674e+00	-1.073217263e-01	5.167858222e-16
-1.885000000e-01	4.840306330e+00	-1.077328386e-01	6.656128108e-16
-1.890000000e-01	4.840327021e+00	-1.081439475e-01	6.365637249e-16
-1.895000000e-01	4.840347746e+00	-1.085550531e-01	3.815303598e-16
-1.900000000e-01	4.840368507e+00	-1.089661554e-01	7.606359437e-16
-1.905000000e-01	4.840389302e+00	-1.093772542e-01	7.155142515e-16
-1.910000000e-01	4.840410131e+00	-1.097883497e-01	6.922677560e-16
-1.915000000e-01	4.840430996e+00	-1.101994419e-01	8.158943123e-16
-1.920000000e-01	4.840451895e+00	-1.106105306e-01	9.600185844e-16
-1.925000000e-01	4.840472829e+00	-1.110216159e-01	7.688274328e-16
-1.930000000e-01	4.840493798e+00	-1.114326978e-01	4.712752309e-16
-1.935000000e-01	4.840514801e+00	-1.118437763e-01	7.990546527e-16
-1.940000000e-01	4.840535839e+00	-1.122548514e-01	8.946448514e-16
-1.945000000e-01	4.840556912e+00	-1.126659230e-01	1.272433639e-15
-1.950000000e-01	4.840578020e+00	-1.130769912e-01	3.503167880e-16
-1.955000000e-01	4.840599162e+00	-1.134880560e-01	4.252373911e-16
-1.960000000e-01	4.840620340e+00	-1.138991172e-01	1.069209366e-15
-1.965000000e-01	4.840641551e+00	-1.143101750e-01	8.876839916e-16
-1.970000000e-01	4.840662798e+00	-1.147212293e-01	9.169480910e-16
-1.975000000e-01	4.840684079e+00	-1.151322802e-01	8.525942168e-16
-1.980000000e-01	4.840705395e+00	-1.155433275e-01	5.331304992e-16
-1.985000000e-01	4.840726746e+00	-1.159543713e-01	7.232150699e-16
-1.990000000e-01	4.840748131e+00	-1.163654116e-01	7.944907320e-16
-1.995000000e-01	4.840769552e+00	-1.167764484e-01	6.614070000e-16
-2.000000000e-01	4.840791006e+00	-1.171874817e-01	2.831714689e-16
