# epsi_ci     Re(Lambda)      Im(Lambda)      Eq(det), R = 0.10 $\mu$m, $E_p$ = 0.300 eV, modo = 4, $\epsilon_\infty$ = 3.9, $\gamma_{DL}$ = 0.01 eV, solve_det_sinkz_vs_mu.py
0.000000000e+00	5.139764563e+00	3.809802061e-02	2.992892166e-11
-1.000000000e-03	5.139771327e+00	3.758043370e-02	5.734639227e-12
-2.000000000e-03	5.139778144e+00	3.706284679e-02	8.371835605e-12
-3.000000000e-03	5.139785012e+00	3.654525988e-02	1.679956111e-11
-4.000000000e-03	5.139791932e+00	3.602767300e-02	2.819868913e-11
-5.000000000e-03	5.139798904e+00	3.551008616e-02	1.901767817e-11
-6.000000000e-03	5.139805928e+00	3.499249938e-02	1.356565601e-11
-7.000000000e-03	5.139813005e+00	3.447491267e-02	2.893611391e-11
-8.000000000e-03	5.139820133e+00	3.395732605e-02	9.571211758e-12
-9.000000000e-03	5.139827313e+00	3.343973952e-02	1.301809006e-10
-1.000000000e-02	5.139834545e+00	3.292215312e-02	1.233637533e-11
-1.100000000e-02	5.139841829e+00	3.240456686e-02	4.184722313e-11
-1.200000000e-02	5.139849166e+00	3.188698074e-02	8.496097044e-12
-1.300000000e-02	5.139856554e+00	3.136939479e-02	1.143187358e-11
-1.400000000e-02	5.139863994e+00	3.085180902e-02	1.146073550e-11
-1.500000000e-02	5.139871486e+00	3.033422345e-02	8.456775094e-12
-1.600000000e-02	5.139879030e+00	2.981663809e-02	1.050397960e-11
-1.700000000e-02	5.139886626e+00	2.929905296e-02	7.899248604e-12
-1.800000000e-02	5.139894274e+00	2.878146807e-02	4.548830559e-12
-1.900000000e-02	5.139901975e+00	2.826388345e-02	9.350929730e-12
-2.000000000e-02	5.139909727e+00	2.774629910e-02	1.330813360e-11
-2.100000000e-02	5.139917531e+00	2.722871504e-02	8.371025137e-12
-2.200000000e-02	5.139925387e+00	2.671113128e-02	1.607597456e-11
-2.300000000e-02	5.139933295e+00	2.619354785e-02	6.103561943e-12
-2.400000000e-02	5.139941255e+00	2.567596476e-02	6.956558349e-12
-2.500000000e-02	5.139949267e+00	2.515838203e-02	1.782089131e-11
-2.600000000e-02	5.139957331e+00	2.464079966e-02	2.064401704e-11
-2.700000000e-02	5.139965447e+00	2.412321767e-02	7.506049270e-12
-2.800000000e-02	5.139973615e+00	2.360563609e-02	6.386443765e-12
-2.900000000e-02	5.139981835e+00	2.308805493e-02	8.835832659e-12
-3.000000000e-02	5.139990107e+00	2.257047419e-02	1.360093707e-11
-3.100000000e-02	5.139998431e+00	2.205289391e-02	2.130024366e-11
-3.200000000e-02	5.140006807e+00	2.153531409e-02	3.178819827e-11
-3.300000000e-02	5.140015235e+00	2.101773474e-02	5.320610458e-12
-3.400000000e-02	5.140023715e+00	2.050015590e-02	9.337722324e-12
-3.500000000e-02	5.140032247e+00	1.998257756e-02	9.417758243e-12
-3.600000000e-02	5.140040831e+00	1.946499975e-02	9.126364843e-12
-3.700000000e-02	5.140049467e+00	1.894742248e-02	1.434132087e-11
-3.800000000e-02	5.140058155e+00	1.842984577e-02	4.671913674e-11
-3.900000000e-02	5.140066895e+00	1.791226963e-02	1.235660287e-11
-4.000000000e-02	5.140075687e+00	1.739469409e-02	1.878980222e-11
-4.100000000e-02	5.140084531e+00	1.687711914e-02	1.418838766e-11
-4.200000000e-02	5.140093426e+00	1.635954482e-02	9.216315907e-12
-4.300000000e-02	5.140102374e+00	1.584197113e-02	6.580370064e-12
-4.400000000e-02	5.140111374e+00	1.532439809e-02	1.357531728e-11
-4.500000000e-02	5.140120426e+00	1.480682572e-02	9.336080036e-12
-4.600000000e-02	5.140129530e+00	1.428925404e-02	6.753060891e-12
-4.700000000e-02	5.140138686e+00	1.377168305e-02	4.102435261e-11
-4.800000000e-02	5.140147893e+00	1.325411278e-02	2.609167324e-11
-4.900000000e-02	5.140157153e+00	1.273654323e-02	1.130115028e-11
-5.000000000e-02	5.140166465e+00	1.221897444e-02	2.280568725e-11
-5.100000000e-02	5.140175829e+00	1.170140640e-02	7.618090693e-12
-5.200000000e-02	5.140185244e+00	1.118383914e-02	9.391110218e-12
-5.300000000e-02	5.140194712e+00	1.066627267e-02	9.681358593e-12
-5.400000000e-02	5.140204232e+00	1.014870702e-02	4.476524159e-11
-5.500000000e-02	5.140213803e+00	9.631142181e-03	8.682517224e-12
-5.600000000e-02	5.140223427e+00	9.113578186e-03	1.628603631e-11
-5.700000000e-02	5.140233103e+00	8.596015045e-03	1.513581587e-11
-5.800000000e-02	5.140242830e+00	8.078452776e-03	6.474317449e-12
-5.900000000e-02	5.140252610e+00	7.560891394e-03	1.658701391e-11
-6.000000000e-02	5.140262442e+00	7.043330913e-03	7.555428534e-12
-6.100000000e-02	5.140272325e+00	6.525771350e-03	4.867232543e-12
-6.200000000e-02	5.140282261e+00	6.008212721e-03	1.061369386e-11
-6.300000000e-02	5.140292248e+00	5.490655042e-03	2.717937223e-11
-6.400000000e-02	5.140302288e+00	4.973098326e-03	1.535963287e-11
-6.500000000e-02	5.140312379e+00	4.455542592e-03	1.683539657e-11
-6.600000000e-02	5.140322523e+00	3.937987853e-03	8.720254171e-12
-6.700000000e-02	5.140332718e+00	3.420434127e-03	1.735625236e-11
-6.800000000e-02	5.140342965e+00	2.902881428e-03	9.477328622e-12
-6.900000000e-02	5.140353265e+00	2.385329773e-03	1.671657635e-11
-7.000000000e-02	5.140363616e+00	1.867779175e-03	7.366189506e-12
-7.100000000e-02	5.140374019e+00	1.350229652e-03	9.942842952e-12
-7.200000000e-02	5.140384475e+00	8.326812195e-04	1.113436607e-11
-7.300000000e-02	5.140394982e+00	3.151338920e-04	1.659009603e-11
-7.400000000e-02	5.140405541e+00	-2.024123127e-04	2.075558258e-11
-7.500000000e-02	5.140416152e+00	-7.199573812e-04	9.244313722e-12
-7.600000000e-02	5.140426816e+00	-1.237501300e-03	9.584948833e-11
-7.700000000e-02	5.140437531e+00	-1.755044045e-03	2.308611444e-11
-7.800000000e-02	5.140448298e+00	-2.272585607e-03	1.362126352e-11
-7.900000000e-02	5.140459117e+00	-2.790125972e-03	1.394292561e-11
-8.000000000e-02	5.140469988e+00	-3.307665119e-03	1.135425623e-11
-8.100000000e-02	5.140480911e+00	-3.825203036e-03	1.229015769e-11
-8.200000000e-02	5.140491886e+00	-4.342739707e-03	1.467400608e-11
-8.300000000e-02	5.140502913e+00	-4.860275117e-03	4.902232198e-11
-8.400000000e-02	5.140513992e+00	-5.377809244e-03	9.271013890e-11
-8.500000000e-02	5.140525123e+00	-5.895342083e-03	8.689166017e-12
-8.600000000e-02	5.140536306e+00	-6.412873611e-03	1.640869182e-11
-8.700000000e-02	5.140547541e+00	-6.930403813e-03	1.701896206e-11
-8.800000000e-02	5.140558828e+00	-7.447932677e-03	6.293971832e-11
-8.900000000e-02	5.140570166e+00	-7.965460182e-03	3.096955423e-11
-9.000000000e-02	5.140581557e+00	-8.482986315e-03	1.245933990e-11
-9.100000000e-02	5.140593000e+00	-9.000511062e-03	9.272043154e-12
-9.200000000e-02	5.140604494e+00	-9.518034403e-03	5.572144508e-11
-9.300000000e-02	5.140616041e+00	-1.003555633e-02	1.418170829e-10
-9.400000000e-02	5.140627640e+00	-1.055307682e-02	9.279688650e-12
-9.500000000e-02	5.140639290e+00	-1.107059586e-02	1.453648498e-11
-9.600000000e-02	5.140650993e+00	-1.158811344e-02	1.677550869e-11
-9.700000000e-02	5.140662747e+00	-1.210562953e-02	1.334379980e-11
-9.800000000e-02	5.140674553e+00	-1.262314412e-02	2.310189216e-11
-9.900000000e-02	5.140686412e+00	-1.314065721e-02	1.597032668e-11
-1.000000000e-01	5.140698322e+00	-1.365816876e-02	1.049993486e-11
-1.010000000e-01	5.140710284e+00	-1.417567877e-02	1.782408250e-11
-1.020000000e-01	5.140722299e+00	-1.469318723e-02	5.753871221e-12
-1.030000000e-01	5.140734365e+00	-1.521069410e-02	2.667879202e-11
-1.040000000e-01	5.140746483e+00	-1.572819939e-02	1.692228629e-11
-1.050000000e-01	5.140758653e+00	-1.624570306e-02	1.302008414e-10
-1.060000000e-01	5.140770875e+00	-1.676320512e-02	8.653312392e-11
-1.070000000e-01	5.140783149e+00	-1.728070554e-02	1.726643074e-11
-1.080000000e-01	5.140795475e+00	-1.779820431e-02	2.480614098e-11
-1.090000000e-01	5.140807853e+00	-1.831570140e-02	5.386481029e-12
-1.100000000e-01	5.140820283e+00	-1.883319682e-02	8.550310476e-12
-1.110000000e-01	5.140832765e+00	-1.935069053e-02	1.202860765e-11
-1.120000000e-01	5.140845298e+00	-1.986818252e-02	8.892574972e-12
-1.130000000e-01	5.140857884e+00	-2.038567279e-02	8.088145416e-12
-1.140000000e-01	5.140870522e+00	-2.090316130e-02	1.160109454e-11
-1.150000000e-01	5.140883211e+00	-2.142064806e-02	1.152813404e-11
-1.160000000e-01	5.140895953e+00	-2.193813303e-02	1.102272854e-11
-1.170000000e-01	5.140908746e+00	-2.245561621e-02	1.056655981e-11
-1.180000000e-01	5.140921591e+00	-2.297309759e-02	1.136848914e-11
-1.190000000e-01	5.140934489e+00	-2.349057713e-02	1.265534118e-11
-1.200000000e-01	5.140947438e+00	-2.400805484e-02	1.125140952e-11
-1.210000000e-01	5.140960439e+00	-2.452553068e-02	1.157970177e-11
-1.220000000e-01	5.140973492e+00	-2.504300466e-02	2.693541931e-11
-1.230000000e-01	5.140986597e+00	-2.556047675e-02	1.403747896e-10
-1.240000000e-01	5.140999754e+00	-2.607794693e-02	1.182037008e-11
-1.250000000e-01	5.141012963e+00	-2.659541520e-02	1.886062517e-11
-1.260000000e-01	5.141026224e+00	-2.711288153e-02	1.092433144e-11
-1.270000000e-01	5.141039537e+00	-2.763034591e-02	8.765427840e-12
-1.280000000e-01	5.141052902e+00	-2.814780832e-02	1.438580780e-11
-1.290000000e-01	5.141066319e+00	-2.866526875e-02	1.204645608e-11
-1.300000000e-01	5.141079787e+00	-2.918272719e-02	8.324642890e-12
-1.310000000e-01	5.141093308e+00	-2.970018361e-02	1.357723034e-11
-1.320000000e-01	5.141106880e+00	-3.021763800e-02	9.496856921e-12
-1.330000000e-01	5.141120505e+00	-3.073509035e-02	8.492930543e-12
-1.340000000e-01	5.141134181e+00	-3.125254064e-02	2.650878247e-11
-1.350000000e-01	5.141147909e+00	-3.176998885e-02	1.459573262e-11
-1.360000000e-01	5.141161689e+00	-3.228743498e-02	1.214018671e-11
-1.370000000e-01	5.141175521e+00	-3.280487899e-02	1.513526757e-11
-1.380000000e-01	5.141189405e+00	-3.332232089e-02	1.201171605e-11
-1.390000000e-01	5.141203341e+00	-3.383976064e-02	1.127770612e-11
-1.400000000e-01	5.141217329e+00	-3.435719824e-02	1.393770897e-11
-1.410000000e-01	5.141231369e+00	-3.487463368e-02	1.571447319e-11
-1.420000000e-01	5.141245460e+00	-3.539206693e-02	1.470897776e-11
-1.430000000e-01	5.141259604e+00	-3.590949797e-02	1.316272825e-11
-1.440000000e-01	5.141273800e+00	-3.642692680e-02	1.028583089e-11
-1.450000000e-01	5.141288047e+00	-3.694435341e-02	1.140066183e-11
-1.460000000e-01	5.141302346e+00	-3.746177776e-02	1.101935860e-11
-1.470000000e-01	5.141316698e+00	-3.797919985e-02	1.717734170e-11
-1.480000000e-01	5.141331101e+00	-3.849661966e-02	1.014077706e-11
-1.490000000e-01	5.141345556e+00	-3.901403718e-02	3.125052174e-11
-1.500000000e-01	5.141360063e+00	-3.953145239e-02	1.356118577e-11
-1.510000000e-01	5.141374622e+00	-4.004886527e-02	9.386696484e-12
-1.520000000e-01	5.141389232e+00	-4.056627581e-02	1.126195261e-11
-1.530000000e-01	5.141403895e+00	-4.108368399e-02	7.275570666e-12
-1.540000000e-01	5.141418610e+00	-4.160108981e-02	9.644611678e-12
-1.550000000e-01	5.141433376e+00	-4.211849323e-02	1.384231766e-11
-1.560000000e-01	5.141448195e+00	-4.263589426e-02	8.203470525e-12
-1.570000000e-01	5.141463065e+00	-4.315329286e-02	4.981331158e-11
-1.580000000e-01	5.141477987e+00	-4.367068903e-02	2.050858400e-11
-1.590000000e-01	5.141492961e+00	-4.418808275e-02	1.850971609e-11
-1.600000000e-01	5.141507987e+00	-4.470547400e-02	6.938533493e-12
-1.610000000e-01	5.141523065e+00	-4.522286277e-02	6.543366664e-12
-1.620000000e-01	5.141538195e+00	-4.574024904e-02	3.150508131e-11
-1.630000000e-01	5.141553376e+00	-4.625763281e-02	1.193082163e-11
-1.640000000e-01	5.141568610e+00	-4.677501404e-02	1.099827102e-11
-1.650000000e-01	5.141583895e+00	-4.729239273e-02	2.237724777e-11
-1.660000000e-01	5.141599233e+00	-4.780976886e-02	9.505402507e-12
-1.670000000e-01	5.141614622e+00	-4.832714242e-02	1.440881336e-11
-1.680000000e-01	5.141630063e+00	-4.884451338e-02	1.527563832e-11
-1.690000000e-01	5.141645556e+00	-4.936188174e-02	2.235368084e-11
-1.700000000e-01	5.141661101e+00	-4.987924748e-02	1.388945715e-11
-1.710000000e-01	5.141676698e+00	-5.039661058e-02	1.024215883e-11
-1.720000000e-01	5.141692346e+00	-5.091397103e-02	1.495854980e-11
-1.730000000e-01	5.141708047e+00	-5.143132880e-02	1.151467008e-11
-1.740000000e-01	5.141723799e+00	-5.194868390e-02	4.214396449e-11
-1.750000000e-01	5.141739603e+00	-5.246603629e-02	1.307998599e-11
-1.760000000e-01	5.141755460e+00	-5.298338598e-02	2.484067022e-11
-1.770000000e-01	5.141771368e+00	-5.350073292e-02	1.468741775e-11
-1.780000000e-01	5.141787327e+00	-5.401807713e-02	9.388349275e-12
-1.790000000e-01	5.141803339e+00	-5.453541857e-02	1.007997695e-11
-1.800000000e-01	5.141819403e+00	-5.505275723e-02	2.294072703e-11
-1.810000000e-01	5.141835518e+00	-5.557009310e-02	1.654868754e-11
-1.820000000e-01	5.141851686e+00	-5.608742616e-02	1.765391761e-11
-1.830000000e-01	5.141867905e+00	-5.660475640e-02	1.361115041e-11
-1.840000000e-01	5.141884176e+00	-5.712208379e-02	5.350338679e-11
-1.850000000e-01	5.141900499e+00	-5.763940834e-02	7.989938733e-12
-1.860000000e-01	5.141916874e+00	-5.815673001e-02	1.391378675e-11
-1.870000000e-01	5.141933300e+00	-5.867404879e-02	2.009257898e-11
-1.880000000e-01	5.141949779e+00	-5.919136467e-02	7.717900878e-12
-1.890000000e-01	5.141966309e+00	-5.970867764e-02	1.169228733e-11
-1.900000000e-01	5.141982892e+00	-6.022598767e-02	8.187610991e-12
-1.910000000e-01	5.141999526e+00	-6.074329475e-02	1.149729341e-11
-1.920000000e-01	5.142016212e+00	-6.126059886e-02	1.874657847e-11
-1.930000000e-01	5.142032949e+00	-6.177790000e-02	7.644729921e-12
-1.940000000e-01	5.142049739e+00	-6.229519814e-02	1.337151171e-11
-1.950000000e-01	5.142066581e+00	-6.281249327e-02	4.387400308e-11
-1.960000000e-01	5.142083474e+00	-6.332978538e-02	1.281699070e-11
-1.970000000e-01	5.142100419e+00	-6.384707444e-02	1.321742926e-11
-1.980000000e-01	5.142117416e+00	-6.436436044e-02	5.755644741e-11
-1.990000000e-01	5.142134465e+00	-6.488164337e-02	3.783381204e-11
-2.000000000e-01	5.142151566e+00	-6.539892321e-02	4.046523765e-11
-2.010000000e-01	5.142168718e+00	-6.591619994e-02	1.401596272e-11
-2.020000000e-01	5.142185923e+00	-6.643347356e-02	7.028805916e-12
-2.030000000e-01	5.142203179e+00	-6.695074404e-02	1.095185867e-11
-2.040000000e-01	5.142220487e+00	-6.746801137e-02	1.214242699e-11
-2.050000000e-01	5.142237847e+00	-6.798527553e-02	1.387931477e-11
-2.060000000e-01	5.142255259e+00	-6.850253651e-02	1.156894188e-11
-2.070000000e-01	5.142272722e+00	-6.901979429e-02	6.975772081e-12
-2.080000000e-01	5.142290237e+00	-6.953704886e-02	6.994024002e-12
-2.090000000e-01	5.142307805e+00	-7.005430020e-02	1.073485125e-11
-2.100000000e-01	5.142325424e+00	-7.057154829e-02	7.829865002e-12
-2.110000000e-01	5.142343095e+00	-7.108879313e-02	6.920169700e-12
-2.120000000e-01	5.142360817e+00	-7.160603469e-02	7.124196036e-12
-2.130000000e-01	5.142378592e+00	-7.212327295e-02	1.434841447e-11
-2.140000000e-01	5.142396418e+00	-7.264050791e-02	3.471744174e-11
-2.150000000e-01	5.142414296e+00	-7.315773955e-02	1.878197663e-11
-2.160000000e-01	5.142432226e+00	-7.367496785e-02	1.163087845e-11
-2.170000000e-01	5.142450208e+00	-7.419219280e-02	2.332746811e-11
-2.180000000e-01	5.142468241e+00	-7.470941437e-02	1.151982407e-11
-2.190000000e-01	5.142486327e+00	-7.522663257e-02	5.188778236e-12
-2.200000000e-01	5.142504464e+00	-7.574384736e-02	1.033049739e-11
-2.210000000e-01	5.142522653e+00	-7.626105874e-02	1.093814081e-11
-2.220000000e-01	5.142540894e+00	-7.677826669e-02	1.169097567e-11
-2.230000000e-01	5.142559186e+00	-7.729547119e-02	1.573845142e-11
-2.240000000e-01	5.142577531e+00	-7.781267222e-02	2.049948310e-11
-2.250000000e-01	5.142595927e+00	-7.832986978e-02	1.468083243e-11
-2.260000000e-01	5.142614375e+00	-7.884706385e-02	1.377525813e-10
-2.270000000e-01	5.142632875e+00	-7.936425441e-02	1.161921241e-11
-2.280000000e-01	5.142651426e+00	-7.988144144e-02	2.406078086e-11
-2.290000000e-01	5.142670030e+00	-8.039862493e-02	1.391067664e-11
-2.300000000e-01	5.142688685e+00	-8.091580487e-02	1.748308306e-11
-2.310000000e-01	5.142707392e+00	-8.143298124e-02	5.749261444e-12
-2.320000000e-01	5.142726151e+00	-8.195015402e-02	1.856501535e-11
-2.330000000e-01	5.142744961e+00	-8.246732320e-02	3.459105220e-11
-2.340000000e-01	5.142763823e+00	-8.298448876e-02	1.318333123e-11
-2.350000000e-01	5.142782737e+00	-8.350165069e-02	1.062628781e-11
-2.360000000e-01	5.142801703e+00	-8.401880897e-02	6.832083229e-12
-2.370000000e-01	5.142820721e+00	-8.453596358e-02	9.061898256e-12
-2.380000000e-01	5.142839790e+00	-8.505311452e-02	3.319324471e-11
-2.390000000e-01	5.142858912e+00	-8.557026176e-02	1.500832827e-11
-2.400000000e-01	5.142878085e+00	-8.608740529e-02	2.326819062e-11
-2.410000000e-01	5.142897309e+00	-8.660454509e-02	3.409950621e-11
-2.420000000e-01	5.142916586e+00	-8.712168116e-02	2.603423143e-11
-2.430000000e-01	5.142935914e+00	-8.763881346e-02	3.278710279e-11
-2.440000000e-01	5.142955294e+00	-8.815594199e-02	6.905275573e-12
-2.450000000e-01	5.142974726e+00	-8.867306674e-02	1.194715069e-11
-2.460000000e-01	5.142994210e+00	-8.919018768e-02	1.374403011e-11
-2.470000000e-01	5.143013745e+00	-8.970730480e-02	7.274307809e-11
-2.480000000e-01	5.143033332e+00	-9.022441809e-02	1.211558710e-11
-2.490000000e-01	5.143052971e+00	-9.074152752e-02	1.606722146e-11
-2.500000000e-01	5.143072661e+00	-9.125863309e-02	1.248896501e-11
-2.510000000e-01	5.143092404e+00	-9.177573478e-02	9.195357977e-12
-2.520000000e-01	5.143112198e+00	-9.229283258e-02	1.687679604e-11
-2.530000000e-01	5.143132044e+00	-9.280992646e-02	7.344073611e-12
-2.540000000e-01	5.143151941e+00	-9.332701641e-02	1.458259108e-11
-2.550000000e-01	5.143171891e+00	-9.384410242e-02	9.963299213e-12
-2.560000000e-01	5.143191892e+00	-9.436118447e-02	7.804797099e-12
-2.570000000e-01	5.143211944e+00	-9.487826255e-02	2.143162748e-11
-2.580000000e-01	5.143232049e+00	-9.539533664e-02	1.060271908e-11
-2.590000000e-01	5.143252205e+00	-9.591240672e-02	5.209097300e-12
-2.600000000e-01	5.143272413e+00	-9.642947278e-02	7.602731837e-11
-2.610000000e-01	5.143292673e+00	-9.694653481e-02	7.449678019e-12
-2.620000000e-01	5.143312984e+00	-9.746359278e-02	9.717297351e-12
-2.630000000e-01	5.143333348e+00	-9.798064669e-02	7.114293175e-12
-2.640000000e-01	5.143353763e+00	-9.849769651e-02	3.537500307e-11
-2.650000000e-01	5.143374229e+00	-9.901474224e-02	3.897186997e-11
-2.660000000e-01	5.143394748e+00	-9.953178385e-02	1.005539484e-11
-2.670000000e-01	5.143415318e+00	-1.000488213e-01	1.866644587e-11
-2.680000000e-01	5.143435939e+00	-1.005658547e-01	1.230208167e-11
-2.690000000e-01	5.143456613e+00	-1.010828839e-01	1.010925676e-11
-2.700000000e-01	5.143477338e+00	-1.015999089e-01	3.553745397e-11
-2.710000000e-01	5.143498115e+00	-1.021169297e-01	9.709189497e-12
-2.720000000e-01	5.143518944e+00	-1.026339463e-01	7.104247759e-12
-2.730000000e-01	5.143539824e+00	-1.031509587e-01	9.472696791e-12
-2.740000000e-01	5.143560756e+00	-1.036679668e-01	7.564864781e-12
-2.750000000e-01	5.143581740e+00	-1.041849707e-01	9.007292317e-12
-2.760000000e-01	5.143602776e+00	-1.047019703e-01	9.862079769e-12
-2.770000000e-01	5.143623863e+00	-1.052189657e-01	3.787415753e-11
-2.780000000e-01	5.143645002e+00	-1.057359567e-01	3.997835920e-11
-2.790000000e-01	5.143666192e+00	-1.062529434e-01	9.991001674e-12
-2.800000000e-01	5.143687434e+00	-1.067699258e-01	1.173394155e-11
-2.810000000e-01	5.143708728e+00	-1.072869039e-01	1.954121458e-11
-2.820000000e-01	5.143730074e+00	-1.078038776e-01	2.289215815e-11
-2.830000000e-01	5.143751471e+00	-1.083208469e-01	1.324670065e-11
-2.840000000e-01	5.143772920e+00	-1.088378118e-01	1.567228611e-11
-2.850000000e-01	5.143794421e+00	-1.093547723e-01	1.252904574e-11
-2.860000000e-01	5.143815973e+00	-1.098717284e-01	1.705245869e-11
-2.870000000e-01	5.143837577e+00	-1.103886801e-01	2.426958705e-11
-2.880000000e-01	5.143859233e+00	-1.109056273e-01	1.224060418e-11
-2.890000000e-01	5.143880940e+00	-1.114225700e-01	1.162206858e-11
-2.900000000e-01	5.143902699e+00	-1.119395083e-01	8.364464299e-12
-2.910000000e-01	5.143924510e+00	-1.124564420e-01	5.949590549e-12
-2.920000000e-01	5.143946373e+00	-1.129733712e-01	1.478948247e-11
-2.930000000e-01	5.143968287e+00	-1.134902959e-01	1.465797322e-11
-2.940000000e-01	5.143990252e+00	-1.140072161e-01	9.516101261e-12
-2.950000000e-01	5.144012270e+00	-1.145241317e-01	1.468088807e-11
-2.960000000e-01	5.144034339e+00	-1.150410427e-01	1.097241011e-11
-2.970000000e-01	5.144056459e+00	-1.155579491e-01	2.557557795e-11
-2.980000000e-01	5.144078632e+00	-1.160748509e-01	1.920194984e-11
-2.990000000e-01	5.144100856e+00	-1.165917481e-01	6.614180668e-12
-3.000000000e-01	5.144123131e+00	-1.171086407e-01	3.905144492e-11
