# epsi_ci     Re(Lambda)      Im(Lambda)      Eq(det), R = 0.10 $\mu$m, $E_p$ = 0.300 eV, modo = 4, $\epsilon_\infty$ = 3.9, $\gamma_{DL}$ = 0.01 eV, solve_det_sinkz_vs_mu.py
0.000000000e+00	6.993532053e+00	1.379667754e-01	1.571030087e-11
-1.000000000e-03	6.993552950e+00	1.372805759e-01	2.122858957e-11
-2.000000000e-03	6.993573913e+00	1.365943761e-01	1.252042033e-11
-3.000000000e-03	6.993594944e+00	1.359081759e-01	1.335451250e-11
-4.000000000e-03	6.993616041e+00	1.352219753e-01	7.185569349e-12
-5.000000000e-03	6.993637205e+00	1.345357745e-01	1.300661554e-11
-6.000000000e-03	6.993658436e+00	1.338495733e-01	4.396811124e-12
-7.000000000e-03	6.993679734e+00	1.331633719e-01	9.340057659e-12
-8.000000000e-03	6.993701099e+00	1.324771703e-01	1.040507209e-11
-9.000000000e-03	6.993722530e+00	1.317909684e-01	1.293773266e-11
-1.000000000e-02	6.993744029e+00	1.311047663e-01	1.230204574e-11
-1.100000000e-02	6.993765594e+00	1.304185640e-01	1.652102884e-11
-1.200000000e-02	6.993787226e+00	1.297323616e-01	2.203039322e-11
-1.300000000e-02	6.993808925e+00	1.290461590e-01	9.106033330e-12
-1.400000000e-02	6.993830691e+00	1.283599562e-01	1.213919556e-11
-1.500000000e-02	6.993852523e+00	1.276737534e-01	1.312836434e-11
-1.600000000e-02	6.993874423e+00	1.269875504e-01	5.363002929e-12
-1.700000000e-02	6.993896389e+00	1.263013474e-01	2.092695537e-11
-1.800000000e-02	6.993918422e+00	1.256151443e-01	6.884508879e-12
-1.900000000e-02	6.993940522e+00	1.249289412e-01	9.051448586e-12
-2.000000000e-02	6.993962688e+00	1.242427380e-01	1.138036887e-11
-2.100000000e-02	6.993984922e+00	1.235565349e-01	7.539634666e-12
-2.200000000e-02	6.994007222e+00	1.228703318e-01	2.537986040e-11
-2.300000000e-02	6.994029590e+00	1.221841287e-01	1.210934674e-11
-2.400000000e-02	6.994052024e+00	1.214979257e-01	2.353615032e-11
-2.500000000e-02	6.994074525e+00	1.208117228e-01	1.290137284e-11
-2.600000000e-02	6.994097092e+00	1.201255200e-01	8.309497514e-12
-2.700000000e-02	6.994119727e+00	1.194393173e-01	1.875217494e-11
-2.800000000e-02	6.994142428e+00	1.187531147e-01	1.040293851e-11
-2.900000000e-02	6.994165197e+00	1.180669123e-01	3.207148386e-11
-3.000000000e-02	6.994188032e+00	1.173807101e-01	9.289314953e-12
-3.100000000e-02	6.994210934e+00	1.166945080e-01	2.263434422e-11
-3.200000000e-02	6.994233903e+00	1.160083062e-01	9.400431997e-12
-3.300000000e-02	6.994256938e+00	1.153221046e-01	5.620759255e-12
-3.400000000e-02	6.994280041e+00	1.146359033e-01	1.539362899e-11
-3.500000000e-02	6.994303210e+00	1.139497023e-01	9.233325280e-12
-3.600000000e-02	6.994326446e+00	1.132635015e-01	1.295304395e-11
-3.700000000e-02	6.994349749e+00	1.125773011e-01	1.486260634e-11
-3.800000000e-02	6.994373119e+00	1.118911010e-01	2.123222000e-11
-3.900000000e-02	6.994396556e+00	1.112049012e-01	1.109577496e-11
-4.000000000e-02	6.994420059e+00	1.105187018e-01	1.719277808e-11
-4.100000000e-02	6.994443629e+00	1.098325028e-01	8.430785788e-12
-4.200000000e-02	6.994467267e+00	1.091463043e-01	1.167638665e-11
-4.300000000e-02	6.994490971e+00	1.084601061e-01	5.855774728e-12
-4.400000000e-02	6.994514741e+00	1.077739084e-01	1.868555228e-11
-4.500000000e-02	6.994538579e+00	1.070877112e-01	2.625797011e-11
-4.600000000e-02	6.994562484e+00	1.064015145e-01	1.441075640e-11
-4.700000000e-02	6.994586455e+00	1.057153182e-01	1.378281502e-11
-4.800000000e-02	6.994610493e+00	1.050291225e-01	6.389290911e-12
-4.900000000e-02	6.994634598e+00	1.043429274e-01	1.077419139e-11
-5.000000000e-02	6.994658770e+00	1.036567328e-01	2.448272758e-11
-5.100000000e-02	6.994683009e+00	1.029705388e-01	1.198180341e-11
-5.200000000e-02	6.994707314e+00	1.022843454e-01	1.367644277e-11
-5.300000000e-02	6.994731687e+00	1.015981527e-01	8.742886809e-12
-5.400000000e-02	6.994756126e+00	1.009119605e-01	1.027840765e-11
-5.500000000e-02	6.994780632e+00	1.002257691e-01	1.261395629e-11
-5.600000000e-02	6.994805205e+00	9.953957832e-02	6.107662994e-12
-5.700000000e-02	6.994829844e+00	9.885338825e-02	9.952699266e-12
-5.800000000e-02	6.994854551e+00	9.816719891e-02	1.122200111e-11
-5.900000000e-02	6.994879324e+00	9.748101031e-02	9.005447442e-12
-6.000000000e-02	6.994904165e+00	9.679482247e-02	1.204092857e-11
-6.100000000e-02	6.994929072e+00	9.610863541e-02	1.086861635e-11
-6.200000000e-02	6.994954045e+00	9.542244915e-02	6.523892988e-12
-6.300000000e-02	6.994979086e+00	9.473626372e-02	7.396446492e-12
-6.400000000e-02	6.995004194e+00	9.405007912e-02	2.093597594e-11
-6.500000000e-02	6.995029368e+00	9.336389538e-02	1.207687258e-11
-6.600000000e-02	6.995054609e+00	9.267771252e-02	1.344945021e-11
-6.700000000e-02	6.995079917e+00	9.199153055e-02	7.304932046e-12
-6.800000000e-02	6.995105292e+00	9.130534951e-02	6.000775608e-12
-6.900000000e-02	6.995130734e+00	9.061916940e-02	1.303730538e-11
-7.000000000e-02	6.995156242e+00	8.993299025e-02	1.242035385e-11
-7.100000000e-02	6.995181818e+00	8.924681208e-02	1.593730750e-11
-7.200000000e-02	6.995207460e+00	8.856063490e-02	1.063314703e-11
-7.300000000e-02	6.995233169e+00	8.787445873e-02	7.626392799e-12
-7.400000000e-02	6.995258945e+00	8.718828360e-02	2.124240363e-11
-7.500000000e-02	6.995284787e+00	8.650210952e-02	1.983412022e-11
-7.600000000e-02	6.995310697e+00	8.581593652e-02	4.910889903e-12
-7.700000000e-02	6.995336673e+00	8.512976460e-02	1.111521550e-11
-7.800000000e-02	6.995362716e+00	8.444359380e-02	2.063813019e-11
-7.900000000e-02	6.995388826e+00	8.375742413e-02	1.512645012e-11
-8.000000000e-02	6.995415003e+00	8.307125562e-02	1.591633481e-11
-8.100000000e-02	6.995441246e+00	8.238508827e-02	5.576714523e-12
-8.200000000e-02	6.995467557e+00	8.169892211e-02	7.514954712e-12
-8.300000000e-02	6.995493934e+00	8.101275717e-02	1.387798724e-11
-8.400000000e-02	6.995520378e+00	8.032659345e-02	1.698684682e-11
-8.500000000e-02	6.995546889e+00	7.964043097e-02	5.255775785e-12
-8.600000000e-02	6.995573467e+00	7.895426977e-02	9.219955829e-12
-8.700000000e-02	6.995600111e+00	7.826810985e-02	9.947268343e-12
-8.800000000e-02	6.995626822e+00	7.758195125e-02	6.350113684e-12
-8.900000000e-02	6.995653601e+00	7.689579396e-02	1.251635893e-11
-9.000000000e-02	6.995680446e+00	7.620963802e-02	5.740221552e-12
-9.100000000e-02	6.995707357e+00	7.552348345e-02	1.011325997e-11
-9.200000000e-02	6.995734336e+00	7.483733026e-02	6.469299350e-12
-9.300000000e-02	6.995761381e+00	7.415117847e-02	8.262800980e-12
-9.400000000e-02	6.995788494e+00	7.346502811e-02	1.487542993e-11
-9.500000000e-02	6.995815673e+00	7.277887919e-02	9.639750713e-12
-9.600000000e-02	6.995842919e+00	7.209273174e-02	1.371773050e-11
-9.700000000e-02	6.995870231e+00	7.140658576e-02	1.080108745e-11
-9.800000000e-02	6.995897611e+00	7.072044129e-02	2.688912022e-11
-9.900000000e-02	6.995925057e+00	7.003429833e-02	1.446045088e-11
-1.000000000e-01	6.995952570e+00	6.934815691e-02	9.429427296e-12
-1.010000000e-01	6.995980150e+00	6.866201706e-02	9.396317466e-12
-1.020000000e-01	6.996007797e+00	6.797587878e-02	1.463711588e-11
-1.030000000e-01	6.996035511e+00	6.728974210e-02	1.425718134e-11
-1.040000000e-01	6.996063291e+00	6.660360705e-02	1.712556866e-11
-1.050000000e-01	6.996091138e+00	6.591747362e-02	2.479329273e-11
-1.060000000e-01	6.996119052e+00	6.523134186e-02	1.597940612e-11
-1.070000000e-01	6.996147033e+00	6.454521177e-02	1.193349920e-11
-1.080000000e-01	6.996175081e+00	6.385908337e-02	7.832580921e-12
-1.090000000e-01	6.996203195e+00	6.317295669e-02	1.159475565e-11
-1.100000000e-01	6.996231376e+00	6.248683174e-02	8.815281968e-12
-1.110000000e-01	6.996259624e+00	6.180070855e-02	8.466571055e-12
-1.120000000e-01	6.996287939e+00	6.111458713e-02	6.640335741e-12
-1.130000000e-01	6.996316321e+00	6.042846750e-02	1.170307653e-11
-1.140000000e-01	6.996344769e+00	5.974234969e-02	1.328136206e-11
-1.150000000e-01	6.996373284e+00	5.905623371e-02	1.389329232e-11
-1.160000000e-01	6.996401866e+00	5.837011958e-02	7.587113597e-12
-1.170000000e-01	6.996430515e+00	5.768400731e-02	2.265144651e-11
-1.180000000e-01	6.996459231e+00	5.699789694e-02	2.014099424e-11
-1.190000000e-01	6.996488013e+00	5.631178848e-02	1.587247708e-11
-1.200000000e-01	6.996516862e+00	5.562568195e-02	1.366936115e-11
-1.210000000e-01	6.996545778e+00	5.493957736e-02	1.627946273e-11
-1.220000000e-01	6.996574761e+00	5.425347475e-02	1.390756215e-11
-1.230000000e-01	6.996603811e+00	5.356737412e-02	2.436546133e-11
-1.240000000e-01	6.996632927e+00	5.288127549e-02	1.051889793e-11
-1.250000000e-01	6.996662110e+00	5.219517889e-02	7.545468637e-12
-1.260000000e-01	6.996691360e+00	5.150908434e-02	9.869786238e-12
-1.270000000e-01	6.996720677e+00	5.082299185e-02	1.720706145e-11
-1.280000000e-01	6.996750061e+00	5.013690145e-02	9.859836682e-12
-1.290000000e-01	6.996779511e+00	4.945081315e-02	2.714726363e-11
-1.300000000e-01	6.996809028e+00	4.876472697e-02	5.863554859e-12
-1.310000000e-01	6.996838612e+00	4.807864293e-02	1.224665479e-11
-1.320000000e-01	6.996868263e+00	4.739256106e-02	1.005327264e-11
-1.330000000e-01	6.996897980e+00	4.670648137e-02	1.175125611e-11
-1.340000000e-01	6.996927764e+00	4.602040387e-02	7.364388454e-12
-1.350000000e-01	6.996957615e+00	4.533432860e-02	1.836175312e-11
-1.360000000e-01	6.996987533e+00	4.464825557e-02	1.182023994e-11
-1.370000000e-01	6.997017518e+00	4.396218480e-02	1.360134829e-11
-1.380000000e-01	6.997047569e+00	4.327611631e-02	6.889456825e-12
-1.390000000e-01	6.997077687e+00	4.259005011e-02	6.284272284e-12
-1.400000000e-01	6.997107872e+00	4.190398623e-02	1.942803101e-11
-1.410000000e-01	6.997138124e+00	4.121792469e-02	2.273340164e-11
-1.420000000e-01	6.997168442e+00	4.053186550e-02	2.091170718e-11
-1.430000000e-01	6.997198828e+00	3.984580869e-02	2.082218742e-11
-1.440000000e-01	6.997229280e+00	3.915975428e-02	1.978381866e-11
-1.450000000e-01	6.997259799e+00	3.847370228e-02	1.900366852e-11
-1.460000000e-01	6.997290384e+00	3.778765270e-02	1.009922776e-11
-1.470000000e-01	6.997321036e+00	3.710160559e-02	9.880212493e-12
-1.480000000e-01	6.997351756e+00	3.641556095e-02	1.000985036e-11
-1.490000000e-01	6.997382541e+00	3.572951880e-02	1.131973077e-11
-1.500000000e-01	6.997413394e+00	3.504347916e-02	2.015629912e-11
-1.510000000e-01	6.997444314e+00	3.435744205e-02	8.746718444e-12
-1.520000000e-01	6.997475300e+00	3.367140750e-02	8.216588037e-12
-1.530000000e-01	6.997506353e+00	3.298537551e-02	1.719019095e-11
-1.540000000e-01	6.997537472e+00	3.229934611e-02	1.478528575e-11
-1.550000000e-01	6.997568659e+00	3.161331932e-02	4.154619362e-12
-1.560000000e-01	6.997599912e+00	3.092729516e-02	8.791244170e-12
-1.570000000e-01	6.997631232e+00	3.024127365e-02	1.132574323e-11
-1.580000000e-01	6.997662619e+00	2.955525480e-02	1.373911308e-11
-1.590000000e-01	6.997694072e+00	2.886923864e-02	1.479670619e-11
-1.600000000e-01	6.997725592e+00	2.818322519e-02	1.760555522e-11
-1.610000000e-01	6.997757179e+00	2.749721445e-02	9.178359597e-12
-1.620000000e-01	6.997788833e+00	2.681120647e-02	7.920864615e-12
-1.630000000e-01	6.997820554e+00	2.612520125e-02	2.735647964e-11
-1.640000000e-01	6.997852341e+00	2.543919881e-02	1.138275401e-11
-1.650000000e-01	6.997884195e+00	2.475319917e-02	7.656366679e-12
-1.660000000e-01	6.997916115e+00	2.406720235e-02	2.360033504e-11
-1.670000000e-01	6.997948103e+00	2.338120838e-02	1.300727864e-11
-1.680000000e-01	6.997980157e+00	2.269521727e-02	1.154557116e-11
-1.690000000e-01	6.998012278e+00	2.200922904e-02	1.247003561e-11
-1.700000000e-01	6.998044466e+00	2.132324370e-02	1.330343108e-11
-1.710000000e-01	6.998076720e+00	2.063726129e-02	1.308316183e-11
-1.720000000e-01	6.998109041e+00	1.995128182e-02	1.328272923e-11
-1.730000000e-01	6.998141429e+00	1.926530530e-02	7.876362990e-12
-1.740000000e-01	6.998173884e+00	1.857933175e-02	2.045701435e-11
-1.750000000e-01	6.998206405e+00	1.789336121e-02	1.107491427e-11
-1.760000000e-01	6.998238993e+00	1.720739369e-02	7.052503282e-12
-1.770000000e-01	6.998271648e+00	1.652142919e-02	1.943426202e-11
-1.780000000e-01	6.998304370e+00	1.583546776e-02	9.562327604e-12
-1.790000000e-01	6.998337158e+00	1.514950939e-02	4.634464440e-12
-1.800000000e-01	6.998370013e+00	1.446355412e-02	1.020402835e-11
-1.810000000e-01	6.998402935e+00	1.377760197e-02	1.205744285e-11
-1.820000000e-01	6.998435923e+00	1.309165294e-02	1.762324902e-11
-1.830000000e-01	6.998468978e+00	1.240570707e-02	1.417455643e-11
-1.840000000e-01	6.998502100e+00	1.171976436e-02	1.476548424e-11
-1.850000000e-01	6.998535289e+00	1.103382486e-02	1.103518330e-11
-1.860000000e-01	6.998568544e+00	1.034788855e-02	1.030888975e-11
-1.870000000e-01	6.998601866e+00	9.661955483e-03	9.852736258e-12
-1.880000000e-01	6.998635255e+00	8.976025660e-03	1.659554651e-11
-1.890000000e-01	6.998668711e+00	8.290099105e-03	1.560358291e-11
-1.900000000e-01	6.998702233e+00	7.604175839e-03	2.639458699e-11
-1.910000000e-01	6.998735822e+00	6.918255878e-03	2.406651570e-11
-1.920000000e-01	6.998769477e+00	6.232339237e-03	1.185107017e-11
-1.930000000e-01	6.998803200e+00	5.546425948e-03	8.080904426e-12
-1.940000000e-01	6.998836989e+00	4.860516024e-03	1.737080433e-11
-1.950000000e-01	6.998870844e+00	4.174609483e-03	1.389173211e-11
-1.960000000e-01	6.998904767e+00	3.488706351e-03	2.339490839e-11
-1.970000000e-01	6.998938756e+00	2.802806633e-03	1.373373750e-11
-1.980000000e-01	6.998972812e+00	2.116910365e-03	1.209356682e-11
-1.990000000e-01	6.999006934e+00	1.431017553e-03	9.380796421e-12
-2.000000000e-01	6.999041123e+00	7.451282262e-04	7.351997047e-12
-2.010000000e-01	6.999075379e+00	5.924239722e-05	4.002917528e-12
-2.020000000e-01	6.999109702e+00	-6.266399087e-04	1.234732029e-11
-2.030000000e-01	6.999144091e+00	-1.312518679e-03	8.382240906e-12
-2.040000000e-01	6.999178547e+00	-1.998393892e-03	2.618701663e-11
-2.050000000e-01	6.999213070e+00	-2.684265521e-03	1.111027988e-11
-2.060000000e-01	6.999247659e+00	-3.370133554e-03	8.620654048e-12
-2.070000000e-01	6.999282315e+00	-4.055997972e-03	6.026132421e-12
-2.080000000e-01	6.999317038e+00	-4.741858755e-03	1.467776051e-11
-2.090000000e-01	6.999351827e+00	-5.427715884e-03	2.082203453e-11
-2.100000000e-01	6.999386683e+00	-6.113569335e-03	2.367569797e-11
-2.110000000e-01	6.999421606e+00	-6.799419092e-03	8.516073954e-12
-2.120000000e-01	6.999456596e+00	-7.485265133e-03	1.690351183e-11
-2.130000000e-01	6.999491652e+00	-8.171107445e-03	2.060817196e-11
-2.140000000e-01	6.999526774e+00	-8.856946008e-03	1.926565548e-11
-2.150000000e-01	6.999561964e+00	-9.542780791e-03	8.851521785e-12
-2.160000000e-01	6.999597220e+00	-1.022861179e-02	9.755664078e-12
-2.170000000e-01	6.999632543e+00	-1.091443897e-02	1.879239521e-11
-2.180000000e-01	6.999667932e+00	-1.160026233e-02	1.980031573e-11
-2.190000000e-01	6.999703388e+00	-1.228608184e-02	1.024384992e-11
-2.200000000e-01	6.999738911e+00	-1.297189748e-02	1.703859862e-11
-2.210000000e-01	6.999774500e+00	-1.365770923e-02	1.309064048e-11
-2.220000000e-01	6.999810156e+00	-1.434351708e-02	1.294274597e-11
-2.230000000e-01	6.999845879e+00	-1.502932100e-02	2.469592704e-11
-2.240000000e-01	6.999881669e+00	-1.571512096e-02	1.968414643e-11
-2.250000000e-01	6.999917525e+00	-1.640091697e-02	8.811019841e-12
-2.260000000e-01	6.999953447e+00	-1.708670899e-02	5.396583033e-12
-2.270000000e-01	6.999989437e+00	-1.777249701e-02	2.120216507e-11
-2.280000000e-01	7.000025493e+00	-1.845828101e-02	1.320021080e-11
-2.290000000e-01	7.000061615e+00	-1.914406096e-02	1.054768458e-11
-2.300000000e-01	7.000097805e+00	-1.982983686e-02	1.041509376e-11
-2.310000000e-01	7.000134060e+00	-2.051560867e-02	1.056174089e-11
-2.320000000e-01	7.000170383e+00	-2.120137638e-02	9.002782074e-12
-2.330000000e-01	7.000206772e+00	-2.188713997e-02	8.429129078e-12
-2.340000000e-01	7.000243228e+00	-2.257289942e-02	6.816431859e-12
-2.350000000e-01	7.000279750e+00	-2.325865471e-02	2.156795655e-11
-2.360000000e-01	7.000316339e+00	-2.394440583e-02	1.182595205e-11
-2.370000000e-01	7.000352995e+00	-2.463015274e-02	3.212747086e-11
-2.380000000e-01	7.000389717e+00	-2.531589545e-02	8.388103202e-12
-2.390000000e-01	7.000426506e+00	-2.600163392e-02	1.213122755e-11
-2.400000000e-01	7.000463362e+00	-2.668736813e-02	1.076983303e-11
-2.410000000e-01	7.000500284e+00	-2.737309807e-02	5.933852492e-12
-2.420000000e-01	7.000537273e+00	-2.805882371e-02	1.662652281e-11
-2.430000000e-01	7.000574328e+00	-2.874454504e-02	1.148943227e-11
-2.440000000e-01	7.000611451e+00	-2.943026204e-02	1.278878060e-11
-2.450000000e-01	7.000648639e+00	-3.011597469e-02	1.643441872e-11
-2.460000000e-01	7.000685894e+00	-3.080168296e-02	9.214808001e-12
-2.470000000e-01	7.000723216e+00	-3.148738685e-02	1.191836627e-11
-2.480000000e-01	7.000760605e+00	-3.217308632e-02	1.258662060e-11
-2.490000000e-01	7.000798060e+00	-3.285878137e-02	7.180600586e-12
-2.500000000e-01	7.000835582e+00	-3.354447197e-02	1.698326610e-11
-2.510000000e-01	7.000873170e+00	-3.423015810e-02	8.978622837e-12
-2.520000000e-01	7.000910825e+00	-3.491583974e-02	1.980465842e-11
-2.530000000e-01	7.000948546e+00	-3.560151689e-02	8.353074366e-12
-2.540000000e-01	7.000986334e+00	-3.628718950e-02	6.042212319e-12
-2.550000000e-01	7.001024189e+00	-3.697285757e-02	8.950302441e-12
-2.560000000e-01	7.001062110e+00	-3.765852107e-02	1.249855251e-11
-2.570000000e-01	7.001100098e+00	-3.834417999e-02	1.481739705e-11
-2.580000000e-01	7.001138152e+00	-3.902983431e-02	6.059497697e-12
-2.590000000e-01	7.001176273e+00	-3.971548401e-02	1.014142072e-11
-2.600000000e-01	7.001214461e+00	-4.040112906e-02	1.115081439e-11
-2.610000000e-01	7.001252715e+00	-4.108676946e-02	1.748126460e-11
-2.620000000e-01	7.001291036e+00	-4.177240517e-02	1.244838786e-11
-2.630000000e-01	7.001329423e+00	-4.245803619e-02	1.080020320e-11
-2.640000000e-01	7.001367877e+00	-4.314366249e-02	1.663435491e-11
-2.650000000e-01	7.001406398e+00	-4.382928405e-02	9.269689556e-12
-2.660000000e-01	7.001444985e+00	-4.451490085e-02	2.158240112e-11
-2.670000000e-01	7.001483638e+00	-4.520051288e-02	1.030468777e-11
-2.680000000e-01	7.001522358e+00	-4.588612011e-02	1.783121737e-11
-2.690000000e-01	7.001561145e+00	-4.657172253e-02	1.235846132e-11
-2.700000000e-01	7.001599998e+00	-4.725732011e-02	7.606802977e-12
-2.710000000e-01	7.001638918e+00	-4.794291284e-02	7.459615928e-12
-2.720000000e-01	7.001677905e+00	-4.862850070e-02	2.103199431e-11
-2.730000000e-01	7.001716957e+00	-4.931408367e-02	2.579351999e-11
-2.740000000e-01	7.001756077e+00	-4.999966172e-02	1.162459927e-11
-2.750000000e-01	7.001795263e+00	-5.068523484e-02	1.069643162e-11
-2.760000000e-01	7.001834516e+00	-5.137080301e-02	9.596291635e-12
-2.770000000e-01	7.001873835e+00	-5.205636622e-02	7.859443260e-12
-2.780000000e-01	7.001913220e+00	-5.274192444e-02	2.814091789e-11
-2.790000000e-01	7.001952672e+00	-5.342747764e-02	8.943040071e-12
-2.800000000e-01	7.001992191e+00	-5.411302582e-02	8.357928992e-12
-2.810000000e-01	7.002031776e+00	-5.479856896e-02	1.502091472e-11
-2.820000000e-01	7.002071428e+00	-5.548410703e-02	4.867321549e-12
-2.830000000e-01	7.002111147e+00	-5.616964002e-02	1.577931276e-11
-2.840000000e-01	7.002150931e+00	-5.685516790e-02	1.173094246e-11
-2.850000000e-01	7.002190783e+00	-5.754069066e-02	8.862524538e-12
-2.860000000e-01	7.002230701e+00	-5.822620827e-02	1.220174774e-11
-2.870000000e-01	7.002270685e+00	-5.891172073e-02	6.752253814e-12
-2.880000000e-01	7.002310736e+00	-5.959722801e-02	2.417199085e-11
-2.890000000e-01	7.002350853e+00	-6.028273008e-02	2.055238680e-11
-2.900000000e-01	7.002391037e+00	-6.096822693e-02	1.304566709e-11
-2.910000000e-01	7.002431288e+00	-6.165371855e-02	1.096422869e-11
-2.920000000e-01	7.002471605e+00	-6.233920491e-02	1.185343433e-11
-2.930000000e-01	7.002511988e+00	-6.302468599e-02	7.716666482e-12
-2.940000000e-01	7.002552438e+00	-6.371016177e-02	2.472628725e-11
-2.950000000e-01	7.002592954e+00	-6.439563224e-02	6.502650708e-12
-2.960000000e-01	7.002633537e+00	-6.508109738e-02	5.673414143e-12
-2.970000000e-01	7.002674187e+00	-6.576655716e-02	1.020491404e-11
-2.980000000e-01	7.002714903e+00	-6.645201157e-02	1.046956839e-11
-2.990000000e-01	7.002755685e+00	-6.713746058e-02	1.080761366e-11
-3.000000000e-01	7.002796534e+00	-6.782290419e-02	1.279700200e-11
