# epsi_ci     Re(Lambda)      Im(Lambda)      Eq(det), R = 0.10 $\mu$m, $E_p$ = 0.300 eV, modo = 4, $\epsilon_\infty$ = 3.9, $\gamma_{DL}$ = 0.01 eV, solve_det_sinkz_vs_mu.py
0.000000000e+00	6.790723419e+00	1.211438024e-01	2.230956761e-11
-1.000000000e-03	6.790742358e+00	1.204743613e-01	1.252926649e-11
-2.000000000e-03	6.790761363e+00	1.198049200e-01	1.205375530e-11
-3.000000000e-03	6.790780433e+00	1.191354784e-01	5.722619250e-12
-4.000000000e-03	6.790799569e+00	1.184660366e-01	1.162229251e-11
-5.000000000e-03	6.790818770e+00	1.177965946e-01	1.047162107e-11
-6.000000000e-03	6.790838037e+00	1.171271524e-01	8.251715428e-12
-7.000000000e-03	6.790857369e+00	1.164577100e-01	8.598148852e-12
-8.000000000e-03	6.790876767e+00	1.157882675e-01	6.974256061e-12
-9.000000000e-03	6.790896231e+00	1.151188249e-01	9.809844785e-12
-1.000000000e-02	6.790915760e+00	1.144493822e-01	6.525337761e-12
-1.100000000e-02	6.790935355e+00	1.137799395e-01	1.085324259e-11
-1.200000000e-02	6.790955015e+00	1.131104966e-01	8.776803545e-12
-1.300000000e-02	6.790974742e+00	1.124410537e-01	2.215473683e-11
-1.400000000e-02	6.790994533e+00	1.117716108e-01	1.010942064e-11
-1.500000000e-02	6.791014390e+00	1.111021679e-01	1.612458962e-11
-1.600000000e-02	6.791034313e+00	1.104327250e-01	1.759807434e-11
-1.700000000e-02	6.791054302e+00	1.097632821e-01	1.364291608e-11
-1.800000000e-02	6.791074356e+00	1.090938393e-01	5.659708594e-12
-1.900000000e-02	6.791094475e+00	1.084243965e-01	1.096019884e-11
-2.000000000e-02	6.791114660e+00	1.077549539e-01	8.931728255e-12
-2.100000000e-02	6.791134911e+00	1.070855114e-01	1.734383027e-11
-2.200000000e-02	6.791155228e+00	1.064160689e-01	1.456335775e-11
-2.300000000e-02	6.791175610e+00	1.057466267e-01	9.473029988e-12
-2.400000000e-02	6.791196057e+00	1.050771846e-01	1.226651924e-11
-2.500000000e-02	6.791216570e+00	1.044077427e-01	1.142113372e-11
-2.600000000e-02	6.791237149e+00	1.037383010e-01	2.809315099e-11
-2.700000000e-02	6.791257794e+00	1.030688595e-01	9.103999374e-12
-2.800000000e-02	6.791278504e+00	1.023994183e-01	2.280438986e-11
-2.900000000e-02	6.791299279e+00	1.017299773e-01	2.449671030e-11
-3.000000000e-02	6.791320120e+00	1.010605366e-01	5.868872143e-12
-3.100000000e-02	6.791341027e+00	1.003910962e-01	1.146216701e-11
-3.200000000e-02	6.791361999e+00	9.972165619e-02	1.282711013e-11
-3.300000000e-02	6.791383037e+00	9.905221648e-02	9.546090526e-12
-3.400000000e-02	6.791404141e+00	9.838277713e-02	8.103550076e-12
-3.500000000e-02	6.791425310e+00	9.771333816e-02	1.327246616e-11
-3.600000000e-02	6.791446545e+00	9.704389958e-02	2.118372311e-11
-3.700000000e-02	6.791467845e+00	9.637446143e-02	1.229745822e-11
-3.800000000e-02	6.791489211e+00	9.570502372e-02	1.929023450e-11
-3.900000000e-02	6.791510642e+00	9.503558646e-02	2.943821208e-11
-4.000000000e-02	6.791532139e+00	9.436614968e-02	4.044042308e-12
-4.100000000e-02	6.791553702e+00	9.369671339e-02	1.803747632e-11
-4.200000000e-02	6.791575330e+00	9.302727762e-02	1.331095223e-11
-4.300000000e-02	6.791597024e+00	9.235784238e-02	1.878474057e-11
-4.400000000e-02	6.791618784e+00	9.168840769e-02	1.226905197e-11
-4.500000000e-02	6.791640609e+00	9.101897358e-02	9.135582830e-12
-4.600000000e-02	6.791662499e+00	9.034954006e-02	9.636281614e-12
-4.700000000e-02	6.791684456e+00	8.968010716e-02	3.074478236e-11
-4.800000000e-02	6.791706477e+00	8.901067487e-02	1.178896709e-11
-4.900000000e-02	6.791728565e+00	8.834124324e-02	6.650011956e-12
-5.000000000e-02	6.791750718e+00	8.767181228e-02	2.048954008e-11
-5.100000000e-02	6.791772936e+00	8.700238201e-02	2.774681229e-11
-5.200000000e-02	6.791795221e+00	8.633295244e-02	1.196704005e-11
-5.300000000e-02	6.791817570e+00	8.566352360e-02	8.204928789e-12
-5.400000000e-02	6.791839986e+00	8.499409551e-02	1.030201468e-11
-5.500000000e-02	6.791862467e+00	8.432466818e-02	2.037847088e-11
-5.600000000e-02	6.791885013e+00	8.365524164e-02	2.065602552e-11
-5.700000000e-02	6.791907625e+00	8.298581590e-02	2.078651659e-11
-5.800000000e-02	6.791930303e+00	8.231639097e-02	9.824664981e-12
-5.900000000e-02	6.791953046e+00	8.164696690e-02	2.717480783e-11
-6.000000000e-02	6.791975855e+00	8.097754368e-02	1.432163612e-11
-6.100000000e-02	6.791998730e+00	8.030812135e-02	8.972674773e-12
-6.200000000e-02	6.792021670e+00	7.963869991e-02	1.189604356e-11
-6.300000000e-02	6.792044675e+00	7.896927939e-02	2.391553546e-11
-6.400000000e-02	6.792067746e+00	7.829985981e-02	2.116302482e-11
-6.500000000e-02	6.792090883e+00	7.763044119e-02	9.138663254e-12
-6.600000000e-02	6.792114086e+00	7.696102355e-02	1.234096464e-11
-6.700000000e-02	6.792137354e+00	7.629160690e-02	1.631833548e-11
-6.800000000e-02	6.792160687e+00	7.562219126e-02	5.952048424e-12
-6.900000000e-02	6.792184086e+00	7.495277666e-02	2.518139181e-11
-7.000000000e-02	6.792207551e+00	7.428336312e-02	9.705027778e-12
-7.100000000e-02	6.792231081e+00	7.361395064e-02	1.160179315e-11
-7.200000000e-02	6.792254677e+00	7.294453926e-02	7.465778600e-12
-7.300000000e-02	6.792278339e+00	7.227512899e-02	7.380641939e-12
-7.400000000e-02	6.792302066e+00	7.160571984e-02	1.114021609e-11
-7.500000000e-02	6.792325858e+00	7.093631185e-02	2.504787624e-11
-7.600000000e-02	6.792349716e+00	7.026690503e-02	1.301057665e-11
-7.700000000e-02	6.792373640e+00	6.959749940e-02	1.878489422e-11
-7.800000000e-02	6.792397630e+00	6.892809497e-02	1.420826734e-11
-7.900000000e-02	6.792421684e+00	6.825869177e-02	8.259373184e-12
-8.000000000e-02	6.792445805e+00	6.758928981e-02	8.833182258e-12
-8.100000000e-02	6.792469991e+00	6.691988912e-02	9.159477249e-12
-8.200000000e-02	6.792494243e+00	6.625048971e-02	9.237153631e-12
-8.300000000e-02	6.792518560e+00	6.558109161e-02	1.026433082e-11
-8.400000000e-02	6.792542943e+00	6.491169483e-02	1.475936106e-11
-8.500000000e-02	6.792567391e+00	6.424229939e-02	2.382695944e-11
-8.600000000e-02	6.792591905e+00	6.357290531e-02	1.560121655e-11
-8.700000000e-02	6.792616485e+00	6.290351262e-02	1.139275686e-11
-8.800000000e-02	6.792641130e+00	6.223412132e-02	1.671324500e-11
-8.900000000e-02	6.792665840e+00	6.156473144e-02	1.076470150e-11
-9.000000000e-02	6.792690617e+00	6.089534300e-02	9.922028962e-12
-9.100000000e-02	6.792715458e+00	6.022595602e-02	1.903644278e-11
-9.200000000e-02	6.792740366e+00	5.955657051e-02	1.493678263e-11
-9.300000000e-02	6.792765339e+00	5.888718650e-02	1.302486022e-11
-9.400000000e-02	6.792790377e+00	5.821780400e-02	1.235544286e-11
-9.500000000e-02	6.792815481e+00	5.754842304e-02	6.875941736e-12
-9.600000000e-02	6.792840651e+00	5.687904363e-02	1.135284795e-11
-9.700000000e-02	6.792865886e+00	5.620966579e-02	1.983887045e-11
-9.800000000e-02	6.792891187e+00	5.554028955e-02	1.575487340e-11
-9.900000000e-02	6.792916553e+00	5.487091491e-02	7.496042806e-12
-1.000000000e-01	6.792941985e+00	5.420154191e-02	1.022660547e-11
-1.010000000e-01	6.792967483e+00	5.353217056e-02	1.136451913e-11
-1.020000000e-01	6.792993046e+00	5.286280087e-02	5.642995062e-12
-1.030000000e-01	6.793018674e+00	5.219343287e-02	1.780414587e-11
-1.040000000e-01	6.793044368e+00	5.152406658e-02	1.156161670e-11
-1.050000000e-01	6.793070128e+00	5.085470202e-02	6.588414426e-12
-1.060000000e-01	6.793095953e+00	5.018533920e-02	1.521411497e-11
-1.070000000e-01	6.793121844e+00	4.951597814e-02	1.556128303e-11
-1.080000000e-01	6.793147800e+00	4.884661887e-02	1.162656497e-11
-1.090000000e-01	6.793173822e+00	4.817726140e-02	6.740649652e-12
-1.100000000e-01	6.793199910e+00	4.750790576e-02	6.995773769e-12
-1.110000000e-01	6.793226063e+00	4.683855196e-02	2.285716309e-11
-1.120000000e-01	6.793252282e+00	4.616920002e-02	6.672377350e-12
-1.130000000e-01	6.793278566e+00	4.549984995e-02	1.129374101e-11
-1.140000000e-01	6.793304915e+00	4.483050179e-02	5.266729341e-12
-1.150000000e-01	6.793331331e+00	4.416115555e-02	4.201063662e-11
-1.160000000e-01	6.793357811e+00	4.349181124e-02	2.761353281e-11
-1.170000000e-01	6.793384358e+00	4.282246889e-02	2.421665224e-11
-1.180000000e-01	6.793410970e+00	4.215312851e-02	1.833709576e-11
-1.190000000e-01	6.793437647e+00	4.148379014e-02	9.670805145e-12
-1.200000000e-01	6.793464390e+00	4.081445377e-02	6.957510390e-12
-1.210000000e-01	6.793491199e+00	4.014511944e-02	1.963456461e-11
-1.220000000e-01	6.793518073e+00	3.947578716e-02	1.111398250e-11
-1.230000000e-01	6.793545012e+00	3.880645696e-02	7.572627661e-12
-1.240000000e-01	6.793572017e+00	3.813712885e-02	2.634317393e-11
-1.250000000e-01	6.793599088e+00	3.746780284e-02	6.506486817e-12
-1.260000000e-01	6.793626224e+00	3.679847896e-02	6.549254735e-12
-1.270000000e-01	6.793653426e+00	3.612915724e-02	1.239540673e-11
-1.280000000e-01	6.793680694e+00	3.545983768e-02	1.990314352e-11
-1.290000000e-01	6.793708026e+00	3.479052031e-02	1.098931655e-11
-1.300000000e-01	6.793735425e+00	3.412120515e-02	8.813558952e-12
-1.310000000e-01	6.793762889e+00	3.345189221e-02	8.127121660e-12
-1.320000000e-01	6.793790418e+00	3.278258152e-02	1.550435462e-11
-1.330000000e-01	6.793818013e+00	3.211327309e-02	3.427128642e-11
-1.340000000e-01	6.793845674e+00	3.144396695e-02	7.129796430e-12
-1.350000000e-01	6.793873400e+00	3.077466311e-02	6.789306529e-12
-1.360000000e-01	6.793901191e+00	3.010536159e-02	6.527363211e-12
-1.370000000e-01	6.793929048e+00	2.943606241e-02	1.558124883e-11
-1.380000000e-01	6.793956971e+00	2.876676559e-02	1.716443113e-11
-1.390000000e-01	6.793984959e+00	2.809747115e-02	1.377255373e-11
-1.400000000e-01	6.794013013e+00	2.742817910e-02	1.820835408e-11
-1.410000000e-01	6.794041132e+00	2.675888948e-02	8.827756361e-12
-1.420000000e-01	6.794069317e+00	2.608960229e-02	1.300905801e-11
-1.430000000e-01	6.794097567e+00	2.542031757e-02	1.233395768e-11
-1.440000000e-01	6.794125883e+00	2.475103531e-02	1.609218760e-11
-1.450000000e-01	6.794154264e+00	2.408175555e-02	1.549771735e-11
-1.460000000e-01	6.794182711e+00	2.341247830e-02	3.123081455e-11
-1.470000000e-01	6.794211223e+00	2.274320359e-02	8.179609646e-12
-1.480000000e-01	6.794239801e+00	2.207393142e-02	9.627498652e-12
-1.490000000e-01	6.794268445e+00	2.140466183e-02	1.362410525e-11
-1.500000000e-01	6.794297154e+00	2.073539483e-02	2.059047521e-11
-1.510000000e-01	6.794325928e+00	2.006613044e-02	9.630351584e-12
-1.520000000e-01	6.794354768e+00	1.939686868e-02	2.870331887e-11
-1.530000000e-01	6.794383673e+00	1.872760957e-02	1.654020101e-11
-1.540000000e-01	6.794412644e+00	1.805835312e-02	1.046272682e-11
-1.550000000e-01	6.794441681e+00	1.738909936e-02	1.122905430e-11
-1.560000000e-01	6.794470782e+00	1.671984831e-02	1.067227029e-11
-1.570000000e-01	6.794499950e+00	1.605059997e-02	1.570735610e-11
-1.580000000e-01	6.794529183e+00	1.538135439e-02	1.674736547e-11
-1.590000000e-01	6.794558481e+00	1.471211156e-02	1.027226510e-11
-1.600000000e-01	6.794587845e+00	1.404287152e-02	1.361191648e-11
-1.610000000e-01	6.794617275e+00	1.337363428e-02	9.704061597e-12
-1.620000000e-01	6.794646770e+00	1.270439986e-02	9.286766079e-12
-1.630000000e-01	6.794676330e+00	1.203516829e-02	2.358111443e-11
-1.640000000e-01	6.794705956e+00	1.136593956e-02	5.744148551e-12
-1.650000000e-01	6.794735647e+00	1.069671373e-02	3.136123723e-11
-1.660000000e-01	6.794765404e+00	1.002749078e-02	1.477718236e-11
-1.670000000e-01	6.794795227e+00	9.358270750e-03	1.800368953e-11
-1.680000000e-01	6.794825115e+00	8.689053658e-03	1.639510599e-11
-1.690000000e-01	6.794855068e+00	8.019839519e-03	1.376852811e-11
-1.700000000e-01	6.794885087e+00	7.350628355e-03	2.584997975e-11
-1.710000000e-01	6.794915171e+00	6.681420188e-03	1.872471320e-11
-1.720000000e-01	6.794945321e+00	6.012215031e-03	2.122395798e-11
-1.730000000e-01	6.794975536e+00	5.343012901e-03	1.249716960e-11
-1.740000000e-01	6.795005817e+00	4.673813827e-03	2.589537066e-11
-1.750000000e-01	6.795036163e+00	4.004617822e-03	1.642902694e-11
-1.760000000e-01	6.795066575e+00	3.335424906e-03	2.468488715e-11
-1.770000000e-01	6.795097052e+00	2.666235095e-03	8.715749779e-12
-1.780000000e-01	6.795127595e+00	1.997048413e-03	7.530135887e-12
-1.790000000e-01	6.795158203e+00	1.327864878e-03	7.840744253e-12
-1.800000000e-01	6.795188877e+00	6.586845059e-04	2.747920397e-11
-1.810000000e-01	6.795219616e+00	-1.049267613e-05	1.389676664e-11
-1.820000000e-01	6.795250421e+00	-6.796666551e-04	1.000567077e-11
-1.830000000e-01	6.795281291e+00	-1.348837413e-03	1.518869938e-11
-1.840000000e-01	6.795312226e+00	-2.018004930e-03	1.295614779e-11
-1.850000000e-01	6.795343227e+00	-2.687169184e-03	2.485185971e-11
-1.860000000e-01	6.795374294e+00	-3.356330155e-03	1.215205205e-11
-1.870000000e-01	6.795405426e+00	-4.025487829e-03	5.534588015e-12
-1.880000000e-01	6.795436623e+00	-4.694642185e-03	2.669544186e-11
-1.890000000e-01	6.795467886e+00	-5.363793198e-03	1.198301065e-11
-1.900000000e-01	6.795499214e+00	-6.032940860e-03	2.020433836e-11
-1.910000000e-01	6.795530608e+00	-6.702085142e-03	1.129363014e-11
-1.920000000e-01	6.795562067e+00	-7.371226030e-03	1.034102958e-11
-1.930000000e-01	6.795593592e+00	-8.040363499e-03	1.556051628e-11
-1.940000000e-01	6.795625182e+00	-8.709497538e-03	1.351684558e-11
-1.950000000e-01	6.795656837e+00	-9.378628127e-03	8.065988544e-12
-1.960000000e-01	6.795688558e+00	-1.004775524e-02	7.589868332e-12
-1.970000000e-01	6.795720345e+00	-1.071687886e-02	7.415620931e-12
-1.980000000e-01	6.795752197e+00	-1.138599898e-02	1.376609378e-11
-1.990000000e-01	6.795784114e+00	-1.205511556e-02	7.086189627e-12
-2.000000000e-01	6.795816097e+00	-1.272422859e-02	1.008262686e-11
-2.010000000e-01	6.795848145e+00	-1.339333805e-02	2.225646993e-11
-2.020000000e-01	6.795880259e+00	-1.406244393e-02	1.693634095e-11
-2.030000000e-01	6.795912438e+00	-1.473154621e-02	3.281684948e-11
-2.040000000e-01	6.795944682e+00	-1.540064486e-02	1.277517160e-11
-2.050000000e-01	6.795976992e+00	-1.606973986e-02	1.191238764e-11
-2.060000000e-01	6.796009367e+00	-1.673883120e-02	1.235998742e-11
-2.070000000e-01	6.796041808e+00	-1.740791886e-02	1.063596080e-11
-2.080000000e-01	6.796074314e+00	-1.807700282e-02	1.981831378e-11
-2.090000000e-01	6.796106886e+00	-1.874608305e-02	9.546925348e-12
-2.100000000e-01	6.796139523e+00	-1.941515955e-02	2.873356410e-11
-2.110000000e-01	6.796172226e+00	-2.008423228e-02	8.715038562e-12
-2.120000000e-01	6.796204994e+00	-2.075330124e-02	2.207679578e-11
-2.130000000e-01	6.796237827e+00	-2.142236640e-02	7.387711854e-12
-2.140000000e-01	6.796270726e+00	-2.209142774e-02	1.297827870e-11
-2.150000000e-01	6.796303690e+00	-2.276048525e-02	1.131385490e-11
-2.160000000e-01	6.796336719e+00	-2.342953891e-02	1.183613354e-11
-2.170000000e-01	6.796369814e+00	-2.409858869e-02	1.372867690e-11
-2.180000000e-01	6.796402975e+00	-2.476763457e-02	9.054131412e-12
-2.190000000e-01	6.796436200e+00	-2.543667655e-02	1.237667804e-11
-2.200000000e-01	6.796469492e+00	-2.610571459e-02	1.584433794e-11
-2.210000000e-01	6.796502848e+00	-2.677474868e-02	1.160059590e-11
-2.220000000e-01	6.796536270e+00	-2.744377881e-02	8.746054588e-12
-2.230000000e-01	6.796569758e+00	-2.811280495e-02	7.739036957e-12
-2.240000000e-01	6.796603310e+00	-2.878182707e-02	9.072603637e-12
-2.250000000e-01	6.796636929e+00	-2.945084517e-02	1.452714878e-11
-2.260000000e-01	6.796670612e+00	-3.011985923e-02	9.077917775e-12
-2.270000000e-01	6.796704361e+00	-3.078886922e-02	1.337085281e-11
-2.280000000e-01	6.796738175e+00	-3.145787513e-02	1.094208613e-11
-2.290000000e-01	6.796772055e+00	-3.212687693e-02	1.858517098e-11
-2.300000000e-01	6.796806000e+00	-3.279587461e-02	8.341873897e-12
-2.310000000e-01	6.796840011e+00	-3.346486815e-02	9.955010226e-12
-2.320000000e-01	6.796874087e+00	-3.413385753e-02	3.473903781e-11
-2.330000000e-01	6.796908228e+00	-3.480284273e-02	9.917269427e-12
-2.340000000e-01	6.796942435e+00	-3.547182373e-02	1.211877858e-11
-2.350000000e-01	6.796976707e+00	-3.614080051e-02	7.251741137e-12
-2.360000000e-01	6.797011044e+00	-3.680977306e-02	9.237340549e-12
-2.370000000e-01	6.797045447e+00	-3.747874135e-02	4.222442480e-11
-2.380000000e-01	6.797079915e+00	-3.814770536e-02	5.506856976e-12
-2.390000000e-01	6.797114448e+00	-3.881666508e-02	1.772511288e-11
-2.400000000e-01	6.797149047e+00	-3.948562049e-02	1.765855991e-11
-2.410000000e-01	6.797183711e+00	-4.015457157e-02	6.606887699e-12
-2.420000000e-01	6.797218441e+00	-4.082351829e-02	1.306689649e-11
-2.430000000e-01	6.797253236e+00	-4.149246065e-02	2.454677049e-11
-2.440000000e-01	6.797288096e+00	-4.216139861e-02	1.242216619e-11
-2.450000000e-01	6.797323022e+00	-4.283033217e-02	1.513161509e-11
-2.460000000e-01	6.797358013e+00	-4.349926130e-02	1.448212388e-11
-2.470000000e-01	6.797393069e+00	-4.416818598e-02	1.584496888e-11
-2.480000000e-01	6.797428191e+00	-4.483710619e-02	2.594588007e-11
-2.490000000e-01	6.797463378e+00	-4.550602192e-02	7.892122144e-12
-2.500000000e-01	6.797498630e+00	-4.617493315e-02	2.722652046e-11
-2.510000000e-01	6.797533948e+00	-4.684383985e-02	1.002405361e-11
-2.520000000e-01	6.797569331e+00	-4.751274201e-02	1.184332595e-11
-2.530000000e-01	6.797604780e+00	-4.818163961e-02	9.760483317e-12
-2.540000000e-01	6.797640293e+00	-4.885053263e-02	3.105780193e-11
-2.550000000e-01	6.797675872e+00	-4.951942105e-02	1.004248647e-11
-2.560000000e-01	6.797711517e+00	-5.018830486e-02	9.694058628e-12
-2.570000000e-01	6.797747226e+00	-5.085718402e-02	2.133005160e-11
-2.580000000e-01	6.797783002e+00	-5.152605852e-02	1.918408691e-11
-2.590000000e-01	6.797818842e+00	-5.219492836e-02	1.896941665e-11
-2.600000000e-01	6.797854748e+00	-5.286379349e-02	9.339889326e-12
-2.610000000e-01	6.797890719e+00	-5.353265392e-02	1.424580873e-11
-2.620000000e-01	6.797926755e+00	-5.420150961e-02	9.871387455e-12
-2.630000000e-01	6.797962857e+00	-5.487036055e-02	1.266120863e-11
-2.640000000e-01	6.797999024e+00	-5.553920671e-02	1.450515229e-11
-2.650000000e-01	6.798035256e+00	-5.620804809e-02	7.437237721e-12
-2.660000000e-01	6.798071553e+00	-5.687688466e-02	2.064421164e-11
-2.670000000e-01	6.798107916e+00	-5.754571640e-02	2.393092349e-11
-2.680000000e-01	6.798144344e+00	-5.821454330e-02	1.482725294e-11
-2.690000000e-01	6.798180838e+00	-5.888336533e-02	6.493613302e-12
-2.700000000e-01	6.798217397e+00	-5.955218247e-02	3.313572055e-11
-2.710000000e-01	6.798254021e+00	-6.022099471e-02	7.581632967e-12
-2.720000000e-01	6.798290710e+00	-6.088980202e-02	1.542971677e-11
-2.730000000e-01	6.798327465e+00	-6.155860439e-02	7.571535159e-12
-2.740000000e-01	6.798364285e+00	-6.222740181e-02	1.463084727e-11
-2.750000000e-01	6.798401170e+00	-6.289619423e-02	1.598856098e-11
-2.760000000e-01	6.798438121e+00	-6.356498167e-02	2.494159070e-11
-2.770000000e-01	6.798475136e+00	-6.423376408e-02	1.265624381e-11
-2.780000000e-01	6.798512217e+00	-6.490254146e-02	6.589643838e-12
-2.790000000e-01	6.798549364e+00	-6.557131378e-02	1.067375885e-11
-2.800000000e-01	6.798586575e+00	-6.624008102e-02	2.015834687e-11
-2.810000000e-01	6.798623852e+00	-6.690884317e-02	1.770626764e-11
-2.820000000e-01	6.798661195e+00	-6.757760020e-02	8.044245235e-12
-2.830000000e-01	6.798698602e+00	-6.824635211e-02	1.252383287e-11
-2.840000000e-01	6.798736075e+00	-6.891509885e-02	9.978541258e-12
-2.850000000e-01	6.798773613e+00	-6.958384043e-02	8.653662502e-12
-2.860000000e-01	6.798811216e+00	-7.025257683e-02	1.040093688e-11
-2.870000000e-01	6.798848884e+00	-7.092130801e-02	7.225379661e-12
-2.880000000e-01	6.798886618e+00	-7.159003396e-02	1.378145344e-11
-2.890000000e-01	6.798924417e+00	-7.225875467e-02	5.253453349e-12
-2.900000000e-01	6.798962281e+00	-7.292747011e-02	1.885970425e-11
-2.910000000e-01	6.799000211e+00	-7.359618027e-02	7.742033911e-12
-2.920000000e-01	6.799038206e+00	-7.426488512e-02	1.062230445e-11
-2.930000000e-01	6.799076266e+00	-7.493358465e-02	7.356296475e-12
-2.940000000e-01	6.799114391e+00	-7.560227884e-02	1.253484143e-11
-2.950000000e-01	6.799152581e+00	-7.627096767e-02	1.533620640e-11
-2.960000000e-01	6.799190837e+00	-7.693965111e-02	1.907198916e-11
-2.970000000e-01	6.799229158e+00	-7.760832916e-02	5.034646638e-12
-2.980000000e-01	6.799267544e+00	-7.827700179e-02	1.461860359e-11
-2.990000000e-01	6.799305995e+00	-7.894566899e-02	1.530867509e-11
-3.000000000e-01	6.799344512e+00	-7.961433073e-02	1.343189672e-11
