# epsi_ci     Re(Lambda)      Im(Lambda)      Eq(det), R = 0.10 $\mu$m, $E_p$ = 0.300 eV, modo = 4, $\epsilon_\infty$ = 3.9, $\gamma_{DL}$ = 0.01 eV, solve_det_sinkz_vs_mu.py
0.000000000e+00	5.541388857e+00	5.168982949e-02	1.122553873e-11
-1.000000000e-03	5.541397860e+00	5.113369153e-02	5.624502665e-11
-2.000000000e-03	5.541406919e+00	5.057755354e-02	3.466954234e-11
-3.000000000e-03	5.541416033e+00	5.002141555e-02	1.072421933e-11
-4.000000000e-03	5.541425203e+00	4.946527757e-02	1.642458194e-11
-5.000000000e-03	5.541434428e+00	4.890913961e-02	2.114943527e-11
-6.000000000e-03	5.541443710e+00	4.835300170e-02	5.758341771e-11
-7.000000000e-03	5.541453046e+00	4.779686385e-02	2.768380458e-11
-8.000000000e-03	5.541462439e+00	4.724072607e-02	2.706129618e-11
-9.000000000e-03	5.541471887e+00	4.668458839e-02	6.078058878e-12
-1.000000000e-02	5.541481391e+00	4.612845082e-02	1.703656208e-11
-1.100000000e-02	5.541490950e+00	4.557231337e-02	1.372316570e-11
-1.200000000e-02	5.541500566e+00	4.501617607e-02	1.214917831e-11
-1.300000000e-02	5.541510236e+00	4.446003893e-02	3.813959445e-12
-1.400000000e-02	5.541519963e+00	4.390390197e-02	1.359754378e-11
-1.500000000e-02	5.541529745e+00	4.334776520e-02	1.200374537e-11
-1.600000000e-02	5.541539583e+00	4.279162864e-02	9.621801503e-12
-1.700000000e-02	5.541549476e+00	4.223549231e-02	1.432215217e-11
-1.800000000e-02	5.541559425e+00	4.167935622e-02	3.094733893e-11
-1.900000000e-02	5.541569430e+00	4.112322039e-02	1.171287296e-11
-2.000000000e-02	5.541579490e+00	4.056708484e-02	9.078528653e-12
-2.100000000e-02	5.541589606e+00	4.001094959e-02	9.364030268e-12
-2.200000000e-02	5.541599778e+00	3.945481464e-02	3.512225248e-11
-2.300000000e-02	5.541610005e+00	3.889868002e-02	9.573101901e-12
-2.400000000e-02	5.541620288e+00	3.834254575e-02	7.282522996e-12
-2.500000000e-02	5.541630627e+00	3.778641184e-02	2.240622200e-11
-2.600000000e-02	5.541641021e+00	3.723027830e-02	1.476507747e-11
-2.700000000e-02	5.541651471e+00	3.667414516e-02	9.356290714e-12
-2.800000000e-02	5.541661976e+00	3.611801244e-02	4.699906344e-11
-2.900000000e-02	5.541672538e+00	3.556188013e-02	8.786401188e-12
-3.000000000e-02	5.541683154e+00	3.500574828e-02	2.711715549e-11
-3.100000000e-02	5.541693827e+00	3.444961688e-02	1.824874759e-11
-3.200000000e-02	5.541704555e+00	3.389348596e-02	7.498849528e-12
-3.300000000e-02	5.541715339e+00	3.333735554e-02	2.529014400e-11
-3.400000000e-02	5.541726178e+00	3.278122563e-02	1.435509836e-11
-3.500000000e-02	5.541737073e+00	3.222509625e-02	8.055884836e-12
-3.600000000e-02	5.541748024e+00	3.166896741e-02	1.631826903e-11
-3.700000000e-02	5.541759031e+00	3.111283913e-02	1.190301718e-11
-3.800000000e-02	5.541770093e+00	3.055671143e-02	2.174767662e-11
-3.900000000e-02	5.541781210e+00	3.000058432e-02	1.875539114e-11
-4.000000000e-02	5.541792384e+00	2.944445783e-02	1.038397116e-11
-4.100000000e-02	5.541803613e+00	2.888833197e-02	8.829055376e-12
-4.200000000e-02	5.541814897e+00	2.833220675e-02	2.357171319e-11
-4.300000000e-02	5.541826238e+00	2.777608219e-02	1.580675780e-11
-4.400000000e-02	5.541837634e+00	2.721995831e-02	5.367277862e-12
-4.500000000e-02	5.541849085e+00	2.666383512e-02	8.240303138e-11
-4.600000000e-02	5.541860592e+00	2.610771265e-02	3.495935594e-11
-4.700000000e-02	5.541872155e+00	2.555159091e-02	3.124315024e-11
-4.800000000e-02	5.541883774e+00	2.499546991e-02	7.975432776e-12
-4.900000000e-02	5.541895448e+00	2.443934967e-02	3.216995871e-11
-5.000000000e-02	5.541907178e+00	2.388323022e-02	2.983016019e-11
-5.100000000e-02	5.541918963e+00	2.332711155e-02	1.607774595e-11
-5.200000000e-02	5.541930804e+00	2.277099370e-02	8.416707888e-12
-5.300000000e-02	5.541942701e+00	2.221487668e-02	1.002355966e-11
-5.400000000e-02	5.541954654e+00	2.165876050e-02	1.387579827e-11
-5.500000000e-02	5.541966662e+00	2.110264519e-02	1.501868052e-11
-5.600000000e-02	5.541978725e+00	2.054653075e-02	1.304357962e-11
-5.700000000e-02	5.541990845e+00	1.999041721e-02	1.252326129e-11
-5.800000000e-02	5.542003019e+00	1.943430458e-02	7.400082958e-12
-5.900000000e-02	5.542015250e+00	1.887819288e-02	2.622287140e-11
-6.000000000e-02	5.542027536e+00	1.832208213e-02	3.206398428e-11
-6.100000000e-02	5.542039878e+00	1.776597234e-02	6.794706170e-12
-6.200000000e-02	5.542052276e+00	1.720986353e-02	1.803084918e-11
-6.300000000e-02	5.542064729e+00	1.665375571e-02	1.685090996e-11
-6.400000000e-02	5.542077238e+00	1.609764891e-02	1.946352008e-11
-6.500000000e-02	5.542089802e+00	1.554154313e-02	2.976816113e-11
-6.600000000e-02	5.542102422e+00	1.498543840e-02	1.215098599e-11
-6.700000000e-02	5.542115098e+00	1.442933474e-02	9.330629915e-12
-6.800000000e-02	5.542127829e+00	1.387323215e-02	9.740017501e-12
-6.900000000e-02	5.542140616e+00	1.331713066e-02	1.666254193e-11
-7.000000000e-02	5.542153459e+00	1.276103028e-02	9.110496191e-12
-7.100000000e-02	5.542166357e+00	1.220493103e-02	4.196666881e-11
-7.200000000e-02	5.542179311e+00	1.164883293e-02	9.542028518e-12
-7.300000000e-02	5.542192320e+00	1.109273599e-02	1.924051971e-11
-7.400000000e-02	5.542205386e+00	1.053664023e-02	1.238845866e-11
-7.500000000e-02	5.542218506e+00	9.980545662e-03	3.844855212e-11
-7.600000000e-02	5.542231683e+00	9.424452312e-03	2.641808249e-11
-7.700000000e-02	5.542244915e+00	8.868360189e-03	8.435849665e-12
-7.800000000e-02	5.542258202e+00	8.312269313e-03	9.799230482e-12
-7.900000000e-02	5.542271546e+00	7.756179700e-03	1.063969081e-11
-8.000000000e-02	5.542284945e+00	7.200091366e-03	9.457219653e-12
-8.100000000e-02	5.542298399e+00	6.644004329e-03	1.567379608e-11
-8.200000000e-02	5.542311909e+00	6.087918605e-03	2.008840836e-11
-8.300000000e-02	5.542325475e+00	5.531834210e-03	1.284193535e-11
-8.400000000e-02	5.542339097e+00	4.975751164e-03	2.392274866e-11
-8.500000000e-02	5.542352774e+00	4.419669477e-03	8.016571256e-12
-8.600000000e-02	5.542366506e+00	3.863589172e-03	2.326426634e-11
-8.700000000e-02	5.542380295e+00	3.307510263e-03	2.411304083e-11
-8.800000000e-02	5.542394139e+00	2.751432768e-03	8.381033037e-12
-8.900000000e-02	5.542408038e+00	2.195356702e-03	3.756714961e-11
-9.000000000e-02	5.542421993e+00	1.639282084e-03	1.884092347e-11
-9.100000000e-02	5.542436004e+00	1.083208928e-03	1.010965550e-11
-9.200000000e-02	5.542450071e+00	5.271372519e-04	1.734998013e-11
-9.300000000e-02	5.542464193e+00	-2.893292765e-05	1.207798039e-11
-9.400000000e-02	5.542478370e+00	-5.850015942e-04	8.759637344e-12
-9.500000000e-02	5.542492604e+00	-1.141068730e-03	3.380950063e-11
-9.600000000e-02	5.542506892e+00	-1.697134320e-03	1.573465651e-11
-9.700000000e-02	5.542521237e+00	-2.253198346e-03	7.672257775e-12
-9.800000000e-02	5.542535637e+00	-2.809260792e-03	1.051978810e-11
-9.900000000e-02	5.542550093e+00	-3.365321641e-03	1.001159005e-11
-1.000000000e-01	5.542564604e+00	-3.921380878e-03	1.513047611e-11
-1.010000000e-01	5.542579171e+00	-4.477438484e-03	1.248245726e-11
-1.020000000e-01	5.542593794e+00	-5.033494443e-03	2.271210299e-11
-1.030000000e-01	5.542608472e+00	-5.589548737e-03	1.105968968e-11
-1.040000000e-01	5.542623206e+00	-6.145601355e-03	1.230708847e-10
-1.050000000e-01	5.542637995e+00	-6.701652271e-03	9.836851680e-12
-1.060000000e-01	5.542652840e+00	-7.257701477e-03	1.390570622e-11
-1.070000000e-01	5.542667741e+00	-7.813748952e-03	7.392186295e-12
-1.080000000e-01	5.542682697e+00	-8.369794680e-03	8.974629291e-12
-1.090000000e-01	5.542697709e+00	-8.925838645e-03	1.054790558e-11
-1.100000000e-01	5.542712776e+00	-9.481880829e-03	3.666504621e-11
-1.110000000e-01	5.542727900e+00	-1.003792122e-02	9.166564629e-12
-1.120000000e-01	5.542743078e+00	-1.059395979e-02	1.857853904e-11
-1.130000000e-01	5.542758312e+00	-1.114999654e-02	3.301538297e-11
-1.140000000e-01	5.542773602e+00	-1.170603143e-02	9.656553627e-12
-1.150000000e-01	5.542788948e+00	-1.226206446e-02	1.799219964e-11
-1.160000000e-01	5.542804349e+00	-1.281809562e-02	2.867693814e-11
-1.170000000e-01	5.542819806e+00	-1.337412487e-02	1.341504965e-11
-1.180000000e-01	5.542835318e+00	-1.393015222e-02	1.097941752e-11
-1.190000000e-01	5.542850886e+00	-1.448617763e-02	8.122388310e-12
-1.200000000e-01	5.542866509e+00	-1.504220109e-02	4.381362687e-11
-1.210000000e-01	5.542882188e+00	-1.559822260e-02	2.239762284e-11
-1.220000000e-01	5.542897923e+00	-1.615424212e-02	1.055347810e-11
-1.230000000e-01	5.542913713e+00	-1.671025964e-02	2.199544988e-11
-1.240000000e-01	5.542929559e+00	-1.726627515e-02	2.127879687e-11
-1.250000000e-01	5.542945461e+00	-1.782228863e-02	1.581862986e-11
-1.260000000e-01	5.542961418e+00	-1.837830006e-02	1.585512317e-11
-1.270000000e-01	5.542977430e+00	-1.893430943e-02	8.010320005e-12
-1.280000000e-01	5.542993498e+00	-1.949031672e-02	9.172594172e-12
-1.290000000e-01	5.543009622e+00	-2.004632191e-02	1.299806934e-11
-1.300000000e-01	5.543025802e+00	-2.060232499e-02	1.432586381e-11
-1.310000000e-01	5.543042037e+00	-2.115832594e-02	1.077876981e-11
-1.320000000e-01	5.543058327e+00	-2.171432474e-02	1.300324912e-11
-1.330000000e-01	5.543074673e+00	-2.227032138e-02	3.150535353e-11
-1.340000000e-01	5.543091075e+00	-2.282631584e-02	2.781721820e-11
-1.350000000e-01	5.543107532e+00	-2.338230810e-02	8.749924773e-12
-1.360000000e-01	5.543124045e+00	-2.393829814e-02	2.638186817e-11
-1.370000000e-01	5.543140614e+00	-2.449428596e-02	1.001627729e-11
-1.380000000e-01	5.543157238e+00	-2.505027153e-02	2.156984853e-11
-1.390000000e-01	5.543173917e+00	-2.560625484e-02	1.964029677e-11
-1.400000000e-01	5.543190653e+00	-2.616223586e-02	1.149195825e-11
-1.410000000e-01	5.543207443e+00	-2.671821459e-02	9.347194341e-12
-1.420000000e-01	5.543224290e+00	-2.727419101e-02	1.123344035e-11
-1.430000000e-01	5.543241192e+00	-2.783016509e-02	3.182298276e-11
-1.440000000e-01	5.543258149e+00	-2.838613683e-02	1.330618612e-11
-1.450000000e-01	5.543275162e+00	-2.894210621e-02	7.888326571e-12
-1.460000000e-01	5.543292231e+00	-2.949807320e-02	1.836938841e-11
-1.470000000e-01	5.543309355e+00	-3.005403780e-02	6.857317122e-12
-1.480000000e-01	5.543326535e+00	-3.060999998e-02	1.359414816e-11
-1.490000000e-01	5.543343770e+00	-3.116595974e-02	7.009470832e-12
-1.500000000e-01	5.543361061e+00	-3.172191704e-02	8.300826757e-11
-1.510000000e-01	5.543378407e+00	-3.227787189e-02	1.127275546e-11
-1.520000000e-01	5.543395809e+00	-3.283382425e-02	9.326785056e-12
-1.530000000e-01	5.543413267e+00	-3.338977412e-02	7.242377627e-12
-1.540000000e-01	5.543430780e+00	-3.394572147e-02	6.537372565e-12
-1.550000000e-01	5.543448349e+00	-3.450166630e-02	2.901274638e-11
-1.560000000e-01	5.543465973e+00	-3.505760857e-02	1.104675909e-11
-1.570000000e-01	5.543483653e+00	-3.561354829e-02	9.130814311e-12
-1.580000000e-01	5.543501388e+00	-3.616948542e-02	1.719386704e-11
-1.590000000e-01	5.543519179e+00	-3.672541996e-02	7.896292297e-12
-1.600000000e-01	5.543537026e+00	-3.728135188e-02	1.298839762e-11
-1.610000000e-01	5.543554928e+00	-3.783728117e-02	1.094699792e-11
-1.620000000e-01	5.543572885e+00	-3.839320782e-02	1.716404270e-11
-1.630000000e-01	5.543590898e+00	-3.894913181e-02	7.080286511e-12
-1.640000000e-01	5.543608967e+00	-3.950505311e-02	2.172049985e-11
-1.650000000e-01	5.543627091e+00	-4.006097172e-02	1.372502296e-11
-1.660000000e-01	5.543645271e+00	-4.061688762e-02	7.237915645e-11
-1.670000000e-01	5.543663506e+00	-4.117280078e-02	3.975243380e-11
-1.680000000e-01	5.543681797e+00	-4.172871120e-02	9.370595342e-12
-1.690000000e-01	5.543700144e+00	-4.228461886e-02	1.961925142e-11
-1.700000000e-01	5.543718545e+00	-4.284052373e-02	8.919986095e-12
-1.710000000e-01	5.543737003e+00	-4.339642581e-02	6.359227994e-12
-1.720000000e-01	5.543755516e+00	-4.395232508e-02	2.102202647e-11
-1.730000000e-01	5.543774084e+00	-4.450822152e-02	3.822586046e-11
-1.740000000e-01	5.543792708e+00	-4.506411511e-02	1.389891543e-11
-1.750000000e-01	5.543811388e+00	-4.562000584e-02	1.596064874e-11
-1.760000000e-01	5.543830123e+00	-4.617589369e-02	5.972278143e-12
-1.770000000e-01	5.543848914e+00	-4.673177864e-02	8.950633360e-12
-1.780000000e-01	5.543867760e+00	-4.728766068e-02	1.234636666e-11
-1.790000000e-01	5.543886662e+00	-4.784353980e-02	1.528477466e-11
-1.800000000e-01	5.543905619e+00	-4.839941596e-02	3.130905905e-11
-1.810000000e-01	5.543924632e+00	-4.895528917e-02	1.267612759e-11
-1.820000000e-01	5.543943700e+00	-4.951115939e-02	2.089753003e-11
-1.830000000e-01	5.543962824e+00	-5.006702662e-02	1.859331635e-11
-1.840000000e-01	5.543982003e+00	-5.062289084e-02	2.307402722e-11
-1.850000000e-01	5.544001238e+00	-5.117875203e-02	2.260306134e-11
-1.860000000e-01	5.544020528e+00	-5.173461017e-02	5.734310761e-11
-1.870000000e-01	5.544039874e+00	-5.229046525e-02	1.292706763e-11
-1.880000000e-01	5.544059275e+00	-5.284631725e-02	7.664246954e-12
-1.890000000e-01	5.544078732e+00	-5.340216616e-02	1.407053239e-11
-1.900000000e-01	5.544098244e+00	-5.395801195e-02	1.829860852e-11
-1.910000000e-01	5.544117812e+00	-5.451385462e-02	1.727476586e-11
-1.920000000e-01	5.544137436e+00	-5.506969414e-02	1.447334141e-11
-1.930000000e-01	5.544157115e+00	-5.562553049e-02	1.511383119e-11
-1.940000000e-01	5.544176849e+00	-5.618136367e-02	1.749503670e-11
-1.950000000e-01	5.544196639e+00	-5.673719366e-02	1.321698497e-11
-1.960000000e-01	5.544216484e+00	-5.729302043e-02	7.800321731e-12
-1.970000000e-01	5.544236385e+00	-5.784884398e-02	1.788991762e-11
-1.980000000e-01	5.544256342e+00	-5.840466428e-02	3.304102301e-11
-1.990000000e-01	5.544276353e+00	-5.896048132e-02	1.409248606e-11
-2.000000000e-01	5.544296421e+00	-5.951629508e-02	1.658114753e-11
-2.010000000e-01	5.544316544e+00	-6.007210554e-02	1.912918228e-11
-2.020000000e-01	5.544336722e+00	-6.062791270e-02	1.120625240e-11
-2.030000000e-01	5.544356956e+00	-6.118371652e-02	8.946493603e-11
-2.040000000e-01	5.544377245e+00	-6.173951701e-02	1.524169345e-11
-2.050000000e-01	5.544397590e+00	-6.229531413e-02	1.572062796e-11
-2.060000000e-01	5.544417990e+00	-6.285110787e-02	4.402798834e-11
-2.070000000e-01	5.544438446e+00	-6.340689822e-02	1.291135584e-11
-2.080000000e-01	5.544458957e+00	-6.396268516e-02	1.676987945e-11
-2.090000000e-01	5.544479524e+00	-6.451846867e-02	3.294070534e-11
-2.100000000e-01	5.544500146e+00	-6.507424874e-02	1.432604052e-11
-2.110000000e-01	5.544520824e+00	-6.563002535e-02	1.089154133e-11
-2.120000000e-01	5.544541557e+00	-6.618579848e-02	7.505152055e-12
-2.130000000e-01	5.544562346e+00	-6.674156811e-02	8.399569244e-11
-2.140000000e-01	5.544583190e+00	-6.729733424e-02	1.009368223e-11
-2.150000000e-01	5.544604089e+00	-6.785309684e-02	4.922017235e-12
-2.160000000e-01	5.544625044e+00	-6.840885589e-02	6.929932308e-12
-2.170000000e-01	5.544646055e+00	-6.896461139e-02	1.038273662e-11
-2.180000000e-01	5.544667121e+00	-6.952036331e-02	6.715467166e-12
-2.190000000e-01	5.544688242e+00	-7.007611163e-02	2.246691756e-11
-2.200000000e-01	5.544709419e+00	-7.063185635e-02	6.593568657e-12
-2.210000000e-01	5.544730651e+00	-7.118759744e-02	1.702819504e-11
-2.220000000e-01	5.544751939e+00	-7.174333488e-02	3.908117726e-11
-2.230000000e-01	5.544773282e+00	-7.229906867e-02	6.708277547e-12
-2.240000000e-01	5.544794681e+00	-7.285479878e-02	9.947953201e-11
-2.250000000e-01	5.544816135e+00	-7.341052520e-02	1.958990180e-11
-2.260000000e-01	5.544837645e+00	-7.396624791e-02	2.078949847e-11
-2.270000000e-01	5.544859210e+00	-7.452196689e-02	2.132328600e-11
-2.280000000e-01	5.544880830e+00	-7.507768213e-02	8.791497822e-12
-2.290000000e-01	5.544902506e+00	-7.563339362e-02	7.883582925e-12
-2.300000000e-01	5.544924238e+00	-7.618910132e-02	1.138316296e-11
-2.310000000e-01	5.544946024e+00	-7.674480524e-02	7.280364334e-11
-2.320000000e-01	5.544967867e+00	-7.730050534e-02	6.055498333e-12
-2.330000000e-01	5.544989764e+00	-7.785620162e-02	3.447841103e-11
-2.340000000e-01	5.545011717e+00	-7.841189406e-02	1.088208962e-11
-2.350000000e-01	5.545033726e+00	-7.896758264e-02	7.163158514e-12
-2.360000000e-01	5.545055790e+00	-7.952326735e-02	5.142035886e-11
-2.370000000e-01	5.545077909e+00	-8.007894816e-02	7.861596678e-12
-2.380000000e-01	5.545100084e+00	-8.063462507e-02	2.087734368e-11
-2.390000000e-01	5.545122314e+00	-8.119029805e-02	9.203058480e-12
-2.400000000e-01	5.545144600e+00	-8.174596709e-02	8.423204863e-12
-2.410000000e-01	5.545166941e+00	-8.230163218e-02	1.441190358e-11
-2.420000000e-01	5.545189338e+00	-8.285729329e-02	1.862321753e-11
-2.430000000e-01	5.545211790e+00	-8.341295040e-02	9.421961492e-12
-2.440000000e-01	5.545234297e+00	-8.396860352e-02	1.256292709e-11
-2.450000000e-01	5.545256860e+00	-8.452425260e-02	1.269679044e-11
-2.460000000e-01	5.545279478e+00	-8.507989765e-02	1.317693412e-11
-2.470000000e-01	5.545302151e+00	-8.563553864e-02	7.751530926e-11
-2.480000000e-01	5.545324880e+00	-8.619117556e-02	2.369924365e-11
-2.490000000e-01	5.545347665e+00	-8.674680839e-02	4.459538274e-11
-2.500000000e-01	5.545370504e+00	-8.730243711e-02	8.858905853e-12
-2.510000000e-01	5.545393400e+00	-8.785806170e-02	1.041694277e-11
-2.520000000e-01	5.545416350e+00	-8.841368216e-02	7.941007789e-11
-2.530000000e-01	5.545439356e+00	-8.896929846e-02	1.984933348e-11
-2.540000000e-01	5.545462417e+00	-8.952491059e-02	1.707706355e-11
-2.550000000e-01	5.545485534e+00	-9.008051853e-02	8.422992314e-12
-2.560000000e-01	5.545508706e+00	-9.063612227e-02	2.228365173e-11
-2.570000000e-01	5.545531934e+00	-9.119172178e-02	1.787536919e-11
-2.580000000e-01	5.545555217e+00	-9.174731706e-02	2.878359340e-11
-2.590000000e-01	5.545578555e+00	-9.230290807e-02	4.868630274e-12
-2.600000000e-01	5.545601949e+00	-9.285849482e-02	1.225010377e-11
-2.610000000e-01	5.545625398e+00	-9.341407728e-02	1.864350439e-11
-2.620000000e-01	5.545648902e+00	-9.396965543e-02	7.029131776e-12
-2.630000000e-01	5.545672462e+00	-9.452522927e-02	2.615543834e-11
-2.640000000e-01	5.545696077e+00	-9.508079876e-02	8.406035935e-12
-2.650000000e-01	5.545719747e+00	-9.563636390e-02	1.823749279e-11
-2.660000000e-01	5.545743473e+00	-9.619192467e-02	1.130149999e-11
-2.670000000e-01	5.545767255e+00	-9.674748105e-02	8.916291153e-12
-2.680000000e-01	5.545791091e+00	-9.730303303e-02	8.301379259e-12
-2.690000000e-01	5.545814983e+00	-9.785858059e-02	7.595104441e-12
-2.700000000e-01	5.545838930e+00	-9.841412371e-02	5.721077902e-11
-2.710000000e-01	5.545862933e+00	-9.896966238e-02	9.488626010e-12
-2.720000000e-01	5.545886991e+00	-9.952519658e-02	2.147545379e-11
-2.730000000e-01	5.545911105e+00	-1.000807263e-01	8.505938704e-12
-2.740000000e-01	5.545935273e+00	-1.006362515e-01	1.185741758e-11
-2.750000000e-01	5.545959497e+00	-1.011917722e-01	1.198729661e-11
-2.760000000e-01	5.545983777e+00	-1.017472883e-01	9.926344483e-12
-2.770000000e-01	5.546008112e+00	-1.023027999e-01	1.083113332e-11
-2.780000000e-01	5.546032502e+00	-1.028583070e-01	1.673101123e-11
-2.790000000e-01	5.546056947e+00	-1.034138094e-01	1.328135791e-11
-2.800000000e-01	5.546081448e+00	-1.039693073e-01	2.060898356e-11
-2.810000000e-01	5.546106004e+00	-1.045248005e-01	1.847762662e-11
-2.820000000e-01	5.546130616e+00	-1.050802891e-01	3.066029716e-11
-2.830000000e-01	5.546155282e+00	-1.056357730e-01	1.489505027e-11
-2.840000000e-01	5.546180005e+00	-1.061912523e-01	1.346848937e-11
-2.850000000e-01	5.546204782e+00	-1.067467269e-01	2.396855602e-11
-2.860000000e-01	5.546229615e+00	-1.073021968e-01	7.934876843e-12
-2.870000000e-01	5.546254503e+00	-1.078576619e-01	1.583193268e-11
-2.880000000e-01	5.546279446e+00	-1.084131224e-01	1.524607475e-11
-2.890000000e-01	5.546304445e+00	-1.089685781e-01	1.889805131e-11
-2.900000000e-01	5.546329499e+00	-1.095240290e-01	1.024855316e-11
-2.910000000e-01	5.546354608e+00	-1.100794751e-01	7.483422001e-12
-2.920000000e-01	5.546379773e+00	-1.106349165e-01	7.617427459e-12
-2.930000000e-01	5.546404993e+00	-1.111903530e-01	9.752169928e-12
-2.940000000e-01	5.546430268e+00	-1.117457847e-01	3.394643372e-11
-2.950000000e-01	5.546455599e+00	-1.123012115e-01	1.625543513e-11
-2.960000000e-01	5.546480985e+00	-1.128566335e-01	4.468658569e-12
-2.970000000e-01	5.546506426e+00	-1.134120506e-01	1.350587058e-10
-2.980000000e-01	5.546531922e+00	-1.139674628e-01	1.123407224e-11
-2.990000000e-01	5.546557474e+00	-1.145228700e-01	6.506535167e-12
-3.000000000e-01	5.546583081e+00	-1.150782724e-01	4.833259867e-11
