# epsi_ci     Re(Lambda)      Im(Lambda)      Eq(det), R = 0.10 $\mu$m, $E_p$ = 0.300 eV, modo = 4, $\epsilon_\infty$ = 3.9, $\gamma_{DL}$ = 0.01 eV, solve_det_sinkz_vs_mu.py
0.000000000e+00	5.589187660e+00	5.353370612e-02	4.608624793e-11
-1.000000000e-03	5.589196960e+00	5.297302735e-02	6.723577162e-11
-2.000000000e-03	5.589206316e+00	5.241234855e-02	1.096400945e-11
-3.000000000e-03	5.589215728e+00	5.185166974e-02	2.661583914e-11
-4.000000000e-03	5.589225197e+00	5.129099094e-02	7.720604368e-12
-5.000000000e-03	5.589234721e+00	5.073031217e-02	9.611919384e-12
-6.000000000e-03	5.589244301e+00	5.016963344e-02	1.172400245e-11
-7.000000000e-03	5.589253938e+00	4.960895476e-02	1.529987028e-11
-8.000000000e-03	5.589263630e+00	4.904827616e-02	1.997715258e-11
-9.000000000e-03	5.589273379e+00	4.848759765e-02	1.479359897e-11
-1.000000000e-02	5.589283183e+00	4.792691925e-02	6.003898988e-11
-1.100000000e-02	5.589293044e+00	4.736624097e-02	1.182721016e-11
-1.200000000e-02	5.589302961e+00	4.680556284e-02	4.432919847e-12
-1.300000000e-02	5.589312934e+00	4.624488486e-02	1.861215455e-11
-1.400000000e-02	5.589322963e+00	4.568420706e-02	1.355178805e-11
-1.500000000e-02	5.589333048e+00	4.512352946e-02	1.477278373e-11
-1.600000000e-02	5.589343189e+00	4.456285206e-02	8.820541876e-12
-1.700000000e-02	5.589353386e+00	4.400217489e-02	7.262147072e-12
-1.800000000e-02	5.589363640e+00	4.344149796e-02	1.175001918e-11
-1.900000000e-02	5.589373949e+00	4.288082129e-02	2.402998386e-11
-2.000000000e-02	5.589384315e+00	4.232014490e-02	7.884272337e-12
-2.100000000e-02	5.589394736e+00	4.175946880e-02	1.034374437e-11
-2.200000000e-02	5.589405214e+00	4.119879302e-02	8.664975782e-12
-2.300000000e-02	5.589415748e+00	4.063811756e-02	2.363871927e-11
-2.400000000e-02	5.589426337e+00	4.007744244e-02	8.001572961e-12
-2.500000000e-02	5.589436983e+00	3.951676768e-02	1.879198221e-11
-2.600000000e-02	5.589447685e+00	3.895609331e-02	1.440276364e-11
-2.700000000e-02	5.589458443e+00	3.839541932e-02	2.086336144e-11
-2.800000000e-02	5.589469257e+00	3.783474575e-02	2.316178801e-11
-2.900000000e-02	5.589480127e+00	3.727407261e-02	1.362018558e-11
-3.000000000e-02	5.589491054e+00	3.671339991e-02	2.005618805e-11
-3.100000000e-02	5.589502036e+00	3.615272767e-02	1.357514658e-11
-3.200000000e-02	5.589513074e+00	3.559205592e-02	1.510398069e-11
-3.300000000e-02	5.589524169e+00	3.503138465e-02	8.593930124e-12
-3.400000000e-02	5.589535319e+00	3.447071390e-02	1.754565697e-11
-3.500000000e-02	5.589546526e+00	3.391004368e-02	1.341968902e-11
-3.600000000e-02	5.589557789e+00	3.334937401e-02	1.217340419e-11
-3.700000000e-02	5.589569107e+00	3.278870489e-02	1.547511778e-11
-3.800000000e-02	5.589580482e+00	3.222803636e-02	5.038633266e-11
-3.900000000e-02	5.589591913e+00	3.166736842e-02	1.401665991e-11
-4.000000000e-02	5.589603400e+00	3.110670110e-02	3.073617192e-11
-4.100000000e-02	5.589614943e+00	3.054603441e-02	2.114105826e-11
-4.200000000e-02	5.589626542e+00	2.998536836e-02	5.850267424e-12
-4.300000000e-02	5.589638197e+00	2.942470298e-02	1.043301797e-11
-4.400000000e-02	5.589649909e+00	2.886403828e-02	1.537680992e-11
-4.500000000e-02	5.589661676e+00	2.830337427e-02	7.209373534e-12
-4.600000000e-02	5.589673500e+00	2.774271098e-02	7.537098829e-12
-4.700000000e-02	5.589685379e+00	2.718204843e-02	7.078479386e-12
-4.800000000e-02	5.589697315e+00	2.662138661e-02	6.487472257e-12
-4.900000000e-02	5.589709306e+00	2.606072557e-02	3.005218465e-11
-5.000000000e-02	5.589721354e+00	2.550006530e-02	2.205739280e-11
-5.100000000e-02	5.589733458e+00	2.493940584e-02	1.539027581e-11
-5.200000000e-02	5.589745618e+00	2.437874718e-02	1.939836858e-11
-5.300000000e-02	5.589757833e+00	2.381808937e-02	7.977030394e-12
-5.400000000e-02	5.589770105e+00	2.325743239e-02	8.505229937e-12
-5.500000000e-02	5.589782433e+00	2.269677629e-02	2.169160327e-11
-5.600000000e-02	5.589794818e+00	2.213612107e-02	2.574687831e-11
-5.700000000e-02	5.589807258e+00	2.157546674e-02	5.803125414e-12
-5.800000000e-02	5.589819754e+00	2.101481334e-02	6.728558945e-12
-5.900000000e-02	5.589832306e+00	2.045416086e-02	1.553095643e-11
-6.000000000e-02	5.589844915e+00	1.989350934e-02	2.098163236e-11
-6.100000000e-02	5.589857579e+00	1.933285878e-02	5.911585686e-11
-6.200000000e-02	5.589870300e+00	1.877220921e-02	1.076616706e-11
-6.300000000e-02	5.589883076e+00	1.821156063e-02	3.479561138e-11
-6.400000000e-02	5.589895909e+00	1.765091308e-02	1.023750777e-10
-6.500000000e-02	5.589908797e+00	1.709026655e-02	1.411263394e-11
-6.600000000e-02	5.589921742e+00	1.652962108e-02	9.784474223e-12
-6.700000000e-02	5.589934743e+00	1.596897667e-02	2.344328643e-11
-6.800000000e-02	5.589947800e+00	1.540833335e-02	2.571950308e-11
-6.900000000e-02	5.589960913e+00	1.484769113e-02	1.066358680e-11
-7.000000000e-02	5.589974082e+00	1.428705003e-02	2.449586459e-11
-7.100000000e-02	5.589987307e+00	1.372641006e-02	8.594174269e-12
-7.200000000e-02	5.590000588e+00	1.316577124e-02	4.376620178e-11
-7.300000000e-02	5.590013925e+00	1.260513360e-02	1.642579803e-11
-7.400000000e-02	5.590027318e+00	1.204449714e-02	1.343332450e-11
-7.500000000e-02	5.590040768e+00	1.148386188e-02	9.854658023e-12
-7.600000000e-02	5.590054273e+00	1.092322784e-02	1.510923177e-11
-7.700000000e-02	5.590067835e+00	1.036259503e-02	5.582032824e-11
-7.800000000e-02	5.590081452e+00	9.801963478e-03	6.783566531e-12
-7.900000000e-02	5.590095126e+00	9.241333193e-03	2.803172835e-11
-8.000000000e-02	5.590108855e+00	8.680704196e-03	1.483304637e-11
-8.100000000e-02	5.590122641e+00	8.120076502e-03	1.580770918e-11
-8.200000000e-02	5.590136482e+00	7.559450125e-03	3.366270988e-11
-8.300000000e-02	5.590150380e+00	6.998825087e-03	9.728487446e-12
-8.400000000e-02	5.590164334e+00	6.438201402e-03	9.640422477e-12
-8.500000000e-02	5.590178344e+00	5.877579088e-03	2.575122486e-11
-8.600000000e-02	5.590192410e+00	5.316958159e-03	7.622604455e-12
-8.700000000e-02	5.590206532e+00	4.756338634e-03	1.266899860e-11
-8.800000000e-02	5.590220710e+00	4.195720529e-03	3.535569399e-11
-8.900000000e-02	5.590234944e+00	3.635103865e-03	1.511762803e-11
-9.000000000e-02	5.590249234e+00	3.074488651e-03	3.268672022e-11
-9.100000000e-02	5.590263580e+00	2.513874911e-03	6.605191392e-12
-9.200000000e-02	5.590277982e+00	1.953262657e-03	1.700117343e-11
-9.300000000e-02	5.590292440e+00	1.392651907e-03	3.436301669e-11
-9.400000000e-02	5.590306955e+00	8.320426838e-04	7.680398662e-11
-9.500000000e-02	5.590321525e+00	2.714349928e-04	6.305879650e-12
-9.600000000e-02	5.590336151e+00	-2.891711415e-04	1.089224506e-11
-9.700000000e-02	5.590350834e+00	-8.497757041e-04	5.602841533e-12
-9.800000000e-02	5.590365572e+00	-1.410378678e-03	5.420033364e-12
-9.900000000e-02	5.590380367e+00	-1.970980045e-03	8.466649618e-12
-1.000000000e-01	5.590395217e+00	-2.531579791e-03	4.984449656e-11
-1.010000000e-01	5.590410124e+00	-3.092177898e-03	1.540851265e-11
-1.020000000e-01	5.590425086e+00	-3.652774349e-03	8.496421722e-12
-1.030000000e-01	5.590440105e+00	-4.213369128e-03	2.114767379e-11
-1.040000000e-01	5.590455179e+00	-4.773962216e-03	4.355747608e-11
-1.050000000e-01	5.590470310e+00	-5.334553599e-03	1.471934104e-11
-1.060000000e-01	5.590485497e+00	-5.895143258e-03	7.235237601e-12
-1.070000000e-01	5.590500740e+00	-6.455731179e-03	6.570814782e-12
-1.080000000e-01	5.590516039e+00	-7.016317342e-03	1.383809367e-11
-1.090000000e-01	5.590531393e+00	-7.576901731e-03	1.071136894e-11
-1.100000000e-01	5.590546804e+00	-8.137484329e-03	3.517228233e-11
-1.110000000e-01	5.590562271e+00	-8.698065122e-03	1.857085493e-11
-1.120000000e-01	5.590577794e+00	-9.258644092e-03	1.270543040e-11
-1.130000000e-01	5.590593373e+00	-9.819221218e-03	2.899932654e-11
-1.140000000e-01	5.590609008e+00	-1.037979649e-02	1.688056906e-11
-1.150000000e-01	5.590624699e+00	-1.094036988e-02	9.228803351e-12
-1.160000000e-01	5.590640446e+00	-1.150094139e-02	4.777768314e-12
-1.170000000e-01	5.590656249e+00	-1.206151099e-02	1.922057617e-11
-1.180000000e-01	5.590672108e+00	-1.262207866e-02	1.626886224e-11
-1.190000000e-01	5.590688023e+00	-1.318264439e-02	4.397037495e-11
-1.200000000e-01	5.590703995e+00	-1.374320816e-02	4.581683419e-11
-1.210000000e-01	5.590720022e+00	-1.430376996e-02	1.204377496e-11
-1.220000000e-01	5.590736105e+00	-1.486432977e-02	1.181298200e-11
-1.230000000e-01	5.590752244e+00	-1.542488757e-02	5.008764496e-12
-1.240000000e-01	5.590768439e+00	-1.598544334e-02	9.389756138e-12
-1.250000000e-01	5.590784691e+00	-1.654599707e-02	1.370556831e-11
-1.260000000e-01	5.590800998e+00	-1.710654874e-02	2.457440269e-11
-1.270000000e-01	5.590817361e+00	-1.766709834e-02	7.810356013e-12
-1.280000000e-01	5.590833780e+00	-1.822764584e-02	9.645167987e-12
-1.290000000e-01	5.590850256e+00	-1.878819123e-02	7.527920359e-11
-1.300000000e-01	5.590866787e+00	-1.934873450e-02	1.648814880e-11
-1.310000000e-01	5.590883374e+00	-1.990927563e-02	1.109236470e-11
-1.320000000e-01	5.590900018e+00	-2.046981459e-02	8.535997936e-12
-1.330000000e-01	5.590916717e+00	-2.103035138e-02	1.771600228e-11
-1.340000000e-01	5.590933472e+00	-2.159088598e-02	1.178863933e-11
-1.350000000e-01	5.590950284e+00	-2.215141836e-02	9.772741423e-12
-1.360000000e-01	5.590967151e+00	-2.271194852e-02	2.605646685e-11
-1.370000000e-01	5.590984074e+00	-2.327247644e-02	2.384055180e-11
-1.380000000e-01	5.591001054e+00	-2.383300209e-02	1.422455099e-11
-1.390000000e-01	5.591018089e+00	-2.439352547e-02	5.693251729e-12
-1.400000000e-01	5.591035180e+00	-2.495404655e-02	3.927191033e-11
-1.410000000e-01	5.591052328e+00	-2.551456533e-02	2.281828881e-11
-1.420000000e-01	5.591069531e+00	-2.607508177e-02	1.367269084e-11
-1.430000000e-01	5.591086790e+00	-2.663559588e-02	4.839137257e-12
-1.440000000e-01	5.591104106e+00	-2.719610762e-02	1.924697614e-11
-1.450000000e-01	5.591121477e+00	-2.775661698e-02	4.479775052e-11
-1.460000000e-01	5.591138905e+00	-2.831712395e-02	1.415442016e-11
-1.470000000e-01	5.591156388e+00	-2.887762851e-02	1.315260934e-11
-1.480000000e-01	5.591173927e+00	-2.943813064e-02	1.362494061e-11
-1.490000000e-01	5.591191523e+00	-2.999863032e-02	1.548955296e-11
-1.500000000e-01	5.591209174e+00	-3.055912754e-02	2.366419354e-11
-1.510000000e-01	5.591226881e+00	-3.111962229e-02	1.936824187e-11
-1.520000000e-01	5.591244644e+00	-3.168011454e-02	1.584062892e-11
-1.530000000e-01	5.591262464e+00	-3.224060428e-02	9.654339148e-12
-1.540000000e-01	5.591280339e+00	-3.280109149e-02	1.044139592e-11
-1.550000000e-01	5.591298270e+00	-3.336157615e-02	1.094159465e-11
-1.560000000e-01	5.591316257e+00	-3.392205825e-02	7.424083597e-12
-1.570000000e-01	5.591334301e+00	-3.448253778e-02	7.023314009e-11
-1.580000000e-01	5.591352400e+00	-3.504301470e-02	7.863380986e-12
-1.590000000e-01	5.591370555e+00	-3.560348901e-02	3.655998256e-11
-1.600000000e-01	5.591388766e+00	-3.616396070e-02	1.072090827e-11
-1.610000000e-01	5.591407033e+00	-3.672442974e-02	1.313490358e-11
-1.620000000e-01	5.591425356e+00	-3.728489612e-02	3.330873676e-11
-1.630000000e-01	5.591443735e+00	-3.784535981e-02	1.043108616e-10
-1.640000000e-01	5.591462170e+00	-3.840582081e-02	1.335319888e-11
-1.650000000e-01	5.591480661e+00	-3.896627910e-02	1.592696927e-11
-1.660000000e-01	5.591499208e+00	-3.952673466e-02	1.370106978e-11
-1.670000000e-01	5.591517811e+00	-4.008718747e-02	1.217593348e-11
-1.680000000e-01	5.591536470e+00	-4.064763752e-02	2.642231328e-11
-1.690000000e-01	5.591555185e+00	-4.120808479e-02	2.532906627e-11
-1.700000000e-01	5.591573956e+00	-4.176852926e-02	6.825943621e-12
-1.710000000e-01	5.591592783e+00	-4.232897092e-02	1.559511070e-11
-1.720000000e-01	5.591611665e+00	-4.288940974e-02	9.286716267e-12
-1.730000000e-01	5.591630604e+00	-4.344984573e-02	1.815501508e-11
-1.740000000e-01	5.591649599e+00	-4.401027884e-02	1.554141366e-11
-1.750000000e-01	5.591668649e+00	-4.457070908e-02	1.274484155e-11
-1.760000000e-01	5.591687756e+00	-4.513113642e-02	1.287162433e-11
-1.770000000e-01	5.591706919e+00	-4.569156084e-02	1.367938356e-11
-1.780000000e-01	5.591726137e+00	-4.625198234e-02	1.824320533e-11
-1.790000000e-01	5.591745411e+00	-4.681240089e-02	1.585347954e-11
-1.800000000e-01	5.591764742e+00	-4.737281647e-02	1.269919915e-11
-1.810000000e-01	5.591784128e+00	-4.793322907e-02	2.369346964e-11
-1.820000000e-01	5.591803570e+00	-4.849363867e-02	1.570538157e-11
-1.830000000e-01	5.591823069e+00	-4.905404526e-02	1.551602390e-11
-1.840000000e-01	5.591842623e+00	-4.961444882e-02	1.097921674e-11
-1.850000000e-01	5.591862233e+00	-5.017484933e-02	1.028242113e-11
-1.860000000e-01	5.591881899e+00	-5.073524678e-02	4.504729404e-11
-1.870000000e-01	5.591901621e+00	-5.129564115e-02	1.899563314e-11
-1.880000000e-01	5.591921399e+00	-5.185603241e-02	1.981790930e-11
-1.890000000e-01	5.591941233e+00	-5.241642056e-02	1.272217470e-11
-1.900000000e-01	5.591961122e+00	-5.297680559e-02	4.736754802e-11
-1.910000000e-01	5.591981068e+00	-5.353718746e-02	1.085934635e-11
-1.920000000e-01	5.592001070e+00	-5.409756616e-02	7.495907429e-12
-1.930000000e-01	5.592021127e+00	-5.465794169e-02	1.520137459e-11
-1.940000000e-01	5.592041241e+00	-5.521831402e-02	9.293907302e-12
-1.950000000e-01	5.592061410e+00	-5.577868313e-02	6.943573481e-12
-1.960000000e-01	5.592081636e+00	-5.633904901e-02	1.018236313e-11
-1.970000000e-01	5.592101917e+00	-5.689941164e-02	1.923628689e-11
-1.980000000e-01	5.592122254e+00	-5.745977101e-02	1.265106828e-11
-1.990000000e-01	5.592142647e+00	-5.802012709e-02	7.479677428e-12
-2.000000000e-01	5.592163096e+00	-5.858047988e-02	2.079248879e-11
-2.010000000e-01	5.592183601e+00	-5.914082935e-02	2.782003801e-11
-2.020000000e-01	5.592204162e+00	-5.970117548e-02	9.706498973e-12
-2.030000000e-01	5.592224779e+00	-6.026151827e-02	9.473771882e-12
-2.040000000e-01	5.592245452e+00	-6.082185769e-02	1.438850279e-11
-2.050000000e-01	5.592266180e+00	-6.138219374e-02	1.359332335e-11
-2.060000000e-01	5.592286965e+00	-6.194252638e-02	3.086588588e-11
-2.070000000e-01	5.592307805e+00	-6.250285560e-02	7.007450353e-12
-2.080000000e-01	5.592328701e+00	-6.306318140e-02	1.269277682e-11
-2.090000000e-01	5.592349654e+00	-6.362350374e-02	1.594781632e-11
-2.100000000e-01	5.592370662e+00	-6.418382262e-02	2.161512703e-11
-2.110000000e-01	5.592391726e+00	-6.474413801e-02	1.046648417e-11
-2.120000000e-01	5.592412846e+00	-6.530444991e-02	6.464174010e-12
-2.130000000e-01	5.592434021e+00	-6.586475829e-02	1.161092178e-11
-2.140000000e-01	5.592455253e+00	-6.642506314e-02	2.997204695e-11
-2.150000000e-01	5.592476541e+00	-6.698536444e-02	8.006171373e-12
-2.160000000e-01	5.592497884e+00	-6.754566217e-02	8.993419431e-12
-2.170000000e-01	5.592519284e+00	-6.810595632e-02	1.615446373e-11
-2.180000000e-01	5.592540739e+00	-6.866624687e-02	5.831703008e-12
-2.190000000e-01	5.592562250e+00	-6.922653380e-02	1.717805444e-11
-2.200000000e-01	5.592583817e+00	-6.978681710e-02	1.461139792e-11
-2.210000000e-01	5.592605440e+00	-7.034709675e-02	1.094814375e-11
-2.220000000e-01	5.592627119e+00	-7.090737274e-02	2.079237032e-11
-2.230000000e-01	5.592648853e+00	-7.146764504e-02	7.077951727e-12
-2.240000000e-01	5.592670644e+00	-7.202791364e-02	1.054129187e-11
-2.250000000e-01	5.592692490e+00	-7.258817853e-02	5.855054303e-12
-2.260000000e-01	5.592714393e+00	-7.314843968e-02	8.431199622e-12
-2.270000000e-01	5.592736351e+00	-7.370869708e-02	6.325142583e-12
-2.280000000e-01	5.592758365e+00	-7.426895072e-02	2.080659135e-11
-2.290000000e-01	5.592780435e+00	-7.482920057e-02	9.573124086e-12
-2.300000000e-01	5.592802560e+00	-7.538944663e-02	1.315053372e-11
-2.310000000e-01	5.592824742e+00	-7.594968886e-02	1.272015595e-11
-2.320000000e-01	5.592846980e+00	-7.650992727e-02	1.223258215e-11
-2.330000000e-01	5.592869273e+00	-7.707016182e-02	3.737224211e-11
-2.340000000e-01	5.592891622e+00	-7.763039251e-02	1.080042872e-11
-2.350000000e-01	5.592914027e+00	-7.819061931e-02	8.541411034e-12
-2.360000000e-01	5.592936488e+00	-7.875084222e-02	3.211523635e-11
-2.370000000e-01	5.592959005e+00	-7.931106121e-02	5.897729690e-12
-2.380000000e-01	5.592981577e+00	-7.987127626e-02	3.597283218e-11
-2.390000000e-01	5.593004206e+00	-8.043148737e-02	1.648213427e-11
-2.400000000e-01	5.593026890e+00	-8.099169451e-02	3.937659694e-11
-2.410000000e-01	5.593049630e+00	-8.155189766e-02	1.378114766e-11
-2.420000000e-01	5.593072426e+00	-8.211209682e-02	1.510006613e-11
-2.430000000e-01	5.593095278e+00	-8.267229196e-02	8.444196239e-12
-2.440000000e-01	5.593118186e+00	-8.323248306e-02	8.833547737e-12
-2.450000000e-01	5.593141149e+00	-8.379267012e-02	2.816507931e-11
-2.460000000e-01	5.593164169e+00	-8.435285311e-02	9.599148349e-12
-2.470000000e-01	5.593187244e+00	-8.491303202e-02	6.714692764e-12
-2.480000000e-01	5.593210375e+00	-8.547320682e-02	1.437304678e-11
-2.490000000e-01	5.593233562e+00	-8.603337751e-02	5.299825472e-11
-2.500000000e-01	5.593256804e+00	-8.659354407e-02	1.133697102e-11
-2.510000000e-01	5.593280103e+00	-8.715370648e-02	1.228202716e-11
-2.520000000e-01	5.593303457e+00	-8.771386472e-02	1.144571652e-11
-2.530000000e-01	5.593326867e+00	-8.827401878e-02	2.806801798e-11
-2.540000000e-01	5.593350333e+00	-8.883416864e-02	1.085565605e-11
-2.550000000e-01	5.593373855e+00	-8.939431428e-02	1.478783944e-11
-2.560000000e-01	5.593397432e+00	-8.995445569e-02	9.408328442e-12
-2.570000000e-01	5.593421066e+00	-9.051459285e-02	1.310842655e-11
-2.580000000e-01	5.593444755e+00	-9.107472574e-02	8.508476313e-12
-2.590000000e-01	5.593468500e+00	-9.163485435e-02	6.946198517e-12
-2.600000000e-01	5.593492301e+00	-9.219497866e-02	1.898356296e-11
-2.610000000e-01	5.593516157e+00	-9.275509865e-02	1.124705001e-11
-2.620000000e-01	5.593540069e+00	-9.331521432e-02	6.553198028e-12
-2.630000000e-01	5.593564038e+00	-9.387532563e-02	9.715303054e-12
-2.640000000e-01	5.593588062e+00	-9.443543257e-02	4.561093369e-11
-2.650000000e-01	5.593612141e+00	-9.499553514e-02	2.049410839e-11
-2.660000000e-01	5.593636277e+00	-9.555563330e-02	1.436192854e-11
-2.670000000e-01	5.593660468e+00	-9.611572705e-02	1.137644134e-11
-2.680000000e-01	5.593684715e+00	-9.667581636e-02	2.176020338e-11
-2.690000000e-01	5.593709018e+00	-9.723590123e-02	2.500143194e-11
-2.700000000e-01	5.593733377e+00	-9.779598163e-02	1.639959459e-11
-2.710000000e-01	5.593757792e+00	-9.835605754e-02	2.028575999e-11
-2.720000000e-01	5.593782262e+00	-9.891612896e-02	8.375323574e-12
-2.730000000e-01	5.593806788e+00	-9.947619587e-02	7.082097689e-12
-2.740000000e-01	5.593831370e+00	-1.000362582e-01	5.628758822e-12
-2.750000000e-01	5.593856007e+00	-1.005963161e-01	1.116268871e-11
-2.760000000e-01	5.593880701e+00	-1.011563693e-01	5.466602744e-12
-2.770000000e-01	5.593905450e+00	-1.017164180e-01	5.878383706e-11
-2.780000000e-01	5.593930255e+00	-1.022764621e-01	1.362104506e-11
-2.790000000e-01	5.593955115e+00	-1.028365015e-01	6.150330234e-12
-2.800000000e-01	5.593980032e+00	-1.033965363e-01	1.887950190e-11
-2.810000000e-01	5.594005004e+00	-1.039565665e-01	1.159713551e-11
-2.820000000e-01	5.594030032e+00	-1.045165920e-01	9.348619619e-12
-2.830000000e-01	5.594055115e+00	-1.050766129e-01	1.196553387e-11
-2.840000000e-01	5.594080255e+00	-1.056366290e-01	1.566630651e-11
-2.850000000e-01	5.594105450e+00	-1.061966404e-01	6.515694382e-12
-2.860000000e-01	5.594130701e+00	-1.067566471e-01	6.504317605e-11
-2.870000000e-01	5.594156007e+00	-1.073166490e-01	2.099001437e-11
-2.880000000e-01	5.594181370e+00	-1.078766462e-01	6.084369981e-12
-2.890000000e-01	5.594206788e+00	-1.084366386e-01	1.796200215e-11
-2.900000000e-01	5.594232262e+00	-1.089966262e-01	2.111282306e-11
-2.910000000e-01	5.594257791e+00	-1.095566090e-01	1.467510731e-11
-2.920000000e-01	5.594283377e+00	-1.101165869e-01	4.988171396e-12
-2.930000000e-01	5.594309018e+00	-1.106765600e-01	1.317538420e-11
-2.940000000e-01	5.594334715e+00	-1.112365283e-01	1.430201873e-11
-2.950000000e-01	5.594360467e+00	-1.117964916e-01	1.456486744e-11
-2.960000000e-01	5.594386275e+00	-1.123564501e-01	1.128493821e-11
-2.970000000e-01	5.594412139e+00	-1.129164036e-01	1.113655835e-11
-2.980000000e-01	5.594438059e+00	-1.134763522e-01	1.609967867e-11
-2.990000000e-01	5.594464034e+00	-1.140362959e-01	2.087035807e-11
-3.000000000e-01	5.594490065e+00	-1.145962346e-01	7.150222709e-12
