# epsi_ci     Re(Lambda)      Im(Lambda)      Eq(det), R = 0.10 $\mu$m, $E_p$ = 0.300 eV, modo = 4, $\epsilon_\infty$ = 3.9, $\gamma_{DL}$ = 0.01 eV, solve_det_sinkz_vs_mu.py
0.000000000e+00	6.521675055e+00	1.017385954e-01	1.945660212e-11
-1.000000000e-03	6.521691499e+00	1.010923141e-01	8.661185087e-12
-2.000000000e-03	6.521708007e+00	1.004460326e-01	6.540001664e-12
-3.000000000e-03	6.521724579e+00	9.979975091e-02	1.314584790e-11
-4.000000000e-03	6.521741214e+00	9.915346913e-02	1.283848683e-11
-5.000000000e-03	6.521757913e+00	9.850718725e-02	9.937946893e-12
-6.000000000e-03	6.521774676e+00	9.786090529e-02	8.082365656e-12
-7.000000000e-03	6.521791503e+00	9.721462326e-02	1.345033144e-11
-8.000000000e-03	6.521808393e+00	9.656834119e-02	6.148927905e-12
-9.000000000e-03	6.521825347e+00	9.592205909e-02	2.605387128e-11
-1.000000000e-02	6.521842365e+00	9.527577698e-02	1.414484877e-11
-1.100000000e-02	6.521859447e+00	9.462949489e-02	1.295145952e-11
-1.200000000e-02	6.521876592e+00	9.398321282e-02	3.516387230e-11
-1.300000000e-02	6.521893801e+00	9.333693081e-02	3.797101048e-11
-1.400000000e-02	6.521911073e+00	9.269064886e-02	7.098411184e-12
-1.500000000e-02	6.521928410e+00	9.204436699e-02	1.605782547e-11
-1.600000000e-02	6.521945810e+00	9.139808524e-02	2.613732860e-11
-1.700000000e-02	6.521963274e+00	9.075180360e-02	1.155549333e-11
-1.800000000e-02	6.521980802e+00	9.010552211e-02	1.632714355e-11
-1.900000000e-02	6.521998393e+00	8.945924078e-02	6.923483808e-12
-2.000000000e-02	6.522016048e+00	8.881295963e-02	5.783506139e-12
-2.100000000e-02	6.522033767e+00	8.816667868e-02	1.934510476e-11
-2.200000000e-02	6.522051549e+00	8.752039795e-02	2.507957506e-11
-2.300000000e-02	6.522069396e+00	8.687411746e-02	1.965513339e-11
-2.400000000e-02	6.522087306e+00	8.622783723e-02	5.872690853e-12
-2.500000000e-02	6.522105279e+00	8.558155726e-02	2.677885111e-11
-2.600000000e-02	6.522123317e+00	8.493527759e-02	1.468942846e-11
-2.700000000e-02	6.522141418e+00	8.428899824e-02	1.425833082e-11
-2.800000000e-02	6.522159583e+00	8.364271921e-02	1.302891072e-11
-2.900000000e-02	6.522177812e+00	8.299644054e-02	7.816673416e-12
-3.000000000e-02	6.522196104e+00	8.235016223e-02	5.974650142e-12
-3.100000000e-02	6.522214460e+00	8.170388431e-02	2.598183018e-11
-3.200000000e-02	6.522232880e+00	8.105760681e-02	1.305921634e-11
-3.300000000e-02	6.522251363e+00	8.041132972e-02	9.250327993e-12
-3.400000000e-02	6.522269911e+00	7.976505308e-02	1.254146318e-11
-3.500000000e-02	6.522288522e+00	7.911877690e-02	1.457209919e-11
-3.600000000e-02	6.522307197e+00	7.847250120e-02	6.026901967e-12
-3.700000000e-02	6.522325935e+00	7.782622601e-02	1.152458797e-11
-3.800000000e-02	6.522344737e+00	7.717995133e-02	8.543630392e-12
-3.900000000e-02	6.522363603e+00	7.653367720e-02	9.022312417e-12
-4.000000000e-02	6.522382533e+00	7.588740361e-02	3.636491502e-11
-4.100000000e-02	6.522401526e+00	7.524113061e-02	1.427448726e-11
-4.200000000e-02	6.522420583e+00	7.459485820e-02	9.129373067e-12
-4.300000000e-02	6.522439704e+00	7.394858641e-02	2.108588830e-11
-4.400000000e-02	6.522458889e+00	7.330231524e-02	1.869309804e-11
-4.500000000e-02	6.522478137e+00	7.265604473e-02	9.366127155e-12
-4.600000000e-02	6.522497449e+00	7.200977489e-02	1.088625099e-11
-4.700000000e-02	6.522516825e+00	7.136350574e-02	9.152597987e-12
-4.800000000e-02	6.522536264e+00	7.071723730e-02	1.390045338e-11
-4.900000000e-02	6.522555767e+00	7.007096958e-02	6.389116788e-12
-5.000000000e-02	6.522575334e+00	6.942470261e-02	2.048561099e-11
-5.100000000e-02	6.522594965e+00	6.877843640e-02	1.023858201e-11
-5.200000000e-02	6.522614659e+00	6.813217098e-02	1.829573358e-11
-5.300000000e-02	6.522634417e+00	6.748590636e-02	1.206806124e-11
-5.400000000e-02	6.522654239e+00	6.683964256e-02	7.712508012e-12
-5.500000000e-02	6.522674124e+00	6.619337960e-02	6.202192895e-12
-5.600000000e-02	6.522694074e+00	6.554711750e-02	7.907883292e-12
-5.700000000e-02	6.522714087e+00	6.490085627e-02	9.433941699e-12
-5.800000000e-02	6.522734163e+00	6.425459595e-02	1.005649020e-11
-5.900000000e-02	6.522754304e+00	6.360833654e-02	2.531254072e-11
-6.000000000e-02	6.522774508e+00	6.296207806e-02	1.262565368e-11
-6.100000000e-02	6.522794776e+00	6.231582053e-02	7.644345403e-12
-6.200000000e-02	6.522815107e+00	6.166956398e-02	5.873986731e-12
-6.300000000e-02	6.522835502e+00	6.102330841e-02	1.105607740e-11
-6.400000000e-02	6.522855961e+00	6.037705386e-02	1.248547904e-11
-6.500000000e-02	6.522876484e+00	5.973080033e-02	7.847623706e-12
-6.600000000e-02	6.522897070e+00	5.908454785e-02	6.878228242e-12
-6.700000000e-02	6.522917721e+00	5.843829643e-02	4.437214007e-11
-6.800000000e-02	6.522938434e+00	5.779204611e-02	3.228390550e-11
-6.900000000e-02	6.522959212e+00	5.714579688e-02	2.123691332e-11
-7.000000000e-02	6.522980053e+00	5.649954878e-02	1.063268899e-11
-7.100000000e-02	6.523000958e+00	5.585330182e-02	2.290006491e-11
-7.200000000e-02	6.523021927e+00	5.520705601e-02	6.019099824e-12
-7.300000000e-02	6.523042959e+00	5.456081139e-02	1.325455340e-11
-7.400000000e-02	6.523064055e+00	5.391456796e-02	1.014402198e-11
-7.500000000e-02	6.523085215e+00	5.326832575e-02	1.035368545e-11
-7.600000000e-02	6.523106439e+00	5.262208477e-02	1.286914374e-11
-7.700000000e-02	6.523127726e+00	5.197584505e-02	7.951730320e-12
-7.800000000e-02	6.523149077e+00	5.132960661e-02	4.316182664e-11
-7.900000000e-02	6.523170492e+00	5.068336945e-02	1.481272116e-11
-8.000000000e-02	6.523191970e+00	5.003713360e-02	2.111376835e-11
-8.100000000e-02	6.523213512e+00	4.939089908e-02	4.077947179e-11
-8.200000000e-02	6.523235118e+00	4.874466591e-02	9.309868694e-12
-8.300000000e-02	6.523256787e+00	4.809843411e-02	1.662617424e-11
-8.400000000e-02	6.523278521e+00	4.745220369e-02	1.120953175e-11
-8.500000000e-02	6.523300318e+00	4.680597468e-02	1.108931829e-11
-8.600000000e-02	6.523322178e+00	4.615974709e-02	8.587079141e-12
-8.700000000e-02	6.523344103e+00	4.551352095e-02	1.541348988e-11
-8.800000000e-02	6.523366091e+00	4.486729626e-02	9.491053198e-12
-8.900000000e-02	6.523388142e+00	4.422107305e-02	1.407759213e-11
-9.000000000e-02	6.523410258e+00	4.357485134e-02	3.555118476e-11
-9.100000000e-02	6.523432437e+00	4.292863115e-02	1.106683698e-11
-9.200000000e-02	6.523454680e+00	4.228241250e-02	9.314841248e-12
-9.300000000e-02	6.523476986e+00	4.163619540e-02	2.398729083e-11
-9.400000000e-02	6.523499356e+00	4.098997988e-02	2.778185349e-11
-9.500000000e-02	6.523521790e+00	4.034376595e-02	1.509702083e-11
-9.600000000e-02	6.523544288e+00	3.969755363e-02	2.591759001e-11
-9.700000000e-02	6.523566849e+00	3.905134294e-02	1.604602615e-11
-9.800000000e-02	6.523589474e+00	3.840513389e-02	1.707714991e-11
-9.900000000e-02	6.523612163e+00	3.775892652e-02	1.296003822e-11
-1.000000000e-01	6.523634915e+00	3.711272083e-02	2.379314245e-11
-1.010000000e-01	6.523657732e+00	3.646651685e-02	1.363750650e-11
-1.020000000e-01	6.523680611e+00	3.582031460e-02	1.283092636e-11
-1.030000000e-01	6.523703555e+00	3.517411408e-02	8.517529180e-12
-1.040000000e-01	6.523726562e+00	3.452791533e-02	8.221668159e-12
-1.050000000e-01	6.523749633e+00	3.388171836e-02	2.048346467e-11
-1.060000000e-01	6.523772767e+00	3.323552319e-02	2.424914566e-11
-1.070000000e-01	6.523795966e+00	3.258932984e-02	1.281540713e-11
-1.080000000e-01	6.523819228e+00	3.194313832e-02	3.437619102e-11
-1.090000000e-01	6.523842553e+00	3.129694866e-02	1.866985852e-11
-1.100000000e-01	6.523865942e+00	3.065076088e-02	1.272801383e-11
-1.110000000e-01	6.523889395e+00	3.000457499e-02	9.677532174e-12
-1.120000000e-01	6.523912912e+00	2.935839101e-02	1.080887744e-11
-1.130000000e-01	6.523936492e+00	2.871220896e-02	2.095398356e-11
-1.140000000e-01	6.523960137e+00	2.806602887e-02	2.294774580e-11
-1.150000000e-01	6.523983844e+00	2.741985073e-02	3.222192713e-11
-1.160000000e-01	6.524007616e+00	2.677367460e-02	1.484232933e-11
-1.170000000e-01	6.524031451e+00	2.612750046e-02	2.425366437e-11
-1.180000000e-01	6.524055349e+00	2.548132835e-02	1.291275069e-11
-1.190000000e-01	6.524079312e+00	2.483515829e-02	2.888566523e-11
-1.200000000e-01	6.524103338e+00	2.418899029e-02	2.176869642e-11
-1.210000000e-01	6.524127428e+00	2.354282436e-02	1.423187782e-11
-1.220000000e-01	6.524151581e+00	2.289666054e-02	1.972216520e-11
-1.230000000e-01	6.524175798e+00	2.225049884e-02	1.072643800e-11
-1.240000000e-01	6.524200079e+00	2.160433928e-02	1.721221532e-11
-1.250000000e-01	6.524224424e+00	2.095818187e-02	2.865865913e-11
-1.260000000e-01	6.524248832e+00	2.031202664e-02	1.957562435e-11
-1.270000000e-01	6.524273304e+00	1.966587361e-02	5.625028360e-12
-1.280000000e-01	6.524297839e+00	1.901972279e-02	7.315864993e-12
-1.290000000e-01	6.524322438e+00	1.837357420e-02	1.199211910e-11
-1.300000000e-01	6.524347101e+00	1.772742786e-02	1.769755726e-11
-1.310000000e-01	6.524371827e+00	1.708128379e-02	6.088966661e-12
-1.320000000e-01	6.524396618e+00	1.643514200e-02	5.017738788e-11
-1.330000000e-01	6.524421471e+00	1.578900253e-02	1.620912060e-11
-1.340000000e-01	6.524446389e+00	1.514286538e-02	6.426931394e-11
-1.350000000e-01	6.524471370e+00	1.449673058e-02	1.597439130e-11
-1.360000000e-01	6.524496415e+00	1.385059814e-02	1.157823706e-11
-1.370000000e-01	6.524521523e+00	1.320446808e-02	1.158686154e-11
-1.380000000e-01	6.524546695e+00	1.255834042e-02	6.982780199e-12
-1.390000000e-01	6.524571931e+00	1.191221519e-02	2.129843428e-11
-1.400000000e-01	6.524597230e+00	1.126609239e-02	1.580691364e-11
-1.410000000e-01	6.524622593e+00	1.061997205e-02	1.370095460e-11
-1.420000000e-01	6.524648020e+00	9.973854184e-03	1.203040450e-11
-1.430000000e-01	6.524673510e+00	9.327738815e-03	2.549515360e-11
-1.440000000e-01	6.524699064e+00	8.681625957e-03	1.108213618e-11
-1.450000000e-01	6.524724682e+00	8.035515638e-03	2.859254185e-11
-1.460000000e-01	6.524750363e+00	7.389407863e-03	1.308827844e-11
-1.470000000e-01	6.524776108e+00	6.743302662e-03	5.513603821e-12
-1.480000000e-01	6.524801917e+00	6.097200048e-03	6.934908797e-12
-1.490000000e-01	6.524827789e+00	5.451100043e-03	9.241013954e-12
-1.500000000e-01	6.524853725e+00	4.805002666e-03	1.199990586e-11
-1.510000000e-01	6.524879725e+00	4.158907931e-03	1.516661314e-11
-1.520000000e-01	6.524905788e+00	3.512815863e-03	1.461720523e-11
-1.530000000e-01	6.524931914e+00	2.866726477e-03	2.127509981e-11
-1.540000000e-01	6.524958105e+00	2.220639789e-03	5.483762555e-11
-1.550000000e-01	6.524984359e+00	1.574555829e-03	1.663737082e-11
-1.560000000e-01	6.525010677e+00	9.284746048e-04	2.650038132e-11
-1.570000000e-01	6.525037058e+00	2.823961349e-04	1.223771399e-11
-1.580000000e-01	6.525063503e+00	-3.636795544e-04	1.029903824e-11
-1.590000000e-01	6.525090012e+00	-1.009752452e-03	2.339552763e-11
-1.600000000e-01	6.525116584e+00	-1.655822531e-03	1.940983705e-11
-1.610000000e-01	6.525143220e+00	-2.301889780e-03	1.410497023e-11
-1.620000000e-01	6.525169919e+00	-2.947954175e-03	5.676354196e-12
-1.630000000e-01	6.525196682e+00	-3.594015703e-03	1.210880357e-11
-1.640000000e-01	6.525223509e+00	-4.240074337e-03	1.238872599e-11
-1.650000000e-01	6.525250399e+00	-4.886130067e-03	1.091101090e-11
-1.660000000e-01	6.525277353e+00	-5.532182867e-03	1.137275349e-11
-1.670000000e-01	6.525304371e+00	-6.178232727e-03	6.146084496e-11
-1.680000000e-01	6.525331452e+00	-6.824279618e-03	1.630591831e-11
-1.690000000e-01	6.525358597e+00	-7.470323524e-03	1.209548696e-11
-1.700000000e-01	6.525385805e+00	-8.116364432e-03	7.284649570e-12
-1.710000000e-01	6.525413077e+00	-8.762402318e-03	6.393553341e-12
-1.720000000e-01	6.525440413e+00	-9.408437164e-03	2.306788888e-11
-1.730000000e-01	6.525467812e+00	-1.005446895e-02	1.542213530e-11
-1.740000000e-01	6.525495275e+00	-1.070049767e-02	1.204272202e-11
-1.750000000e-01	6.525522802e+00	-1.134652328e-02	1.655696763e-11
-1.760000000e-01	6.525550392e+00	-1.199254578e-02	1.180684461e-11
-1.770000000e-01	6.525578045e+00	-1.263856516e-02	1.479545953e-11
-1.780000000e-01	6.525605763e+00	-1.328458137e-02	1.590194705e-11
-1.790000000e-01	6.525633543e+00	-1.393059442e-02	1.780599442e-11
-1.800000000e-01	6.525661388e+00	-1.457660427e-02	2.189133911e-11
-1.810000000e-01	6.525689296e+00	-1.522261092e-02	1.170982584e-11
-1.820000000e-01	6.525717268e+00	-1.586861435e-02	2.538309708e-11
-1.830000000e-01	6.525745303e+00	-1.651461452e-02	7.059115705e-12
-1.840000000e-01	6.525773402e+00	-1.716061144e-02	1.704543250e-11
-1.850000000e-01	6.525801564e+00	-1.780660506e-02	7.077444526e-11
-1.860000000e-01	6.525829790e+00	-1.845259539e-02	1.986843859e-11
-1.870000000e-01	6.525858080e+00	-1.909858240e-02	2.561438006e-11
-1.880000000e-01	6.525886433e+00	-1.974456607e-02	1.978939490e-11
-1.890000000e-01	6.525914850e+00	-2.039054638e-02	9.101300175e-12
-1.900000000e-01	6.525943331e+00	-2.103652331e-02	3.445558581e-11
-1.910000000e-01	6.525971875e+00	-2.168249685e-02	7.401373204e-12
-1.920000000e-01	6.526000482e+00	-2.232846697e-02	1.834143121e-11
-1.930000000e-01	6.526029153e+00	-2.297443366e-02	1.808227222e-11
-1.940000000e-01	6.526057888e+00	-2.362039690e-02	8.660815405e-12
-1.950000000e-01	6.526086686e+00	-2.426635667e-02	1.189792831e-11
-1.960000000e-01	6.526115548e+00	-2.491231294e-02	1.270001432e-11
-1.970000000e-01	6.526144474e+00	-2.555826572e-02	1.604893489e-11
-1.980000000e-01	6.526173463e+00	-2.620421496e-02	1.269263453e-11
-1.990000000e-01	6.526202515e+00	-2.685016066e-02	3.937178939e-11
-2.000000000e-01	6.526231631e+00	-2.749610279e-02	1.758361401e-11
-2.010000000e-01	6.526260811e+00	-2.814204135e-02	1.036025252e-11
-2.020000000e-01	6.526290054e+00	-2.878797630e-02	5.379534451e-12
-2.030000000e-01	6.526319361e+00	-2.943390763e-02	1.853397645e-11
-2.040000000e-01	6.526348731e+00	-3.007983532e-02	2.143335743e-11
-2.050000000e-01	6.526378165e+00	-3.072575935e-02	2.191369024e-11
-2.060000000e-01	6.526407663e+00	-3.137167971e-02	1.375815771e-11
-2.070000000e-01	6.526437224e+00	-3.201759637e-02	1.922302166e-11
-2.080000000e-01	6.526466849e+00	-3.266350932e-02	1.474085222e-11
-2.090000000e-01	6.526496537e+00	-3.330941853e-02	2.814711335e-11
-2.100000000e-01	6.526526288e+00	-3.395532400e-02	1.145747144e-11
-2.110000000e-01	6.526556104e+00	-3.460122570e-02	5.236241761e-11
-2.120000000e-01	6.526585983e+00	-3.524712360e-02	1.153703434e-11
-2.130000000e-01	6.526615925e+00	-3.589301770e-02	7.042991185e-12
-2.140000000e-01	6.526645931e+00	-3.653890797e-02	1.709857306e-11
-2.150000000e-01	6.526676000e+00	-3.718479440e-02	1.691683012e-11
-2.160000000e-01	6.526706133e+00	-3.783067696e-02	1.953452051e-11
-2.170000000e-01	6.526736330e+00	-3.847655564e-02	1.618768575e-11
-2.180000000e-01	6.526766590e+00	-3.912243043e-02	2.178981165e-11
-2.190000000e-01	6.526796913e+00	-3.976830129e-02	9.039237764e-12
-2.200000000e-01	6.526827300e+00	-4.041416821e-02	1.365672341e-11
-2.210000000e-01	6.526857751e+00	-4.106003117e-02	8.643649172e-12
-2.220000000e-01	6.526888265e+00	-4.170589016e-02	8.996534716e-12
-2.230000000e-01	6.526918843e+00	-4.235174516e-02	2.122159046e-11
-2.240000000e-01	6.526949484e+00	-4.299759614e-02	1.195306082e-11
-2.250000000e-01	6.526980189e+00	-4.364344309e-02	2.859997837e-11
-2.260000000e-01	6.527010957e+00	-4.428928599e-02	2.487424968e-11
-2.270000000e-01	6.527041789e+00	-4.493512483e-02	8.145481942e-12
-2.280000000e-01	6.527072684e+00	-4.558095957e-02	1.222366950e-11
-2.290000000e-01	6.527103643e+00	-4.622679020e-02	1.377007104e-11
-2.300000000e-01	6.527134665e+00	-4.687261672e-02	2.695211022e-11
-2.310000000e-01	6.527165751e+00	-4.751843908e-02	2.003474754e-11
-2.320000000e-01	6.527196900e+00	-4.816425729e-02	1.596944809e-11
-2.330000000e-01	6.527228113e+00	-4.881007131e-02	4.147346650e-11
-2.340000000e-01	6.527259389e+00	-4.945588114e-02	3.461872750e-11
-2.350000000e-01	6.527290729e+00	-5.010168674e-02	3.221071527e-11
-2.360000000e-01	6.527322133e+00	-5.074748811e-02	8.858256274e-12
-2.370000000e-01	6.527353599e+00	-5.139328522e-02	1.089254424e-11
-2.380000000e-01	6.527385130e+00	-5.203907805e-02	1.720676635e-11
-2.390000000e-01	6.527416723e+00	-5.268486660e-02	8.692828478e-12
-2.400000000e-01	6.527448381e+00	-5.333065083e-02	8.434324284e-12
-2.410000000e-01	6.527480102e+00	-5.397643073e-02	2.433209715e-11
-2.420000000e-01	6.527511886e+00	-5.462220628e-02	1.332096926e-11
-2.430000000e-01	6.527543734e+00	-5.526797746e-02	1.357728624e-11
-2.440000000e-01	6.527575645e+00	-5.591374425e-02	2.550939734e-11
-2.450000000e-01	6.527607620e+00	-5.655950665e-02	4.435339773e-11
-2.460000000e-01	6.527639658e+00	-5.720526462e-02	2.739790221e-11
-2.470000000e-01	6.527671759e+00	-5.785101814e-02	8.949768365e-12
-2.480000000e-01	6.527703924e+00	-5.849676720e-02	8.926404610e-12
-2.490000000e-01	6.527736153e+00	-5.914251178e-02	1.230281667e-11
-2.500000000e-01	6.527768445e+00	-5.978825186e-02	1.485377674e-11
-2.510000000e-01	6.527800801e+00	-6.043398743e-02	7.700022790e-12
-2.520000000e-01	6.527833220e+00	-6.107971846e-02	1.546627394e-11
-2.530000000e-01	6.527865702e+00	-6.172544494e-02	9.284232130e-12
-2.540000000e-01	6.527898248e+00	-6.237116684e-02	1.037983294e-11
-2.550000000e-01	6.527930858e+00	-6.301688415e-02	2.552674728e-11
-2.560000000e-01	6.527963530e+00	-6.366259685e-02	1.640157446e-11
-2.570000000e-01	6.527996267e+00	-6.430830492e-02	9.104351653e-12
-2.580000000e-01	6.528029066e+00	-6.495400834e-02	1.143551373e-11
-2.590000000e-01	6.528061930e+00	-6.559970709e-02	1.596455359e-11
-2.600000000e-01	6.528094856e+00	-6.624540116e-02	1.834735966e-11
-2.610000000e-01	6.528127846e+00	-6.689109053e-02	1.313367062e-11
-2.620000000e-01	6.528160900e+00	-6.753677518e-02	1.470645978e-11
-2.630000000e-01	6.528194017e+00	-6.818245508e-02	1.413712763e-11
-2.640000000e-01	6.528227197e+00	-6.882813022e-02	1.624594483e-11
-2.650000000e-01	6.528260441e+00	-6.947380058e-02	9.193412290e-12
-2.660000000e-01	6.528293748e+00	-7.011946615e-02	1.278799666e-11
-2.670000000e-01	6.528327119e+00	-7.076512690e-02	1.466167090e-11
-2.680000000e-01	6.528360553e+00	-7.141078282e-02	1.061884279e-11
-2.690000000e-01	6.528394051e+00	-7.205643389e-02	5.491103748e-12
-2.700000000e-01	6.528427612e+00	-7.270208008e-02	8.480946175e-12
-2.710000000e-01	6.528461236e+00	-7.334772138e-02	5.741264054e-12
-2.720000000e-01	6.528494924e+00	-7.399335778e-02	1.354645510e-11
-2.730000000e-01	6.528528675e+00	-7.463898924e-02	1.865200999e-11
-2.740000000e-01	6.528562490e+00	-7.528461576e-02	1.165393702e-11
-2.750000000e-01	6.528596368e+00	-7.593023732e-02	1.011002857e-11
-2.760000000e-01	6.528630309e+00	-7.657585389e-02	2.496520790e-11
-2.770000000e-01	6.528664314e+00	-7.722146546e-02	1.015838964e-11
-2.780000000e-01	6.528698382e+00	-7.786707201e-02	1.450234522e-11
-2.790000000e-01	6.528732514e+00	-7.851267352e-02	3.640183822e-11
-2.800000000e-01	6.528766709e+00	-7.915826997e-02	8.222464746e-12
-2.810000000e-01	6.528800968e+00	-7.980386134e-02	3.180326129e-11
-2.820000000e-01	6.528835289e+00	-8.044944763e-02	1.284688881e-11
-2.830000000e-01	6.528869675e+00	-8.109502879e-02	1.146405371e-11
-2.840000000e-01	6.528904123e+00	-8.174060483e-02	3.865803800e-11
-2.850000000e-01	6.528938635e+00	-8.238617572e-02	3.797855031e-11
-2.860000000e-01	6.528973211e+00	-8.303174143e-02	1.266075318e-11
-2.870000000e-01	6.529007850e+00	-8.367730196e-02	2.049561426e-11
-2.880000000e-01	6.529042552e+00	-8.432285728e-02	1.601114919e-11
-2.890000000e-01	6.529077317e+00	-8.496840737e-02	2.398268040e-11
-2.900000000e-01	6.529112146e+00	-8.561395222e-02	1.787768019e-11
-2.910000000e-01	6.529147039e+00	-8.625949181e-02	1.330093212e-11
-2.920000000e-01	6.529181994e+00	-8.690502612e-02	1.315041074e-11
-2.930000000e-01	6.529217013e+00	-8.755055513e-02	2.952986043e-11
-2.940000000e-01	6.529252096e+00	-8.819607882e-02	1.974069090e-11
-2.950000000e-01	6.529287241e+00	-8.884159717e-02	2.209654142e-11
-2.960000000e-01	6.529322451e+00	-8.948711017e-02	1.184875861e-11
-2.970000000e-01	6.529357723e+00	-9.013261779e-02	7.600042470e-12
-2.980000000e-01	6.529393059e+00	-9.077812002e-02	1.228264798e-11
-2.990000000e-01	6.529428458e+00	-9.142361685e-02	9.137338757e-12
-3.000000000e-01	6.529463921e+00	-9.206910824e-02	7.578762402e-12
