# epsi_ci     Re(Lambda)      Im(Lambda)      Eq(det), R = 0.10 $\mu$m, $E_p$ = 0.300 eV, modo = 4, $\epsilon_\infty$ = 3.9, $\gamma_{DL}$ = 0.01 eV, solve_det_sinkz_vs_mu.py
0.000000000e+00	5.666117153e+00	5.661128414e-02	4.482621988e-12
-1.000000000e-03	5.666126945e+00	5.604332137e-02	1.427860937e-11
-2.000000000e-03	5.666136794e+00	5.547535857e-02	7.853726515e-12
-3.000000000e-03	5.666146700e+00	5.490739575e-02	1.964085663e-11
-4.000000000e-03	5.666156662e+00	5.433943293e-02	1.214022028e-11
-5.000000000e-03	5.666166681e+00	5.377147013e-02	1.405690279e-11
-6.000000000e-03	5.666176757e+00	5.320350738e-02	2.357174309e-11
-7.000000000e-03	5.666186890e+00	5.263554467e-02	3.322481650e-11
-8.000000000e-03	5.666197080e+00	5.206758203e-02	7.899198132e-12
-9.000000000e-03	5.666207326e+00	5.149961949e-02	1.021609741e-11
-1.000000000e-02	5.666217629e+00	5.093165705e-02	2.449345524e-11
-1.100000000e-02	5.666227988e+00	5.036369473e-02	9.611651048e-12
-1.200000000e-02	5.666238405e+00	4.979573254e-02	1.197545017e-11
-1.300000000e-02	5.666248878e+00	4.922777052e-02	2.029568277e-11
-1.400000000e-02	5.666259408e+00	4.865980867e-02	1.215208350e-11
-1.500000000e-02	5.666269995e+00	4.809184700e-02	2.615103705e-11
-1.600000000e-02	5.666280638e+00	4.752388555e-02	1.843117916e-11
-1.700000000e-02	5.666291339e+00	4.695592432e-02	1.771656832e-11
-1.800000000e-02	5.666302096e+00	4.638796333e-02	3.817933289e-11
-1.900000000e-02	5.666312909e+00	4.582000260e-02	5.948255541e-12
-2.000000000e-02	5.666323780e+00	4.525204214e-02	1.787928411e-11
-2.100000000e-02	5.666334707e+00	4.468408198e-02	6.326381491e-12
-2.200000000e-02	5.666345691e+00	4.411612212e-02	1.135630151e-11
-2.300000000e-02	5.666356732e+00	4.354816259e-02	9.345928674e-12
-2.400000000e-02	5.666367830e+00	4.298020340e-02	2.386342931e-11
-2.500000000e-02	5.666378984e+00	4.241224458e-02	8.869037250e-12
-2.600000000e-02	5.666390195e+00	4.184428613e-02	2.783784724e-11
-2.700000000e-02	5.666401463e+00	4.127632808e-02	6.898126768e-12
-2.800000000e-02	5.666412788e+00	4.070837043e-02	1.951121849e-11
-2.900000000e-02	5.666424169e+00	4.014041322e-02	1.728809806e-11
-3.000000000e-02	5.666435607e+00	3.957245645e-02	2.345281329e-11
-3.100000000e-02	5.666447102e+00	3.900450014e-02	1.337128349e-11
-3.200000000e-02	5.666458653e+00	3.843654431e-02	1.030392965e-11
-3.300000000e-02	5.666470262e+00	3.786858898e-02	1.055151052e-11
-3.400000000e-02	5.666481927e+00	3.730063416e-02	1.479220967e-11
-3.500000000e-02	5.666493649e+00	3.673267988e-02	1.279777116e-11
-3.600000000e-02	5.666505427e+00	3.616472614e-02	5.256015817e-12
-3.700000000e-02	5.666517263e+00	3.559677296e-02	8.508667445e-12
-3.800000000e-02	5.666529155e+00	3.502882036e-02	1.043071022e-11
-3.900000000e-02	5.666541104e+00	3.446086837e-02	1.259774738e-11
-4.000000000e-02	5.666553109e+00	3.389291699e-02	6.772454174e-12
-4.100000000e-02	5.666565172e+00	3.332496624e-02	1.910472508e-11
-4.200000000e-02	5.666577291e+00	3.275701614e-02	1.043827513e-11
-4.300000000e-02	5.666589467e+00	3.218906671e-02	7.104041446e-12
-4.400000000e-02	5.666601700e+00	3.162111796e-02	7.801920516e-12
-4.500000000e-02	5.666613989e+00	3.105316991e-02	1.315255966e-11
-4.600000000e-02	5.666626335e+00	3.048522258e-02	2.040799536e-11
-4.700000000e-02	5.666638738e+00	2.991727598e-02	1.139958349e-11
-4.800000000e-02	5.666651198e+00	2.934933014e-02	4.761988654e-11
-4.900000000e-02	5.666663714e+00	2.878138506e-02	9.168920982e-12
-5.000000000e-02	5.666676287e+00	2.821344077e-02	6.777888191e-11
-5.100000000e-02	5.666688917e+00	2.764549728e-02	8.981124926e-12
-5.200000000e-02	5.666701604e+00	2.707755462e-02	9.108249888e-12
-5.300000000e-02	5.666714347e+00	2.650961278e-02	2.270968010e-11
-5.400000000e-02	5.666727147e+00	2.594167181e-02	1.586861257e-11
-5.500000000e-02	5.666740004e+00	2.537373170e-02	1.524558390e-11
-5.600000000e-02	5.666752918e+00	2.480579248e-02	5.367630739e-12
-5.700000000e-02	5.666765888e+00	2.423785417e-02	5.953163327e-11
-5.800000000e-02	5.666778915e+00	2.366991677e-02	1.224826274e-11
-5.900000000e-02	5.666791999e+00	2.310198032e-02	2.038561313e-11
-6.000000000e-02	5.666805140e+00	2.253404482e-02	5.090437166e-12
-6.100000000e-02	5.666818337e+00	2.196611029e-02	5.035422490e-12
-6.200000000e-02	5.666831591e+00	2.139817675e-02	1.999647449e-11
-6.300000000e-02	5.666844902e+00	2.083024423e-02	9.286149094e-12
-6.400000000e-02	5.666858270e+00	2.026231272e-02	2.340451737e-11
-6.500000000e-02	5.666871694e+00	1.969438225e-02	8.038505221e-12
-6.600000000e-02	5.666885175e+00	1.912645285e-02	2.459108303e-11
-6.700000000e-02	5.666898713e+00	1.855852451e-02	8.957056725e-12
-6.800000000e-02	5.666912308e+00	1.799059727e-02	1.297166448e-11
-6.900000000e-02	5.666925959e+00	1.742267114e-02	1.423690850e-11
-7.000000000e-02	5.666939667e+00	1.685474613e-02	8.513080018e-12
-7.100000000e-02	5.666953432e+00	1.628682227e-02	9.470982862e-12
-7.200000000e-02	5.666967253e+00	1.571889957e-02	1.738498108e-11
-7.300000000e-02	5.666981132e+00	1.515097804e-02	4.586105584e-11
-7.400000000e-02	5.666995067e+00	1.458305771e-02	9.499594712e-12
-7.500000000e-02	5.667009058e+00	1.401513859e-02	1.453310653e-11
-7.600000000e-02	5.667023107e+00	1.344722069e-02	2.203677474e-11
-7.700000000e-02	5.667037212e+00	1.287930404e-02	1.965638182e-11
-7.800000000e-02	5.667051374e+00	1.231138865e-02	4.523814843e-11
-7.900000000e-02	5.667065593e+00	1.174347454e-02	5.815302654e-12
-8.000000000e-02	5.667079868e+00	1.117556173e-02	1.506242018e-11
-8.100000000e-02	5.667094200e+00	1.060765023e-02	3.859899760e-11
-8.200000000e-02	5.667108589e+00	1.003974006e-02	9.456842590e-12
-8.300000000e-02	5.667123035e+00	9.471831235e-03	1.924715437e-11
-8.400000000e-02	5.667137537e+00	8.903923777e-03	1.594410501e-11
-8.500000000e-02	5.667152096e+00	8.336017698e-03	2.989410817e-11
-8.600000000e-02	5.667166712e+00	7.768113016e-03	1.188323322e-11
-8.700000000e-02	5.667181384e+00	7.200209749e-03	2.368009310e-11
-8.800000000e-02	5.667196114e+00	6.632307915e-03	1.404188693e-11
-8.900000000e-02	5.667210900e+00	6.064407529e-03	1.810648766e-11
-9.000000000e-02	5.667225742e+00	5.496508610e-03	9.940473867e-12
-9.100000000e-02	5.667240642e+00	4.928611173e-03	1.126965918e-11
-9.200000000e-02	5.667255598e+00	4.360715235e-03	2.069286420e-11
-9.300000000e-02	5.667270611e+00	3.792820815e-03	1.771775366e-11
-9.400000000e-02	5.667285681e+00	3.224927929e-03	1.712485018e-11
-9.500000000e-02	5.667300807e+00	2.657036594e-03	1.300430927e-11
-9.600000000e-02	5.667315990e+00	2.089146825e-03	1.360564900e-11
-9.700000000e-02	5.667331230e+00	1.521258642e-03	1.500529826e-11
-9.800000000e-02	5.667346526e+00	9.533720620e-04	1.891838492e-11
-9.900000000e-02	5.667361879e+00	3.854870986e-04	7.606487501e-12
-1.000000000e-01	5.667377289e+00	-1.823962283e-04	1.962521067e-11
-1.010000000e-01	5.667392756e+00	-7.502779037e-04	3.792973020e-11
-1.020000000e-01	5.667408279e+00	-1.318157907e-03	1.912006301e-11
-1.030000000e-01	5.667423860e+00	-1.886036224e-03	1.618095939e-11
-1.040000000e-01	5.667439496e+00	-2.453912837e-03	6.619601106e-12
-1.050000000e-01	5.667455190e+00	-3.021787731e-03	2.137369677e-11
-1.060000000e-01	5.667470940e+00	-3.589660885e-03	1.083820039e-11
-1.070000000e-01	5.667486747e+00	-4.157532286e-03	1.241957209e-11
-1.080000000e-01	5.667502611e+00	-4.725401914e-03	1.524524504e-11
-1.090000000e-01	5.667518531e+00	-5.293269754e-03	8.238386662e-12
-1.100000000e-01	5.667534508e+00	-5.861135789e-03	1.377131571e-11
-1.110000000e-01	5.667550542e+00	-6.429000002e-03	1.750631187e-11
-1.120000000e-01	5.667566633e+00	-6.996862373e-03	7.377222789e-12
-1.130000000e-01	5.667582780e+00	-7.564722889e-03	1.432031882e-11
-1.140000000e-01	5.667598984e+00	-8.132581531e-03	1.658895225e-11
-1.150000000e-01	5.667615244e+00	-8.700438281e-03	9.226834922e-12
-1.160000000e-01	5.667631562e+00	-9.268293126e-03	7.239079565e-12
-1.170000000e-01	5.667647936e+00	-9.836146045e-03	1.703348675e-11
-1.180000000e-01	5.667664367e+00	-1.040399702e-02	1.094818255e-11
-1.190000000e-01	5.667680854e+00	-1.097184604e-02	1.192435701e-11
-1.200000000e-01	5.667697398e+00	-1.153969308e-02	1.008451798e-11
-1.210000000e-01	5.667713999e+00	-1.210753814e-02	1.232244809e-11
-1.220000000e-01	5.667730657e+00	-1.267538118e-02	1.072915064e-11
-1.230000000e-01	5.667747371e+00	-1.324322219e-02	1.037704062e-11
-1.240000000e-01	5.667764142e+00	-1.381106116e-02	5.990351467e-12
-1.250000000e-01	5.667780969e+00	-1.437889808e-02	5.567436369e-11
-1.260000000e-01	5.667797854e+00	-1.494673291e-02	1.470335850e-11
-1.270000000e-01	5.667814795e+00	-1.551456565e-02	2.922694427e-11
-1.280000000e-01	5.667831792e+00	-1.608239628e-02	6.602953032e-12
-1.290000000e-01	5.667848847e+00	-1.665022478e-02	9.493970874e-12
-1.300000000e-01	5.667865958e+00	-1.721805113e-02	5.829278988e-12
-1.310000000e-01	5.667883126e+00	-1.778587533e-02	1.430045469e-11
-1.320000000e-01	5.667900350e+00	-1.835369734e-02	1.321352214e-11
-1.330000000e-01	5.667917631e+00	-1.892151716e-02	1.136998627e-11
-1.340000000e-01	5.667934969e+00	-1.948933476e-02	1.355932052e-11
-1.350000000e-01	5.667952364e+00	-2.005715013e-02	1.807188651e-11
-1.360000000e-01	5.667969815e+00	-2.062496326e-02	8.969174709e-12
-1.370000000e-01	5.667987323e+00	-2.119277412e-02	1.680002852e-11
-1.380000000e-01	5.668004888e+00	-2.176058271e-02	1.914306948e-11
-1.390000000e-01	5.668022509e+00	-2.232838899e-02	1.351008298e-11
-1.400000000e-01	5.668040187e+00	-2.289619296e-02	9.200168800e-12
-1.410000000e-01	5.668057922e+00	-2.346399459e-02	9.625185231e-12
-1.420000000e-01	5.668075713e+00	-2.403179388e-02	1.669679523e-11
-1.430000000e-01	5.668093561e+00	-2.459959081e-02	1.039799610e-11
-1.440000000e-01	5.668111466e+00	-2.516738535e-02	2.481603291e-11
-1.450000000e-01	5.668129427e+00	-2.573517748e-02	1.492930279e-11
-1.460000000e-01	5.668147445e+00	-2.630296721e-02	1.168597409e-11
-1.470000000e-01	5.668165520e+00	-2.687075450e-02	1.162982776e-11
-1.480000000e-01	5.668183651e+00	-2.743853933e-02	1.864992470e-11
-1.490000000e-01	5.668201839e+00	-2.800632171e-02	1.078884750e-11
-1.500000000e-01	5.668220084e+00	-2.857410159e-02	9.776076468e-12
-1.510000000e-01	5.668238385e+00	-2.914187898e-02	2.041026321e-11
-1.520000000e-01	5.668256743e+00	-2.970965384e-02	8.768086023e-12
-1.530000000e-01	5.668275158e+00	-3.027742618e-02	3.278006092e-11
-1.540000000e-01	5.668293629e+00	-3.084519595e-02	1.059528085e-11
-1.550000000e-01	5.668312157e+00	-3.141296316e-02	5.346514289e-12
-1.560000000e-01	5.668330742e+00	-3.198072779e-02	1.114406666e-11
-1.570000000e-01	5.668349383e+00	-3.254848981e-02	2.041004451e-11
-1.580000000e-01	5.668368081e+00	-3.311624920e-02	1.103305175e-11
-1.590000000e-01	5.668386836e+00	-3.368400597e-02	1.622814861e-11
-1.600000000e-01	5.668405647e+00	-3.425176008e-02	2.071259423e-11
-1.610000000e-01	5.668424515e+00	-3.481951151e-02	1.803447618e-11
-1.620000000e-01	5.668443440e+00	-3.538726026e-02	7.837831553e-12
-1.630000000e-01	5.668462421e+00	-3.595500631e-02	1.062874298e-11
-1.640000000e-01	5.668481459e+00	-3.652274963e-02	1.838151016e-11
-1.650000000e-01	5.668500553e+00	-3.709049021e-02	6.478670258e-12
-1.660000000e-01	5.668519705e+00	-3.765822804e-02	1.181332434e-11
-1.670000000e-01	5.668538913e+00	-3.822596310e-02	3.303473866e-11
-1.680000000e-01	5.668558177e+00	-3.879369536e-02	2.291872189e-11
-1.690000000e-01	5.668577498e+00	-3.936142482e-02	1.191829694e-11
-1.700000000e-01	5.668596876e+00	-3.992915146e-02	9.491937309e-12
-1.710000000e-01	5.668616310e+00	-4.049687525e-02	3.902341063e-11
-1.720000000e-01	5.668635802e+00	-4.106459619e-02	7.912668150e-12
-1.730000000e-01	5.668655349e+00	-4.163231425e-02	1.807785684e-11
-1.740000000e-01	5.668674954e+00	-4.220002943e-02	7.219706614e-11
-1.750000000e-01	5.668694615e+00	-4.276774169e-02	1.085049579e-11
-1.760000000e-01	5.668714332e+00	-4.333545103e-02	1.991852572e-11
-1.770000000e-01	5.668734106e+00	-4.390315743e-02	6.369501671e-12
-1.780000000e-01	5.668753937e+00	-4.447086086e-02	5.289876529e-11
-1.790000000e-01	5.668773825e+00	-4.503856133e-02	2.413767574e-11
-1.800000000e-01	5.668793769e+00	-4.560625879e-02	9.622327270e-12
-1.810000000e-01	5.668813770e+00	-4.617395325e-02	1.106519467e-11
-1.820000000e-01	5.668833827e+00	-4.674164469e-02	1.832901115e-11
-1.830000000e-01	5.668853941e+00	-4.730933308e-02	2.584444307e-11
-1.840000000e-01	5.668874112e+00	-4.787701840e-02	1.806841301e-11
-1.850000000e-01	5.668894339e+00	-4.844470066e-02	1.168494834e-11
-1.860000000e-01	5.668914623e+00	-4.901237981e-02	6.195743457e-12
-1.870000000e-01	5.668934963e+00	-4.958005586e-02	1.113203496e-11
-1.880000000e-01	5.668955360e+00	-5.014772877e-02	1.395073694e-11
-1.890000000e-01	5.668975814e+00	-5.071539855e-02	1.008957418e-11
-1.900000000e-01	5.668996324e+00	-5.128306516e-02	1.718290824e-11
-1.910000000e-01	5.669016891e+00	-5.185072859e-02	6.289357960e-12
-1.920000000e-01	5.669037515e+00	-5.241838882e-02	9.600796786e-12
-1.930000000e-01	5.669058195e+00	-5.298604584e-02	1.991012812e-11
-1.940000000e-01	5.669078932e+00	-5.355369964e-02	1.647457293e-11
-1.950000000e-01	5.669099725e+00	-5.412135018e-02	1.011308655e-11
-1.960000000e-01	5.669120575e+00	-5.468899746e-02	6.036544487e-11
-1.970000000e-01	5.669141482e+00	-5.525664147e-02	9.812907753e-12
-1.980000000e-01	5.669162445e+00	-5.582428217e-02	8.977529541e-12
-1.990000000e-01	5.669183465e+00	-5.639191956e-02	1.147581966e-11
-2.000000000e-01	5.669204541e+00	-5.695955362e-02	8.218703996e-12
-2.010000000e-01	5.669225674e+00	-5.752718433e-02	1.125070957e-11
-2.020000000e-01	5.669246863e+00	-5.809481168e-02	1.495763472e-11
-2.030000000e-01	5.669268110e+00	-5.866243564e-02	2.561395125e-11
-2.040000000e-01	5.669289412e+00	-5.923005621e-02	1.430421272e-11
-2.050000000e-01	5.669310772e+00	-5.979767335e-02	6.803238967e-12
-2.060000000e-01	5.669332187e+00	-6.036528707e-02	1.632390248e-11
-2.070000000e-01	5.669353660e+00	-6.093289734e-02	4.691843674e-12
-2.080000000e-01	5.669375189e+00	-6.150050414e-02	7.178566844e-12
-2.090000000e-01	5.669396775e+00	-6.206810746e-02	1.241618465e-11
-2.100000000e-01	5.669418417e+00	-6.263570728e-02	3.036524210e-11
-2.110000000e-01	5.669440116e+00	-6.320330358e-02	2.105531087e-11
-2.120000000e-01	5.669461871e+00	-6.377089634e-02	4.533977554e-11
-2.130000000e-01	5.669483683e+00	-6.433848556e-02	1.652416286e-11
-2.140000000e-01	5.669505552e+00	-6.490607120e-02	5.312512834e-12
-2.150000000e-01	5.669527477e+00	-6.547365327e-02	1.816986224e-11
-2.160000000e-01	5.669549458e+00	-6.604123173e-02	1.260465275e-11
-2.170000000e-01	5.669571497e+00	-6.660880657e-02	2.398622739e-11
-2.180000000e-01	5.669593591e+00	-6.717637778e-02	3.327705967e-11
-2.190000000e-01	5.669615743e+00	-6.774394534e-02	1.407016942e-11
-2.200000000e-01	5.669637951e+00	-6.831150922e-02	1.937121890e-11
-2.210000000e-01	5.669660215e+00	-6.887906942e-02	1.763467094e-11
-2.220000000e-01	5.669682536e+00	-6.944662592e-02	9.501252725e-12
-2.230000000e-01	5.669704914e+00	-7.001417870e-02	3.125233399e-11
-2.240000000e-01	5.669727348e+00	-7.058172774e-02	2.741695330e-11
-2.250000000e-01	5.669749838e+00	-7.114927303e-02	1.049758725e-11
-2.260000000e-01	5.669772386e+00	-7.171681454e-02	7.602974167e-12
-2.270000000e-01	5.669794990e+00	-7.228435227e-02	1.075315071e-11
-2.280000000e-01	5.669817650e+00	-7.285188620e-02	8.626759578e-12
-2.290000000e-01	5.669840367e+00	-7.341941631e-02	2.051340108e-11
-2.300000000e-01	5.669863140e+00	-7.398694257e-02	3.663257152e-11
-2.310000000e-01	5.669885970e+00	-7.455446499e-02	9.536686690e-12
-2.320000000e-01	5.669908857e+00	-7.512198353e-02	1.150268415e-11
-2.330000000e-01	5.669931800e+00	-7.568949818e-02	1.688479365e-11
-2.340000000e-01	5.669954799e+00	-7.625700893e-02	8.057576211e-12
-2.350000000e-01	5.669977855e+00	-7.682451575e-02	1.179718823e-11
-2.360000000e-01	5.670000968e+00	-7.739201864e-02	1.151494357e-11
-2.370000000e-01	5.670024137e+00	-7.795951757e-02	1.911162139e-11
-2.380000000e-01	5.670047363e+00	-7.852701253e-02	9.633044254e-12
-2.390000000e-01	5.670070645e+00	-7.909450349e-02	1.203248427e-11
-2.400000000e-01	5.670093984e+00	-7.966199046e-02	1.608540919e-11
-2.410000000e-01	5.670117379e+00	-8.022947339e-02	1.550977229e-11
-2.420000000e-01	5.670140831e+00	-8.079695229e-02	3.415892847e-11
-2.430000000e-01	5.670164339e+00	-8.136442713e-02	1.484822510e-11
-2.440000000e-01	5.670187904e+00	-8.193189790e-02	1.149579317e-11
-2.450000000e-01	5.670211525e+00	-8.249936457e-02	2.889458537e-11
-2.460000000e-01	5.670235203e+00	-8.306682714e-02	2.410020247e-11
-2.470000000e-01	5.670258937e+00	-8.363428559e-02	8.818586978e-12
-2.480000000e-01	5.670282728e+00	-8.420173989e-02	2.437956833e-11
-2.490000000e-01	5.670306576e+00	-8.476919004e-02	9.322898169e-12
-2.500000000e-01	5.670330480e+00	-8.533663601e-02	6.666055961e-12
-2.510000000e-01	5.670354440e+00	-8.590407779e-02	2.778372903e-11
-2.520000000e-01	5.670378457e+00	-8.647151536e-02	1.164819474e-11
-2.530000000e-01	5.670402530e+00	-8.703894870e-02	1.498379812e-11
-2.540000000e-01	5.670426660e+00	-8.760637780e-02	1.081677940e-11
-2.550000000e-01	5.670450846e+00	-8.817380264e-02	1.020623596e-11
-2.560000000e-01	5.670475089e+00	-8.874122321e-02	1.082547143e-11
-2.570000000e-01	5.670499388e+00	-8.930863948e-02	1.154289881e-11
-2.580000000e-01	5.670523744e+00	-8.987605145e-02	6.543028307e-12
-2.590000000e-01	5.670548157e+00	-9.044345909e-02	4.046609798e-11
-2.600000000e-01	5.670572625e+00	-9.101086238e-02	4.944941500e-11
-2.610000000e-01	5.670597151e+00	-9.157826132e-02	3.787054171e-11
-2.620000000e-01	5.670621732e+00	-9.214565587e-02	1.044744734e-11
-2.630000000e-01	5.670646371e+00	-9.271304604e-02	1.083579827e-11
-2.640000000e-01	5.670671065e+00	-9.328043179e-02	1.391328180e-11
-2.650000000e-01	5.670695816e+00	-9.384781312e-02	2.622465041e-11
-2.660000000e-01	5.670720624e+00	-9.441519000e-02	2.938386525e-11
-2.670000000e-01	5.670745488e+00	-9.498256242e-02	2.100210860e-11
-2.680000000e-01	5.670770409e+00	-9.554993036e-02	1.074800600e-11
-2.690000000e-01	5.670795386e+00	-9.611729381e-02	2.204170968e-11
-2.700000000e-01	5.670820419e+00	-9.668465275e-02	6.295976255e-12
-2.710000000e-01	5.670845509e+00	-9.725200715e-02	6.745977512e-12
-2.720000000e-01	5.670870655e+00	-9.781935702e-02	1.285399552e-11
-2.730000000e-01	5.670895858e+00	-9.838670232e-02	1.451928126e-11
-2.740000000e-01	5.670921117e+00	-9.895404304e-02	7.513297806e-12
-2.750000000e-01	5.670946433e+00	-9.952137917e-02	2.881446339e-11
-2.760000000e-01	5.670971805e+00	-1.000887107e-01	9.011295596e-12
-2.770000000e-01	5.670997234e+00	-1.006560376e-01	1.637328460e-11
-2.780000000e-01	5.671022719e+00	-1.012233598e-01	1.639867984e-11
-2.790000000e-01	5.671048261e+00	-1.017906774e-01	1.279053358e-11
-2.800000000e-01	5.671073859e+00	-1.023579903e-01	1.504057448e-11
-2.810000000e-01	5.671099513e+00	-1.029252985e-01	5.789022678e-11
-2.820000000e-01	5.671125224e+00	-1.034926020e-01	1.655869205e-11
-2.830000000e-01	5.671150991e+00	-1.040599007e-01	1.536868993e-11
-2.840000000e-01	5.671176815e+00	-1.046271947e-01	9.287478565e-12
-2.850000000e-01	5.671202695e+00	-1.051944840e-01	1.669982768e-11
-2.860000000e-01	5.671228631e+00	-1.057617685e-01	9.369835113e-12
-2.870000000e-01	5.671254624e+00	-1.063290481e-01	2.630476185e-11
-2.880000000e-01	5.671280673e+00	-1.068963230e-01	1.141707287e-11
-2.890000000e-01	5.671306779e+00	-1.074635930e-01	1.178247010e-11
-2.900000000e-01	5.671332941e+00	-1.080308582e-01	1.089795460e-11
-2.910000000e-01	5.671359160e+00	-1.085981185e-01	8.234699968e-11
-2.920000000e-01	5.671385435e+00	-1.091653739e-01	1.514401561e-11
-2.930000000e-01	5.671411766e+00	-1.097326245e-01	1.631191964e-11
-2.940000000e-01	5.671438154e+00	-1.102998701e-01	8.232659289e-11
-2.950000000e-01	5.671464598e+00	-1.108671108e-01	9.157161418e-12
-2.960000000e-01	5.671491099e+00	-1.114343465e-01	2.860205841e-11
-2.970000000e-01	5.671517656e+00	-1.120015773e-01	1.190335379e-11
-2.980000000e-01	5.671544269e+00	-1.125688031e-01	2.583936470e-11
-2.990000000e-01	5.671570939e+00	-1.131360239e-01	6.246392314e-12
-3.000000000e-01	5.671597665e+00	-1.137032397e-01	2.142293656e-11
