# epsi_ci     Re(Lambda)      Im(Lambda)      Eq(det), R = 0.10 $\mu$m, $E_p$ = 0.300 eV, modo = 4, $\epsilon_\infty$ = 3.9, $\gamma_{DL}$ = 0.01 eV, solve_det_sinkz_vs_mu.py
0.000000000e+00	5.315183989e+00	4.363482789e-02	7.570268092e-12
-1.000000000e-03	5.315191675e+00	4.310032151e-02	3.525054982e-11
-2.000000000e-03	5.315199415e+00	4.256581512e-02	6.302673667e-12
-3.000000000e-03	5.315207209e+00	4.203130873e-02	8.624417575e-12
-4.000000000e-03	5.315215056e+00	4.149680236e-02	4.407239967e-12
-5.000000000e-03	5.315222957e+00	4.096229602e-02	7.081120749e-12
-6.000000000e-03	5.315230912e+00	4.042778974e-02	2.079658290e-11
-7.000000000e-03	5.315238920e+00	3.989328353e-02	2.038925534e-11
-8.000000000e-03	5.315246982e+00	3.935877740e-02	4.302696458e-11
-9.000000000e-03	5.315255097e+00	3.882427137e-02	9.364236892e-12
-1.000000000e-02	5.315263266e+00	3.828976545e-02	3.041554912e-11
-1.100000000e-02	5.315271489e+00	3.775525967e-02	1.744412616e-11
-1.200000000e-02	5.315279765e+00	3.722075404e-02	7.750666473e-12
-1.300000000e-02	5.315288095e+00	3.668624857e-02	4.420988997e-11
-1.400000000e-02	5.315296479e+00	3.615174329e-02	5.991911325e-11
-1.500000000e-02	5.315304916e+00	3.561723820e-02	3.171150151e-11
-1.600000000e-02	5.315313406e+00	3.508273333e-02	7.566991629e-12
-1.700000000e-02	5.315321951e+00	3.454822868e-02	1.546023579e-11
-1.800000000e-02	5.315330549e+00	3.401372428e-02	7.737932781e-12
-1.900000000e-02	5.315339200e+00	3.347922014e-02	1.744815758e-11
-2.000000000e-02	5.315347905e+00	3.294471628e-02	1.085285475e-11
-2.100000000e-02	5.315356664e+00	3.241021271e-02	9.368268117e-12
-2.200000000e-02	5.315365476e+00	3.187570946e-02	3.966259346e-11
-2.300000000e-02	5.315374342e+00	3.134120653e-02	1.042476902e-11
-2.400000000e-02	5.315383262e+00	3.080670394e-02	1.470518029e-11
-2.500000000e-02	5.315392235e+00	3.027220171e-02	8.872372335e-12
-2.600000000e-02	5.315401262e+00	2.973769985e-02	1.035488844e-11
-2.700000000e-02	5.315410342e+00	2.920319839e-02	1.808396333e-11
-2.800000000e-02	5.315419476e+00	2.866869733e-02	1.087593083e-11
-2.900000000e-02	5.315428664e+00	2.813419670e-02	1.891964320e-11
-3.000000000e-02	5.315437905e+00	2.759969650e-02	4.717713574e-11
-3.100000000e-02	5.315447199e+00	2.706519676e-02	8.694597306e-12
-3.200000000e-02	5.315456548e+00	2.653069749e-02	1.654025299e-11
-3.300000000e-02	5.315465950e+00	2.599619871e-02	1.258478536e-11
-3.400000000e-02	5.315475405e+00	2.546170044e-02	1.836357670e-11
-3.500000000e-02	5.315484915e+00	2.492720268e-02	7.387048168e-11
-3.600000000e-02	5.315494478e+00	2.439270545e-02	1.291135144e-10
-3.700000000e-02	5.315504094e+00	2.385820879e-02	1.365224293e-11
-3.800000000e-02	5.315513764e+00	2.332371268e-02	6.901724445e-12
-3.900000000e-02	5.315523488e+00	2.278921717e-02	1.268467958e-11
-4.000000000e-02	5.315533265e+00	2.225472225e-02	1.166123105e-11
-4.100000000e-02	5.315543096e+00	2.172022795e-02	2.662496182e-11
-4.200000000e-02	5.315552980e+00	2.118573428e-02	7.175899867e-11
-4.300000000e-02	5.315562918e+00	2.065124126e-02	9.317201242e-12
-4.400000000e-02	5.315572910e+00	2.011674891e-02	1.373102006e-11
-4.500000000e-02	5.315582955e+00	1.958225724e-02	3.212029743e-11
-4.600000000e-02	5.315593054e+00	1.904776626e-02	6.916531348e-11
-4.700000000e-02	5.315603206e+00	1.851327600e-02	1.653507118e-11
-4.800000000e-02	5.315613412e+00	1.797878647e-02	1.440242529e-11
-4.900000000e-02	5.315623672e+00	1.744429768e-02	3.840193484e-11
-5.000000000e-02	5.315633985e+00	1.690980965e-02	1.427663812e-11
-5.100000000e-02	5.315644352e+00	1.637532241e-02	6.608708530e-12
-5.200000000e-02	5.315654773e+00	1.584083595e-02	1.069217803e-11
-5.300000000e-02	5.315665247e+00	1.530635031e-02	2.180097190e-11
-5.400000000e-02	5.315675774e+00	1.477186549e-02	2.708795946e-11
-5.500000000e-02	5.315686356e+00	1.423738152e-02	1.565870574e-11
-5.600000000e-02	5.315696990e+00	1.370289840e-02	2.094310471e-11
-5.700000000e-02	5.315707679e+00	1.316841616e-02	3.168474114e-11
-5.800000000e-02	5.315718421e+00	1.263393481e-02	1.149180105e-11
-5.900000000e-02	5.315729217e+00	1.209945436e-02	1.222772446e-11
-6.000000000e-02	5.315740066e+00	1.156497484e-02	2.837510507e-11
-6.100000000e-02	5.315750969e+00	1.103049626e-02	9.708005163e-12
-6.200000000e-02	5.315761925e+00	1.049601863e-02	1.422928054e-11
-6.300000000e-02	5.315772935e+00	9.961541974e-03	7.504393257e-12
-6.400000000e-02	5.315783999e+00	9.427066306e-03	9.696396517e-12
-6.500000000e-02	5.315795116e+00	8.892591641e-03	8.735564414e-12
-6.600000000e-02	5.315806287e+00	8.358117997e-03	3.206152537e-11
-6.700000000e-02	5.315817511e+00	7.823645385e-03	2.527068581e-11
-6.800000000e-02	5.315828789e+00	7.289173829e-03	1.042931413e-11
-6.900000000e-02	5.315840121e+00	6.754703339e-03	8.466068835e-12
-7.000000000e-02	5.315851506e+00	6.220233933e-03	2.534531450e-11
-7.100000000e-02	5.315862945e+00	5.685765626e-03	9.334983777e-11
-7.200000000e-02	5.315874437e+00	5.151298440e-03	6.605473485e-12
-7.300000000e-02	5.315885983e+00	4.616832382e-03	6.201449736e-11
-7.400000000e-02	5.315897582e+00	4.082367472e-03	1.221482625e-10
-7.500000000e-02	5.315909235e+00	3.547903734e-03	1.277091530e-11
-7.600000000e-02	5.315920942e+00	3.013441173e-03	1.940580492e-11
-7.700000000e-02	5.315932702e+00	2.478979808e-03	1.093588912e-11
-7.800000000e-02	5.315944516e+00	1.944519655e-03	1.868952816e-11
-7.900000000e-02	5.315956384e+00	1.410060735e-03	3.437574289e-11
-8.000000000e-02	5.315968305e+00	8.756030564e-04	6.147554370e-12
-8.100000000e-02	5.315980279e+00	3.411466409e-04	1.357343521e-11
-8.200000000e-02	5.315992308e+00	-1.933084982e-04	1.873941935e-11
-8.300000000e-02	5.316004389e+00	-7.277623416e-04	1.046472665e-11
-8.400000000e-02	5.316016525e+00	-1.262214876e-03	2.022198693e-11
-8.500000000e-02	5.316028714e+00	-1.796666085e-03	1.192845050e-11
-8.600000000e-02	5.316040956e+00	-2.331115951e-03	1.001950445e-11
-8.700000000e-02	5.316053253e+00	-2.865564460e-03	7.007770241e-12
-8.800000000e-02	5.316065602e+00	-3.400011594e-03	1.254493269e-11
-8.900000000e-02	5.316078006e+00	-3.934457338e-03	4.892644709e-12
-9.000000000e-02	5.316090462e+00	-4.468901676e-03	2.342625767e-11
-9.100000000e-02	5.316102973e+00	-5.003344591e-03	3.916810790e-11
-9.200000000e-02	5.316115537e+00	-5.537786066e-03	1.162983534e-11
-9.300000000e-02	5.316128154e+00	-6.072226087e-03	1.035257166e-11
-9.400000000e-02	5.316140826e+00	-6.606664637e-03	1.415039938e-11
-9.500000000e-02	5.316153550e+00	-7.141101700e-03	2.524601243e-11
-9.600000000e-02	5.316166329e+00	-7.675537261e-03	8.599385087e-12
-9.700000000e-02	5.316179161e+00	-8.209971301e-03	9.184597693e-12
-9.800000000e-02	5.316192046e+00	-8.744403808e-03	1.873366633e-11
-9.900000000e-02	5.316204985e+00	-9.278834761e-03	2.146276293e-11
-1.000000000e-01	5.316217978e+00	-9.813264147e-03	3.185303888e-11
-1.010000000e-01	5.316231024e+00	-1.034769195e-02	3.493643956e-11
-1.020000000e-01	5.316244124e+00	-1.088211815e-02	3.582348081e-11
-1.030000000e-01	5.316257277e+00	-1.141654274e-02	1.448116264e-11
-1.040000000e-01	5.316270484e+00	-1.195096569e-02	9.736911540e-12
-1.050000000e-01	5.316283744e+00	-1.248538700e-02	2.176989942e-11
-1.060000000e-01	5.316297058e+00	-1.301980664e-02	1.703942871e-11
-1.070000000e-01	5.316310426e+00	-1.355422461e-02	8.194975913e-12
-1.080000000e-01	5.316323847e+00	-1.408864087e-02	3.996749906e-11
-1.090000000e-01	5.316337322e+00	-1.462305543e-02	1.231682743e-11
-1.100000000e-01	5.316350850e+00	-1.515746825e-02	1.101617759e-11
-1.110000000e-01	5.316364432e+00	-1.569187933e-02	8.110471757e-12
-1.120000000e-01	5.316378067e+00	-1.622628865e-02	1.341880215e-11
-1.130000000e-01	5.316391756e+00	-1.676069619e-02	1.412165825e-11
-1.140000000e-01	5.316405499e+00	-1.729510195e-02	4.875055435e-11
-1.150000000e-01	5.316419295e+00	-1.782950588e-02	9.040549994e-12
-1.160000000e-01	5.316433145e+00	-1.836390800e-02	9.536234914e-12
-1.170000000e-01	5.316447048e+00	-1.889830827e-02	1.871020764e-11
-1.180000000e-01	5.316461005e+00	-1.943270669e-02	1.048792504e-11
-1.190000000e-01	5.316475015e+00	-1.996710323e-02	9.297315262e-12
-1.200000000e-01	5.316489079e+00	-2.050149789e-02	3.488832142e-11
-1.210000000e-01	5.316503196e+00	-2.103589063e-02	9.073035395e-12
-1.220000000e-01	5.316517367e+00	-2.157028146e-02	7.426154045e-12
-1.230000000e-01	5.316531592e+00	-2.210467035e-02	1.798830129e-11
-1.240000000e-01	5.316545870e+00	-2.263905728e-02	2.021734025e-11
-1.250000000e-01	5.316560201e+00	-2.317344225e-02	1.933280656e-11
-1.260000000e-01	5.316574586e+00	-2.370782522e-02	9.031445089e-12
-1.270000000e-01	5.316589025e+00	-2.424220620e-02	1.129241591e-11
-1.280000000e-01	5.316603517e+00	-2.477658516e-02	8.089836717e-12
-1.290000000e-01	5.316618063e+00	-2.531096208e-02	1.549474925e-11
-1.300000000e-01	5.316632663e+00	-2.584533695e-02	8.388262748e-12
-1.310000000e-01	5.316647316e+00	-2.637970976e-02	1.841610093e-11
-1.320000000e-01	5.316662022e+00	-2.691408048e-02	6.393255162e-12
-1.330000000e-01	5.316676782e+00	-2.744844911e-02	3.444205657e-11
-1.340000000e-01	5.316691595e+00	-2.798281562e-02	2.378545416e-11
-1.350000000e-01	5.316706462e+00	-2.851718000e-02	1.198883172e-11
-1.360000000e-01	5.316721383e+00	-2.905154223e-02	9.796072884e-12
-1.370000000e-01	5.316736357e+00	-2.958590230e-02	2.473080209e-11
-1.380000000e-01	5.316751385e+00	-3.012026019e-02	1.413291215e-11
-1.390000000e-01	5.316766466e+00	-3.065461588e-02	1.762710141e-11
-1.400000000e-01	5.316781601e+00	-3.118896936e-02	1.074938789e-11
-1.410000000e-01	5.316796789e+00	-3.172332062e-02	1.382927786e-11
-1.420000000e-01	5.316812031e+00	-3.225766963e-02	1.773607643e-11
-1.430000000e-01	5.316827326e+00	-3.279201639e-02	4.365868916e-12
-1.440000000e-01	5.316842675e+00	-3.332636086e-02	6.909524077e-12
-1.450000000e-01	5.316858077e+00	-3.386070305e-02	1.352011392e-11
-1.460000000e-01	5.316873533e+00	-3.439504293e-02	1.040898671e-11
-1.470000000e-01	5.316889043e+00	-3.492938048e-02	1.142282879e-11
-1.480000000e-01	5.316904606e+00	-3.546371569e-02	8.582385035e-12
-1.490000000e-01	5.316920222e+00	-3.599804855e-02	1.721625694e-11
-1.500000000e-01	5.316935892e+00	-3.653237904e-02	6.887961537e-12
-1.510000000e-01	5.316951616e+00	-3.706670714e-02	4.502283417e-11
-1.520000000e-01	5.316967393e+00	-3.760103283e-02	1.362991884e-11
-1.530000000e-01	5.316983223e+00	-3.813535610e-02	1.276855645e-11
-1.540000000e-01	5.316999108e+00	-3.866967694e-02	1.359970253e-11
-1.550000000e-01	5.317015045e+00	-3.920399532e-02	1.535487170e-11
-1.560000000e-01	5.317031036e+00	-3.973831124e-02	1.621138874e-11
-1.570000000e-01	5.317047081e+00	-4.027262467e-02	3.110372152e-11
-1.580000000e-01	5.317063179e+00	-4.080693560e-02	1.402143448e-11
-1.590000000e-01	5.317079331e+00	-4.134124401e-02	2.139708060e-11
-1.600000000e-01	5.317095536e+00	-4.187554990e-02	1.194432695e-11
-1.610000000e-01	5.317111794e+00	-4.240985323e-02	7.547799001e-12
-1.620000000e-01	5.317128107e+00	-4.294415399e-02	1.075561055e-11
-1.630000000e-01	5.317144472e+00	-4.347845218e-02	1.098788020e-11
-1.640000000e-01	5.317160892e+00	-4.401274777e-02	6.156969288e-12
-1.650000000e-01	5.317177364e+00	-4.454704075e-02	7.405173193e-12
-1.660000000e-01	5.317193890e+00	-4.508133110e-02	2.793074628e-11
-1.670000000e-01	5.317210470e+00	-4.561561880e-02	9.177830970e-12
-1.680000000e-01	5.317227103e+00	-4.614990384e-02	7.850336685e-12
-1.690000000e-01	5.317243790e+00	-4.668418620e-02	1.601283530e-11
-1.700000000e-01	5.317260530e+00	-4.721846587e-02	1.794084443e-11
-1.710000000e-01	5.317277324e+00	-4.775274283e-02	1.115462708e-11
-1.720000000e-01	5.317294171e+00	-4.828701707e-02	1.726687363e-11
-1.730000000e-01	5.317311072e+00	-4.882128856e-02	6.693826471e-12
-1.740000000e-01	5.317328026e+00	-4.935555730e-02	8.123116144e-12
-1.750000000e-01	5.317345034e+00	-4.988982326e-02	2.418594641e-11
-1.760000000e-01	5.317362095e+00	-5.042408644e-02	3.118302283e-11
-1.770000000e-01	5.317379209e+00	-5.095834680e-02	9.905468789e-12
-1.780000000e-01	5.317396377e+00	-5.149260435e-02	2.518732388e-11
-1.790000000e-01	5.317413599e+00	-5.202685906e-02	4.819957759e-11
-1.800000000e-01	5.317430874e+00	-5.256111091e-02	2.844226560e-11
-1.810000000e-01	5.317448203e+00	-5.309535989e-02	1.496242069e-11
-1.820000000e-01	5.317465585e+00	-5.362960599e-02	1.477671510e-11
-1.830000000e-01	5.317483020e+00	-5.416384919e-02	1.081125713e-10
-1.840000000e-01	5.317500509e+00	-5.469808947e-02	2.403619981e-11
-1.850000000e-01	5.317518052e+00	-5.523232681e-02	1.957356843e-11
-1.860000000e-01	5.317535648e+00	-5.576656121e-02	3.861858615e-11
-1.870000000e-01	5.317553297e+00	-5.630079263e-02	1.508584642e-11
-1.880000000e-01	5.317571000e+00	-5.683502108e-02	9.905222287e-11
-1.890000000e-01	5.317588756e+00	-5.736924653e-02	1.591842287e-11
-1.900000000e-01	5.317606566e+00	-5.790346896e-02	2.773302083e-11
-1.910000000e-01	5.317624430e+00	-5.843768836e-02	7.218290477e-11
-1.920000000e-01	5.317642346e+00	-5.897190472e-02	5.492498866e-12
-1.930000000e-01	5.317660317e+00	-5.950611802e-02	1.162725208e-11
-1.940000000e-01	5.317678340e+00	-6.004032823e-02	1.049745830e-11
-1.950000000e-01	5.317696417e+00	-6.057453536e-02	1.150263367e-11
-1.960000000e-01	5.317714548e+00	-6.110873937e-02	8.003379981e-11
-1.970000000e-01	5.317732732e+00	-6.164294025e-02	1.689054690e-11
-1.980000000e-01	5.317750970e+00	-6.217713799e-02	2.800885020e-11
-1.990000000e-01	5.317769261e+00	-6.271133258e-02	1.342729068e-11
-2.000000000e-01	5.317787605e+00	-6.324552399e-02	3.753585084e-11
-2.010000000e-01	5.317806003e+00	-6.377971221e-02	1.050733450e-11
-2.020000000e-01	5.317824454e+00	-6.431389722e-02	1.784774556e-11
-2.030000000e-01	5.317842959e+00	-6.484807901e-02	1.426486745e-11
-2.040000000e-01	5.317861517e+00	-6.538225756e-02	5.557395304e-11
-2.050000000e-01	5.317880129e+00	-6.591643286e-02	1.122902957e-11
-2.060000000e-01	5.317898794e+00	-6.645060489e-02	3.392164136e-11
-2.070000000e-01	5.317917513e+00	-6.698477362e-02	3.026458988e-11
-2.080000000e-01	5.317936285e+00	-6.751893906e-02	2.267491674e-11
-2.090000000e-01	5.317955110e+00	-6.805310118e-02	8.882960778e-12
-2.100000000e-01	5.317973989e+00	-6.858725996e-02	2.720198240e-11
-2.110000000e-01	5.317992921e+00	-6.912141539e-02	3.753817868e-11
-2.120000000e-01	5.318011907e+00	-6.965556746e-02	4.226439730e-12
-2.130000000e-01	5.318030946e+00	-7.018971614e-02	1.468116103e-11
-2.140000000e-01	5.318050039e+00	-7.072386143e-02	3.963918122e-11
-2.150000000e-01	5.318069185e+00	-7.125800330e-02	1.225427285e-11
-2.160000000e-01	5.318088384e+00	-7.179214174e-02	1.927676252e-11
-2.170000000e-01	5.318107637e+00	-7.232627673e-02	7.431310868e-12
-2.180000000e-01	5.318126943e+00	-7.286040826e-02	1.177803436e-11
-2.190000000e-01	5.318146303e+00	-7.339453631e-02	7.038339387e-12
-2.200000000e-01	5.318165716e+00	-7.392866087e-02	1.069488326e-11
-2.210000000e-01	5.318185183e+00	-7.446278191e-02	1.066159845e-11
-2.220000000e-01	5.318204703e+00	-7.499689943e-02	1.205656624e-11
-2.230000000e-01	5.318224276e+00	-7.553101341e-02	5.021245901e-12
-2.240000000e-01	5.318243903e+00	-7.606512383e-02	1.803533500e-11
-2.250000000e-01	5.318263583e+00	-7.659923067e-02	1.159670863e-11
-2.260000000e-01	5.318283317e+00	-7.713333392e-02	8.670078422e-12
-2.270000000e-01	5.318303104e+00	-7.766743356e-02	1.878336960e-11
-2.280000000e-01	5.318322944e+00	-7.820152959e-02	1.127035019e-11
-2.290000000e-01	5.318342838e+00	-7.873562197e-02	1.830980267e-11
-2.300000000e-01	5.318362785e+00	-7.926971070e-02	1.497291011e-11
-2.310000000e-01	5.318382786e+00	-7.980379576e-02	2.247624583e-11
-2.320000000e-01	5.318402840e+00	-8.033787713e-02	1.442602567e-11
-2.330000000e-01	5.318422948e+00	-8.087195480e-02	1.179886811e-11
-2.340000000e-01	5.318443108e+00	-8.140602875e-02	1.585016006e-11
-2.350000000e-01	5.318463323e+00	-8.194009896e-02	4.223112648e-11
-2.360000000e-01	5.318483590e+00	-8.247416543e-02	1.855194701e-11
-2.370000000e-01	5.318503911e+00	-8.300822813e-02	2.060782377e-11
-2.380000000e-01	5.318524286e+00	-8.354228704e-02	2.038661357e-11
-2.390000000e-01	5.318544713e+00	-8.407634216e-02	1.353882925e-11
-2.400000000e-01	5.318565195e+00	-8.461039346e-02	3.339185891e-11
-2.410000000e-01	5.318585729e+00	-8.514444094e-02	3.024855165e-11
-2.420000000e-01	5.318606317e+00	-8.567848456e-02	1.093142436e-11
-2.430000000e-01	5.318626958e+00	-8.621252432e-02	1.481856383e-11
-2.440000000e-01	5.318647653e+00	-8.674656021e-02	1.200953704e-11
-2.450000000e-01	5.318668401e+00	-8.728059220e-02	9.635968797e-12
-2.460000000e-01	5.318689202e+00	-8.781462028e-02	1.256278392e-11
-2.470000000e-01	5.318710057e+00	-8.834864444e-02	8.129420998e-12
-2.480000000e-01	5.318730965e+00	-8.888266465e-02	2.345149086e-11
-2.490000000e-01	5.318751927e+00	-8.941668090e-02	1.582594979e-11
-2.500000000e-01	5.318772942e+00	-8.995069318e-02	6.677899733e-12
-2.510000000e-01	5.318794010e+00	-9.048470147e-02	1.007079861e-11
-2.520000000e-01	5.318815132e+00	-9.101870575e-02	6.153718783e-12
-2.530000000e-01	5.318836307e+00	-9.155270601e-02	7.025629410e-12
-2.540000000e-01	5.318857535e+00	-9.208670224e-02	1.235344069e-11
-2.550000000e-01	5.318878817e+00	-9.262069441e-02	4.819484270e-11
-2.560000000e-01	5.318900152e+00	-9.315468251e-02	1.591334658e-11
-2.570000000e-01	5.318921540e+00	-9.368866652e-02	1.104095079e-11
-2.580000000e-01	5.318942982e+00	-9.422264643e-02	2.135905764e-11
-2.590000000e-01	5.318964477e+00	-9.475662223e-02	2.006338747e-11
-2.600000000e-01	5.318986025e+00	-9.529059388e-02	2.080352311e-11
-2.610000000e-01	5.319007627e+00	-9.582456140e-02	8.740510534e-12
-2.620000000e-01	5.319029282e+00	-9.635852474e-02	2.112665484e-11
-2.630000000e-01	5.319050990e+00	-9.689248390e-02	8.142908928e-12
-2.640000000e-01	5.319072752e+00	-9.742643887e-02	1.767297518e-11
-2.650000000e-01	5.319094567e+00	-9.796038962e-02	8.022545312e-12
-2.660000000e-01	5.319116436e+00	-9.849433614e-02	9.931824474e-12
-2.670000000e-01	5.319138358e+00	-9.902827842e-02	2.174287447e-11
-2.680000000e-01	5.319160333e+00	-9.956221644e-02	1.487620458e-11
-2.690000000e-01	5.319182361e+00	-1.000961502e-01	1.188585423e-11
-2.700000000e-01	5.319204443e+00	-1.006300796e-01	1.564791963e-11
-2.710000000e-01	5.319226578e+00	-1.011640048e-01	9.939643544e-12
-2.720000000e-01	5.319248766e+00	-1.016979256e-01	6.040190281e-12
-2.730000000e-01	5.319271008e+00	-1.022318420e-01	1.102125996e-11
-2.740000000e-01	5.319293303e+00	-1.027657542e-01	1.903462297e-11
-2.750000000e-01	5.319315651e+00	-1.032996619e-01	1.559926791e-11
-2.760000000e-01	5.319338053e+00	-1.038335653e-01	7.959004830e-12
-2.770000000e-01	5.319360508e+00	-1.043674642e-01	5.248050801e-12
-2.780000000e-01	5.319383016e+00	-1.049013587e-01	9.288012768e-12
-2.790000000e-01	5.319405577e+00	-1.054352488e-01	9.974565544e-12
-2.800000000e-01	5.319428192e+00	-1.059691345e-01	7.054952533e-12
-2.810000000e-01	5.319450860e+00	-1.065030156e-01	4.240880554e-11
-2.820000000e-01	5.319473582e+00	-1.070368923e-01	6.309060356e-12
-2.830000000e-01	5.319496357e+00	-1.075707645e-01	1.545644262e-11
-2.840000000e-01	5.319519185e+00	-1.081046322e-01	2.017067544e-11
-2.850000000e-01	5.319542066e+00	-1.086384953e-01	1.095593768e-11
-2.860000000e-01	5.319565001e+00	-1.091723539e-01	1.188830700e-11
-2.870000000e-01	5.319587988e+00	-1.097062079e-01	1.230648378e-11
-2.880000000e-01	5.319611030e+00	-1.102400574e-01	1.097046920e-11
-2.890000000e-01	5.319634124e+00	-1.107739022e-01	9.854572155e-12
-2.900000000e-01	5.319657272e+00	-1.113077425e-01	9.742196654e-12
-2.910000000e-01	5.319680473e+00	-1.118415781e-01	1.086781096e-11
-2.920000000e-01	5.319703727e+00	-1.123754090e-01	6.496548857e-12
-2.930000000e-01	5.319727034e+00	-1.129092354e-01	5.002170710e-12
-2.940000000e-01	5.319750395e+00	-1.134430570e-01	8.971621540e-12
-2.950000000e-01	5.319773809e+00	-1.139768739e-01	1.822029464e-11
-2.960000000e-01	5.319797277e+00	-1.145106862e-01	9.364887385e-12
-2.970000000e-01	5.319820797e+00	-1.150444937e-01	1.038544941e-11
-2.980000000e-01	5.319844371e+00	-1.155782965e-01	5.730486692e-12
-2.990000000e-01	5.319867998e+00	-1.161120945e-01	2.419780130e-11
-3.000000000e-01	5.319891679e+00	-1.166458877e-01	4.782045850e-11
