# epsi_ci     Re(Lambda)      Im(Lambda)      Eq(det), R = 0.10 $\mu$m, $E_p$ = 0.300 eV, modo = 4, $\epsilon_\infty$ = 3.9, $\gamma_{DL}$ = 0.01 eV, solve_det_sinkz_vs_mu.py
0.000000000e+00	6.037098632e+00	7.352411840e-02	1.763063507e-11
-1.000000000e-03	6.037111045e+00	7.292151028e-02	9.909323478e-12
-2.000000000e-03	6.037123518e+00	7.231890209e-02	1.788455271e-11
-3.000000000e-03	6.037136051e+00	7.171629385e-02	1.703854429e-11
-4.000000000e-03	6.037148644e+00	7.111368558e-02	1.299984522e-11
-5.000000000e-03	6.037161297e+00	7.051107730e-02	1.285390381e-11
-6.000000000e-03	6.037174010e+00	6.990846902e-02	1.532611036e-11
-7.000000000e-03	6.037186783e+00	6.930586077e-02	8.201264384e-12
-8.000000000e-03	6.037199615e+00	6.870325256e-02	1.234082356e-11
-9.000000000e-03	6.037212508e+00	6.810064440e-02	2.417207514e-11
-1.000000000e-02	6.037225461e+00	6.749803633e-02	1.334410194e-11
-1.100000000e-02	6.037238473e+00	6.689542835e-02	1.380986655e-11
-1.200000000e-02	6.037251546e+00	6.629282048e-02	6.961967436e-12
-1.300000000e-02	6.037264678e+00	6.569021274e-02	3.706434377e-11
-1.400000000e-02	6.037277870e+00	6.508760515e-02	1.271394701e-11
-1.500000000e-02	6.037291122e+00	6.448499773e-02	2.525612662e-11
-1.600000000e-02	6.037304435e+00	6.388239049e-02	1.035679131e-11
-1.700000000e-02	6.037317807e+00	6.327978346e-02	1.101075336e-11
-1.800000000e-02	6.037331239e+00	6.267717664e-02	1.016174898e-11
-1.900000000e-02	6.037344731e+00	6.207457006e-02	1.037655264e-11
-2.000000000e-02	6.037358282e+00	6.147196374e-02	1.517224754e-11
-2.100000000e-02	6.037371894e+00	6.086935769e-02	8.086603224e-12
-2.200000000e-02	6.037385566e+00	6.026675193e-02	1.008106280e-11
-2.300000000e-02	6.037399298e+00	5.966414649e-02	1.141302351e-11
-2.400000000e-02	6.037413089e+00	5.906154136e-02	2.243695426e-11
-2.500000000e-02	6.037426941e+00	5.845893659e-02	1.769046869e-11
-2.600000000e-02	6.037440852e+00	5.785633218e-02	1.214813125e-11
-2.700000000e-02	6.037454824e+00	5.725372815e-02	1.105089790e-11
-2.800000000e-02	6.037468855e+00	5.665112451e-02	8.415426834e-12
-2.900000000e-02	6.037482946e+00	5.604852130e-02	1.594710007e-11
-3.000000000e-02	6.037497097e+00	5.544591852e-02	1.782527151e-11
-3.100000000e-02	6.037511308e+00	5.484331619e-02	1.024922502e-11
-3.200000000e-02	6.037525579e+00	5.424071433e-02	2.484510151e-11
-3.300000000e-02	6.037539910e+00	5.363811296e-02	2.461862887e-11
-3.400000000e-02	6.037554301e+00	5.303551209e-02	7.904928249e-12
-3.500000000e-02	6.037568752e+00	5.243291175e-02	1.078802467e-11
-3.600000000e-02	6.037583263e+00	5.183031195e-02	6.920946817e-12
-3.700000000e-02	6.037597833e+00	5.122771272e-02	1.447879949e-11
-3.800000000e-02	6.037612464e+00	5.062511405e-02	1.194118521e-11
-3.900000000e-02	6.037627155e+00	5.002251599e-02	1.247543781e-11
-4.000000000e-02	6.037641905e+00	4.941991854e-02	1.876150917e-11
-4.100000000e-02	6.037656715e+00	4.881732172e-02	1.562011853e-11
-4.200000000e-02	6.037671586e+00	4.821472555e-02	1.044708426e-11
-4.300000000e-02	6.037686516e+00	4.761213004e-02	1.530526255e-11
-4.400000000e-02	6.037701506e+00	4.700953522e-02	1.113202850e-11
-4.500000000e-02	6.037716556e+00	4.640694110e-02	9.585567528e-12
-4.600000000e-02	6.037731666e+00	4.580434770e-02	2.750425375e-11
-4.700000000e-02	6.037746836e+00	4.520175505e-02	9.954571628e-12
-4.800000000e-02	6.037762066e+00	4.459916314e-02	5.997607299e-12
-4.900000000e-02	6.037777356e+00	4.399657202e-02	7.072330689e-12
-5.000000000e-02	6.037792705e+00	4.339398168e-02	5.573875812e-11
-5.100000000e-02	6.037808115e+00	4.279139216e-02	1.599110841e-11
-5.200000000e-02	6.037823584e+00	4.218880346e-02	4.253839829e-11
-5.300000000e-02	6.037839114e+00	4.158621561e-02	1.052977627e-11
-5.400000000e-02	6.037854703e+00	4.098362862e-02	1.896017147e-11
-5.500000000e-02	6.037870353e+00	4.038104251e-02	4.199511751e-12
-5.600000000e-02	6.037886062e+00	3.977845730e-02	1.387582446e-11
-5.700000000e-02	6.037901831e+00	3.917587301e-02	5.393479708e-12
-5.800000000e-02	6.037917660e+00	3.857328966e-02	1.161831186e-11
-5.900000000e-02	6.037933549e+00	3.797070726e-02	8.420447867e-12
-6.000000000e-02	6.037949498e+00	3.736812583e-02	1.854423122e-11
-6.100000000e-02	6.037965507e+00	3.676554538e-02	5.685145566e-12
-6.200000000e-02	6.037981575e+00	3.616296595e-02	1.086156934e-11
-6.300000000e-02	6.037997704e+00	3.556038754e-02	1.887322457e-11
-6.400000000e-02	6.038013893e+00	3.495781017e-02	1.194525778e-11
-6.500000000e-02	6.038030141e+00	3.435523386e-02	5.338554182e-12
-6.600000000e-02	6.038046449e+00	3.375265863e-02	2.501644240e-11
-6.700000000e-02	6.038062818e+00	3.315008449e-02	1.842402548e-11
-6.800000000e-02	6.038079246e+00	3.254751147e-02	6.653353746e-12
-6.900000000e-02	6.038095734e+00	3.194493958e-02	5.947982048e-12
-7.000000000e-02	6.038112282e+00	3.134236884e-02	1.123477268e-11
-7.100000000e-02	6.038128890e+00	3.073979927e-02	5.009155212e-11
-7.200000000e-02	6.038145558e+00	3.013723088e-02	4.642845743e-11
-7.300000000e-02	6.038162286e+00	2.953466370e-02	2.068115913e-11
-7.400000000e-02	6.038179073e+00	2.893209773e-02	1.341013466e-11
-7.500000000e-02	6.038195921e+00	2.832953301e-02	7.981791361e-12
-7.600000000e-02	6.038212829e+00	2.772696954e-02	7.964675978e-12
-7.700000000e-02	6.038229796e+00	2.712440735e-02	1.286453777e-11
-7.800000000e-02	6.038246823e+00	2.652184645e-02	1.958388531e-11
-7.900000000e-02	6.038263911e+00	2.591928686e-02	8.556281314e-12
-8.000000000e-02	6.038281058e+00	2.531672860e-02	2.213774743e-11
-8.100000000e-02	6.038298265e+00	2.471417168e-02	9.916848538e-12
-8.200000000e-02	6.038315532e+00	2.411161613e-02	1.763583596e-11
-8.300000000e-02	6.038332859e+00	2.350906196e-02	2.043356631e-11
-8.400000000e-02	6.038350245e+00	2.290650919e-02	1.177956241e-11
-8.500000000e-02	6.038367692e+00	2.230395784e-02	5.552384035e-12
-8.600000000e-02	6.038385199e+00	2.170140792e-02	1.329037397e-11
-8.700000000e-02	6.038402765e+00	2.109885946e-02	3.988675952e-11
-8.800000000e-02	6.038420391e+00	2.049631247e-02	1.194432959e-11
-8.900000000e-02	6.038438078e+00	1.989376696e-02	6.832827437e-12
-9.000000000e-02	6.038455824e+00	1.929122297e-02	8.827680809e-12
-9.100000000e-02	6.038473630e+00	1.868868049e-02	7.142510855e-12
-9.200000000e-02	6.038491496e+00	1.808613956e-02	2.006926071e-11
-9.300000000e-02	6.038509422e+00	1.748360020e-02	5.588777213e-12
-9.400000000e-02	6.038527408e+00	1.688106240e-02	9.524272586e-12
-9.500000000e-02	6.038545453e+00	1.627852621e-02	1.695685592e-11
-9.600000000e-02	6.038563559e+00	1.567599163e-02	7.754074735e-12
-9.700000000e-02	6.038581724e+00	1.507345868e-02	1.492836155e-11
-9.800000000e-02	6.038599950e+00	1.447092738e-02	1.241423355e-11
-9.900000000e-02	6.038618235e+00	1.386839775e-02	5.315321292e-12
-1.000000000e-01	6.038636580e+00	1.326586980e-02	2.080047407e-11
-1.010000000e-01	6.038654985e+00	1.266334356e-02	8.324803166e-12
-1.020000000e-01	6.038673450e+00	1.206081904e-02	8.156941169e-12
-1.030000000e-01	6.038691975e+00	1.145829626e-02	1.719775625e-11
-1.040000000e-01	6.038710560e+00	1.085577523e-02	5.621359790e-12
-1.050000000e-01	6.038729204e+00	1.025325598e-02	7.170260893e-12
-1.060000000e-01	6.038747909e+00	9.650738519e-03	1.052107002e-11
-1.070000000e-01	6.038766673e+00	9.048222870e-03	4.969307827e-12
-1.080000000e-01	6.038785497e+00	8.445709051e-03	9.342499715e-12
-1.090000000e-01	6.038804381e+00	7.843197077e-03	2.405347330e-11
-1.100000000e-01	6.038823325e+00	7.240686967e-03	1.525162018e-11
-1.110000000e-01	6.038842329e+00	6.638178738e-03	7.787957608e-12
-1.120000000e-01	6.038861393e+00	6.035672409e-03	1.239469607e-11
-1.130000000e-01	6.038880517e+00	5.433167998e-03	1.231495053e-11
-1.140000000e-01	6.038899700e+00	4.830665521e-03	7.209237959e-12
-1.150000000e-01	6.038918944e+00	4.228164999e-03	9.631650873e-12
-1.160000000e-01	6.038938247e+00	3.625666446e-03	1.069806279e-11
-1.170000000e-01	6.038957610e+00	3.023169883e-03	2.050446078e-11
-1.180000000e-01	6.038977033e+00	2.420675327e-03	1.500222709e-11
-1.190000000e-01	6.038996516e+00	1.818182794e-03	1.764738311e-11
-1.200000000e-01	6.039016059e+00	1.215692306e-03	9.869597828e-12
-1.210000000e-01	6.039035662e+00	6.132038741e-04	3.871717049e-11
-1.220000000e-01	6.039055324e+00	1.071752516e-05	1.248406902e-11
-1.250000000e-01	6.039114671e+00	-1.796728881e-03	7.583962330e-12
-1.260000000e-01	6.039134573e+00	-2.399206743e-03	6.256792251e-12
-1.270000000e-01	6.039154535e+00	-3.001682434e-03	3.664804304e-11
-1.280000000e-01	6.039174557e+00	-3.604155944e-03	7.717674987e-12
-1.290000000e-01	6.039194638e+00	-4.206627250e-03	1.427757864e-11
-1.300000000e-01	6.039214780e+00	-4.809096334e-03	9.179598624e-12
-1.310000000e-01	6.039234981e+00	-5.411563180e-03	6.920200254e-12
-1.320000000e-01	6.039255242e+00	-6.014027770e-03	1.187171597e-11
-1.330000000e-01	6.039275564e+00	-6.616490085e-03	6.720294122e-12
-1.340000000e-01	6.039295944e+00	-7.218950108e-03	1.289074738e-11
-1.350000000e-01	6.039316385e+00	-7.821407822e-03	1.307953803e-11
-1.360000000e-01	6.039336886e+00	-8.423863207e-03	6.299920721e-12
-1.370000000e-01	6.039357446e+00	-9.026316248e-03	1.672531841e-11
-1.380000000e-01	6.039378067e+00	-9.628766922e-03	1.468592648e-11
-1.390000000e-01	6.039398747e+00	-1.023121522e-02	1.738420819e-11
-1.400000000e-01	6.039419487e+00	-1.083366111e-02	1.507222559e-11
-1.410000000e-01	6.039440287e+00	-1.143610459e-02	2.438070672e-11
-1.420000000e-01	6.039461147e+00	-1.203854564e-02	9.726761181e-12
-1.430000000e-01	6.039482066e+00	-1.264098423e-02	1.686665224e-11
-1.440000000e-01	6.039503046e+00	-1.324342035e-02	1.486870936e-11
-1.450000000e-01	6.039524085e+00	-1.384585399e-02	4.681901081e-11
-1.460000000e-01	6.039545184e+00	-1.444828511e-02	1.436312635e-11
-1.470000000e-01	6.039566343e+00	-1.505071372e-02	7.156697148e-12
-1.480000000e-01	6.039587562e+00	-1.565313978e-02	1.092614639e-11
-1.490000000e-01	6.039608841e+00	-1.625556328e-02	1.097112340e-11
-1.500000000e-01	6.039630179e+00	-1.685798421e-02	8.664251468e-12
-1.510000000e-01	6.039651578e+00	-1.746040254e-02	4.051120397e-11
-1.520000000e-01	6.039673036e+00	-1.806281826e-02	1.134768450e-11
-1.530000000e-01	6.039694554e+00	-1.866523134e-02	8.651037995e-12
-1.540000000e-01	6.039716132e+00	-1.926764178e-02	1.223153930e-11
-1.550000000e-01	6.039737769e+00	-1.987004955e-02	2.761964846e-11
-1.560000000e-01	6.039759467e+00	-2.047245464e-02	2.375616066e-11
-1.570000000e-01	6.039781224e+00	-2.107485703e-02	1.653176073e-11
-1.580000000e-01	6.039803041e+00	-2.167725669e-02	1.599781798e-11
-1.590000000e-01	6.039824918e+00	-2.227965362e-02	2.663568424e-11
-1.600000000e-01	6.039846855e+00	-2.288204779e-02	1.535569201e-11
-1.610000000e-01	6.039868852e+00	-2.348443919e-02	1.666030534e-11
-1.620000000e-01	6.039890908e+00	-2.408682780e-02	3.728845938e-11
-1.630000000e-01	6.039913025e+00	-2.468921360e-02	2.941500035e-11
-1.640000000e-01	6.039935201e+00	-2.529159657e-02	2.840912921e-11
-1.650000000e-01	6.039957437e+00	-2.589397670e-02	3.307331597e-11
-1.660000000e-01	6.039979733e+00	-2.649635397e-02	1.963089894e-11
-1.670000000e-01	6.040002088e+00	-2.709872836e-02	1.035098412e-11
-1.680000000e-01	6.040024504e+00	-2.770109985e-02	3.179744369e-11
-1.690000000e-01	6.040046979e+00	-2.830346842e-02	2.252202627e-11
-1.700000000e-01	6.040069514e+00	-2.890583406e-02	2.438047306e-11
-1.710000000e-01	6.040092109e+00	-2.950819674e-02	9.026429534e-12
-1.720000000e-01	6.040114763e+00	-3.011055646e-02	3.099107916e-11
-1.730000000e-01	6.040137478e+00	-3.071291320e-02	2.843822475e-11
-1.740000000e-01	6.040160252e+00	-3.131526692e-02	1.082617446e-11
-1.750000000e-01	6.040183086e+00	-3.191761763e-02	1.134489339e-11
-1.760000000e-01	6.040205980e+00	-3.251996529e-02	1.777965837e-11
-1.770000000e-01	6.040228934e+00	-3.312230990e-02	3.546141974e-11
-1.780000000e-01	6.040251947e+00	-3.372465143e-02	6.171715314e-12
-1.790000000e-01	6.040275021e+00	-3.432698987e-02	1.494574582e-11
-1.800000000e-01	6.040298154e+00	-3.492932519e-02	6.740881374e-12
-1.810000000e-01	6.040321346e+00	-3.553165739e-02	1.253544181e-11
-1.820000000e-01	6.040344599e+00	-3.613398644e-02	9.218395945e-12
-1.830000000e-01	6.040367912e+00	-3.673631233e-02	1.060975965e-11
-1.840000000e-01	6.040391284e+00	-3.733863503e-02	2.439490711e-11
-1.850000000e-01	6.040414716e+00	-3.794095453e-02	1.560431505e-11
-1.860000000e-01	6.040438208e+00	-3.854327081e-02	1.059925973e-11
-1.870000000e-01	6.040461759e+00	-3.914558386e-02	9.059656823e-12
-1.880000000e-01	6.040485371e+00	-3.974789366e-02	1.268690595e-11
-1.890000000e-01	6.040509042e+00	-4.035020018e-02	8.927331328e-12
-1.900000000e-01	6.040532773e+00	-4.095250341e-02	6.448184135e-12
-1.910000000e-01	6.040556564e+00	-4.155480334e-02	6.306066921e-12
-1.920000000e-01	6.040580414e+00	-4.215709994e-02	7.695188605e-12
-1.930000000e-01	6.040604325e+00	-4.275939320e-02	2.205267256e-11
-1.940000000e-01	6.040628295e+00	-4.336168310e-02	1.323556892e-11
-1.950000000e-01	6.040652324e+00	-4.396396962e-02	1.000302482e-11
-1.960000000e-01	6.040676414e+00	-4.456625275e-02	1.375544134e-11
-1.970000000e-01	6.040700563e+00	-4.516853246e-02	1.933152476e-11
-1.980000000e-01	6.040724773e+00	-4.577080874e-02	4.049244399e-11
-1.990000000e-01	6.040749042e+00	-4.637308157e-02	1.130832339e-11
-2.000000000e-01	6.040773370e+00	-4.697535094e-02	3.118105634e-11
-2.010000000e-01	6.040797759e+00	-4.757761682e-02	1.297752925e-11
-2.020000000e-01	6.040822207e+00	-4.817987919e-02	7.191274397e-12
-2.030000000e-01	6.040846715e+00	-4.878213805e-02	2.129642167e-11
-2.040000000e-01	6.040871283e+00	-4.938439337e-02	1.707206719e-11
-2.050000000e-01	6.040895910e+00	-4.998664513e-02	2.458106314e-11
-2.060000000e-01	6.040920597e+00	-5.058889332e-02	1.335485629e-11
-2.070000000e-01	6.040945344e+00	-5.119113792e-02	1.760692180e-11
-2.080000000e-01	6.040970151e+00	-5.179337891e-02	1.000520891e-11
-2.090000000e-01	6.040995018e+00	-5.239561627e-02	3.027121629e-11
-2.100000000e-01	6.041019944e+00	-5.299784999e-02	1.036104406e-11
-2.110000000e-01	6.041044930e+00	-5.360008004e-02	8.279915544e-12
-2.120000000e-01	6.041069976e+00	-5.420230642e-02	3.775928774e-11
-2.130000000e-01	6.041095081e+00	-5.480452909e-02	1.169755885e-11
-2.140000000e-01	6.041120246e+00	-5.540674805e-02	2.131082206e-11
-2.150000000e-01	6.041145471e+00	-5.600896328e-02	2.394112661e-11
-2.160000000e-01	6.041170756e+00	-5.661117476e-02	1.088216845e-11
-2.170000000e-01	6.041196101e+00	-5.721338247e-02	8.750788337e-12
-2.180000000e-01	6.041221505e+00	-5.781558639e-02	5.797534545e-12
-2.190000000e-01	6.041246969e+00	-5.841778651e-02	1.705524966e-11
-2.200000000e-01	6.041272492e+00	-5.901998280e-02	1.187032897e-11
-2.210000000e-01	6.041298076e+00	-5.962217526e-02	2.006222865e-11
-2.220000000e-01	6.041323719e+00	-6.022436386e-02	7.936558450e-12
-2.230000000e-01	6.041349421e+00	-6.082654858e-02	1.580215744e-11
-2.240000000e-01	6.041375184e+00	-6.142872941e-02	9.597708206e-12
-2.250000000e-01	6.041401006e+00	-6.203090633e-02	1.237459052e-11
-2.260000000e-01	6.041426888e+00	-6.263307932e-02	9.091006444e-12
-2.270000000e-01	6.041452830e+00	-6.323524837e-02	1.125086382e-11
-2.280000000e-01	6.041478831e+00	-6.383741345e-02	3.017569732e-11
-2.290000000e-01	6.041504892e+00	-6.443957455e-02	1.328329239e-11
-2.300000000e-01	6.041531013e+00	-6.504173165e-02	3.859470262e-11
-2.310000000e-01	6.041557194e+00	-6.564388473e-02	1.450679354e-11
-2.320000000e-01	6.041583434e+00	-6.624603378e-02	7.940234214e-12
-2.330000000e-01	6.041609734e+00	-6.684817877e-02	5.911368490e-12
-2.340000000e-01	6.041636094e+00	-6.745031970e-02	7.136981995e-12
-2.350000000e-01	6.041662513e+00	-6.805245653e-02	5.796211690e-12
-2.360000000e-01	6.041688992e+00	-6.865458926e-02	6.751795196e-12
-2.370000000e-01	6.041715531e+00	-6.925671787e-02	1.673213911e-11
-2.380000000e-01	6.041742129e+00	-6.985884234e-02	4.412295968e-11
-2.390000000e-01	6.041768787e+00	-7.046096265e-02	1.917934520e-11
-2.400000000e-01	6.041795505e+00	-7.106307878e-02	2.341294708e-11
-2.410000000e-01	6.041822283e+00	-7.166519071e-02	1.136238071e-11
-2.420000000e-01	6.041849120e+00	-7.226729844e-02	6.664583131e-12
-2.430000000e-01	6.041876017e+00	-7.286940193e-02	3.491040233e-11
-2.440000000e-01	6.041902973e+00	-7.347150118e-02	1.365191623e-11
-2.450000000e-01	6.041929989e+00	-7.407359616e-02	8.299337813e-12
-2.460000000e-01	6.041957065e+00	-7.467568686e-02	1.688785110e-11
-2.470000000e-01	6.041984201e+00	-7.527777326e-02	1.004359886e-11
-2.480000000e-01	6.042011396e+00	-7.587985534e-02	5.317871645e-11
-2.490000000e-01	6.042038651e+00	-7.648193309e-02	1.295653810e-11
-2.500000000e-01	6.042065966e+00	-7.708400648e-02	1.353208030e-11
-2.510000000e-01	6.042093340e+00	-7.768607550e-02	1.055393157e-11
-2.520000000e-01	6.042120774e+00	-7.828814013e-02	8.146762898e-12
-2.530000000e-01	6.042148267e+00	-7.889020035e-02	7.612162461e-12
-2.540000000e-01	6.042175821e+00	-7.949225615e-02	9.809060482e-12
-2.550000000e-01	6.042203434e+00	-8.009430751e-02	1.635215081e-11
-2.560000000e-01	6.042231106e+00	-8.069635440e-02	8.038246554e-12
-2.570000000e-01	6.042258838e+00	-8.129839682e-02	3.832817874e-11
-2.580000000e-01	6.042286630e+00	-8.190043475e-02	4.093936647e-11
-2.590000000e-01	6.042314482e+00	-8.250246816e-02	7.301512053e-12
-2.600000000e-01	6.042342393e+00	-8.310449704e-02	3.545052131e-11
-2.610000000e-01	6.042370364e+00	-8.370652137e-02	2.358649770e-11
-2.620000000e-01	6.042398394e+00	-8.430854114e-02	1.212660061e-11
-2.630000000e-01	6.042426484e+00	-8.491055632e-02	8.530434392e-12
-2.640000000e-01	6.042454634e+00	-8.551256690e-02	1.287099775e-11
-2.650000000e-01	6.042482843e+00	-8.611457287e-02	8.361337164e-12
-2.660000000e-01	6.042511112e+00	-8.671657419e-02	1.813543657e-11
-2.670000000e-01	6.042539441e+00	-8.731857086e-02	1.192110481e-11
-2.680000000e-01	6.042567829e+00	-8.792056286e-02	1.509804043e-11
-2.690000000e-01	6.042596277e+00	-8.852255017e-02	8.711541543e-12
-2.700000000e-01	6.042624785e+00	-8.912453277e-02	1.345897657e-11
-2.710000000e-01	6.042653352e+00	-8.972651065e-02	1.071636644e-11
-2.720000000e-01	6.042681978e+00	-9.032848379e-02	1.781808081e-11
-2.730000000e-01	6.042710665e+00	-9.093045216e-02	1.100272161e-11
-2.740000000e-01	6.042739411e+00	-9.153241576e-02	2.903992313e-11
-2.750000000e-01	6.042768216e+00	-9.213437456e-02	1.049425982e-11
-2.760000000e-01	6.042797082e+00	-9.273632855e-02	1.222288749e-11
-2.770000000e-01	6.042826006e+00	-9.333827770e-02	1.485871859e-11
-2.780000000e-01	6.042854991e+00	-9.394022201e-02	1.129694299e-11
-2.790000000e-01	6.042884035e+00	-9.454216145e-02	8.242447767e-12
-2.800000000e-01	6.042913138e+00	-9.514409601e-02	2.122355804e-11
-2.810000000e-01	6.042942302e+00	-9.574602566e-02	3.004086783e-11
-2.820000000e-01	6.042971524e+00	-9.634795040e-02	1.870608190e-11
-2.830000000e-01	6.043000807e+00	-9.694987020e-02	1.145401423e-11
-2.840000000e-01	6.043030149e+00	-9.755178504e-02	1.283971957e-11
-2.850000000e-01	6.043059550e+00	-9.815369492e-02	9.739724256e-12
-2.860000000e-01	6.043089012e+00	-9.875559980e-02	2.095285541e-11
-2.870000000e-01	6.043118532e+00	-9.935749967e-02	4.654886838e-11
-2.880000000e-01	6.043148113e+00	-9.995939452e-02	1.185465668e-11
-2.890000000e-01	6.043177753e+00	-1.005612843e-01	1.545646337e-11
-2.900000000e-01	6.043207452e+00	-1.011631691e-01	1.922534982e-11
-2.910000000e-01	6.043237211e+00	-1.017650487e-01	7.840287127e-12
-2.920000000e-01	6.043267030e+00	-1.023669233e-01	1.588137447e-11
-2.930000000e-01	6.043296908e+00	-1.029687928e-01	6.086586655e-12
-2.940000000e-01	6.043326846e+00	-1.035706571e-01	4.061941083e-11
-2.950000000e-01	6.043356843e+00	-1.041725163e-01	1.597040650e-11
-2.960000000e-01	6.043386900e+00	-1.047743703e-01	1.786710572e-11
-2.970000000e-01	6.043417016e+00	-1.053762191e-01	8.095287918e-12
-2.980000000e-01	6.043447192e+00	-1.059780628e-01	1.271216536e-11
-2.990000000e-01	6.043477428e+00	-1.065799012e-01	1.665517174e-11
-3.000000000e-01	6.043507723e+00	-1.071817343e-01	5.030986993e-12
