# epsi_ci     Re(Lambda)      Im(Lambda)      Eq(det), R = 0.10 $\mu$m, $E_p$ = 0.300 eV, modo = 4, $\epsilon_\infty$ = 3.9, $\gamma_{DL}$ = 0.01 eV, solve_det_sinkz_vs_mu.py
0.000000000e+00	5.449423006e+00	4.828434665e-02	1.068476669e-11
-1.000000000e-03	5.449431456e+00	4.773697587e-02	1.482975542e-11
-2.000000000e-03	5.449439961e+00	4.718960507e-02	1.437299291e-11
-3.000000000e-03	5.449448521e+00	4.664223427e-02	4.162410142e-11
-4.000000000e-03	5.449457136e+00	4.609486348e-02	1.558636533e-11
-5.000000000e-03	5.449465805e+00	4.554749272e-02	7.196832198e-12
-6.000000000e-03	5.449474529e+00	4.500012202e-02	1.041471399e-11
-7.000000000e-03	5.449483308e+00	4.445275137e-02	6.656050460e-11
-8.000000000e-03	5.449492142e+00	4.390538081e-02	1.216518052e-10
-9.000000000e-03	5.449501031e+00	4.335801034e-02	9.168632443e-12
-1.000000000e-02	5.449509975e+00	4.281063999e-02	1.475567353e-11
-1.100000000e-02	5.449518973e+00	4.226326976e-02	2.669157316e-11
-1.200000000e-02	5.449528026e+00	4.171589969e-02	8.495817191e-12
-1.300000000e-02	5.449537134e+00	4.116852977e-02	1.023834051e-11
-1.400000000e-02	5.449546297e+00	4.062116003e-02	7.030464967e-12
-1.500000000e-02	5.449555515e+00	4.007379049e-02	4.575111983e-11
-1.600000000e-02	5.449564787e+00	3.952642117e-02	9.469371453e-12
-1.700000000e-02	5.449574115e+00	3.897905207e-02	7.461045966e-12
-1.800000000e-02	5.449583497e+00	3.843168321e-02	1.924060851e-11
-1.900000000e-02	5.449592934e+00	3.788431462e-02	1.067186182e-11
-2.000000000e-02	5.449602426e+00	3.733694631e-02	1.545708109e-11
-2.100000000e-02	5.449611972e+00	3.678957829e-02	6.921300617e-12
-2.200000000e-02	5.449621574e+00	3.624221058e-02	2.732920276e-11
-2.300000000e-02	5.449631230e+00	3.569484320e-02	9.382791782e-12
-2.400000000e-02	5.449640941e+00	3.514747616e-02	1.160941641e-11
-2.500000000e-02	5.449650707e+00	3.460010948e-02	1.767663895e-11
-2.600000000e-02	5.449660528e+00	3.405274318e-02	7.276419036e-12
-2.700000000e-02	5.449670404e+00	3.350537728e-02	2.786867476e-11
-2.800000000e-02	5.449680334e+00	3.295801178e-02	1.940258331e-11
-2.900000000e-02	5.449690319e+00	3.241064671e-02	1.223510778e-11
-3.000000000e-02	5.449700359e+00	3.186328208e-02	1.666374580e-11
-3.100000000e-02	5.449710454e+00	3.131591791e-02	3.460293743e-11
-3.200000000e-02	5.449720604e+00	3.076855422e-02	2.335827868e-11
-3.300000000e-02	5.449730809e+00	3.022119102e-02	8.248876264e-12
-3.400000000e-02	5.449741068e+00	2.967382833e-02	8.418006625e-12
-3.500000000e-02	5.449751382e+00	2.912646616e-02	1.565820351e-11
-3.600000000e-02	5.449761751e+00	2.857910454e-02	1.210740536e-11
-3.700000000e-02	5.449772175e+00	2.803174347e-02	1.163736472e-11
-3.800000000e-02	5.449782654e+00	2.748438298e-02	2.971261154e-11
-3.900000000e-02	5.449793187e+00	2.693702308e-02	3.273214625e-11
-4.000000000e-02	5.449803776e+00	2.638966379e-02	1.172561048e-11
-4.100000000e-02	5.449814419e+00	2.584230512e-02	1.621773038e-11
-4.200000000e-02	5.449825117e+00	2.529494709e-02	1.082505449e-11
-4.300000000e-02	5.449835870e+00	2.474758972e-02	1.469430069e-11
-4.400000000e-02	5.449846677e+00	2.420023302e-02	9.314533676e-12
-4.500000000e-02	5.449857540e+00	2.365287702e-02	1.455502051e-11
-4.600000000e-02	5.449868457e+00	2.310552172e-02	1.102933532e-11
-4.700000000e-02	5.449879429e+00	2.255816714e-02	2.869154856e-11
-4.800000000e-02	5.449890456e+00	2.201081330e-02	1.937101546e-11
-4.900000000e-02	5.449901538e+00	2.146346022e-02	1.958473024e-11
-5.000000000e-02	5.449912674e+00	2.091610791e-02	1.379030620e-11
-5.100000000e-02	5.449923865e+00	2.036875639e-02	1.890738433e-11
-5.200000000e-02	5.449935112e+00	1.982140567e-02	1.081364639e-11
-5.300000000e-02	5.449946413e+00	1.927405578e-02	2.186920094e-11
-5.400000000e-02	5.449957768e+00	1.872670672e-02	1.205009733e-11
-5.500000000e-02	5.449969179e+00	1.817935852e-02	2.118946145e-11
-5.600000000e-02	5.449980645e+00	1.763201119e-02	1.234619734e-11
-5.700000000e-02	5.449992165e+00	1.708466474e-02	1.785692150e-11
-5.800000000e-02	5.450003740e+00	1.653731920e-02	2.796018866e-11
-5.900000000e-02	5.450015370e+00	1.598997459e-02	2.477142523e-11
-6.000000000e-02	5.450027054e+00	1.544263091e-02	2.322392237e-11
-6.100000000e-02	5.450038794e+00	1.489528818e-02	1.114164403e-11
-6.200000000e-02	5.450050588e+00	1.434794642e-02	6.065664165e-12
-6.300000000e-02	5.450062438e+00	1.380060565e-02	3.431032261e-11
-6.400000000e-02	5.450074341e+00	1.325326588e-02	3.159819367e-11
-6.500000000e-02	5.450086300e+00	1.270592713e-02	1.366795374e-10
-6.600000000e-02	5.450098314e+00	1.215858942e-02	1.021230184e-11
-6.700000000e-02	5.450110382e+00	1.161125276e-02	4.395786520e-11
-6.800000000e-02	5.450122505e+00	1.106391717e-02	1.558580844e-11
-6.900000000e-02	5.450134683e+00	1.051658266e-02	1.413374259e-11
-7.000000000e-02	5.450146916e+00	9.969249257e-03	8.866287896e-12
-7.100000000e-02	5.450159204e+00	9.421916970e-03	1.671521130e-11
-7.200000000e-02	5.450171546e+00	8.874585818e-03	1.434594557e-11
-7.300000000e-02	5.450183944e+00	8.327255817e-03	1.254587234e-11
-7.400000000e-02	5.450196396e+00	7.779926985e-03	1.499137065e-11
-7.500000000e-02	5.450208903e+00	7.232599336e-03	1.232001469e-11
-7.600000000e-02	5.450221464e+00	6.685272888e-03	1.128275732e-11
-7.700000000e-02	5.450234081e+00	6.137947656e-03	1.958542170e-11
-7.800000000e-02	5.450246752e+00	5.590623658e-03	6.427901485e-11
-7.900000000e-02	5.450259478e+00	5.043300909e-03	2.420235987e-11
-8.000000000e-02	5.450272259e+00	4.495979427e-03	2.158803960e-11
-8.100000000e-02	5.450285095e+00	3.948659229e-03	9.922186257e-12
-8.200000000e-02	5.450297985e+00	3.401340328e-03	1.708590277e-11
-8.300000000e-02	5.450310931e+00	2.854022745e-03	8.587356244e-12
-8.400000000e-02	5.450323931e+00	2.306706493e-03	7.707037147e-12
-8.500000000e-02	5.450336986e+00	1.759391591e-03	8.112810542e-12
-8.600000000e-02	5.450350095e+00	1.212078053e-03	8.152175950e-12
-8.700000000e-02	5.450363260e+00	6.647658966e-04	5.326439816e-12
-8.800000000e-02	5.450376479e+00	1.174551382e-04	2.073029631e-11
-8.900000000e-02	5.450389753e+00	-4.298542061e-04	1.373656805e-11
-9.000000000e-02	5.450403082e+00	-9.771621179e-04	1.233261225e-11
-9.100000000e-02	5.450416466e+00	-1.524468583e-03	6.341482210e-12
-9.200000000e-02	5.450429904e+00	-2.071773585e-03	1.379872537e-11
-9.300000000e-02	5.450443398e+00	-2.619077106e-03	1.263514848e-11
-9.400000000e-02	5.450456946e+00	-3.166379131e-03	1.977984420e-11
-9.500000000e-02	5.450470549e+00	-3.713679641e-03	8.742999935e-12
-9.600000000e-02	5.450484206e+00	-4.260978623e-03	8.254762728e-12
-9.700000000e-02	5.450497919e+00	-4.808276058e-03	1.583108713e-11
-9.800000000e-02	5.450511686e+00	-5.355571931e-03	1.187920154e-11
-9.900000000e-02	5.450525508e+00	-5.902866224e-03	1.697708682e-11
-1.000000000e-01	5.450539385e+00	-6.450158923e-03	1.496573422e-11
-1.010000000e-01	5.450553317e+00	-6.997450008e-03	1.357463812e-11
-1.020000000e-01	5.450567303e+00	-7.544739466e-03	7.958206963e-12
-1.030000000e-01	5.450581344e+00	-8.092027279e-03	1.353556488e-11
-1.040000000e-01	5.450595440e+00	-8.639313430e-03	1.078135021e-11
-1.050000000e-01	5.450609591e+00	-9.186597903e-03	1.399542726e-11
-1.060000000e-01	5.450623796e+00	-9.733880683e-03	1.481646954e-11
-1.070000000e-01	5.450638057e+00	-1.028116175e-02	8.282797856e-12
-1.080000000e-01	5.450652372e+00	-1.082844110e-02	5.082180861e-11
-1.090000000e-01	5.450666742e+00	-1.137571869e-02	1.094133379e-11
-1.100000000e-01	5.450681167e+00	-1.192299453e-02	8.276226772e-12
-1.110000000e-01	5.450695646e+00	-1.247026859e-02	1.564961385e-11
-1.120000000e-01	5.450710180e+00	-1.301754086e-02	2.162632886e-11
-1.130000000e-01	5.450724769e+00	-1.356481132e-02	1.145586391e-11
-1.140000000e-01	5.450739413e+00	-1.411207995e-02	1.233897560e-11
-1.150000000e-01	5.450754112e+00	-1.465934675e-02	2.227318484e-11
-1.160000000e-01	5.450768865e+00	-1.520661168e-02	1.053782130e-11
-1.170000000e-01	5.450783673e+00	-1.575387474e-02	2.346401954e-11
-1.180000000e-01	5.450798536e+00	-1.630113590e-02	3.752938547e-11
-1.190000000e-01	5.450813454e+00	-1.684839516e-02	9.319390708e-12
-1.200000000e-01	5.450828426e+00	-1.739565249e-02	9.333463210e-12
-1.210000000e-01	5.450843453e+00	-1.794290789e-02	1.325093218e-11
-1.220000000e-01	5.450858535e+00	-1.849016132e-02	1.887465193e-11
-1.230000000e-01	5.450873672e+00	-1.903741278e-02	9.645487664e-12
-1.240000000e-01	5.450888864e+00	-1.958466226e-02	7.679025279e-12
-1.250000000e-01	5.450904110e+00	-2.013190972e-02	8.152121379e-11
-1.260000000e-01	5.450919411e+00	-2.067915516e-02	2.772217206e-11
-1.270000000e-01	5.450934767e+00	-2.122639857e-02	1.229793381e-11
-1.280000000e-01	5.450950178e+00	-2.177363991e-02	7.088294070e-12
-1.290000000e-01	5.450965643e+00	-2.232087919e-02	6.761264097e-12
-1.300000000e-01	5.450981163e+00	-2.286811637e-02	9.276883244e-12
-1.310000000e-01	5.450996738e+00	-2.341535145e-02	1.909172262e-11
-1.320000000e-01	5.451012368e+00	-2.396258441e-02	2.502938457e-11
-1.330000000e-01	5.451028052e+00	-2.450981523e-02	2.272749042e-11
-1.340000000e-01	5.451043791e+00	-2.505704390e-02	1.323971843e-11
-1.350000000e-01	5.451059585e+00	-2.560427039e-02	8.637191726e-12
-1.360000000e-01	5.451075434e+00	-2.615149470e-02	1.071502038e-11
-1.370000000e-01	5.451091337e+00	-2.669871680e-02	9.914819401e-12
-1.380000000e-01	5.451107295e+00	-2.724593669e-02	1.115362656e-11
-1.390000000e-01	5.451123308e+00	-2.779315433e-02	6.534414107e-12
-1.400000000e-01	5.451139376e+00	-2.834036973e-02	1.347787988e-11
-1.410000000e-01	5.451155498e+00	-2.888758285e-02	6.490853163e-12
-1.420000000e-01	5.451171676e+00	-2.943479369e-02	1.566094219e-11
-1.430000000e-01	5.451187908e+00	-2.998200223e-02	2.914208465e-11
-1.440000000e-01	5.451204194e+00	-3.052920845e-02	6.146944837e-11
-1.450000000e-01	5.451220536e+00	-3.107641232e-02	1.014556005e-11
-1.460000000e-01	5.451236932e+00	-3.162361386e-02	1.726168898e-11
-1.470000000e-01	5.451253383e+00	-3.217081302e-02	1.049832182e-11
-1.480000000e-01	5.451269888e+00	-3.271800980e-02	1.111997729e-11
-1.490000000e-01	5.451286449e+00	-3.326520417e-02	1.036838680e-11
-1.500000000e-01	5.451303064e+00	-3.381239613e-02	3.970447211e-11
-1.510000000e-01	5.451319734e+00	-3.435958566e-02	1.698567237e-11
-1.520000000e-01	5.451336458e+00	-3.490677273e-02	9.448833688e-12
-1.530000000e-01	5.451353238e+00	-3.545395734e-02	1.575661971e-11
-1.540000000e-01	5.451370072e+00	-3.600113947e-02	2.622236875e-11
-1.550000000e-01	5.451386961e+00	-3.654831910e-02	2.550776630e-11
-1.560000000e-01	5.451403904e+00	-3.709549621e-02	2.006811482e-11
-1.570000000e-01	5.451420902e+00	-3.764267079e-02	1.601917515e-11
-1.580000000e-01	5.451437955e+00	-3.818984282e-02	2.524835667e-11
-1.590000000e-01	5.451455063e+00	-3.873701228e-02	6.151682764e-12
-1.600000000e-01	5.451472226e+00	-3.928417917e-02	9.356140538e-12
-1.610000000e-01	5.451489443e+00	-3.983134345e-02	1.717223977e-11
-1.620000000e-01	5.451506715e+00	-4.037850513e-02	1.026031107e-11
-1.630000000e-01	5.451524041e+00	-4.092566417e-02	1.013196667e-11
-1.640000000e-01	5.451541423e+00	-4.147282056e-02	1.182196587e-11
-1.650000000e-01	5.451558859e+00	-4.201997429e-02	2.162727665e-11
-1.660000000e-01	5.451576350e+00	-4.256712534e-02	1.307654060e-11
-1.670000000e-01	5.451593895e+00	-4.311427370e-02	9.049895038e-12
-1.680000000e-01	5.451611495e+00	-4.366141934e-02	1.226663027e-11
-1.690000000e-01	5.451629150e+00	-4.420856225e-02	1.973192307e-11
-1.700000000e-01	5.451646860e+00	-4.475570242e-02	5.550836459e-12
-1.710000000e-01	5.451664624e+00	-4.530283983e-02	8.172991420e-12
-1.720000000e-01	5.451682444e+00	-4.584997445e-02	2.772029223e-11
-1.730000000e-01	5.451700317e+00	-4.639710629e-02	2.830538848e-11
-1.740000000e-01	5.451718246e+00	-4.694423531e-02	1.331482962e-11
-1.750000000e-01	5.451736229e+00	-4.749136150e-02	8.717852209e-12
-1.760000000e-01	5.451754267e+00	-4.803848485e-02	1.216980360e-11
-1.770000000e-01	5.451772360e+00	-4.858560534e-02	2.182099499e-11
-1.780000000e-01	5.451790507e+00	-4.913272296e-02	1.059035046e-11
-1.790000000e-01	5.451808709e+00	-4.967983768e-02	9.117147033e-12
-1.800000000e-01	5.451826966e+00	-5.022694949e-02	7.645621484e-12
-1.810000000e-01	5.451845277e+00	-5.077405838e-02	9.257712165e-12
-1.820000000e-01	5.451863643e+00	-5.132116432e-02	3.184135783e-11
-1.830000000e-01	5.451882064e+00	-5.186826731e-02	2.363574092e-11
-1.840000000e-01	5.451900540e+00	-5.241536731e-02	2.395322755e-11
-1.850000000e-01	5.451919070e+00	-5.296246433e-02	1.119068999e-11
-1.860000000e-01	5.451937655e+00	-5.350955834e-02	9.722646728e-12
-1.870000000e-01	5.451956294e+00	-5.405664933e-02	8.235708331e-12
-1.880000000e-01	5.451974989e+00	-5.460373728e-02	4.434446174e-11
-1.890000000e-01	5.451993738e+00	-5.515082217e-02	1.037715559e-11
-1.900000000e-01	5.452012541e+00	-5.569790398e-02	1.557064372e-11
-1.910000000e-01	5.452031400e+00	-5.624498271e-02	1.414486126e-11
-1.920000000e-01	5.452050313e+00	-5.679205833e-02	8.423372501e-12
-1.930000000e-01	5.452069280e+00	-5.733913083e-02	9.122986583e-12
-1.940000000e-01	5.452088303e+00	-5.788620019e-02	3.348124504e-11
-1.950000000e-01	5.452107380e+00	-5.843326639e-02	1.082272607e-11
-1.960000000e-01	5.452126511e+00	-5.898032943e-02	5.616097600e-12
-1.970000000e-01	5.452145698e+00	-5.952738927e-02	9.165460149e-12
-1.980000000e-01	5.452164939e+00	-6.007444591e-02	1.088911915e-11
-1.990000000e-01	5.452184235e+00	-6.062149933e-02	1.698340068e-11
-2.000000000e-01	5.452203585e+00	-6.116854951e-02	5.606516016e-12
-2.010000000e-01	5.452222990e+00	-6.171559644e-02	2.134342174e-11
-2.020000000e-01	5.452242450e+00	-6.226264011e-02	1.080887797e-11
-2.030000000e-01	5.452261964e+00	-6.280968048e-02	2.178285214e-11
-2.040000000e-01	5.452281533e+00	-6.335671755e-02	8.631959636e-12
-2.050000000e-01	5.452301157e+00	-6.390375130e-02	3.604823570e-11
-2.060000000e-01	5.452320836e+00	-6.445078172e-02	1.031865005e-11
-2.070000000e-01	5.452340569e+00	-6.499780879e-02	7.964567281e-12
-2.080000000e-01	5.452360356e+00	-6.554483249e-02	1.092177893e-11
-2.090000000e-01	5.452380199e+00	-6.609185280e-02	1.864295027e-11
-2.100000000e-01	5.452400096e+00	-6.663886971e-02	8.765757886e-12
-2.110000000e-01	5.452420047e+00	-6.718588321e-02	7.828154680e-12
-2.120000000e-01	5.452440054e+00	-6.773289327e-02	1.236560851e-11
-2.130000000e-01	5.452460115e+00	-6.827989989e-02	5.542297390e-12
-2.140000000e-01	5.452480230e+00	-6.882690304e-02	2.605198486e-11
-2.150000000e-01	5.452500400e+00	-6.937390270e-02	2.343477207e-11
-2.160000000e-01	5.452520625e+00	-6.992089887e-02	1.550306066e-11
-2.170000000e-01	5.452540905e+00	-7.046789152e-02	5.453716504e-11
-2.180000000e-01	5.452561239e+00	-7.101488064e-02	1.536944270e-11
-2.190000000e-01	5.452581628e+00	-7.156186621e-02	3.664854624e-11
-2.200000000e-01	5.452602071e+00	-7.210884822e-02	1.405438276e-11
-2.210000000e-01	5.452622569e+00	-7.265582665e-02	5.275721872e-12
-2.220000000e-01	5.452643122e+00	-7.320280148e-02	1.241958632e-11
-2.230000000e-01	5.452663729e+00	-7.374977270e-02	9.116374062e-12
-2.240000000e-01	5.452684391e+00	-7.429674029e-02	1.782153165e-11
-2.250000000e-01	5.452705108e+00	-7.484370423e-02	1.137541975e-11
-2.260000000e-01	5.452725879e+00	-7.539066451e-02	1.368911443e-11
-2.270000000e-01	5.452746705e+00	-7.593762111e-02	1.298109317e-11
-2.280000000e-01	5.452767586e+00	-7.648457402e-02	1.206823539e-11
-2.290000000e-01	5.452788521e+00	-7.703152321e-02	1.887919322e-11
-2.300000000e-01	5.452809510e+00	-7.757846868e-02	5.375815102e-11
-2.310000000e-01	5.452830555e+00	-7.812541041e-02	1.307402330e-11
-2.320000000e-01	5.452851654e+00	-7.867234837e-02	1.286628294e-11
-2.330000000e-01	5.452872807e+00	-7.921928256e-02	1.060826923e-11
-2.340000000e-01	5.452894015e+00	-7.976621296e-02	1.416729277e-11
-2.350000000e-01	5.452915278e+00	-8.031313954e-02	6.023467119e-12
-2.360000000e-01	5.452936595e+00	-8.086006230e-02	3.466047535e-11
-2.370000000e-01	5.452957967e+00	-8.140698122e-02	1.257961997e-11
-2.380000000e-01	5.452979394e+00	-8.195389628e-02	5.795685037e-11
-2.390000000e-01	5.453000875e+00	-8.250080747e-02	9.800239728e-12
-2.400000000e-01	5.453022411e+00	-8.304771477e-02	5.930463082e-12
-2.410000000e-01	5.453044001e+00	-8.359461816e-02	1.058381967e-11
-2.420000000e-01	5.453065646e+00	-8.414151762e-02	2.264211517e-11
-2.430000000e-01	5.453087346e+00	-8.468841315e-02	7.637351618e-12
-2.440000000e-01	5.453109100e+00	-8.523530472e-02	9.784109333e-12
-2.450000000e-01	5.453130909e+00	-8.578219231e-02	2.697932943e-11
-2.460000000e-01	5.453152772e+00	-8.632907592e-02	2.465510998e-11
-2.470000000e-01	5.453174690e+00	-8.687595553e-02	5.141752995e-11
-2.480000000e-01	5.453196662e+00	-8.742283111e-02	9.349923409e-12
-2.490000000e-01	5.453218690e+00	-8.796970266e-02	1.006935834e-11
-2.500000000e-01	5.453240771e+00	-8.851657015e-02	1.149315573e-11
-2.510000000e-01	5.453262907e+00	-8.906343357e-02	1.648824341e-11
-2.520000000e-01	5.453285098e+00	-8.961029290e-02	1.381528597e-11
-2.530000000e-01	5.453307344e+00	-9.015714814e-02	5.310535827e-12
-2.540000000e-01	5.453329643e+00	-9.070399925e-02	2.932919668e-11
-2.550000000e-01	5.453351998e+00	-9.125084623e-02	1.842572676e-11
-2.560000000e-01	5.453374407e+00	-9.179768906e-02	5.740065442e-11
-2.570000000e-01	5.453396871e+00	-9.234452771e-02	5.448862839e-12
-2.580000000e-01	5.453419389e+00	-9.289136219e-02	1.296742637e-11
-2.590000000e-01	5.453441962e+00	-9.343819246e-02	9.673914095e-12
-2.600000000e-01	5.453464589e+00	-9.398501852e-02	4.204296589e-11
-2.610000000e-01	5.453487271e+00	-9.453184034e-02	1.979025379e-11
-2.620000000e-01	5.453510007e+00	-9.507865791e-02	7.484308906e-12
-2.630000000e-01	5.453532798e+00	-9.562547122e-02	2.131294818e-11
-2.640000000e-01	5.453555644e+00	-9.617228025e-02	1.158326054e-11
-2.650000000e-01	5.453578544e+00	-9.671908498e-02	1.111439489e-11
-2.660000000e-01	5.453601499e+00	-9.726588539e-02	8.285629110e-12
-2.670000000e-01	5.453624508e+00	-9.781268147e-02	1.207205446e-11
-2.680000000e-01	5.453647571e+00	-9.835947321e-02	1.251774566e-11
-2.690000000e-01	5.453670690e+00	-9.890626058e-02	3.607120989e-11
-2.700000000e-01	5.453693862e+00	-9.945304358e-02	1.170878658e-11
-2.710000000e-01	5.453717090e+00	-9.999982217e-02	1.052129277e-11
-2.720000000e-01	5.453740372e+00	-1.005465964e-01	3.394634932e-11
-2.730000000e-01	5.453763708e+00	-1.010933661e-01	1.083030740e-11
-2.740000000e-01	5.453787099e+00	-1.016401314e-01	1.127351909e-11
-2.750000000e-01	5.453810544e+00	-1.021868923e-01	1.224357415e-11
-2.760000000e-01	5.453834044e+00	-1.027336487e-01	1.073971628e-11
-2.770000000e-01	5.453857599e+00	-1.032804005e-01	6.015629748e-12
-2.780000000e-01	5.453881208e+00	-1.038271479e-01	1.801260451e-11
-2.790000000e-01	5.453904871e+00	-1.043738907e-01	1.131203035e-11
-2.800000000e-01	5.453928589e+00	-1.049206290e-01	1.597948888e-11
-2.810000000e-01	5.453952362e+00	-1.054673628e-01	7.696713348e-11
-2.820000000e-01	5.453976189e+00	-1.060140920e-01	5.672105785e-12
-2.830000000e-01	5.454000070e+00	-1.065608165e-01	9.997783843e-12
-2.840000000e-01	5.454024006e+00	-1.071075365e-01	1.047568701e-11
-2.850000000e-01	5.454047997e+00	-1.076542519e-01	9.766900344e-12
-2.860000000e-01	5.454072042e+00	-1.082009626e-01	7.611689730e-12
-2.870000000e-01	5.454096142e+00	-1.087476686e-01	1.040033189e-11
-2.880000000e-01	5.454120296e+00	-1.092943700e-01	2.985109319e-11
-2.890000000e-01	5.454144504e+00	-1.098410667e-01	7.797825550e-12
-2.900000000e-01	5.454168767e+00	-1.103877587e-01	8.520665248e-11
-2.910000000e-01	5.454193085e+00	-1.109344459e-01	1.313150068e-11
-2.920000000e-01	5.454217457e+00	-1.114811285e-01	8.577840123e-12
-2.930000000e-01	5.454241883e+00	-1.120278062e-01	1.580598772e-11
-2.940000000e-01	5.454266364e+00	-1.125744792e-01	9.104119080e-12
-2.950000000e-01	5.454290900e+00	-1.131211474e-01	2.826745930e-11
-2.960000000e-01	5.454315490e+00	-1.136678109e-01	1.431211929e-11
-2.970000000e-01	5.454340134e+00	-1.142144695e-01	3.182972367e-11
-2.980000000e-01	5.454364833e+00	-1.147611232e-01	9.381657577e-12
-2.990000000e-01	5.454389586e+00	-1.153077721e-01	1.500590265e-11
-3.000000000e-01	5.454414394e+00	-1.158544162e-01	1.808997710e-12
