# epsi_ci     Re(Lambda)      Im(Lambda)      Eq(det), R = 0.10 $\mu$m, $E_p$ = 0.900 eV, modo = 1, $\epsilon_\infty$ = 3.9, $\gamma_{DL}$ = 0.01 eV, solve_det_sinkz_vs_mu.py
0.000000000e+00	3.021950280e+00	5.730191779e-02	1.412214434e-11
-1.000000000e-03	3.021950744e+00	5.700404306e-02	1.281364727e-11
-2.000000000e-03	3.021951236e+00	5.670616508e-02	1.387430968e-11
-3.000000000e-03	3.021951756e+00	5.640828387e-02	1.374644955e-11
-4.000000000e-03	3.021952304e+00	5.611039941e-02	8.554060273e-12
-5.000000000e-03	3.021952880e+00	5.581251173e-02	8.459819436e-12
-6.000000000e-03	3.021953485e+00	5.551462083e-02	5.886813078e-12
-7.000000000e-03	3.021954117e+00	5.521672671e-02	8.732603019e-12
-8.000000000e-03	3.021954778e+00	5.491882940e-02	1.229605600e-11
-9.000000000e-03	3.021955466e+00	5.462092888e-02	9.224528630e-12
-1.000000000e-02	3.021956183e+00	5.432302517e-02	1.101077963e-11
-1.100000000e-02	3.021956928e+00	5.402511828e-02	2.513265234e-11
-1.200000000e-02	3.021957700e+00	5.372720823e-02	1.494095432e-11
-1.300000000e-02	3.021958501e+00	5.342929499e-02	1.409139855e-11
-1.400000000e-02	3.021959330e+00	5.313137861e-02	2.140172907e-11
-1.500000000e-02	3.021960187e+00	5.283345906e-02	1.205551458e-11
-1.600000000e-02	3.021961073e+00	5.253553638e-02	9.552399354e-12
-1.700000000e-02	3.021961986e+00	5.223761056e-02	1.071046000e-11
-1.800000000e-02	3.021962927e+00	5.193968161e-02	1.028694749e-11
-1.900000000e-02	3.021963897e+00	5.164174953e-02	1.220103693e-11
-2.000000000e-02	3.021964894e+00	5.134381435e-02	8.674028276e-12
-2.100000000e-02	3.021965920e+00	5.104587606e-02	1.788741490e-11
-2.200000000e-02	3.021966974e+00	5.074793467e-02	5.933515873e-12
-2.300000000e-02	3.021968056e+00	5.044999019e-02	9.820837572e-12
-2.400000000e-02	3.021969166e+00	5.015204262e-02	2.003291384e-11
-2.500000000e-02	3.021970304e+00	4.985409198e-02	1.746678156e-11
-2.600000000e-02	3.021971470e+00	4.955613828e-02	1.845850787e-11
-2.700000000e-02	3.021972665e+00	4.925818151e-02	1.465055767e-11
-2.800000000e-02	3.021973887e+00	4.896022169e-02	1.410547981e-11
-2.900000000e-02	3.021975138e+00	4.866225883e-02	5.692014844e-12
-3.000000000e-02	3.021976417e+00	4.836429293e-02	1.277537115e-11
-3.100000000e-02	3.021977723e+00	4.806632400e-02	1.004440687e-11
-3.200000000e-02	3.021979058e+00	4.776835204e-02	7.625186259e-12
-3.300000000e-02	3.021980421e+00	4.747037707e-02	8.888489585e-12
-3.400000000e-02	3.021981813e+00	4.717239910e-02	1.129722991e-11
-3.500000000e-02	3.021983232e+00	4.687441813e-02	7.932719160e-12
-3.600000000e-02	3.021984680e+00	4.657643416e-02	1.148992677e-11
-3.700000000e-02	3.021986155e+00	4.627844722e-02	1.774838258e-11
-3.800000000e-02	3.021987659e+00	4.598045729e-02	1.038450357e-11
-3.900000000e-02	3.021989191e+00	4.568246440e-02	1.531918017e-11
-4.000000000e-02	3.021990751e+00	4.538446855e-02	2.136325928e-11
-4.100000000e-02	3.021992339e+00	4.508646975e-02	6.863203620e-12
-4.200000000e-02	3.021993956e+00	4.478846799e-02	2.557459846e-11
-4.300000000e-02	3.021995600e+00	4.449046331e-02	1.653218900e-11
-4.400000000e-02	3.021997273e+00	4.419245569e-02	9.809642660e-12
-4.500000000e-02	3.021998974e+00	4.389444515e-02	1.370757289e-11
-4.600000000e-02	3.022000703e+00	4.359643170e-02	1.057165693e-11
-4.700000000e-02	3.022002460e+00	4.329841534e-02	1.619286185e-11
-4.800000000e-02	3.022004245e+00	4.300039607e-02	1.123489355e-11
-4.900000000e-02	3.022006059e+00	4.270237392e-02	6.928237410e-12
-5.000000000e-02	3.022007901e+00	4.240434889e-02	2.406152594e-11
-5.100000000e-02	3.022009770e+00	4.210632098e-02	1.082286547e-11
-5.200000000e-02	3.022011668e+00	4.180829020e-02	8.529800008e-12
-5.300000000e-02	3.022013595e+00	4.151025655e-02	2.339355780e-11
-5.400000000e-02	3.022015549e+00	4.121222006e-02	8.696318637e-12
-5.500000000e-02	3.022017532e+00	4.091418073e-02	1.195851214e-11
-5.600000000e-02	3.022019542e+00	4.061613855e-02	1.660070753e-11
-5.700000000e-02	3.022021581e+00	4.031809354e-02	2.084011797e-11
-5.800000000e-02	3.022023648e+00	4.002004571e-02	1.548345494e-11
-5.900000000e-02	3.022025743e+00	3.972199507e-02	1.073750137e-11
-6.000000000e-02	3.022027867e+00	3.942394162e-02	1.723059455e-11
-6.100000000e-02	3.022030019e+00	3.912588537e-02	1.601396906e-11
-6.200000000e-02	3.022032198e+00	3.882782633e-02	1.831323339e-11
-6.300000000e-02	3.022034406e+00	3.852976451e-02	1.582574942e-11
-6.400000000e-02	3.022036643e+00	3.823169990e-02	1.447741327e-11
-6.500000000e-02	3.022038907e+00	3.793363253e-02	1.144028502e-11
-6.600000000e-02	3.022041200e+00	3.763556240e-02	2.276625333e-11
-6.700000000e-02	3.022043520e+00	3.733748952e-02	1.220954909e-11
-6.800000000e-02	3.022045869e+00	3.703941390e-02	2.449779776e-11
-6.900000000e-02	3.022048247e+00	3.674133553e-02	1.054844330e-11
-7.000000000e-02	3.022050652e+00	3.644325444e-02	7.872741288e-12
-7.100000000e-02	3.022053086e+00	3.614517062e-02	1.529651902e-11
-7.200000000e-02	3.022055547e+00	3.584708409e-02	9.045924731e-12
-7.300000000e-02	3.022058038e+00	3.554899486e-02	2.093158240e-11
-7.400000000e-02	3.022060556e+00	3.525090292e-02	2.232392107e-11
-7.500000000e-02	3.022063102e+00	3.495280829e-02	1.526055984e-11
-7.600000000e-02	3.022065677e+00	3.465471098e-02	7.052494954e-12
-7.700000000e-02	3.022068280e+00	3.435661100e-02	1.124841876e-11
-7.800000000e-02	3.022070911e+00	3.405850834e-02	6.935635440e-12
-7.900000000e-02	3.022073570e+00	3.376040303e-02	9.856614626e-12
-8.000000000e-02	3.022076258e+00	3.346229507e-02	7.578310095e-12
-8.100000000e-02	3.022078974e+00	3.316418446e-02	2.184324814e-11
-8.200000000e-02	3.022081718e+00	3.286607121e-02	9.578999831e-12
-8.300000000e-02	3.022084490e+00	3.256795533e-02	8.055822539e-12
-8.400000000e-02	3.022087291e+00	3.226983683e-02	1.014840372e-11
-8.500000000e-02	3.022090119e+00	3.197171572e-02	1.274321794e-11
-8.600000000e-02	3.022092976e+00	3.167359201e-02	9.435915053e-12
-8.700000000e-02	3.022095862e+00	3.137546570e-02	2.043085994e-11
-8.800000000e-02	3.022098775e+00	3.107733678e-02	1.493613133e-11
-8.900000000e-02	3.022101717e+00	3.077920530e-02	1.331307447e-11
-9.000000000e-02	3.022104687e+00	3.048107123e-02	2.090148966e-11
-9.100000000e-02	3.022107685e+00	3.018293461e-02	1.123064792e-11
-9.200000000e-02	3.022110711e+00	2.988479541e-02	1.109489809e-11
-9.300000000e-02	3.022113766e+00	2.958665368e-02	1.165785964e-11
-9.400000000e-02	3.022116849e+00	2.928850939e-02	8.893702935e-12
-9.500000000e-02	3.022119960e+00	2.899036257e-02	1.767741797e-11
-9.600000000e-02	3.022123100e+00	2.869221322e-02	7.805878470e-12
-9.700000000e-02	3.022126268e+00	2.839406135e-02	7.680442671e-12
-9.800000000e-02	3.022129463e+00	2.809590697e-02	6.960641849e-12
-9.900000000e-02	3.022132688e+00	2.779775008e-02	1.052706583e-11
-1.000000000e-01	3.022135940e+00	2.749959070e-02	7.314256679e-12
-1.010000000e-01	3.022139221e+00	2.720142882e-02	1.705554372e-11
-1.020000000e-01	3.022142530e+00	2.690326447e-02	6.777069210e-12
-1.030000000e-01	3.022145867e+00	2.660509764e-02	9.524446502e-12
-1.040000000e-01	3.022149233e+00	2.630692834e-02	1.887127593e-11
-1.050000000e-01	3.022152627e+00	2.600875659e-02	9.237627909e-12
-1.060000000e-01	3.022156049e+00	2.571058239e-02	1.212222029e-11
-1.070000000e-01	3.022159499e+00	2.541240575e-02	2.420961451e-11
-1.080000000e-01	3.022162978e+00	2.511422666e-02	1.376291955e-11
-1.090000000e-01	3.022166485e+00	2.481604515e-02	1.073091971e-11
-1.100000000e-01	3.022170020e+00	2.451786122e-02	2.262503993e-11
-1.110000000e-01	3.022173584e+00	2.421967489e-02	2.054644812e-11
-1.120000000e-01	3.022177176e+00	2.392148614e-02	1.425508889e-11
-1.130000000e-01	3.022180796e+00	2.362329501e-02	9.734425855e-12
-1.140000000e-01	3.022184444e+00	2.332510148e-02	1.304385403e-11
-1.150000000e-01	3.022188121e+00	2.302690557e-02	1.642555251e-11
-1.160000000e-01	3.022191826e+00	2.272870730e-02	1.284156107e-11
-1.170000000e-01	3.022195559e+00	2.243050665e-02	1.671282856e-11
-1.180000000e-01	3.022199321e+00	2.213230365e-02	1.538402821e-11
-1.190000000e-01	3.022203111e+00	2.183409830e-02	9.419566233e-12
-1.200000000e-01	3.022206929e+00	2.153589061e-02	1.112522480e-11
-1.210000000e-01	3.022210776e+00	2.123768058e-02	9.822979191e-12
-1.220000000e-01	3.022214650e+00	2.093946823e-02	6.216666455e-12
-1.230000000e-01	3.022218554e+00	2.064125356e-02	1.690742243e-11
-1.240000000e-01	3.022222485e+00	2.034303658e-02	8.870104213e-12
-1.250000000e-01	3.022226445e+00	2.004481730e-02	1.098261380e-11
-1.260000000e-01	3.022230433e+00	1.974659573e-02	5.161993545e-12
-1.270000000e-01	3.022234449e+00	1.944837187e-02	5.969770058e-12
-1.280000000e-01	3.022238494e+00	1.915014573e-02	9.575140798e-12
-1.290000000e-01	3.022242567e+00	1.885191732e-02	1.528077680e-11
-1.300000000e-01	3.022246668e+00	1.855368664e-02	1.173936745e-11
-1.310000000e-01	3.022250798e+00	1.825545371e-02	7.369784569e-12
-1.320000000e-01	3.022254956e+00	1.795721853e-02	1.162951768e-11
-1.330000000e-01	3.022259142e+00	1.765898112e-02	9.056835529e-12
-1.340000000e-01	3.022263357e+00	1.736074147e-02	1.954229466e-11
-1.350000000e-01	3.022267600e+00	1.706249960e-02	9.430537658e-12
-1.360000000e-01	3.022271871e+00	1.676425551e-02	2.063395610e-11
-1.370000000e-01	3.022276171e+00	1.646600922e-02	1.553476048e-11
-1.380000000e-01	3.022280498e+00	1.616776072e-02	8.971474481e-12
-1.390000000e-01	3.022284855e+00	1.586951002e-02	1.609900548e-11
-1.400000000e-01	3.022289239e+00	1.557125715e-02	6.171930192e-12
-1.410000000e-01	3.022293652e+00	1.527300210e-02	1.188854864e-11
-1.420000000e-01	3.022298094e+00	1.497474488e-02	8.395384581e-12
-1.430000000e-01	3.022302563e+00	1.467648550e-02	7.494053385e-12
-1.440000000e-01	3.022307061e+00	1.437822396e-02	1.612455718e-11
-1.450000000e-01	3.022311588e+00	1.407996028e-02	8.464822878e-12
-1.460000000e-01	3.022316142e+00	1.378169447e-02	1.854983763e-11
-1.470000000e-01	3.022320725e+00	1.348342652e-02	2.059968733e-11
-1.480000000e-01	3.022325337e+00	1.318515645e-02	6.290826159e-12
-1.490000000e-01	3.022329976e+00	1.288688426e-02	1.177952705e-11
-1.500000000e-01	3.022334644e+00	1.258860998e-02	4.684733914e-12
-1.510000000e-01	3.022339341e+00	1.229033359e-02	1.632965995e-11
-1.520000000e-01	3.022344066e+00	1.199205511e-02	1.568953634e-11
-1.530000000e-01	3.022348819e+00	1.169377455e-02	1.021382398e-11
-1.540000000e-01	3.022353600e+00	1.139549191e-02	1.729483192e-11
-1.550000000e-01	3.022358410e+00	1.109720721e-02	1.692780302e-11
-1.560000000e-01	3.022363248e+00	1.079892045e-02	2.093217394e-11
-1.570000000e-01	3.022368115e+00	1.050063163e-02	9.654247084e-12
-1.580000000e-01	3.022373010e+00	1.020234078e-02	7.413694418e-12
-1.590000000e-01	3.022377933e+00	9.904047886e-03	1.137194248e-11
-1.600000000e-01	3.022382885e+00	9.605752970e-03	6.481140419e-12
-1.610000000e-01	3.022387865e+00	9.307456032e-03	1.654032126e-11
-1.620000000e-01	3.022392874e+00	9.009157082e-03	2.467501196e-11
-1.630000000e-01	3.022397911e+00	8.710856125e-03	7.105128360e-12
-1.640000000e-01	3.022402976e+00	8.412553176e-03	6.217421063e-12
-1.650000000e-01	3.022408069e+00	8.114248235e-03	2.314830844e-11
-1.660000000e-01	3.022413191e+00	7.815941314e-03	1.979705893e-11
-1.670000000e-01	3.022418342e+00	7.517632427e-03	1.369922280e-11
-1.680000000e-01	3.022423521e+00	7.219321575e-03	1.625753912e-11
-1.690000000e-01	3.022428728e+00	6.921008762e-03	1.612874562e-11
-1.700000000e-01	3.022433963e+00	6.622693997e-03	1.349723722e-11
-1.710000000e-01	3.022439227e+00	6.324377299e-03	7.602720377e-12
-1.720000000e-01	3.022444519e+00	6.026058666e-03	1.677038762e-11
-1.730000000e-01	3.022449840e+00	5.727738107e-03	1.569246443e-11
-1.740000000e-01	3.022455189e+00	5.429415631e-03	1.826990235e-11
-1.750000000e-01	3.022460567e+00	5.131091242e-03	7.613899660e-12
-1.760000000e-01	3.022465973e+00	4.832764953e-03	1.235181986e-11
-1.770000000e-01	3.022471407e+00	4.534436775e-03	1.046342267e-11
-1.780000000e-01	3.022476870e+00	4.236106712e-03	1.095006919e-11
-1.790000000e-01	3.022482361e+00	3.937774768e-03	1.098944518e-11
-1.800000000e-01	3.022487880e+00	3.639440953e-03	1.784792166e-11
-1.810000000e-01	3.022493428e+00	3.341105278e-03	2.694648406e-12
-1.820000000e-01	3.022499004e+00	3.042767750e-03	1.159695017e-11
-1.830000000e-01	3.022504609e+00	2.744428372e-03	1.671576561e-11
-1.840000000e-01	3.022510242e+00	2.446087164e-03	6.149192110e-12
-1.850000000e-01	3.022515904e+00	2.147744117e-03	1.548476658e-11
-1.860000000e-01	3.022521594e+00	1.849399254e-03	8.924077177e-12
-1.870000000e-01	3.022527312e+00	1.551052575e-03	9.496021645e-12
-1.880000000e-01	3.022533059e+00	1.252704093e-03	1.946088261e-11
-1.890000000e-01	3.022538834e+00	9.543538047e-04	1.077760212e-11
-1.900000000e-01	3.022544638e+00	6.560017309e-04	8.467200806e-12
-1.910000000e-01	3.022550470e+00	3.576478759e-04	7.566255848e-12
-1.920000000e-01	3.022556330e+00	5.929224435e-05	9.695995964e-12
-1.930000000e-01	3.022562219e+00	-2.390651538e-04	6.343160940e-12
-1.940000000e-01	3.022568137e+00	-5.374243117e-04	1.006505151e-11
-1.950000000e-01	3.022574082e+00	-8.357852181e-04	1.033398599e-11
-1.960000000e-01	3.022580056e+00	-1.134147869e-03	1.341319356e-11
-1.970000000e-01	3.022586059e+00	-1.432512258e-03	6.938414224e-12
-1.980000000e-01	3.022592090e+00	-1.730878370e-03	1.160502145e-11
-1.990000000e-01	3.022598150e+00	-2.029246206e-03	1.937711883e-11
-2.000000000e-01	3.022604238e+00	-2.327615744e-03	7.706727483e-12
-2.010000000e-01	3.022610354e+00	-2.625986995e-03	1.687720645e-11
-2.020000000e-01	3.022616499e+00	-2.924359936e-03	1.979692707e-11
-2.030000000e-01	3.022622672e+00	-3.222734564e-03	5.032200216e-12
-2.040000000e-01	3.022628874e+00	-3.521110872e-03	9.291191445e-12
-2.050000000e-01	3.022635104e+00	-3.819488853e-03	1.358724435e-11
-2.060000000e-01	3.022641362e+00	-4.117868494e-03	1.298102909e-11
-2.070000000e-01	3.022647649e+00	-4.416249793e-03	1.531430218e-11
-2.080000000e-01	3.022653965e+00	-4.714632742e-03	7.264889094e-12
-2.090000000e-01	3.022660309e+00	-5.013017330e-03	6.841129947e-12
-2.100000000e-01	3.022666681e+00	-5.311403550e-03	9.097243147e-12
-2.110000000e-01	3.022673082e+00	-5.609791387e-03	2.106252266e-11
-2.120000000e-01	3.022679511e+00	-5.908180849e-03	7.241399341e-12
-2.130000000e-01	3.022685969e+00	-6.206571917e-03	1.316296801e-11
-2.140000000e-01	3.022692455e+00	-6.504964576e-03	2.578304137e-11
-2.150000000e-01	3.022698970e+00	-6.803358835e-03	1.287539985e-11
-2.160000000e-01	3.022705513e+00	-7.101754679e-03	1.815542924e-11
-2.170000000e-01	3.022712084e+00	-7.400152099e-03	1.418010219e-11
-2.180000000e-01	3.022718684e+00	-7.698551082e-03	1.461068004e-11
-2.190000000e-01	3.022725313e+00	-7.996951631e-03	7.130985431e-12
-2.200000000e-01	3.022731970e+00	-8.295353726e-03	8.892627413e-12
-2.210000000e-01	3.022738655e+00	-8.593757371e-03	1.608038947e-11
-2.220000000e-01	3.022745369e+00	-8.892162549e-03	1.120853240e-11
-2.230000000e-01	3.022752111e+00	-9.190569255e-03	1.027285041e-11
-2.240000000e-01	3.022758882e+00	-9.488977480e-03	1.448198146e-11
-2.250000000e-01	3.022765682e+00	-9.787387226e-03	2.100613962e-11
-2.260000000e-01	3.022772509e+00	-1.008579846e-02	2.847381981e-11
-2.270000000e-01	3.022779366e+00	-1.038421121e-02	2.178099248e-11
-2.280000000e-01	3.022786250e+00	-1.068262543e-02	6.606651444e-12
-2.290000000e-01	3.022793163e+00	-1.098104114e-02	9.404434598e-12
-2.300000000e-01	3.022800105e+00	-1.127945832e-02	1.186410366e-11
-2.310000000e-01	3.022807075e+00	-1.157787697e-02	8.890495511e-12
-2.320000000e-01	3.022814074e+00	-1.187629707e-02	1.185627736e-11
-2.330000000e-01	3.022821101e+00	-1.217471862e-02	1.860972847e-11
-2.340000000e-01	3.022828157e+00	-1.247314161e-02	1.921592185e-11
-2.350000000e-01	3.022835241e+00	-1.277156603e-02	1.790452114e-11
-2.360000000e-01	3.022842353e+00	-1.306999188e-02	1.813066349e-11
-2.370000000e-01	3.022849495e+00	-1.336841914e-02	1.240459806e-11
-2.380000000e-01	3.022856664e+00	-1.366684782e-02	1.675087667e-11
-2.390000000e-01	3.022863862e+00	-1.396527789e-02	1.318007989e-11
-2.400000000e-01	3.022871089e+00	-1.426370935e-02	1.062595917e-11
-2.410000000e-01	3.022878344e+00	-1.456214220e-02	7.908477166e-12
-2.420000000e-01	3.022885627e+00	-1.486057643e-02	4.224255103e-12
-2.430000000e-01	3.022892939e+00	-1.515901202e-02	8.264374839e-12
-2.440000000e-01	3.022900280e+00	-1.545744898e-02	7.446580855e-12
-2.450000000e-01	3.022907649e+00	-1.575588728e-02	1.195753884e-11
-2.460000000e-01	3.022915047e+00	-1.605432694e-02	1.330800445e-11
-2.470000000e-01	3.022922473e+00	-1.635276792e-02	8.429976754e-12
-2.480000000e-01	3.022929927e+00	-1.665121024e-02	8.511178720e-12
-2.490000000e-01	3.022937410e+00	-1.694965388e-02	1.001652679e-11
-2.500000000e-01	3.022944922e+00	-1.724809883e-02	1.259326274e-11
