# epsi_ci     Re(Lambda)      Im(Lambda)      Eq(det), R = 0.10 $\mu$m, $E_p$ = 0.900 eV, modo = 1, $\epsilon_\infty$ = 3.9, $\gamma_{DL}$ = 0.01 eV, solve_det_sinkz_vs_mu.py
0.000000000e+00	3.008849990e+00	5.667488695e-02	1.551964482e-11
-1.000000000e-03	3.008850322e+00	5.637799526e-02	6.955737395e-12
-2.000000000e-03	3.008850682e+00	5.608110031e-02	7.460542664e-12
-3.000000000e-03	3.008851070e+00	5.578420209e-02	9.899537563e-12
-4.000000000e-03	3.008851486e+00	5.548730063e-02	2.159761888e-11
-5.000000000e-03	3.008851930e+00	5.519039592e-02	1.899585876e-11
-6.000000000e-03	3.008852402e+00	5.489348797e-02	7.426809823e-12
-7.000000000e-03	3.008852902e+00	5.459657679e-02	1.360209400e-11
-8.000000000e-03	3.008853430e+00	5.429966239e-02	2.331738110e-11
-9.000000000e-03	3.008853986e+00	5.400274478e-02	1.559241322e-11
-1.000000000e-02	3.008854570e+00	5.370582395e-02	9.792822359e-12
-1.100000000e-02	3.008855183e+00	5.340889993e-02	6.817039584e-12
-1.200000000e-02	3.008855823e+00	5.311197271e-02	1.129461428e-11
-1.300000000e-02	3.008856491e+00	5.281504232e-02	1.688789288e-11
-1.400000000e-02	3.008857187e+00	5.251810873e-02	2.166008403e-11
-1.500000000e-02	3.008857912e+00	5.222117199e-02	1.597814685e-11
-1.600000000e-02	3.008858664e+00	5.192423208e-02	1.386606207e-11
-1.700000000e-02	3.008859444e+00	5.162728902e-02	1.642669163e-11
-1.800000000e-02	3.008860253e+00	5.133034281e-02	1.074114922e-11
-1.900000000e-02	3.008861089e+00	5.103339347e-02	1.593432250e-11
-2.000000000e-02	3.008861954e+00	5.073644099e-02	6.689153412e-12
-2.100000000e-02	3.008862846e+00	5.043948538e-02	9.058277927e-12
-2.200000000e-02	3.008863767e+00	5.014252667e-02	9.146801585e-12
-2.300000000e-02	3.008864716e+00	4.984556484e-02	1.177575352e-11
-2.400000000e-02	3.008865692e+00	4.954859992e-02	1.127381268e-11
-2.500000000e-02	3.008866697e+00	4.925163190e-02	1.716635934e-11
-2.600000000e-02	3.008867730e+00	4.895466080e-02	8.033053988e-12
-2.700000000e-02	3.008868791e+00	4.865768661e-02	1.831934102e-11
-2.800000000e-02	3.008869880e+00	4.836070936e-02	1.153070535e-11
-2.900000000e-02	3.008870997e+00	4.806372905e-02	4.748142771e-12
-3.000000000e-02	3.008872142e+00	4.776674568e-02	1.025972053e-11
-3.100000000e-02	3.008873315e+00	4.746975927e-02	1.482699462e-11
-3.200000000e-02	3.008874517e+00	4.717276981e-02	1.820094539e-11
-3.300000000e-02	3.008875746e+00	4.687577732e-02	9.761562665e-12
-3.400000000e-02	3.008877003e+00	4.657878181e-02	7.373165999e-12
-3.500000000e-02	3.008878289e+00	4.628178329e-02	9.536480695e-12
-3.600000000e-02	3.008879602e+00	4.598478175e-02	2.240928087e-11
-3.700000000e-02	3.008880944e+00	4.568777721e-02	1.731508400e-11
-3.800000000e-02	3.008882314e+00	4.539076968e-02	9.605549818e-12
-3.900000000e-02	3.008883712e+00	4.509375917e-02	7.223212042e-12
-4.000000000e-02	3.008885138e+00	4.479674567e-02	5.817034924e-12
-4.100000000e-02	3.008886592e+00	4.449972921e-02	8.798455337e-12
-4.200000000e-02	3.008888074e+00	4.420270978e-02	8.722153977e-12
-4.300000000e-02	3.008889584e+00	4.390568740e-02	1.847309364e-11
-4.400000000e-02	3.008891122e+00	4.360866207e-02	1.267130115e-11
-4.500000000e-02	3.008892689e+00	4.331163380e-02	5.690724126e-12
-4.600000000e-02	3.008894283e+00	4.301460260e-02	1.006588896e-11
-4.700000000e-02	3.008895906e+00	4.271756847e-02	1.003972414e-11
-4.800000000e-02	3.008897557e+00	4.242053143e-02	1.046808708e-11
-4.900000000e-02	3.008899236e+00	4.212349149e-02	1.895874575e-11
-5.000000000e-02	3.008900943e+00	4.182644863e-02	8.554528566e-12
-5.100000000e-02	3.008902678e+00	4.152940289e-02	1.149043394e-11
-5.200000000e-02	3.008904441e+00	4.123235426e-02	1.928581264e-11
-5.300000000e-02	3.008906232e+00	4.093530274e-02	9.844201314e-12
-5.400000000e-02	3.008908052e+00	4.063824836e-02	9.042319884e-12
-5.500000000e-02	3.008909899e+00	4.034119112e-02	1.630680212e-11
-5.600000000e-02	3.008911775e+00	4.004413103e-02	8.409077487e-12
-5.700000000e-02	3.008913679e+00	3.974706808e-02	1.190645844e-11
-5.800000000e-02	3.008915611e+00	3.945000229e-02	1.062849379e-11
-5.900000000e-02	3.008917571e+00	3.915293368e-02	1.051697052e-11
-6.000000000e-02	3.008919559e+00	3.885586223e-02	2.408220482e-11
-6.100000000e-02	3.008921575e+00	3.855878797e-02	1.307143238e-11
-6.200000000e-02	3.008923620e+00	3.826171091e-02	1.404867228e-11
-6.300000000e-02	3.008925693e+00	3.796463104e-02	2.131023366e-11
-6.400000000e-02	3.008927793e+00	3.766754839e-02	1.984285078e-11
-6.500000000e-02	3.008929922e+00	3.737046293e-02	1.562152192e-11
-6.600000000e-02	3.008932079e+00	3.707337471e-02	1.129030454e-11
-6.700000000e-02	3.008934265e+00	3.677628371e-02	6.391109181e-12
-6.800000000e-02	3.008936478e+00	3.647918996e-02	2.040051031e-11
-6.900000000e-02	3.008938719e+00	3.618209344e-02	1.259883619e-11
-7.000000000e-02	3.008940989e+00	3.588499419e-02	1.998049926e-11
-7.100000000e-02	3.008943287e+00	3.558789219e-02	2.576379978e-11
-7.200000000e-02	3.008945613e+00	3.529078746e-02	9.072190883e-12
-7.300000000e-02	3.008947967e+00	3.499368000e-02	2.153618091e-11
-7.400000000e-02	3.008950349e+00	3.469656983e-02	1.152417901e-11
-7.500000000e-02	3.008952760e+00	3.439945695e-02	1.405268232e-11
-7.600000000e-02	3.008955198e+00	3.410234138e-02	1.159107971e-11
-7.700000000e-02	3.008957665e+00	3.380522310e-02	8.602292070e-12
-7.800000000e-02	3.008960160e+00	3.350810214e-02	1.433654622e-11
-7.900000000e-02	3.008962683e+00	3.321097851e-02	1.225536609e-11
-8.000000000e-02	3.008965235e+00	3.291385221e-02	2.150954765e-11
-8.100000000e-02	3.008967814e+00	3.261672323e-02	2.010499434e-11
-8.200000000e-02	3.008970422e+00	3.231959162e-02	7.880192928e-12
-8.300000000e-02	3.008973058e+00	3.202245735e-02	1.050240482e-11
-8.400000000e-02	3.008975722e+00	3.172532044e-02	7.873623450e-12
-8.500000000e-02	3.008978414e+00	3.142818090e-02	1.269907940e-11
-8.600000000e-02	3.008981134e+00	3.113103874e-02	1.457776087e-11
-8.700000000e-02	3.008983883e+00	3.083389396e-02	1.310303506e-11
-8.800000000e-02	3.008986660e+00	3.053674658e-02	1.348353281e-11
-8.900000000e-02	3.008989464e+00	3.023959660e-02	1.371370668e-11
-9.000000000e-02	3.008992298e+00	2.994244402e-02	1.127968903e-11
-9.100000000e-02	3.008995159e+00	2.964528886e-02	1.787842671e-11
-9.200000000e-02	3.008998048e+00	2.934813113e-02	8.746166683e-12
-9.300000000e-02	3.009000966e+00	2.905097082e-02	1.806493031e-11
-9.400000000e-02	3.009003912e+00	2.875380795e-02	1.163801969e-11
-9.500000000e-02	3.009006886e+00	2.845664253e-02	1.188661425e-11
-9.600000000e-02	3.009009889e+00	2.815947456e-02	1.098548161e-11
-9.700000000e-02	3.009012919e+00	2.786230406e-02	1.220190850e-11
-9.800000000e-02	3.009015978e+00	2.756513102e-02	1.905298088e-11
-9.900000000e-02	3.009019065e+00	2.726795547e-02	5.550386415e-12
-1.000000000e-01	3.009022180e+00	2.697077740e-02	1.339052640e-11
-1.010000000e-01	3.009025323e+00	2.667359682e-02	1.580248842e-11
-1.020000000e-01	3.009028495e+00	2.637641375e-02	1.087746288e-11
-1.030000000e-01	3.009031695e+00	2.607922818e-02	8.730052923e-12
-1.040000000e-01	3.009034923e+00	2.578204013e-02	9.741819574e-12
-1.050000000e-01	3.009038179e+00	2.548484960e-02	1.394419748e-11
-1.060000000e-01	3.009041464e+00	2.518765661e-02	5.409676897e-12
-1.070000000e-01	3.009044776e+00	2.489046115e-02	1.814302188e-11
-1.080000000e-01	3.009048117e+00	2.459326325e-02	1.720599926e-11
-1.090000000e-01	3.009051487e+00	2.429606289e-02	1.018697522e-11
-1.100000000e-01	3.009054884e+00	2.399886011e-02	1.603879805e-11
-1.110000000e-01	3.009058310e+00	2.370165489e-02	1.240396803e-11
-1.120000000e-01	3.009061763e+00	2.340444725e-02	6.859657682e-12
-1.130000000e-01	3.009065246e+00	2.310723720e-02	1.018111487e-11
-1.140000000e-01	3.009068756e+00	2.281002475e-02	2.340721134e-11
-1.150000000e-01	3.009072294e+00	2.251280989e-02	1.770773277e-11
-1.160000000e-01	3.009075861e+00	2.221559264e-02	1.414137716e-11
-1.170000000e-01	3.009079456e+00	2.191837302e-02	9.518210170e-12
-1.180000000e-01	3.009083080e+00	2.162115102e-02	2.210540762e-11
-1.190000000e-01	3.009086731e+00	2.132392665e-02	9.266457952e-12
-1.200000000e-01	3.009090411e+00	2.102669993e-02	1.003461894e-11
-1.210000000e-01	3.009094119e+00	2.072947086e-02	1.967434698e-11
-1.220000000e-01	3.009097855e+00	2.043223944e-02	2.195601667e-11
-1.230000000e-01	3.009101620e+00	2.013500568e-02	8.517335322e-12
-1.240000000e-01	3.009105413e+00	1.983776960e-02	1.529081499e-11
-1.250000000e-01	3.009109234e+00	1.954053120e-02	1.604455256e-11
-1.260000000e-01	3.009113083e+00	1.924329049e-02	7.955425542e-12
-1.270000000e-01	3.009116961e+00	1.894604747e-02	1.486696969e-11
-1.280000000e-01	3.009120867e+00	1.864880216e-02	7.322872196e-12
-1.290000000e-01	3.009124801e+00	1.835155456e-02	7.652940422e-12
-1.300000000e-01	3.009128763e+00	1.805430468e-02	1.016100023e-11
-1.310000000e-01	3.009132754e+00	1.775705252e-02	9.776021222e-12
-1.320000000e-01	3.009136773e+00	1.745979811e-02	1.630443116e-11
-1.330000000e-01	3.009140820e+00	1.716254143e-02	7.434394644e-12
-1.340000000e-01	3.009144895e+00	1.686528251e-02	9.850964631e-12
-1.350000000e-01	3.009148999e+00	1.656802135e-02	1.286842179e-11
-1.360000000e-01	3.009153131e+00	1.627075795e-02	1.004159464e-11
-1.370000000e-01	3.009157292e+00	1.597349232e-02	1.361881652e-11
-1.380000000e-01	3.009161480e+00	1.567622448e-02	1.485253123e-11
-1.390000000e-01	3.009165697e+00	1.537895443e-02	1.895160580e-11
-1.400000000e-01	3.009169942e+00	1.508168217e-02	1.192197530e-11
-1.410000000e-01	3.009174216e+00	1.478440773e-02	9.581652639e-12
-1.420000000e-01	3.009178517e+00	1.448713110e-02	8.323277818e-12
-1.430000000e-01	3.009182847e+00	1.418985228e-02	1.147972935e-11
-1.440000000e-01	3.009187206e+00	1.389257130e-02	2.229882069e-11
-1.450000000e-01	3.009191592e+00	1.359528815e-02	8.303310199e-12
-1.460000000e-01	3.009196007e+00	1.329800286e-02	7.374316445e-12
-1.470000000e-01	3.009200451e+00	1.300071541e-02	1.338313145e-11
-1.480000000e-01	3.009204922e+00	1.270342582e-02	7.344466460e-12
-1.490000000e-01	3.009209422e+00	1.240613410e-02	1.379445223e-11
-1.500000000e-01	3.009213950e+00	1.210884026e-02	8.349424859e-12
-1.510000000e-01	3.009218506e+00	1.181154431e-02	1.040837939e-11
-1.520000000e-01	3.009223091e+00	1.151424624e-02	2.052281942e-11
-1.530000000e-01	3.009227704e+00	1.121694608e-02	6.945984680e-12
-1.540000000e-01	3.009232346e+00	1.091964382e-02	1.440572947e-11
-1.550000000e-01	3.009237015e+00	1.062233948e-02	1.392383589e-11
-1.560000000e-01	3.009241713e+00	1.032503307e-02	8.836438842e-12
-1.570000000e-01	3.009246439e+00	1.002772458e-02	1.760038683e-11
-1.580000000e-01	3.009251194e+00	9.730414032e-03	1.485441500e-11
-1.590000000e-01	3.009255977e+00	9.433101438e-03	1.490998238e-11
-1.600000000e-01	3.009260788e+00	9.135786794e-03	7.913449254e-12
-1.610000000e-01	3.009265628e+00	8.838470114e-03	1.447289316e-11
-1.620000000e-01	3.009270496e+00	8.541151406e-03	1.030018264e-11
-1.630000000e-01	3.009275392e+00	8.243830676e-03	2.109274176e-11
-1.640000000e-01	3.009280316e+00	7.946507938e-03	1.829305342e-11
-1.650000000e-01	3.009285269e+00	7.649183187e-03	1.425940273e-11
-1.660000000e-01	3.009290250e+00	7.351856444e-03	2.363303533e-12
-1.670000000e-01	3.009295260e+00	7.054527708e-03	1.220260594e-11
-1.680000000e-01	3.009300298e+00	6.757196992e-03	1.307305909e-11
-1.690000000e-01	3.009305364e+00	6.459864305e-03	1.368884644e-11
-1.700000000e-01	3.009310459e+00	6.162529647e-03	8.520088638e-12
-1.710000000e-01	3.009315581e+00	5.865193034e-03	1.783276910e-11
-1.720000000e-01	3.009320733e+00	5.567854469e-03	7.913001106e-12
-1.730000000e-01	3.009325912e+00	5.270513963e-03	9.373427417e-12
-1.740000000e-01	3.009331120e+00	4.973171521e-03	1.971118664e-11
-1.750000000e-01	3.009336356e+00	4.675827159e-03	1.430126727e-11
-1.760000000e-01	3.009341621e+00	4.378480876e-03	1.564305785e-11
-1.770000000e-01	3.009346914e+00	4.081132678e-03	1.962133824e-11
-1.780000000e-01	3.009352235e+00	3.783782582e-03	8.978607800e-12
-1.790000000e-01	3.009357585e+00	3.486430590e-03	2.703604891e-11
-1.800000000e-01	3.009362963e+00	3.189076708e-03	8.732903046e-12
-1.810000000e-01	3.009368369e+00	2.891720946e-03	2.651610427e-11
-1.820000000e-01	3.009373804e+00	2.594363321e-03	9.542120842e-12
-1.830000000e-01	3.009379267e+00	2.297003827e-03	7.889231725e-12
-1.840000000e-01	3.009384758e+00	1.999642479e-03	1.340313839e-11
-1.850000000e-01	3.009390278e+00	1.702279288e-03	1.955893982e-11
-1.860000000e-01	3.009395826e+00	1.404914254e-03	8.134908982e-12
-1.870000000e-01	3.009401402e+00	1.107547388e-03	4.424381670e-12
-1.880000000e-01	3.009407007e+00	8.101787009e-04	1.992358811e-11
-1.890000000e-01	3.009412641e+00	5.128081977e-04	1.416885258e-11
-1.900000000e-01	3.009418302e+00	2.154358831e-04	7.454994877e-12
-1.910000000e-01	3.009423992e+00	-8.193822913e-05	1.261647741e-11
-1.920000000e-01	3.009429710e+00	-3.793141285e-04	1.263259256e-11
-1.930000000e-01	3.009435457e+00	-6.766918188e-04	6.113281528e-12
-1.940000000e-01	3.009441232e+00	-9.740712843e-04	1.534606910e-11
-1.950000000e-01	3.009447036e+00	-1.271452513e-03	8.788462294e-12
-1.960000000e-01	3.009452867e+00	-1.568835504e-03	1.241859450e-11
-1.970000000e-01	3.009458728e+00	-1.866220248e-03	9.823825055e-12
-1.980000000e-01	3.009464616e+00	-2.163606733e-03	8.920016139e-12
-1.990000000e-01	3.009470533e+00	-2.460994953e-03	1.724930559e-11
-2.000000000e-01	3.009476479e+00	-2.758384908e-03	1.058780542e-11
-2.010000000e-01	3.009482452e+00	-3.055776578e-03	9.722630808e-12
-2.020000000e-01	3.009488455e+00	-3.353169965e-03	1.727288059e-11
-2.030000000e-01	3.009494485e+00	-3.650565050e-03	9.185378213e-12
-2.040000000e-01	3.009500544e+00	-3.947961838e-03	7.178465312e-12
-2.050000000e-01	3.009506631e+00	-4.245360312e-03	1.359803046e-11
-2.060000000e-01	3.009512747e+00	-4.542760463e-03	1.001508532e-11
-2.070000000e-01	3.009518891e+00	-4.840162293e-03	1.133614517e-11
-2.080000000e-01	3.009525064e+00	-5.137565784e-03	1.025270591e-11
-2.090000000e-01	3.009531264e+00	-5.434970927e-03	1.768385146e-11
-2.100000000e-01	3.009537494e+00	-5.732377727e-03	4.517680746e-12
-2.110000000e-01	3.009543751e+00	-6.029786163e-03	7.166061540e-12
-2.120000000e-01	3.009550038e+00	-6.327196238e-03	1.730541957e-11
-2.130000000e-01	3.009556352e+00	-6.624607929e-03	7.699674055e-12
-2.140000000e-01	3.009562695e+00	-6.922021244e-03	1.372513119e-11
-2.150000000e-01	3.009569066e+00	-7.219436166e-03	2.688099472e-11
-2.160000000e-01	3.009575466e+00	-7.516852686e-03	1.064310939e-11
-2.170000000e-01	3.009581894e+00	-7.814270798e-03	1.206596071e-11
-2.180000000e-01	3.009588351e+00	-8.111690501e-03	1.400070131e-11
-2.190000000e-01	3.009594836e+00	-8.409111780e-03	3.036398447e-11
-2.200000000e-01	3.009601349e+00	-8.706534625e-03	1.131669352e-11
-2.210000000e-01	3.009607891e+00	-9.003959030e-03	1.064148050e-11
-2.220000000e-01	3.009614461e+00	-9.301384989e-03	1.162869876e-11
-2.230000000e-01	3.009621060e+00	-9.598812498e-03	1.007687077e-11
-2.240000000e-01	3.009627687e+00	-9.896241537e-03	1.518163868e-11
-2.250000000e-01	3.009634342e+00	-1.019367211e-02	6.986380495e-12
-2.260000000e-01	3.009641026e+00	-1.049110421e-02	1.688429589e-11
-2.270000000e-01	3.009647738e+00	-1.078853781e-02	9.652472403e-12
-2.280000000e-01	3.009654479e+00	-1.108597293e-02	8.027769516e-12
-2.290000000e-01	3.009661248e+00	-1.138340953e-02	9.591925225e-12
-2.300000000e-01	3.009668046e+00	-1.168084764e-02	1.734141432e-11
-2.310000000e-01	3.009674872e+00	-1.197828721e-02	1.058327568e-11
-2.320000000e-01	3.009681726e+00	-1.227572826e-02	1.341634339e-11
-2.330000000e-01	3.009688609e+00	-1.257317078e-02	7.239526567e-12
-2.340000000e-01	3.009695520e+00	-1.287061476e-02	8.942393488e-12
-2.350000000e-01	3.009702460e+00	-1.316806019e-02	9.949696062e-12
-2.360000000e-01	3.009709428e+00	-1.346550705e-02	1.146386979e-11
-2.370000000e-01	3.009716425e+00	-1.376295535e-02	8.960212286e-12
-2.380000000e-01	3.009723450e+00	-1.406040508e-02	7.761882900e-12
-2.390000000e-01	3.009730504e+00	-1.435785622e-02	2.074444918e-11
-2.400000000e-01	3.009737586e+00	-1.465530877e-02	1.176860763e-11
-2.410000000e-01	3.009744696e+00	-1.495276272e-02	8.900594112e-12
-2.420000000e-01	3.009751835e+00	-1.525021807e-02	1.938005067e-11
-2.430000000e-01	3.009759002e+00	-1.554767480e-02	6.832600425e-12
-2.440000000e-01	3.009766198e+00	-1.584513291e-02	1.088761335e-11
-2.450000000e-01	3.009773422e+00	-1.614259239e-02	8.435621812e-12
-2.460000000e-01	3.009780675e+00	-1.644005323e-02	1.315908268e-11
-2.470000000e-01	3.009787956e+00	-1.673751542e-02	5.122530748e-12
-2.480000000e-01	3.009795265e+00	-1.703497896e-02	1.993257363e-11
-2.490000000e-01	3.009802603e+00	-1.733244383e-02	1.442992710e-11
-2.500000000e-01	3.009809970e+00	-1.762991004e-02	2.074767889e-11
