# epsi_ci     Re(Lambda)      Im(Lambda)      Eq(det), R = 0.10 $\mu$m, $E_p$ = 0.900 eV, modo = 1, $\epsilon_\infty$ = 3.9, $\gamma_{DL}$ = 0.01 eV, solve_det_sinkz_vs_mu.py
0.000000000e+00	2.993500885e+00	5.600252629e-02	2.322398858e-11
-1.000000000e-03	2.993501055e+00	5.570689735e-02	1.183649168e-11
-2.000000000e-03	2.993501254e+00	5.541126510e-02	2.282343897e-11
-3.000000000e-03	2.993501480e+00	5.511562959e-02	1.153065027e-11
-4.000000000e-03	2.993501734e+00	5.481999079e-02	9.007622174e-12
-5.000000000e-03	2.993502016e+00	5.452434873e-02	8.218871931e-12
-6.000000000e-03	2.993502326e+00	5.422870342e-02	9.950759182e-12
-7.000000000e-03	2.993502664e+00	5.393305484e-02	2.312567786e-11
-8.000000000e-03	2.993503030e+00	5.363740304e-02	1.840575499e-11
-9.000000000e-03	2.993503424e+00	5.334174799e-02	6.521470252e-12
-1.000000000e-02	2.993503846e+00	5.304608971e-02	7.119787897e-12
-1.100000000e-02	2.993504295e+00	5.275042822e-02	1.312048991e-11
-1.200000000e-02	2.993504773e+00	5.245476351e-02	1.088564875e-11
-1.300000000e-02	2.993505278e+00	5.215909560e-02	1.115496992e-11
-1.400000000e-02	2.993505812e+00	5.186342448e-02	1.789683058e-11
-1.500000000e-02	2.993506373e+00	5.156775019e-02	1.405092940e-11
-1.600000000e-02	2.993506963e+00	5.127207270e-02	1.549552306e-11
-1.700000000e-02	2.993507580e+00	5.097639204e-02	1.252683230e-11
-1.800000000e-02	2.993508225e+00	5.068070822e-02	1.565175024e-11
-1.900000000e-02	2.993508899e+00	5.038502123e-02	1.056351100e-11
-2.000000000e-02	2.993509600e+00	5.008933110e-02	1.628029256e-11
-2.100000000e-02	2.993510329e+00	4.979363782e-02	9.311329215e-12
-2.200000000e-02	2.993511086e+00	4.949794140e-02	1.062005385e-11
-2.300000000e-02	2.993511871e+00	4.920224185e-02	1.759469318e-11
-2.400000000e-02	2.993512684e+00	4.890653918e-02	8.145356849e-12
-2.500000000e-02	2.993513525e+00	4.861083340e-02	1.205535153e-11
-2.600000000e-02	2.993514394e+00	4.831512451e-02	2.123158982e-11
-2.700000000e-02	2.993515291e+00	4.801941253e-02	9.201000778e-12
-2.800000000e-02	2.993516216e+00	4.772369745e-02	1.281337498e-11
-2.900000000e-02	2.993517169e+00	4.742797930e-02	1.569828312e-11
-3.000000000e-02	2.993518150e+00	4.713225805e-02	1.491518785e-11
-3.100000000e-02	2.993519159e+00	4.683653375e-02	7.376475617e-12
-3.200000000e-02	2.993520195e+00	4.654080639e-02	1.302276019e-11
-3.300000000e-02	2.993521260e+00	4.624507597e-02	5.299627390e-12
-3.400000000e-02	2.993522353e+00	4.594934251e-02	1.057917760e-11
-3.500000000e-02	2.993523474e+00	4.565360601e-02	1.158293754e-11
-3.600000000e-02	2.993524623e+00	4.535786648e-02	1.234798813e-11
-3.700000000e-02	2.993525799e+00	4.506212393e-02	1.201606990e-11
-3.800000000e-02	2.993527004e+00	4.476637836e-02	1.261287174e-11
-3.900000000e-02	2.993528237e+00	4.447062979e-02	7.707114014e-12
-4.000000000e-02	2.993529498e+00	4.417487822e-02	2.332459112e-11
-4.100000000e-02	2.993530786e+00	4.387912365e-02	1.208795960e-11
-4.200000000e-02	2.993532103e+00	4.358336611e-02	4.664058519e-12
-4.300000000e-02	2.993533448e+00	4.328760559e-02	1.798955340e-11
-4.400000000e-02	2.993534821e+00	4.299184210e-02	1.161835331e-11
-4.500000000e-02	2.993536221e+00	4.269607565e-02	2.304432904e-11
-4.600000000e-02	2.993537650e+00	4.240030623e-02	6.436145132e-12
-4.700000000e-02	2.993539107e+00	4.210453388e-02	4.787347623e-12
-4.800000000e-02	2.993540592e+00	4.180875859e-02	7.225107451e-12
-4.900000000e-02	2.993542105e+00	4.151298038e-02	1.186308344e-11
-5.000000000e-02	2.993543646e+00	4.121719923e-02	7.658555100e-12
-5.100000000e-02	2.993545214e+00	4.092141518e-02	5.634855332e-12
-5.200000000e-02	2.993546811e+00	4.062562821e-02	2.066837358e-11
-5.300000000e-02	2.993548436e+00	4.032983835e-02	2.105238215e-11
-5.400000000e-02	2.993550089e+00	4.003404559e-02	1.430340667e-11
-5.500000000e-02	2.993551770e+00	3.973824995e-02	1.135816692e-11
-5.600000000e-02	2.993553479e+00	3.944245144e-02	1.378920620e-11
-5.700000000e-02	2.993555216e+00	3.914665005e-02	6.887404296e-12
-5.800000000e-02	2.993556981e+00	3.885084581e-02	1.098767508e-11
-5.900000000e-02	2.993558774e+00	3.855503871e-02	8.960741680e-12
-6.000000000e-02	2.993560596e+00	3.825922877e-02	1.906075823e-11
-6.100000000e-02	2.993562445e+00	3.796341598e-02	1.376001118e-11
-6.200000000e-02	2.993564322e+00	3.766760037e-02	6.329184725e-12
-6.300000000e-02	2.993566227e+00	3.737178193e-02	1.016794994e-11
-6.400000000e-02	2.993568161e+00	3.707596068e-02	1.023137969e-11
-6.500000000e-02	2.993570122e+00	3.678013663e-02	7.516686336e-12
-6.600000000e-02	2.993572112e+00	3.648430977e-02	1.614175265e-11
-6.700000000e-02	2.993574129e+00	3.618848012e-02	8.913962482e-12
-6.800000000e-02	2.993576175e+00	3.589264768e-02	1.339090698e-11
-6.900000000e-02	2.993578248e+00	3.559681248e-02	1.021429128e-11
-7.000000000e-02	2.993580350e+00	3.530097450e-02	6.698175549e-12
-7.100000000e-02	2.993582480e+00	3.500513376e-02	1.080703377e-11
-7.200000000e-02	2.993584638e+00	3.470929027e-02	1.505374704e-11
-7.300000000e-02	2.993586823e+00	3.441344403e-02	1.272099062e-11
-7.400000000e-02	2.993589037e+00	3.411759505e-02	1.218531309e-11
-7.500000000e-02	2.993591279e+00	3.382174335e-02	1.177140178e-11
-7.600000000e-02	2.993593550e+00	3.352588892e-02	2.674321473e-11
-7.700000000e-02	2.993595848e+00	3.323003177e-02	1.105874873e-11
-7.800000000e-02	2.993598174e+00	3.293417193e-02	8.173803389e-12
-7.900000000e-02	2.993600528e+00	3.263830938e-02	1.542763897e-11
-8.000000000e-02	2.993602911e+00	3.234244414e-02	1.314558934e-11
-8.100000000e-02	2.993605321e+00	3.204657621e-02	1.061289330e-11
-8.200000000e-02	2.993607760e+00	3.175070561e-02	8.036903431e-12
-8.300000000e-02	2.993610226e+00	3.145483234e-02	1.491422353e-11
-8.400000000e-02	2.993612721e+00	3.115895641e-02	1.373385521e-11
-8.500000000e-02	2.993615244e+00	3.086307783e-02	1.426154327e-11
-8.600000000e-02	2.993617795e+00	3.056719661e-02	1.777157958e-11
-8.700000000e-02	2.993620374e+00	3.027131274e-02	1.307799266e-11
-8.800000000e-02	2.993622981e+00	2.997542625e-02	1.188130857e-11
-8.900000000e-02	2.993625616e+00	2.967953713e-02	1.476818778e-11
-9.000000000e-02	2.993628280e+00	2.938364540e-02	1.826324633e-11
-9.100000000e-02	2.993630971e+00	2.908775107e-02	1.803972365e-11
-9.200000000e-02	2.993633691e+00	2.879185414e-02	2.166662764e-11
-9.300000000e-02	2.993636438e+00	2.849595461e-02	1.501417359e-11
-9.400000000e-02	2.993639214e+00	2.820005250e-02	1.403078680e-11
-9.500000000e-02	2.993642018e+00	2.790414782e-02	1.774132955e-11
-9.600000000e-02	2.993644850e+00	2.760824057e-02	1.081353487e-11
-9.700000000e-02	2.993647710e+00	2.731233075e-02	7.923132818e-12
-9.800000000e-02	2.993650598e+00	2.701641839e-02	7.119888462e-12
-9.900000000e-02	2.993653514e+00	2.672050348e-02	6.695903222e-12
-1.000000000e-01	2.993656459e+00	2.642458604e-02	1.371252011e-11
-1.010000000e-01	2.993659431e+00	2.612866606e-02	1.573595409e-11
-1.020000000e-01	2.993662432e+00	2.583274357e-02	7.255334733e-12
-1.030000000e-01	2.993665461e+00	2.553681856e-02	6.239163620e-12
-1.040000000e-01	2.993668518e+00	2.524089105e-02	1.232055326e-11
-1.050000000e-01	2.993671603e+00	2.494496104e-02	6.877198618e-12
-1.060000000e-01	2.993674716e+00	2.464902854e-02	8.155751719e-12
-1.070000000e-01	2.993677857e+00	2.435309356e-02	1.469541006e-11
-1.080000000e-01	2.993681027e+00	2.405715610e-02	2.168144045e-11
-1.090000000e-01	2.993684224e+00	2.376121618e-02	1.508278200e-11
-1.100000000e-01	2.993687450e+00	2.346527380e-02	1.045620521e-11
-1.110000000e-01	2.993690704e+00	2.316932896e-02	7.396170873e-12
-1.120000000e-01	2.993693986e+00	2.287338169e-02	1.069200120e-11
-1.130000000e-01	2.993697296e+00	2.257743198e-02	4.037020072e-12
-1.140000000e-01	2.993700634e+00	2.228147983e-02	1.423777224e-11
-1.150000000e-01	2.993704001e+00	2.198552528e-02	7.367742209e-12
-1.160000000e-01	2.993707395e+00	2.168956830e-02	4.486322159e-12
-1.170000000e-01	2.993710818e+00	2.139360893e-02	2.100819230e-11
-1.180000000e-01	2.993714269e+00	2.109764716e-02	1.580310893e-11
-1.190000000e-01	2.993717748e+00	2.080168299e-02	9.963342667e-12
-1.200000000e-01	2.993721255e+00	2.050571645e-02	1.460687293e-11
-1.210000000e-01	2.993724791e+00	2.020974754e-02	1.924236500e-11
-1.220000000e-01	2.993728354e+00	1.991377626e-02	1.351458357e-11
-1.230000000e-01	2.993731946e+00	1.961780262e-02	1.044302011e-11
-1.240000000e-01	2.993735566e+00	1.932182663e-02	8.932888457e-12
-1.250000000e-01	2.993739214e+00	1.902584830e-02	6.969975638e-12
-1.260000000e-01	2.993742890e+00	1.872986764e-02	9.106000274e-12
-1.270000000e-01	2.993746595e+00	1.843388465e-02	1.431378748e-11
-1.280000000e-01	2.993750327e+00	1.813789934e-02	8.272567159e-12
-1.290000000e-01	2.993754088e+00	1.784191172e-02	1.248423652e-11
-1.300000000e-01	2.993757877e+00	1.754592180e-02	5.051904319e-12
-1.310000000e-01	2.993761694e+00	1.724992958e-02	1.515924713e-11
-1.320000000e-01	2.993765539e+00	1.695393508e-02	1.023574332e-11
-1.330000000e-01	2.993769413e+00	1.665793829e-02	1.585852405e-11
-1.340000000e-01	2.993773314e+00	1.636193924e-02	1.343597024e-11
-1.350000000e-01	2.993777244e+00	1.606593792e-02	9.412825276e-12
-1.360000000e-01	2.993781202e+00	1.576993435e-02	9.397280818e-12
-1.370000000e-01	2.993785188e+00	1.547392853e-02	1.357074930e-11
-1.380000000e-01	2.993789202e+00	1.517792046e-02	9.393657217e-12
-1.390000000e-01	2.993793245e+00	1.488191017e-02	1.300289833e-11
-1.400000000e-01	2.993797316e+00	1.458589765e-02	9.194215402e-12
-1.410000000e-01	2.993801415e+00	1.428988291e-02	8.147798598e-12
-1.420000000e-01	2.993805542e+00	1.399386596e-02	9.843546754e-12
-1.430000000e-01	2.993809697e+00	1.369784682e-02	1.156841777e-11
-1.440000000e-01	2.993813881e+00	1.340182548e-02	5.283256933e-12
-1.450000000e-01	2.993818093e+00	1.310580195e-02	8.989883806e-12
-1.460000000e-01	2.993822332e+00	1.280977625e-02	1.033176541e-11
-1.470000000e-01	2.993826601e+00	1.251374837e-02	2.407728774e-11
-1.480000000e-01	2.993830897e+00	1.221771834e-02	8.406307417e-12
-1.490000000e-01	2.993835222e+00	1.192168615e-02	8.387353547e-12
-1.500000000e-01	2.993839574e+00	1.162565182e-02	1.072468425e-11
-1.510000000e-01	2.993843955e+00	1.132961534e-02	1.047291766e-11
-1.520000000e-01	2.993848365e+00	1.103357674e-02	1.072229142e-11
-1.530000000e-01	2.993852802e+00	1.073753601e-02	6.957808883e-12
-1.540000000e-01	2.993857268e+00	1.044149317e-02	1.978610662e-11
-1.550000000e-01	2.993861762e+00	1.014544823e-02	6.597798747e-12
-1.560000000e-01	2.993866284e+00	9.849401175e-03	1.448382006e-11
-1.570000000e-01	2.993870834e+00	9.553352042e-03	2.102755647e-11
-1.580000000e-01	2.993875413e+00	9.257300817e-03	5.739412597e-12
-1.590000000e-01	2.993880019e+00	8.961247524e-03	1.068441647e-11
-1.600000000e-01	2.993884654e+00	8.665192158e-03	5.222510746e-12
-1.610000000e-01	2.993889318e+00	8.369134729e-03	1.627072051e-11
-1.620000000e-01	2.993894009e+00	8.073075256e-03	1.158135645e-11
-1.630000000e-01	2.993898729e+00	7.777013737e-03	7.005564206e-12
-1.640000000e-01	2.993903477e+00	7.480950181e-03	7.702908644e-12
-1.650000000e-01	2.993908253e+00	7.184884592e-03	1.707710375e-11
-1.660000000e-01	2.993913057e+00	6.888816994e-03	1.434292287e-11
-1.670000000e-01	2.993917890e+00	6.592747372e-03	1.005865111e-11
-1.680000000e-01	2.993922751e+00	6.296675750e-03	1.206909916e-11
-1.690000000e-01	2.993927640e+00	6.000602133e-03	7.427573655e-12
-1.700000000e-01	2.993932557e+00	5.704526528e-03	1.908381342e-11
-1.710000000e-01	2.993937503e+00	5.408448939e-03	1.394278402e-11
-1.720000000e-01	2.993942477e+00	5.112369374e-03	8.812281707e-12
-1.730000000e-01	2.993947479e+00	4.816287850e-03	1.151895710e-11
-1.740000000e-01	2.993952509e+00	4.520204367e-03	1.665554918e-11
-1.750000000e-01	2.993957568e+00	4.224118930e-03	6.770055039e-12
-1.760000000e-01	2.993962655e+00	3.928031554e-03	1.130265520e-11
-1.770000000e-01	2.993967770e+00	3.631942247e-03	1.953969846e-11
-1.780000000e-01	2.993972913e+00	3.335851012e-03	6.706655855e-12
-1.790000000e-01	2.993978085e+00	3.039757858e-03	7.839634699e-12
-1.800000000e-01	2.993983285e+00	2.743662798e-03	1.308934857e-11
-1.810000000e-01	2.993988513e+00	2.447565833e-03	8.286838234e-12
-1.820000000e-01	2.993993769e+00	2.151466971e-03	6.851381137e-12
-1.830000000e-01	2.993999054e+00	1.855366228e-03	8.421883802e-12
-1.840000000e-01	2.994004367e+00	1.559263603e-03	1.779583123e-11
-1.850000000e-01	2.994009708e+00	1.263159112e-03	1.407886153e-11
-1.860000000e-01	2.994015078e+00	9.670527552e-04	7.132647901e-12
-1.870000000e-01	2.994020476e+00	6.709445476e-04	1.816459464e-11
-1.880000000e-01	2.994025902e+00	3.748344853e-04	1.302816273e-11
-1.890000000e-01	2.994031356e+00	7.872258884e-05	1.506033198e-11
-1.900000000e-01	2.994036839e+00	-2.173911356e-04	1.104227964e-11
-1.910000000e-01	2.994042350e+00	-5.135066909e-04	1.721761086e-11
-1.920000000e-01	2.994047889e+00	-8.096240554e-04	9.409295573e-12
-1.930000000e-01	2.994053456e+00	-1.105743226e-03	1.030918573e-11
-1.940000000e-01	2.994059052e+00	-1.401864196e-03	1.237737097e-11
-1.950000000e-01	2.994064676e+00	-1.697986960e-03	1.116379550e-11
-1.960000000e-01	2.994070328e+00	-1.994111510e-03	9.442236477e-12
-1.970000000e-01	2.994076009e+00	-2.290237828e-03	1.250743229e-11
-1.980000000e-01	2.994081718e+00	-2.586365920e-03	1.883472169e-11
-1.990000000e-01	2.994087455e+00	-2.882495768e-03	6.132443946e-12
-2.000000000e-01	2.994093221e+00	-3.178627372e-03	1.678590574e-11
-2.010000000e-01	2.994099014e+00	-3.474760713e-03	7.363252739e-12
-2.020000000e-01	2.994104837e+00	-3.770895796e-03	8.539809191e-12
-2.030000000e-01	2.994110687e+00	-4.067032603e-03	2.950626594e-11
-2.040000000e-01	2.994116566e+00	-4.363171130e-03	8.774895568e-12
-2.050000000e-01	2.994122473e+00	-4.659311372e-03	5.912877615e-12
-2.060000000e-01	2.994128408e+00	-4.955453315e-03	8.853381518e-12
-2.070000000e-01	2.994134372e+00	-5.251596954e-03	1.300888957e-11
-2.080000000e-01	2.994140363e+00	-5.547742288e-03	8.407601104e-12
-2.090000000e-01	2.994146384e+00	-5.843889295e-03	1.345971620e-11
-2.100000000e-01	2.994152432e+00	-6.140037977e-03	7.319185467e-12
-2.110000000e-01	2.994158509e+00	-6.436188323e-03	8.264420957e-12
-2.120000000e-01	2.994164614e+00	-6.732340325e-03	8.113607676e-12
-2.130000000e-01	2.994170748e+00	-7.028493973e-03	1.290432633e-11
-2.140000000e-01	2.994176909e+00	-7.324649270e-03	1.948368249e-11
-2.150000000e-01	2.994183099e+00	-7.620806189e-03	1.430067691e-11
-2.160000000e-01	2.994189318e+00	-7.916964739e-03	6.620648987e-12
-2.170000000e-01	2.994195565e+00	-8.213124901e-03	2.016574253e-11
-2.180000000e-01	2.994201840e+00	-8.509286677e-03	9.493469822e-12
-2.190000000e-01	2.994208143e+00	-8.805450053e-03	7.670562866e-12
-2.200000000e-01	2.994214475e+00	-9.101615022e-03	9.225358430e-12
-2.210000000e-01	2.994220835e+00	-9.397781568e-03	1.723129481e-11
-2.220000000e-01	2.994227223e+00	-9.693949704e-03	1.544964568e-11
-2.230000000e-01	2.994233640e+00	-9.990119400e-03	9.504511584e-12
-2.240000000e-01	2.994240085e+00	-1.028629066e-02	6.963010668e-12
-2.250000000e-01	2.994246558e+00	-1.058246347e-02	1.632303168e-11
-2.260000000e-01	2.994253060e+00	-1.087863783e-02	1.245030760e-11
-2.270000000e-01	2.994259590e+00	-1.117481372e-02	9.227603403e-12
-2.280000000e-01	2.994266148e+00	-1.147099114e-02	1.440698862e-11
-2.290000000e-01	2.994272735e+00	-1.176717009e-02	7.728639864e-12
-2.300000000e-01	2.994279350e+00	-1.206335054e-02	9.980497593e-12
-2.310000000e-01	2.994285993e+00	-1.235953251e-02	9.843076920e-12
-2.320000000e-01	2.994292665e+00	-1.265571597e-02	4.783222069e-12
-2.330000000e-01	2.994299365e+00	-1.295190091e-02	1.236148357e-11
-2.340000000e-01	2.994306093e+00	-1.324808735e-02	6.659272320e-12
-2.350000000e-01	2.994312850e+00	-1.354427525e-02	1.021787657e-11
-2.360000000e-01	2.994319635e+00	-1.384046462e-02	1.156159505e-11
-2.370000000e-01	2.994326449e+00	-1.413665545e-02	9.851249755e-12
-2.380000000e-01	2.994333290e+00	-1.443284772e-02	9.059245346e-12
-2.390000000e-01	2.994340161e+00	-1.472904143e-02	1.587156774e-11
-2.400000000e-01	2.994347059e+00	-1.502523659e-02	7.608492242e-12
-2.410000000e-01	2.994353986e+00	-1.532143316e-02	1.105368545e-11
-2.420000000e-01	2.994360941e+00	-1.561763115e-02	1.626544407e-11
-2.430000000e-01	2.994367925e+00	-1.591383056e-02	1.160886348e-11
-2.440000000e-01	2.994374937e+00	-1.621003137e-02	2.424483232e-11
-2.450000000e-01	2.994381977e+00	-1.650623356e-02	1.389514548e-11
-2.460000000e-01	2.994389045e+00	-1.680243714e-02	7.945690793e-12
-2.470000000e-01	2.994396142e+00	-1.709864210e-02	7.242971917e-12
-2.480000000e-01	2.994403268e+00	-1.739484843e-02	8.613657351e-12
-2.490000000e-01	2.994410422e+00	-1.769105612e-02	1.260211798e-11
-2.500000000e-01	2.994417604e+00	-1.798726516e-02	2.084738280e-11
