# epsi_ci     Re(Lambda)      Im(Lambda)      Eq(det), R = 0.10 $\mu$m, $E_p$ = 0.900 eV, modo = 1, $\epsilon_\infty$ = 3.9, $\gamma_{DL}$ = 0.01 eV, solve_det_sinkz_vs_mu.py
0.000000000e+00	3.030160854e+00	5.773776438e-02	7.693461015e-12
-1.000000000e-03	3.030161394e+00	5.743934639e-02	1.383177301e-11
-2.000000000e-03	3.030161962e+00	5.714092516e-02	7.503353832e-12
-3.000000000e-03	3.030162558e+00	5.684250070e-02	6.049013743e-12
-4.000000000e-03	3.030163182e+00	5.654407301e-02	1.036460885e-11
-5.000000000e-03	3.030163834e+00	5.624564211e-02	7.809847376e-12
-6.000000000e-03	3.030164514e+00	5.594720799e-02	1.424660774e-11
-7.000000000e-03	3.030165223e+00	5.564877067e-02	1.850357921e-11
-8.000000000e-03	3.030165959e+00	5.535033016e-02	6.887694826e-12
-9.000000000e-03	3.030166724e+00	5.505188646e-02	1.571597752e-11
-1.000000000e-02	3.030167517e+00	5.475343958e-02	8.697164770e-12
-1.100000000e-02	3.030168337e+00	5.445498952e-02	2.640459545e-11
-1.200000000e-02	3.030169186e+00	5.415653631e-02	1.158845596e-11
-1.300000000e-02	3.030170063e+00	5.385807993e-02	1.917944231e-11
-1.400000000e-02	3.030170968e+00	5.355962040e-02	1.023062404e-11
-1.500000000e-02	3.030171902e+00	5.326115774e-02	7.904167271e-12
-1.600000000e-02	3.030172863e+00	5.296269193e-02	1.664403675e-11
-1.700000000e-02	3.030173852e+00	5.266422301e-02	5.749599118e-12
-1.800000000e-02	3.030174870e+00	5.236575096e-02	8.537391216e-12
-1.900000000e-02	3.030175915e+00	5.206727580e-02	7.036331295e-12
-2.000000000e-02	3.030176989e+00	5.176879753e-02	1.689739514e-11
-2.100000000e-02	3.030178091e+00	5.147031617e-02	1.758074234e-11
-2.200000000e-02	3.030179221e+00	5.117183172e-02	2.317079792e-11
-2.300000000e-02	3.030180379e+00	5.087334420e-02	2.762371110e-11
-2.400000000e-02	3.030181565e+00	5.057485360e-02	7.053830709e-12
-2.500000000e-02	3.030182780e+00	5.027635992e-02	1.879828908e-11
-2.600000000e-02	3.030184022e+00	4.997786320e-02	1.831371111e-11
-2.700000000e-02	3.030185293e+00	4.967936342e-02	7.486343998e-12
-2.800000000e-02	3.030186591e+00	4.938086060e-02	1.448330694e-11
-2.900000000e-02	3.030187918e+00	4.908235474e-02	1.403403743e-11
-3.000000000e-02	3.030189273e+00	4.878384586e-02	1.947004682e-11
-3.100000000e-02	3.030190656e+00	4.848533396e-02	1.156216316e-11
-3.200000000e-02	3.030192068e+00	4.818681905e-02	1.894091445e-11
-3.300000000e-02	3.030193507e+00	4.788830112e-02	1.770096946e-11
-3.400000000e-02	3.030194975e+00	4.758978021e-02	8.183259648e-12
-3.500000000e-02	3.030196470e+00	4.729125630e-02	8.912352078e-12
-3.600000000e-02	3.030197994e+00	4.699272941e-02	7.993271601e-12
-3.700000000e-02	3.030199546e+00	4.669419954e-02	7.903519701e-12
-3.800000000e-02	3.030201127e+00	4.639566672e-02	1.444952288e-11
-3.900000000e-02	3.030202735e+00	4.609713092e-02	1.853557215e-11
-4.000000000e-02	3.030204371e+00	4.579859219e-02	4.576635585e-12
-4.100000000e-02	3.030206036e+00	4.550005050e-02	1.277369009e-11
-4.200000000e-02	3.030207729e+00	4.520150588e-02	1.677688026e-11
-4.300000000e-02	3.030209450e+00	4.490295833e-02	1.656624334e-11
-4.400000000e-02	3.030211199e+00	4.460440786e-02	2.247666168e-11
-4.500000000e-02	3.030212976e+00	4.430585449e-02	7.875605521e-12
-4.600000000e-02	3.030214782e+00	4.400729820e-02	9.294427934e-12
-4.700000000e-02	3.030216615e+00	4.370873901e-02	1.675292191e-11
-4.800000000e-02	3.030218477e+00	4.341017694e-02	1.318448304e-11
-4.900000000e-02	3.030220367e+00	4.311161198e-02	1.275630001e-11
-5.000000000e-02	3.030222285e+00	4.281304415e-02	9.352572543e-12
-5.100000000e-02	3.030224232e+00	4.251447345e-02	1.894976230e-11
-5.200000000e-02	3.030226206e+00	4.221589990e-02	4.518902008e-12
-5.300000000e-02	3.030228209e+00	4.191732349e-02	2.168815006e-11
-5.400000000e-02	3.030230240e+00	4.161874424e-02	1.340612306e-11
-5.500000000e-02	3.030232299e+00	4.132016215e-02	9.272699953e-12
-5.600000000e-02	3.030234386e+00	4.102157723e-02	7.380195677e-12
-5.700000000e-02	3.030236502e+00	4.072298949e-02	8.317561608e-12
-5.800000000e-02	3.030238645e+00	4.042439894e-02	1.008680963e-11
-5.900000000e-02	3.030240817e+00	4.012580558e-02	1.190326875e-11
-6.000000000e-02	3.030243017e+00	3.982720942e-02	8.839220973e-12
-6.100000000e-02	3.030245245e+00	3.952861048e-02	1.021507049e-11
-6.200000000e-02	3.030247502e+00	3.923000875e-02	1.294323559e-11
-6.300000000e-02	3.030249786e+00	3.893140426e-02	1.624179826e-11
-6.400000000e-02	3.030252099e+00	3.863279698e-02	8.518364567e-12
-6.500000000e-02	3.030254440e+00	3.833418695e-02	2.294337815e-11
-6.600000000e-02	3.030256810e+00	3.803557418e-02	9.955799403e-12
-6.700000000e-02	3.030259207e+00	3.773695865e-02	1.770604305e-11
-6.800000000e-02	3.030261633e+00	3.743834039e-02	5.349826592e-12
-6.900000000e-02	3.030264087e+00	3.713971941e-02	7.611205305e-12
-7.000000000e-02	3.030266569e+00	3.684109570e-02	6.663927273e-12
-7.100000000e-02	3.030269079e+00	3.654246928e-02	1.578030963e-11
-7.200000000e-02	3.030271618e+00	3.624384015e-02	1.016296297e-11
-7.300000000e-02	3.030274185e+00	3.594520832e-02	7.382544650e-12
-7.400000000e-02	3.030276780e+00	3.564657381e-02	1.260170503e-11
-7.500000000e-02	3.030279403e+00	3.534793661e-02	6.426948074e-12
-7.600000000e-02	3.030282055e+00	3.504929674e-02	1.767368415e-11
-7.700000000e-02	3.030284734e+00	3.475065420e-02	1.092267004e-11
-7.800000000e-02	3.030287442e+00	3.445200900e-02	7.230515241e-12
-7.900000000e-02	3.030290178e+00	3.415336115e-02	6.554428309e-12
-8.000000000e-02	3.030292943e+00	3.385471066e-02	9.468124565e-12
-8.100000000e-02	3.030295736e+00	3.355605753e-02	1.210091782e-11
-8.200000000e-02	3.030298556e+00	3.325740177e-02	1.039624542e-11
-8.300000000e-02	3.030301406e+00	3.295874340e-02	5.887424035e-12
-8.400000000e-02	3.030304283e+00	3.266008241e-02	6.399886512e-12
-8.500000000e-02	3.030307189e+00	3.236141882e-02	2.044141301e-11
-8.600000000e-02	3.030310123e+00	3.206275262e-02	2.210707896e-11
-8.700000000e-02	3.030313085e+00	3.176408384e-02	1.083531526e-11
-8.800000000e-02	3.030316075e+00	3.146541248e-02	1.102363710e-11
-8.900000000e-02	3.030319094e+00	3.116673854e-02	7.590332397e-12
-9.000000000e-02	3.030322141e+00	3.086806203e-02	1.871877723e-11
-9.100000000e-02	3.030325216e+00	3.056938298e-02	1.123868554e-11
-9.200000000e-02	3.030328319e+00	3.027070136e-02	1.078055226e-11
-9.300000000e-02	3.030331451e+00	2.997201721e-02	2.039003347e-11
-9.400000000e-02	3.030334611e+00	2.967333052e-02	2.084225876e-11
-9.500000000e-02	3.030337799e+00	2.937464130e-02	1.370972263e-11
-9.600000000e-02	3.030341016e+00	2.907594956e-02	7.055697352e-12
-9.700000000e-02	3.030344260e+00	2.877725531e-02	9.256635526e-12
-9.800000000e-02	3.030347533e+00	2.847855856e-02	1.771681770e-11
-9.900000000e-02	3.030350835e+00	2.817985930e-02	1.097438885e-11
-1.000000000e-01	3.030354164e+00	2.788115757e-02	6.916227217e-12
-1.010000000e-01	3.030357522e+00	2.758245335e-02	8.375413340e-12
-1.020000000e-01	3.030360908e+00	2.728374665e-02	9.567786606e-12
-1.030000000e-01	3.030364323e+00	2.698503749e-02	1.031707034e-11
-1.040000000e-01	3.030367765e+00	2.668632588e-02	1.307175031e-11
-1.050000000e-01	3.030371236e+00	2.638761182e-02	2.197302695e-11
-1.060000000e-01	3.030374736e+00	2.608889530e-02	1.363741478e-11
-1.070000000e-01	3.030378263e+00	2.579017636e-02	9.106682399e-12
-1.080000000e-01	3.030381819e+00	2.549145499e-02	1.439029215e-11
-1.090000000e-01	3.030385403e+00	2.519273120e-02	8.961662871e-12
-1.100000000e-01	3.030389016e+00	2.489400500e-02	7.822139759e-12
-1.110000000e-01	3.030392656e+00	2.459527640e-02	1.671628739e-11
-1.120000000e-01	3.030396326e+00	2.429654540e-02	1.671998401e-11
-1.130000000e-01	3.030400023e+00	2.399781202e-02	3.022059654e-11
-1.140000000e-01	3.030403748e+00	2.369907625e-02	7.884803322e-12
-1.150000000e-01	3.030407502e+00	2.340033811e-02	1.319765176e-11
-1.160000000e-01	3.030411285e+00	2.310159761e-02	4.522646984e-12
-1.170000000e-01	3.030415095e+00	2.280285475e-02	1.471625816e-11
-1.180000000e-01	3.030418934e+00	2.250410954e-02	6.161944080e-12
-1.190000000e-01	3.030422801e+00	2.220536200e-02	1.756374548e-11
-1.200000000e-01	3.030426697e+00	2.190661212e-02	7.665497267e-12
-1.210000000e-01	3.030430621e+00	2.160785991e-02	1.702416431e-11
-1.220000000e-01	3.030434573e+00	2.130910539e-02	1.003650743e-11
-1.230000000e-01	3.030438553e+00	2.101034855e-02	1.639402312e-11
-1.240000000e-01	3.030442562e+00	2.071158941e-02	8.516966882e-12
-1.250000000e-01	3.030446599e+00	2.041282798e-02	9.227789165e-12
-1.260000000e-01	3.030450664e+00	2.011406427e-02	6.551681620e-12
-1.270000000e-01	3.030454758e+00	1.981529827e-02	1.595010067e-11
-1.280000000e-01	3.030458880e+00	1.951653001e-02	2.541954565e-11
-1.290000000e-01	3.030463031e+00	1.921775948e-02	1.506198174e-11
-1.300000000e-01	3.030467209e+00	1.891898670e-02	1.202377677e-11
-1.310000000e-01	3.030471416e+00	1.862021166e-02	1.655875674e-11
-1.320000000e-01	3.030475652e+00	1.832143439e-02	6.333010179e-12
-1.330000000e-01	3.030479915e+00	1.802265489e-02	1.132037838e-11
-1.340000000e-01	3.030484207e+00	1.772387316e-02	9.277471239e-12
-1.350000000e-01	3.030488528e+00	1.742508922e-02	9.852417481e-12
-1.360000000e-01	3.030492877e+00	1.712630307e-02	9.670422211e-12
-1.370000000e-01	3.030497254e+00	1.682751472e-02	8.970642696e-12
-1.380000000e-01	3.030501659e+00	1.652872418e-02	1.304258817e-11
-1.390000000e-01	3.030506093e+00	1.622993145e-02	1.310956224e-11
-1.400000000e-01	3.030510555e+00	1.593113655e-02	9.903294203e-12
-1.410000000e-01	3.030515045e+00	1.563233947e-02	1.269634184e-11
-1.420000000e-01	3.030519564e+00	1.533354024e-02	1.124467217e-11
-1.430000000e-01	3.030524111e+00	1.503473884e-02	1.598181722e-11
-1.440000000e-01	3.030528687e+00	1.473593532e-02	9.828324531e-12
-1.450000000e-01	3.030533291e+00	1.443712964e-02	1.061381656e-11
-1.460000000e-01	3.030537923e+00	1.413832184e-02	1.287051089e-11
-1.470000000e-01	3.030542584e+00	1.383951192e-02	8.384026181e-12
-1.480000000e-01	3.030547273e+00	1.354069988e-02	4.454121749e-12
-1.490000000e-01	3.030551990e+00	1.324188573e-02	7.838732865e-12
-1.500000000e-01	3.030556736e+00	1.294306949e-02	1.157288978e-11
-1.510000000e-01	3.030561510e+00	1.264425116e-02	8.752004795e-12
-1.520000000e-01	3.030566312e+00	1.234543074e-02	1.076880157e-11
-1.530000000e-01	3.030571143e+00	1.204660825e-02	5.930271295e-12
-1.540000000e-01	3.030576002e+00	1.174778369e-02	1.025411368e-11
-1.550000000e-01	3.030580890e+00	1.144895707e-02	8.325083975e-12
-1.560000000e-01	3.030585806e+00	1.115012840e-02	2.023661989e-11
-1.570000000e-01	3.030590750e+00	1.085129769e-02	2.266761487e-11
-1.580000000e-01	3.030595723e+00	1.055246494e-02	1.156698481e-11
-1.590000000e-01	3.030600724e+00	1.025363016e-02	1.156268508e-11
-1.600000000e-01	3.030605753e+00	9.954793363e-03	1.353889274e-11
-1.610000000e-01	3.030610811e+00	9.655954553e-03	7.382968140e-12
-1.620000000e-01	3.030615897e+00	9.357113740e-03	8.372532738e-12
-1.630000000e-01	3.030621012e+00	9.058270928e-03	1.856822717e-11
-1.640000000e-01	3.030626155e+00	8.759426133e-03	1.581256031e-11
-1.650000000e-01	3.030631326e+00	8.460579352e-03	9.768918634e-12
-1.660000000e-01	3.030636526e+00	8.161730602e-03	9.077908223e-12
-1.670000000e-01	3.030641754e+00	7.862879885e-03	1.490446757e-11
-1.680000000e-01	3.030647011e+00	7.564027207e-03	2.031709067e-11
-1.690000000e-01	3.030652296e+00	7.265172589e-03	7.754599929e-12
-1.700000000e-01	3.030657609e+00	6.966316021e-03	1.244713990e-11
-1.710000000e-01	3.030662951e+00	6.667457524e-03	9.072395765e-12
-1.720000000e-01	3.030668321e+00	6.368597099e-03	2.564655415e-11
-1.730000000e-01	3.030673719e+00	6.069734763e-03	1.482969909e-11
-1.740000000e-01	3.030679146e+00	5.770870511e-03	9.280982146e-12
-1.750000000e-01	3.030684602e+00	5.472004357e-03	8.547461671e-12
-1.760000000e-01	3.030690085e+00	5.173136307e-03	2.438970040e-11
-1.770000000e-01	3.030695598e+00	4.874266377e-03	1.295858010e-11
-1.780000000e-01	3.030701138e+00	4.575394563e-03	1.274122478e-11
-1.790000000e-01	3.030706707e+00	4.276520884e-03	7.784564700e-12
-1.800000000e-01	3.030712305e+00	3.977645335e-03	2.283120227e-11
-1.810000000e-01	3.030717931e+00	3.678767937e-03	1.395258945e-11
-1.820000000e-01	3.030723585e+00	3.379888691e-03	2.320741623e-11
-1.830000000e-01	3.030729268e+00	3.081007606e-03	1.412290748e-11
-1.840000000e-01	3.030734979e+00	2.782124691e-03	1.592670146e-11
-1.850000000e-01	3.030740718e+00	2.483239958e-03	1.659010864e-11
-1.860000000e-01	3.030746486e+00	2.184353400e-03	8.090489356e-12
-1.870000000e-01	3.030752282e+00	1.885465042e-03	8.115070591e-12
-1.880000000e-01	3.030758107e+00	1.586574880e-03	1.271816638e-11
-1.890000000e-01	3.030763961e+00	1.287682928e-03	1.050701402e-11
-1.900000000e-01	3.030769842e+00	9.887891923e-04	2.260873254e-11
-1.910000000e-01	3.030775752e+00	6.898936840e-04	8.927561071e-12
-1.920000000e-01	3.030781691e+00	3.909964015e-04	2.557672351e-11
-1.930000000e-01	3.030787658e+00	9.209736988e-05	1.433092423e-11
-1.940000000e-01	3.030793653e+00	-2.068034207e-04	1.077850530e-11
-1.950000000e-01	3.030799677e+00	-5.057059609e-04	2.172788409e-11
-1.960000000e-01	3.030805729e+00	-8.046102283e-04	1.254536871e-11
-1.970000000e-01	3.030811810e+00	-1.103516227e-03	1.399152507e-11
-1.980000000e-01	3.030817919e+00	-1.402423942e-03	6.184748329e-12
-1.990000000e-01	3.030824057e+00	-1.701333373e-03	1.183638078e-11
-2.000000000e-01	3.030830223e+00	-2.000244510e-03	1.190476696e-11
-2.010000000e-01	3.030836417e+00	-2.299157342e-03	1.365172561e-11
-2.020000000e-01	3.030842640e+00	-2.598071858e-03	9.189938068e-12
-2.030000000e-01	3.030848892e+00	-2.896988058e-03	5.255359084e-12
-2.040000000e-01	3.030855172e+00	-3.195905931e-03	5.629959794e-12
-2.050000000e-01	3.030861480e+00	-3.494825470e-03	5.471842160e-12
-2.060000000e-01	3.030867817e+00	-3.793746667e-03	1.127697836e-11
-2.070000000e-01	3.030874182e+00	-4.092669510e-03	9.494885378e-12
-2.080000000e-01	3.030880576e+00	-4.391593995e-03	1.657773720e-11
-2.090000000e-01	3.030886998e+00	-4.690520109e-03	6.432424300e-12
-2.100000000e-01	3.030893448e+00	-4.989447848e-03	1.715820554e-11
-2.110000000e-01	3.030899927e+00	-5.288377213e-03	9.186435961e-12
-2.120000000e-01	3.030906435e+00	-5.587308177e-03	2.434768388e-11
-2.130000000e-01	3.030912971e+00	-5.886240744e-03	2.684026473e-11
-2.140000000e-01	3.030919535e+00	-6.185174915e-03	1.259744963e-11
-2.150000000e-01	3.030926128e+00	-6.484110661e-03	7.890581506e-12
-2.160000000e-01	3.030932750e+00	-6.783047987e-03	1.134210140e-11
-2.170000000e-01	3.030939400e+00	-7.081986881e-03	9.880357799e-12
-2.180000000e-01	3.030946078e+00	-7.380927338e-03	7.694490642e-12
-2.190000000e-01	3.030952785e+00	-7.679869350e-03	1.996854294e-11
-2.200000000e-01	3.030959520e+00	-7.978812903e-03	1.975987485e-11
-2.210000000e-01	3.030966284e+00	-8.277757998e-03	1.008462001e-11
-2.220000000e-01	3.030973076e+00	-8.576704624e-03	1.038424732e-11
-2.230000000e-01	3.030979897e+00	-8.875652771e-03	1.874085706e-11
-2.240000000e-01	3.030986746e+00	-9.174602429e-03	1.152617150e-11
-2.250000000e-01	3.030993624e+00	-9.473553595e-03	2.047056935e-11
-2.260000000e-01	3.031000530e+00	-9.772506252e-03	1.425661791e-11
-2.270000000e-01	3.031007465e+00	-1.007146041e-02	1.651152042e-11
-2.280000000e-01	3.031014428e+00	-1.037041604e-02	1.448207306e-11
-2.290000000e-01	3.031021419e+00	-1.066937315e-02	2.140248538e-11
-2.300000000e-01	3.031028439e+00	-1.096833172e-02	1.707330973e-11
-2.310000000e-01	3.031035488e+00	-1.126729176e-02	1.904666728e-11
-2.320000000e-01	3.031042565e+00	-1.156625324e-02	1.026505031e-11
-2.330000000e-01	3.031049671e+00	-1.186521616e-02	6.264828854e-12
-2.340000000e-01	3.031056805e+00	-1.216418052e-02	1.649727586e-11
-2.350000000e-01	3.031063968e+00	-1.246314631e-02	2.352369452e-11
-2.360000000e-01	3.031071159e+00	-1.276211351e-02	9.512864491e-12
-2.370000000e-01	3.031078378e+00	-1.306108212e-02	7.147338870e-12
-2.380000000e-01	3.031085626e+00	-1.336005213e-02	2.855126869e-11
-2.390000000e-01	3.031092903e+00	-1.365902355e-02	8.188200290e-12
-2.400000000e-01	3.031100208e+00	-1.395799634e-02	7.058841825e-12
-2.410000000e-01	3.031107542e+00	-1.425697052e-02	7.744395600e-12
-2.420000000e-01	3.031114904e+00	-1.455594606e-02	1.039882836e-11
-2.430000000e-01	3.031122295e+00	-1.485492297e-02	5.899199567e-12
-2.440000000e-01	3.031129714e+00	-1.515390123e-02	1.008377173e-11
-2.450000000e-01	3.031137161e+00	-1.545288084e-02	8.883909581e-12
-2.460000000e-01	3.031144637e+00	-1.575186178e-02	1.296899745e-11
-2.470000000e-01	3.031152142e+00	-1.605084406e-02	1.029899308e-11
-2.480000000e-01	3.031159675e+00	-1.634982766e-02	1.312646734e-11
-2.490000000e-01	3.031167237e+00	-1.664881258e-02	1.254152909e-11
-2.500000000e-01	3.031174827e+00	-1.694779879e-02	8.036248692e-12
