# epsi_ci     Re(Lambda)      Im(Lambda)      Eq(det), R = 0.10 $\mu$m, $E_p$ = 0.900 eV, modo = 1, $\epsilon_\infty$ = 3.9, $\gamma_{DL}$ = 0.01 eV, solve_det_sinkz_vs_mu.py
0.000000000e+00	3.040434670e+00	5.836640569e-02	1.327731867e-11
-1.000000000e-03	3.040435287e+00	5.806743754e-02	1.463927884e-11
-2.000000000e-03	3.040435932e+00	5.776846614e-02	2.951669553e-11
-3.000000000e-03	3.040436605e+00	5.746949153e-02	8.655894541e-12
-4.000000000e-03	3.040437306e+00	5.717051369e-02	1.454866156e-11
-5.000000000e-03	3.040438036e+00	5.687153265e-02	1.765172720e-11
-6.000000000e-03	3.040438793e+00	5.657254840e-02	1.817220457e-11
-7.000000000e-03	3.040439578e+00	5.627356095e-02	1.959124329e-11
-8.000000000e-03	3.040440391e+00	5.597457032e-02	1.039734612e-11
-9.000000000e-03	3.040441233e+00	5.567557650e-02	9.975964797e-12
-1.000000000e-02	3.040442102e+00	5.537657951e-02	1.028955408e-11
-1.100000000e-02	3.040443000e+00	5.507757936e-02	1.348765928e-11
-1.200000000e-02	3.040443926e+00	5.477857605e-02	1.494862680e-11
-1.300000000e-02	3.040444879e+00	5.447956958e-02	5.019995468e-12
-1.400000000e-02	3.040445861e+00	5.418055997e-02	1.831165204e-11
-1.500000000e-02	3.040446871e+00	5.388154723e-02	1.938982782e-11
-1.600000000e-02	3.040447909e+00	5.358253136e-02	1.016621517e-11
-1.700000000e-02	3.040448975e+00	5.328351236e-02	2.001014164e-11
-1.800000000e-02	3.040450069e+00	5.298449026e-02	1.036326195e-11
-1.900000000e-02	3.040451191e+00	5.268546505e-02	1.580497131e-11
-2.000000000e-02	3.040452341e+00	5.238643674e-02	1.167585020e-11
-2.100000000e-02	3.040453520e+00	5.208740534e-02	6.074475680e-12
-2.200000000e-02	3.040454726e+00	5.178837086e-02	1.607133649e-11
-2.300000000e-02	3.040455961e+00	5.148933330e-02	3.371340579e-12
-2.400000000e-02	3.040457223e+00	5.119029268e-02	1.310801243e-11
-2.500000000e-02	3.040458514e+00	5.089124900e-02	6.644343596e-12
-2.600000000e-02	3.040459833e+00	5.059220226e-02	1.778830369e-11
-2.700000000e-02	3.040461180e+00	5.029315248e-02	8.928619844e-12
-2.800000000e-02	3.040462555e+00	4.999409965e-02	1.572923119e-11
-2.900000000e-02	3.040463958e+00	4.969504381e-02	8.533963510e-12
-3.000000000e-02	3.040465389e+00	4.939598494e-02	1.374232436e-11
-3.100000000e-02	3.040466848e+00	4.909692305e-02	5.115331614e-12
-3.200000000e-02	3.040468336e+00	4.879785816e-02	2.133292514e-11
-3.300000000e-02	3.040469851e+00	4.849879027e-02	8.766434412e-12
-3.400000000e-02	3.040471395e+00	4.819971938e-02	2.065340163e-11
-3.500000000e-02	3.040472967e+00	4.790064551e-02	1.051324276e-11
-3.600000000e-02	3.040474567e+00	4.760156867e-02	9.057179210e-12
-3.700000000e-02	3.040476195e+00	4.730248886e-02	1.239889402e-11
-3.800000000e-02	3.040477851e+00	4.700340608e-02	7.997280104e-12
-3.900000000e-02	3.040479535e+00	4.670432035e-02	8.824113480e-12
-4.000000000e-02	3.040481247e+00	4.640523168e-02	8.575687984e-12
-4.100000000e-02	3.040482988e+00	4.610614006e-02	2.592820040e-11
-4.200000000e-02	3.040484757e+00	4.580704552e-02	9.393731092e-12
-4.300000000e-02	3.040486553e+00	4.550794805e-02	1.272386320e-11
-4.400000000e-02	3.040488378e+00	4.520884766e-02	1.774379534e-11
-4.500000000e-02	3.040490231e+00	4.490974437e-02	1.917367371e-11
-4.600000000e-02	3.040492112e+00	4.461063818e-02	9.240380787e-12
-4.700000000e-02	3.040494022e+00	4.431152909e-02	1.397898954e-11
-4.800000000e-02	3.040495959e+00	4.401241713e-02	1.916300265e-11
-4.900000000e-02	3.040497925e+00	4.371330228e-02	1.908564114e-11
-5.000000000e-02	3.040499919e+00	4.341418456e-02	1.741657201e-11
-5.100000000e-02	3.040501941e+00	4.311506397e-02	9.279374101e-12
-5.200000000e-02	3.040503991e+00	4.281594054e-02	1.817030789e-11
-5.300000000e-02	3.040506069e+00	4.251681426e-02	1.003421056e-11
-5.400000000e-02	3.040508175e+00	4.221768513e-02	8.995329296e-12
-5.500000000e-02	3.040510310e+00	4.191855318e-02	9.041811833e-12
-5.600000000e-02	3.040512472e+00	4.161941840e-02	8.068309207e-12
-5.700000000e-02	3.040514663e+00	4.132028080e-02	1.779393111e-11
-5.800000000e-02	3.040516882e+00	4.102114040e-02	7.785596166e-12
-5.900000000e-02	3.040519130e+00	4.072199719e-02	8.457321046e-12
-6.000000000e-02	3.040521405e+00	4.042285120e-02	1.798106852e-11
-6.100000000e-02	3.040523708e+00	4.012370241e-02	8.478649480e-12
-6.200000000e-02	3.040526040e+00	3.982455085e-02	1.721441198e-11
-6.300000000e-02	3.040528400e+00	3.952539651e-02	1.649629970e-11
-6.400000000e-02	3.040530788e+00	3.922623941e-02	1.039409436e-11
-6.500000000e-02	3.040533204e+00	3.892707956e-02	1.053480114e-11
-6.600000000e-02	3.040535649e+00	3.862791695e-02	1.619600129e-11
-6.700000000e-02	3.040538121e+00	3.832875162e-02	8.273398130e-12
-6.800000000e-02	3.040540622e+00	3.802958354e-02	8.930564621e-12
-6.900000000e-02	3.040543151e+00	3.773041274e-02	1.028894760e-11
-7.000000000e-02	3.040545708e+00	3.743123922e-02	8.995112826e-12
-7.100000000e-02	3.040548293e+00	3.713206299e-02	2.317182758e-11
-7.200000000e-02	3.040550907e+00	3.683288407e-02	1.188283240e-11
-7.300000000e-02	3.040553549e+00	3.653370245e-02	1.490700803e-11
-7.400000000e-02	3.040556218e+00	3.623451814e-02	2.209175042e-11
-7.500000000e-02	3.040558917e+00	3.593533115e-02	8.287464154e-12
-7.600000000e-02	3.040561643e+00	3.563614149e-02	1.519416315e-11
-7.700000000e-02	3.040564397e+00	3.533694917e-02	1.183169497e-11
-7.800000000e-02	3.040567180e+00	3.503775419e-02	5.144514079e-12
-7.900000000e-02	3.040569991e+00	3.473855657e-02	1.963517915e-11
-8.000000000e-02	3.040572830e+00	3.443935630e-02	1.138107805e-11
-8.100000000e-02	3.040575697e+00	3.414015340e-02	1.674832425e-11
-8.200000000e-02	3.040578593e+00	3.384094787e-02	1.114747285e-11
-8.300000000e-02	3.040581517e+00	3.354173973e-02	1.480465594e-11
-8.400000000e-02	3.040584469e+00	3.324252898e-02	1.186202588e-11
-8.500000000e-02	3.040587449e+00	3.294331562e-02	1.770648269e-11
-8.600000000e-02	3.040590457e+00	3.264409967e-02	2.117639331e-11
-8.700000000e-02	3.040593494e+00	3.234488113e-02	8.922324568e-12
-8.800000000e-02	3.040596559e+00	3.204566002e-02	3.377085301e-11
-8.900000000e-02	3.040599652e+00	3.174643633e-02	6.669129987e-12
-9.000000000e-02	3.040602773e+00	3.144721008e-02	2.246200355e-11
-9.100000000e-02	3.040605923e+00	3.114798128e-02	1.265877979e-11
-9.200000000e-02	3.040609100e+00	3.084874992e-02	1.555805928e-11
-9.300000000e-02	3.040612306e+00	3.054951602e-02	1.377876808e-11
-9.400000000e-02	3.040615541e+00	3.025027959e-02	1.461426368e-11
-9.500000000e-02	3.040618803e+00	2.995104064e-02	1.230048261e-11
-9.600000000e-02	3.040622094e+00	2.965179917e-02	7.679879150e-12
-9.700000000e-02	3.040625413e+00	2.935255519e-02	8.811723245e-12
-9.800000000e-02	3.040628760e+00	2.905330870e-02	1.644820928e-11
-9.900000000e-02	3.040632135e+00	2.875405973e-02	1.436591868e-11
-1.000000000e-01	3.040635539e+00	2.845480826e-02	8.596125332e-12
-1.010000000e-01	3.040638971e+00	2.815555432e-02	1.342377071e-11
-1.020000000e-01	3.040642431e+00	2.785629790e-02	9.684158218e-12
-1.030000000e-01	3.040645919e+00	2.755703903e-02	1.338695671e-11
-1.040000000e-01	3.040649436e+00	2.725777769e-02	1.541992076e-11
-1.050000000e-01	3.040652981e+00	2.695851391e-02	1.310298779e-11
-1.060000000e-01	3.040656554e+00	2.665924769e-02	1.108235003e-11
-1.070000000e-01	3.040660155e+00	2.635997903e-02	1.303855223e-11
-1.080000000e-01	3.040663785e+00	2.606070795e-02	1.639782951e-11
-1.090000000e-01	3.040667443e+00	2.576143446e-02	1.105776864e-11
-1.100000000e-01	3.040671129e+00	2.546215854e-02	9.908536875e-12
-1.110000000e-01	3.040674844e+00	2.516288024e-02	8.402835294e-12
-1.120000000e-01	3.040678587e+00	2.486359953e-02	1.349494489e-11
-1.130000000e-01	3.040682358e+00	2.456431645e-02	8.715882602e-12
-1.140000000e-01	3.040686157e+00	2.426503098e-02	1.571923194e-11
-1.150000000e-01	3.040689984e+00	2.396574314e-02	1.429714596e-11
-1.160000000e-01	3.040693840e+00	2.366645293e-02	2.548984450e-11
-1.170000000e-01	3.040697724e+00	2.336716038e-02	1.330393996e-11
-1.180000000e-01	3.040701637e+00	2.306786548e-02	1.756484692e-11
-1.190000000e-01	3.040705577e+00	2.276856823e-02	1.739091083e-11
-1.200000000e-01	3.040709546e+00	2.246926865e-02	7.929727642e-12
-1.210000000e-01	3.040713544e+00	2.216996675e-02	1.502111365e-11
-1.220000000e-01	3.040717569e+00	2.187066254e-02	2.447852566e-11
-1.230000000e-01	3.040721623e+00	2.157135601e-02	7.901523222e-12
-1.240000000e-01	3.040725705e+00	2.127204717e-02	2.049150846e-11
-1.250000000e-01	3.040729815e+00	2.097273605e-02	1.745636081e-11
-1.260000000e-01	3.040733954e+00	2.067342265e-02	1.229400692e-11
-1.270000000e-01	3.040738121e+00	2.037410696e-02	1.080302326e-11
-1.280000000e-01	3.040742316e+00	2.007478901e-02	8.491225266e-12
-1.290000000e-01	3.040746540e+00	1.977546879e-02	1.137152320e-11
-1.300000000e-01	3.040750792e+00	1.947614632e-02	9.167962621e-12
-1.310000000e-01	3.040755072e+00	1.917682160e-02	7.699395498e-12
-1.320000000e-01	3.040759380e+00	1.887749464e-02	1.334215322e-11
-1.330000000e-01	3.040763717e+00	1.857816545e-02	9.029528302e-12
-1.340000000e-01	3.040768082e+00	1.827883404e-02	1.703947518e-11
-1.350000000e-01	3.040772476e+00	1.797950041e-02	5.624563277e-12
-1.360000000e-01	3.040776897e+00	1.768016457e-02	1.130177054e-11
-1.370000000e-01	3.040781347e+00	1.738082653e-02	1.428551963e-11
-1.380000000e-01	3.040785826e+00	1.708148631e-02	2.048990615e-11
-1.390000000e-01	3.040790332e+00	1.678214389e-02	1.135245675e-11
-1.400000000e-01	3.040794867e+00	1.648279930e-02	1.006783992e-11
-1.410000000e-01	3.040799431e+00	1.618345254e-02	1.450419086e-11
-1.420000000e-01	3.040804022e+00	1.588410362e-02	1.754595522e-11
-1.430000000e-01	3.040808642e+00	1.558475254e-02	2.013660292e-11
-1.440000000e-01	3.040813290e+00	1.528539932e-02	1.113990921e-11
-1.450000000e-01	3.040817967e+00	1.498604396e-02	1.245873454e-11
-1.460000000e-01	3.040822672e+00	1.468668647e-02	1.460545861e-11
-1.470000000e-01	3.040827405e+00	1.438732686e-02	1.323043764e-11
-1.480000000e-01	3.040832167e+00	1.408796513e-02	9.455933688e-12
-1.490000000e-01	3.040836956e+00	1.378860130e-02	1.332354956e-11
-1.500000000e-01	3.040841775e+00	1.348923537e-02	6.235483133e-12
-1.510000000e-01	3.040846621e+00	1.318986734e-02	9.022265625e-12
-1.520000000e-01	3.040851496e+00	1.289049723e-02	8.244538901e-12
-1.530000000e-01	3.040856399e+00	1.259112505e-02	1.145385160e-11
-1.540000000e-01	3.040861331e+00	1.229175080e-02	8.001381619e-12
-1.550000000e-01	3.040866291e+00	1.199237449e-02	9.900094262e-12
-1.560000000e-01	3.040871279e+00	1.169299613e-02	2.617465308e-11
-1.570000000e-01	3.040876296e+00	1.139361572e-02	9.191295540e-12
-1.580000000e-01	3.040881341e+00	1.109423327e-02	2.015969939e-11
-1.590000000e-01	3.040886414e+00	1.079484880e-02	6.180318653e-12
-1.600000000e-01	3.040891516e+00	1.049546231e-02	1.261572627e-11
-1.610000000e-01	3.040896646e+00	1.019607379e-02	9.313763225e-12
-1.620000000e-01	3.040901804e+00	9.896683284e-03	9.477000904e-12
-1.630000000e-01	3.040906991e+00	9.597290770e-03	9.912449372e-12
-1.640000000e-01	3.040912206e+00	9.297896273e-03	1.884437522e-11
-1.650000000e-01	3.040917449e+00	8.998499790e-03	8.301781602e-12
-1.660000000e-01	3.040922721e+00	8.699101333e-03	9.088557803e-12
-1.670000000e-01	3.040928021e+00	8.399700909e-03	5.599008780e-12
-1.680000000e-01	3.040933350e+00	8.100298527e-03	6.400437606e-12
-1.690000000e-01	3.040938707e+00	7.800894196e-03	1.091890181e-11
-1.700000000e-01	3.040944092e+00	7.501487916e-03	9.044091887e-12
-1.710000000e-01	3.040949506e+00	7.202079708e-03	1.617789216e-11
-1.720000000e-01	3.040954948e+00	6.902669569e-03	1.467847228e-11
-1.730000000e-01	3.040960418e+00	6.603257511e-03	1.346011776e-11
-1.740000000e-01	3.040965917e+00	6.303843542e-03	9.744808682e-12
-1.750000000e-01	3.040971444e+00	6.004427673e-03	6.738161380e-12
-1.760000000e-01	3.040977000e+00	5.705009901e-03	1.341200370e-11
-1.770000000e-01	3.040982583e+00	5.405590250e-03	1.940005627e-11
-1.780000000e-01	3.040988196e+00	5.106168709e-03	6.930918897e-12
-1.790000000e-01	3.040993836e+00	4.806745299e-03	1.171010023e-11
-1.800000000e-01	3.040999505e+00	4.507320029e-03	8.440834871e-12
-1.810000000e-01	3.041005203e+00	4.207892894e-03	2.237273371e-11
-1.820000000e-01	3.041010929e+00	3.908463919e-03	1.172685767e-11
-1.830000000e-01	3.041016683e+00	3.609033096e-03	1.124805168e-11
-1.840000000e-01	3.041022465e+00	3.309600446e-03	1.308784528e-11
-1.850000000e-01	3.041028276e+00	3.010165964e-03	2.633273215e-11
-1.860000000e-01	3.041034116e+00	2.710729670e-03	8.806872617e-12
-1.870000000e-01	3.041039984e+00	2.411291561e-03	1.018009839e-11
-1.880000000e-01	3.041045880e+00	2.111851658e-03	1.472035848e-11
-1.890000000e-01	3.041051804e+00	1.812409951e-03	2.136139923e-11
-1.900000000e-01	3.041057757e+00	1.512966467e-03	9.749585694e-12
-1.910000000e-01	3.041063739e+00	1.213521199e-03	6.764104681e-12
-1.920000000e-01	3.041069748e+00	9.140741624e-04	5.719650355e-12
-1.930000000e-01	3.041075787e+00	6.146253641e-04	1.367896793e-11
-1.940000000e-01	3.041081853e+00	3.151748056e-04	3.206633913e-11
-1.950000000e-01	3.041087948e+00	1.572251420e-05	1.701453310e-11
-1.960000000e-01	3.041094072e+00	-2.837315259e-04	1.495621318e-11
-1.970000000e-01	3.041100223e+00	-5.831872971e-04	4.865652766e-12
-1.980000000e-01	3.041106404e+00	-8.826447900e-04	7.050652624e-12
-1.990000000e-01	3.041112612e+00	-1.182104001e-03	9.337020304e-12
-2.000000000e-01	3.041118849e+00	-1.481564916e-03	6.366113537e-12
-2.010000000e-01	3.041125115e+00	-1.781027530e-03	7.844430134e-12
-2.020000000e-01	3.041131409e+00	-2.080491837e-03	1.293494926e-11
-2.030000000e-01	3.041137731e+00	-2.379957830e-03	8.493968502e-12
-2.040000000e-01	3.041144082e+00	-2.679425494e-03	2.606902931e-11
-2.050000000e-01	3.041150461e+00	-2.978894833e-03	8.161418920e-12
-2.060000000e-01	3.041156868e+00	-3.278365829e-03	1.091590102e-11
-2.070000000e-01	3.041163304e+00	-3.577838475e-03	1.142688305e-11
-2.080000000e-01	3.041169769e+00	-3.877312768e-03	8.921918045e-12
-2.090000000e-01	3.041176262e+00	-4.176788695e-03	3.902060804e-12
-2.100000000e-01	3.041182783e+00	-4.476266252e-03	2.096953411e-11
-2.110000000e-01	3.041189333e+00	-4.775745435e-03	2.226408745e-11
-2.120000000e-01	3.041195911e+00	-5.075226220e-03	7.597217771e-12
-2.130000000e-01	3.041202517e+00	-5.374708616e-03	5.918592864e-12
-2.140000000e-01	3.041209152e+00	-5.674192612e-03	1.394596696e-11
-2.150000000e-01	3.041215816e+00	-5.973678196e-03	2.192837259e-11
-2.160000000e-01	3.041222508e+00	-6.273165353e-03	1.768468708e-11
-2.170000000e-01	3.041229228e+00	-6.572654088e-03	2.522000615e-11
-2.180000000e-01	3.041235977e+00	-6.872144395e-03	1.381675547e-11
-2.190000000e-01	3.041242754e+00	-7.171636256e-03	8.552627046e-12
-2.200000000e-01	3.041249560e+00	-7.471129667e-03	1.742545693e-11
-2.210000000e-01	3.041256394e+00	-7.770624615e-03	7.423727969e-12
-2.220000000e-01	3.041263257e+00	-8.070121100e-03	1.155747585e-11
-2.230000000e-01	3.041270148e+00	-8.369619111e-03	9.113000171e-12
-2.240000000e-01	3.041277067e+00	-8.669118641e-03	1.270089220e-11
-2.250000000e-01	3.041284015e+00	-8.968619680e-03	9.372273881e-12
-2.260000000e-01	3.041290991e+00	-9.268122223e-03	1.085450379e-11
-2.270000000e-01	3.041297996e+00	-9.567626257e-03	2.260787843e-11
-2.280000000e-01	3.041305029e+00	-9.867131780e-03	2.173947483e-11
-2.290000000e-01	3.041312091e+00	-1.016663879e-02	2.147276954e-11
-2.300000000e-01	3.041319181e+00	-1.046614725e-02	1.705280674e-11
-2.310000000e-01	3.041326300e+00	-1.076565719e-02	1.099758116e-11
-2.320000000e-01	3.041333447e+00	-1.106516858e-02	1.124074404e-11
-2.330000000e-01	3.041340623e+00	-1.136468141e-02	1.507219419e-11
-2.340000000e-01	3.041347827e+00	-1.166419569e-02	1.247159570e-11
-2.350000000e-01	3.041355059e+00	-1.196371140e-02	6.598136586e-12
-2.360000000e-01	3.041362320e+00	-1.226322852e-02	1.452017746e-11
-2.370000000e-01	3.041369610e+00	-1.256274707e-02	1.393865092e-11
-2.380000000e-01	3.041376928e+00	-1.286226702e-02	9.000373305e-12
-2.390000000e-01	3.041384274e+00	-1.316178837e-02	7.908084070e-12
-2.400000000e-01	3.041391649e+00	-1.346131111e-02	1.626061976e-11
-2.410000000e-01	3.041399052e+00	-1.376083524e-02	8.689767063e-12
-2.420000000e-01	3.041406484e+00	-1.406036075e-02	1.222267610e-11
-2.430000000e-01	3.041413944e+00	-1.435988761e-02	1.270749727e-11
-2.440000000e-01	3.041421433e+00	-1.465941584e-02	1.080938892e-11
-2.450000000e-01	3.041428950e+00	-1.495894542e-02	1.316830690e-11
-2.460000000e-01	3.041436496e+00	-1.525847634e-02	1.254668291e-11
-2.470000000e-01	3.041444070e+00	-1.555800861e-02	1.168722984e-11
-2.480000000e-01	3.041451673e+00	-1.585754219e-02	1.547553242e-11
-2.490000000e-01	3.041459304e+00	-1.615707710e-02	1.536299432e-11
-2.500000000e-01	3.041466964e+00	-1.645661333e-02	1.987514929e-11
