# epsi_ci     Re(Lambda)      Im(Lambda)      Eq(det), R = 0.10 $\mu$m, $E_p$ = 0.900 eV, modo = 1, $\epsilon_\infty$ = 3.9, $\gamma_{DL}$ = 0.01 eV, solve_det_sinkz_vs_mu.py
0.000000000e+00	3.034554607e+00	5.799220863e-02	7.656567373e-12
-1.000000000e-03	3.034555184e+00	5.769353380e-02	2.016462231e-11
-2.000000000e-03	3.034555788e+00	5.739485573e-02	6.737180149e-12
-3.000000000e-03	3.034556421e+00	5.709617444e-02	4.773197079e-12
-4.000000000e-03	3.034557081e+00	5.679748992e-02	1.661787965e-11
-5.000000000e-03	3.034557770e+00	5.649880219e-02	9.811495091e-12
-6.000000000e-03	3.034558486e+00	5.620011125e-02	1.285143747e-11
-7.000000000e-03	3.034559231e+00	5.590141711e-02	1.237133663e-11
-8.000000000e-03	3.034560004e+00	5.560271979e-02	9.296939095e-12
-9.000000000e-03	3.034560805e+00	5.530401928e-02	1.315444931e-11
-1.000000000e-02	3.034561634e+00	5.500531559e-02	1.831147411e-11
-1.100000000e-02	3.034562491e+00	5.470660873e-02	1.322443161e-11
-1.200000000e-02	3.034563376e+00	5.440789872e-02	4.814618201e-12
-1.300000000e-02	3.034564290e+00	5.410918555e-02	1.100134525e-11
-1.400000000e-02	3.034565231e+00	5.381046923e-02	8.896387582e-12
-1.500000000e-02	3.034566201e+00	5.351174978e-02	1.555950136e-11
-1.600000000e-02	3.034567198e+00	5.321302719e-02	1.718780758e-11
-1.700000000e-02	3.034568224e+00	5.291430149e-02	1.802916252e-11
-1.800000000e-02	3.034569278e+00	5.261557267e-02	1.260877188e-11
-1.900000000e-02	3.034570360e+00	5.231684074e-02	9.311547732e-12
-2.000000000e-02	3.034571470e+00	5.201810571e-02	1.236301748e-11
-2.100000000e-02	3.034572608e+00	5.171936759e-02	7.976191304e-12
-2.200000000e-02	3.034573774e+00	5.142062637e-02	1.497975567e-11
-2.300000000e-02	3.034574968e+00	5.112188210e-02	1.940822153e-11
-2.400000000e-02	3.034576191e+00	5.082313474e-02	1.171349458e-11
-2.500000000e-02	3.034577442e+00	5.052438432e-02	1.152502665e-11
-2.600000000e-02	3.034578720e+00	5.022563085e-02	8.107823157e-12
-2.700000000e-02	3.034580027e+00	4.992687433e-02	8.393927899e-12
-2.800000000e-02	3.034581362e+00	4.962811478e-02	1.229016512e-11
-2.900000000e-02	3.034582725e+00	4.932935219e-02	6.623472912e-12
-3.000000000e-02	3.034584117e+00	4.903058658e-02	8.375854923e-12
-3.100000000e-02	3.034585536e+00	4.873181795e-02	1.120413248e-11
-3.200000000e-02	3.034586983e+00	4.843304631e-02	1.901034971e-11
-3.300000000e-02	3.034588459e+00	4.813427168e-02	1.640951612e-11
-3.400000000e-02	3.034589963e+00	4.783549405e-02	9.487388900e-12
-3.500000000e-02	3.034591495e+00	4.753671343e-02	1.767736400e-11
-3.600000000e-02	3.034593055e+00	4.723792983e-02	4.461742954e-12
-3.700000000e-02	3.034594643e+00	4.693914327e-02	6.239763214e-12
-3.800000000e-02	3.034596259e+00	4.664035373e-02	1.703423719e-11
-3.900000000e-02	3.034597904e+00	4.634156125e-02	8.963111193e-12
-4.000000000e-02	3.034599577e+00	4.604276582e-02	9.157594548e-12
-4.100000000e-02	3.034601278e+00	4.574396745e-02	7.930489300e-12
-4.200000000e-02	3.034603007e+00	4.544516615e-02	1.685601118e-11
-4.300000000e-02	3.034604764e+00	4.514636191e-02	1.200784507e-11
-4.400000000e-02	3.034606549e+00	4.484755477e-02	6.731384285e-12
-4.500000000e-02	3.034608362e+00	4.454874471e-02	1.003777205e-11
-4.600000000e-02	3.034610204e+00	4.424993176e-02	7.955249085e-12
-4.700000000e-02	3.034612074e+00	4.395111590e-02	5.464754533e-12
-4.800000000e-02	3.034613972e+00	4.365229717e-02	1.153769297e-11
-4.900000000e-02	3.034615898e+00	4.335347555e-02	1.408892901e-11
-5.000000000e-02	3.034617852e+00	4.305465106e-02	9.809180961e-12
-5.100000000e-02	3.034619835e+00	4.275582371e-02	1.723674321e-11
-5.200000000e-02	3.034621845e+00	4.245699351e-02	2.555760319e-11
-5.300000000e-02	3.034623884e+00	4.215816045e-02	1.143013706e-11
-5.400000000e-02	3.034625951e+00	4.185932455e-02	7.222712673e-12
-5.500000000e-02	3.034628046e+00	4.156048582e-02	8.049177427e-12
-5.600000000e-02	3.034630170e+00	4.126164427e-02	7.608549941e-12
-5.700000000e-02	3.034632321e+00	4.096279990e-02	9.318928764e-12
-5.800000000e-02	3.034634501e+00	4.066395272e-02	1.033036190e-11
-5.900000000e-02	3.034636709e+00	4.036510273e-02	1.233076758e-11
-6.000000000e-02	3.034638945e+00	4.006624996e-02	8.536675246e-12
-6.100000000e-02	3.034641210e+00	3.976739439e-02	7.568877430e-12
-6.200000000e-02	3.034643502e+00	3.946853605e-02	1.651944873e-11
-6.300000000e-02	3.034645823e+00	3.916967493e-02	7.750252903e-12
-6.400000000e-02	3.034648172e+00	3.887081105e-02	1.702291721e-11
-6.500000000e-02	3.034650549e+00	3.857194442e-02	1.035829915e-11
-6.600000000e-02	3.034652954e+00	3.827307504e-02	1.387936894e-11
-6.700000000e-02	3.034655388e+00	3.797420291e-02	1.119092080e-11
-6.800000000e-02	3.034657850e+00	3.767532805e-02	1.715946017e-11
-6.900000000e-02	3.034660340e+00	3.737645047e-02	1.475382919e-11
-7.000000000e-02	3.034662858e+00	3.707757017e-02	7.025448403e-12
-7.100000000e-02	3.034665404e+00	3.677868716e-02	1.594289597e-11
-7.200000000e-02	3.034667979e+00	3.647980144e-02	8.368553407e-12
-7.300000000e-02	3.034670582e+00	3.618091304e-02	1.984596464e-11
-7.400000000e-02	3.034673213e+00	3.588202195e-02	2.164484691e-11
-7.500000000e-02	3.034675872e+00	3.558312817e-02	2.538683151e-11
-7.600000000e-02	3.034678559e+00	3.528423172e-02	2.075694199e-11
-7.700000000e-02	3.034681275e+00	3.498533261e-02	1.420940000e-11
-7.800000000e-02	3.034684019e+00	3.468643085e-02	1.397941775e-11
-7.900000000e-02	3.034686791e+00	3.438752644e-02	6.578011203e-12
-8.000000000e-02	3.034689592e+00	3.408861938e-02	1.096027279e-11
-8.100000000e-02	3.034692420e+00	3.378970970e-02	1.381782568e-11
-8.200000000e-02	3.034695277e+00	3.349079739e-02	6.073752672e-12
-8.300000000e-02	3.034698162e+00	3.319188245e-02	1.465837876e-11
-8.400000000e-02	3.034701076e+00	3.289296492e-02	1.750856705e-11
-8.500000000e-02	3.034704017e+00	3.259404477e-02	1.325936682e-11
-8.600000000e-02	3.034706987e+00	3.229512204e-02	1.878840314e-11
-8.700000000e-02	3.034709985e+00	3.199619672e-02	6.657128150e-12
-8.800000000e-02	3.034713012e+00	3.169726882e-02	1.537774539e-11
-8.900000000e-02	3.034716066e+00	3.139833834e-02	1.365770573e-11
-9.000000000e-02	3.034719149e+00	3.109940531e-02	1.270504072e-11
-9.100000000e-02	3.034722260e+00	3.080046972e-02	9.353905555e-12
-9.200000000e-02	3.034725400e+00	3.050153158e-02	1.367067694e-11
-9.300000000e-02	3.034728567e+00	3.020259090e-02	9.448699542e-12
-9.400000000e-02	3.034731763e+00	2.990364769e-02	6.958907035e-12
-9.500000000e-02	3.034734987e+00	2.960470195e-02	1.788546059e-11
-9.600000000e-02	3.034738240e+00	2.930575370e-02	5.443248549e-12
-9.700000000e-02	3.034741520e+00	2.900680293e-02	1.149589017e-11
-9.800000000e-02	3.034744829e+00	2.870784967e-02	9.425934354e-12
-9.900000000e-02	3.034748166e+00	2.840889391e-02	9.643647008e-12
-1.000000000e-01	3.034751532e+00	2.810993567e-02	1.840757725e-11
-1.010000000e-01	3.034754926e+00	2.781097494e-02	1.843024163e-11
-1.020000000e-01	3.034758348e+00	2.751201174e-02	2.617418546e-11
-1.030000000e-01	3.034761798e+00	2.721304609e-02	7.951605217e-12
-1.040000000e-01	3.034765277e+00	2.691407798e-02	6.862294281e-12
-1.050000000e-01	3.034768783e+00	2.661510742e-02	1.711923712e-11
-1.060000000e-01	3.034772318e+00	2.631613442e-02	1.021141523e-11
-1.070000000e-01	3.034775882e+00	2.601715899e-02	7.561008568e-12
-1.080000000e-01	3.034779474e+00	2.571818114e-02	7.621178675e-12
-1.090000000e-01	3.034783094e+00	2.541920087e-02	8.110501550e-12
-1.100000000e-01	3.034786742e+00	2.512021818e-02	1.908747105e-11
-1.110000000e-01	3.034790418e+00	2.482123310e-02	2.112034136e-11
-1.120000000e-01	3.034794123e+00	2.452224564e-02	1.981666964e-11
-1.130000000e-01	3.034797856e+00	2.422325577e-02	7.379079121e-12
-1.140000000e-01	3.034801618e+00	2.392426354e-02	2.425377194e-11
-1.150000000e-01	3.034805408e+00	2.362526893e-02	7.361598106e-12
-1.160000000e-01	3.034809226e+00	2.332627197e-02	6.971230515e-12
-1.170000000e-01	3.034813072e+00	2.302727265e-02	9.043177693e-12
-1.180000000e-01	3.034816947e+00	2.272827098e-02	1.772981507e-11
-1.190000000e-01	3.034820850e+00	2.242926697e-02	1.316775724e-11
-1.200000000e-01	3.034824781e+00	2.213026063e-02	1.172500584e-11
-1.210000000e-01	3.034828741e+00	2.183125197e-02	9.101609996e-12
-1.220000000e-01	3.034832728e+00	2.153224099e-02	1.168061040e-11
-1.230000000e-01	3.034836745e+00	2.123322772e-02	1.265023933e-11
-1.240000000e-01	3.034840789e+00	2.093421213e-02	1.078445617e-11
-1.250000000e-01	3.034844862e+00	2.063519426e-02	9.146005102e-12
-1.260000000e-01	3.034848963e+00	2.033617410e-02	7.196554135e-12
-1.270000000e-01	3.034853093e+00	2.003715167e-02	1.944674142e-11
-1.280000000e-01	3.034857250e+00	1.973812696e-02	1.390138423e-11
-1.290000000e-01	3.034861436e+00	1.943909999e-02	1.258943164e-11
-1.300000000e-01	3.034865651e+00	1.914007078e-02	1.624340697e-11
-1.310000000e-01	3.034869894e+00	1.884103931e-02	2.193720522e-11
-1.320000000e-01	3.034874165e+00	1.854200562e-02	1.369354539e-11
-1.330000000e-01	3.034878464e+00	1.824296969e-02	1.082702575e-11
-1.340000000e-01	3.034882792e+00	1.794393153e-02	1.036328948e-11
-1.350000000e-01	3.034887148e+00	1.764489116e-02	1.520945066e-11
-1.360000000e-01	3.034891532e+00	1.734584860e-02	1.027848411e-11
-1.370000000e-01	3.034895945e+00	1.704680383e-02	2.019729853e-11
-1.380000000e-01	3.034900386e+00	1.674775686e-02	9.746066957e-12
-1.390000000e-01	3.034904856e+00	1.644870772e-02	1.759383296e-11
-1.400000000e-01	3.034909354e+00	1.614965640e-02	1.213759200e-11
-1.410000000e-01	3.034913880e+00	1.585060292e-02	9.219523421e-12
-1.420000000e-01	3.034918434e+00	1.555154727e-02	1.059447996e-11
-1.430000000e-01	3.034923017e+00	1.525248948e-02	1.646240771e-11
-1.440000000e-01	3.034927628e+00	1.495342954e-02	1.510885021e-11
-1.450000000e-01	3.034932268e+00	1.465436747e-02	1.605118287e-11
-1.460000000e-01	3.034936936e+00	1.435530326e-02	1.570810932e-11
-1.470000000e-01	3.034941632e+00	1.405623694e-02	1.069612982e-11
-1.480000000e-01	3.034946356e+00	1.375716850e-02	1.194731423e-11
-1.490000000e-01	3.034951109e+00	1.345809796e-02	5.042078161e-12
-1.500000000e-01	3.034955891e+00	1.315902532e-02	2.447162370e-11
-1.510000000e-01	3.034960700e+00	1.285995059e-02	1.746730607e-11
-1.520000000e-01	3.034965538e+00	1.256087379e-02	5.882302056e-12
-1.530000000e-01	3.034970405e+00	1.226179491e-02	1.341227848e-11
-1.540000000e-01	3.034975300e+00	1.196271397e-02	7.153517120e-12
-1.550000000e-01	3.034980223e+00	1.166363096e-02	1.967711276e-11
-1.560000000e-01	3.034985174e+00	1.136454591e-02	8.994177381e-12
-1.570000000e-01	3.034990154e+00	1.106545882e-02	1.899558391e-11
-1.580000000e-01	3.034995162e+00	1.076636968e-02	1.076019739e-11
-1.590000000e-01	3.035000199e+00	1.046727853e-02	1.628347749e-11
-1.600000000e-01	3.035005264e+00	1.016818536e-02	4.473251560e-12
-1.610000000e-01	3.035010357e+00	9.869090170e-03	1.209744294e-11
-1.620000000e-01	3.035015479e+00	9.569992987e-03	9.901728829e-12
-1.630000000e-01	3.035020629e+00	9.270893807e-03	1.429282160e-11
-1.640000000e-01	3.035025808e+00	8.971792636e-03	1.120627703e-11
-1.650000000e-01	3.035031015e+00	8.672689490e-03	1.124140954e-11
-1.660000000e-01	3.035036250e+00	8.373584368e-03	1.236862070e-11
-1.670000000e-01	3.035041514e+00	8.074477287e-03	8.216887959e-12
-1.680000000e-01	3.035046806e+00	7.775368248e-03	9.699734319e-12
-1.690000000e-01	3.035052126e+00	7.476257265e-03	7.510291990e-12
-1.700000000e-01	3.035057475e+00	7.177144342e-03	2.143936358e-11
-1.710000000e-01	3.035062852e+00	6.878029480e-03	7.828129197e-12
-1.720000000e-01	3.035068258e+00	6.578912702e-03	9.953530597e-12
-1.730000000e-01	3.035073692e+00	6.279794005e-03	1.095488163e-11
-1.740000000e-01	3.035079154e+00	5.980673395e-03	1.008018579e-11
-1.750000000e-01	3.035084645e+00	5.681550893e-03	1.370854212e-11
-1.760000000e-01	3.035090165e+00	5.382426492e-03	1.688738234e-11
-1.770000000e-01	3.035095712e+00	5.083300209e-03	8.965391381e-12
-1.780000000e-01	3.035101288e+00	4.784172045e-03	1.236968762e-11
-1.790000000e-01	3.035106893e+00	4.485042019e-03	8.358815061e-12
-1.800000000e-01	3.035112526e+00	4.185910128e-03	5.257833754e-12
-1.810000000e-01	3.035118187e+00	3.886776383e-03	5.609086921e-12
-1.820000000e-01	3.035123877e+00	3.587640792e-03	1.791038495e-11
-1.830000000e-01	3.035129595e+00	3.288503364e-03	1.286521294e-11
-1.840000000e-01	3.035135341e+00	2.989364107e-03	2.202062260e-11
-1.850000000e-01	3.035141116e+00	2.690223033e-03	9.397100778e-12
-1.860000000e-01	3.035146920e+00	2.391080135e-03	1.779726077e-11
-1.870000000e-01	3.035152751e+00	2.091935440e-03	6.168902050e-12
-1.880000000e-01	3.035158612e+00	1.792788944e-03	1.285738810e-11
-1.890000000e-01	3.035164500e+00	1.493640655e-03	2.108890730e-11
-1.900000000e-01	3.035170417e+00	1.194490585e-03	2.765667910e-11
-1.910000000e-01	3.035176363e+00	8.953387453e-04	1.658847864e-11
-1.920000000e-01	3.035182337e+00	5.961851376e-04	2.429072723e-11
-1.930000000e-01	3.035188339e+00	2.970297695e-04	9.591255773e-12
-1.940000000e-01	3.035194370e+00	-2.127351767e-06	1.151754867e-11
-1.960000000e-01	3.035206517e+00	-6.004468094e-04	9.886476489e-12
-1.970000000e-01	3.035212633e+00	-8.996091371e-04	2.099421974e-11
-1.980000000e-01	3.035218777e+00	-1.198773176e-03	8.317443186e-12
-1.990000000e-01	3.035224950e+00	-1.497938929e-03	1.976630174e-11
-2.000000000e-01	3.035231152e+00	-1.797106389e-03	6.769693953e-12
-2.010000000e-01	3.035237382e+00	-2.096275540e-03	1.370053762e-11
-2.020000000e-01	3.035243640e+00	-2.395446383e-03	4.317098562e-12
-2.030000000e-01	3.035249927e+00	-2.694618903e-03	1.758937931e-11
-2.040000000e-01	3.035256242e+00	-2.993793098e-03	2.412787535e-11
-2.050000000e-01	3.035262585e+00	-3.292968952e-03	1.109403931e-11
-2.060000000e-01	3.035268957e+00	-3.592146461e-03	8.130561103e-12
-2.070000000e-01	3.035275358e+00	-3.891325622e-03	9.817201915e-12
-2.080000000e-01	3.035281787e+00	-4.190506417e-03	2.017915938e-11
-2.090000000e-01	3.035288244e+00	-4.489688851e-03	7.965713201e-12
-2.100000000e-01	3.035294730e+00	-4.788872908e-03	9.460867780e-12
-2.110000000e-01	3.035301245e+00	-5.088058580e-03	1.160908405e-11
-2.120000000e-01	3.035307787e+00	-5.387245861e-03	1.145804728e-11
-2.130000000e-01	3.035314359e+00	-5.686434740e-03	7.140353782e-12
-2.140000000e-01	3.035320958e+00	-5.985625216e-03	8.158303705e-12
-2.150000000e-01	3.035327587e+00	-6.284817276e-03	1.650648175e-11
-2.160000000e-01	3.035334243e+00	-6.584010907e-03	5.443909016e-12
-2.170000000e-01	3.035340928e+00	-6.883206112e-03	1.082242860e-11
-2.180000000e-01	3.035347642e+00	-7.182402876e-03	1.936999222e-11
-2.190000000e-01	3.035354384e+00	-7.481601185e-03	2.831127195e-11
-2.200000000e-01	3.035361155e+00	-7.780801050e-03	1.209077238e-11
-2.210000000e-01	3.035367954e+00	-8.080002450e-03	1.026819785e-11
-2.220000000e-01	3.035374781e+00	-8.379205378e-03	6.759855112e-12
-2.230000000e-01	3.035381637e+00	-8.678409828e-03	7.447452060e-12
-2.240000000e-01	3.035388521e+00	-8.977615790e-03	1.620474932e-11
-2.250000000e-01	3.035395434e+00	-9.276823254e-03	1.420365974e-11
-2.260000000e-01	3.035402376e+00	-9.576032220e-03	5.392130889e-12
-2.270000000e-01	3.035409345e+00	-9.875242678e-03	1.659692990e-11
-2.280000000e-01	3.035416344e+00	-1.017445461e-02	9.584173504e-12
-2.290000000e-01	3.035423371e+00	-1.047366802e-02	8.459526527e-12
-2.300000000e-01	3.035430426e+00	-1.077288289e-02	1.193425379e-11
-2.310000000e-01	3.035437510e+00	-1.107209923e-02	8.737940316e-12
-2.320000000e-01	3.035444622e+00	-1.137131701e-02	9.150791233e-12
-2.330000000e-01	3.035451763e+00	-1.167053623e-02	1.150467624e-11
-2.340000000e-01	3.035458932e+00	-1.196975689e-02	1.260369328e-11
-2.350000000e-01	3.035466130e+00	-1.226897897e-02	1.704505110e-11
-2.360000000e-01	3.035473356e+00	-1.256820246e-02	1.271046205e-11
-2.370000000e-01	3.035480611e+00	-1.286742737e-02	9.912624797e-12
-2.380000000e-01	3.035487894e+00	-1.316665369e-02	1.069612441e-11
-2.390000000e-01	3.035495206e+00	-1.346588139e-02	1.527192261e-11
-2.400000000e-01	3.035502546e+00	-1.376511048e-02	1.111026310e-11
-2.410000000e-01	3.035509915e+00	-1.406434095e-02	6.572997699e-12
-2.420000000e-01	3.035517312e+00	-1.436357279e-02	7.418196232e-12
-2.430000000e-01	3.035524738e+00	-1.466280599e-02	1.144397955e-11
-2.440000000e-01	3.035532192e+00	-1.496204054e-02	2.502179424e-11
-2.450000000e-01	3.035539675e+00	-1.526127645e-02	1.832603288e-11
-2.460000000e-01	3.035547186e+00	-1.556051369e-02	3.971904858e-12
-2.470000000e-01	3.035554726e+00	-1.585975226e-02	7.119347439e-12
-2.480000000e-01	3.035562294e+00	-1.615899215e-02	1.216428814e-11
-2.490000000e-01	3.035569891e+00	-1.645823335e-02	1.138255223e-11
-2.500000000e-01	3.035577516e+00	-1.675747587e-02	6.429051952e-12
