# epsi_ci     Re(Lambda)      Im(Lambda)      Eq(det), R = 0.10 $\mu$m, $E_p$ = 0.900 eV, modo = 1, $\epsilon_\infty$ = 3.9, $\gamma_{DL}$ = 0.01 eV, solve_det_sinkz_vs_mu.py
0.000000000e+00	3.036871342e+00	5.813435049e-02	8.755234469e-12
-1.000000000e-03	3.036871936e+00	5.783555237e-02	1.261122613e-11
-2.000000000e-03	3.036872557e+00	5.753675101e-02	9.144061832e-12
-3.000000000e-03	3.036873207e+00	5.723794642e-02	1.276905494e-11
-4.000000000e-03	3.036873885e+00	5.693913862e-02	1.217167371e-11
-5.000000000e-03	3.036874591e+00	5.664032760e-02	1.436518329e-11
-6.000000000e-03	3.036875325e+00	5.634151338e-02	1.725248768e-11
-7.000000000e-03	3.036876087e+00	5.604269596e-02	1.033322450e-11
-8.000000000e-03	3.036876877e+00	5.574387535e-02	1.689684160e-11
-9.000000000e-03	3.036877696e+00	5.544505156e-02	1.382270780e-11
-1.000000000e-02	3.036878542e+00	5.514622460e-02	2.098837345e-11
-1.100000000e-02	3.036879416e+00	5.484739446e-02	5.635077183e-12
-1.200000000e-02	3.036880319e+00	5.454856117e-02	1.145417967e-11
-1.300000000e-02	3.036881250e+00	5.424972473e-02	1.336120193e-11
-1.400000000e-02	3.036882208e+00	5.395088514e-02	1.348860360e-11
-1.500000000e-02	3.036883195e+00	5.365204241e-02	1.269483641e-11
-1.600000000e-02	3.036884210e+00	5.335319656e-02	7.485975939e-12
-1.700000000e-02	3.036885253e+00	5.305434759e-02	9.458028054e-12
-1.800000000e-02	3.036886324e+00	5.275549550e-02	1.438023811e-11
-1.900000000e-02	3.036887423e+00	5.245664030e-02	1.335234666e-11
-2.000000000e-02	3.036888550e+00	5.215778201e-02	4.724622973e-12
-2.100000000e-02	3.036889706e+00	5.185892062e-02	6.682963196e-12
-2.200000000e-02	3.036890889e+00	5.156005615e-02	1.326588003e-11
-2.300000000e-02	3.036892101e+00	5.126118861e-02	2.002974331e-11
-2.400000000e-02	3.036893341e+00	5.096231800e-02	1.009581637e-11
-2.500000000e-02	3.036894608e+00	5.066344433e-02	1.255920429e-11
-2.600000000e-02	3.036895904e+00	5.036456760e-02	2.519194781e-11
-2.700000000e-02	3.036897228e+00	5.006568783e-02	2.651759441e-11
-2.800000000e-02	3.036898580e+00	4.976680502e-02	1.101379714e-11
-2.900000000e-02	3.036899961e+00	4.946791918e-02	1.332362283e-11
-3.000000000e-02	3.036901369e+00	4.916903032e-02	6.001998794e-12
-3.100000000e-02	3.036902806e+00	4.887013844e-02	1.621973012e-11
-3.200000000e-02	3.036904270e+00	4.857124356e-02	7.935250334e-12
-3.300000000e-02	3.036905763e+00	4.827234567e-02	1.157562294e-11
-3.400000000e-02	3.036907284e+00	4.797344480e-02	1.048496469e-11
-3.500000000e-02	3.036908833e+00	4.767454093e-02	7.712598044e-12
-3.600000000e-02	3.036910410e+00	4.737563410e-02	1.625334460e-11
-3.700000000e-02	3.036912016e+00	4.707672428e-02	2.360398634e-11
-3.800000000e-02	3.036913649e+00	4.677781152e-02	8.575566843e-12
-3.900000000e-02	3.036915311e+00	4.647889579e-02	8.971136720e-12
-4.000000000e-02	3.036917001e+00	4.617997712e-02	1.314324598e-11
-4.100000000e-02	3.036918719e+00	4.588105551e-02	1.893319516e-11
-4.200000000e-02	3.036920465e+00	4.558213098e-02	1.238342135e-11
-4.300000000e-02	3.036922239e+00	4.528320351e-02	1.391686327e-11
-4.400000000e-02	3.036924041e+00	4.498427313e-02	1.775183619e-11
-4.500000000e-02	3.036925872e+00	4.468533984e-02	9.434944937e-12
-4.600000000e-02	3.036927730e+00	4.438640365e-02	1.356994239e-11
-4.700000000e-02	3.036929617e+00	4.408746457e-02	1.809083277e-11
-4.800000000e-02	3.036931532e+00	4.378852261e-02	1.011242464e-11
-4.900000000e-02	3.036933475e+00	4.348957776e-02	8.156441816e-12
-5.000000000e-02	3.036935447e+00	4.319063004e-02	9.130265507e-12
-5.100000000e-02	3.036937446e+00	4.289167947e-02	9.565858870e-12
-5.200000000e-02	3.036939474e+00	4.259272603e-02	9.805430124e-12
-5.300000000e-02	3.036941530e+00	4.229376976e-02	7.740206098e-12
-5.400000000e-02	3.036943614e+00	4.199481064e-02	1.056485223e-11
-5.500000000e-02	3.036945726e+00	4.169584868e-02	2.109645464e-11
-5.600000000e-02	3.036947866e+00	4.139688391e-02	1.652538234e-11
-5.700000000e-02	3.036950035e+00	4.109791632e-02	1.109823496e-11
-5.800000000e-02	3.036952232e+00	4.079894592e-02	1.808931566e-11
-5.900000000e-02	3.036954457e+00	4.049997272e-02	6.940854192e-12
-6.000000000e-02	3.036956710e+00	4.020099672e-02	8.737242217e-12
-6.100000000e-02	3.036958991e+00	3.990201794e-02	9.829531999e-12
-6.200000000e-02	3.036961300e+00	3.960303638e-02	1.790328207e-11
-6.300000000e-02	3.036963638e+00	3.930405205e-02	1.117746282e-11
-6.400000000e-02	3.036966004e+00	3.900506496e-02	1.302283913e-11
-6.500000000e-02	3.036968398e+00	3.870607511e-02	1.122285967e-11
-6.600000000e-02	3.036970820e+00	3.840708252e-02	1.972621621e-11
-6.700000000e-02	3.036973271e+00	3.810808718e-02	1.610987866e-11
-6.800000000e-02	3.036975749e+00	3.780908911e-02	1.576985662e-11
-6.900000000e-02	3.036978256e+00	3.751008832e-02	7.272390613e-12
-7.000000000e-02	3.036980791e+00	3.721108481e-02	1.797144270e-11
-7.100000000e-02	3.036983355e+00	3.691207859e-02	2.364794570e-11
-7.200000000e-02	3.036985946e+00	3.661306967e-02	5.946487263e-12
-7.300000000e-02	3.036988566e+00	3.631405806e-02	1.264766980e-11
-7.400000000e-02	3.036991214e+00	3.601504376e-02	2.426134832e-11
-7.500000000e-02	3.036993890e+00	3.571602678e-02	1.529121924e-11
-7.600000000e-02	3.036996594e+00	3.541700713e-02	1.604317915e-11
-7.700000000e-02	3.036999327e+00	3.511798482e-02	7.216973028e-12
-7.800000000e-02	3.037002087e+00	3.481895985e-02	2.693633854e-12
-7.900000000e-02	3.037004876e+00	3.451993224e-02	1.034715973e-11
-8.000000000e-02	3.037007694e+00	3.422090198e-02	1.155354326e-11
-8.100000000e-02	3.037010539e+00	3.392186910e-02	5.682259397e-12
-8.200000000e-02	3.037013413e+00	3.362283358e-02	1.205442383e-11
-8.300000000e-02	3.037016315e+00	3.332379545e-02	1.194570365e-11
-8.400000000e-02	3.037019245e+00	3.302475472e-02	7.901830131e-12
-8.500000000e-02	3.037022203e+00	3.272571138e-02	1.528441664e-11
-8.600000000e-02	3.037025190e+00	3.242666545e-02	1.053051074e-11
-8.700000000e-02	3.037028205e+00	3.212761693e-02	7.379550973e-12
-8.800000000e-02	3.037031248e+00	3.182856583e-02	3.076362824e-11
-8.900000000e-02	3.037034319e+00	3.152951217e-02	1.432130188e-11
-9.000000000e-02	3.037037419e+00	3.123045593e-02	1.225425107e-11
-9.100000000e-02	3.037040547e+00	3.093139715e-02	1.318405987e-11
-9.200000000e-02	3.037043703e+00	3.063233582e-02	1.279710823e-11
-9.300000000e-02	3.037046887e+00	3.033327195e-02	9.176100803e-12
-9.400000000e-02	3.037050100e+00	3.003420554e-02	1.972207459e-11
-9.500000000e-02	3.037053341e+00	2.973513661e-02	1.774068154e-11
-9.600000000e-02	3.037056610e+00	2.943606517e-02	1.550717015e-11
-9.700000000e-02	3.037059907e+00	2.913699122e-02	1.271750343e-11
-9.800000000e-02	3.037063233e+00	2.883791476e-02	1.028737309e-11
-9.900000000e-02	3.037066586e+00	2.853883581e-02	1.113507075e-11
-1.000000000e-01	3.037069969e+00	2.823975438e-02	4.572830460e-12
-1.010000000e-01	3.037073379e+00	2.794067047e-02	8.804945353e-12
-1.020000000e-01	3.037076818e+00	2.764158408e-02	8.867371495e-12
-1.030000000e-01	3.037080285e+00	2.734249524e-02	1.517230380e-11
-1.040000000e-01	3.037083780e+00	2.704340394e-02	1.349777306e-11
-1.050000000e-01	3.037087303e+00	2.674431019e-02	6.146721879e-12
-1.060000000e-01	3.037090855e+00	2.644521401e-02	9.692283597e-12
-1.070000000e-01	3.037094435e+00	2.614611539e-02	1.506681189e-11
-1.080000000e-01	3.037098043e+00	2.584701436e-02	1.179458990e-11
-1.090000000e-01	3.037101680e+00	2.554791090e-02	1.815114498e-11
-1.100000000e-01	3.037105345e+00	2.524880504e-02	1.046637296e-11
-1.110000000e-01	3.037109038e+00	2.494969677e-02	1.234325853e-11
-1.120000000e-01	3.037112759e+00	2.465058611e-02	1.018371493e-11
-1.130000000e-01	3.037116509e+00	2.435147307e-02	1.161586546e-11
-1.140000000e-01	3.037120287e+00	2.405235765e-02	1.838430399e-11
-1.150000000e-01	3.037124094e+00	2.375323986e-02	9.105077723e-12
-1.160000000e-01	3.037127928e+00	2.345411971e-02	1.495846240e-11
-1.170000000e-01	3.037131791e+00	2.315499721e-02	1.284613574e-11
-1.180000000e-01	3.037135682e+00	2.285587236e-02	8.247532738e-12
-1.190000000e-01	3.037139602e+00	2.255674517e-02	1.043075812e-11
-1.200000000e-01	3.037143550e+00	2.225761565e-02	1.481858774e-11
-1.210000000e-01	3.037147526e+00	2.195848380e-02	9.914619433e-12
-1.220000000e-01	3.037151530e+00	2.165934965e-02	1.143739275e-11
-1.230000000e-01	3.037155563e+00	2.136021318e-02	5.247329862e-12
-1.240000000e-01	3.037159624e+00	2.106107442e-02	1.749122836e-11
-1.250000000e-01	3.037163713e+00	2.076193336e-02	1.472749515e-11
-1.260000000e-01	3.037167831e+00	2.046279003e-02	1.064736681e-11
-1.270000000e-01	3.037171977e+00	2.016364441e-02	1.155281182e-11
-1.280000000e-01	3.037176151e+00	1.986449653e-02	1.267193472e-11
-1.290000000e-01	3.037180353e+00	1.956534638e-02	8.035302231e-12
-1.300000000e-01	3.037184584e+00	1.926619398e-02	1.140362460e-11
-1.310000000e-01	3.037188844e+00	1.896703934e-02	1.457600556e-11
-1.320000000e-01	3.037193131e+00	1.866788246e-02	1.100386029e-11
-1.330000000e-01	3.037197447e+00	1.836872335e-02	8.149107446e-12
-1.340000000e-01	3.037201791e+00	1.806956202e-02	1.153090211e-11
-1.350000000e-01	3.037206164e+00	1.777039848e-02	4.387381345e-12
-1.360000000e-01	3.037210565e+00	1.747123273e-02	2.261703299e-11
-1.370000000e-01	3.037214994e+00	1.717206478e-02	6.596725069e-12
-1.380000000e-01	3.037219451e+00	1.687289464e-02	8.147075992e-12
-1.390000000e-01	3.037223937e+00	1.657372232e-02	1.252699706e-11
-1.400000000e-01	3.037228451e+00	1.627454782e-02	6.960682236e-12
-1.410000000e-01	3.037232994e+00	1.597537115e-02	1.003155333e-11
-1.420000000e-01	3.037237565e+00	1.567619233e-02	1.320303054e-11
-1.430000000e-01	3.037242164e+00	1.537701136e-02	1.067629563e-11
-1.440000000e-01	3.037246791e+00	1.507782824e-02	1.110509234e-11
-1.450000000e-01	3.037251447e+00	1.477864298e-02	9.876889505e-12
-1.460000000e-01	3.037256131e+00	1.447945560e-02	1.181711920e-11
-1.470000000e-01	3.037260844e+00	1.418026610e-02	1.091732489e-11
-1.480000000e-01	3.037265585e+00	1.388107448e-02	1.828333623e-11
-1.490000000e-01	3.037270354e+00	1.358188076e-02	1.155193206e-11
-1.500000000e-01	3.037275152e+00	1.328268494e-02	8.942475962e-12
-1.510000000e-01	3.037279978e+00	1.298348703e-02	2.503045831e-11
-1.520000000e-01	3.037284832e+00	1.268428705e-02	1.961958788e-11
-1.530000000e-01	3.037289715e+00	1.238508499e-02	1.273566846e-11
-1.540000000e-01	3.037294626e+00	1.208588086e-02	1.258398329e-11
-1.550000000e-01	3.037299565e+00	1.178667468e-02	1.241447885e-11
-1.560000000e-01	3.037304533e+00	1.148746645e-02	1.172577287e-11
-1.570000000e-01	3.037309529e+00	1.118825617e-02	8.323190691e-12
-1.580000000e-01	3.037314554e+00	1.088904386e-02	1.819071113e-11
-1.590000000e-01	3.037319607e+00	1.058982952e-02	1.205522587e-11
-1.600000000e-01	3.037324688e+00	1.029061317e-02	1.534210838e-11
-1.610000000e-01	3.037329797e+00	9.991394801e-03	1.292078499e-11
-1.620000000e-01	3.037334935e+00	9.692174433e-03	9.778508269e-12
-1.630000000e-01	3.037340102e+00	9.392952069e-03	1.213243938e-11
-1.640000000e-01	3.037345297e+00	9.093727719e-03	1.327037989e-11
-1.650000000e-01	3.037350520e+00	8.794501393e-03	1.601537859e-11
-1.660000000e-01	3.037355771e+00	8.495273093e-03	1.461586614e-11
-1.670000000e-01	3.037361051e+00	8.196042826e-03	1.096223018e-11
-1.680000000e-01	3.037366359e+00	7.896810601e-03	1.015251547e-11
-1.690000000e-01	3.037371696e+00	7.597576436e-03	1.359540307e-11
-1.700000000e-01	3.037377061e+00	7.298340328e-03	1.515669653e-11
-1.710000000e-01	3.037382454e+00	6.999102282e-03	7.112867886e-12
-1.720000000e-01	3.037387876e+00	6.699862319e-03	1.424287777e-11
-1.730000000e-01	3.037393326e+00	6.400620432e-03	1.225632810e-11
-1.740000000e-01	3.037398805e+00	6.101376646e-03	1.831837911e-11
-1.750000000e-01	3.037404312e+00	5.802130954e-03	1.425734113e-11
-1.760000000e-01	3.037409847e+00	5.502883365e-03	1.375641777e-11
-1.770000000e-01	3.037415411e+00	5.203633894e-03	7.506984625e-12
-1.780000000e-01	3.037421003e+00	4.904382546e-03	1.480548662e-11
-1.790000000e-01	3.037426624e+00	4.605129329e-03	7.269196652e-12
-1.800000000e-01	3.037432273e+00	4.305874248e-03	1.618633977e-11
-1.810000000e-01	3.037437950e+00	4.006617322e-03	1.724106175e-11
-1.820000000e-01	3.037443656e+00	3.707358538e-03	1.152314391e-11
-1.830000000e-01	3.037449390e+00	3.408097925e-03	7.125204808e-12
-1.840000000e-01	3.037455153e+00	3.108835479e-03	1.067886113e-11
-1.850000000e-01	3.037460944e+00	2.809571211e-03	1.519109314e-11
-1.860000000e-01	3.037466763e+00	2.510305126e-03	1.387695983e-11
-1.870000000e-01	3.037472611e+00	2.211037237e-03	7.959374491e-12
-1.880000000e-01	3.037478487e+00	1.911767544e-03	1.984787769e-11
-1.890000000e-01	3.037484392e+00	1.612496067e-03	1.417813145e-11
-1.900000000e-01	3.037490325e+00	1.313222808e-03	1.212412704e-11
-1.910000000e-01	3.037496287e+00	1.013947772e-03	1.440536578e-11
-1.920000000e-01	3.037502277e+00	7.146709634e-04	1.660985065e-11
-1.930000000e-01	3.037508295e+00	4.153924041e-04	8.469455896e-12
-1.940000000e-01	3.037514342e+00	1.161120916e-04	1.646962534e-11
-1.950000000e-01	3.037520417e+00	-1.831699695e-04	1.707676109e-11
-1.960000000e-01	3.037526521e+00	-4.824537615e-04	9.160273298e-12
-1.970000000e-01	3.037532653e+00	-7.817392876e-04	1.495692029e-11
-1.980000000e-01	3.037538813e+00	-1.081026525e-03	9.784911614e-12
-1.990000000e-01	3.037545002e+00	-1.380315481e-03	1.608343166e-11
-2.000000000e-01	3.037551219e+00	-1.679606136e-03	1.086594889e-11
-2.010000000e-01	3.037557465e+00	-1.978898485e-03	1.726945190e-11
-2.020000000e-01	3.037563739e+00	-2.278192528e-03	9.736674951e-12
-2.030000000e-01	3.037570042e+00	-2.577488252e-03	5.366029433e-12
-2.040000000e-01	3.037576373e+00	-2.876785648e-03	1.252016028e-11
-2.050000000e-01	3.037582733e+00	-3.176084704e-03	1.032789352e-11
-2.060000000e-01	3.037589121e+00	-3.475385422e-03	2.162334075e-11
-2.070000000e-01	3.037595537e+00	-3.774687781e-03	1.095635403e-11
-2.080000000e-01	3.037601982e+00	-4.073991784e-03	1.388310072e-11
-2.090000000e-01	3.037608455e+00	-4.373297421e-03	2.017536433e-11
-2.100000000e-01	3.037614957e+00	-4.672604688e-03	9.033361895e-12
-2.110000000e-01	3.037621487e+00	-4.971913566e-03	1.208911159e-11
-2.120000000e-01	3.037628046e+00	-5.271224055e-03	1.160572490e-11
-2.130000000e-01	3.037634633e+00	-5.570536143e-03	1.487096720e-11
-2.140000000e-01	3.037641249e+00	-5.869849828e-03	1.717283005e-11
-2.150000000e-01	3.037647893e+00	-6.169165097e-03	6.705285006e-12
-2.160000000e-01	3.037654565e+00	-6.468481944e-03	8.699646258e-12
-2.170000000e-01	3.037661266e+00	-6.767800356e-03	1.691162930e-11
-2.180000000e-01	3.037667996e+00	-7.067120337e-03	8.677940154e-12
-2.190000000e-01	3.037674754e+00	-7.366441867e-03	1.192708372e-11
-2.200000000e-01	3.037681540e+00	-7.665764943e-03	7.452375183e-12
-2.210000000e-01	3.037688355e+00	-7.965089559e-03	1.157664302e-11
-2.220000000e-01	3.037695198e+00	-8.264415706e-03	1.647360338e-11
-2.230000000e-01	3.037702070e+00	-8.563743372e-03	9.013164676e-12
-2.240000000e-01	3.037708970e+00	-8.863072550e-03	1.615685122e-11
-2.250000000e-01	3.037715899e+00	-9.162403239e-03	1.948231208e-11
-2.260000000e-01	3.037722856e+00	-9.461735421e-03	1.898466599e-11
-2.270000000e-01	3.037729841e+00	-9.761069104e-03	2.310517546e-11
-2.280000000e-01	3.037736856e+00	-1.006040426e-02	6.999418111e-12
-2.290000000e-01	3.037743898e+00	-1.035974089e-02	8.431811264e-12
-2.300000000e-01	3.037750969e+00	-1.065907899e-02	1.786539498e-11
-2.310000000e-01	3.037758069e+00	-1.095841855e-02	1.137495499e-11
-2.320000000e-01	3.037765197e+00	-1.125775955e-02	9.802681798e-12
-2.330000000e-01	3.037772353e+00	-1.155710201e-02	1.843240162e-11
-2.340000000e-01	3.037779538e+00	-1.185644589e-02	2.182444973e-11
-2.350000000e-01	3.037786752e+00	-1.215579120e-02	8.351304208e-12
-2.360000000e-01	3.037793994e+00	-1.245513793e-02	1.380761806e-11
-2.370000000e-01	3.037801264e+00	-1.275448608e-02	1.979886042e-11
-2.380000000e-01	3.037808563e+00	-1.305383562e-02	1.889315168e-11
-2.390000000e-01	3.037815890e+00	-1.335318656e-02	5.722412324e-12
-2.400000000e-01	3.037823246e+00	-1.365253889e-02	1.261371866e-11
-2.410000000e-01	3.037830631e+00	-1.395189259e-02	1.326594378e-11
-2.420000000e-01	3.037838044e+00	-1.425124767e-02	7.673548649e-12
-2.430000000e-01	3.037845485e+00	-1.455060411e-02	9.869779894e-12
-2.440000000e-01	3.037852955e+00	-1.484996190e-02	2.029784734e-11
-2.450000000e-01	3.037860453e+00	-1.514932105e-02	1.178591239e-11
-2.460000000e-01	3.037867980e+00	-1.544868153e-02	1.923307895e-11
-2.470000000e-01	3.037875535e+00	-1.574804335e-02	1.187156074e-11
-2.480000000e-01	3.037883119e+00	-1.604740648e-02	1.291737554e-11
-2.490000000e-01	3.037890732e+00	-1.634677094e-02	1.514909445e-11
-2.500000000e-01	3.037898373e+00	-1.664613670e-02	1.410820599e-11
