# epsi_ci     Re(Lambda)      Im(Lambda)      Eq(det), R = 0.10 $\mu$m, $E_p$ = 0.900 eV, modo = 1, $\epsilon_\infty$ = 3.9, $\gamma_{DL}$ = 0.01 eV, solve_det_sinkz_vs_mu.py
0.000000000e+00	3.043155399e+00	5.855692979e-02	3.597344634e-11
-1.000000000e-03	3.043156030e+00	5.825785054e-02	1.441721273e-11
-2.000000000e-03	3.043156689e+00	5.795876806e-02	9.878874931e-12
-3.000000000e-03	3.043157376e+00	5.765968235e-02	1.215095659e-11
-4.000000000e-03	3.043158092e+00	5.736059342e-02	1.199590343e-11
-5.000000000e-03	3.043158835e+00	5.706150127e-02	8.274108436e-12
-6.000000000e-03	3.043159606e+00	5.676240593e-02	7.727989138e-12
-7.000000000e-03	3.043160406e+00	5.646330739e-02	1.098904934e-11
-8.000000000e-03	3.043161233e+00	5.616420565e-02	1.313590065e-11
-9.000000000e-03	3.043162088e+00	5.586510074e-02	8.259009849e-12
-1.000000000e-02	3.043162972e+00	5.556599264e-02	2.009866582e-11
-1.100000000e-02	3.043163883e+00	5.526688139e-02	9.003099730e-12
-1.200000000e-02	3.043164823e+00	5.496776697e-02	5.797017875e-12
-1.300000000e-02	3.043165790e+00	5.466864941e-02	1.961034488e-11
-1.400000000e-02	3.043166786e+00	5.436952869e-02	1.948132603e-11
-1.500000000e-02	3.043167810e+00	5.407040485e-02	9.979470585e-12
-1.600000000e-02	3.043168861e+00	5.377127787e-02	7.774813830e-12
-1.700000000e-02	3.043169941e+00	5.347214777e-02	1.719019424e-11
-1.800000000e-02	3.043171049e+00	5.317301455e-02	1.831702417e-11
-1.900000000e-02	3.043172185e+00	5.287387824e-02	7.695923031e-12
-2.000000000e-02	3.043173349e+00	5.257473882e-02	8.572000548e-12
-2.100000000e-02	3.043174541e+00	5.227559631e-02	1.896819643e-11
-2.200000000e-02	3.043175761e+00	5.197645071e-02	7.570029805e-12
-2.300000000e-02	3.043177009e+00	5.167730204e-02	9.410311093e-12
-2.400000000e-02	3.043178286e+00	5.137815030e-02	1.950501160e-11
-2.500000000e-02	3.043179590e+00	5.107899550e-02	2.803182784e-11
-2.600000000e-02	3.043180922e+00	5.077983764e-02	1.107927612e-11
-2.700000000e-02	3.043182283e+00	5.048067674e-02	2.285938047e-11
-2.800000000e-02	3.043183671e+00	5.018151280e-02	1.079142220e-11
-2.900000000e-02	3.043185088e+00	4.988234583e-02	1.107819719e-11
-3.000000000e-02	3.043186533e+00	4.958317583e-02	1.131776919e-11
-3.100000000e-02	3.043188006e+00	4.928400282e-02	1.328910166e-11
-3.200000000e-02	3.043189506e+00	4.898482681e-02	7.830923123e-12
-3.300000000e-02	3.043191035e+00	4.868564779e-02	1.228285733e-11
-3.400000000e-02	3.043192592e+00	4.838646577e-02	1.523807278e-11
-3.500000000e-02	3.043194178e+00	4.808728077e-02	1.009888066e-11
-3.600000000e-02	3.043195791e+00	4.778809280e-02	1.355783989e-11
-3.700000000e-02	3.043197432e+00	4.748890185e-02	1.192263740e-11
-3.800000000e-02	3.043199102e+00	4.718970794e-02	1.530437739e-11
-3.900000000e-02	3.043200799e+00	4.689051107e-02	1.947138343e-11
-4.000000000e-02	3.043202525e+00	4.659131126e-02	5.710828235e-12
-4.100000000e-02	3.043204279e+00	4.629210850e-02	1.258375211e-11
-4.200000000e-02	3.043206061e+00	4.599290282e-02	1.496631001e-11
-4.300000000e-02	3.043207871e+00	4.569369421e-02	1.020877956e-11
-4.400000000e-02	3.043209709e+00	4.539448268e-02	1.749977724e-11
-4.500000000e-02	3.043211575e+00	4.509526824e-02	8.279393474e-12
-4.600000000e-02	3.043213470e+00	4.479605090e-02	8.281161366e-12
-4.700000000e-02	3.043215392e+00	4.449683067e-02	1.670039200e-11
-4.800000000e-02	3.043217343e+00	4.419760754e-02	8.529876447e-12
-4.900000000e-02	3.043219321e+00	4.389838153e-02	1.992381686e-11
-5.000000000e-02	3.043221328e+00	4.359915267e-02	8.248971820e-12
-5.100000000e-02	3.043223363e+00	4.329992093e-02	1.613081112e-11
-5.200000000e-02	3.043225426e+00	4.300068633e-02	5.772668433e-12
-5.300000000e-02	3.043227518e+00	4.270144889e-02	1.059218478e-11
-5.400000000e-02	3.043229637e+00	4.240220860e-02	7.290865457e-12
-5.500000000e-02	3.043231784e+00	4.210296548e-02	9.776262326e-12
-5.600000000e-02	3.043233960e+00	4.180371953e-02	4.835248475e-12
-5.700000000e-02	3.043236164e+00	4.150447077e-02	6.483338069e-12
-5.800000000e-02	3.043238396e+00	4.120521919e-02	1.090087465e-11
-5.900000000e-02	3.043240656e+00	4.090596482e-02	1.501715390e-11
-6.000000000e-02	3.043242944e+00	4.060670764e-02	2.293034854e-11
-6.100000000e-02	3.043245260e+00	4.030744768e-02	1.009429574e-11
-6.200000000e-02	3.043247605e+00	4.000818493e-02	1.889923999e-11
-6.300000000e-02	3.043249978e+00	3.970891942e-02	7.392284902e-12
-6.400000000e-02	3.043252378e+00	3.940965113e-02	6.031828342e-12
-6.500000000e-02	3.043254807e+00	3.911038010e-02	1.442005183e-11
-6.600000000e-02	3.043257265e+00	3.881110631e-02	6.071690531e-12
-6.700000000e-02	3.043259750e+00	3.851182978e-02	1.767511792e-11
-6.800000000e-02	3.043262263e+00	3.821255051e-02	5.918413951e-12
-6.900000000e-02	3.043264805e+00	3.791326851e-02	9.589028139e-12
-7.000000000e-02	3.043267375e+00	3.761398380e-02	5.409297045e-12
-7.100000000e-02	3.043269973e+00	3.731469637e-02	1.190701862e-11
-7.200000000e-02	3.043272599e+00	3.701540624e-02	9.590843246e-12
-7.300000000e-02	3.043275253e+00	3.671611342e-02	7.764454554e-12
-7.400000000e-02	3.043277936e+00	3.641681790e-02	9.549970163e-12
-7.500000000e-02	3.043280646e+00	3.611751970e-02	1.013340738e-11
-7.600000000e-02	3.043283385e+00	3.581821883e-02	1.568802882e-11
-7.700000000e-02	3.043286152e+00	3.551891530e-02	7.614182051e-12
-7.800000000e-02	3.043288947e+00	3.521960910e-02	1.725791806e-11
-7.900000000e-02	3.043291771e+00	3.492030025e-02	8.307193018e-12
-8.000000000e-02	3.043294622e+00	3.462098876e-02	1.374993488e-11
-8.100000000e-02	3.043297502e+00	3.432167464e-02	1.566274006e-11
-8.200000000e-02	3.043300410e+00	3.402235789e-02	1.818244636e-11
-8.300000000e-02	3.043303346e+00	3.372303851e-02	7.087667505e-12
-8.400000000e-02	3.043306310e+00	3.342371653e-02	6.672866064e-12
-8.500000000e-02	3.043309303e+00	3.312439194e-02	9.552874278e-12
-8.600000000e-02	3.043312324e+00	3.282506475e-02	9.247273081e-12
-8.700000000e-02	3.043315372e+00	3.252573498e-02	9.830134753e-12
-8.800000000e-02	3.043318450e+00	3.222640262e-02	1.114508464e-11
-8.900000000e-02	3.043321555e+00	3.192706769e-02	1.013370517e-11
-9.000000000e-02	3.043324688e+00	3.162773019e-02	9.597063479e-12
-9.100000000e-02	3.043327850e+00	3.132839013e-02	8.894214440e-12
-9.200000000e-02	3.043331040e+00	3.102904752e-02	6.527454635e-12
-9.300000000e-02	3.043334258e+00	3.072970236e-02	1.590731676e-11
-9.400000000e-02	3.043337505e+00	3.043035468e-02	1.048476158e-11
-9.500000000e-02	3.043340779e+00	3.013100446e-02	7.636738966e-12
-9.600000000e-02	3.043344082e+00	2.983165172e-02	6.173716045e-12
-9.700000000e-02	3.043347413e+00	2.953229647e-02	6.629495177e-12
-9.800000000e-02	3.043350772e+00	2.923293872e-02	2.304128331e-11
-9.900000000e-02	3.043354160e+00	2.893357847e-02	1.449373823e-11
-1.000000000e-01	3.043357575e+00	2.863421572e-02	1.423208785e-11
-1.010000000e-01	3.043361019e+00	2.833485050e-02	1.482867652e-11
-1.020000000e-01	3.043364491e+00	2.803548280e-02	1.606026208e-11
-1.030000000e-01	3.043367992e+00	2.773611264e-02	1.223262682e-11
-1.040000000e-01	3.043371520e+00	2.743674001e-02	5.376876947e-12
-1.050000000e-01	3.043375077e+00	2.713736494e-02	7.890673935e-12
-1.060000000e-01	3.043378662e+00	2.683798742e-02	1.121454168e-11
-1.070000000e-01	3.043382275e+00	2.653860746e-02	1.870004352e-11
-1.080000000e-01	3.043385917e+00	2.623922508e-02	9.416560656e-12
-1.090000000e-01	3.043389587e+00	2.593984028e-02	1.247006142e-11
-1.100000000e-01	3.043393285e+00	2.564045307e-02	2.751010719e-11
-1.110000000e-01	3.043397011e+00	2.534106344e-02	8.304005262e-12
-1.120000000e-01	3.043400766e+00	2.504167142e-02	7.287004038e-12
-1.130000000e-01	3.043404548e+00	2.474227701e-02	9.950341803e-12
-1.140000000e-01	3.043408359e+00	2.444288022e-02	8.062071689e-12
-1.150000000e-01	3.043412199e+00	2.414348106e-02	1.000739581e-11
-1.160000000e-01	3.043416066e+00	2.384407953e-02	1.105048684e-11
-1.170000000e-01	3.043419962e+00	2.354467564e-02	1.179143141e-11
-1.180000000e-01	3.043423886e+00	2.324526940e-02	1.973654718e-11
-1.190000000e-01	3.043427838e+00	2.294586081e-02	1.849346381e-11
-1.200000000e-01	3.043431819e+00	2.264644989e-02	1.026084425e-11
-1.210000000e-01	3.043435827e+00	2.234703665e-02	2.005335894e-11
-1.220000000e-01	3.043439864e+00	2.204762108e-02	6.367529977e-12
-1.230000000e-01	3.043443930e+00	2.174820319e-02	1.325124674e-11
-1.240000000e-01	3.043448023e+00	2.144878301e-02	1.063834292e-11
-1.250000000e-01	3.043452145e+00	2.114936053e-02	6.682948483e-12
-1.260000000e-01	3.043456295e+00	2.084993576e-02	9.320964232e-12
-1.270000000e-01	3.043460474e+00	2.055050870e-02	2.602074396e-11
-1.280000000e-01	3.043464680e+00	2.025107938e-02	2.615893179e-11
-1.290000000e-01	3.043468915e+00	1.995164779e-02	7.148861662e-12
-1.300000000e-01	3.043473179e+00	1.965221393e-02	6.322671406e-12
-1.310000000e-01	3.043477470e+00	1.935277783e-02	7.580973471e-12
-1.320000000e-01	3.043481790e+00	1.905333949e-02	2.408868024e-11
-1.330000000e-01	3.043486138e+00	1.875389890e-02	2.399273955e-11
-1.340000000e-01	3.043490514e+00	1.845445610e-02	1.154393792e-11
-1.350000000e-01	3.043494919e+00	1.815501107e-02	6.727329369e-12
-1.360000000e-01	3.043499352e+00	1.785556383e-02	1.100058443e-11
-1.370000000e-01	3.043503813e+00	1.755611439e-02	1.838395844e-11
-1.380000000e-01	3.043508303e+00	1.725666275e-02	1.996939954e-11
-1.390000000e-01	3.043512821e+00	1.695720892e-02	8.641921477e-12
-1.400000000e-01	3.043517367e+00	1.665775291e-02	1.181317385e-11
-1.410000000e-01	3.043521941e+00	1.635829474e-02	2.236995626e-11
-1.420000000e-01	3.043526544e+00	1.605883439e-02	9.247744958e-12
-1.430000000e-01	3.043531175e+00	1.575937188e-02	2.005794900e-11
-1.440000000e-01	3.043535834e+00	1.545990722e-02	2.193392681e-11
-1.450000000e-01	3.043540522e+00	1.516044043e-02	1.717600370e-11
-1.460000000e-01	3.043545238e+00	1.486097150e-02	2.013511128e-11
-1.470000000e-01	3.043549982e+00	1.456150044e-02	8.385506663e-12
-1.480000000e-01	3.043554755e+00	1.426202726e-02	1.029500549e-11
-1.490000000e-01	3.043559555e+00	1.396255197e-02	1.974633749e-11
-1.500000000e-01	3.043564385e+00	1.366307458e-02	1.409248011e-11
-1.510000000e-01	3.043569242e+00	1.336359509e-02	8.532466911e-12
-1.520000000e-01	3.043574128e+00	1.306411352e-02	1.636593287e-11
-1.530000000e-01	3.043579042e+00	1.276462987e-02	1.340327845e-11
-1.540000000e-01	3.043583984e+00	1.246514414e-02	7.137051596e-12
-1.550000000e-01	3.043588955e+00	1.216565635e-02	1.300794664e-11
-1.560000000e-01	3.043593954e+00	1.186616651e-02	1.366423140e-11
-1.570000000e-01	3.043598982e+00	1.156667461e-02	1.721475955e-11
-1.580000000e-01	3.043604038e+00	1.126718067e-02	1.499350955e-11
-1.590000000e-01	3.043609122e+00	1.096768470e-02	1.089424153e-11
-1.600000000e-01	3.043614234e+00	1.066818670e-02	6.347986457e-12
-1.610000000e-01	3.043619375e+00	1.036868669e-02	6.514896462e-12
-1.620000000e-01	3.043624544e+00	1.006918467e-02	1.377485017e-11
-1.630000000e-01	3.043629741e+00	9.769680639e-03	6.781159848e-12
-1.640000000e-01	3.043634967e+00	9.470174620e-03	9.174566358e-12
-1.650000000e-01	3.043640221e+00	9.170666612e-03	1.286129102e-11
-1.660000000e-01	3.043645503e+00	8.871156627e-03	5.802678704e-12
-1.670000000e-01	3.043650814e+00	8.571644668e-03	1.331183224e-11
-1.680000000e-01	3.043656153e+00	8.272130750e-03	1.005391509e-11
-1.690000000e-01	3.043661521e+00	7.972614878e-03	1.306486431e-11
-1.700000000e-01	3.043666917e+00	7.673097055e-03	1.152415276e-11
-1.710000000e-01	3.043672341e+00	7.373577290e-03	6.764930976e-12
-1.720000000e-01	3.043677793e+00	7.074055598e-03	8.918199639e-12
-1.730000000e-01	3.043683274e+00	6.774531980e-03	1.557908992e-11
-1.740000000e-01	3.043688783e+00	6.475006441e-03	1.318798333e-11
-1.750000000e-01	3.043694321e+00	6.175479003e-03	1.593530722e-11
-1.760000000e-01	3.043699887e+00	5.875949657e-03	1.412361770e-11
-1.770000000e-01	3.043705481e+00	5.576418419e-03	1.402365727e-11
-1.780000000e-01	3.043711104e+00	5.276885297e-03	8.823413969e-12
-1.790000000e-01	3.043716755e+00	4.977350297e-03	8.481337622e-12
-1.800000000e-01	3.043722434e+00	4.677813428e-03	2.079788523e-11
-1.810000000e-01	3.043728142e+00	4.378274700e-03	7.357980078e-12
-1.820000000e-01	3.043733878e+00	4.078734115e-03	1.604659216e-11
-1.830000000e-01	3.043739642e+00	3.779191684e-03	8.813541558e-12
-1.840000000e-01	3.043745435e+00	3.479647418e-03	1.460705254e-11
-1.850000000e-01	3.043751256e+00	3.180101318e-03	1.094907498e-11
-1.860000000e-01	3.043757106e+00	2.880553397e-03	1.751967221e-11
-1.870000000e-01	3.043762984e+00	2.581003663e-03	1.190609488e-11
-1.880000000e-01	3.043768890e+00	2.281452122e-03	1.579819213e-11
-1.890000000e-01	3.043774825e+00	1.981898778e-03	8.037706284e-12
-1.900000000e-01	3.043780788e+00	1.682343644e-03	7.087111609e-12
-1.910000000e-01	3.043786779e+00	1.382786730e-03	1.073931414e-11
-1.920000000e-01	3.043792799e+00	1.083228034e-03	9.568880936e-12
-1.930000000e-01	3.043798847e+00	7.836675747e-04	1.306926166e-11
-1.940000000e-01	3.043804924e+00	4.841053553e-04	1.215527257e-11
-1.950000000e-01	3.043811029e+00	1.845413874e-04	9.691678787e-12
-1.960000000e-01	3.043817162e+00	-1.150243279e-04	8.531352406e-12
-1.970000000e-01	3.043823324e+00	-4.145917848e-04	1.761369020e-11
-1.980000000e-01	3.043829514e+00	-7.141609603e-04	8.435426119e-12
-1.990000000e-01	3.043835733e+00	-1.013731860e-03	1.941878952e-11
-2.000000000e-01	3.043841979e+00	-1.313304477e-03	1.370931779e-11
-2.010000000e-01	3.043848255e+00	-1.612878794e-03	6.539627072e-12
-2.020000000e-01	3.043854559e+00	-1.912454809e-03	9.331259382e-12
-2.030000000e-01	3.043860891e+00	-2.212032517e-03	1.416849741e-11
-2.040000000e-01	3.043867251e+00	-2.511611906e-03	1.352733530e-11
-2.050000000e-01	3.043873640e+00	-2.811192963e-03	7.582472753e-12
-2.060000000e-01	3.043880057e+00	-3.110775691e-03	1.491637692e-11
-2.070000000e-01	3.043886503e+00	-3.410360072e-03	1.255805068e-11
-2.080000000e-01	3.043892977e+00	-3.709946108e-03	1.655193579e-11
-2.090000000e-01	3.043899480e+00	-4.009533778e-03	1.320062575e-11
-2.100000000e-01	3.043906011e+00	-4.309123092e-03	9.812345416e-12
-2.110000000e-01	3.043912570e+00	-4.608714030e-03	1.918316196e-11
-2.120000000e-01	3.043919158e+00	-4.908306584e-03	1.057709274e-11
-2.130000000e-01	3.043925774e+00	-5.207900747e-03	9.615550029e-12
-2.140000000e-01	3.043932419e+00	-5.507496520e-03	2.494263230e-11
-2.150000000e-01	3.043939092e+00	-5.807093877e-03	1.195067575e-11
-2.160000000e-01	3.043945793e+00	-6.106692825e-03	2.209116566e-11
-2.170000000e-01	3.043952523e+00	-6.406293357e-03	8.243574502e-12
-2.180000000e-01	3.043959281e+00	-6.705895460e-03	7.738646396e-12
-2.190000000e-01	3.043966068e+00	-7.005499123e-03	9.844656867e-12
-2.200000000e-01	3.043972883e+00	-7.305104339e-03	1.055104380e-11
-2.210000000e-01	3.043979727e+00	-7.604711110e-03	1.809196510e-11
-2.220000000e-01	3.043986599e+00	-7.904319419e-03	2.154392001e-11
-2.230000000e-01	3.043993499e+00	-8.203929253e-03	8.263010201e-12
-2.240000000e-01	3.044000428e+00	-8.503540618e-03	9.468792242e-12
-2.250000000e-01	3.044007385e+00	-8.803153497e-03	6.244880843e-12
-2.260000000e-01	3.044014371e+00	-9.102767882e-03	1.359503911e-11
-2.270000000e-01	3.044021385e+00	-9.402383771e-03	1.291260919e-11
-2.280000000e-01	3.044028428e+00	-9.702001152e-03	1.611110621e-11
-2.290000000e-01	3.044035499e+00	-1.000162001e-02	1.940402412e-11
-2.300000000e-01	3.044042598e+00	-1.030124036e-02	2.542038682e-11
-2.310000000e-01	3.044049726e+00	-1.060086216e-02	8.483115749e-12
-2.320000000e-01	3.044056883e+00	-1.090048544e-02	9.580299657e-12
-2.330000000e-01	3.044064067e+00	-1.120011016e-02	9.137279061e-12
-2.340000000e-01	3.044071281e+00	-1.149973633e-02	8.450343043e-12
-2.350000000e-01	3.044078522e+00	-1.179936394e-02	1.139321098e-11
-2.360000000e-01	3.044085792e+00	-1.209899297e-02	2.087306235e-11
-2.370000000e-01	3.044093091e+00	-1.239862343e-02	1.293889832e-11
-2.380000000e-01	3.044100418e+00	-1.269825530e-02	9.364270498e-12
-2.390000000e-01	3.044107773e+00	-1.299788858e-02	7.475028653e-12
-2.400000000e-01	3.044115157e+00	-1.329752325e-02	1.404339466e-11
-2.410000000e-01	3.044122570e+00	-1.359715931e-02	1.232570064e-11
-2.420000000e-01	3.044130011e+00	-1.389679676e-02	1.437301992e-11
-2.430000000e-01	3.044137480e+00	-1.419643558e-02	1.024344390e-11
-2.440000000e-01	3.044144978e+00	-1.449607576e-02	2.292385165e-11
-2.450000000e-01	3.044152504e+00	-1.479571730e-02	1.255484737e-11
-2.460000000e-01	3.044160058e+00	-1.509536020e-02	1.826230386e-11
-2.470000000e-01	3.044167642e+00	-1.539500443e-02	1.315001079e-11
-2.480000000e-01	3.044175253e+00	-1.569465001e-02	8.737103467e-12
-2.490000000e-01	3.044182893e+00	-1.599429690e-02	8.015260769e-12
-2.500000000e-01	3.044190562e+00	-1.629394512e-02	9.378281900e-12
