# epsi_ci     Re(Lambda)      Im(Lambda)      Eq(det), R = 0.10 $\mu$m, $E_p$ = 0.900 eV, modo = 1, $\epsilon_\infty$ = 3.9, $\gamma_{DL}$ = 0.01 eV, solve_det_sinkz_vs_mu.py
0.000000000e+00	3.022186729e+00	5.731390124e-02	4.014951054e-12
-1.000000000e-03	3.022187195e+00	5.701600992e-02	1.281444520e-11
-2.000000000e-03	3.022187690e+00	5.671811536e-02	4.550820333e-12
-3.000000000e-03	3.022188212e+00	5.642021756e-02	3.045529097e-11
-4.000000000e-03	3.022188763e+00	5.612231652e-02	9.143649453e-12
-5.000000000e-03	3.022189341e+00	5.582441225e-02	1.127380932e-11
-6.000000000e-03	3.022189948e+00	5.552650476e-02	1.839813942e-11
-7.000000000e-03	3.022190583e+00	5.522859406e-02	1.924238294e-11
-8.000000000e-03	3.022191245e+00	5.493068016e-02	1.710404627e-11
-9.000000000e-03	3.022191936e+00	5.463276305e-02	1.038997698e-11
-1.000000000e-02	3.022192655e+00	5.433484277e-02	5.052552000e-12
-1.100000000e-02	3.022193402e+00	5.403691930e-02	1.905437897e-11
-1.200000000e-02	3.022194177e+00	5.373899265e-02	1.521102888e-11
-1.300000000e-02	3.022194980e+00	5.344106283e-02	6.236471139e-12
-1.400000000e-02	3.022195812e+00	5.314312986e-02	1.336824760e-11
-1.500000000e-02	3.022196671e+00	5.284519373e-02	1.063187145e-11
-1.600000000e-02	3.022197559e+00	5.254725446e-02	1.496667891e-11
-1.700000000e-02	3.022198474e+00	5.224931206e-02	1.270746168e-11
-1.800000000e-02	3.022199418e+00	5.195136652e-02	7.011949855e-12
-1.900000000e-02	3.022200390e+00	5.165341787e-02	9.540476982e-12
-2.000000000e-02	3.022201390e+00	5.135546611e-02	1.182132793e-11
-2.100000000e-02	3.022202418e+00	5.105751123e-02	1.915906606e-11
-2.200000000e-02	3.022203474e+00	5.075955326e-02	1.560818835e-11
-2.300000000e-02	3.022204558e+00	5.046159220e-02	1.056358554e-11
-2.400000000e-02	3.022205670e+00	5.016362805e-02	1.317358095e-11
-2.500000000e-02	3.022206811e+00	4.986566083e-02	1.503232050e-11
-2.600000000e-02	3.022207979e+00	4.956769055e-02	2.333351673e-11
-2.700000000e-02	3.022209176e+00	4.926971720e-02	1.011073710e-11
-2.800000000e-02	3.022210401e+00	4.897174080e-02	1.048130676e-11
-2.900000000e-02	3.022211654e+00	4.867376136e-02	7.563888637e-12
-3.000000000e-02	3.022212935e+00	4.837577888e-02	1.070484704e-11
-3.100000000e-02	3.022214244e+00	4.807779337e-02	1.715853791e-11
-3.200000000e-02	3.022215581e+00	4.777980484e-02	1.615229125e-11
-3.300000000e-02	3.022216947e+00	4.748181329e-02	9.351240521e-12
-3.400000000e-02	3.022218340e+00	4.718381874e-02	9.569727618e-12
-3.500000000e-02	3.022219762e+00	4.688582119e-02	1.711845444e-11
-3.600000000e-02	3.022221212e+00	4.658782065e-02	5.367168557e-12
-3.700000000e-02	3.022222690e+00	4.628981713e-02	9.364214783e-12
-3.800000000e-02	3.022224196e+00	4.599181063e-02	8.700859675e-12
-3.900000000e-02	3.022225730e+00	4.569380116e-02	1.847505084e-11
-4.000000000e-02	3.022227293e+00	4.539578873e-02	1.567291462e-11
-4.100000000e-02	3.022228883e+00	4.509777335e-02	2.553028108e-11
-4.200000000e-02	3.022230502e+00	4.479975503e-02	1.370098437e-11
-4.300000000e-02	3.022232149e+00	4.450173376e-02	8.837647575e-12
-4.400000000e-02	3.022233824e+00	4.420370957e-02	1.257027952e-11
-4.500000000e-02	3.022235527e+00	4.390568246e-02	5.828822463e-12
-4.600000000e-02	3.022237258e+00	4.360765243e-02	1.223115602e-11
-4.700000000e-02	3.022239018e+00	4.330961950e-02	1.728391499e-11
-4.800000000e-02	3.022240805e+00	4.301158366e-02	8.941133686e-12
-4.900000000e-02	3.022242621e+00	4.271354494e-02	1.443205349e-11
-5.000000000e-02	3.022244465e+00	4.241550333e-02	1.649487638e-11
-5.100000000e-02	3.022246337e+00	4.211745884e-02	9.199474121e-12
-5.200000000e-02	3.022248238e+00	4.181941149e-02	1.280556865e-11
-5.300000000e-02	3.022250166e+00	4.152136128e-02	1.428460411e-11
-5.400000000e-02	3.022252123e+00	4.122330821e-02	1.269298721e-11
-5.500000000e-02	3.022254108e+00	4.092525230e-02	2.531075248e-11
-5.600000000e-02	3.022256121e+00	4.062719355e-02	5.046066760e-12
-5.700000000e-02	3.022258162e+00	4.032913198e-02	1.125226548e-11
-5.800000000e-02	3.022260231e+00	4.003106758e-02	1.682242055e-11
-5.900000000e-02	3.022262329e+00	3.973300036e-02	1.186112294e-11
-6.000000000e-02	3.022264455e+00	3.943493034e-02	2.126907429e-11
-6.100000000e-02	3.022266609e+00	3.913685752e-02	1.100261119e-11
-6.200000000e-02	3.022268791e+00	3.883878191e-02	6.276071068e-12
-6.300000000e-02	3.022271001e+00	3.854070352e-02	1.659960302e-11
-6.400000000e-02	3.022273240e+00	3.824262235e-02	1.281305418e-11
-6.500000000e-02	3.022275506e+00	3.794453841e-02	1.033553631e-11
-6.600000000e-02	3.022277801e+00	3.764645171e-02	1.600296494e-11
-6.700000000e-02	3.022280124e+00	3.734836226e-02	9.242875055e-12
-6.800000000e-02	3.022282476e+00	3.705027007e-02	1.053292806e-11
-6.900000000e-02	3.022284855e+00	3.675217514e-02	6.178352528e-12
-7.000000000e-02	3.022287263e+00	3.645407748e-02	2.318349527e-11
-7.100000000e-02	3.022289699e+00	3.615597709e-02	8.855635101e-12
-7.200000000e-02	3.022292163e+00	3.585787400e-02	1.746264567e-11
-7.300000000e-02	3.022294655e+00	3.555976819e-02	9.756775171e-12
-7.400000000e-02	3.022297176e+00	3.526165969e-02	1.098606293e-11
-7.500000000e-02	3.022299725e+00	3.496354850e-02	9.982602940e-12
-7.600000000e-02	3.022302302e+00	3.466543462e-02	1.784240868e-11
-7.700000000e-02	3.022304907e+00	3.436731808e-02	1.547518179e-11
-7.800000000e-02	3.022307541e+00	3.406919885e-02	1.004365192e-11
-7.900000000e-02	3.022310202e+00	3.377107698e-02	1.232529360e-11
-8.000000000e-02	3.022312892e+00	3.347295245e-02	1.175173302e-11
-8.100000000e-02	3.022315610e+00	3.317482527e-02	1.422018528e-11
-8.200000000e-02	3.022318357e+00	3.287669546e-02	7.816785535e-12
-8.300000000e-02	3.022321131e+00	3.257856302e-02	1.069957931e-11
-8.400000000e-02	3.022323934e+00	3.228042796e-02	1.629004900e-11
-8.500000000e-02	3.022326765e+00	3.198229029e-02	8.767133480e-12
-8.600000000e-02	3.022329625e+00	3.168415001e-02	4.740034962e-12
-8.700000000e-02	3.022332512e+00	3.138600713e-02	2.023244963e-11
-8.800000000e-02	3.022335428e+00	3.108786166e-02	1.523093832e-11
-8.900000000e-02	3.022338372e+00	3.078971361e-02	2.024890556e-11
-9.000000000e-02	3.022341344e+00	3.049156299e-02	1.272182736e-11
-9.100000000e-02	3.022344345e+00	3.019340980e-02	7.911711028e-12
-9.200000000e-02	3.022347374e+00	2.989525404e-02	1.408994584e-11
-9.300000000e-02	3.022350431e+00	2.959709575e-02	1.812341366e-11
-9.400000000e-02	3.022353516e+00	2.929893490e-02	7.703272769e-12
-9.500000000e-02	3.022356630e+00	2.900077152e-02	1.062902920e-11
-9.600000000e-02	3.022359772e+00	2.870260561e-02	1.958075951e-11
-9.700000000e-02	3.022362942e+00	2.840443718e-02	1.000587524e-11
-9.800000000e-02	3.022366140e+00	2.810626624e-02	1.085274870e-11
-9.900000000e-02	3.022369367e+00	2.780809280e-02	2.566882727e-11
-1.000000000e-01	3.022372621e+00	2.750991685e-02	1.146045965e-11
-1.010000000e-01	3.022375905e+00	2.721173842e-02	6.588681958e-12
-1.020000000e-01	3.022379216e+00	2.691355751e-02	5.600753045e-12
-1.030000000e-01	3.022382556e+00	2.661537412e-02	1.740365691e-11
-1.040000000e-01	3.022385924e+00	2.631718827e-02	9.726302060e-12
-1.050000000e-01	3.022389320e+00	2.601899996e-02	1.344635484e-11
-1.060000000e-01	3.022392744e+00	2.572080920e-02	1.457542677e-11
-1.070000000e-01	3.022396197e+00	2.542261600e-02	4.776413370e-12
-1.080000000e-01	3.022399678e+00	2.512442036e-02	8.258002453e-12
-1.090000000e-01	3.022403188e+00	2.482622229e-02	2.497683693e-11
-1.100000000e-01	3.022406725e+00	2.452802181e-02	1.590976940e-11
-1.110000000e-01	3.022410291e+00	2.422981892e-02	2.608228244e-11
-1.120000000e-01	3.022413885e+00	2.393161362e-02	5.804437553e-12
-1.130000000e-01	3.022417508e+00	2.363340592e-02	1.369902664e-11
-1.140000000e-01	3.022421159e+00	2.333519584e-02	1.267603802e-11
-1.150000000e-01	3.022424838e+00	2.303698338e-02	1.249098857e-11
-1.160000000e-01	3.022428545e+00	2.273876855e-02	1.561987741e-11
-1.170000000e-01	3.022432281e+00	2.244055135e-02	1.179084753e-11
-1.180000000e-01	3.022436045e+00	2.214233179e-02	6.224155788e-12
-1.190000000e-01	3.022439837e+00	2.184410989e-02	6.977400815e-12
-1.200000000e-01	3.022443657e+00	2.154588565e-02	2.433074890e-11
-1.210000000e-01	3.022447506e+00	2.124765907e-02	1.260895621e-11
-1.220000000e-01	3.022451383e+00	2.094943017e-02	1.507198991e-11
-1.230000000e-01	3.022455289e+00	2.065119895e-02	1.025891139e-11
-1.240000000e-01	3.022459223e+00	2.035296541e-02	1.425206555e-11
-1.250000000e-01	3.022463185e+00	2.005472959e-02	1.265105471e-11
-1.260000000e-01	3.022467175e+00	1.975649146e-02	6.521237929e-12
-1.270000000e-01	3.022471194e+00	1.945825105e-02	8.711128222e-12
-1.280000000e-01	3.022475241e+00	1.916000836e-02	1.249669652e-11
-1.290000000e-01	3.022479316e+00	1.886176339e-02	1.385367875e-11
-1.300000000e-01	3.022483420e+00	1.856351617e-02	1.197330851e-11
-1.310000000e-01	3.022487552e+00	1.826526669e-02	2.108655315e-11
-1.320000000e-01	3.022491712e+00	1.796701496e-02	1.417177298e-11
-1.330000000e-01	3.022495901e+00	1.766876099e-02	2.077673526e-11
-1.340000000e-01	3.022500118e+00	1.737050479e-02	2.350227515e-11
-1.350000000e-01	3.022504363e+00	1.707224637e-02	1.116962342e-11
-1.360000000e-01	3.022508637e+00	1.677398574e-02	1.446066729e-11
-1.370000000e-01	3.022512939e+00	1.647572289e-02	7.478315511e-12
-1.380000000e-01	3.022517269e+00	1.617745785e-02	1.582308795e-11
-1.390000000e-01	3.022521628e+00	1.587919061e-02	1.426025459e-11
-1.400000000e-01	3.022526015e+00	1.558092119e-02	1.374692872e-11
-1.410000000e-01	3.022530430e+00	1.528264959e-02	6.729415679e-12
-1.420000000e-01	3.022534874e+00	1.498437582e-02	7.067681038e-12
-1.430000000e-01	3.022539346e+00	1.468609989e-02	1.575350772e-11
-1.440000000e-01	3.022543846e+00	1.438782182e-02	7.093764558e-12
-1.450000000e-01	3.022548375e+00	1.408954159e-02	2.029461114e-11
-1.460000000e-01	3.022552932e+00	1.379125922e-02	8.289946404e-12
-1.470000000e-01	3.022557518e+00	1.349297473e-02	1.226337808e-11
-1.480000000e-01	3.022562131e+00	1.319468812e-02	2.462386340e-11
-1.490000000e-01	3.022566773e+00	1.289639939e-02	6.661916647e-12
-1.500000000e-01	3.022571444e+00	1.259810856e-02	1.659242445e-11
-1.510000000e-01	3.022576143e+00	1.229981562e-02	9.549468413e-12
-1.520000000e-01	3.022580870e+00	1.200152060e-02	6.850165738e-12
-1.530000000e-01	3.022585625e+00	1.170322349e-02	9.599725616e-12
-1.540000000e-01	3.022590409e+00	1.140492431e-02	1.340812707e-11
-1.550000000e-01	3.022595222e+00	1.110662306e-02	1.590066764e-11
-1.560000000e-01	3.022600062e+00	1.080831976e-02	1.045963604e-11
-1.570000000e-01	3.022604931e+00	1.051001441e-02	6.608637681e-12
-1.580000000e-01	3.022609829e+00	1.021170701e-02	7.496634909e-12
-1.590000000e-01	3.022614754e+00	9.913397573e-03	7.899227391e-12
-1.600000000e-01	3.022619708e+00	9.615086111e-03	1.910748555e-11
-1.610000000e-01	3.022624691e+00	9.316772631e-03	2.153616088e-11
-1.620000000e-01	3.022629702e+00	9.018457143e-03	2.438803505e-11
-1.630000000e-01	3.022634741e+00	8.720139646e-03	7.082884261e-12
-1.640000000e-01	3.022639809e+00	8.421820150e-03	1.401113344e-11
-1.650000000e-01	3.022644905e+00	8.123498673e-03	9.487259864e-12
-1.660000000e-01	3.022650029e+00	7.825175214e-03	7.689251764e-12
-1.670000000e-01	3.022655182e+00	7.526849786e-03	1.180060823e-11
-1.680000000e-01	3.022660363e+00	7.228522389e-03	8.050646804e-12
-1.690000000e-01	3.022665572e+00	6.930193035e-03	1.683477630e-11
-1.700000000e-01	3.022670810e+00	6.631861737e-03	1.835596111e-11
-1.710000000e-01	3.022676077e+00	6.333528493e-03	1.018490899e-11
-1.720000000e-01	3.022681371e+00	6.035193325e-03	1.623108334e-11
-1.730000000e-01	3.022686694e+00	5.736856224e-03	8.313679050e-12
-1.740000000e-01	3.022692046e+00	5.438517213e-03	2.624202579e-11
-1.750000000e-01	3.022697426e+00	5.140176285e-03	1.209188744e-11
-1.760000000e-01	3.022702834e+00	4.841833460e-03	4.587156905e-12
-1.770000000e-01	3.022708271e+00	4.543488746e-03	1.689367327e-11
-1.780000000e-01	3.022713736e+00	4.245142143e-03	2.250247846e-11
-1.790000000e-01	3.022719229e+00	3.946793658e-03	8.920071739e-12
-1.800000000e-01	3.022724751e+00	3.648443310e-03	8.834290594e-12
-1.810000000e-01	3.022730302e+00	3.350091099e-03	7.988334399e-12
-1.820000000e-01	3.022735880e+00	3.051737034e-03	1.081226309e-11
-1.830000000e-01	3.022741487e+00	2.753381124e-03	9.029413494e-12
-1.840000000e-01	3.022747123e+00	2.455023372e-03	9.461305206e-12
-1.850000000e-01	3.022752787e+00	2.156663794e-03	1.527145974e-11
-1.860000000e-01	3.022758479e+00	1.858302398e-03	1.282569159e-11
-1.870000000e-01	3.022764200e+00	1.559939183e-03	8.767187333e-12
-1.880000000e-01	3.022769949e+00	1.261574162e-03	9.820734500e-12
-1.890000000e-01	3.022775727e+00	9.632073425e-04	5.909518473e-12
-1.900000000e-01	3.022781533e+00	6.648387350e-04	8.025443281e-12
-1.910000000e-01	3.022787367e+00	3.664683417e-04	7.045187143e-12
-1.920000000e-01	3.022793230e+00	6.809617737e-05	1.326383456e-11
-1.930000000e-01	3.022799121e+00	-2.302777552e-04	8.313027319e-12
-1.940000000e-01	3.022805041e+00	-5.286534471e-04	1.006038419e-11
-1.950000000e-01	3.022810989e+00	-8.270308847e-04	1.172635914e-11
-1.960000000e-01	3.022816966e+00	-1.125410068e-03	9.578368784e-12
-1.970000000e-01	3.022822971e+00	-1.423790988e-03	6.352349670e-12
-1.980000000e-01	3.022829004e+00	-1.722173636e-03	1.239321581e-11
-1.990000000e-01	3.022835066e+00	-2.020557999e-03	8.791390703e-12
-2.000000000e-01	3.022841157e+00	-2.318944077e-03	2.041558790e-11
-2.010000000e-01	3.022847275e+00	-2.617331852e-03	9.606756399e-12
-2.020000000e-01	3.022853423e+00	-2.915721326e-03	7.697885098e-12
-2.030000000e-01	3.022859598e+00	-3.214112482e-03	1.384718584e-11
-2.040000000e-01	3.022865802e+00	-3.512505322e-03	9.528444767e-12
-2.050000000e-01	3.022872035e+00	-3.810899838e-03	1.734450356e-11
-2.060000000e-01	3.022878296e+00	-4.109296009e-03	8.877686926e-12
-2.070000000e-01	3.022884585e+00	-4.407693839e-03	1.255306538e-11
-2.080000000e-01	3.022890903e+00	-4.706093315e-03	1.424103765e-11
-2.090000000e-01	3.022897250e+00	-5.004494435e-03	2.664667098e-11
-2.100000000e-01	3.022903624e+00	-5.302897179e-03	8.948181106e-12
-2.110000000e-01	3.022910028e+00	-5.601301549e-03	4.413157599e-12
-2.120000000e-01	3.022916459e+00	-5.899707538e-03	7.723171218e-12
-2.130000000e-01	3.022922919e+00	-6.198115134e-03	1.430701795e-11
-2.140000000e-01	3.022929408e+00	-6.496524325e-03	1.201718909e-11
-2.150000000e-01	3.022935925e+00	-6.794935110e-03	1.644646777e-11
-2.160000000e-01	3.022942470e+00	-7.093347480e-03	1.140931925e-11
-2.170000000e-01	3.022949044e+00	-7.391761424e-03	1.307185612e-11
-2.180000000e-01	3.022955647e+00	-7.690176940e-03	8.350357129e-12
-2.190000000e-01	3.022962278e+00	-7.988594015e-03	2.311787140e-11
-2.200000000e-01	3.022968937e+00	-8.287012635e-03	1.433986664e-11
-2.210000000e-01	3.022975625e+00	-8.585432803e-03	7.794964936e-12
-2.220000000e-01	3.022982341e+00	-8.883854510e-03	1.618928126e-11
-2.230000000e-01	3.022989086e+00	-9.182277741e-03	7.506964705e-12
-2.240000000e-01	3.022995859e+00	-9.480702496e-03	9.148337889e-12
-2.250000000e-01	3.023002661e+00	-9.779128757e-03	8.558093458e-12
-2.260000000e-01	3.023009491e+00	-1.007755653e-02	1.050454766e-11
-2.270000000e-01	3.023016350e+00	-1.037598579e-02	1.060464859e-11
-2.280000000e-01	3.023023237e+00	-1.067441655e-02	1.666176960e-11
-2.290000000e-01	3.023030153e+00	-1.097284878e-02	8.531216292e-12
-2.300000000e-01	3.023037097e+00	-1.127128248e-02	7.799481855e-12
-2.310000000e-01	3.023044069e+00	-1.156971765e-02	1.194450677e-11
-2.320000000e-01	3.023051071e+00	-1.186815428e-02	1.079812622e-11
-2.330000000e-01	3.023058100e+00	-1.216659235e-02	1.608932663e-11
-2.340000000e-01	3.023065158e+00	-1.246503186e-02	4.241559522e-12
-2.350000000e-01	3.023072245e+00	-1.276347281e-02	9.248871515e-12
-2.360000000e-01	3.023079360e+00	-1.306191518e-02	2.170860714e-11
-2.370000000e-01	3.023086503e+00	-1.336035897e-02	1.623284149e-11
-2.380000000e-01	3.023093675e+00	-1.365880416e-02	8.385361407e-12
-2.390000000e-01	3.023100876e+00	-1.395725076e-02	1.074456269e-11
-2.400000000e-01	3.023108105e+00	-1.425569874e-02	1.407850763e-11
-2.410000000e-01	3.023115362e+00	-1.455414811e-02	8.681690861e-12
-2.420000000e-01	3.023122648e+00	-1.485259886e-02	1.403116516e-11
-2.430000000e-01	3.023129963e+00	-1.515105098e-02	9.182160896e-12
-2.440000000e-01	3.023137306e+00	-1.544950445e-02	1.592044274e-11
-2.450000000e-01	3.023144677e+00	-1.574795928e-02	1.371254875e-11
-2.460000000e-01	3.023152077e+00	-1.604641545e-02	1.883908474e-11
-2.470000000e-01	3.023159506e+00	-1.634487296e-02	8.600484379e-12
-2.480000000e-01	3.023166963e+00	-1.664333180e-02	1.284178672e-11
-2.490000000e-01	3.023174448e+00	-1.694179195e-02	8.029229291e-12
-2.500000000e-01	3.023181962e+00	-1.724025342e-02	1.432494501e-11
