# epsi_ci     Re(Lambda)      Im(Lambda)      Eq(det), R = 0.10 $\mu$m, $E_p$ = 0.300 eV, modo = 3, $\epsilon_\infty$ = 3.9, $\gamma_{DL}$ = 0.01 eV, solve_det_sinkz_vs_mu.py
0.000000000e+00	6.328560154e+00	8.419124515e-02	1.764555765e-11
-1.000000000e-03	6.328575475e+00	8.355492482e-02	2.445554023e-11
-2.000000000e-03	6.328590860e+00	8.291860446e-02	9.323877922e-12
-3.000000000e-03	6.328606309e+00	8.228228408e-02	7.986356743e-12
-4.000000000e-03	6.328621821e+00	8.164596372e-02	1.172852517e-11
-5.000000000e-03	6.328637397e+00	8.100964338e-02	1.676206656e-11
-6.000000000e-03	6.328653037e+00	8.037332309e-02	2.176735579e-11
-7.000000000e-03	6.328668741e+00	7.973700285e-02	3.593610508e-11
-8.000000000e-03	6.328684508e+00	7.910068271e-02	2.320497440e-11
-9.000000000e-03	6.328700339e+00	7.846436267e-02	1.347037593e-11
-1.000000000e-02	6.328716234e+00	7.782804275e-02	9.003226671e-12
-1.100000000e-02	6.328732193e+00	7.719172297e-02	1.519694589e-11
-1.200000000e-02	6.328748216e+00	7.655540335e-02	8.448788595e-12
-1.300000000e-02	6.328764302e+00	7.591908391e-02	7.827562170e-12
-1.400000000e-02	6.328780452e+00	7.528276467e-02	1.441073854e-11
-1.500000000e-02	6.328796665e+00	7.464644565e-02	1.230893851e-11
-1.600000000e-02	6.328812943e+00	7.401012686e-02	7.353496372e-12
-1.700000000e-02	6.328829284e+00	7.337380833e-02	3.335018993e-11
-1.800000000e-02	6.328845689e+00	7.273749008e-02	2.355623082e-11
-1.900000000e-02	6.328862158e+00	7.210117212e-02	9.975989588e-12
-2.000000000e-02	6.328878690e+00	7.146485448e-02	2.905165229e-11
-2.100000000e-02	6.328895286e+00	7.082853717e-02	1.590222434e-11
-2.200000000e-02	6.328911946e+00	7.019222020e-02	1.585289700e-11
-2.300000000e-02	6.328928670e+00	6.955590362e-02	2.451107386e-11
-2.400000000e-02	6.328945457e+00	6.891958742e-02	2.163945713e-11
-2.500000000e-02	6.328962309e+00	6.828327163e-02	1.339241297e-11
-2.600000000e-02	6.328979223e+00	6.764695627e-02	7.762254751e-12
-2.700000000e-02	6.328996202e+00	6.701064135e-02	1.740138037e-11
-2.800000000e-02	6.329013245e+00	6.637432691e-02	8.996930441e-12
-2.900000000e-02	6.329030351e+00	6.573801295e-02	1.206114272e-11
-3.000000000e-02	6.329047521e+00	6.510169950e-02	8.557259631e-12
-3.100000000e-02	6.329064754e+00	6.446538657e-02	6.988308454e-12
-3.200000000e-02	6.329082052e+00	6.382907419e-02	2.429032731e-11
-3.300000000e-02	6.329099413e+00	6.319276236e-02	1.046298501e-11
-3.400000000e-02	6.329116838e+00	6.255645112e-02	5.125349185e-12
-3.500000000e-02	6.329134326e+00	6.192014048e-02	1.177268708e-11
-3.600000000e-02	6.329151879e+00	6.128383047e-02	2.279970696e-11
-3.700000000e-02	6.329169495e+00	6.064752109e-02	2.800230891e-11
-3.800000000e-02	6.329187175e+00	6.001121237e-02	1.010400346e-11
-3.900000000e-02	6.329204918e+00	5.937490433e-02	6.787007332e-12
-4.000000000e-02	6.329222726e+00	5.873859698e-02	1.040975974e-11
-4.100000000e-02	6.329240597e+00	5.810229036e-02	1.544755545e-11
-4.200000000e-02	6.329258532e+00	5.746598446e-02	1.279494993e-11
-4.300000000e-02	6.329276530e+00	5.682967932e-02	1.076528121e-11
-4.400000000e-02	6.329294593e+00	5.619337496e-02	1.352956811e-11
-4.500000000e-02	6.329312719e+00	5.555707139e-02	4.203094029e-11
-4.600000000e-02	6.329330909e+00	5.492076863e-02	9.611569303e-12
-4.700000000e-02	6.329349162e+00	5.428446670e-02	9.659959994e-12
-4.800000000e-02	6.329367480e+00	5.364816562e-02	1.307077074e-11
-4.900000000e-02	6.329385861e+00	5.301186541e-02	1.621404930e-11
-5.000000000e-02	6.329404305e+00	5.237556609e-02	9.947216590e-12
-5.100000000e-02	6.329422814e+00	5.173926768e-02	8.360198802e-12
-5.200000000e-02	6.329441386e+00	5.110297019e-02	8.922376803e-12
-5.300000000e-02	6.329460022e+00	5.046667365e-02	1.389036767e-11
-5.400000000e-02	6.329478722e+00	4.983037808e-02	1.115863198e-11
-5.500000000e-02	6.329497485e+00	4.919408349e-02	3.964779061e-11
-5.600000000e-02	6.329516313e+00	4.855778990e-02	2.850793623e-11
-5.700000000e-02	6.329535204e+00	4.792149734e-02	1.881604166e-11
-5.800000000e-02	6.329554158e+00	4.728520582e-02	1.706019804e-11
-5.900000000e-02	6.329573177e+00	4.664891536e-02	1.624091711e-11
-6.000000000e-02	6.329592259e+00	4.601262598e-02	7.059471831e-12
-6.100000000e-02	6.329611405e+00	4.537633770e-02	8.403881975e-12
-6.200000000e-02	6.329630615e+00	4.474005054e-02	9.114109446e-12
-6.300000000e-02	6.329649888e+00	4.410376451e-02	7.468738439e-12
-6.400000000e-02	6.329669225e+00	4.346747964e-02	2.504379498e-11
-6.500000000e-02	6.329688626e+00	4.283119595e-02	1.655094243e-11
-6.600000000e-02	6.329708090e+00	4.219491346e-02	5.904874575e-12
-6.700000000e-02	6.329727619e+00	4.155863218e-02	1.292526527e-11
-6.800000000e-02	6.329747211e+00	4.092235213e-02	6.106588211e-12
-6.900000000e-02	6.329766866e+00	4.028607333e-02	2.761127493e-11
-7.000000000e-02	6.329786586e+00	3.964979581e-02	5.734022892e-12
-7.100000000e-02	6.329806369e+00	3.901351958e-02	9.752076666e-12
-7.200000000e-02	6.329826216e+00	3.837724466e-02	1.097060066e-11
-7.300000000e-02	6.329846127e+00	3.774097107e-02	3.760521733e-11
-7.400000000e-02	6.329866101e+00	3.710469882e-02	2.170951788e-11
-7.500000000e-02	6.329886139e+00	3.646842794e-02	3.317846919e-11
-7.600000000e-02	6.329906241e+00	3.583215845e-02	2.290938296e-11
-7.700000000e-02	6.329926407e+00	3.519589036e-02	1.267690658e-11
-7.800000000e-02	6.329946636e+00	3.455962370e-02	1.897420516e-11
-7.900000000e-02	6.329966929e+00	3.392335849e-02	1.310673383e-11
-8.000000000e-02	6.329987286e+00	3.328709473e-02	1.601099194e-11
-8.100000000e-02	6.330007706e+00	3.265083247e-02	1.054376162e-11
-8.200000000e-02	6.330028191e+00	3.201457170e-02	8.051486693e-12
-8.300000000e-02	6.330048738e+00	3.137831245e-02	1.125729457e-11
-8.400000000e-02	6.330069350e+00	3.074205474e-02	4.471470278e-11
-8.500000000e-02	6.330090025e+00	3.010579859e-02	1.491844455e-11
-8.600000000e-02	6.330110764e+00	2.946954402e-02	1.990624936e-11
-8.700000000e-02	6.330131567e+00	2.883329105e-02	2.611439057e-11
-8.800000000e-02	6.330152434e+00	2.819703969e-02	1.315726218e-11
-8.900000000e-02	6.330173364e+00	2.756078997e-02	2.705283226e-11
-9.000000000e-02	6.330194358e+00	2.692454191e-02	1.231685295e-11
-9.100000000e-02	6.330215416e+00	2.628829551e-02	1.802756864e-11
-9.200000000e-02	6.330236537e+00	2.565205081e-02	7.307188456e-12
-9.300000000e-02	6.330257722e+00	2.501580783e-02	2.688731326e-11
-9.400000000e-02	6.330278971e+00	2.437956657e-02	8.722448641e-12
-9.500000000e-02	6.330300283e+00	2.374332707e-02	1.010849124e-11
-9.600000000e-02	6.330321659e+00	2.310708933e-02	1.314950790e-11
-9.700000000e-02	6.330343099e+00	2.247085338e-02	4.645991678e-12
-9.800000000e-02	6.330364603e+00	2.183461924e-02	8.578047922e-12
-9.900000000e-02	6.330386170e+00	2.119838693e-02	1.092053787e-11
-1.000000000e-01	6.330407801e+00	2.056215646e-02	6.296235153e-12
-1.010000000e-01	6.330429496e+00	1.992592786e-02	3.002130868e-11
-1.020000000e-01	6.330451255e+00	1.928970114e-02	6.959402035e-12
-1.030000000e-01	6.330473077e+00	1.865347633e-02	7.350386586e-12
-1.040000000e-01	6.330494963e+00	1.801725344e-02	9.438737094e-12
-1.050000000e-01	6.330516912e+00	1.738103249e-02	3.042901005e-11
-1.060000000e-01	6.330538925e+00	1.674481351e-02	5.231072708e-12
-1.070000000e-01	6.330561002e+00	1.610859650e-02	1.707857036e-11
-1.080000000e-01	6.330583143e+00	1.547238149e-02	2.116103874e-11
-1.090000000e-01	6.330605347e+00	1.483616850e-02	1.059041182e-11
-1.100000000e-01	6.330627615e+00	1.419995755e-02	6.568468644e-12
-1.110000000e-01	6.330649947e+00	1.356374865e-02	6.050396264e-12
-1.120000000e-01	6.330672343e+00	1.292754183e-02	7.967671068e-12
-1.130000000e-01	6.330694802e+00	1.229133711e-02	6.505686136e-12
-1.140000000e-01	6.330717324e+00	1.165513449e-02	1.741703016e-11
-1.150000000e-01	6.330739911e+00	1.101893402e-02	1.692717761e-11
-1.160000000e-01	6.330762561e+00	1.038273569e-02	1.866358147e-11
-1.170000000e-01	6.330785275e+00	9.746539534e-03	9.170974087e-12
-1.180000000e-01	6.330808053e+00	9.110345569e-03	1.033426509e-11
-1.190000000e-01	6.330830894e+00	8.474153813e-03	1.873827155e-11
-1.200000000e-01	6.330853799e+00	7.837964290e-03	7.935580825e-12
-1.210000000e-01	6.330876767e+00	7.201777013e-03	2.090335647e-11
-1.220000000e-01	6.330899800e+00	6.565591999e-03	1.345441019e-11
-1.230000000e-01	6.330922896e+00	5.929409275e-03	1.049645364e-11
-1.240000000e-01	6.330946055e+00	5.293228854e-03	8.832955842e-12
-1.250000000e-01	6.330969279e+00	4.657050758e-03	9.279403173e-12
-1.260000000e-01	6.330992566e+00	4.020875007e-03	1.368345215e-11
-1.270000000e-01	6.331015917e+00	3.384701616e-03	1.704897601e-11
-1.280000000e-01	6.331039331e+00	2.748530609e-03	6.247925975e-12
-1.290000000e-01	6.331062809e+00	2.112362002e-03	7.614138819e-12
-1.300000000e-01	6.331086351e+00	1.476195812e-03	3.641015608e-11
-1.310000000e-01	6.331109956e+00	8.400320680e-04	2.689633365e-11
-1.320000000e-01	6.331133625e+00	2.038707753e-04	1.065572710e-11
-1.330000000e-01	6.331157358e+00	-4.322880361e-04	1.764569619e-11
-1.340000000e-01	6.331181154e+00	-1.068444355e-03	2.848565908e-11
-1.350000000e-01	6.331205015e+00	-1.704598156e-03	5.017417535e-12
-1.360000000e-01	6.331228938e+00	-2.340749421e-03	2.067955046e-11
-1.370000000e-01	6.331252926e+00	-2.976898136e-03	9.881665459e-12
-1.380000000e-01	6.331276977e+00	-3.613044276e-03	7.844102403e-12
-1.390000000e-01	6.331301092e+00	-4.249187822e-03	2.176396641e-11
-1.400000000e-01	6.331325270e+00	-4.885328762e-03	8.801559483e-12
-1.410000000e-01	6.331349512e+00	-5.521467070e-03	1.787082866e-11
-1.420000000e-01	6.331373818e+00	-6.157602726e-03	1.168948012e-11
-1.430000000e-01	6.331398187e+00	-6.793735718e-03	7.774127674e-12
-1.440000000e-01	6.331422620e+00	-7.429866024e-03	6.751495410e-11
-1.450000000e-01	6.331447117e+00	-8.065993617e-03	1.642125414e-11
-1.460000000e-01	6.331471677e+00	-8.702118484e-03	1.853035008e-11
-1.470000000e-01	6.331496301e+00	-9.338240611e-03	6.650863681e-12
-1.480000000e-01	6.331520989e+00	-9.974359972e-03	9.570683946e-12
-1.490000000e-01	6.331545740e+00	-1.061047655e-02	1.144818249e-11
-1.500000000e-01	6.331570555e+00	-1.124659033e-02	1.308213059e-11
-1.510000000e-01	6.331595434e+00	-1.188270128e-02	1.247952272e-11
-1.520000000e-01	6.331620376e+00	-1.251880940e-02	1.147757931e-11
-1.530000000e-01	6.331645382e+00	-1.315491466e-02	1.196762012e-11
-1.540000000e-01	6.331670452e+00	-1.379101704e-02	7.217215981e-12
-1.550000000e-01	6.331695585e+00	-1.442711651e-02	1.333527222e-11
-1.560000000e-01	6.331720782e+00	-1.506321308e-02	8.805605339e-12
-1.570000000e-01	6.331746042e+00	-1.569930671e-02	1.527277169e-11
-1.580000000e-01	6.331771366e+00	-1.633539738e-02	1.725975145e-11
-1.590000000e-01	6.331796754e+00	-1.697148508e-02	9.358557784e-12
-1.600000000e-01	6.331822205e+00	-1.760756979e-02	4.732147026e-11
-1.610000000e-01	6.331847720e+00	-1.824365148e-02	2.333687807e-11
-1.620000000e-01	6.331873299e+00	-1.887973015e-02	1.948088684e-11
-1.630000000e-01	6.331898941e+00	-1.951580576e-02	2.465294414e-11
-1.640000000e-01	6.331924647e+00	-2.015187831e-02	1.155184001e-11
-1.650000000e-01	6.331950417e+00	-2.078794776e-02	8.265586002e-12
-1.660000000e-01	6.331976250e+00	-2.142401411e-02	2.767640001e-11
-1.670000000e-01	6.332002146e+00	-2.206007734e-02	1.112943884e-11
-1.680000000e-01	6.332028107e+00	-2.269613741e-02	1.248647864e-11
-1.690000000e-01	6.332054131e+00	-2.333219432e-02	6.192172505e-12
-1.700000000e-01	6.332080218e+00	-2.396824805e-02	2.458013271e-11
-1.710000000e-01	6.332106370e+00	-2.460429858e-02	1.122972438e-11
-1.720000000e-01	6.332132585e+00	-2.524034588e-02	1.827250063e-11
-1.730000000e-01	6.332158863e+00	-2.587638995e-02	1.074092378e-11
-1.740000000e-01	6.332185205e+00	-2.651243075e-02	1.507680113e-11
-1.750000000e-01	6.332211611e+00	-2.714846827e-02	1.409061011e-11
-1.760000000e-01	6.332238080e+00	-2.778450250e-02	1.122174475e-11
-1.770000000e-01	6.332264613e+00	-2.842053341e-02	1.235314742e-11
-1.780000000e-01	6.332291209e+00	-2.905656098e-02	8.604913185e-12
-1.790000000e-01	6.332317870e+00	-2.969258520e-02	1.255349478e-11
-1.800000000e-01	6.332344593e+00	-3.032860604e-02	2.843969704e-11
-1.810000000e-01	6.332371381e+00	-3.096462349e-02	2.114289875e-11
-1.820000000e-01	6.332398232e+00	-3.160063753e-02	2.510187754e-11
-1.830000000e-01	6.332425146e+00	-3.223664813e-02	6.046011970e-12
-1.840000000e-01	6.332452124e+00	-3.287265529e-02	2.645565157e-11
-1.850000000e-01	6.332479166e+00	-3.350865897e-02	1.480441674e-11
-1.860000000e-01	6.332506271e+00	-3.414465917e-02	2.341984078e-11
-1.870000000e-01	6.332533440e+00	-3.478065586e-02	1.595048325e-11
-1.880000000e-01	6.332560672e+00	-3.541664902e-02	1.967206749e-11
-1.890000000e-01	6.332587969e+00	-3.605263863e-02	7.628579700e-12
-1.900000000e-01	6.332615328e+00	-3.668862468e-02	8.299319709e-12
-1.910000000e-01	6.332642751e+00	-3.732460715e-02	1.290703450e-11
-1.920000000e-01	6.332670238e+00	-3.796058601e-02	1.735468598e-11
-1.930000000e-01	6.332697789e+00	-3.859656126e-02	3.408808308e-11
-1.940000000e-01	6.332725403e+00	-3.923253286e-02	7.891975011e-12
-1.950000000e-01	6.332753080e+00	-3.986850080e-02	7.844006433e-12
-1.960000000e-01	6.332780821e+00	-4.050446506e-02	1.073040664e-11
-1.970000000e-01	6.332808626e+00	-4.114042562e-02	1.207130700e-11
-1.980000000e-01	6.332836494e+00	-4.177638246e-02	5.580984995e-11
-1.990000000e-01	6.332864426e+00	-4.241233557e-02	1.529876541e-11
-2.000000000e-01	6.332892421e+00	-4.304828493e-02	1.326010802e-11
-2.010000000e-01	6.332920480e+00	-4.368423051e-02	7.796530341e-12
-2.020000000e-01	6.332948603e+00	-4.432017229e-02	3.519682983e-11
-2.030000000e-01	6.332976789e+00	-4.495611027e-02	6.910001620e-12
-2.040000000e-01	6.333005038e+00	-4.559204441e-02	1.201811772e-11
-2.050000000e-01	6.333033352e+00	-4.622797470e-02	6.061048826e-12
-2.060000000e-01	6.333061728e+00	-4.686390112e-02	1.829345601e-11
-2.070000000e-01	6.333090169e+00	-4.749982365e-02	1.493110494e-11
-2.080000000e-01	6.333118673e+00	-4.813574228e-02	1.242445458e-11
-2.090000000e-01	6.333147240e+00	-4.877165697e-02	2.678103777e-11
-2.100000000e-01	6.333175871e+00	-4.940756773e-02	1.615145833e-11
-2.110000000e-01	6.333204565e+00	-5.004347452e-02	1.992436529e-11
-2.120000000e-01	6.333233323e+00	-5.067937732e-02	1.819314585e-11
-2.130000000e-01	6.333262145e+00	-5.131527612e-02	1.193053079e-11
-2.140000000e-01	6.333291030e+00	-5.195117090e-02	1.007492161e-11
-2.150000000e-01	6.333319979e+00	-5.258706164e-02	1.398890759e-11
-2.160000000e-01	6.333348991e+00	-5.322294832e-02	1.464102508e-11
-2.170000000e-01	6.333378067e+00	-5.385883092e-02	1.023483985e-11
-2.180000000e-01	6.333407206e+00	-5.449470942e-02	1.117482132e-11
-2.190000000e-01	6.333436409e+00	-5.513058380e-02	3.191896134e-11
-2.200000000e-01	6.333465675e+00	-5.576645406e-02	1.715349615e-11
-2.210000000e-01	6.333495005e+00	-5.640232015e-02	6.970136805e-12
-2.220000000e-01	6.333524398e+00	-5.703818207e-02	1.094453069e-11
-2.230000000e-01	6.333553855e+00	-5.767403980e-02	1.639878179e-11
-2.240000000e-01	6.333583375e+00	-5.830989331e-02	1.851771876e-11
-2.250000000e-01	6.333612959e+00	-5.894574260e-02	1.761974085e-11
-2.260000000e-01	6.333642607e+00	-5.958158763e-02	1.195888857e-11
-2.270000000e-01	6.333672318e+00	-6.021742840e-02	8.355548019e-12
-2.280000000e-01	6.333702092e+00	-6.085326488e-02	2.004101132e-11
-2.290000000e-01	6.333731930e+00	-6.148909705e-02	1.157410633e-11
-2.300000000e-01	6.333761832e+00	-6.212492489e-02	2.263177642e-11
-2.310000000e-01	6.333791797e+00	-6.276074839e-02	1.153176329e-11
-2.320000000e-01	6.333821825e+00	-6.339656753e-02	1.678415358e-11
-2.330000000e-01	6.333851917e+00	-6.403238228e-02	4.683544407e-12
-2.340000000e-01	6.333882073e+00	-6.466819263e-02	1.010811038e-11
-2.350000000e-01	6.333912291e+00	-6.530399856e-02	2.874977796e-11
-2.360000000e-01	6.333942574e+00	-6.593980005e-02	1.712304920e-11
-2.370000000e-01	6.333972920e+00	-6.657559708e-02	9.141108566e-12
-2.380000000e-01	6.334003329e+00	-6.721138964e-02	1.562493172e-11
-2.390000000e-01	6.334033802e+00	-6.784717769e-02	1.394512224e-11
-2.400000000e-01	6.334064339e+00	-6.848296123e-02	4.969264601e-11
-2.410000000e-01	6.334094939e+00	-6.911874024e-02	1.021536973e-11
-2.420000000e-01	6.334125602e+00	-6.975451469e-02	1.082107333e-11
-2.430000000e-01	6.334156329e+00	-7.039028457e-02	5.855037209e-12
-2.440000000e-01	6.334187119e+00	-7.102604986e-02	3.454166883e-11
-2.450000000e-01	6.334217973e+00	-7.166181054e-02	3.870896381e-11
-2.460000000e-01	6.334248890e+00	-7.229756658e-02	1.365036343e-11
-2.470000000e-01	6.334279871e+00	-7.293331798e-02	2.645676558e-11
-2.480000000e-01	6.334310915e+00	-7.356906471e-02	3.964923526e-12
-2.490000000e-01	6.334342023e+00	-7.420480676e-02	1.110219742e-11
-2.500000000e-01	6.334373194e+00	-7.484054410e-02	4.706331449e-11
-2.510000000e-01	6.334404428e+00	-7.547627671e-02	2.459682932e-11
-2.520000000e-01	6.334435726e+00	-7.611200458e-02	1.281198553e-11
-2.530000000e-01	6.334467088e+00	-7.674772769e-02	3.260976048e-11
-2.540000000e-01	6.334498513e+00	-7.738344602e-02	1.264997935e-11
-2.550000000e-01	6.334530001e+00	-7.801915954e-02	9.451707368e-12
-2.560000000e-01	6.334561553e+00	-7.865486825e-02	1.259990962e-11
-2.570000000e-01	6.334593168e+00	-7.929057212e-02	1.548056474e-11
-2.580000000e-01	6.334624847e+00	-7.992627113e-02	2.690337461e-11
-2.590000000e-01	6.334656589e+00	-8.056196527e-02	1.145127242e-11
-2.600000000e-01	6.334688395e+00	-8.119765451e-02	7.448945903e-12
-2.610000000e-01	6.334720264e+00	-8.183333883e-02	1.210476126e-11
-2.620000000e-01	6.334752196e+00	-8.246901823e-02	1.373789643e-11
-2.630000000e-01	6.334784192e+00	-8.310469267e-02	1.603811813e-11
-2.640000000e-01	6.334816252e+00	-8.374036214e-02	1.869998443e-11
-2.650000000e-01	6.334848374e+00	-8.437602662e-02	1.588819279e-11
-2.660000000e-01	6.334880561e+00	-8.501168609e-02	1.739872659e-11
-2.670000000e-01	6.334912810e+00	-8.564734053e-02	1.455125819e-11
-2.680000000e-01	6.334945123e+00	-8.628298993e-02	1.465294469e-11
-2.690000000e-01	6.334977500e+00	-8.691863426e-02	1.029977838e-11
-2.700000000e-01	6.335009939e+00	-8.755427351e-02	8.593009806e-12
-2.710000000e-01	6.335042443e+00	-8.818990765e-02	1.438202325e-11
-2.720000000e-01	6.335075009e+00	-8.882553667e-02	5.411868189e-12
-2.730000000e-01	6.335107639e+00	-8.946116056e-02	2.018792927e-11
-2.740000000e-01	6.335140333e+00	-9.009677927e-02	1.227508463e-11
-2.750000000e-01	6.335173090e+00	-9.073239281e-02	6.567309434e-12
-2.760000000e-01	6.335205910e+00	-9.136800116e-02	2.680468515e-11
-2.770000000e-01	6.335238794e+00	-9.200360428e-02	3.442934093e-11
-2.780000000e-01	6.335271741e+00	-9.263920217e-02	1.051279708e-11
-2.790000000e-01	6.335304751e+00	-9.327479481e-02	1.082192671e-11
-2.800000000e-01	6.335337825e+00	-9.391038217e-02	6.793315207e-12
-2.810000000e-01	6.335370962e+00	-9.454596423e-02	1.071259710e-11
-2.820000000e-01	6.335404163e+00	-9.518154099e-02	7.349963640e-12
-2.830000000e-01	6.335437427e+00	-9.581711242e-02	1.471883274e-11
-2.840000000e-01	6.335470754e+00	-9.645267850e-02	2.554337523e-11
-2.850000000e-01	6.335504145e+00	-9.708823920e-02	9.797802559e-12
-2.860000000e-01	6.335537599e+00	-9.772379452e-02	2.537333640e-11
-2.870000000e-01	6.335571116e+00	-9.835934444e-02	9.863618644e-12
-2.880000000e-01	6.335604697e+00	-9.899488893e-02	8.200209329e-12
-2.890000000e-01	6.335638341e+00	-9.963042797e-02	8.454759366e-12
-2.900000000e-01	6.335672049e+00	-1.002659616e-01	2.690017574e-11
-2.910000000e-01	6.335705820e+00	-1.009014897e-01	8.411251278e-12
-2.920000000e-01	6.335739654e+00	-1.015370123e-01	3.717517680e-11
-2.930000000e-01	6.335773551e+00	-1.021725293e-01	1.855749254e-11
-2.940000000e-01	6.335807512e+00	-1.028080409e-01	1.485845760e-11
-2.950000000e-01	6.335841537e+00	-1.034435469e-01	1.216128353e-11
-2.960000000e-01	6.335875624e+00	-1.040790473e-01	2.843877112e-11
-2.970000000e-01	6.335909775e+00	-1.047145421e-01	1.209825753e-11
-2.980000000e-01	6.335943990e+00	-1.053500313e-01	1.401868575e-11
-2.990000000e-01	6.335978267e+00	-1.059855149e-01	1.020245414e-11
-3.000000000e-01	6.336012608e+00	-1.066209928e-01	8.772748131e-12
