# epsi_ci     Re(Lambda)      Im(Lambda)      Eq(det), R = 0.10 $\mu$m, $E_p$ = 0.300 eV, modo = 3, $\epsilon_\infty$ = 3.9, $\gamma_{DL}$ = 0.01 eV, solve_det_sinkz_vs_mu.py
0.000000000e+00	5.638435185e+00	5.268347212e-02	1.098623693e-11
-1.000000000e-03	5.638445032e+00	5.211372580e-02	1.076331538e-11
-2.000000000e-03	5.638454937e+00	5.154397948e-02	1.180147657e-11
-3.000000000e-03	5.638464898e+00	5.097423317e-02	6.307664958e-12
-4.000000000e-03	5.638474918e+00	5.040448690e-02	1.139111704e-11
-5.000000000e-03	5.638484995e+00	4.983474069e-02	1.877817646e-11
-6.000000000e-03	5.638495129e+00	4.926499454e-02	5.669133640e-11
-7.000000000e-03	5.638505320e+00	4.869524848e-02	1.139989188e-11
-8.000000000e-03	5.638515569e+00	4.812550252e-02	2.371775170e-11
-9.000000000e-03	5.638525876e+00	4.755575668e-02	3.406713217e-11
-1.000000000e-02	5.638536239e+00	4.698601099e-02	1.969867866e-11
-1.100000000e-02	5.638546661e+00	4.641626544e-02	1.345680585e-11
-1.200000000e-02	5.638557139e+00	4.584652008e-02	5.244378288e-11
-1.300000000e-02	5.638567675e+00	4.527677490e-02	8.623618345e-12
-1.400000000e-02	5.638578268e+00	4.470702993e-02	1.498880267e-11
-1.500000000e-02	5.638588919e+00	4.413728519e-02	8.908955401e-12
-1.600000000e-02	5.638599627e+00	4.356754068e-02	5.088824100e-11
-1.700000000e-02	5.638610392e+00	4.299779645e-02	2.746655203e-11
-1.800000000e-02	5.638621215e+00	4.242805248e-02	4.882909358e-11
-1.900000000e-02	5.638632095e+00	4.185830881e-02	1.404640790e-11
-2.000000000e-02	5.638643033e+00	4.128856546e-02	1.044436653e-11
-2.100000000e-02	5.638654028e+00	4.071882243e-02	1.151391485e-11
-2.200000000e-02	5.638665081e+00	4.014907975e-02	2.526148368e-11
-2.300000000e-02	5.638676190e+00	3.957933744e-02	8.501875226e-12
-2.400000000e-02	5.638687358e+00	3.900959550e-02	5.010274341e-12
-2.500000000e-02	5.638698582e+00	3.843985397e-02	4.935984829e-12
-2.600000000e-02	5.638709864e+00	3.787011285e-02	1.303213394e-11
-2.700000000e-02	5.638721203e+00	3.730037216e-02	1.035031289e-11
-2.800000000e-02	5.638732600e+00	3.673063193e-02	1.287056757e-11
-2.900000000e-02	5.638744054e+00	3.616089216e-02	9.645064271e-12
-3.000000000e-02	5.638755566e+00	3.559115288e-02	2.537896280e-11
-3.100000000e-02	5.638767135e+00	3.502141411e-02	1.338163169e-11
-3.200000000e-02	5.638778761e+00	3.445167585e-02	9.212205751e-12
-3.300000000e-02	5.638790445e+00	3.388193813e-02	2.331579682e-11
-3.400000000e-02	5.638802186e+00	3.331220097e-02	7.321343008e-12
-3.500000000e-02	5.638813984e+00	3.274246437e-02	7.190305927e-12
-3.600000000e-02	5.638825840e+00	3.217272837e-02	1.647655294e-11
-3.700000000e-02	5.638837753e+00	3.160299298e-02	2.006572020e-11
-3.800000000e-02	5.638849724e+00	3.103325821e-02	1.756774977e-11
-3.900000000e-02	5.638861752e+00	3.046352407e-02	5.824102960e-12
-4.000000000e-02	5.638873837e+00	2.989379060e-02	6.411762230e-12
-4.100000000e-02	5.638885980e+00	2.932405781e-02	2.102044219e-11
-4.200000000e-02	5.638898180e+00	2.875432571e-02	1.562247809e-11
-4.300000000e-02	5.638910438e+00	2.818459432e-02	7.865353762e-12
-4.400000000e-02	5.638922752e+00	2.761486366e-02	9.436109965e-12
-4.500000000e-02	5.638935125e+00	2.704513374e-02	7.063533464e-12
-4.600000000e-02	5.638947554e+00	2.647540459e-02	2.554814812e-11
-4.700000000e-02	5.638960042e+00	2.590567622e-02	9.889127842e-12
-4.800000000e-02	5.638972586e+00	2.533594865e-02	8.520801085e-12
-4.900000000e-02	5.638985188e+00	2.476622189e-02	1.335302508e-11
-5.000000000e-02	5.638997847e+00	2.419649596e-02	8.620144272e-12
-5.100000000e-02	5.639010564e+00	2.362677088e-02	2.572846612e-11
-5.200000000e-02	5.639023338e+00	2.305704667e-02	1.280500495e-11
-5.300000000e-02	5.639036169e+00	2.248732335e-02	1.057074951e-11
-5.400000000e-02	5.639049058e+00	2.191760092e-02	7.844062897e-12
-5.500000000e-02	5.639062004e+00	2.134787942e-02	1.478503952e-11
-5.600000000e-02	5.639075007e+00	2.077815885e-02	2.568294183e-11
-5.700000000e-02	5.639088068e+00	2.020843924e-02	9.937322495e-12
-5.800000000e-02	5.639101186e+00	1.963872059e-02	1.059397412e-11
-5.900000000e-02	5.639114362e+00	1.906900294e-02	1.865427289e-11
-6.000000000e-02	5.639127595e+00	1.849928629e-02	1.158098642e-11
-6.100000000e-02	5.639140885e+00	1.792957066e-02	6.517826372e-12
-6.200000000e-02	5.639154233e+00	1.735985608e-02	1.018797920e-11
-6.300000000e-02	5.639167638e+00	1.679014255e-02	1.187221137e-11
-6.400000000e-02	5.639181101e+00	1.622043010e-02	1.409588880e-11
-6.500000000e-02	5.639194620e+00	1.565071873e-02	7.705637938e-11
-6.600000000e-02	5.639208198e+00	1.508100848e-02	1.419004910e-11
-6.700000000e-02	5.639221832e+00	1.451129936e-02	7.168629023e-12
-6.800000000e-02	5.639235524e+00	1.394159138e-02	9.747602958e-12
-6.900000000e-02	5.639249274e+00	1.337188457e-02	2.166381628e-11
-7.000000000e-02	5.639263080e+00	1.280217893e-02	1.280686871e-11
-7.100000000e-02	5.639276944e+00	1.223247448e-02	8.727469777e-12
-7.200000000e-02	5.639290866e+00	1.166277126e-02	1.655616494e-11
-7.300000000e-02	5.639304845e+00	1.109306926e-02	4.249279887e-11
-7.400000000e-02	5.639318881e+00	1.052336851e-02	1.505855270e-11
-7.500000000e-02	5.639332974e+00	9.953669027e-03	1.076453222e-11
-7.600000000e-02	5.639347125e+00	9.383970825e-03	1.162402198e-11
-7.700000000e-02	5.639361334e+00	8.814273927e-03	2.927251990e-11
-7.800000000e-02	5.639375599e+00	8.244578344e-03	8.696022290e-12
-7.900000000e-02	5.639389922e+00	7.674884098e-03	1.698571107e-11
-8.000000000e-02	5.639404303e+00	7.105191206e-03	7.731866448e-11
-8.100000000e-02	5.639418740e+00	6.535499680e-03	4.187674313e-11
-8.200000000e-02	5.639433236e+00	5.965809540e-03	8.505155254e-12
-8.300000000e-02	5.639447788e+00	5.396120806e-03	1.137207146e-11
-8.400000000e-02	5.639462398e+00	4.826433495e-03	2.255747962e-11
-8.500000000e-02	5.639477065e+00	4.256747621e-03	1.031114108e-11
-8.600000000e-02	5.639491790e+00	3.687063205e-03	6.693587771e-12
-8.700000000e-02	5.639506572e+00	3.117380261e-03	1.338837835e-11
-8.800000000e-02	5.639521411e+00	2.547698809e-03	7.664553480e-12
-8.900000000e-02	5.639536307e+00	1.978018866e-03	1.795867670e-11
-9.000000000e-02	5.639551261e+00	1.408340446e-03	1.597536499e-11
-9.100000000e-02	5.639566273e+00	8.386635712e-04	9.539557998e-12
-9.200000000e-02	5.639581342e+00	2.689882570e-04	1.145314350e-11
-9.300000000e-02	5.639596468e+00	-3.006854820e-04	1.262470558e-11
-9.400000000e-02	5.639611651e+00	-8.703576240e-04	1.244521931e-11
-9.500000000e-02	5.639626892e+00	-1.440028156e-03	1.426289817e-11
-9.600000000e-02	5.639642190e+00	-2.009697056e-03	1.190921388e-11
-9.700000000e-02	5.639657545e+00	-2.579364310e-03	2.427318014e-12
-9.800000000e-02	5.639672958e+00	-3.149029900e-03	1.336022650e-11
-9.900000000e-02	5.639688428e+00	-3.718693808e-03	1.216756671e-11
-1.000000000e-01	5.639703956e+00	-4.288356018e-03	1.683470432e-11
-1.010000000e-01	5.639719541e+00	-4.858016513e-03	7.314766863e-12
-1.020000000e-01	5.639735183e+00	-5.427675275e-03	3.665854954e-11
-1.030000000e-01	5.639750883e+00	-5.997332282e-03	2.480228331e-11
-1.040000000e-01	5.639766640e+00	-6.566987526e-03	9.838968667e-12
-1.050000000e-01	5.639782454e+00	-7.136640982e-03	1.105592731e-11
-1.060000000e-01	5.639798325e+00	-7.706292636e-03	1.254956769e-11
-1.070000000e-01	5.639814254e+00	-8.275942470e-03	2.665228413e-11
-1.080000000e-01	5.639830241e+00	-8.845590466e-03	8.710557817e-12
-1.090000000e-01	5.639846284e+00	-9.415236609e-03	1.077420070e-11
-1.100000000e-01	5.639862385e+00	-9.984880880e-03	3.093459022e-11
-1.110000000e-01	5.639878544e+00	-1.055452326e-02	4.348272542e-11
-1.120000000e-01	5.639894759e+00	-1.112416373e-02	1.801109822e-11
-1.130000000e-01	5.639911032e+00	-1.169380228e-02	5.969996663e-12
-1.140000000e-01	5.639927362e+00	-1.226343889e-02	1.231693556e-11
-1.150000000e-01	5.639943750e+00	-1.283307354e-02	1.387035048e-11
-1.160000000e-01	5.639960195e+00	-1.340270622e-02	2.320614845e-11
-1.170000000e-01	5.639976697e+00	-1.397233690e-02	1.257791643e-11
-1.180000000e-01	5.639993257e+00	-1.454196558e-02	1.909892467e-11
-1.190000000e-01	5.640009874e+00	-1.511159222e-02	1.379522757e-11
-1.200000000e-01	5.640026548e+00	-1.568121682e-02	1.049756171e-11
-1.210000000e-01	5.640043280e+00	-1.625083936e-02	3.097143791e-11
-1.220000000e-01	5.640060069e+00	-1.682045982e-02	1.369755335e-11
-1.230000000e-01	5.640076915e+00	-1.739007818e-02	1.252658238e-11
-1.240000000e-01	5.640093819e+00	-1.795969442e-02	2.922588115e-11
-1.250000000e-01	5.640110780e+00	-1.852930854e-02	1.159903793e-11
-1.260000000e-01	5.640127798e+00	-1.909892050e-02	1.066385749e-11
-1.270000000e-01	5.640144874e+00	-1.966853030e-02	7.665922603e-12
-1.280000000e-01	5.640162007e+00	-2.023813792e-02	1.342966713e-11
-1.290000000e-01	5.640179197e+00	-2.080774334e-02	4.242625433e-11
-1.300000000e-01	5.640196445e+00	-2.137734654e-02	1.661880823e-11
-1.310000000e-01	5.640213749e+00	-2.194694750e-02	6.947818763e-12
-1.320000000e-01	5.640231112e+00	-2.251654621e-02	8.590864582e-12
-1.330000000e-01	5.640248531e+00	-2.308614265e-02	9.663588639e-12
-1.340000000e-01	5.640266008e+00	-2.365573681e-02	9.958321409e-12
-1.350000000e-01	5.640283542e+00	-2.422532866e-02	1.787621911e-11
-1.360000000e-01	5.640301134e+00	-2.479491819e-02	1.443867281e-11
-1.370000000e-01	5.640318782e+00	-2.536450538e-02	2.134592766e-11
-1.380000000e-01	5.640336488e+00	-2.593409021e-02	7.041323323e-12
-1.390000000e-01	5.640354252e+00	-2.650367267e-02	1.205420029e-11
-1.400000000e-01	5.640372072e+00	-2.707325274e-02	2.990553680e-11
-1.410000000e-01	5.640389950e+00	-2.764283040e-02	1.554481850e-11
-1.420000000e-01	5.640407886e+00	-2.821240564e-02	1.900045119e-11
-1.430000000e-01	5.640425878e+00	-2.878197843e-02	1.179751839e-11
-1.440000000e-01	5.640443928e+00	-2.935154876e-02	1.032539162e-11
-1.450000000e-01	5.640462036e+00	-2.992111662e-02	8.894576046e-12
-1.460000000e-01	5.640480200e+00	-3.049068198e-02	2.126262591e-11
-1.470000000e-01	5.640498422e+00	-3.106024482e-02	1.690116903e-11
-1.480000000e-01	5.640516701e+00	-3.162980515e-02	1.520460665e-11
-1.490000000e-01	5.640535037e+00	-3.219936292e-02	1.407586732e-11
-1.500000000e-01	5.640553431e+00	-3.276891813e-02	2.097876013e-11
-1.510000000e-01	5.640571882e+00	-3.333847076e-02	1.620811705e-11
-1.520000000e-01	5.640590390e+00	-3.390802078e-02	7.145476077e-11
-1.530000000e-01	5.640608956e+00	-3.447756821e-02	1.238657649e-11
-1.540000000e-01	5.640627579e+00	-3.504711299e-02	3.995086008e-11
-1.550000000e-01	5.640646259e+00	-3.561665512e-02	6.955458870e-12
-1.560000000e-01	5.640664997e+00	-3.618619459e-02	2.569123339e-11
-1.570000000e-01	5.640683791e+00	-3.675573137e-02	7.756765010e-12
-1.580000000e-01	5.640702643e+00	-3.732526545e-02	9.440283849e-12
-1.590000000e-01	5.640721553e+00	-3.789479681e-02	4.513132145e-11
-1.600000000e-01	5.640740519e+00	-3.846432543e-02	5.930469919e-11
-1.610000000e-01	5.640759543e+00	-3.903385130e-02	7.872459245e-12
-1.620000000e-01	5.640778624e+00	-3.960337440e-02	1.423458756e-11
-1.630000000e-01	5.640797763e+00	-4.017289471e-02	7.519111417e-12
-1.640000000e-01	5.640816958e+00	-4.074241222e-02	1.528221594e-11
-1.650000000e-01	5.640836211e+00	-4.131192690e-02	5.611379595e-11
-1.660000000e-01	5.640855522e+00	-4.188143874e-02	7.772462269e-12
-1.670000000e-01	5.640874889e+00	-4.245094773e-02	9.065105269e-12
-1.680000000e-01	5.640894314e+00	-4.302045384e-02	9.778835711e-12
-1.690000000e-01	5.640913796e+00	-4.358995706e-02	1.521802388e-11
-1.700000000e-01	5.640933335e+00	-4.415945737e-02	3.908177560e-11
-1.710000000e-01	5.640952932e+00	-4.472895475e-02	2.348831673e-11
-1.720000000e-01	5.640972586e+00	-4.529844920e-02	2.430721452e-11
-1.730000000e-01	5.640992297e+00	-4.586794068e-02	5.276175005e-11
-1.740000000e-01	5.641012065e+00	-4.643742918e-02	4.581497391e-11
-1.750000000e-01	5.641031891e+00	-4.700691469e-02	1.787065612e-11
-1.760000000e-01	5.641051774e+00	-4.757639718e-02	2.725638253e-11
-1.770000000e-01	5.641071714e+00	-4.814587664e-02	1.886606007e-11
-1.780000000e-01	5.641091712e+00	-4.871535306e-02	1.750631678e-11
-1.790000000e-01	5.641111766e+00	-4.928482642e-02	8.460992000e-12
-1.800000000e-01	5.641131878e+00	-4.985429669e-02	4.195265657e-11
-1.810000000e-01	5.641152047e+00	-5.042376386e-02	1.816787935e-11
-1.820000000e-01	5.641172274e+00	-5.099322792e-02	1.098916349e-11
-1.830000000e-01	5.641192558e+00	-5.156268884e-02	1.127179517e-11
-1.840000000e-01	5.641212899e+00	-5.213214662e-02	3.077555189e-11
-1.850000000e-01	5.641233297e+00	-5.270160122e-02	1.012372912e-11
-1.860000000e-01	5.641253752e+00	-5.327105264e-02	5.425958082e-11
-1.870000000e-01	5.641274265e+00	-5.384050086e-02	1.349334268e-11
-1.880000000e-01	5.641294835e+00	-5.440994586e-02	1.305929859e-11
-1.890000000e-01	5.641315462e+00	-5.497938762e-02	1.229265547e-11
-1.900000000e-01	5.641336146e+00	-5.554882613e-02	1.128046583e-11
-1.910000000e-01	5.641356888e+00	-5.611826137e-02	1.218354208e-11
-1.920000000e-01	5.641377687e+00	-5.668769332e-02	4.234017734e-11
-1.930000000e-01	5.641398543e+00	-5.725712196e-02	2.301621165e-11
-1.940000000e-01	5.641419456e+00	-5.782654728e-02	8.436159526e-12
-1.950000000e-01	5.641440427e+00	-5.839596926e-02	1.345412882e-11
-1.960000000e-01	5.641461454e+00	-5.896538788e-02	8.528085916e-12
-1.970000000e-01	5.641482539e+00	-5.953480313e-02	8.390952605e-12
-1.980000000e-01	5.641503682e+00	-6.010421499e-02	2.625422475e-11
-1.990000000e-01	5.641524881e+00	-6.067362344e-02	2.471348679e-11
-2.000000000e-01	5.641546138e+00	-6.124302846e-02	7.521990587e-12
-2.010000000e-01	5.641567452e+00	-6.181243004e-02	9.008720210e-12
-2.020000000e-01	5.641588823e+00	-6.238182815e-02	1.568960298e-11
-2.030000000e-01	5.641610251e+00	-6.295122279e-02	2.012184525e-11
-2.040000000e-01	5.641631737e+00	-6.352061394e-02	1.157900435e-11
-2.050000000e-01	5.641653279e+00	-6.409000157e-02	8.598586257e-12
-2.060000000e-01	5.641674879e+00	-6.465938567e-02	1.597656605e-11
-2.070000000e-01	5.641696537e+00	-6.522876622e-02	1.210001550e-11
-2.080000000e-01	5.641718251e+00	-6.579814322e-02	1.032089213e-11
-2.090000000e-01	5.641740022e+00	-6.636751663e-02	1.464942175e-11
-2.100000000e-01	5.641761851e+00	-6.693688644e-02	7.069829758e-12
-2.110000000e-01	5.641783737e+00	-6.750625263e-02	9.444535267e-12
-2.120000000e-01	5.641805680e+00	-6.807561520e-02	9.778885260e-12
-2.130000000e-01	5.641827681e+00	-6.864497411e-02	2.368520945e-11
-2.140000000e-01	5.641849738e+00	-6.921432936e-02	1.062904994e-11
-2.150000000e-01	5.641871853e+00	-6.978368092e-02	2.763660869e-11
-2.160000000e-01	5.641894025e+00	-7.035302878e-02	5.434084619e-12
-2.170000000e-01	5.641916254e+00	-7.092237292e-02	6.141939556e-11
-2.180000000e-01	5.641938541e+00	-7.149171332e-02	9.277861267e-12
-2.190000000e-01	5.641960884e+00	-7.206104998e-02	1.123598994e-11
-2.200000000e-01	5.641983285e+00	-7.263038286e-02	2.841941126e-11
-2.210000000e-01	5.642005743e+00	-7.319971195e-02	1.725528740e-11
-2.220000000e-01	5.642028258e+00	-7.376903724e-02	2.151136834e-11
-2.230000000e-01	5.642050830e+00	-7.433835871e-02	8.334878347e-12
-2.240000000e-01	5.642073459e+00	-7.490767633e-02	6.284314238e-12
-2.250000000e-01	5.642096146e+00	-7.547699011e-02	2.709305549e-11
-2.260000000e-01	5.642118890e+00	-7.604630000e-02	6.516515872e-12
-2.270000000e-01	5.642141691e+00	-7.661560601e-02	1.046478108e-11
-2.280000000e-01	5.642164549e+00	-7.718490811e-02	9.202266129e-12
-2.290000000e-01	5.642187464e+00	-7.775420628e-02	8.323519516e-12
-2.300000000e-01	5.642210437e+00	-7.832350051e-02	1.217206072e-11
-2.310000000e-01	5.642233466e+00	-7.889279078e-02	4.994929859e-11
-2.320000000e-01	5.642256553e+00	-7.946207708e-02	2.236378862e-11
-2.330000000e-01	5.642279697e+00	-8.003135938e-02	1.670736126e-11
-2.340000000e-01	5.642302898e+00	-8.060063767e-02	6.112459694e-12
-2.350000000e-01	5.642326156e+00	-8.116991193e-02	8.162035628e-12
-2.360000000e-01	5.642349472e+00	-8.173918214e-02	8.415438548e-12
-2.370000000e-01	5.642372844e+00	-8.230844829e-02	6.788484859e-12
-2.380000000e-01	5.642396274e+00	-8.287771037e-02	1.824907122e-11
-2.390000000e-01	5.642419761e+00	-8.344696834e-02	1.698063872e-11
-2.400000000e-01	5.642443305e+00	-8.401622221e-02	1.270254674e-11
-2.410000000e-01	5.642466906e+00	-8.458547194e-02	2.900581890e-11
-2.420000000e-01	5.642490564e+00	-8.515471752e-02	9.233947538e-12
-2.430000000e-01	5.642514280e+00	-8.572395893e-02	1.401157362e-11
-2.440000000e-01	5.642538052e+00	-8.629319616e-02	2.559010971e-11
-2.450000000e-01	5.642561882e+00	-8.686242920e-02	1.165512899e-11
-2.460000000e-01	5.642585769e+00	-8.743165802e-02	1.979376580e-11
-2.470000000e-01	5.642609713e+00	-8.800088260e-02	6.832948174e-12
-2.480000000e-01	5.642633714e+00	-8.857010292e-02	3.486901480e-11
-2.490000000e-01	5.642657772e+00	-8.913931899e-02	1.229503068e-11
-2.500000000e-01	5.642681887e+00	-8.970853077e-02	1.411082747e-11
-2.510000000e-01	5.642706060e+00	-9.027773823e-02	3.333787508e-11
-2.520000000e-01	5.642730289e+00	-9.084694139e-02	7.054929107e-12
-2.530000000e-01	5.642754576e+00	-9.141614021e-02	1.679026439e-11
-2.540000000e-01	5.642778920e+00	-9.198533466e-02	9.081230288e-12
-2.550000000e-01	5.642803321e+00	-9.255452476e-02	2.789070839e-11
-2.560000000e-01	5.642827779e+00	-9.312371045e-02	6.032107401e-12
-2.570000000e-01	5.642852294e+00	-9.369289175e-02	4.309856166e-11
-2.580000000e-01	5.642876866e+00	-9.426206862e-02	6.786862200e-12
-2.590000000e-01	5.642901495e+00	-9.483124105e-02	2.771156823e-11
-2.600000000e-01	5.642926182e+00	-9.540040903e-02	1.057735182e-11
-2.610000000e-01	5.642950925e+00	-9.596957252e-02	6.835015462e-12
-2.620000000e-01	5.642975726e+00	-9.653873153e-02	3.625438862e-11
-2.630000000e-01	5.643000584e+00	-9.710788603e-02	8.348733535e-12
-2.640000000e-01	5.643025499e+00	-9.767703600e-02	1.515642193e-11
-2.650000000e-01	5.643050470e+00	-9.824618144e-02	1.055031985e-11
-2.660000000e-01	5.643075499e+00	-9.881532231e-02	2.905542276e-11
-2.670000000e-01	5.643100586e+00	-9.938445860e-02	1.109948014e-11
-2.680000000e-01	5.643125729e+00	-9.995359029e-02	2.072773367e-11
-2.690000000e-01	5.643150929e+00	-1.005227174e-01	1.960296890e-11
-2.700000000e-01	5.643176186e+00	-1.010918398e-01	1.697039978e-11
-2.710000000e-01	5.643201501e+00	-1.016609577e-01	1.082728970e-11
-2.720000000e-01	5.643226872e+00	-1.022300708e-01	2.616238453e-11
-2.730000000e-01	5.643252301e+00	-1.027991793e-01	1.051484478e-11
-2.740000000e-01	5.643277786e+00	-1.033682830e-01	1.203841133e-11
-2.750000000e-01	5.643303329e+00	-1.039373821e-01	5.712380960e-12
-2.760000000e-01	5.643328929e+00	-1.045064764e-01	8.000589385e-12
-2.770000000e-01	5.643354586e+00	-1.050755660e-01	2.727786057e-11
-2.780000000e-01	5.643380300e+00	-1.056446508e-01	8.173296564e-12
-2.790000000e-01	5.643406071e+00	-1.062137308e-01	1.870227279e-11
-2.800000000e-01	5.643431899e+00	-1.067828061e-01	1.651968268e-11
-2.810000000e-01	5.643457784e+00	-1.073518765e-01	1.298573967e-11
-2.820000000e-01	5.643483726e+00	-1.079209421e-01	7.768168110e-12
-2.830000000e-01	5.643509725e+00	-1.084900028e-01	2.135017836e-11
-2.840000000e-01	5.643535781e+00	-1.090590587e-01	5.987049536e-12
-2.850000000e-01	5.643561894e+00	-1.096281096e-01	4.307938760e-11
-2.860000000e-01	5.643588065e+00	-1.101971557e-01	1.737819198e-11
-2.870000000e-01	5.643614292e+00	-1.107661969e-01	1.358130582e-11
-2.880000000e-01	5.643640576e+00	-1.113352331e-01	7.980472498e-12
-2.890000000e-01	5.643666918e+00	-1.119042643e-01	1.657732987e-11
-2.900000000e-01	5.643693316e+00	-1.124732906e-01	3.118026768e-11
-2.910000000e-01	5.643719772e+00	-1.130423119e-01	1.282627681e-11
-2.920000000e-01	5.643746284e+00	-1.136113282e-01	6.726188015e-12
-2.930000000e-01	5.643772854e+00	-1.141803395e-01	1.081852125e-11
-2.940000000e-01	5.643799480e+00	-1.147493457e-01	1.496479935e-11
-2.950000000e-01	5.643826164e+00	-1.153183469e-01	1.679607464e-11
-2.960000000e-01	5.643852904e+00	-1.158873430e-01	2.222058112e-11
-2.970000000e-01	5.643879702e+00	-1.164563340e-01	2.148402119e-11
-2.980000000e-01	5.643906556e+00	-1.170253199e-01	1.053988368e-11
-2.990000000e-01	5.643933468e+00	-1.175943007e-01	1.542315133e-11
-3.000000000e-01	5.643960437e+00	-1.181632764e-01	3.972364200e-11
