# epsi_ci     Re(Lambda)      Im(Lambda)      Eq(det), R = 0.10 $\mu$m, $E_p$ = 0.300 eV, modo = 3, $\epsilon_\infty$ = 3.9, $\gamma_{DL}$ = 0.01 eV, solve_det_sinkz_vs_mu.py
0.000000000e+00	6.054253768e+00	7.025447482e-02	5.079978768e-12
-1.000000000e-03	6.054266709e+00	6.964437098e-02	9.690321583e-12
-2.000000000e-03	6.054279712e+00	6.903426711e-02	5.230753714e-11
-3.000000000e-03	6.054292776e+00	6.842416326e-02	1.540191691e-11
-4.000000000e-03	6.054305901e+00	6.781405943e-02	5.559499879e-12
-5.000000000e-03	6.054319088e+00	6.720395563e-02	8.693189493e-12
-6.000000000e-03	6.054332336e+00	6.659385190e-02	1.044605003e-11
-7.000000000e-03	6.054345645e+00	6.598374825e-02	2.564870184e-11
-8.000000000e-03	6.054359015e+00	6.537364468e-02	1.236272092e-11
-9.000000000e-03	6.054372447e+00	6.476354124e-02	3.986322587e-11
-1.000000000e-02	6.054385939e+00	6.415343793e-02	9.092471068e-12
-1.100000000e-02	6.054399494e+00	6.354333477e-02	1.818909327e-11
-1.200000000e-02	6.054413109e+00	6.293323178e-02	6.892846324e-12
-1.300000000e-02	6.054426786e+00	6.232312898e-02	7.393979935e-12
-1.400000000e-02	6.054440524e+00	6.171302639e-02	7.366598827e-12
-1.500000000e-02	6.054454323e+00	6.110292402e-02	1.466010288e-11
-1.600000000e-02	6.054468183e+00	6.049282190e-02	2.757560277e-11
-1.700000000e-02	6.054482105e+00	5.988272004e-02	1.407178533e-11
-1.800000000e-02	6.054496088e+00	5.927261846e-02	1.054206194e-11
-1.900000000e-02	6.054510133e+00	5.866251718e-02	4.980669560e-12
-2.000000000e-02	6.054524238e+00	5.805241622e-02	1.755904274e-11
-2.100000000e-02	6.054538405e+00	5.744231559e-02	1.617972473e-11
-2.200000000e-02	6.054552633e+00	5.683221532e-02	7.989675044e-12
-2.300000000e-02	6.054566923e+00	5.622211542e-02	5.158482075e-11
-2.400000000e-02	6.054581273e+00	5.561201592e-02	1.201933448e-11
-2.500000000e-02	6.054595685e+00	5.500191683e-02	1.613917089e-11
-2.600000000e-02	6.054610158e+00	5.439181816e-02	5.710067324e-12
-2.700000000e-02	6.054624693e+00	5.378171994e-02	8.601567207e-12
-2.800000000e-02	6.054639289e+00	5.317162219e-02	3.018040276e-11
-2.900000000e-02	6.054653946e+00	5.256152492e-02	9.743774644e-12
-3.000000000e-02	6.054668664e+00	5.195142815e-02	1.321427018e-11
-3.100000000e-02	6.054683444e+00	5.134133191e-02	8.358848673e-12
-3.200000000e-02	6.054698285e+00	5.073123620e-02	1.753651763e-11
-3.300000000e-02	6.054713187e+00	5.012114105e-02	7.727136609e-12
-3.400000000e-02	6.054728150e+00	4.951104648e-02	1.123074412e-11
-3.500000000e-02	6.054743175e+00	4.890095251e-02	3.278106107e-11
-3.600000000e-02	6.054758261e+00	4.829085914e-02	1.282018007e-11
-3.700000000e-02	6.054773408e+00	4.768076641e-02	1.337468557e-11
-3.800000000e-02	6.054788616e+00	4.707067433e-02	6.070324501e-12
-3.900000000e-02	6.054803886e+00	4.646058292e-02	1.434004608e-11
-4.000000000e-02	6.054819217e+00	4.585049219e-02	7.228509178e-12
-4.100000000e-02	6.054834609e+00	4.524040218e-02	9.624402481e-12
-4.200000000e-02	6.054850063e+00	4.463031288e-02	2.056072516e-11
-4.300000000e-02	6.054865578e+00	4.402022433e-02	1.647780960e-11
-4.400000000e-02	6.054881154e+00	4.341013654e-02	7.933224014e-12
-4.500000000e-02	6.054896791e+00	4.280004953e-02	1.208698275e-11
-4.600000000e-02	6.054912490e+00	4.218996331e-02	1.554601130e-11
-4.700000000e-02	6.054928250e+00	4.157987792e-02	1.470488964e-11
-4.800000000e-02	6.054944071e+00	4.096979335e-02	1.762086691e-11
-4.900000000e-02	6.054959953e+00	4.035970965e-02	1.387079476e-11
-5.000000000e-02	6.054975897e+00	3.974962681e-02	1.098090793e-11
-5.100000000e-02	6.054991902e+00	3.913954486e-02	1.171109910e-11
-5.200000000e-02	6.055007968e+00	3.852946383e-02	9.728338568e-12
-5.300000000e-02	6.055024096e+00	3.791938372e-02	1.134971383e-11
-5.400000000e-02	6.055040284e+00	3.730930455e-02	3.985814548e-11
-5.500000000e-02	6.055056534e+00	3.669922635e-02	9.236649044e-12
-5.600000000e-02	6.055072846e+00	3.608914914e-02	4.035090257e-11
-5.700000000e-02	6.055089218e+00	3.547907292e-02	1.304032349e-11
-5.800000000e-02	6.055105652e+00	3.486899772e-02	1.949260527e-11
-5.900000000e-02	6.055122147e+00	3.425892356e-02	1.864167557e-11
-6.000000000e-02	6.055138703e+00	3.364885046e-02	1.407384159e-11
-6.100000000e-02	6.055155321e+00	3.303877844e-02	4.121984025e-11
-6.200000000e-02	6.055172000e+00	3.242870750e-02	1.989847069e-11
-6.300000000e-02	6.055188740e+00	3.181863768e-02	7.239649664e-12
-6.400000000e-02	6.055205541e+00	3.120856899e-02	1.452130310e-11
-6.500000000e-02	6.055222403e+00	3.059850144e-02	1.811218844e-11
-6.600000000e-02	6.055239327e+00	2.998843507e-02	5.886989757e-12
-6.700000000e-02	6.055256312e+00	2.937836987e-02	8.075531198e-12
-6.800000000e-02	6.055273359e+00	2.876830589e-02	9.267465683e-12
-6.900000000e-02	6.055290466e+00	2.815824313e-02	9.553200651e-12
-7.000000000e-02	6.055307635e+00	2.754818160e-02	1.105696706e-11
-7.100000000e-02	6.055324865e+00	2.693812134e-02	1.189930230e-11
-7.200000000e-02	6.055342157e+00	2.632806235e-02	1.106224350e-11
-7.300000000e-02	6.055359509e+00	2.571800467e-02	3.393164200e-11
-7.400000000e-02	6.055376923e+00	2.510794829e-02	9.941058283e-12
-7.500000000e-02	6.055394398e+00	2.449789325e-02	2.062118513e-11
-7.600000000e-02	6.055411935e+00	2.388783956e-02	3.422279217e-11
-7.700000000e-02	6.055429532e+00	2.327778724e-02	2.040362062e-11
-7.800000000e-02	6.055447191e+00	2.266773631e-02	1.657858142e-11
-7.900000000e-02	6.055464911e+00	2.205768679e-02	1.541213444e-11
-8.000000000e-02	6.055482692e+00	2.144763869e-02	6.112704383e-12
-8.100000000e-02	6.055500535e+00	2.083759204e-02	1.020763072e-11
-8.200000000e-02	6.055518439e+00	2.022754685e-02	8.562511484e-12
-8.300000000e-02	6.055536404e+00	1.961750314e-02	9.237373655e-12
-8.400000000e-02	6.055554430e+00	1.900746093e-02	1.505264864e-11
-8.500000000e-02	6.055572518e+00	1.839742023e-02	2.724985007e-11
-8.600000000e-02	6.055590667e+00	1.778738108e-02	2.059618959e-11
-8.700000000e-02	6.055608877e+00	1.717734347e-02	1.684154394e-11
-8.800000000e-02	6.055627148e+00	1.656730744e-02	1.063231747e-11
-8.900000000e-02	6.055645481e+00	1.595727301e-02	9.229508280e-12
-9.000000000e-02	6.055663874e+00	1.534724018e-02	5.516277485e-12
-9.100000000e-02	6.055682329e+00	1.473720898e-02	1.951225213e-11
-9.200000000e-02	6.055700846e+00	1.412717943e-02	2.186692121e-11
-9.300000000e-02	6.055719423e+00	1.351715154e-02	5.626374396e-11
-9.400000000e-02	6.055738062e+00	1.290712534e-02	8.665712218e-12
-9.500000000e-02	6.055756762e+00	1.229710083e-02	1.540956465e-11
-9.600000000e-02	6.055775523e+00	1.168707805e-02	2.293096219e-11
-9.700000000e-02	6.055794345e+00	1.107705701e-02	2.057426291e-11
-9.800000000e-02	6.055813229e+00	1.046703773e-02	2.069218287e-11
-9.900000000e-02	6.055832174e+00	9.857020218e-03	9.476886133e-12
-1.000000000e-01	6.055851180e+00	9.247004503e-03	1.578215059e-11
-1.010000000e-01	6.055870247e+00	8.636990604e-03	8.208233957e-12
-1.020000000e-01	6.055889376e+00	8.026978534e-03	8.582426056e-12
-1.030000000e-01	6.055908566e+00	7.416968313e-03	1.724886514e-11
-1.040000000e-01	6.055927817e+00	6.806959963e-03	1.566258494e-11
-1.050000000e-01	6.055947129e+00	6.196953495e-03	8.698794139e-12
-1.060000000e-01	6.055966503e+00	5.586948936e-03	1.129606738e-11
-1.070000000e-01	6.055985937e+00	4.976946298e-03	5.655738477e-12
-1.080000000e-01	6.056005433e+00	4.366945603e-03	9.403796343e-12
-1.090000000e-01	6.056024990e+00	3.756946867e-03	1.836940181e-11
-1.100000000e-01	6.056044609e+00	3.146950112e-03	1.419893070e-11
-1.110000000e-01	6.056064288e+00	2.536955352e-03	1.010566786e-11
-1.120000000e-01	6.056084029e+00	1.926962610e-03	8.323246212e-12
-1.130000000e-01	6.056103831e+00	1.316971899e-03	9.267225304e-12
-1.140000000e-01	6.056123694e+00	7.069832433e-04	9.412216497e-12
-1.150000000e-01	6.056143619e+00	9.699665663e-05	5.925209895e-12
-1.160000000e-01	6.056163605e+00	-5.129878404e-04	5.424715326e-12
-1.170000000e-01	6.056183652e+00	-1.122970231e-03	1.328486238e-11
-1.180000000e-01	6.056203760e+00	-1.732950496e-03	4.087733041e-11
-1.190000000e-01	6.056223929e+00	-2.342928612e-03	5.725964960e-12
-1.200000000e-01	6.056244159e+00	-2.952904567e-03	1.293828151e-11
-1.210000000e-01	6.056264451e+00	-3.562878342e-03	1.073630505e-11
-1.220000000e-01	6.056284804e+00	-4.172849914e-03	1.813897246e-11
-1.230000000e-01	6.056305218e+00	-4.782819271e-03	1.215672582e-11
-1.240000000e-01	6.056325694e+00	-5.392786392e-03	1.208054962e-11
-1.250000000e-01	6.056346230e+00	-6.002751256e-03	7.905243890e-12
-1.260000000e-01	6.056366828e+00	-6.612713846e-03	7.293805139e-12
-1.270000000e-01	6.056387487e+00	-7.222674145e-03	8.684454299e-12
-1.280000000e-01	6.056408207e+00	-7.832632135e-03	1.368370375e-11
-1.290000000e-01	6.056428989e+00	-8.442587794e-03	1.195082555e-11
-1.300000000e-01	6.056449831e+00	-9.052541108e-03	8.271684839e-12
-1.310000000e-01	6.056470735e+00	-9.662492054e-03	7.566823107e-12
-1.320000000e-01	6.056491700e+00	-1.027244062e-02	1.356651867e-11
-1.330000000e-01	6.056512726e+00	-1.088238678e-02	6.578556945e-12
-1.340000000e-01	6.056533813e+00	-1.149233052e-02	9.084279501e-12
-1.350000000e-01	6.056554962e+00	-1.210227182e-02	9.260715033e-12
-1.360000000e-01	6.056576172e+00	-1.271221066e-02	9.944674319e-12
-1.370000000e-01	6.056597443e+00	-1.332214703e-02	1.027684289e-11
-1.380000000e-01	6.056618775e+00	-1.393208090e-02	1.585636598e-11
-1.390000000e-01	6.056640168e+00	-1.454201226e-02	9.258715500e-12
-1.400000000e-01	6.056661623e+00	-1.515194109e-02	1.415998727e-11
-1.410000000e-01	6.056683138e+00	-1.576186737e-02	1.274230173e-11
-1.420000000e-01	6.056704715e+00	-1.637179108e-02	2.233561282e-11
-1.430000000e-01	6.056726353e+00	-1.698171220e-02	1.295076472e-11
-1.440000000e-01	6.056748053e+00	-1.759163072e-02	2.703315354e-11
-1.450000000e-01	6.056769813e+00	-1.820154662e-02	1.687799275e-11
-1.460000000e-01	6.056791635e+00	-1.881145987e-02	6.085670997e-12
-1.470000000e-01	6.056813517e+00	-1.942137047e-02	7.712474383e-12
-1.480000000e-01	6.056835461e+00	-2.003127838e-02	7.092203189e-12
-1.490000000e-01	6.056857467e+00	-2.064118360e-02	1.464361806e-11
-1.500000000e-01	6.056879533e+00	-2.125108610e-02	1.909717743e-11
-1.510000000e-01	6.056901660e+00	-2.186098588e-02	4.032990955e-11
-1.520000000e-01	6.056923849e+00	-2.247088289e-02	1.857610750e-11
-1.530000000e-01	6.056946099e+00	-2.308077714e-02	1.846219073e-11
-1.540000000e-01	6.056968410e+00	-2.369066860e-02	1.258880940e-11
-1.550000000e-01	6.056990782e+00	-2.430055725e-02	1.657859339e-11
-1.560000000e-01	6.057013215e+00	-2.491044308e-02	3.145463555e-11
-1.570000000e-01	6.057035710e+00	-2.552032606e-02	1.190555760e-11
-1.580000000e-01	6.057058265e+00	-2.613020618e-02	5.826461740e-12
-1.590000000e-01	6.057080882e+00	-2.674008342e-02	2.614602557e-11
-1.600000000e-01	6.057103560e+00	-2.734995775e-02	5.985344435e-12
-1.610000000e-01	6.057126299e+00	-2.795982917e-02	8.887974977e-12
-1.620000000e-01	6.057149100e+00	-2.856969766e-02	3.908868008e-11
-1.630000000e-01	6.057171961e+00	-2.917956319e-02	1.237885423e-11
-1.640000000e-01	6.057194884e+00	-2.978942575e-02	1.144973088e-11
-1.650000000e-01	6.057217868e+00	-3.039928531e-02	5.399604295e-12
-1.660000000e-01	6.057240912e+00	-3.100914187e-02	1.302317776e-11
-1.670000000e-01	6.057264018e+00	-3.161899540e-02	1.058433126e-11
-1.680000000e-01	6.057287186e+00	-3.222884589e-02	6.802370799e-12
-1.690000000e-01	6.057310414e+00	-3.283869330e-02	2.039361463e-11
-1.700000000e-01	6.057333704e+00	-3.344853764e-02	2.028092320e-11
-1.710000000e-01	6.057357054e+00	-3.405837887e-02	1.085947131e-11
-1.720000000e-01	6.057380466e+00	-3.466821699e-02	2.705090000e-11
-1.730000000e-01	6.057403939e+00	-3.527805196e-02	3.036510202e-11
-1.740000000e-01	6.057427473e+00	-3.588788378e-02	8.603307382e-12
-1.750000000e-01	6.057451068e+00	-3.649771243e-02	2.410416725e-11
-1.760000000e-01	6.057474725e+00	-3.710753788e-02	3.948704348e-11
-1.770000000e-01	6.057498442e+00	-3.771736012e-02	1.475313496e-11
-1.780000000e-01	6.057522221e+00	-3.832717913e-02	1.837164448e-11
-1.790000000e-01	6.057546060e+00	-3.893699489e-02	1.871198011e-11
-1.800000000e-01	6.057569961e+00	-3.954680738e-02	9.052854397e-12
-1.810000000e-01	6.057593923e+00	-4.015661659e-02	1.339666663e-11
-1.820000000e-01	6.057617946e+00	-4.076642250e-02	1.345825475e-11
-1.830000000e-01	6.057642031e+00	-4.137622509e-02	1.237358942e-11
-1.840000000e-01	6.057666176e+00	-4.198602433e-02	1.754396994e-11
-1.850000000e-01	6.057690382e+00	-4.259582022e-02	4.525100663e-11
-1.860000000e-01	6.057714650e+00	-4.320561272e-02	9.445081522e-12
-1.870000000e-01	6.057738979e+00	-4.381540184e-02	1.257444011e-11
-1.880000000e-01	6.057763369e+00	-4.442518754e-02	9.166754364e-12
-1.890000000e-01	6.057787820e+00	-4.503496980e-02	1.702348475e-11
-1.900000000e-01	6.057812332e+00	-4.564474862e-02	7.423611801e-12
-1.910000000e-01	6.057836905e+00	-4.625452397e-02	2.040330611e-11
-1.920000000e-01	6.057861539e+00	-4.686429583e-02	4.123452459e-11
-1.930000000e-01	6.057886235e+00	-4.747406419e-02	1.257730189e-11
-1.940000000e-01	6.057910991e+00	-4.808382902e-02	1.408240943e-11
-1.950000000e-01	6.057935809e+00	-4.869359031e-02	1.288134664e-11
-1.960000000e-01	6.057960687e+00	-4.930334804e-02	7.968214074e-12
-1.970000000e-01	6.057985627e+00	-4.991310219e-02	8.200749754e-12
-1.980000000e-01	6.058010628e+00	-5.052285274e-02	9.060624774e-12
-1.990000000e-01	6.058035690e+00	-5.113259968e-02	1.931717302e-11
-2.000000000e-01	6.058060813e+00	-5.174234299e-02	9.360686772e-12
-2.010000000e-01	6.058085997e+00	-5.235208264e-02	1.336467612e-11
-2.020000000e-01	6.058111243e+00	-5.296181862e-02	9.977468819e-12
-2.030000000e-01	6.058136549e+00	-5.357155091e-02	1.391366425e-11
-2.040000000e-01	6.058161917e+00	-5.418127950e-02	9.511694913e-12
-2.050000000e-01	6.058187345e+00	-5.479100436e-02	5.837212707e-12
-2.060000000e-01	6.058212835e+00	-5.540072548e-02	3.220660965e-11
-2.070000000e-01	6.058238385e+00	-5.601044283e-02	1.177275966e-11
-2.080000000e-01	6.058263997e+00	-5.662015640e-02	7.794911530e-12
-2.090000000e-01	6.058289670e+00	-5.722986617e-02	1.683279045e-11
-2.100000000e-01	6.058315404e+00	-5.783957213e-02	1.302307661e-11
-2.110000000e-01	6.058341199e+00	-5.844927425e-02	1.135299619e-11
-2.120000000e-01	6.058367055e+00	-5.905897252e-02	1.040812100e-11
-2.130000000e-01	6.058392972e+00	-5.966866692e-02	3.072145129e-11
-2.140000000e-01	6.058418951e+00	-6.027835742e-02	1.281355809e-11
-2.150000000e-01	6.058444990e+00	-6.088804402e-02	7.972271301e-12
-2.160000000e-01	6.058471090e+00	-6.149772669e-02	9.689603220e-12
-2.170000000e-01	6.058497252e+00	-6.210740541e-02	1.221127624e-11
-2.180000000e-01	6.058523474e+00	-6.271708017e-02	1.418301795e-11
-2.190000000e-01	6.058549758e+00	-6.332675095e-02	3.759223890e-11
-2.200000000e-01	6.058576102e+00	-6.393641773e-02	3.625077501e-11
-2.210000000e-01	6.058602508e+00	-6.454608048e-02	3.388148065e-11
-2.220000000e-01	6.058628975e+00	-6.515573921e-02	1.204227706e-11
-2.230000000e-01	6.058655502e+00	-6.576539388e-02	2.238820062e-11
-2.240000000e-01	6.058682091e+00	-6.637504447e-02	1.375144757e-11
-2.250000000e-01	6.058708741e+00	-6.698469097e-02	1.127439063e-11
-2.260000000e-01	6.058735452e+00	-6.759433336e-02	1.504245267e-11
-2.270000000e-01	6.058762224e+00	-6.820397162e-02	8.525661616e-12
-2.280000000e-01	6.058789057e+00	-6.881360574e-02	6.508263171e-12
-2.290000000e-01	6.058815951e+00	-6.942323569e-02	6.285964408e-12
-2.300000000e-01	6.058842906e+00	-7.003286145e-02	9.157051806e-12
-2.310000000e-01	6.058869922e+00	-7.064248302e-02	6.602509302e-12
-2.320000000e-01	6.058896999e+00	-7.125210036e-02	1.791849246e-11
-2.330000000e-01	6.058924137e+00	-7.186171347e-02	1.085007191e-11
-2.340000000e-01	6.058951337e+00	-7.247132232e-02	1.055400095e-11
-2.350000000e-01	6.058978597e+00	-7.308092689e-02	3.804694366e-11
-2.360000000e-01	6.059005918e+00	-7.369052717e-02	8.065929273e-12
-2.370000000e-01	6.059033300e+00	-7.430012314e-02	1.079340933e-11
-2.380000000e-01	6.059060744e+00	-7.490971478e-02	2.733576388e-11
-2.390000000e-01	6.059088248e+00	-7.551930207e-02	1.230773612e-11
-2.400000000e-01	6.059115813e+00	-7.612888500e-02	6.002410695e-12
-2.410000000e-01	6.059143440e+00	-7.673846354e-02	1.772798681e-11
-2.420000000e-01	6.059171127e+00	-7.734803768e-02	1.480101668e-11
-2.430000000e-01	6.059198875e+00	-7.795760739e-02	1.720604763e-11
-2.440000000e-01	6.059226685e+00	-7.856717267e-02	7.743009477e-12
-2.450000000e-01	6.059254555e+00	-7.917673349e-02	1.889182925e-11
-2.460000000e-01	6.059282486e+00	-7.978628983e-02	1.342988376e-11
-2.470000000e-01	6.059310479e+00	-8.039584167e-02	6.215917000e-11
-2.480000000e-01	6.059338532e+00	-8.100538901e-02	1.846505902e-11
-2.490000000e-01	6.059366646e+00	-8.161493182e-02	1.471816103e-11
-2.500000000e-01	6.059394822e+00	-8.222447007e-02	2.955536119e-11
-2.510000000e-01	6.059423058e+00	-8.283400376e-02	9.330136746e-12
-2.520000000e-01	6.059451355e+00	-8.344353286e-02	7.342585352e-12
-2.530000000e-01	6.059479714e+00	-8.405305736e-02	8.173020822e-12
-2.540000000e-01	6.059508133e+00	-8.466257724e-02	1.379683152e-11
-2.550000000e-01	6.059536613e+00	-8.527209247e-02	2.219046727e-11
-2.560000000e-01	6.059565154e+00	-8.588160305e-02	2.970043043e-11
-2.570000000e-01	6.059593757e+00	-8.649110895e-02	8.561608074e-12
-2.580000000e-01	6.059622420e+00	-8.710061015e-02	1.052105850e-11
-2.590000000e-01	6.059651144e+00	-8.771010664e-02	2.045869543e-11
-2.600000000e-01	6.059679929e+00	-8.831959840e-02	8.628547718e-12
-2.610000000e-01	6.059708775e+00	-8.892908541e-02	9.817620618e-12
-2.620000000e-01	6.059737682e+00	-8.953856765e-02	9.549575457e-12
-2.630000000e-01	6.059766650e+00	-9.014804510e-02	1.971377053e-11
-2.640000000e-01	6.059795679e+00	-9.075751775e-02	9.933560500e-12
-2.650000000e-01	6.059824769e+00	-9.136698558e-02	8.656939966e-12
-2.660000000e-01	6.059853920e+00	-9.197644856e-02	1.648187311e-11
-2.670000000e-01	6.059883132e+00	-9.258590669e-02	8.218834065e-12
-2.680000000e-01	6.059912405e+00	-9.319535993e-02	1.137894400e-11
-2.690000000e-01	6.059941739e+00	-9.380480828e-02	1.665773284e-11
-2.700000000e-01	6.059971133e+00	-9.441425172e-02	6.557251406e-12
-2.710000000e-01	6.060000589e+00	-9.502369022e-02	1.822544550e-11
-2.720000000e-01	6.060030105e+00	-9.563312378e-02	7.872468013e-12
-2.730000000e-01	6.060059683e+00	-9.624255236e-02	1.076640256e-11
-2.740000000e-01	6.060089321e+00	-9.685197596e-02	9.478278818e-12
-2.750000000e-01	6.060119021e+00	-9.746139455e-02	1.193011622e-11
-2.760000000e-01	6.060148781e+00	-9.807080811e-02	2.078676516e-11
-2.770000000e-01	6.060178602e+00	-9.868021664e-02	8.555882463e-12
-2.780000000e-01	6.060208485e+00	-9.928962011e-02	1.931015222e-11
-2.790000000e-01	6.060238428e+00	-9.989901849e-02	1.201858248e-11
-2.800000000e-01	6.060268432e+00	-1.005084118e-01	1.085124460e-11
-2.810000000e-01	6.060298497e+00	-1.011178000e-01	1.274921673e-11
-2.820000000e-01	6.060328623e+00	-1.017271830e-01	1.303533587e-11
-2.830000000e-01	6.060358809e+00	-1.023365609e-01	1.219854804e-11
-2.840000000e-01	6.060389057e+00	-1.029459336e-01	1.227223497e-11
-2.850000000e-01	6.060419366e+00	-1.035553012e-01	1.346754126e-11
-2.860000000e-01	6.060449735e+00	-1.041646635e-01	2.036180337e-11
-2.870000000e-01	6.060480165e+00	-1.047740206e-01	3.178392107e-11
-2.880000000e-01	6.060510657e+00	-1.053833724e-01	9.282976996e-12
-2.890000000e-01	6.060541209e+00	-1.059927191e-01	1.773660922e-11
-2.900000000e-01	6.060571822e+00	-1.066020604e-01	1.225344184e-11
-2.910000000e-01	6.060602496e+00	-1.072113964e-01	1.587720443e-11
-2.920000000e-01	6.060633231e+00	-1.078207271e-01	6.708565487e-12
-2.930000000e-01	6.060664027e+00	-1.084300525e-01	6.252501099e-12
-2.940000000e-01	6.060694883e+00	-1.090393725e-01	1.264035988e-11
-2.950000000e-01	6.060725801e+00	-1.096486872e-01	9.984194760e-12
-2.960000000e-01	6.060756779e+00	-1.102579964e-01	3.363686202e-11
-2.970000000e-01	6.060787818e+00	-1.108673003e-01	2.052221420e-11
-2.980000000e-01	6.060818919e+00	-1.114765987e-01	7.040016809e-12
-2.990000000e-01	6.060850080e+00	-1.120858917e-01	1.299801800e-11
-3.000000000e-01	6.060881301e+00	-1.126951793e-01	1.982803310e-11
