# epsi_ci     Re(Lambda)      Im(Lambda)      Eq(det), R = 0.10 $\mu$m, $E_p$ = 0.300 eV, modo = 3, $\epsilon_\infty$ = 3.9, $\gamma_{DL}$ = 0.01 eV, solve_det_sinkz_vs_mu.py
0.000000000e+00	5.744525257e+00	5.679423962e-02	1.988721844e-11
-1.000000000e-03	5.744535837e+00	5.621413793e-02	2.692267569e-11
-2.000000000e-03	5.744546475e+00	5.563403623e-02	6.563352776e-12
-3.000000000e-03	5.744557172e+00	5.505393455e-02	1.191649389e-11
-4.000000000e-03	5.744567927e+00	5.447383290e-02	9.216771820e-12
-5.000000000e-03	5.744578740e+00	5.389373130e-02	7.507758000e-12
-6.000000000e-03	5.744589612e+00	5.331362976e-02	2.056031777e-11
-7.000000000e-03	5.744600542e+00	5.273352832e-02	6.256899040e-12
-8.000000000e-03	5.744611531e+00	5.215342697e-02	8.057615923e-12
-9.000000000e-03	5.744622578e+00	5.157332575e-02	2.179282172e-11
-1.000000000e-02	5.744633683e+00	5.099322466e-02	1.307992040e-11
-1.100000000e-02	5.744644847e+00	5.041312373e-02	1.926325602e-11
-1.200000000e-02	5.744656069e+00	4.983302298e-02	1.332006297e-11
-1.300000000e-02	5.744667350e+00	4.925292241e-02	5.931950212e-12
-1.400000000e-02	5.744678689e+00	4.867282206e-02	8.091156189e-12
-1.500000000e-02	5.744690086e+00	4.809272192e-02	2.219689044e-11
-1.600000000e-02	5.744701542e+00	4.751262204e-02	1.804921609e-11
-1.700000000e-02	5.744713056e+00	4.693252242e-02	6.075142014e-12
-1.800000000e-02	5.744724629e+00	4.635242307e-02	9.063444743e-12
-1.900000000e-02	5.744736260e+00	4.577232403e-02	8.833083406e-12
-2.000000000e-02	5.744747949e+00	4.519222529e-02	7.888158826e-12
-2.100000000e-02	5.744759697e+00	4.461212689e-02	1.085479712e-11
-2.200000000e-02	5.744771503e+00	4.403202884e-02	2.575781804e-11
-2.300000000e-02	5.744783367e+00	4.345193116e-02	1.478715320e-11
-2.400000000e-02	5.744795290e+00	4.287183386e-02	1.262873752e-11
-2.500000000e-02	5.744807272e+00	4.229173697e-02	1.231427859e-11
-2.600000000e-02	5.744819311e+00	4.171164050e-02	1.519352720e-11
-2.700000000e-02	5.744831409e+00	4.113154446e-02	1.061077585e-11
-2.800000000e-02	5.744843566e+00	4.055144888e-02	1.039627464e-11
-2.900000000e-02	5.744855781e+00	3.997135377e-02	1.336653191e-11
-3.000000000e-02	5.744868054e+00	3.939125915e-02	1.649886520e-11
-3.100000000e-02	5.744880386e+00	3.881116505e-02	1.155816907e-11
-3.200000000e-02	5.744892776e+00	3.823107147e-02	1.344203797e-11
-3.300000000e-02	5.744905224e+00	3.765097843e-02	1.191965523e-11
-3.400000000e-02	5.744917731e+00	3.707088596e-02	2.864376303e-11
-3.500000000e-02	5.744930296e+00	3.649079406e-02	9.071743519e-12
-3.600000000e-02	5.744942920e+00	3.591070276e-02	1.200978346e-11
-3.700000000e-02	5.744955602e+00	3.533061208e-02	1.072859609e-11
-3.800000000e-02	5.744968342e+00	3.475052202e-02	1.831164525e-11
-3.900000000e-02	5.744981141e+00	3.417043262e-02	2.597459904e-11
-4.000000000e-02	5.744993998e+00	3.359034388e-02	7.509096347e-12
-4.100000000e-02	5.745006914e+00	3.301025583e-02	1.748855742e-11
-4.200000000e-02	5.745019888e+00	3.243016848e-02	8.538566415e-12
-4.300000000e-02	5.745032920e+00	3.185008186e-02	4.364946658e-11
-4.400000000e-02	5.745046011e+00	3.126999596e-02	5.737578053e-11
-4.500000000e-02	5.745059160e+00	3.068991083e-02	9.916026151e-12
-4.600000000e-02	5.745072367e+00	3.010982647e-02	1.362687781e-11
-4.700000000e-02	5.745085633e+00	2.952974290e-02	1.067112422e-11
-4.800000000e-02	5.745098957e+00	2.894966014e-02	1.175547164e-11
-4.900000000e-02	5.745112340e+00	2.836957820e-02	1.153752699e-11
-5.000000000e-02	5.745125781e+00	2.778949711e-02	2.814131527e-11
-5.100000000e-02	5.745139280e+00	2.720941687e-02	8.464969393e-12
-5.200000000e-02	5.745152838e+00	2.662933752e-02	4.325187795e-11
-5.300000000e-02	5.745166454e+00	2.604925907e-02	7.324071086e-12
-5.400000000e-02	5.745180129e+00	2.546918152e-02	8.295162328e-12
-5.500000000e-02	5.745193862e+00	2.488910491e-02	1.525270662e-11
-5.600000000e-02	5.745207653e+00	2.430902925e-02	2.313445272e-11
-5.700000000e-02	5.745221503e+00	2.372895456e-02	1.107181078e-11
-5.800000000e-02	5.745235411e+00	2.314888085e-02	8.597394931e-12
-5.900000000e-02	5.745249377e+00	2.256880814e-02	1.470111381e-11
-6.000000000e-02	5.745263402e+00	2.198873646e-02	2.326244266e-11
-6.100000000e-02	5.745277485e+00	2.140866581e-02	1.298683767e-11
-6.200000000e-02	5.745291627e+00	2.082859621e-02	1.316727623e-11
-6.300000000e-02	5.745305827e+00	2.024852769e-02	1.567597568e-11
-6.400000000e-02	5.745320085e+00	1.966846026e-02	1.441911440e-11
-6.500000000e-02	5.745334402e+00	1.908839394e-02	4.191301546e-12
-6.600000000e-02	5.745348777e+00	1.850832875e-02	2.702402628e-11
-6.700000000e-02	5.745363211e+00	1.792826469e-02	1.041550014e-11
-6.800000000e-02	5.745377702e+00	1.734820180e-02	1.150062420e-11
-6.900000000e-02	5.745392253e+00	1.676814008e-02	8.304434339e-12
-7.000000000e-02	5.745406861e+00	1.618807956e-02	1.421879071e-11
-7.100000000e-02	5.745421528e+00	1.560802026e-02	1.053967861e-11
-7.200000000e-02	5.745436254e+00	1.502796219e-02	9.944994020e-12
-7.300000000e-02	5.745451037e+00	1.444790536e-02	6.279713903e-12
-7.400000000e-02	5.745465879e+00	1.386784981e-02	1.802837007e-11
-7.500000000e-02	5.745480780e+00	1.328779554e-02	9.052456422e-12
-7.600000000e-02	5.745495739e+00	1.270774256e-02	6.257692710e-12
-7.700000000e-02	5.745510756e+00	1.212769091e-02	1.212315885e-11
-7.800000000e-02	5.745525831e+00	1.154764060e-02	7.470324793e-12
-7.900000000e-02	5.745540965e+00	1.096759164e-02	1.220874676e-11
-8.000000000e-02	5.745556158e+00	1.038754405e-02	2.596146957e-11
-8.100000000e-02	5.745571408e+00	9.807497855e-03	2.561082320e-11
-8.200000000e-02	5.745586717e+00	9.227453066e-03	7.503072578e-12
-8.300000000e-02	5.745602085e+00	8.647409702e-03	1.118727650e-11
-8.400000000e-02	5.745617510e+00	8.067367781e-03	1.025344053e-11
-8.500000000e-02	5.745632995e+00	7.487327319e-03	1.760363412e-11
-8.600000000e-02	5.745648537e+00	6.907288338e-03	1.289984409e-11
-8.700000000e-02	5.745664138e+00	6.327250850e-03	6.595617921e-12
-8.800000000e-02	5.745679797e+00	5.747214877e-03	8.014820524e-12
-8.900000000e-02	5.745695515e+00	5.167180433e-03	1.195911080e-11
-9.000000000e-02	5.745711291e+00	4.587147539e-03	2.438429008e-11
-9.100000000e-02	5.745727125e+00	4.007116211e-03	7.587168233e-12
-9.200000000e-02	5.745743017e+00	3.427086466e-03	1.444598328e-11
-9.300000000e-02	5.745758968e+00	2.847058324e-03	1.785991447e-11
-9.400000000e-02	5.745774978e+00	2.267031799e-03	1.017385319e-11
-9.500000000e-02	5.745791046e+00	1.687006912e-03	1.156345172e-11
-9.600000000e-02	5.745807172e+00	1.106983680e-03	9.756658928e-12
-9.700000000e-02	5.745823356e+00	5.269621185e-04	1.666426372e-11
-9.800000000e-02	5.745839599e+00	-5.305775403e-05	3.060548245e-11
-9.900000000e-02	5.745855900e+00	-6.330759198e-04	6.363936726e-12
-1.000000000e-01	5.745872259e+00	-1.213092359e-03	1.668068339e-11
-1.010000000e-01	5.745888677e+00	-1.793107059e-03	1.158265390e-11
-1.020000000e-01	5.745905154e+00	-2.373119996e-03	9.261355732e-12
-1.030000000e-01	5.745921688e+00	-2.953131158e-03	8.657575202e-12
-1.040000000e-01	5.745938281e+00	-3.533140522e-03	2.726094761e-11
-1.050000000e-01	5.745954932e+00	-4.113148075e-03	1.863342616e-11
-1.060000000e-01	5.745971642e+00	-4.693153803e-03	4.637876519e-11
-1.070000000e-01	5.745988410e+00	-5.273157674e-03	9.367276446e-12
-1.080000000e-01	5.746005236e+00	-5.853159684e-03	1.428277378e-11
-1.090000000e-01	5.746022121e+00	-6.433159812e-03	1.775513143e-11
-1.100000000e-01	5.746039063e+00	-7.013158036e-03	1.005514664e-11
-1.110000000e-01	5.746056065e+00	-7.593154346e-03	3.284768496e-11
-1.120000000e-01	5.746073124e+00	-8.173148716e-03	1.189559812e-11
-1.130000000e-01	5.746090242e+00	-8.753141132e-03	3.116197514e-11
-1.140000000e-01	5.746107419e+00	-9.333131581e-03	3.470858002e-11
-1.150000000e-01	5.746124653e+00	-9.913120040e-03	5.954890295e-12
-1.160000000e-01	5.746141946e+00	-1.049310649e-02	1.284504742e-11
-1.170000000e-01	5.746159298e+00	-1.107309092e-02	1.061815133e-11
-1.180000000e-01	5.746176707e+00	-1.165307331e-02	8.696594337e-12
-1.190000000e-01	5.746194175e+00	-1.223305363e-02	1.065543211e-11
-1.200000000e-01	5.746211702e+00	-1.281303188e-02	3.945074907e-11
-1.210000000e-01	5.746229286e+00	-1.339300804e-02	4.693875397e-12
-1.220000000e-01	5.746246929e+00	-1.397298209e-02	1.005529929e-11
-1.230000000e-01	5.746264631e+00	-1.455295401e-02	1.826123505e-11
-1.240000000e-01	5.746282390e+00	-1.513292377e-02	1.196597751e-11
-1.250000000e-01	5.746300208e+00	-1.571289138e-02	1.349519172e-11
-1.260000000e-01	5.746318085e+00	-1.629285680e-02	1.106500846e-11
-1.270000000e-01	5.746336019e+00	-1.687282002e-02	1.304770757e-11
-1.280000000e-01	5.746354012e+00	-1.745278103e-02	9.753522319e-12
-1.290000000e-01	5.746372063e+00	-1.803273980e-02	7.655623285e-12
-1.300000000e-01	5.746390173e+00	-1.861269631e-02	9.837398363e-12
-1.310000000e-01	5.746408341e+00	-1.919265056e-02	1.083595768e-11
-1.320000000e-01	5.746426567e+00	-1.977260252e-02	2.213341684e-11
-1.330000000e-01	5.746444852e+00	-2.035255217e-02	6.645137172e-12
-1.340000000e-01	5.746463195e+00	-2.093249951e-02	2.736402960e-11
-1.350000000e-01	5.746481596e+00	-2.151244450e-02	7.191306189e-12
-1.360000000e-01	5.746500055e+00	-2.209238713e-02	6.441503109e-12
-1.370000000e-01	5.746518573e+00	-2.267232739e-02	3.470295571e-11
-1.380000000e-01	5.746537149e+00	-2.325226525e-02	1.042967285e-11
-1.390000000e-01	5.746555784e+00	-2.383220070e-02	1.710872385e-11
-1.400000000e-01	5.746574476e+00	-2.441213373e-02	1.185111705e-11
-1.410000000e-01	5.746593228e+00	-2.499206431e-02	7.563090164e-12
-1.420000000e-01	5.746612037e+00	-2.557199242e-02	5.973181175e-12
-1.430000000e-01	5.746630905e+00	-2.615191806e-02	9.250034010e-12
-1.440000000e-01	5.746649831e+00	-2.673184119e-02	1.344544103e-11
-1.450000000e-01	5.746668815e+00	-2.731176181e-02	1.465881602e-11
-1.460000000e-01	5.746687857e+00	-2.789167990e-02	4.179831467e-11
-1.470000000e-01	5.746706958e+00	-2.847159543e-02	2.029276328e-11
-1.480000000e-01	5.746726117e+00	-2.905150840e-02	9.510151714e-12
-1.490000000e-01	5.746745335e+00	-2.963141878e-02	1.691958843e-11
-1.500000000e-01	5.746764611e+00	-3.021132655e-02	5.891510086e-11
-1.510000000e-01	5.746783945e+00	-3.079123170e-02	1.120305997e-11
-1.520000000e-01	5.746803337e+00	-3.137113422e-02	2.937992421e-11
-1.530000000e-01	5.746822788e+00	-3.195103408e-02	1.282618890e-11
-1.540000000e-01	5.746842297e+00	-3.253093126e-02	5.912625959e-12
-1.550000000e-01	5.746861864e+00	-3.311082575e-02	2.197555267e-11
-1.560000000e-01	5.746881490e+00	-3.369071753e-02	7.727794320e-12
-1.570000000e-01	5.746901173e+00	-3.427060658e-02	1.862283935e-11
-1.580000000e-01	5.746920916e+00	-3.485049289e-02	6.956839432e-12
-1.590000000e-01	5.746940716e+00	-3.543037644e-02	6.870827932e-12
-1.600000000e-01	5.746960575e+00	-3.601025721e-02	1.142920311e-11
-1.610000000e-01	5.746980492e+00	-3.659013518e-02	8.080449682e-12
-1.620000000e-01	5.747000467e+00	-3.717001033e-02	4.975209870e-11
-1.630000000e-01	5.747020500e+00	-3.774988266e-02	9.285903533e-12
-1.640000000e-01	5.747040592e+00	-3.832975213e-02	4.615776470e-11
-1.650000000e-01	5.747060742e+00	-3.890961874e-02	1.524214819e-11
-1.660000000e-01	5.747080951e+00	-3.948948246e-02	1.439790658e-11
-1.670000000e-01	5.747101217e+00	-4.006934327e-02	1.643197057e-11
-1.680000000e-01	5.747121542e+00	-4.064920118e-02	5.257560407e-11
-1.690000000e-01	5.747141925e+00	-4.122905613e-02	3.468609388e-11
-1.700000000e-01	5.747162367e+00	-4.180890814e-02	6.936062737e-12
-1.710000000e-01	5.747182867e+00	-4.238875717e-02	1.330475928e-11
-1.720000000e-01	5.747203425e+00	-4.296860321e-02	1.986829270e-11
-1.730000000e-01	5.747224041e+00	-4.354844624e-02	9.318107941e-12
-1.740000000e-01	5.747244715e+00	-4.412828625e-02	3.442400439e-11
-1.750000000e-01	5.747265448e+00	-4.470812322e-02	7.318426338e-12
-1.760000000e-01	5.747286239e+00	-4.528795712e-02	1.229618657e-11
-1.770000000e-01	5.747307088e+00	-4.586778795e-02	1.044446297e-11
-1.780000000e-01	5.747327996e+00	-4.644761568e-02	4.867070770e-11
-1.790000000e-01	5.747348962e+00	-4.702744030e-02	1.628548155e-11
-1.800000000e-01	5.747369986e+00	-4.760726178e-02	7.638548528e-12
-1.810000000e-01	5.747391068e+00	-4.818708012e-02	7.693775775e-12
-1.820000000e-01	5.747412209e+00	-4.876689530e-02	2.698452698e-11
-1.830000000e-01	5.747433408e+00	-4.934670729e-02	1.365280759e-11
-1.840000000e-01	5.747454665e+00	-4.992651607e-02	1.177324639e-11
-1.850000000e-01	5.747475980e+00	-5.050632164e-02	1.853245738e-11
-1.860000000e-01	5.747497354e+00	-5.108612398e-02	1.233596392e-11
-1.870000000e-01	5.747518785e+00	-5.166592306e-02	2.852941383e-11
-1.880000000e-01	5.747540275e+00	-5.224571887e-02	2.047506663e-11
-1.890000000e-01	5.747561824e+00	-5.282551139e-02	8.343197107e-12
-1.900000000e-01	5.747583430e+00	-5.340530061e-02	4.235909339e-11
-1.910000000e-01	5.747605095e+00	-5.398508650e-02	1.708796347e-11
-1.920000000e-01	5.747626818e+00	-5.456486905e-02	4.465369881e-11
-1.930000000e-01	5.747648599e+00	-5.514464824e-02	6.724825309e-12
-1.940000000e-01	5.747670439e+00	-5.572442406e-02	1.197362437e-11
-1.950000000e-01	5.747692336e+00	-5.630419648e-02	1.086492670e-11
-1.960000000e-01	5.747714292e+00	-5.688396549e-02	1.393590253e-11
-1.970000000e-01	5.747736306e+00	-5.746373107e-02	3.156578942e-11
-1.980000000e-01	5.747758379e+00	-5.804349321e-02	1.786054651e-11
-1.990000000e-01	5.747780509e+00	-5.862325188e-02	1.609331811e-11
-2.000000000e-01	5.747802698e+00	-5.920300707e-02	1.603663832e-11
-2.010000000e-01	5.747824945e+00	-5.978275876e-02	1.152123423e-11
-2.020000000e-01	5.747847250e+00	-6.036250694e-02	8.594538241e-12
-2.030000000e-01	5.747869614e+00	-6.094225158e-02	1.360304217e-11
-2.040000000e-01	5.747892036e+00	-6.152199267e-02	1.322034117e-11
-2.050000000e-01	5.747914515e+00	-6.210173019e-02	1.453847188e-11
-2.060000000e-01	5.747937053e+00	-6.268146413e-02	1.219955010e-11
-2.070000000e-01	5.747959650e+00	-6.326119446e-02	1.985225189e-11
-2.080000000e-01	5.747982304e+00	-6.384092117e-02	2.618557232e-11
-2.090000000e-01	5.748005017e+00	-6.442064424e-02	1.959897804e-11
-2.100000000e-01	5.748027788e+00	-6.500036366e-02	8.999457757e-12
-2.110000000e-01	5.748050617e+00	-6.558007940e-02	9.020000398e-12
-2.120000000e-01	5.748073504e+00	-6.615979145e-02	2.303249558e-11
-2.130000000e-01	5.748096450e+00	-6.673949979e-02	8.300639340e-12
-2.140000000e-01	5.748119454e+00	-6.731920441e-02	1.725953728e-11
-2.150000000e-01	5.748142516e+00	-6.789890528e-02	1.237186421e-11
-2.160000000e-01	5.748165636e+00	-6.847860239e-02	1.219121270e-11
-2.170000000e-01	5.748188814e+00	-6.905829572e-02	7.132975874e-12
-2.180000000e-01	5.748212050e+00	-6.963798525e-02	1.230970614e-11
-2.190000000e-01	5.748235345e+00	-7.021767097e-02	9.075242807e-12
-2.200000000e-01	5.748258698e+00	-7.079735286e-02	1.707090578e-11
-2.210000000e-01	5.748282109e+00	-7.137703091e-02	6.621751589e-11
-2.220000000e-01	5.748305578e+00	-7.195670508e-02	8.604487808e-12
-2.230000000e-01	5.748329106e+00	-7.253637536e-02	9.060883733e-12
-2.240000000e-01	5.748352691e+00	-7.311604176e-02	8.197014418e-12
-2.250000000e-01	5.748376335e+00	-7.369570422e-02	9.025003259e-12
-2.260000000e-01	5.748400037e+00	-7.427536276e-02	3.474371761e-11
-2.270000000e-01	5.748423797e+00	-7.485501734e-02	3.128065553e-11
-2.280000000e-01	5.748447615e+00	-7.543466795e-02	1.780838034e-11
-2.290000000e-01	5.748471492e+00	-7.601431457e-02	1.182504034e-11
-2.300000000e-01	5.748495426e+00	-7.659395718e-02	1.675294067e-11
-2.310000000e-01	5.748519419e+00	-7.717359577e-02	3.049004898e-11
-2.320000000e-01	5.748543470e+00	-7.775323032e-02	1.141657666e-11
-2.330000000e-01	5.748567579e+00	-7.833286082e-02	1.012651787e-11
-2.340000000e-01	5.748591746e+00	-7.891248723e-02	1.142854940e-11
-2.350000000e-01	5.748615972e+00	-7.949210955e-02	1.171011986e-11
-2.360000000e-01	5.748640255e+00	-8.007172776e-02	1.474769972e-11
-2.370000000e-01	5.748664597e+00	-8.065134184e-02	1.607463769e-11
-2.380000000e-01	5.748688997e+00	-8.123095178e-02	7.876564243e-12
-2.390000000e-01	5.748713455e+00	-8.181055755e-02	1.239347532e-11
-2.400000000e-01	5.748737971e+00	-8.239015914e-02	8.143709868e-12
-2.410000000e-01	5.748762545e+00	-8.296975654e-02	6.528514315e-12
-2.420000000e-01	5.748787178e+00	-8.354934971e-02	1.432934720e-11
-2.430000000e-01	5.748811868e+00	-8.412893866e-02	2.866772394e-11
-2.440000000e-01	5.748836617e+00	-8.470852335e-02	1.971753723e-11
-2.450000000e-01	5.748861424e+00	-8.528810378e-02	1.710978203e-11
-2.460000000e-01	5.748886289e+00	-8.586767992e-02	1.025161927e-11
-2.470000000e-01	5.748911212e+00	-8.644725176e-02	9.425964878e-12
-2.480000000e-01	5.748936193e+00	-8.702681928e-02	4.379421414e-11
-2.490000000e-01	5.748961232e+00	-8.760638245e-02	1.558409154e-11
-2.500000000e-01	5.748986330e+00	-8.818594128e-02	1.915727877e-11
-2.510000000e-01	5.749011485e+00	-8.876549573e-02	1.671155939e-11
-2.520000000e-01	5.749036699e+00	-8.934504579e-02	3.907596329e-11
-2.530000000e-01	5.749061971e+00	-8.992459144e-02	1.538446040e-11
-2.540000000e-01	5.749087301e+00	-9.050413267e-02	1.337411120e-11
-2.550000000e-01	5.749112689e+00	-9.108366945e-02	1.332892223e-11
-2.560000000e-01	5.749138135e+00	-9.166320178e-02	1.026184666e-11
-2.570000000e-01	5.749163639e+00	-9.224272962e-02	1.891397160e-11
-2.580000000e-01	5.749189202e+00	-9.282225298e-02	5.870132978e-12
-2.590000000e-01	5.749214822e+00	-9.340177181e-02	1.138248449e-11
-2.600000000e-01	5.749240501e+00	-9.398128613e-02	1.947600499e-11
-2.610000000e-01	5.749266237e+00	-9.456079589e-02	1.171739169e-11
-2.620000000e-01	5.749292032e+00	-9.514030109e-02	9.501938722e-12
-2.630000000e-01	5.749317885e+00	-9.571980170e-02	1.766047502e-11
-2.640000000e-01	5.749343796e+00	-9.629929772e-02	1.849856832e-11
-2.650000000e-01	5.749369765e+00	-9.687878912e-02	2.026486679e-11
-2.660000000e-01	5.749395792e+00	-9.745827589e-02	1.832822178e-11
-2.670000000e-01	5.749421877e+00	-9.803775800e-02	6.849727792e-12
-2.680000000e-01	5.749448021e+00	-9.861723544e-02	9.862462431e-12
-2.690000000e-01	5.749474222e+00	-9.919670820e-02	7.293268265e-12
-2.700000000e-01	5.749500481e+00	-9.977617626e-02	1.728908668e-11
-2.710000000e-01	5.749526799e+00	-1.003556396e-01	6.419148588e-12
-2.720000000e-01	5.749553175e+00	-1.009350982e-01	1.700449301e-11
-2.730000000e-01	5.749579608e+00	-1.015145520e-01	8.532543475e-12
-2.740000000e-01	5.749606100e+00	-1.020940011e-01	1.142205901e-11
-2.750000000e-01	5.749632650e+00	-1.026734454e-01	1.195724972e-11
-2.760000000e-01	5.749659258e+00	-1.032528848e-01	1.068149305e-11
-2.770000000e-01	5.749685924e+00	-1.038323195e-01	2.079007711e-11
-2.780000000e-01	5.749712648e+00	-1.044117493e-01	1.132361932e-11
-2.790000000e-01	5.749739430e+00	-1.049911742e-01	1.524421772e-11
-2.800000000e-01	5.749766270e+00	-1.055705942e-01	1.370254125e-11
-2.810000000e-01	5.749793168e+00	-1.061500094e-01	1.528937739e-11
-2.820000000e-01	5.749820124e+00	-1.067294197e-01	9.887871640e-12
-2.830000000e-01	5.749847138e+00	-1.073088250e-01	9.297042736e-12
-2.840000000e-01	5.749874211e+00	-1.078882253e-01	6.683815917e-12
-2.850000000e-01	5.749901341e+00	-1.084676207e-01	1.881851007e-11
-2.860000000e-01	5.749928529e+00	-1.090470112e-01	9.063623690e-12
-2.870000000e-01	5.749955776e+00	-1.096263966e-01	7.746395433e-12
-2.880000000e-01	5.749983080e+00	-1.102057770e-01	2.736663652e-11
-2.890000000e-01	5.750010443e+00	-1.107851524e-01	5.873710390e-12
-2.900000000e-01	5.750037863e+00	-1.113645227e-01	1.397127794e-11
-2.910000000e-01	5.750065342e+00	-1.119438879e-01	7.073074537e-12
-2.920000000e-01	5.750092878e+00	-1.125232481e-01	1.722003715e-11
-2.930000000e-01	5.750120473e+00	-1.131026032e-01	1.737851578e-11
-2.940000000e-01	5.750148125e+00	-1.136819531e-01	5.518422098e-11
-2.950000000e-01	5.750175836e+00	-1.142612979e-01	7.290441204e-12
-2.960000000e-01	5.750203605e+00	-1.148406375e-01	6.339333572e-12
-2.970000000e-01	5.750231431e+00	-1.154199720e-01	1.126462460e-11
-2.980000000e-01	5.750259316e+00	-1.159993013e-01	1.211017294e-11
-2.990000000e-01	5.750287259e+00	-1.165786254e-01	1.378320178e-11
-3.000000000e-01	5.750315259e+00	-1.171579442e-01	2.170455058e-11
