# epsi_ci     Re(Lambda)      Im(Lambda)      Eq(det), R = 0.10 $\mu$m, $E_p$ = 0.300 eV, modo = 3, $\epsilon_\infty$ = 3.9, $\gamma_{DL}$ = 0.01 eV, solve_det_sinkz_vs_mu.py
0.000000000e+00	6.618224487e+00	1.012728104e-01	1.164517080e-11
-1.000000000e-03	6.618242623e+00	1.006092851e-01	1.636812942e-11
-2.000000000e-03	6.618260825e+00	9.994575969e-02	9.503055489e-12
-3.000000000e-03	6.618279094e+00	9.928223428e-02	1.729412962e-11
-4.000000000e-03	6.618297429e+00	9.861870884e-02	1.617453341e-11
-5.000000000e-03	6.618315830e+00	9.795518341e-02	1.594570538e-11
-6.000000000e-03	6.618334297e+00	9.729165799e-02	1.166481847e-11
-7.000000000e-03	6.618352830e+00	9.662813261e-02	6.363984629e-12
-8.000000000e-03	6.618371430e+00	9.596460730e-02	1.483079188e-11
-9.000000000e-03	6.618390096e+00	9.530108206e-02	1.070227032e-11
-1.000000000e-02	6.618408829e+00	9.463755692e-02	8.795307002e-12
-1.100000000e-02	6.618427627e+00	9.397403190e-02	7.187469923e-12
-1.200000000e-02	6.618446492e+00	9.331050701e-02	9.746385207e-12
-1.300000000e-02	6.618465423e+00	9.264698229e-02	1.126067171e-11
-1.400000000e-02	6.618484420e+00	9.198345774e-02	1.212598247e-11
-1.500000000e-02	6.618503484e+00	9.131993339e-02	2.288052875e-11
-1.600000000e-02	6.618522614e+00	9.065640926e-02	8.543502348e-12
-1.700000000e-02	6.618541810e+00	8.999288537e-02	1.878734763e-11
-1.800000000e-02	6.618561073e+00	8.932936173e-02	7.030215055e-12
-1.900000000e-02	6.618580401e+00	8.866583838e-02	1.251326724e-11
-2.000000000e-02	6.618599796e+00	8.800231532e-02	5.214423118e-12
-2.100000000e-02	6.618619257e+00	8.733879257e-02	1.992264663e-11
-2.200000000e-02	6.618638785e+00	8.667527017e-02	1.770861125e-11
-2.300000000e-02	6.618658379e+00	8.601174812e-02	9.393462666e-12
-2.400000000e-02	6.618678039e+00	8.534822645e-02	4.844704448e-12
-2.500000000e-02	6.618697765e+00	8.468470518e-02	1.161474845e-11
-2.600000000e-02	6.618717557e+00	8.402118431e-02	1.189467922e-11
-2.700000000e-02	6.618737416e+00	8.335766389e-02	8.430698549e-12
-2.800000000e-02	6.618757341e+00	8.269414393e-02	9.180103809e-12
-2.900000000e-02	6.618777332e+00	8.203062444e-02	1.253572316e-11
-3.000000000e-02	6.618797390e+00	8.136710544e-02	9.521510842e-12
-3.100000000e-02	6.618817514e+00	8.070358697e-02	1.071850516e-11
-3.200000000e-02	6.618837704e+00	8.004006902e-02	1.235902467e-11
-3.300000000e-02	6.618857960e+00	7.937655163e-02	1.147827519e-11
-3.400000000e-02	6.618878283e+00	7.871303482e-02	9.849332540e-12
-3.500000000e-02	6.618898672e+00	7.804951860e-02	8.314041461e-12
-3.600000000e-02	6.618919127e+00	7.738600300e-02	1.513919280e-11
-3.700000000e-02	6.618939648e+00	7.672248804e-02	7.591289404e-12
-3.800000000e-02	6.618960236e+00	7.605897372e-02	1.062692764e-11
-3.900000000e-02	6.618980890e+00	7.539546009e-02	1.021502423e-11
-4.000000000e-02	6.619001610e+00	7.473194714e-02	1.205046139e-11
-4.100000000e-02	6.619022396e+00	7.406843491e-02	7.212474513e-12
-4.200000000e-02	6.619043249e+00	7.340492342e-02	7.759076326e-12
-4.300000000e-02	6.619064168e+00	7.274141268e-02	1.496744887e-11
-4.400000000e-02	6.619085153e+00	7.207790271e-02	1.010081168e-11
-4.500000000e-02	6.619106204e+00	7.141439354e-02	2.756285027e-11
-4.600000000e-02	6.619127322e+00	7.075088518e-02	1.683847732e-11
-4.700000000e-02	6.619148506e+00	7.008737765e-02	2.572940296e-11
-4.800000000e-02	6.619169756e+00	6.942387098e-02	5.500397938e-12
-4.900000000e-02	6.619191073e+00	6.876036518e-02	9.360597563e-12
-5.000000000e-02	6.619212455e+00	6.809686028e-02	2.911799577e-11
-5.100000000e-02	6.619233904e+00	6.743335628e-02	9.072135567e-12
-5.200000000e-02	6.619255420e+00	6.676985322e-02	1.071893595e-11
-5.300000000e-02	6.619277001e+00	6.610635111e-02	1.268694781e-11
-5.400000000e-02	6.619298649e+00	6.544284997e-02	1.642758787e-11
-5.500000000e-02	6.619320363e+00	6.477934983e-02	3.839616200e-11
-5.600000000e-02	6.619342143e+00	6.411585069e-02	1.121765262e-11
-5.700000000e-02	6.619363989e+00	6.345235260e-02	1.794924868e-11
-5.800000000e-02	6.619385902e+00	6.278885555e-02	2.667929971e-11
-5.900000000e-02	6.619407881e+00	6.212535957e-02	1.762521249e-11
-6.000000000e-02	6.619429926e+00	6.146186468e-02	1.803769452e-11
-6.100000000e-02	6.619452038e+00	6.079837091e-02	9.264047667e-12
-6.200000000e-02	6.619474216e+00	6.013487826e-02	2.271199642e-11
-6.300000000e-02	6.619496459e+00	5.947138677e-02	2.704082428e-11
-6.400000000e-02	6.619518770e+00	5.880789645e-02	1.451968301e-11
-6.500000000e-02	6.619541146e+00	5.814440731e-02	1.764573572e-11
-6.600000000e-02	6.619563589e+00	5.748091940e-02	9.854066551e-12
-6.700000000e-02	6.619586098e+00	5.681743270e-02	1.189394405e-11
-6.800000000e-02	6.619608673e+00	5.615394726e-02	1.025870140e-11
-6.900000000e-02	6.619631314e+00	5.549046309e-02	8.096432817e-12
-7.000000000e-02	6.619654022e+00	5.482698021e-02	8.258243125e-12
-7.100000000e-02	6.619676796e+00	5.416349864e-02	8.496397339e-12
-7.200000000e-02	6.619699636e+00	5.350001840e-02	1.222981698e-11
-7.300000000e-02	6.619722543e+00	5.283653951e-02	2.792909317e-11
-7.400000000e-02	6.619745515e+00	5.217306198e-02	1.532709161e-11
-7.500000000e-02	6.619768554e+00	5.150958585e-02	1.212978106e-11
-7.600000000e-02	6.619791659e+00	5.084611113e-02	1.159414041e-11
-7.700000000e-02	6.619814831e+00	5.018263783e-02	1.547616896e-11
-7.800000000e-02	6.619838068e+00	4.951916598e-02	1.078270382e-11
-7.900000000e-02	6.619861372e+00	4.885569560e-02	1.175802448e-11
-8.000000000e-02	6.619884742e+00	4.819222671e-02	1.154882124e-11
-8.100000000e-02	6.619908178e+00	4.752875933e-02	7.469274110e-12
-8.200000000e-02	6.619931681e+00	4.686529347e-02	1.427716096e-11
-8.300000000e-02	6.619955250e+00	4.620182916e-02	9.935296960e-12
-8.400000000e-02	6.619978885e+00	4.553836642e-02	1.050091803e-11
-8.500000000e-02	6.620002586e+00	4.487490527e-02	1.607302584e-11
-8.600000000e-02	6.620026353e+00	4.421144573e-02	5.080977256e-12
-8.700000000e-02	6.620050187e+00	4.354798781e-02	8.988334874e-12
-8.800000000e-02	6.620074087e+00	4.288453154e-02	1.253003864e-11
-8.900000000e-02	6.620098053e+00	4.222107693e-02	1.358254992e-11
-9.000000000e-02	6.620122086e+00	4.155762401e-02	7.440664915e-12
-9.100000000e-02	6.620146184e+00	4.089417280e-02	1.006255287e-11
-9.200000000e-02	6.620170349e+00	4.023072331e-02	4.044121225e-11
-9.300000000e-02	6.620194580e+00	3.956727557e-02	2.004390915e-11
-9.400000000e-02	6.620218877e+00	3.890382960e-02	1.342559308e-11
-9.500000000e-02	6.620243241e+00	3.824038542e-02	7.294917836e-12
-9.600000000e-02	6.620267671e+00	3.757694303e-02	1.493959889e-11
-9.700000000e-02	6.620292167e+00	3.691350247e-02	2.163421494e-11
-9.800000000e-02	6.620316729e+00	3.625006376e-02	1.573823873e-11
-9.900000000e-02	6.620341357e+00	3.558662692e-02	1.237125079e-11
-1.000000000e-01	6.620366052e+00	3.492319196e-02	2.799909521e-11
-1.010000000e-01	6.620390813e+00	3.425975890e-02	1.277355125e-11
-1.020000000e-01	6.620415640e+00	3.359632777e-02	2.563797023e-11
-1.030000000e-01	6.620440533e+00	3.293289857e-02	2.257178364e-11
-1.040000000e-01	6.620465493e+00	3.226947135e-02	5.602834441e-12
-1.050000000e-01	6.620490518e+00	3.160604611e-02	2.503602615e-11
-1.060000000e-01	6.620515610e+00	3.094262288e-02	1.582747169e-11
-1.070000000e-01	6.620540768e+00	3.027920166e-02	1.183948283e-11
-1.080000000e-01	6.620565993e+00	2.961578249e-02	1.123391032e-11
-1.090000000e-01	6.620591283e+00	2.895236538e-02	1.016781865e-11
-1.100000000e-01	6.620616640e+00	2.828895037e-02	3.590880194e-11
-1.110000000e-01	6.620642063e+00	2.762553744e-02	4.577567894e-11
-1.120000000e-01	6.620667552e+00	2.696212664e-02	6.101485394e-12
-1.130000000e-01	6.620693107e+00	2.629871799e-02	1.023003912e-11
-1.140000000e-01	6.620718729e+00	2.563531149e-02	8.621643023e-12
-1.150000000e-01	6.620744417e+00	2.497190718e-02	2.357883833e-11
-1.160000000e-01	6.620770171e+00	2.430850508e-02	1.993821128e-11
-1.170000000e-01	6.620795991e+00	2.364510519e-02	3.391507907e-11
-1.180000000e-01	6.620821877e+00	2.298170754e-02	2.124175985e-11
-1.190000000e-01	6.620847830e+00	2.231831216e-02	2.225685211e-11
-1.200000000e-01	6.620873849e+00	2.165491906e-02	1.302550083e-11
-1.210000000e-01	6.620899934e+00	2.099152825e-02	1.306303838e-11
-1.220000000e-01	6.620926085e+00	2.032813977e-02	2.463482481e-11
-1.230000000e-01	6.620952302e+00	1.966475363e-02	2.879184118e-11
-1.240000000e-01	6.620978586e+00	1.900136985e-02	8.425723779e-12
-1.250000000e-01	6.621004936e+00	1.833798845e-02	7.210806212e-12
-1.260000000e-01	6.621031352e+00	1.767460945e-02	1.186403965e-11
-1.270000000e-01	6.621057834e+00	1.701123287e-02	1.112965387e-11
-1.280000000e-01	6.621084382e+00	1.634785873e-02	9.797475636e-12
-1.290000000e-01	6.621110997e+00	1.568448705e-02	1.383706552e-11
-1.300000000e-01	6.621137678e+00	1.502111785e-02	1.086005472e-11
-1.310000000e-01	6.621164425e+00	1.435775115e-02	1.660553251e-11
-1.320000000e-01	6.621191238e+00	1.369438696e-02	9.509810762e-12
-1.330000000e-01	6.621218117e+00	1.303102532e-02	1.159680590e-11
-1.340000000e-01	6.621245062e+00	1.236766623e-02	1.474771660e-11
-1.350000000e-01	6.621272074e+00	1.170430972e-02	2.056218571e-11
-1.360000000e-01	6.621299152e+00	1.104095581e-02	3.580986586e-11
-1.370000000e-01	6.621326296e+00	1.037760452e-02	4.311741398e-12
-1.380000000e-01	6.621353506e+00	9.714255863e-03	8.059672200e-12
-1.390000000e-01	6.621380782e+00	9.050909867e-03	1.303834453e-11
-1.400000000e-01	6.621408125e+00	8.387566550e-03	2.864300253e-11
-1.410000000e-01	6.621435534e+00	7.724225924e-03	1.292230011e-11
-1.420000000e-01	6.621463008e+00	7.060888017e-03	2.854557017e-11
-1.430000000e-01	6.621490549e+00	6.397552848e-03	1.126661000e-11
-1.440000000e-01	6.621518157e+00	5.734220433e-03	1.067259734e-11
-1.450000000e-01	6.621545830e+00	5.070890797e-03	1.740892795e-11
-1.460000000e-01	6.621573570e+00	4.407563956e-03	8.973669343e-12
-1.470000000e-01	6.621601375e+00	3.744239931e-03	3.913835133e-11
-1.480000000e-01	6.621629247e+00	3.080918740e-03	1.266273789e-11
-1.490000000e-01	6.621657185e+00	2.417600405e-03	1.201279224e-11
-1.500000000e-01	6.621685189e+00	1.754284945e-03	1.179620684e-11
-1.510000000e-01	6.621713260e+00	1.090972379e-03	2.088808981e-11
-1.520000000e-01	6.621741396e+00	4.276627320e-04	1.368981527e-11
-1.530000000e-01	6.621769599e+00	-2.356439853e-04	2.035808823e-11
-1.540000000e-01	6.621797868e+00	-8.989477447e-04	1.196236317e-11
-1.550000000e-01	6.621826203e+00	-1.562248532e-03	6.538042483e-12
-1.560000000e-01	6.621854604e+00	-2.225546327e-03	2.575128506e-11
-1.570000000e-01	6.621883071e+00	-2.888841106e-03	2.724183048e-11
-1.580000000e-01	6.621911605e+00	-3.552132852e-03	9.913517135e-12
-1.590000000e-01	6.621940204e+00	-4.215421544e-03	6.641859510e-12
-1.600000000e-01	6.621968870e+00	-4.878707163e-03	1.744892866e-11
-1.610000000e-01	6.621997602e+00	-5.541989694e-03	1.436866226e-11
-1.620000000e-01	6.622026400e+00	-6.205269106e-03	2.472054854e-11
-1.630000000e-01	6.622055264e+00	-6.868545391e-03	1.695835009e-11
-1.640000000e-01	6.622084194e+00	-7.531818521e-03	2.668688942e-11
-1.650000000e-01	6.622113191e+00	-8.195088480e-03	6.864148279e-12
-1.660000000e-01	6.622142253e+00	-8.858355246e-03	2.399431218e-11
-1.670000000e-01	6.622171382e+00	-9.521618806e-03	1.097114736e-11
-1.680000000e-01	6.622200577e+00	-1.018487913e-02	3.947273836e-11
-1.690000000e-01	6.622229838e+00	-1.084813621e-02	1.069499341e-11
-1.700000000e-01	6.622259165e+00	-1.151139001e-02	9.510807457e-12
-1.710000000e-01	6.622288558e+00	-1.217464052e-02	1.308154058e-11
-1.720000000e-01	6.622318017e+00	-1.283788772e-02	3.270289637e-11
-1.730000000e-01	6.622347543e+00	-1.350113160e-02	7.085709865e-12
-1.740000000e-01	6.622377134e+00	-1.416437212e-02	1.432138205e-11
-1.750000000e-01	6.622406792e+00	-1.482760928e-02	1.448633376e-11
-1.760000000e-01	6.622436516e+00	-1.549084304e-02	9.664678083e-12
-1.770000000e-01	6.622466306e+00	-1.615407340e-02	7.313708717e-12
-1.780000000e-01	6.622496162e+00	-1.681730033e-02	7.791958183e-12
-1.790000000e-01	6.622526084e+00	-1.748052381e-02	9.702831649e-12
-1.800000000e-01	6.622556072e+00	-1.814374382e-02	1.105579242e-11
-1.810000000e-01	6.622586127e+00	-1.880696034e-02	1.210565463e-11
-1.820000000e-01	6.622616247e+00	-1.947017336e-02	9.216780037e-12
-1.830000000e-01	6.622646434e+00	-2.013338284e-02	1.580003621e-11
-1.840000000e-01	6.622676687e+00	-2.079658879e-02	2.752902620e-11
-1.850000000e-01	6.622707006e+00	-2.145979116e-02	9.400930391e-12
-1.860000000e-01	6.622737391e+00	-2.212298995e-02	2.021405716e-11
-1.870000000e-01	6.622767842e+00	-2.278618513e-02	7.082128795e-12
-1.880000000e-01	6.622798359e+00	-2.344937668e-02	2.129681653e-11
-1.890000000e-01	6.622828942e+00	-2.411256459e-02	9.194305468e-12
-1.900000000e-01	6.622859591e+00	-2.477574884e-02	1.312619199e-11
-1.910000000e-01	6.622890307e+00	-2.543892939e-02	1.066540318e-11
-1.920000000e-01	6.622921088e+00	-2.610210625e-02	7.503631898e-12
-1.930000000e-01	6.622951936e+00	-2.676527937e-02	1.511841722e-11
-1.940000000e-01	6.622982850e+00	-2.742844876e-02	1.575039377e-11
-1.950000000e-01	6.623013829e+00	-2.809161438e-02	8.281195738e-12
-1.960000000e-01	6.623044875e+00	-2.875477621e-02	1.472667989e-11
-1.970000000e-01	6.623075987e+00	-2.941793424e-02	7.697249556e-12
-1.980000000e-01	6.623107165e+00	-3.008108845e-02	2.183683140e-11
-1.990000000e-01	6.623138409e+00	-3.074423882e-02	8.452622825e-12
-2.000000000e-01	6.623169719e+00	-3.140738532e-02	5.155098313e-11
-2.010000000e-01	6.623201096e+00	-3.207052794e-02	1.238905730e-11
-2.020000000e-01	6.623232538e+00	-3.273366666e-02	1.679299880e-11
-2.030000000e-01	6.623264046e+00	-3.339680145e-02	2.630566078e-11
-2.040000000e-01	6.623295621e+00	-3.405993230e-02	1.002146679e-11
-2.050000000e-01	6.623327262e+00	-3.472305920e-02	1.248942466e-11
-2.060000000e-01	6.623358968e+00	-3.538618210e-02	7.187679361e-12
-2.070000000e-01	6.623390741e+00	-3.604930101e-02	3.315175417e-11
-2.080000000e-01	6.623422580e+00	-3.671241590e-02	1.792596667e-11
-2.090000000e-01	6.623454484e+00	-3.737552675e-02	1.350472218e-11
-2.100000000e-01	6.623486455e+00	-3.803863354e-02	9.567798336e-12
-2.110000000e-01	6.623518492e+00	-3.870173624e-02	3.937079711e-11
-2.120000000e-01	6.623550595e+00	-3.936483486e-02	1.808407656e-11
-2.130000000e-01	6.623582764e+00	-4.002792934e-02	9.884403977e-12
-2.140000000e-01	6.623614999e+00	-4.069101969e-02	1.173668609e-11
-2.150000000e-01	6.623647300e+00	-4.135410589e-02	8.139992164e-12
-2.160000000e-01	6.623679667e+00	-4.201718790e-02	9.134036379e-12
-2.170000000e-01	6.623712101e+00	-4.268026571e-02	7.556625805e-12
-2.180000000e-01	6.623744600e+00	-4.334333931e-02	1.997194325e-11
-2.190000000e-01	6.623777165e+00	-4.400640867e-02	1.285245965e-11
-2.200000000e-01	6.623809796e+00	-4.466947377e-02	1.123572451e-11
-2.210000000e-01	6.623842494e+00	-4.533253460e-02	1.136473640e-11
-2.220000000e-01	6.623875257e+00	-4.599559113e-02	7.015923673e-12
-2.230000000e-01	6.623908086e+00	-4.665864334e-02	7.442694273e-12
-2.240000000e-01	6.623940982e+00	-4.732169122e-02	1.527815841e-11
-2.250000000e-01	6.623973943e+00	-4.798473474e-02	1.750585761e-11
-2.260000000e-01	6.624006971e+00	-4.864777389e-02	2.154842142e-11
-2.270000000e-01	6.624040064e+00	-4.931080863e-02	1.442878670e-11
-2.280000000e-01	6.624073224e+00	-4.997383897e-02	2.341282760e-11
-2.290000000e-01	6.624106449e+00	-5.063686487e-02	1.247432696e-11
-2.300000000e-01	6.624139741e+00	-5.129988632e-02	7.966172028e-12
-2.310000000e-01	6.624173099e+00	-5.196290330e-02	1.869505402e-11
-2.320000000e-01	6.624206522e+00	-5.262591578e-02	1.047870056e-11
-2.330000000e-01	6.624240012e+00	-5.328892375e-02	9.598773764e-12
-2.340000000e-01	6.624273567e+00	-5.395192718e-02	6.403242628e-12
-2.350000000e-01	6.624307189e+00	-5.461492606e-02	1.364270505e-11
-2.360000000e-01	6.624340877e+00	-5.527792037e-02	8.487121890e-12
-2.370000000e-01	6.624374630e+00	-5.594091009e-02	7.831731732e-12
-2.380000000e-01	6.624408450e+00	-5.660389519e-02	1.513338840e-11
-2.390000000e-01	6.624442335e+00	-5.726687567e-02	2.199970380e-11
-2.400000000e-01	6.624476287e+00	-5.792985150e-02	1.113686642e-11
-2.410000000e-01	6.624510304e+00	-5.859282265e-02	1.264364629e-11
-2.420000000e-01	6.624544388e+00	-5.925578911e-02	1.884404440e-11
-2.430000000e-01	6.624578538e+00	-5.991875087e-02	2.220439785e-11
-2.440000000e-01	6.624612753e+00	-6.058170789e-02	1.072441853e-11
-2.450000000e-01	6.624647035e+00	-6.124466016e-02	2.527178754e-11
-2.460000000e-01	6.624681382e+00	-6.190760767e-02	6.945398166e-12
-2.470000000e-01	6.624715796e+00	-6.257055039e-02	1.061823820e-11
-2.480000000e-01	6.624750275e+00	-6.323348830e-02	2.439279622e-11
-2.490000000e-01	6.624784820e+00	-6.389642139e-02	1.725390395e-11
-2.500000000e-01	6.624819432e+00	-6.455934962e-02	2.483003140e-11
-2.510000000e-01	6.624854109e+00	-6.522227299e-02	6.628278893e-12
-2.520000000e-01	6.624888852e+00	-6.588519147e-02	3.948687891e-11
-2.530000000e-01	6.624923662e+00	-6.654810504e-02	1.317286380e-11
-2.540000000e-01	6.624958537e+00	-6.721101369e-02	1.778366585e-11
-2.550000000e-01	6.624993478e+00	-6.787391739e-02	3.621465887e-11
-2.560000000e-01	6.625028485e+00	-6.853681613e-02	7.910156800e-12
-2.570000000e-01	6.625063558e+00	-6.919970988e-02	1.241026179e-11
-2.580000000e-01	6.625098697e+00	-6.986259863e-02	1.704174023e-11
-2.590000000e-01	6.625133902e+00	-7.052548235e-02	7.337293293e-12
-2.600000000e-01	6.625169173e+00	-7.118836104e-02	9.190030009e-12
-2.610000000e-01	6.625204510e+00	-7.185123465e-02	1.882609780e-11
-2.620000000e-01	6.625239913e+00	-7.251410319e-02	1.148201160e-11
-2.630000000e-01	6.625275382e+00	-7.317696662e-02	1.677814080e-11
-2.640000000e-01	6.625310916e+00	-7.383982492e-02	1.521301514e-11
-2.650000000e-01	6.625346517e+00	-7.450267809e-02	2.353226154e-11
-2.660000000e-01	6.625382184e+00	-7.516552609e-02	9.228524026e-12
-2.670000000e-01	6.625417916e+00	-7.582836892e-02	7.538223635e-12
-2.680000000e-01	6.625453714e+00	-7.649120654e-02	1.260961800e-11
-2.690000000e-01	6.625489579e+00	-7.715403894e-02	9.657179276e-12
-2.700000000e-01	6.625525509e+00	-7.781686610e-02	6.112695607e-12
-2.710000000e-01	6.625561505e+00	-7.847968800e-02	9.390292553e-12
-2.720000000e-01	6.625597567e+00	-7.914250463e-02	1.210108410e-11
-2.730000000e-01	6.625633695e+00	-7.980531595e-02	7.167460744e-12
-2.740000000e-01	6.625669889e+00	-8.046812195e-02	4.417096289e-11
-2.750000000e-01	6.625706149e+00	-8.113092262e-02	1.119960393e-11
-2.760000000e-01	6.625742475e+00	-8.179371793e-02	1.229376837e-11
-2.770000000e-01	6.625778866e+00	-8.245650786e-02	2.825922759e-11
-2.780000000e-01	6.625815324e+00	-8.311929240e-02	1.119188430e-11
-2.790000000e-01	6.625851847e+00	-8.378207151e-02	1.549723715e-11
-2.800000000e-01	6.625888436e+00	-8.444484520e-02	1.005406161e-11
-2.810000000e-01	6.625925092e+00	-8.510761342e-02	2.031462843e-11
-2.820000000e-01	6.625961813e+00	-8.577037617e-02	7.483368872e-12
-2.830000000e-01	6.625998600e+00	-8.643313343e-02	5.524789620e-12
-2.840000000e-01	6.626035452e+00	-8.709588517e-02	1.524357710e-11
-2.850000000e-01	6.626072371e+00	-8.775863138e-02	1.294622717e-11
-2.860000000e-01	6.626109356e+00	-8.842137203e-02	1.034770815e-11
-2.870000000e-01	6.626146406e+00	-8.908410711e-02	8.732595519e-12
-2.880000000e-01	6.626183522e+00	-8.974683660e-02	9.985832365e-12
-2.890000000e-01	6.626220705e+00	-9.040956047e-02	8.653357705e-12
-2.900000000e-01	6.626257953e+00	-9.107227871e-02	1.869518627e-11
-2.910000000e-01	6.626295267e+00	-9.173499131e-02	4.579072237e-12
-2.920000000e-01	6.626332646e+00	-9.239769823e-02	9.592024988e-12
-2.930000000e-01	6.626370092e+00	-9.306039946e-02	1.661634705e-11
-2.940000000e-01	6.626407603e+00	-9.372309497e-02	1.079600598e-11
-2.950000000e-01	6.626445181e+00	-9.438578476e-02	3.268825511e-11
-2.960000000e-01	6.626482824e+00	-9.504846880e-02	8.762560916e-12
-2.970000000e-01	6.626520533e+00	-9.571114707e-02	1.473920451e-11
-2.980000000e-01	6.626558308e+00	-9.637381955e-02	1.174329373e-11
-2.990000000e-01	6.626596149e+00	-9.703648623e-02	1.220545861e-11
-3.000000000e-01	6.626634055e+00	-9.769914707e-02	1.662005934e-11
