# epsi_ci     Re(Lambda)      Im(Lambda)      Eq(det), R = 0.10 $\mu$m, $E_p$ = 0.300 eV, modo = 3, $\epsilon_\infty$ = 3.9, $\gamma_{DL}$ = 0.01 eV, solve_det_sinkz_vs_mu.py
0.000000000e+00	6.930544101e+00	1.228744040e-01	2.045805714e-11
-1.000000000e-03	6.930565610e+00	1.221822957e-01	2.030387077e-11
-2.000000000e-03	6.930587187e+00	1.214901872e-01	1.763976562e-11
-3.000000000e-03	6.930608834e+00	1.207980787e-01	1.672061854e-11
-4.000000000e-03	6.930630549e+00	1.201059702e-01	1.221495442e-11
-5.000000000e-03	6.930652333e+00	1.194138615e-01	8.992879429e-12
-6.000000000e-03	6.930674186e+00	1.187217529e-01	1.320374261e-11
-7.000000000e-03	6.930696108e+00	1.180296442e-01	1.490996141e-11
-8.000000000e-03	6.930718099e+00	1.173375355e-01	1.157056587e-11
-9.000000000e-03	6.930740158e+00	1.166454269e-01	1.071380249e-11
-1.000000000e-02	6.930762286e+00	1.159533183e-01	1.257797695e-11
-1.100000000e-02	6.930784483e+00	1.152612098e-01	2.715837478e-11
-1.200000000e-02	6.930806749e+00	1.145691014e-01	5.945971900e-12
-1.300000000e-02	6.930829084e+00	1.138769930e-01	2.103174220e-11
-1.400000000e-02	6.930851487e+00	1.131848849e-01	2.294199856e-11
-1.500000000e-02	6.930873960e+00	1.124927768e-01	1.410278897e-11
-1.600000000e-02	6.930896501e+00	1.118006690e-01	1.107222530e-11
-1.700000000e-02	6.930919111e+00	1.111085613e-01	7.799834837e-12
-1.800000000e-02	6.930941789e+00	1.104164539e-01	1.062735006e-11
-1.900000000e-02	6.930964537e+00	1.097243467e-01	4.248239448e-12
-2.000000000e-02	6.930987353e+00	1.090322397e-01	1.366751355e-11
-2.100000000e-02	6.931010238e+00	1.083401330e-01	2.755761137e-11
-2.200000000e-02	6.931033192e+00	1.076480267e-01	7.674433817e-12
-2.300000000e-02	6.931056215e+00	1.069559206e-01	7.607697213e-12
-2.400000000e-02	6.931079307e+00	1.062638149e-01	8.625017086e-12
-2.500000000e-02	6.931102467e+00	1.055717095e-01	2.705517017e-11
-2.600000000e-02	6.931125696e+00	1.048796045e-01	7.536315370e-12
-2.700000000e-02	6.931148994e+00	1.041874999e-01	1.177960285e-11
-2.800000000e-02	6.931172361e+00	1.034953957e-01	1.927764255e-11
-2.900000000e-02	6.931195797e+00	1.028032920e-01	1.618686283e-11
-3.000000000e-02	6.931219301e+00	1.021111887e-01	1.204643609e-11
-3.100000000e-02	6.931242875e+00	1.014190860e-01	1.064850087e-11
-3.200000000e-02	6.931266517e+00	1.007269837e-01	1.089139575e-11
-3.300000000e-02	6.931290228e+00	1.000348819e-01	9.079172682e-12
-3.400000000e-02	6.931314007e+00	9.934278068e-02	1.634750601e-11
-3.500000000e-02	6.931337856e+00	9.865068002e-02	1.387766880e-11
-3.600000000e-02	6.931361773e+00	9.795857995e-02	1.521480618e-11
-3.700000000e-02	6.931385759e+00	9.726648048e-02	7.359287683e-12
-3.800000000e-02	6.931409814e+00	9.657438163e-02	1.430464138e-11
-3.900000000e-02	6.931433938e+00	9.588228343e-02	1.961735879e-11
-4.000000000e-02	6.931458130e+00	9.519018590e-02	1.470261545e-11
-4.100000000e-02	6.931482392e+00	9.449808905e-02	8.780432536e-12
-4.200000000e-02	6.931506722e+00	9.380599291e-02	1.026050775e-11
-4.300000000e-02	6.931531121e+00	9.311389750e-02	1.460353411e-11
-4.400000000e-02	6.931555589e+00	9.242180283e-02	4.544133655e-12
-4.500000000e-02	6.931580125e+00	9.172970894e-02	9.813451107e-12
-4.600000000e-02	6.931604730e+00	9.103761583e-02	1.656731607e-11
-4.700000000e-02	6.931629405e+00	9.034552353e-02	1.461432706e-11
-4.800000000e-02	6.931654148e+00	8.965343206e-02	8.102438485e-12
-4.900000000e-02	6.931678959e+00	8.896134144e-02	1.201468487e-11
-5.000000000e-02	6.931703840e+00	8.826925169e-02	1.318365383e-11
-5.100000000e-02	6.931728789e+00	8.757716284e-02	1.372425624e-11
-5.200000000e-02	6.931753808e+00	8.688507489e-02	1.227216805e-11
-5.300000000e-02	6.931778895e+00	8.619298788e-02	1.255282479e-11
-5.400000000e-02	6.931804050e+00	8.550090182e-02	1.043386580e-11
-5.500000000e-02	6.931829275e+00	8.480881674e-02	8.969021388e-12
-5.600000000e-02	6.931854568e+00	8.411673265e-02	1.129293897e-11
-5.700000000e-02	6.931879931e+00	8.342464957e-02	1.462614765e-11
-5.800000000e-02	6.931905362e+00	8.273256753e-02	1.442599480e-11
-5.900000000e-02	6.931930861e+00	8.204048655e-02	1.419185507e-11
-6.000000000e-02	6.931956430e+00	8.134840664e-02	7.102000053e-12
-6.100000000e-02	6.931982067e+00	8.065632783e-02	1.079200627e-11
-6.200000000e-02	6.932007774e+00	7.996425013e-02	5.518132493e-12
-6.300000000e-02	6.932033549e+00	7.927217357e-02	9.004751214e-12
-6.400000000e-02	6.932059392e+00	7.858009817e-02	1.540143156e-11
-6.500000000e-02	6.932085305e+00	7.788802395e-02	1.326729209e-11
-6.600000000e-02	6.932111286e+00	7.719595093e-02	1.383339038e-11
-6.700000000e-02	6.932137337e+00	7.650387912e-02	1.555898415e-11
-6.800000000e-02	6.932163456e+00	7.581180856e-02	1.322106071e-11
-6.900000000e-02	6.932189643e+00	7.511973926e-02	9.277379438e-12
-7.000000000e-02	6.932215900e+00	7.442767124e-02	1.581938465e-11
-7.100000000e-02	6.932242225e+00	7.373560452e-02	2.142120781e-11
-7.200000000e-02	6.932268619e+00	7.304353913e-02	2.873946031e-11
-7.300000000e-02	6.932295082e+00	7.235147507e-02	4.954204241e-12
-7.400000000e-02	6.932321614e+00	7.165941238e-02	1.249983671e-11
-7.500000000e-02	6.932348215e+00	7.096735107e-02	9.817834330e-12
-7.600000000e-02	6.932374884e+00	7.027529117e-02	1.742610872e-11
-7.700000000e-02	6.932401622e+00	6.958323269e-02	7.901205597e-12
-7.800000000e-02	6.932428429e+00	6.889117565e-02	1.355914350e-11
-7.900000000e-02	6.932455304e+00	6.819912009e-02	1.540189450e-11
-8.000000000e-02	6.932482249e+00	6.750706601e-02	2.643127009e-11
-8.100000000e-02	6.932509262e+00	6.681501343e-02	1.044686491e-11
-8.200000000e-02	6.932536344e+00	6.612296239e-02	1.175078948e-11
-8.300000000e-02	6.932563495e+00	6.543091288e-02	2.004118837e-11
-8.400000000e-02	6.932590715e+00	6.473886495e-02	1.054396835e-11
-8.500000000e-02	6.932618003e+00	6.404681861e-02	1.868855768e-11
-8.600000000e-02	6.932645360e+00	6.335477387e-02	2.958225142e-11
-8.700000000e-02	6.932672786e+00	6.266273077e-02	1.192329082e-11
-8.800000000e-02	6.932700281e+00	6.197068931e-02	6.642295274e-12
-8.900000000e-02	6.932727844e+00	6.127864953e-02	1.407067764e-11
-9.000000000e-02	6.932755477e+00	6.058661144e-02	2.680628964e-11
-9.100000000e-02	6.932783178e+00	5.989457506e-02	8.251959831e-12
-9.200000000e-02	6.932810947e+00	5.920254041e-02	1.334403584e-11
-9.300000000e-02	6.932838786e+00	5.851050751e-02	1.844631277e-11
-9.400000000e-02	6.932866693e+00	5.781847639e-02	2.617079908e-11
-9.500000000e-02	6.932894670e+00	5.712644706e-02	1.808998315e-11
-9.600000000e-02	6.932922715e+00	5.643441955e-02	1.198182923e-11
-9.700000000e-02	6.932950828e+00	5.574239386e-02	1.046907764e-11
-9.800000000e-02	6.932979011e+00	5.505037004e-02	8.822584855e-12
-9.900000000e-02	6.933007262e+00	5.435834808e-02	1.261167085e-11
-1.000000000e-01	6.933035582e+00	5.366632803e-02	1.199932937e-11
-1.010000000e-01	6.933063971e+00	5.297430989e-02	1.805232789e-11
-1.020000000e-01	6.933092428e+00	5.228229369e-02	7.810867301e-12
-1.030000000e-01	6.933120955e+00	5.159027945e-02	5.830605793e-12
-1.040000000e-01	6.933149550e+00	5.089826719e-02	8.167370563e-12
-1.050000000e-01	6.933178214e+00	5.020625692e-02	6.600764115e-12
-1.060000000e-01	6.933206946e+00	4.951424867e-02	9.616700993e-12
-1.070000000e-01	6.933235748e+00	4.882224246e-02	1.408043673e-11
-1.080000000e-01	6.933264618e+00	4.813023831e-02	4.069514212e-12
-1.090000000e-01	6.933293557e+00	4.743823625e-02	2.497426894e-11
-1.100000000e-01	6.933322564e+00	4.674623628e-02	1.154498633e-11
-1.110000000e-01	6.933351641e+00	4.605423843e-02	9.518341346e-12
-1.120000000e-01	6.933380786e+00	4.536224272e-02	1.660973185e-11
-1.130000000e-01	6.933410000e+00	4.467024919e-02	1.617357817e-11
-1.140000000e-01	6.933439282e+00	4.397825782e-02	1.204025331e-11
-1.150000000e-01	6.933468634e+00	4.328626866e-02	2.974178386e-11
-1.160000000e-01	6.933498054e+00	4.259428174e-02	2.308115765e-11
-1.170000000e-01	6.933527543e+00	4.190229705e-02	4.245835733e-12
-1.180000000e-01	6.933557101e+00	4.121031462e-02	1.690605222e-11
-1.190000000e-01	6.933586727e+00	4.051833449e-02	1.059591354e-11
-1.200000000e-01	6.933616422e+00	3.982635666e-02	1.391550728e-11
-1.210000000e-01	6.933646186e+00	3.913438115e-02	4.653270648e-12
-1.220000000e-01	6.933676019e+00	3.844240799e-02	1.347467139e-11
-1.230000000e-01	6.933705920e+00	3.775043720e-02	1.743718630e-11
-1.240000000e-01	6.933735891e+00	3.705846879e-02	1.190292442e-11
-1.250000000e-01	6.933765930e+00	3.636650279e-02	1.862138406e-11
-1.260000000e-01	6.933796037e+00	3.567453923e-02	1.182673123e-11
-1.270000000e-01	6.933826214e+00	3.498257811e-02	9.787652643e-12
-1.280000000e-01	6.933856459e+00	3.429061946e-02	1.128371765e-11
-1.290000000e-01	6.933886773e+00	3.359866330e-02	9.515132382e-12
-1.300000000e-01	6.933917155e+00	3.290670965e-02	2.243210223e-11
-1.310000000e-01	6.933947607e+00	3.221475853e-02	5.846024910e-12
-1.320000000e-01	6.933978127e+00	3.152280996e-02	5.226970999e-12
-1.330000000e-01	6.934008716e+00	3.083086396e-02	1.902437438e-11
-1.340000000e-01	6.934039373e+00	3.013892056e-02	8.001330211e-12
-1.350000000e-01	6.934070100e+00	2.944697977e-02	1.134155633e-11
-1.360000000e-01	6.934100895e+00	2.875504161e-02	7.817438798e-12
-1.370000000e-01	6.934131758e+00	2.806310611e-02	1.142278442e-11
-1.380000000e-01	6.934162691e+00	2.737117327e-02	1.454590794e-11
-1.390000000e-01	6.934193692e+00	2.667924314e-02	8.005844867e-12
-1.400000000e-01	6.934224762e+00	2.598731572e-02	9.648384886e-12
-1.410000000e-01	6.934255901e+00	2.529539103e-02	2.390053061e-11
-1.420000000e-01	6.934287108e+00	2.460346910e-02	1.376001314e-11
-1.430000000e-01	6.934318384e+00	2.391154995e-02	1.445650038e-11
-1.440000000e-01	6.934349729e+00	2.321963359e-02	1.120235814e-11
-1.450000000e-01	6.934381142e+00	2.252772006e-02	7.163881159e-12
-1.460000000e-01	6.934412625e+00	2.183580936e-02	2.036119256e-11
-1.470000000e-01	6.934444176e+00	2.114390151e-02	8.500834321e-12
-1.480000000e-01	6.934475795e+00	2.045199655e-02	1.155572550e-11
-1.490000000e-01	6.934507484e+00	1.976009448e-02	9.535869592e-12
-1.500000000e-01	6.934539241e+00	1.906819533e-02	2.382585094e-11
-1.510000000e-01	6.934571067e+00	1.837629912e-02	2.194481152e-11
-1.520000000e-01	6.934602961e+00	1.768440588e-02	1.175863556e-11
-1.530000000e-01	6.934634924e+00	1.699251561e-02	1.806867161e-11
-1.540000000e-01	6.934666956e+00	1.630062835e-02	1.472640293e-11
-1.550000000e-01	6.934699057e+00	1.560874411e-02	8.957582588e-12
-1.560000000e-01	6.934731226e+00	1.491686291e-02	1.037665764e-11
-1.570000000e-01	6.934763464e+00	1.422498477e-02	9.400829438e-12
-1.580000000e-01	6.934795771e+00	1.353310971e-02	1.459902918e-11
-1.590000000e-01	6.934828146e+00	1.284123776e-02	6.793248576e-12
-1.600000000e-01	6.934860591e+00	1.214936894e-02	6.679865733e-12
-1.610000000e-01	6.934893103e+00	1.145750325e-02	9.706596541e-12
-1.620000000e-01	6.934925685e+00	1.076564073e-02	7.996898422e-12
-1.630000000e-01	6.934958335e+00	1.007378140e-02	3.330989708e-11
-1.640000000e-01	6.934991054e+00	9.381925276e-03	1.618950653e-11
-1.650000000e-01	6.935023842e+00	8.690072371e-03	1.450824363e-11
-1.660000000e-01	6.935056698e+00	7.998222720e-03	1.230062882e-11
-1.670000000e-01	6.935089623e+00	7.306376331e-03	1.092457998e-11
-1.680000000e-01	6.935122616e+00	6.614533230e-03	9.245251364e-12
-1.690000000e-01	6.935155679e+00	5.922693437e-03	1.477168555e-11
-1.700000000e-01	6.935188810e+00	5.230856973e-03	1.091141475e-11
-1.710000000e-01	6.935222009e+00	4.539023858e-03	1.185531737e-11
-1.720000000e-01	6.935255278e+00	3.847194110e-03	9.445180514e-12
-1.730000000e-01	6.935288615e+00	3.155367752e-03	7.542449518e-12
-1.740000000e-01	6.935322020e+00	2.463544808e-03	1.252148008e-11
-1.750000000e-01	6.935355495e+00	1.771725290e-03	4.496441916e-12
-1.760000000e-01	6.935389038e+00	1.079909225e-03	9.501206283e-12
-1.770000000e-01	6.935422650e+00	3.880966295e-04	8.418940314e-12
-1.780000000e-01	6.935456330e+00	-3.037124731e-04	1.471054570e-11
-1.790000000e-01	6.935490079e+00	-9.955180620e-04	3.027599715e-11
-1.800000000e-01	6.935523897e+00	-1.687320125e-03	9.414914631e-12
-1.810000000e-01	6.935557783e+00	-2.379118634e-03	1.858144689e-11
-1.820000000e-01	6.935591738e+00	-3.070913566e-03	1.420839934e-11
-1.830000000e-01	6.935625762e+00	-3.762704904e-03	1.515942776e-11
-1.840000000e-01	6.935659854e+00	-4.454492627e-03	1.903409635e-11
-1.850000000e-01	6.935694015e+00	-5.146276721e-03	7.395008453e-12
-1.860000000e-01	6.935728245e+00	-5.838057153e-03	1.975144440e-11
-1.870000000e-01	6.935762543e+00	-6.529833919e-03	2.204607755e-11
-1.880000000e-01	6.935796910e+00	-7.221606980e-03	1.057362701e-11
-1.890000000e-01	6.935831346e+00	-7.913376330e-03	2.294678976e-11
-1.900000000e-01	6.935865850e+00	-8.605141940e-03	1.306246711e-11
-1.910000000e-01	6.935900423e+00	-9.296903796e-03	1.249631726e-11
-1.920000000e-01	6.935935064e+00	-9.988661877e-03	9.018257144e-12
-1.930000000e-01	6.935969774e+00	-1.068041615e-02	9.408359828e-12
-1.940000000e-01	6.936004553e+00	-1.137216662e-02	7.001391798e-12
-1.950000000e-01	6.936039401e+00	-1.206391324e-02	1.013445813e-11
-1.960000000e-01	6.936074317e+00	-1.275565601e-02	1.368590308e-11
-1.970000000e-01	6.936109301e+00	-1.344739489e-02	9.297000956e-12
-1.980000000e-01	6.936144355e+00	-1.413912988e-02	6.763247068e-12
-1.990000000e-01	6.936179477e+00	-1.483086094e-02	2.562866141e-11
-2.000000000e-01	6.936214667e+00	-1.552258807e-02	7.974119706e-12
-2.010000000e-01	6.936249926e+00	-1.621431123e-02	6.263663030e-12
-2.020000000e-01	6.936285254e+00	-1.690603042e-02	2.658781174e-11
-2.030000000e-01	6.936320651e+00	-1.759774560e-02	8.598104157e-12
-2.040000000e-01	6.936356116e+00	-1.828945675e-02	2.954477692e-11
-2.050000000e-01	6.936391650e+00	-1.898116387e-02	1.412944793e-11
-2.060000000e-01	6.936427252e+00	-1.967286693e-02	2.209696448e-11
-2.070000000e-01	6.936462923e+00	-2.036456590e-02	9.414551195e-12
-2.080000000e-01	6.936498662e+00	-2.105626077e-02	2.035482331e-11
-2.090000000e-01	6.936534470e+00	-2.174795151e-02	2.557974136e-11
-2.100000000e-01	6.936570347e+00	-2.243963812e-02	3.253174701e-11
-2.110000000e-01	6.936606292e+00	-2.313132054e-02	2.074690620e-11
-2.120000000e-01	6.936642306e+00	-2.382299880e-02	9.464232637e-12
-2.130000000e-01	6.936678389e+00	-2.451467284e-02	1.054006216e-11
-2.140000000e-01	6.936714540e+00	-2.520634265e-02	2.000429857e-11
-2.150000000e-01	6.936750760e+00	-2.589800823e-02	1.584131803e-11
-2.160000000e-01	6.936787048e+00	-2.658966954e-02	1.135289116e-11
-2.170000000e-01	6.936823405e+00	-2.728132656e-02	9.860410807e-12
-2.180000000e-01	6.936859831e+00	-2.797297927e-02	1.022857357e-11
-2.190000000e-01	6.936896325e+00	-2.866462765e-02	1.012296451e-11
-2.200000000e-01	6.936932887e+00	-2.935627168e-02	1.784982070e-11
-2.210000000e-01	6.936969519e+00	-3.004791135e-02	1.017866932e-11
-2.220000000e-01	6.937006219e+00	-3.073954664e-02	1.808211682e-11
-2.230000000e-01	6.937042987e+00	-3.143117751e-02	1.232707405e-11
-2.240000000e-01	6.937079824e+00	-3.212280395e-02	1.404972943e-11
-2.250000000e-01	6.937116730e+00	-3.281442594e-02	1.287257761e-11
-2.260000000e-01	6.937153704e+00	-3.350604346e-02	1.449865574e-11
-2.270000000e-01	6.937190746e+00	-3.419765649e-02	2.092151212e-11
-2.280000000e-01	6.937227858e+00	-3.488926500e-02	1.359245219e-11
-2.290000000e-01	6.937265038e+00	-3.558086900e-02	8.102616478e-12
-2.300000000e-01	6.937302286e+00	-3.627246843e-02	4.149810656e-11
-2.310000000e-01	6.937339603e+00	-3.696406330e-02	1.354538944e-11
-2.320000000e-01	6.937376988e+00	-3.765565357e-02	2.735607637e-11
-2.330000000e-01	6.937414443e+00	-3.834723923e-02	5.582423939e-12
-2.340000000e-01	6.937451965e+00	-3.903882026e-02	8.151279334e-12
-2.350000000e-01	6.937489556e+00	-3.973039663e-02	1.325380368e-11
-2.360000000e-01	6.937527216e+00	-4.042196833e-02	1.216779551e-11
-2.370000000e-01	6.937564945e+00	-4.111353534e-02	2.303180737e-11
-2.380000000e-01	6.937602741e+00	-4.180509763e-02	8.308092653e-12
-2.390000000e-01	6.937640607e+00	-4.249665519e-02	1.569122084e-11
-2.400000000e-01	6.937678541e+00	-4.318820799e-02	9.146853105e-12
-2.410000000e-01	6.937716543e+00	-4.387975602e-02	1.610135727e-11
-2.420000000e-01	6.937754614e+00	-4.457129925e-02	1.215725427e-11
-2.430000000e-01	6.937792754e+00	-4.526283767e-02	2.703339453e-11
-2.440000000e-01	6.937830962e+00	-4.595437125e-02	9.382999449e-12
-2.450000000e-01	6.937869238e+00	-4.664589997e-02	7.897104846e-12
-2.460000000e-01	6.937907583e+00	-4.733742382e-02	1.247152745e-11
-2.470000000e-01	6.937945997e+00	-4.802894277e-02	6.997508399e-12
-2.480000000e-01	6.937984479e+00	-4.872045680e-02	1.884667832e-11
-2.490000000e-01	6.938023030e+00	-4.941196589e-02	1.454878301e-11
-2.500000000e-01	6.938061649e+00	-5.010347003e-02	9.305567261e-12
-2.510000000e-01	6.938100337e+00	-5.079496919e-02	1.471409716e-11
-2.520000000e-01	6.938139093e+00	-5.148646334e-02	2.939432357e-11
-2.530000000e-01	6.938177918e+00	-5.217795249e-02	7.586974480e-12
-2.540000000e-01	6.938216811e+00	-5.286943659e-02	5.177868745e-12
-2.550000000e-01	6.938255773e+00	-5.356091563e-02	1.048912813e-11
-2.560000000e-01	6.938294803e+00	-5.425238959e-02	1.644326904e-11
-2.570000000e-01	6.938333902e+00	-5.494385845e-02	1.225311264e-11
-2.580000000e-01	6.938373069e+00	-5.563532219e-02	1.083599904e-11
-2.590000000e-01	6.938412305e+00	-5.632678079e-02	2.143055769e-11
-2.600000000e-01	6.938451609e+00	-5.701823423e-02	1.303055029e-11
-2.610000000e-01	6.938490982e+00	-5.770968248e-02	1.454962672e-11
-2.620000000e-01	6.938530423e+00	-5.840112554e-02	7.682987922e-12
-2.630000000e-01	6.938569933e+00	-5.909256337e-02	1.667163958e-11
-2.640000000e-01	6.938609511e+00	-5.978399596e-02	2.413568363e-11
-2.650000000e-01	6.938649158e+00	-6.047542329e-02	1.348483629e-11
-2.660000000e-01	6.938688873e+00	-6.116684533e-02	8.771392481e-12
-2.670000000e-01	6.938728656e+00	-6.185826207e-02	9.187355740e-12
-2.680000000e-01	6.938768508e+00	-6.254967349e-02	1.368312944e-11
-2.690000000e-01	6.938808429e+00	-6.324107957e-02	1.314345102e-11
-2.700000000e-01	6.938848418e+00	-6.393248028e-02	1.474368285e-11
-2.710000000e-01	6.938888475e+00	-6.462387560e-02	1.149506838e-11
-2.720000000e-01	6.938928601e+00	-6.531526552e-02	1.707568672e-11
-2.730000000e-01	6.938968796e+00	-6.600665002e-02	1.223572599e-11
-2.740000000e-01	6.939009059e+00	-6.669802907e-02	1.309373178e-11
-2.750000000e-01	6.939049390e+00	-6.738940266e-02	1.427839078e-11
-2.760000000e-01	6.939089790e+00	-6.808077076e-02	1.758737691e-11
-2.770000000e-01	6.939130258e+00	-6.877213335e-02	5.773351029e-12
-2.780000000e-01	6.939170795e+00	-6.946349042e-02	1.574532995e-11
-2.790000000e-01	6.939211400e+00	-7.015484194e-02	1.139704329e-11
-2.800000000e-01	6.939252073e+00	-7.084618789e-02	1.166088261e-11
-2.810000000e-01	6.939292815e+00	-7.153752826e-02	2.745173334e-11
-2.820000000e-01	6.939333625e+00	-7.222886302e-02	1.310488515e-11
-2.830000000e-01	6.939374504e+00	-7.292019216e-02	1.246708498e-11
-2.840000000e-01	6.939415452e+00	-7.361151564e-02	6.768515443e-12
-2.850000000e-01	6.939456467e+00	-7.430283346e-02	2.103152442e-11
-2.860000000e-01	6.939497551e+00	-7.499414558e-02	1.221145919e-11
-2.870000000e-01	6.939538704e+00	-7.568545201e-02	5.930255836e-12
-2.880000000e-01	6.939579925e+00	-7.637675269e-02	7.871037205e-12
-2.890000000e-01	6.939621214e+00	-7.706804764e-02	3.783519095e-12
-2.900000000e-01	6.939662572e+00	-7.775933681e-02	7.430562663e-12
-2.910000000e-01	6.939703998e+00	-7.845062019e-02	1.174147483e-11
-2.920000000e-01	6.939745493e+00	-7.914189777e-02	8.002436502e-12
-2.930000000e-01	6.939787056e+00	-7.983316951e-02	1.095589693e-11
-2.940000000e-01	6.939828687e+00	-8.052443540e-02	2.120411569e-11
-2.950000000e-01	6.939870387e+00	-8.121569543e-02	2.663683269e-11
-2.960000000e-01	6.939912155e+00	-8.190694956e-02	4.015919817e-12
-2.970000000e-01	6.939953992e+00	-8.259819778e-02	1.929319688e-11
-2.980000000e-01	6.939995896e+00	-8.328944007e-02	2.940549538e-11
-2.990000000e-01	6.940037870e+00	-8.398067641e-02	9.211015518e-12
-3.000000000e-01	6.940079911e+00	-8.467190678e-02	1.112059163e-11
