# epsi_ci     Re(Lambda)      Im(Lambda)      Eq(det), R = 0.5 $\mu$m, $E_p$ = 0.600 eV, modo = 3, $\epsilon_\infty$ = 3.9, $\gamma_{DL}$ = 0.01 eV, solve_det_sinkz_vs_mu.py
0.000000000e+00	4.482436365e+00	7.667734235e-02	3.615337230e-14
-1.000000000e-03	4.482451515e+00	7.623348179e-02	2.528060868e-14
-2.000000000e-03	4.482466706e+00	7.578962100e-02	3.973110252e-14
-3.000000000e-03	4.482481939e+00	7.534575998e-02	4.668700517e-14
-4.000000000e-03	4.482497212e+00	7.490189874e-02	2.586099182e-14
-5.000000000e-03	4.482512527e+00	7.445803731e-02	1.676827070e-14
-6.000000000e-03	4.482527882e+00	7.401417567e-02	2.034679113e-14
-7.000000000e-03	4.482543278e+00	7.357031385e-02	2.578247652e-14
-8.000000000e-03	4.482558716e+00	7.312645186e-02	2.277826207e-14
-9.000000000e-03	4.482574195e+00	7.268258971e-02	2.897943227e-14
-1.000000000e-02	4.482589714e+00	7.223872740e-02	3.646506991e-14
-1.100000000e-02	4.482605275e+00	7.179486495e-02	3.326693987e-14
-1.200000000e-02	4.482620876e+00	7.135100236e-02	2.037802704e-14
-1.300000000e-02	4.482636519e+00	7.090713966e-02	1.297308635e-14
-1.400000000e-02	4.482652203e+00	7.046327684e-02	2.746718866e-14
-1.500000000e-02	4.482667928e+00	7.001941392e-02	3.593543772e-14
-1.600000000e-02	4.482683693e+00	6.957555090e-02	2.651109344e-14
-1.700000000e-02	4.482699500e+00	6.913168781e-02	2.357036588e-14
-1.800000000e-02	4.482715348e+00	6.868782465e-02	1.838953545e-14
-1.900000000e-02	4.482731237e+00	6.824396142e-02	2.444889569e-14
-2.000000000e-02	4.482747167e+00	6.780009815e-02	3.118167761e-14
-2.100000000e-02	4.482763138e+00	6.735623483e-02	3.362864285e-14
-2.200000000e-02	4.482779150e+00	6.691237149e-02	2.267353024e-14
-2.300000000e-02	4.482795203e+00	6.646850813e-02	1.202707847e-14
-2.400000000e-02	4.482811297e+00	6.602464475e-02	3.031143076e-14
-2.500000000e-02	4.482827432e+00	6.558078138e-02	2.890399575e-14
-2.600000000e-02	4.482843609e+00	6.513691802e-02	3.271998422e-14
-2.700000000e-02	4.482859826e+00	6.469305469e-02	1.155261654e-14
-2.800000000e-02	4.482876084e+00	6.424919138e-02	2.512592607e-14
-2.900000000e-02	4.482892383e+00	6.380532812e-02	1.991425163e-14
-3.000000000e-02	4.482908724e+00	6.336146491e-02	3.835812580e-14
-3.100000000e-02	4.482925105e+00	6.291760177e-02	1.684975429e-14
-3.200000000e-02	4.482941528e+00	6.247373869e-02	2.748149128e-14
-3.300000000e-02	4.482957991e+00	6.202987571e-02	2.429885648e-14
-3.400000000e-02	4.482974496e+00	6.158601281e-02	3.298325558e-14
-3.500000000e-02	4.482991041e+00	6.114215002e-02	3.505438469e-14
-3.600000000e-02	4.483007628e+00	6.069828735e-02	3.094863851e-14
-3.700000000e-02	4.483024255e+00	6.025442480e-02	2.303921038e-14
-3.800000000e-02	4.483040924e+00	5.981056238e-02	2.815438074e-14
-3.900000000e-02	4.483057634e+00	5.936670012e-02	1.847883110e-14
-4.000000000e-02	4.483074384e+00	5.892283800e-02	2.312555494e-14
-4.100000000e-02	4.483091176e+00	5.847897606e-02	2.829172763e-14
-4.200000000e-02	4.483108009e+00	5.803511429e-02	2.206946609e-14
-4.300000000e-02	4.483124883e+00	5.759125271e-02	2.521740325e-14
-4.400000000e-02	4.483141798e+00	5.714739132e-02	3.433970176e-14
-4.500000000e-02	4.483158754e+00	5.670353015e-02	1.963961539e-14
-4.600000000e-02	4.483175751e+00	5.625966919e-02	2.594604702e-14
-4.700000000e-02	4.483192789e+00	5.581580846e-02	2.867927750e-14
-4.800000000e-02	4.483209868e+00	5.537194797e-02	3.538249359e-14
-4.900000000e-02	4.483226988e+00	5.492808772e-02	1.961378019e-14
-5.000000000e-02	4.483244149e+00	5.448422774e-02	2.197791113e-14
-5.100000000e-02	4.483261351e+00	5.404036803e-02	4.664015849e-14
-5.200000000e-02	4.483278594e+00	5.359650859e-02	3.633190035e-14
-5.300000000e-02	4.483295879e+00	5.315264945e-02	1.593759502e-14
-5.400000000e-02	4.483313204e+00	5.270879061e-02	1.529807816e-14
-5.500000000e-02	4.483330570e+00	5.226493208e-02	1.341415593e-14
-5.600000000e-02	4.483347978e+00	5.182107387e-02	1.308669763e-14
-5.700000000e-02	4.483365426e+00	5.137721599e-02	2.937612147e-14
-5.800000000e-02	4.483382916e+00	5.093335845e-02	2.670641335e-14
-5.900000000e-02	4.483400446e+00	5.048950127e-02	2.444381003e-14
-6.000000000e-02	4.483418018e+00	5.004564444e-02	2.354414955e-14
-6.100000000e-02	4.483435630e+00	4.960178799e-02	2.916571616e-14
-6.200000000e-02	4.483453284e+00	4.915793193e-02	7.897602177e-15
-6.300000000e-02	4.483470979e+00	4.871407626e-02	3.341711827e-14
-6.400000000e-02	4.483488715e+00	4.827022099e-02	2.623331592e-14
-6.500000000e-02	4.483506491e+00	4.782636613e-02	2.432650530e-14
-6.600000000e-02	4.483524309e+00	4.738251170e-02	3.539398258e-14
-6.700000000e-02	4.483542168e+00	4.693865771e-02	2.582297806e-14
-6.800000000e-02	4.483560068e+00	4.649480416e-02	3.536665120e-14
-6.900000000e-02	4.483578009e+00	4.605095106e-02	2.566976306e-14
-7.000000000e-02	4.483595991e+00	4.560709843e-02	2.669141871e-14
-7.100000000e-02	4.483614014e+00	4.516324628e-02	1.557894128e-14
-7.200000000e-02	4.483632078e+00	4.471939462e-02	2.441118285e-14
-7.300000000e-02	4.483650183e+00	4.427554345e-02	2.692897478e-14
-7.400000000e-02	4.483668329e+00	4.383169279e-02	4.690817630e-14
-7.500000000e-02	4.483686517e+00	4.338784264e-02	2.632176966e-14
-7.600000000e-02	4.483704745e+00	4.294399302e-02	2.507709382e-14
-7.700000000e-02	4.483723014e+00	4.250014394e-02	2.882470766e-14
-7.800000000e-02	4.483741324e+00	4.205629541e-02	1.842349293e-14
-7.900000000e-02	4.483759676e+00	4.161244744e-02	2.379748341e-14
-8.000000000e-02	4.483778068e+00	4.116860004e-02	2.982282480e-14
-8.100000000e-02	4.483796502e+00	4.072475322e-02	2.130201567e-14
-8.200000000e-02	4.483814976e+00	4.028090698e-02	2.170569251e-14
-8.300000000e-02	4.483833492e+00	3.983706135e-02	1.624883848e-14
-8.400000000e-02	4.483852048e+00	3.939321633e-02	1.932891346e-14
-8.500000000e-02	4.483870646e+00	3.894937193e-02	3.640226568e-14
-8.600000000e-02	4.483889285e+00	3.850552816e-02	1.415139226e-14
-8.700000000e-02	4.483907964e+00	3.806168503e-02	1.943345162e-14
-8.800000000e-02	4.483926685e+00	3.761784255e-02	7.490980914e-15
-8.900000000e-02	4.483945447e+00	3.717400073e-02	2.772580166e-14
-9.000000000e-02	4.483964250e+00	3.673015959e-02	1.204582678e-14
-9.100000000e-02	4.483983094e+00	3.628631913e-02	2.818333047e-14
-9.200000000e-02	4.484001978e+00	3.584247936e-02	3.058366257e-14
-9.300000000e-02	4.484020904e+00	3.539864030e-02	3.100582030e-14
-9.400000000e-02	4.484039871e+00	3.495480195e-02	2.605890021e-14
-9.500000000e-02	4.484058880e+00	3.451096432e-02	2.536841496e-14
-9.600000000e-02	4.484077929e+00	3.406712743e-02	2.949525163e-14
-9.700000000e-02	4.484097019e+00	3.362329128e-02	2.017756058e-14
-9.800000000e-02	4.484116150e+00	3.317945589e-02	4.417933028e-14
-9.900000000e-02	4.484135322e+00	3.273562126e-02	2.935900019e-14
-1.000000000e-01	4.484154535e+00	3.229178741e-02	2.416462480e-14
-1.010000000e-01	4.484173790e+00	3.184795435e-02	1.908454762e-14
-1.020000000e-01	4.484193085e+00	3.140412208e-02	2.961191656e-14
-1.030000000e-01	4.484212421e+00	3.096029062e-02	2.255988952e-14
-1.040000000e-01	4.484231799e+00	3.051645997e-02	3.777433498e-14
-1.050000000e-01	4.484251217e+00	3.007263015e-02	1.667332232e-14
-1.060000000e-01	4.484270677e+00	2.962880117e-02	2.496426275e-14
-1.070000000e-01	4.484290177e+00	2.918497304e-02	2.238160936e-14
-1.080000000e-01	4.484309719e+00	2.874114577e-02	1.727008250e-14
-1.090000000e-01	4.484329302e+00	2.829731936e-02	2.294004500e-14
-1.100000000e-01	4.484348925e+00	2.785349384e-02	1.689540894e-14
-1.110000000e-01	4.484368590e+00	2.740966920e-02	2.051836092e-14
-1.120000000e-01	4.484388296e+00	2.696584547e-02	3.519555508e-14
-1.130000000e-01	4.484408042e+00	2.652202264e-02	2.973502211e-14
-1.140000000e-01	4.484427830e+00	2.607820073e-02	3.292431395e-14
-1.150000000e-01	4.484447659e+00	2.563437976e-02	1.707516023e-14
-1.160000000e-01	4.484467529e+00	2.519055973e-02	3.258478682e-14
-1.170000000e-01	4.484487440e+00	2.474674064e-02	2.711641003e-14
-1.180000000e-01	4.484507392e+00	2.430292252e-02	2.346751595e-14
-1.190000000e-01	4.484527385e+00	2.385910537e-02	2.138503723e-14
-1.200000000e-01	4.484547419e+00	2.341528921e-02	2.961132292e-14
-1.210000000e-01	4.484567494e+00	2.297147403e-02	2.042191481e-14
-1.220000000e-01	4.484587610e+00	2.252765986e-02	2.864495199e-14
-1.230000000e-01	4.484607767e+00	2.208384671e-02	2.254028573e-14
-1.240000000e-01	4.484627966e+00	2.164003457e-02	1.471805962e-14
-1.250000000e-01	4.484648205e+00	2.119622348e-02	2.037521614e-14
-1.260000000e-01	4.484668485e+00	2.075241342e-02	3.102692717e-14
-1.270000000e-01	4.484688806e+00	2.030860442e-02	2.298232177e-14
-1.280000000e-01	4.484709169e+00	1.986479649e-02	1.499762211e-14
-1.290000000e-01	4.484729572e+00	1.942098963e-02	2.399308740e-14
-1.300000000e-01	4.484750017e+00	1.897718385e-02	1.733990615e-14
-1.310000000e-01	4.484770502e+00	1.853337918e-02	3.262333465e-14
-1.320000000e-01	4.484792134e+00	1.806751898e-02	1.659696126e-05
-1.330000000e-01	4.484814345e+00	1.759088066e-02	4.130474551e-05
-1.340000000e-01	4.484836595e+00	1.711424351e-02	6.601220242e-05
-1.350000000e-01	4.484858938e+00	1.663761028e-02	9.071933858e-05
-1.360000000e-01	4.484882057e+00	1.616101563e-02	1.154278796e-04
-1.370000000e-01	4.484903577e+00	1.568433924e-02	1.401325842e-04
-1.380000000e-01	4.484926457e+00	1.520773108e-02	1.648390945e-04
-1.390000000e-01	4.484948425e+00	1.473107583e-02	1.895444897e-04
-1.400000000e-01	4.484970905e+00	1.425444587e-02	2.142499303e-04
-1.410000000e-01	4.484993428e+00	1.377781742e-02	2.389550261e-04
-1.420000000e-01	4.485016326e+00	1.330120743e-02	2.636598970e-04
-1.430000000e-01	4.485038586e+00	1.282456410e-02	2.883641735e-04
-1.440000000e-01	4.485061476e+00	1.234795243e-02	3.130682782e-04
-1.450000000e-01	4.485083899e+00	1.187131599e-02	3.377719122e-04
-1.460000000e-01	4.485106613e+00	1.139469391e-02	3.624752470e-04
-1.470000000e-01	4.485129366e+00	1.091807316e-02	3.871782221e-04
-1.480000000e-01	4.485152158e+00	1.044145378e-02	4.118808351e-04
-1.490000000e-01	4.485174988e+00	9.964835722e-03	4.365830835e-04
-1.500000000e-01	4.485196765e+00	9.488162106e-03	4.612856972e-04
-1.510000000e-01	4.485220761e+00	9.011603570e-03	4.859864765e-04
-1.520000000e-01	4.485243711e+00	8.534989885e-03	5.106876161e-04
-1.530000000e-01	4.485266697e+00	8.058377479e-03	5.353883812e-04
-1.540000000e-01	4.485289720e+00	7.581766382e-03	5.600887693e-04
-1.550000000e-01	4.485312784e+00	7.105156805e-03	5.847887779e-04
-1.560000000e-01	4.485335886e+00	6.628548695e-03	6.094884045e-04
-1.570000000e-01	4.485359025e+00	6.151941964e-03	6.341876466e-04
-1.580000000e-01	4.485319648e+00	6.836755636e-03	2.151463403e-04
-1.590000000e-01	4.485350268e+00	6.262747763e-03	1.170487803e-04
-1.600000000e-01	4.485380750e+00	5.688731778e-03	1.895214347e-05
-1.610000000e-01	4.485404147e+00	5.219799871e-03	3.982684996e-14
-1.620000000e-01	4.485425904e+00	4.776034304e-03	1.580445290e-14
-1.630000000e-01	4.485447703e+00	4.332270165e-03	1.686051578e-14
-1.640000000e-01	4.485469542e+00	3.888507463e-03	2.115731407e-14
-1.650000000e-01	4.485491423e+00	3.444746208e-03	2.811404275e-14
-1.660000000e-01	4.485513344e+00	3.000986412e-03	3.869872689e-14
-1.670000000e-01	4.485535307e+00	2.557228084e-03	3.717067484e-14
-1.680000000e-01	4.485557310e+00	2.113471235e-03	2.061145972e-14
-1.690000000e-01	4.485579355e+00	1.669715876e-03	2.586300940e-14
-1.700000000e-01	4.485601441e+00	1.225962016e-03	4.371549543e-14
-1.710000000e-01	4.485623567e+00	7.822096653e-04	4.061117265e-14
-1.720000000e-01	4.485645735e+00	3.384588352e-04	3.644812337e-14
-1.730000000e-01	4.485667944e+00	-1.052904643e-04	3.042183768e-14
-1.740000000e-01	4.485690194e+00	-5.490382229e-04	2.586668625e-14
-1.750000000e-01	4.485712484e+00	-9.927844303e-04	1.738463152e-14
-1.760000000e-01	4.485734816e+00	-1.436529076e-03	1.472707052e-14
-1.770000000e-01	4.485757189e+00	-1.880272150e-03	2.352420070e-14
-1.780000000e-01	4.485779603e+00	-2.324013641e-03	3.466868091e-14
-1.790000000e-01	4.485802058e+00	-2.767753540e-03	2.826025719e-14
-1.800000000e-01	4.485824554e+00	-3.211491836e-03	2.456333544e-14
-1.810000000e-01	4.485847091e+00	-3.655228519e-03	2.790523273e-14
-1.820000000e-01	4.485869669e+00	-4.098963578e-03	2.605595875e-14
-1.830000000e-01	4.485892288e+00	-4.542697002e-03	3.051923845e-14
-1.840000000e-01	4.485914948e+00	-4.986428783e-03	2.232805748e-14
-1.850000000e-01	4.485937649e+00	-5.430158909e-03	3.360924153e-14
-1.860000000e-01	4.485960391e+00	-5.873887369e-03	2.619004947e-14
-1.870000000e-01	4.485983174e+00	-6.317614155e-03	2.055510089e-14
-1.880000000e-01	4.486005998e+00	-6.761339254e-03	2.393081453e-14
-1.890000000e-01	4.486028863e+00	-7.205062657e-03	3.667647029e-14
-1.900000000e-01	4.486051769e+00	-7.648784354e-03	2.558430009e-14
-1.910000000e-01	4.486074716e+00	-8.092504334e-03	3.351434962e-14
-1.920000000e-01	4.486097704e+00	-8.536222587e-03	2.710019153e-14
-1.930000000e-01	4.486120733e+00	-8.979939103e-03	2.998253112e-14
-1.940000000e-01	4.486143803e+00	-9.423653870e-03	3.860856376e-14
-1.950000000e-01	4.486166915e+00	-9.867366880e-03	2.193891297e-14
-1.960000000e-01	4.486190067e+00	-1.031107812e-02	2.337459878e-14
-1.970000000e-01	4.486213260e+00	-1.075478758e-02	2.328632074e-14
-1.980000000e-01	4.486236494e+00	-1.119849526e-02	3.526818394e-14
-1.990000000e-01	4.486259769e+00	-1.164220113e-02	2.557145888e-14
-2.000000000e-01	4.486283086e+00	-1.208590519e-02	3.457483448e-14
