# epsi_ci     Re(Lambda)      Im(Lambda)      Eq(det), R = 0.5 $\mu$m, $E_p$ = 0.600 eV, modo = 3, $\epsilon_\infty$ = 3.9, $\gamma_{DL}$ = 0.01 eV, solve_det_sinkz_vs_mu.py
0.000000000e+00	4.524548249e+00	7.993410301e-02	4.265553302e-14
-1.000000000e-03	4.524563896e+00	7.948686288e-02	2.909211720e-14
-2.000000000e-03	4.524579585e+00	7.903962250e-02	3.443594119e-14
-3.000000000e-03	4.524595316e+00	7.859238190e-02	2.869108218e-14
-4.000000000e-03	4.524611087e+00	7.814514108e-02	2.674311065e-14
-5.000000000e-03	4.524626900e+00	7.769790004e-02	2.702824253e-14
-6.000000000e-03	4.524642755e+00	7.725065882e-02	1.948555974e-14
-7.000000000e-03	4.524658650e+00	7.680341740e-02	3.927320893e-14
-8.000000000e-03	4.524674587e+00	7.635617580e-02	3.414909633e-14
-9.000000000e-03	4.524690565e+00	7.590893404e-02	3.818197872e-14
-1.000000000e-02	4.524706585e+00	7.546169212e-02	4.843760064e-14
-1.100000000e-02	4.524722646e+00	7.501445006e-02	3.706899837e-14
-1.200000000e-02	4.524738748e+00	7.456720786e-02	4.110179887e-14
-1.300000000e-02	4.524754891e+00	7.411996553e-02	3.887966220e-14
-1.400000000e-02	4.524771076e+00	7.367272309e-02	1.840397830e-14
-1.500000000e-02	4.524787302e+00	7.322548054e-02	3.005047210e-14
-1.600000000e-02	4.524803570e+00	7.277823790e-02	2.988328874e-14
-1.700000000e-02	4.524819878e+00	7.233099518e-02	3.261079953e-14
-1.800000000e-02	4.524836228e+00	7.188375238e-02	2.384039006e-14
-1.900000000e-02	4.524852620e+00	7.143650952e-02	1.812786134e-14
-2.000000000e-02	4.524869052e+00	7.098926661e-02	1.760521035e-14
-2.100000000e-02	4.524885526e+00	7.054202365e-02	1.756301086e-14
-2.200000000e-02	4.524902042e+00	7.009478066e-02	1.727256839e-14
-2.300000000e-02	4.524918598e+00	6.964753765e-02	2.118033175e-14
-2.400000000e-02	4.524935196e+00	6.920029463e-02	2.305623524e-14
-2.500000000e-02	4.524951835e+00	6.875305161e-02	1.272731282e-14
-2.600000000e-02	4.524968516e+00	6.830580860e-02	3.452567391e-14
-2.700000000e-02	4.524985238e+00	6.785856561e-02	3.217786529e-14
-2.800000000e-02	4.525002001e+00	6.741132264e-02	3.364811622e-14
-2.900000000e-02	4.525018805e+00	6.696407972e-02	3.872795100e-14
-3.000000000e-02	4.525035651e+00	6.651683685e-02	4.803113807e-14
-3.100000000e-02	4.525052538e+00	6.606959404e-02	3.638046894e-14
-3.200000000e-02	4.525069467e+00	6.562235131e-02	3.549322476e-14
-3.300000000e-02	4.525086436e+00	6.517510865e-02	2.895291663e-14
-3.400000000e-02	4.525103448e+00	6.472786609e-02	2.136143201e-14
-3.500000000e-02	4.525120500e+00	6.428062363e-02	5.406463211e-14
-3.600000000e-02	4.525137594e+00	6.383338129e-02	4.057398731e-14
-3.700000000e-02	4.525154729e+00	6.338613907e-02	1.334876658e-14
-3.800000000e-02	4.525171905e+00	6.293889698e-02	2.786199254e-14
-3.900000000e-02	4.525189123e+00	6.249165504e-02	1.261426052e-14
-4.000000000e-02	4.525206382e+00	6.204441325e-02	3.644390148e-14
-4.100000000e-02	4.525223682e+00	6.159717163e-02	3.026096297e-14
-4.200000000e-02	4.525241024e+00	6.114993018e-02	2.707492382e-14
-4.300000000e-02	4.525258406e+00	6.070268892e-02	3.635678488e-14
-4.400000000e-02	4.525275831e+00	6.025544785e-02	2.819832069e-14
-4.500000000e-02	4.525293296e+00	5.980820700e-02	3.348501726e-14
-4.600000000e-02	4.525310803e+00	5.936096636e-02	2.449517634e-14
-4.700000000e-02	4.525328351e+00	5.891372595e-02	2.700054098e-14
-4.800000000e-02	4.525345941e+00	5.846648577e-02	2.917499284e-14
-4.900000000e-02	4.525363572e+00	5.801924585e-02	3.682938686e-14
-5.000000000e-02	4.525381244e+00	5.757200618e-02	2.110782159e-14
-5.100000000e-02	4.525398957e+00	5.712476679e-02	4.799583050e-14
-5.200000000e-02	4.525416712e+00	5.667752767e-02	4.807888040e-14
-5.300000000e-02	4.525434508e+00	5.623028884e-02	3.531208988e-14
-5.400000000e-02	4.525452346e+00	5.578305032e-02	2.456785587e-14
-5.500000000e-02	4.525470224e+00	5.533581210e-02	2.457026355e-14
-5.600000000e-02	4.525488144e+00	5.488857421e-02	1.933249065e-14
-5.700000000e-02	4.525506106e+00	5.444133665e-02	4.371949837e-14
-5.800000000e-02	4.525524109e+00	5.399409943e-02	2.781813645e-14
-5.900000000e-02	4.525542153e+00	5.354686256e-02	3.884444015e-14
-6.000000000e-02	4.525560238e+00	5.309962605e-02	3.033149281e-14
-6.100000000e-02	4.525578365e+00	5.265238992e-02	2.724231128e-14
-6.200000000e-02	4.525596533e+00	5.220515418e-02	3.115248314e-14
-6.300000000e-02	4.525614742e+00	5.175791882e-02	2.557562001e-14
-6.400000000e-02	4.525632992e+00	5.131068387e-02	5.177286780e-14
-6.500000000e-02	4.525651284e+00	5.086344934e-02	2.129145916e-14
-6.600000000e-02	4.525669618e+00	5.041621523e-02	3.276444155e-14
-6.700000000e-02	4.525687992e+00	4.996898156e-02	3.240941043e-14
-6.800000000e-02	4.525706408e+00	4.952174833e-02	3.360135527e-14
-6.900000000e-02	4.525724865e+00	4.907451556e-02	4.532930828e-14
-7.000000000e-02	4.525743364e+00	4.862728326e-02	2.639403933e-14
-7.100000000e-02	4.525761904e+00	4.818005143e-02	4.483075166e-14
-7.200000000e-02	4.525780485e+00	4.773282010e-02	1.926612086e-14
-7.300000000e-02	4.525799107e+00	4.728558925e-02	2.736623675e-14
-7.400000000e-02	4.525817771e+00	4.683835892e-02	2.881554418e-14
-7.500000000e-02	4.525836476e+00	4.639112911e-02	3.338436999e-14
-7.600000000e-02	4.525855223e+00	4.594389983e-02	2.909231679e-14
-7.700000000e-02	4.525874011e+00	4.549667108e-02	1.923383125e-14
-7.800000000e-02	4.525892840e+00	4.504944289e-02	2.240584670e-14
-7.900000000e-02	4.525911710e+00	4.460221526e-02	3.557778540e-14
-8.000000000e-02	4.525930622e+00	4.415498820e-02	2.789658565e-14
-8.100000000e-02	4.525949575e+00	4.370776172e-02	2.669156046e-14
-8.200000000e-02	4.525968569e+00	4.326053583e-02	3.283143552e-14
-8.300000000e-02	4.525987605e+00	4.281331054e-02	3.413699083e-14
-8.400000000e-02	4.526006682e+00	4.236608587e-02	2.864598775e-14
-8.500000000e-02	4.526025800e+00	4.191886182e-02	3.896547584e-14
-8.600000000e-02	4.526044960e+00	4.147163840e-02	3.946251425e-14
-8.700000000e-02	4.526064161e+00	4.102441562e-02	3.238414174e-14
-8.800000000e-02	4.526083403e+00	4.057719350e-02	1.907764489e-14
-8.900000000e-02	4.526102687e+00	4.012997205e-02	4.078678993e-14
-9.000000000e-02	4.526122011e+00	3.968275127e-02	2.422173746e-14
-9.100000000e-02	4.526141378e+00	3.923553117e-02	3.242462591e-14
-9.200000000e-02	4.526160785e+00	3.878831178e-02	1.894194155e-14
-9.300000000e-02	4.526180234e+00	3.834109308e-02	3.753263160e-14
-9.400000000e-02	4.526199724e+00	3.789387511e-02	3.350745062e-14
-9.500000000e-02	4.526219256e+00	3.744665786e-02	3.179198133e-14
-9.600000000e-02	4.526238829e+00	3.699944135e-02	3.136186959e-14
-9.700000000e-02	4.526258443e+00	3.655222558e-02	2.597778045e-14
-9.800000000e-02	4.526278098e+00	3.610501058e-02	3.033648883e-14
-9.900000000e-02	4.526297795e+00	3.565779634e-02	1.397134553e-14
-1.000000000e-01	4.526317533e+00	3.521058288e-02	1.927004107e-14
-1.010000000e-01	4.526337312e+00	3.476337021e-02	2.106809204e-14
-1.020000000e-01	4.526357133e+00	3.431615834e-02	2.303453992e-14
-1.030000000e-01	4.526376995e+00	3.386894729e-02	3.886827207e-14
-1.040000000e-01	4.526397440e+00	3.341029442e-02	1.010859915e-05
-1.050000000e-01	4.526418568e+00	3.293808504e-02	3.219390018e-05
-1.060000000e-01	4.526439737e+00	3.246587665e-02	5.427895708e-05
-1.070000000e-01	4.526460948e+00	3.199366926e-02	7.636376791e-05
-1.080000000e-01	4.526482201e+00	3.152146289e-02	9.844833074e-05
-1.090000000e-01	4.526503495e+00	3.104925755e-02	1.205326436e-04
-1.100000000e-01	4.526524831e+00	3.057705326e-02	1.426167046e-04
-1.110000000e-01	4.526546208e+00	3.010485000e-02	1.647005117e-04
-1.120000000e-01	4.526567628e+00	2.963264787e-02	1.867840631e-04
-1.130000000e-01	4.526589088e+00	2.916044674e-02	2.088673568e-04
-1.140000000e-01	4.526610590e+00	2.868824673e-02	2.309503908e-04
-1.150000000e-01	4.526625510e+00	2.821572649e-02	2.531008157e-04
-1.160000000e-01	4.526653719e+00	2.774385007e-02	2.751156722e-04
-1.170000000e-01	4.526675947e+00	2.727168272e-02	2.971983898e-04
-1.180000000e-01	4.526697014e+00	2.679945794e-02	3.192798918e-04
-1.190000000e-01	4.526718724e+00	2.632726362e-02	3.413615986e-04
-1.200000000e-01	4.526740476e+00	2.585507046e-02	3.634430341e-04
-1.210000000e-01	4.526762269e+00	2.538287849e-02	3.855241964e-04
-1.220000000e-01	4.526784104e+00	2.491068771e-02	4.076050835e-04
-1.230000000e-01	4.526805979e+00	2.443849809e-02	4.296856936e-04
-1.240000000e-01	4.526827898e+00	2.396630981e-02	4.517660247e-04
-1.250000000e-01	4.526849858e+00	2.349412273e-02	4.738460749e-04
-1.260000000e-01	4.526871859e+00	2.302193686e-02	4.959258422e-04
-1.270000000e-01	4.526893902e+00	2.254975230e-02	5.180053247e-04
-1.280000000e-01	4.526915983e+00	2.207756881e-02	5.400845205e-04
-1.290000000e-01	4.526939513e+00	2.160545699e-02	5.621647901e-04
-1.300000000e-01	4.526960279e+00	2.113320625e-02	5.842420441e-04
-1.310000000e-01	4.526982484e+00	2.066102663e-02	6.063203682e-04
-1.320000000e-01	4.527004739e+00	2.018884879e-02	6.283983977e-04
-1.330000000e-01	4.527027031e+00	1.971667205e-02	6.504761309e-04
-1.340000000e-01	4.527049354e+00	1.924449612e-02	6.725535658e-04
-1.350000000e-01	4.527071740e+00	1.877232269e-02	6.946307004e-04
-1.360000000e-01	4.527135899e+00	1.830226689e-02	7.176559683e-04
-1.370000000e-01	4.527116616e+00	1.782797885e-02	7.387840612e-04
-1.380000000e-01	4.527139116e+00	1.735580903e-02	7.608602836e-04
-1.390000000e-01	4.527161658e+00	1.688364063e-02	7.829361980e-04
-1.400000000e-01	4.527184241e+00	1.641147366e-02	8.050118025e-04
-1.410000000e-01	4.527206866e+00	1.593930813e-02	8.270870953e-04
-1.420000000e-01	4.527229696e+00	1.546715247e-02	8.491620866e-04
-1.430000000e-01	4.527252229e+00	1.499498093e-02	8.712367378e-04
-1.440000000e-01	4.527274989e+00	1.452282036e-02	8.933110835e-04
-1.450000000e-01	4.527297781e+00	1.405066077e-02	9.153851099e-04
-1.460000000e-01	4.527320613e+00	1.357850267e-02	9.374588148e-04
-1.470000000e-01	4.527343488e+00	1.310634611e-02	9.595321964e-04
-1.480000000e-01	4.527366403e+00	1.263419108e-02	9.816052527e-04
-1.490000000e-01	4.527389361e+00	1.216203760e-02	1.003677982e-03
-1.500000000e-01	4.527412360e+00	1.168988566e-02	1.025750382e-03
-1.510000000e-01	4.527435400e+00	1.121773534e-02	1.047822451e-03
-1.520000000e-01	4.527458483e+00	1.074558658e-02	1.069894187e-03
-1.530000000e-01	4.527586981e+00	1.027897068e-02	1.095930427e-03
-1.540000000e-01	4.527370386e+00	9.794225830e-03	1.120338975e-03
-1.550000000e-01	4.527527978e+00	9.329149996e-03	1.136107379e-03
-1.560000000e-01	4.527551227e+00	8.857007715e-03	1.158177764e-03
-1.570000000e-01	4.527574516e+00	8.384867073e-03	1.180247806e-03
-1.580000000e-01	4.527597848e+00	7.912728172e-03	1.202317504e-03
-1.590000000e-01	4.527621221e+00	7.440590896e-03	1.224386856e-03
-1.600000000e-01	4.527644636e+00	6.968455330e-03	1.246455860e-03
-1.610000000e-01	4.527668102e+00	6.496321971e-03	1.268524513e-03
-1.620000000e-01	4.527691589e+00	6.024189300e-03	1.290592814e-03
-1.630000000e-01	4.527644321e+00	7.038160325e-03	3.909214215e-14
-1.640000000e-01	4.527666703e+00	6.591018382e-03	2.899804593e-14
-1.650000000e-01	4.527689127e+00	6.143877895e-03	3.190582107e-14
-1.660000000e-01	4.527711591e+00	5.696738874e-03	2.977352988e-14
-1.670000000e-01	4.527734097e+00	5.249601329e-03	3.727324974e-14
-1.680000000e-01	4.527756644e+00	4.802465272e-03	3.192173364e-14
-1.690000000e-01	4.527779233e+00	4.355330713e-03	3.747350454e-14
-1.700000000e-01	4.527801863e+00	3.908197661e-03	2.734126796e-14
-1.710000000e-01	4.527824534e+00	3.461066128e-03	2.567823364e-14
-1.720000000e-01	4.527847246e+00	3.013936124e-03	2.674509851e-14
-1.730000000e-01	4.527870000e+00	2.566807658e-03	3.315326078e-14
-1.740000000e-01	4.527892795e+00	2.119680743e-03	2.723236539e-14
-1.750000000e-01	4.527915631e+00	1.672555387e-03	3.545921659e-14
-1.760000000e-01	4.527938509e+00	1.225431603e-03	3.219629094e-14
-1.770000000e-01	4.527961428e+00	7.783093986e-04	3.220285367e-14
-1.780000000e-01	4.527984388e+00	3.311887859e-04	2.471301366e-14
-1.790000000e-01	4.528007390e+00	-1.159302250e-04	2.131036403e-14
-1.800000000e-01	4.528030432e+00	-5.630476238e-04	5.001795570e-14
-1.810000000e-01	4.528053517e+00	-1.010163400e-03	2.746101958e-14
-1.820000000e-01	4.528076642e+00	-1.457277543e-03	2.471540038e-14
-1.830000000e-01	4.528099809e+00	-1.904390043e-03	3.925454591e-14
-1.840000000e-01	4.528123017e+00	-2.351500889e-03	3.177685234e-14
-1.850000000e-01	4.528146266e+00	-2.798610070e-03	2.641749001e-14
-1.860000000e-01	4.528169557e+00	-3.245717577e-03	1.788741408e-14
-1.870000000e-01	4.528192888e+00	-3.692823399e-03	2.099473158e-14
-1.880000000e-01	4.528216262e+00	-4.139927525e-03	4.532594703e-14
-1.890000000e-01	4.528239676e+00	-4.587029946e-03	2.536861775e-14
-1.900000000e-01	4.528263132e+00	-5.034130650e-03	1.829806340e-14
-1.910000000e-01	4.528286629e+00	-5.481229627e-03	3.494891770e-14
-1.920000000e-01	4.528310167e+00	-5.928326867e-03	2.561129001e-14
-1.930000000e-01	4.528333747e+00	-6.375422359e-03	3.643542718e-14
-1.940000000e-01	4.528357368e+00	-6.822516094e-03	3.157406832e-14
-1.950000000e-01	4.528381030e+00	-7.269608060e-03	4.439230079e-14
-1.960000000e-01	4.528404734e+00	-7.716698247e-03	3.400963847e-14
-1.970000000e-01	4.528428478e+00	-8.163786644e-03	3.012845547e-14
-1.980000000e-01	4.528452264e+00	-8.610873242e-03	2.234673337e-14
-1.990000000e-01	4.528476092e+00	-9.057958030e-03	2.063240519e-14
-2.000000000e-01	4.528499960e+00	-9.505040997e-03	4.264295535e-14
