# epsi_ci     Re(Lambda)      Im(Lambda)      Eq(det), R = 0.5 $\mu$m, $E_p$ = 0.600 eV, modo = 3, $\epsilon_\infty$ = 3.9, $\gamma_{DL}$ = 0.01 eV, solve_det_sinkz_vs_mu.py
0.000000000e+00	4.438000419e+00	7.357994162e-02	2.046164707e-14
-1.000000000e-03	4.438015006e+00	7.314000289e-02	1.169762629e-14
-2.000000000e-03	4.438029635e+00	7.270006391e-02	1.929987978e-14
-3.000000000e-03	4.438044304e+00	7.226012470e-02	2.639171427e-14
-4.000000000e-03	4.438059013e+00	7.182018526e-02	1.418919069e-14
-5.000000000e-03	4.438073764e+00	7.138024561e-02	1.725699740e-14
-6.000000000e-03	4.438088554e+00	7.094030576e-02	2.475420533e-14
-7.000000000e-03	4.438103386e+00	7.050036571e-02	2.527098677e-14
-8.000000000e-03	4.438118258e+00	7.006042548e-02	3.338201765e-14
-9.000000000e-03	4.438133171e+00	6.962048508e-02	2.023372130e-14
-1.000000000e-02	4.438148125e+00	6.918054451e-02	2.056785188e-14
-1.100000000e-02	4.438163119e+00	6.874060379e-02	2.368268100e-14
-1.200000000e-02	4.438178154e+00	6.830066293e-02	2.421706188e-14
-1.300000000e-02	4.438193229e+00	6.786072193e-02	2.214004679e-14
-1.400000000e-02	4.438208345e+00	6.742078081e-02	2.040515681e-14
-1.500000000e-02	4.438223502e+00	6.698083958e-02	2.520009372e-14
-1.600000000e-02	4.438238700e+00	6.654089825e-02	2.821592322e-14
-1.700000000e-02	4.438253938e+00	6.610095683e-02	2.445344174e-14
-1.800000000e-02	4.438269217e+00	6.566101532e-02	2.616990566e-14
-1.900000000e-02	4.438284536e+00	6.522107375e-02	3.136282681e-14
-2.000000000e-02	4.438299896e+00	6.478113211e-02	1.787314281e-14
-2.100000000e-02	4.438315297e+00	6.434119042e-02	1.636945833e-14
-2.200000000e-02	4.438330738e+00	6.390124869e-02	1.931383643e-14
-2.300000000e-02	4.438346220e+00	6.346130693e-02	3.021755082e-14
-2.400000000e-02	4.438361743e+00	6.302136515e-02	2.396315114e-14
-2.500000000e-02	4.438377306e+00	6.258142336e-02	2.620197781e-14
-2.600000000e-02	4.438392910e+00	6.214148157e-02	1.456212989e-14
-2.700000000e-02	4.438408555e+00	6.170153979e-02	1.814499470e-14
-2.800000000e-02	4.438424241e+00	6.126159803e-02	2.401894917e-14
-2.900000000e-02	4.438439967e+00	6.082165630e-02	1.929029010e-14
-3.000000000e-02	4.438455733e+00	6.038171461e-02	2.135847424e-14
-3.100000000e-02	4.438471541e+00	5.994177297e-02	2.904216164e-14
-3.200000000e-02	4.438487389e+00	5.950183140e-02	1.339129540e-14
-3.300000000e-02	4.438503277e+00	5.906188989e-02	2.105355494e-14
-3.400000000e-02	4.438519207e+00	5.862194847e-02	2.030580044e-14
-3.500000000e-02	4.438535177e+00	5.818200713e-02	1.643843684e-14
-3.600000000e-02	4.438551187e+00	5.774206590e-02	2.321607890e-14
-3.700000000e-02	4.438567238e+00	5.730212478e-02	2.026107341e-14
-3.800000000e-02	4.438583330e+00	5.686218379e-02	2.181240120e-14
-3.900000000e-02	4.438599463e+00	5.642224292e-02	2.511348375e-14
-4.000000000e-02	4.438615636e+00	5.598230220e-02	1.282605084e-14
-4.100000000e-02	4.438631850e+00	5.554236163e-02	2.374552773e-14
-4.200000000e-02	4.438648105e+00	5.510242123e-02	2.008741811e-14
-4.300000000e-02	4.438664400e+00	5.466248099e-02	1.556089320e-14
-4.400000000e-02	4.438680736e+00	5.422254094e-02	1.774858696e-14
-4.500000000e-02	4.438697113e+00	5.378260109e-02	1.903544866e-14
-4.600000000e-02	4.438713530e+00	5.334266144e-02	3.283963791e-14
-4.700000000e-02	4.438729988e+00	5.290272200e-02	1.753467834e-14
-4.800000000e-02	4.438746486e+00	5.246278278e-02	9.615100051e-15
-4.900000000e-02	4.438763026e+00	5.202284381e-02	2.251948991e-14
-5.000000000e-02	4.438779606e+00	5.158290507e-02	2.153871963e-14
-5.100000000e-02	4.438796226e+00	5.114296659e-02	1.656488349e-14
-5.200000000e-02	4.438812887e+00	5.070302838e-02	1.847811609e-14
-5.300000000e-02	4.438829589e+00	5.026309044e-02	2.086882241e-14
-5.400000000e-02	4.438846332e+00	4.982315278e-02	3.312508446e-14
-5.500000000e-02	4.438863115e+00	4.938321542e-02	1.942176053e-14
-5.600000000e-02	4.438879939e+00	4.894327837e-02	2.093435771e-14
-5.700000000e-02	4.438896803e+00	4.850334163e-02	7.954069822e-15
-5.800000000e-02	4.438913709e+00	4.806340522e-02	2.707655396e-14
-5.900000000e-02	4.438930654e+00	4.762346915e-02	2.444086867e-14
-6.000000000e-02	4.438947641e+00	4.718353342e-02	1.976296526e-14
-6.100000000e-02	4.438964668e+00	4.674359805e-02	1.509715595e-14
-6.200000000e-02	4.438981736e+00	4.630366305e-02	2.216413752e-14
-6.300000000e-02	4.438998845e+00	4.586372842e-02	2.134052738e-14
-6.400000000e-02	4.439015994e+00	4.542379418e-02	2.037113544e-14
-6.500000000e-02	4.439033184e+00	4.498386034e-02	1.787827191e-14
-6.600000000e-02	4.439050414e+00	4.454392690e-02	1.311031383e-14
-6.700000000e-02	4.439067685e+00	4.410399389e-02	2.233711381e-14
-6.800000000e-02	4.439084997e+00	4.366406130e-02	2.670969580e-14
-6.900000000e-02	4.439102350e+00	4.322412915e-02	2.699352857e-14
-7.000000000e-02	4.439119743e+00	4.278419745e-02	2.785745305e-14
-7.100000000e-02	4.439137177e+00	4.234426621e-02	3.035575039e-14
-7.200000000e-02	4.439154651e+00	4.190433543e-02	2.052798349e-14
-7.300000000e-02	4.439172166e+00	4.146440514e-02	1.130785949e-14
-7.400000000e-02	4.439189722e+00	4.102447533e-02	8.063038430e-15
-7.500000000e-02	4.439207318e+00	4.058454603e-02	1.607912270e-14
-7.600000000e-02	4.439224956e+00	4.014461723e-02	1.849325360e-14
-7.700000000e-02	4.439242633e+00	3.970468896e-02	1.915707093e-14
-7.800000000e-02	4.439260352e+00	3.926476121e-02	2.033190317e-14
-7.900000000e-02	4.439278111e+00	3.882483401e-02	8.829123049e-15
-8.000000000e-02	4.439295911e+00	3.838490736e-02	2.920641762e-14
-8.100000000e-02	4.439313751e+00	3.794498126e-02	9.879671084e-15
-8.200000000e-02	4.439331632e+00	3.750505574e-02	1.948122076e-14
-8.300000000e-02	4.439349554e+00	3.706513080e-02	2.667837460e-14
-8.400000000e-02	4.439367517e+00	3.662520645e-02	3.135804895e-14
-8.500000000e-02	4.439385520e+00	3.618528270e-02	1.997238525e-14
-8.600000000e-02	4.439403563e+00	3.574535957e-02	2.959564437e-14
-8.700000000e-02	4.439421648e+00	3.530543705e-02	2.559976426e-14
-8.800000000e-02	4.439439773e+00	3.486551517e-02	2.621742797e-14
-8.900000000e-02	4.439457939e+00	3.442559393e-02	1.884434356e-14
-9.000000000e-02	4.439476145e+00	3.398567335e-02	1.686161392e-14
-9.100000000e-02	4.439494392e+00	3.354575342e-02	3.490944897e-14
-9.200000000e-02	4.439512680e+00	3.310583417e-02	3.946444228e-14
-9.300000000e-02	4.439531008e+00	3.266591561e-02	1.533195563e-14
-9.400000000e-02	4.439549377e+00	3.222599773e-02	1.795358517e-14
-9.500000000e-02	4.439567787e+00	3.178608056e-02	2.376328075e-14
-9.600000000e-02	4.439586238e+00	3.134616411e-02	2.998007676e-14
-9.700000000e-02	4.439604729e+00	3.090624838e-02	2.575469606e-14
-9.800000000e-02	4.439623260e+00	3.046633338e-02	2.413122183e-14
-9.900000000e-02	4.439641833e+00	3.002641913e-02	2.006606114e-14
-1.000000000e-01	4.439660446e+00	2.958650563e-02	9.374078595e-15
-1.010000000e-01	4.439679100e+00	2.914659290e-02	2.063032531e-14
-1.020000000e-01	4.439697794e+00	2.870668094e-02	2.094514184e-14
-1.030000000e-01	4.439716529e+00	2.826676977e-02	1.659204018e-14
-1.040000000e-01	4.439735305e+00	2.782685939e-02	2.621990018e-14
-1.050000000e-01	4.439754121e+00	2.738694982e-02	2.078476332e-14
-1.060000000e-01	4.439772978e+00	2.694704107e-02	2.217623493e-14
-1.070000000e-01	4.439791876e+00	2.650713314e-02	1.733953190e-14
-1.080000000e-01	4.439810814e+00	2.606722605e-02	1.510841435e-14
-1.090000000e-01	4.439829793e+00	2.562731980e-02	1.600383268e-14
-1.100000000e-01	4.439848813e+00	2.518741442e-02	1.830606528e-14
-1.110000000e-01	4.439867873e+00	2.474750989e-02	2.472106637e-14
-1.120000000e-01	4.439886974e+00	2.430760625e-02	1.099952626e-14
-1.130000000e-01	4.439906116e+00	2.386770350e-02	1.741968341e-14
-1.140000000e-01	4.439925298e+00	2.342780164e-02	2.125702794e-14
-1.150000000e-01	4.439944521e+00	2.298790069e-02	2.237735029e-14
-1.160000000e-01	4.439963785e+00	2.254800066e-02	1.523005807e-14
-1.170000000e-01	4.439983089e+00	2.210810155e-02	3.327659810e-14
-1.180000000e-01	4.440002434e+00	2.166820339e-02	2.945963335e-14
-1.190000000e-01	4.440021820e+00	2.122830617e-02	1.651858145e-14
-1.200000000e-01	4.440041246e+00	2.078840991e-02	1.470339162e-14
-1.210000000e-01	4.440060713e+00	2.034851463e-02	2.457761899e-14
-1.220000000e-01	4.440080220e+00	1.990862032e-02	2.820798549e-14
-1.230000000e-01	4.440099769e+00	1.946872700e-02	3.985947530e-14
-1.240000000e-01	4.440119358e+00	1.902883468e-02	2.760814681e-14
-1.250000000e-01	4.440138987e+00	1.858894337e-02	2.735881452e-14
-1.260000000e-01	4.440158657e+00	1.814905309e-02	1.895066387e-14
-1.270000000e-01	4.440178368e+00	1.770916383e-02	2.147532924e-14
-1.280000000e-01	4.440198120e+00	1.726927561e-02	2.577446929e-14
-1.290000000e-01	4.440217912e+00	1.682938845e-02	2.382467707e-14
-1.300000000e-01	4.440237745e+00	1.638950234e-02	2.683484882e-14
-1.310000000e-01	4.440257619e+00	1.594961731e-02	2.492851211e-14
-1.320000000e-01	4.440277533e+00	1.550973336e-02	2.306204612e-14
-1.330000000e-01	4.440297488e+00	1.506985050e-02	2.538952393e-14
-1.340000000e-01	4.440317483e+00	1.462996874e-02	1.961544674e-14
-1.350000000e-01	4.440337519e+00	1.419008810e-02	2.601463133e-14
-1.360000000e-01	4.440357596e+00	1.375020857e-02	1.961497358e-14
-1.370000000e-01	4.440377714e+00	1.331033018e-02	2.642049105e-14
-1.380000000e-01	4.440397872e+00	1.287045294e-02	2.686300361e-14
-1.390000000e-01	4.440418070e+00	1.243057684e-02	1.702767779e-14
-1.400000000e-01	4.440438808e+00	1.198167614e-02	5.634602699e-06
-1.410000000e-01	4.440461166e+00	1.150024482e-02	3.157086501e-05
-1.420000000e-01	4.440483590e+00	1.101881609e-02	5.750674840e-05
-1.430000000e-01	4.440506049e+00	1.053738845e-02	8.344220028e-05
-1.440000000e-01	4.440528542e+00	1.005596177e-02	1.093772168e-04
-1.450000000e-01	4.440547434e+00	9.574348720e-03	1.353308038e-04
-1.460000000e-01	4.440573624e+00	9.093111229e-03	1.612459283e-04
-1.470000000e-01	4.440596219e+00	8.611687640e-03	1.871796157e-04
-1.480000000e-01	4.440618844e+00	8.130264930e-03	2.131128523e-04
-1.490000000e-01	4.440641502e+00	7.648843242e-03	2.390456345e-04
-1.500000000e-01	4.440664193e+00	7.167422562e-03	2.649779583e-04
-1.510000000e-01	4.440682372e+00	6.685765681e-03	2.909236491e-04
-1.520000000e-01	4.440709670e+00	6.204584149e-03	3.168412154e-04
-1.530000000e-01	4.440672432e+00	6.757949138e-03	3.032830612e-04
-1.540000000e-01	4.440702160e+00	6.189596688e-03	2.230062723e-04
-1.550000000e-01	4.440731736e+00	5.621235473e-03	1.427304408e-04
-1.560000000e-01	4.440761162e+00	5.052865624e-03	6.245571967e-05
-1.570000000e-01	4.440788601e+00	4.513016006e-03	1.809511295e-14
-1.580000000e-01	4.440809572e+00	4.073163765e-03	2.623495882e-14
-1.590000000e-01	4.440830584e+00	3.633312882e-03	2.291972959e-14
-1.600000000e-01	4.440851636e+00	3.193463366e-03	2.000132441e-14
-1.610000000e-01	4.440872730e+00	2.753615229e-03	2.593553863e-14
-1.620000000e-01	4.440893863e+00	2.313768479e-03	3.072866910e-14
-1.630000000e-01	4.440915038e+00	1.873923129e-03	1.637809370e-14
-1.640000000e-01	4.440936253e+00	1.434079187e-03	2.245336176e-14
-1.650000000e-01	4.440957509e+00	9.942366636e-04	2.134388763e-14
-1.660000000e-01	4.440978805e+00	5.543955697e-04	5.464596434e-15
-1.670000000e-01	4.441000142e+00	1.145559152e-04	1.828175738e-14
-1.680000000e-01	4.441021520e+00	-3.252822897e-04	2.452732541e-14
-1.690000000e-01	4.441042938e+00	-7.651190347e-04	2.681517097e-14
-1.700000000e-01	4.441064397e+00	-1.204954310e-03	1.765337984e-14
-1.710000000e-01	4.441085897e+00	-1.644788104e-03	1.028721650e-14
-1.720000000e-01	4.441107437e+00	-2.084620409e-03	5.978317571e-15
-1.730000000e-01	4.441129018e+00	-2.524451212e-03	2.623163081e-14
-1.740000000e-01	4.441150640e+00	-2.964280505e-03	1.987528381e-14
-1.750000000e-01	4.441172302e+00	-3.404108276e-03	1.236773020e-14
-1.760000000e-01	4.441194005e+00	-3.843934516e-03	1.781552387e-14
-1.770000000e-01	4.441215749e+00	-4.283759214e-03	2.612802088e-14
-1.780000000e-01	4.441237533e+00	-4.723582360e-03	1.045483949e-14
-1.790000000e-01	4.441259358e+00	-5.163403944e-03	1.386519348e-14
-1.800000000e-01	4.441281223e+00	-5.603223956e-03	3.884019469e-14
-1.810000000e-01	4.441303129e+00	-6.043042386e-03	1.918671327e-14
-1.820000000e-01	4.441325076e+00	-6.482859222e-03	1.703187520e-14
-1.830000000e-01	4.441347063e+00	-6.922674456e-03	5.302458075e-15
-1.840000000e-01	4.441369092e+00	-7.362488077e-03	1.064431661e-14
-1.850000000e-01	4.441391160e+00	-7.802300073e-03	1.599710885e-14
-1.860000000e-01	4.441413270e+00	-8.242110437e-03	2.646724550e-14
-1.870000000e-01	4.441435420e+00	-8.681919156e-03	1.330341428e-14
-1.880000000e-01	4.441457610e+00	-9.121726221e-03	1.949364152e-14
-1.890000000e-01	4.441479841e+00	-9.561531622e-03	2.594714662e-14
-1.900000000e-01	4.441502113e+00	-1.000133535e-02	2.503858397e-14
-1.910000000e-01	4.441524426e+00	-1.044113739e-02	1.392032267e-14
-1.920000000e-01	4.441546779e+00	-1.088093774e-02	2.611660530e-14
-1.930000000e-01	4.441569173e+00	-1.132073638e-02	3.082216059e-14
-1.940000000e-01	4.441591607e+00	-1.176053330e-02	2.592424392e-14
-1.950000000e-01	4.441614083e+00	-1.220032850e-02	1.752574108e-14
-1.960000000e-01	4.441636598e+00	-1.264012197e-02	3.054548613e-14
-1.970000000e-01	4.441659155e+00	-1.307991369e-02	4.142175721e-14
-1.980000000e-01	4.441681752e+00	-1.351970365e-02	2.068517688e-14
-1.990000000e-01	4.441704389e+00	-1.395949184e-02	1.194979938e-14
-2.000000000e-01	4.441727068e+00	-1.439927826e-02	2.097709577e-14
