# epsi_ci     Re(Lambda)      Im(Lambda)      Eq(det), R = 0.5 $\mu$m, $E_p$ = 0.600 eV, modo = 3, $\epsilon_\infty$ = 3.9, $\gamma_{DL}$ = 0.01 eV, solve_det_sinkz_vs_mu.py
0.000000000e+00	4.498102353e+00	7.783556725e-02	2.452042918e-14
-1.000000000e-03	4.498117696e+00	7.739039205e-02	4.529310002e-14
-2.000000000e-03	4.498133080e+00	7.694521661e-02	3.087207788e-14
-3.000000000e-03	4.498148506e+00	7.650004096e-02	3.628440993e-14
-4.000000000e-03	4.498163973e+00	7.605486509e-02	1.602344046e-14
-5.000000000e-03	4.498179481e+00	7.560968901e-02	2.770303555e-14
-6.000000000e-03	4.498195030e+00	7.516451274e-02	3.060438253e-14
-7.000000000e-03	4.498210620e+00	7.471933629e-02	3.290318936e-14
-8.000000000e-03	4.498226251e+00	7.427415967e-02	3.433302651e-14
-9.000000000e-03	4.498241924e+00	7.382898288e-02	3.011869635e-14
-1.000000000e-02	4.498257637e+00	7.338380594e-02	3.852190286e-14
-1.100000000e-02	4.498273392e+00	7.293862886e-02	3.802525424e-14
-1.200000000e-02	4.498289188e+00	7.249345165e-02	3.573242456e-14
-1.300000000e-02	4.498305025e+00	7.204827432e-02	2.639879320e-14
-1.400000000e-02	4.498320903e+00	7.160309688e-02	2.963545922e-14
-1.500000000e-02	4.498336823e+00	7.115791933e-02	2.960938208e-14
-1.600000000e-02	4.498352783e+00	7.071274170e-02	5.352078513e-14
-1.700000000e-02	4.498368785e+00	7.026756399e-02	2.997260856e-14
-1.800000000e-02	4.498384828e+00	6.982238621e-02	2.476575627e-14
-1.900000000e-02	4.498400912e+00	6.937720837e-02	1.822300590e-14
-2.000000000e-02	4.498417037e+00	6.893203048e-02	3.014478254e-14
-2.100000000e-02	4.498433203e+00	6.848685256e-02	2.292321967e-14
-2.200000000e-02	4.498449411e+00	6.804167460e-02	2.551560259e-14
-2.300000000e-02	4.498465659e+00	6.759649663e-02	1.992156442e-14
-2.400000000e-02	4.498481949e+00	6.715131865e-02	1.128846350e-14
-2.500000000e-02	4.498498280e+00	6.670614068e-02	2.657908603e-14
-2.600000000e-02	4.498514652e+00	6.626096272e-02	2.416361199e-14
-2.700000000e-02	4.498531065e+00	6.581578478e-02	1.848991293e-14
-2.800000000e-02	4.498547520e+00	6.537060688e-02	3.340347906e-14
-2.900000000e-02	4.498564015e+00	6.492542902e-02	2.098164559e-14
-3.000000000e-02	4.498580552e+00	6.448025122e-02	2.377558936e-14
-3.100000000e-02	4.498597130e+00	6.403507348e-02	3.355756775e-14
-3.200000000e-02	4.498613749e+00	6.358989582e-02	3.378250620e-14
-3.300000000e-02	4.498630409e+00	6.314471825e-02	1.098227444e-14
-3.400000000e-02	4.498647111e+00	6.269954077e-02	3.046444193e-14
-3.500000000e-02	4.498663853e+00	6.225436339e-02	2.490734005e-14
-3.600000000e-02	4.498680637e+00	6.180918614e-02	3.142389663e-14
-3.700000000e-02	4.498697462e+00	6.136400901e-02	2.875981014e-14
-3.800000000e-02	4.498714328e+00	6.091883202e-02	2.614527113e-14
-3.900000000e-02	4.498731235e+00	6.047365518e-02	1.213040565e-14
-4.000000000e-02	4.498748183e+00	6.002847850e-02	1.034408759e-14
-4.100000000e-02	4.498765172e+00	5.958330199e-02	2.838843904e-14
-4.200000000e-02	4.498782203e+00	5.913812565e-02	1.754522161e-14
-4.300000000e-02	4.498799275e+00	5.869294951e-02	2.710394834e-14
-4.400000000e-02	4.498816388e+00	5.824777356e-02	3.785582202e-14
-4.500000000e-02	4.498833542e+00	5.780259783e-02	3.441223894e-14
-4.600000000e-02	4.498850737e+00	5.735742232e-02	1.541836503e-14
-4.700000000e-02	4.498867974e+00	5.691224703e-02	2.854940549e-14
-4.800000000e-02	4.498885251e+00	5.646707199e-02	2.166827076e-14
-4.900000000e-02	4.498902570e+00	5.602189721e-02	4.219323146e-14
-5.000000000e-02	4.498919930e+00	5.557672268e-02	4.472197368e-14
-5.100000000e-02	4.498937331e+00	5.513154842e-02	2.733762702e-14
-5.200000000e-02	4.498954773e+00	5.468637445e-02	2.138731995e-14
-5.300000000e-02	4.498972256e+00	5.424120078e-02	3.049294095e-14
-5.400000000e-02	4.498989781e+00	5.379602740e-02	1.942384679e-14
-5.500000000e-02	4.499007347e+00	5.335085434e-02	3.885306827e-14
-5.600000000e-02	4.499024953e+00	5.290568160e-02	9.891071531e-15
-5.700000000e-02	4.499042601e+00	5.246050920e-02	2.860318986e-14
-5.800000000e-02	4.499060291e+00	5.201533715e-02	3.456531116e-14
-5.900000000e-02	4.499078021e+00	5.157016545e-02	2.147096309e-14
-6.000000000e-02	4.499095792e+00	5.112499411e-02	1.232802912e-14
-6.100000000e-02	4.499113605e+00	5.067982315e-02	2.137093479e-14
-6.200000000e-02	4.499131459e+00	5.023465258e-02	2.542467987e-14
-6.300000000e-02	4.499149354e+00	4.978948240e-02	2.882158915e-14
-6.400000000e-02	4.499167290e+00	4.934431264e-02	1.927280163e-14
-6.500000000e-02	4.499185267e+00	4.889914328e-02	4.838371084e-14
-6.600000000e-02	4.499203286e+00	4.845397436e-02	1.327020647e-14
-6.700000000e-02	4.499221345e+00	4.800880588e-02	1.855380831e-14
-6.800000000e-02	4.499239446e+00	4.756363784e-02	3.188377772e-14
-6.900000000e-02	4.499257588e+00	4.711847026e-02	2.316102383e-14
-7.000000000e-02	4.499275771e+00	4.667330316e-02	2.905526092e-14
-7.100000000e-02	4.499293995e+00	4.622813653e-02	3.175508030e-14
-7.200000000e-02	4.499312261e+00	4.578297039e-02	4.091601349e-14
-7.300000000e-02	4.499330567e+00	4.533780475e-02	4.207743255e-14
-7.400000000e-02	4.499348915e+00	4.489263963e-02	2.779456634e-14
-7.500000000e-02	4.499367304e+00	4.444747502e-02	3.709883633e-14
-7.600000000e-02	4.499385734e+00	4.400231095e-02	1.938276969e-14
-7.700000000e-02	4.499404205e+00	4.355714742e-02	2.636755175e-14
-7.800000000e-02	4.499422717e+00	4.311198444e-02	3.795770220e-14
-7.900000000e-02	4.499441271e+00	4.266682202e-02	3.306291740e-14
-8.000000000e-02	4.499459866e+00	4.222166018e-02	3.641532360e-14
-8.100000000e-02	4.499478502e+00	4.177649891e-02	1.766147389e-14
-8.200000000e-02	4.499497179e+00	4.133133825e-02	1.763411324e-14
-8.300000000e-02	4.499515897e+00	4.088617818e-02	3.342224183e-14
-8.400000000e-02	4.499534656e+00	4.044101874e-02	1.991757806e-14
-8.500000000e-02	4.499553456e+00	3.999585991e-02	3.093223561e-14
-8.600000000e-02	4.499572298e+00	3.955070172e-02	3.496024035e-14
-8.700000000e-02	4.499591181e+00	3.910554418e-02	3.304952558e-14
-8.800000000e-02	4.499610105e+00	3.866038730e-02	2.659530526e-14
-8.900000000e-02	4.499629070e+00	3.821523107e-02	1.166768910e-14
-9.000000000e-02	4.499648076e+00	3.777007553e-02	1.670855652e-14
-9.100000000e-02	4.499667124e+00	3.732492067e-02	2.357015323e-14
-9.200000000e-02	4.499686212e+00	3.687976651e-02	2.654868347e-14
-9.300000000e-02	4.499705342e+00	3.643461306e-02	3.690476737e-14
-9.400000000e-02	4.499724513e+00	3.598946033e-02	2.167288746e-14
-9.500000000e-02	4.499743725e+00	3.554430832e-02	2.654039619e-14
-9.600000000e-02	4.499762978e+00	3.509915706e-02	3.622306893e-14
-9.700000000e-02	4.499782273e+00	3.465400654e-02	2.332076159e-14
-9.800000000e-02	4.499801608e+00	3.420885678e-02	3.502994404e-14
-9.900000000e-02	4.499820985e+00	3.376370780e-02	2.638129270e-14
-1.000000000e-01	4.499840403e+00	3.331855959e-02	3.702904626e-14
-1.010000000e-01	4.499859862e+00	3.287341217e-02	4.156380413e-14
-1.020000000e-01	4.499879362e+00	3.242826556e-02	2.380143924e-14
-1.030000000e-01	4.499898903e+00	3.198311976e-02	2.664652395e-14
-1.040000000e-01	4.499918486e+00	3.153797477e-02	3.190569747e-14
-1.050000000e-01	4.499938110e+00	3.109283062e-02	1.755819373e-14
-1.060000000e-01	4.499957774e+00	3.064768732e-02	2.853059859e-14
-1.070000000e-01	4.499977480e+00	3.020254486e-02	2.144797533e-14
-1.080000000e-01	4.499997228e+00	2.975740327e-02	2.528829644e-14
-1.090000000e-01	4.500017016e+00	2.931226255e-02	2.776316286e-14
-1.100000000e-01	4.500036845e+00	2.886712272e-02	3.992850924e-14
-1.110000000e-01	4.500056716e+00	2.842198378e-02	1.441363213e-14
-1.120000000e-01	4.500076628e+00	2.797684575e-02	2.071474962e-14
-1.130000000e-01	4.500096581e+00	2.753170863e-02	3.159800319e-14
-1.140000000e-01	4.500116575e+00	2.708657244e-02	2.507672818e-14
-1.150000000e-01	4.500136610e+00	2.664143718e-02	3.785156174e-14
-1.160000000e-01	4.500156686e+00	2.619630287e-02	2.015267467e-14
-1.170000000e-01	4.500176804e+00	2.575116951e-02	3.987531664e-14
-1.180000000e-01	4.500196963e+00	2.530603713e-02	1.965046090e-14
-1.190000000e-01	4.500217162e+00	2.486090572e-02	2.191019387e-14
-1.200000000e-01	4.500237403e+00	2.441577529e-02	2.025409428e-14
-1.210000000e-01	4.500257686e+00	2.397064587e-02	2.082600664e-14
-1.220000000e-01	4.500278009e+00	2.352551745e-02	2.222860621e-14
-1.230000000e-01	4.500298373e+00	2.308039006e-02	3.564642513e-14
-1.240000000e-01	4.500318779e+00	2.263526369e-02	1.667641719e-14
-1.250000000e-01	4.500339676e+00	2.218102899e-02	7.288302282e-06
-1.260000000e-01	4.500361640e+00	2.170605174e-02	3.117317222e-05
-1.270000000e-01	4.500383655e+00	2.123107622e-02	5.505774730e-05
-1.280000000e-01	4.500405693e+00	2.075610102e-02	7.894202323e-05
-1.290000000e-01	4.500427772e+00	2.028112705e-02	1.028259997e-04
-1.300000000e-01	4.500451947e+00	1.980625716e-02	1.267203017e-04
-1.310000000e-01	4.500472060e+00	1.933118325e-02	1.505930439e-04
-1.320000000e-01	4.500494264e+00	1.885621319e-02	1.744761071e-04
-1.330000000e-01	4.500516508e+00	1.838124437e-02	1.983588615e-04
-1.340000000e-01	4.500538792e+00	1.790627681e-02	2.222413048e-04
-1.350000000e-01	4.500555569e+00	1.743103006e-02	2.461634421e-04
-1.360000000e-01	4.500583510e+00	1.695634707e-02	2.700052505e-04
-1.370000000e-01	4.500605882e+00	1.648138173e-02	2.938867462e-04
-1.380000000e-01	4.500628327e+00	1.600641935e-02	3.177679232e-04
-1.390000000e-01	4.500650810e+00	1.553145818e-02	3.416487780e-04
-1.400000000e-01	4.500673335e+00	1.505649849e-02	3.655293085e-04
-1.410000000e-01	4.500695899e+00	1.458154006e-02	3.894095125e-04
-1.420000000e-01	4.500718503e+00	1.410658299e-02	4.132893878e-04
-1.430000000e-01	4.500741146e+00	1.363162727e-02	4.371689321e-04
-1.440000000e-01	4.500763831e+00	1.315667298e-02	4.610481433e-04
-1.450000000e-01	4.500786627e+00	1.268172377e-02	4.849270225e-04
-1.460000000e-01	4.500847224e+00	1.220872915e-02	5.097089085e-04
-1.470000000e-01	4.500832072e+00	1.173181582e-02	5.326837575e-04
-1.480000000e-01	4.500854968e+00	1.125686982e-02	5.565616125e-04
-1.490000000e-01	4.500876662e+00	1.078186069e-02	5.804399039e-04
-1.500000000e-01	4.500900775e+00	1.030697681e-02	6.043162909e-04
-1.510000000e-01	4.500923739e+00	9.832032502e-03	6.281931084e-04
-1.520000000e-01	4.500946743e+00	9.357089672e-03	6.520695751e-04
-1.530000000e-01	4.500969787e+00	8.882148381e-03	6.759456889e-04
-1.540000000e-01	4.500992871e+00	8.407208560e-03	6.998214474e-04
-1.550000000e-01	4.501031440e+00	7.933083871e-03	7.238023631e-04
-1.560000000e-01	4.501039159e+00	7.457333528e-03	7.475718903e-04
-1.570000000e-01	4.501062364e+00	6.982398377e-03	7.714465702e-04
-1.580000000e-01	4.501085606e+00	6.507464650e-03	7.953208861e-04
-1.590000000e-01	4.501108891e+00	6.032532585e-03	8.191948358e-04
-1.600000000e-01	4.501071890e+00	6.742090641e-03	1.045959616e-04
-1.610000000e-01	4.501102718e+00	6.166406471e-03	4.112285447e-14
-1.620000000e-01	4.501124687e+00	5.721326903e-03	1.621161355e-14
-1.630000000e-01	4.501146697e+00	5.276248770e-03	1.847905631e-14
-1.640000000e-01	4.501168749e+00	4.831172080e-03	1.661093282e-14
-1.650000000e-01	4.501190842e+00	4.386096845e-03	3.542552427e-14
-1.660000000e-01	4.501212976e+00	3.941023076e-03	2.107696051e-14
-1.670000000e-01	4.501235151e+00	3.495950782e-03	2.837225360e-14
-1.680000000e-01	4.501257367e+00	3.050879973e-03	1.955875665e-14
-1.690000000e-01	4.501279624e+00	2.605810661e-03	1.812938740e-14
-1.700000000e-01	4.501301923e+00	2.160742856e-03	1.269026813e-14
-1.710000000e-01	4.501324263e+00	1.715676567e-03	2.896135330e-14
-1.720000000e-01	4.501346643e+00	1.270611806e-03	1.789748673e-14
-1.730000000e-01	4.501369065e+00	8.255485825e-04	2.937840166e-14
-1.740000000e-01	4.501391528e+00	3.804869072e-04	3.322164178e-14
-1.750000000e-01	4.501414033e+00	-6.457320958e-05	2.521903563e-14
-1.760000000e-01	4.501436578e+00	-5.096317576e-04	4.335139439e-14
-1.770000000e-01	4.501459164e+00	-9.546887263e-04	2.558202169e-14
-1.780000000e-01	4.501481792e+00	-1.399744105e-03	3.639269553e-14
-1.790000000e-01	4.501504461e+00	-1.844797884e-03	2.447854939e-14
-1.800000000e-01	4.501527171e+00	-2.289850053e-03	2.723756232e-14
-1.810000000e-01	4.501549922e+00	-2.734900601e-03	3.603769549e-14
-1.820000000e-01	4.501572714e+00	-3.179949517e-03	3.639394895e-14
-1.830000000e-01	4.501595547e+00	-3.624996792e-03	3.672032771e-14
-1.840000000e-01	4.501618422e+00	-4.070042416e-03	2.579777070e-14
-1.850000000e-01	4.501641337e+00	-4.515086376e-03	2.322191869e-14
-1.860000000e-01	4.501664294e+00	-4.960128665e-03	3.353716145e-14
-1.870000000e-01	4.501687292e+00	-5.405169270e-03	1.928939901e-14
-1.880000000e-01	4.501710331e+00	-5.850208181e-03	2.140546179e-14
-1.890000000e-01	4.501733411e+00	-6.295245389e-03	4.322549746e-14
-1.900000000e-01	4.501756532e+00	-6.740280883e-03	4.051572995e-14
-1.910000000e-01	4.501779695e+00	-7.185314652e-03	2.990893127e-14
-1.920000000e-01	4.501802898e+00	-7.630346686e-03	1.687259670e-14
-1.930000000e-01	4.501826143e+00	-8.075376974e-03	2.618820928e-14
-1.940000000e-01	4.501849429e+00	-8.520405507e-03	2.684672806e-14
-1.950000000e-01	4.501872755e+00	-8.965432274e-03	4.014682149e-14
-1.960000000e-01	4.501896124e+00	-9.410457264e-03	2.633432479e-14
-1.970000000e-01	4.501919533e+00	-9.855480467e-03	3.456263755e-14
-1.980000000e-01	4.501942983e+00	-1.030050187e-02	1.995313365e-14
-1.990000000e-01	4.501966474e+00	-1.074552147e-02	1.588339345e-14
-2.000000000e-01	4.501990007e+00	-1.119053925e-02	3.506520884e-14
