# Im(epsi1)     Re(Lambda)      Im(Lambda)      Eq(det).Opt det SIN kz, R=0.5 \mum, Re(epsi1)=4.90solve_det_sinkz_vs_mu.py
0.000000000e+00	2.796801627e+01	4.772023610e-02	1.670101562e-11
-1.000000000e-04	2.796801679e+01	4.748351084e-02	1.566328664e-11
-2.000000000e-04	2.796801732e+01	4.724678558e-02	1.754277348e-11
-3.000000000e-04	2.796801784e+01	4.701006032e-02	7.498887840e-12
-4.000000000e-04	2.796801837e+01	4.677333506e-02	1.612068902e-11
-5.000000000e-04	2.796801890e+01	4.653660980e-02	1.291518659e-11
-6.000000000e-04	2.796801943e+01	4.629988454e-02	7.054540729e-12
-7.000000000e-04	2.796801997e+01	4.606315928e-02	1.620198755e-11
-8.000000000e-04	2.796802050e+01	4.582643401e-02	9.482218110e-12
-9.000000000e-04	2.796802104e+01	4.558970875e-02	1.146428612e-11
-1.000000000e-03	2.796802158e+01	4.535298349e-02	1.698403381e-11
-1.100000000e-03	2.796802212e+01	4.511625823e-02	1.863071691e-11
-1.200000000e-03	2.796802267e+01	4.487953297e-02	4.960455873e-12
-1.300000000e-03	2.796802321e+01	4.464280771e-02	2.043549865e-11
-1.400000000e-03	2.796802376e+01	4.440608245e-02	5.834300707e-12
-1.500000000e-03	2.796802431e+01	4.416935719e-02	1.587035617e-11
-1.600000000e-03	2.796802486e+01	4.393263193e-02	9.883433853e-12
-1.700000000e-03	2.796802542e+01	4.369590667e-02	1.078724743e-11
-1.800000000e-03	2.796802597e+01	4.345918141e-02	1.242308118e-11
-1.900000000e-03	2.796802653e+01	4.322245615e-02	8.701428200e-12
-2.000000000e-03	2.796802709e+01	4.298573090e-02	1.781746440e-11
-2.100000000e-03	2.796802766e+01	4.274900564e-02	1.383375104e-11
-2.200000000e-03	2.796802822e+01	4.251228038e-02	6.135306832e-12
-2.300000000e-03	2.796802879e+01	4.227555513e-02	5.902820440e-12
-2.400000000e-03	2.796802935e+01	4.203882987e-02	9.364921617e-12
-2.500000000e-03	2.796802992e+01	4.180210462e-02	2.849346629e-11
-2.600000000e-03	2.796803050e+01	4.156537937e-02	5.759912886e-12
-2.700000000e-03	2.796803107e+01	4.132865412e-02	1.003961315e-11
-2.800000000e-03	2.796803165e+01	4.109192887e-02	6.795847891e-12
-2.900000000e-03	2.796803222e+01	4.085520362e-02	8.359123699e-12
-3.000000000e-03	2.796803280e+01	4.061847837e-02	8.496142100e-12
-3.100000000e-03	2.796803339e+01	4.038175312e-02	1.187013364e-11
-3.200000000e-03	2.796803397e+01	4.014502788e-02	7.872888056e-12
-3.300000000e-03	2.796803456e+01	3.990830263e-02	4.163458943e-12
-3.400000000e-03	2.796803514e+01	3.967157738e-02	1.415517343e-11
-3.500000000e-03	2.796803573e+01	3.943485215e-02	2.196187793e-11
-3.600000000e-03	2.796803633e+01	3.919812691e-02	1.561681162e-11
-3.700000000e-03	2.796803692e+01	3.896140166e-02	1.488150538e-11
-3.800000000e-03	2.796803752e+01	3.872467643e-02	9.146860735e-12
-3.900000000e-03	2.796803811e+01	3.848795119e-02	7.665831267e-12
-4.000000000e-03	2.796803871e+01	3.825122596e-02	1.057043686e-11
-4.100000000e-03	2.796803932e+01	3.801450072e-02	9.613843160e-12
-4.200000000e-03	2.796803992e+01	3.777777549e-02	2.209892599e-11
-4.300000000e-03	2.796804053e+01	3.754105027e-02	1.911471840e-11
-4.400000000e-03	2.796804113e+01	3.730432503e-02	2.658869927e-11
-4.500000000e-03	2.796804174e+01	3.706759981e-02	1.728593352e-11
-4.600000000e-03	2.796804236e+01	3.683087458e-02	1.037741862e-11
-4.700000000e-03	2.796804297e+01	3.659414936e-02	2.190204028e-11
-4.800000000e-03	2.796804359e+01	3.635742414e-02	6.509160487e-12
-4.900000000e-03	2.796804421e+01	3.612069892e-02	1.875045215e-11
-5.000000000e-03	2.796804483e+01	3.588397371e-02	7.673711023e-12
-5.100000000e-03	2.796804545e+01	3.564724850e-02	1.715643616e-11
-5.200000000e-03	2.796804607e+01	3.541052329e-02	7.917666903e-12
-5.300000000e-03	2.796804670e+01	3.517379808e-02	1.073438168e-11
-5.400000000e-03	2.796804733e+01	3.493707287e-02	7.474982945e-12
-5.500000000e-03	2.796804796e+01	3.470034767e-02	5.082751310e-12
-5.600000000e-03	2.796804859e+01	3.446362247e-02	1.944948182e-11
-5.700000000e-03	2.796804922e+01	3.422689726e-02	2.072998737e-11
-5.800000000e-03	2.796804986e+01	3.399017207e-02	1.819799549e-11
-5.900000000e-03	2.796805050e+01	3.375344687e-02	2.548336749e-11
-6.000000000e-03	2.796805114e+01	3.351672168e-02	1.261626949e-11
-6.100000000e-03	2.796805178e+01	3.327999649e-02	6.717232094e-12
-6.200000000e-03	2.796805242e+01	3.304327131e-02	1.253073834e-11
-6.300000000e-03	2.796805307e+01	3.280654613e-02	1.862384339e-11
-6.400000000e-03	2.796805372e+01	3.256982094e-02	1.748296045e-11
-6.500000000e-03	2.796805437e+01	3.233309577e-02	9.609319097e-12
-6.600000000e-03	2.796805502e+01	3.209637059e-02	2.890212228e-11
-6.700000000e-03	2.796805567e+01	3.185964542e-02	7.213132506e-12
-6.800000000e-03	2.796805633e+01	3.162292025e-02	1.579408207e-11
-6.900000000e-03	2.796805699e+01	3.138619509e-02	6.728768583e-12
-7.000000000e-03	2.796805765e+01	3.114946992e-02	1.287233344e-11
-7.100000000e-03	2.796805831e+01	3.091274476e-02	1.011326718e-11
-7.200000000e-03	2.796805897e+01	3.067601961e-02	8.038499235e-12
-7.300000000e-03	2.796805964e+01	3.043929446e-02	1.155154113e-11
-7.400000000e-03	2.796806031e+01	3.020256931e-02	1.695538218e-11
-7.500000000e-03	2.796806098e+01	2.996584416e-02	2.689111141e-11
-7.600000000e-03	2.796806165e+01	2.972911902e-02	1.400249986e-11
-7.700000000e-03	2.796806232e+01	2.949239388e-02	7.720671387e-12
-7.800000000e-03	2.796806300e+01	2.925566874e-02	1.422049405e-11
-7.900000000e-03	2.796806368e+01	2.901894361e-02	1.013323069e-11
-8.000000000e-03	2.796806436e+01	2.878221848e-02	6.990158711e-12
-8.100000000e-03	2.796806504e+01	2.854549336e-02	1.610968494e-11
-8.200000000e-03	2.796806572e+01	2.830876824e-02	9.121900854e-12
-8.300000000e-03	2.796806641e+01	2.807204312e-02	9.796765965e-12
-8.400000000e-03	2.796806709e+01	2.783531801e-02	1.656862223e-11
-8.500000000e-03	2.796806778e+01	2.759859289e-02	1.862634226e-11
-8.600000000e-03	2.796806848e+01	2.736186779e-02	1.680465328e-11
-8.700000000e-03	2.796806917e+01	2.712514269e-02	1.550005211e-11
-8.800000000e-03	2.796806987e+01	2.688841759e-02	1.662996934e-11
-8.900000000e-03	2.796807056e+01	2.665169250e-02	1.195683860e-11
-9.000000000e-03	2.796807126e+01	2.641496741e-02	1.051493776e-11
-9.100000000e-03	2.796807197e+01	2.617824233e-02	3.316619101e-11
-9.200000000e-03	2.796807267e+01	2.594151724e-02	1.138612037e-11
-9.300000000e-03	2.796807338e+01	2.570479217e-02	8.013595499e-12
-9.400000000e-03	2.796807408e+01	2.546806709e-02	1.012557050e-11
-9.500000000e-03	2.796807479e+01	2.523134203e-02	2.614372593e-11
-9.600000000e-03	2.796807551e+01	2.499461696e-02	7.102431461e-12
-9.700000000e-03	2.796807622e+01	2.475789190e-02	2.588233210e-11
-9.800000000e-03	2.796807694e+01	2.452116685e-02	9.052741754e-12
-9.900000000e-03	2.796807765e+01	2.428444180e-02	1.351952944e-11
-1.000000000e-02	2.796807837e+01	2.404771675e-02	9.065378037e-12
-1.010000000e-02	2.796807910e+01	2.381099171e-02	9.496076032e-12
-1.020000000e-02	2.796807982e+01	2.357426668e-02	2.390837155e-11
-1.030000000e-02	2.796808055e+01	2.333754165e-02	1.144150920e-11
-1.040000000e-02	2.796808127e+01	2.310081662e-02	1.467822863e-11
-1.050000000e-02	2.796808200e+01	2.286409160e-02	1.087585814e-11
-1.060000000e-02	2.796808274e+01	2.262736659e-02	1.342776253e-11
-1.070000000e-02	2.796808347e+01	2.239064157e-02	1.167040172e-11
-1.080000000e-02	2.796808421e+01	2.215391657e-02	1.031620746e-11
-1.090000000e-02	2.796808494e+01	2.191719157e-02	1.139145336e-11
-1.100000000e-02	2.796808568e+01	2.168046657e-02	2.523932635e-11
-1.110000000e-02	2.796808642e+01	2.144374158e-02	1.550937197e-11
-1.120000000e-02	2.796808717e+01	2.120701659e-02	1.961603109e-11
-1.130000000e-02	2.796808791e+01	2.097029162e-02	2.730742057e-11
-1.140000000e-02	2.796808866e+01	2.073356664e-02	2.091311913e-11
-1.150000000e-02	2.796808941e+01	2.049684167e-02	2.206968730e-11
-1.160000000e-02	2.796809016e+01	2.026011671e-02	9.478323587e-12
-1.170000000e-02	2.796809092e+01	2.002339175e-02	1.088386078e-11
-1.180000000e-02	2.796809167e+01	1.978666679e-02	1.211163328e-11
-1.190000000e-02	2.796809243e+01	1.954994185e-02	9.439400288e-12
-1.200000000e-02	2.796809319e+01	1.931321691e-02	9.272076646e-12
-1.210000000e-02	2.796809395e+01	1.907649197e-02	8.202365413e-12
-1.220000000e-02	2.796809472e+01	1.883976704e-02	1.607592398e-11
-1.230000000e-02	2.796809548e+01	1.860304212e-02	1.863528220e-11
-1.240000000e-02	2.796809625e+01	1.836631720e-02	1.074684915e-11
-1.250000000e-02	2.796809702e+01	1.812959228e-02	1.464320963e-11
-1.260000000e-02	2.796809779e+01	1.789286738e-02	1.115476569e-11
-1.270000000e-02	2.796809857e+01	1.765614248e-02	8.765950938e-12
-1.280000000e-02	2.796809934e+01	1.741941759e-02	9.714677880e-12
-1.290000000e-02	2.796810012e+01	1.718269270e-02	1.656545963e-11
-1.300000000e-02	2.796810090e+01	1.694596782e-02	1.913893016e-11
-1.310000000e-02	2.796810168e+01	1.670924294e-02	1.482925073e-11
-1.320000000e-02	2.796810247e+01	1.647251807e-02	1.141941404e-11
-1.330000000e-02	2.796810325e+01	1.623579320e-02	1.559517899e-11
-1.340000000e-02	2.796810404e+01	1.599906835e-02	1.298512867e-11
-1.350000000e-02	2.796810483e+01	1.576234349e-02	1.948391999e-11
-1.360000000e-02	2.796810562e+01	1.552561865e-02	1.224376915e-11
-1.370000000e-02	2.796810642e+01	1.528889381e-02	7.986950865e-12
-1.380000000e-02	2.796810721e+01	1.505216899e-02	1.037881920e-11
-1.390000000e-02	2.796810801e+01	1.481544416e-02	2.263455336e-11
-1.400000000e-02	2.796810881e+01	1.457871934e-02	6.181679077e-12
-1.410000000e-02	2.796810961e+01	1.434199453e-02	7.018943190e-12
-1.420000000e-02	2.796811041e+01	1.410526972e-02	1.270811691e-11
-1.430000000e-02	2.796811122e+01	1.386854493e-02	9.235358589e-12
-1.440000000e-02	2.796811203e+01	1.363182014e-02	1.317993840e-11
-1.450000000e-02	2.796811284e+01	1.339509535e-02	1.576413550e-11
-1.460000000e-02	2.796811365e+01	1.315837058e-02	1.356492601e-11
-1.470000000e-02	2.796811446e+01	1.292164581e-02	5.296633297e-12
-1.480000000e-02	2.796811528e+01	1.268492104e-02	1.376210052e-11
-1.490000000e-02	2.796811610e+01	1.244819629e-02	1.198165126e-11
-1.500000000e-02	2.796811692e+01	1.221147154e-02	2.120848682e-11
-1.510000000e-02	2.796811774e+01	1.197474679e-02	2.476218864e-11
-1.520000000e-02	2.796811856e+01	1.173802206e-02	1.105372885e-11
-1.530000000e-02	2.796811939e+01	1.150129734e-02	7.667850074e-12
-1.540000000e-02	2.796812022e+01	1.126457262e-02	1.934857414e-11
-1.550000000e-02	2.796812105e+01	1.102784791e-02	1.391535744e-11
-1.560000000e-02	2.796812188e+01	1.079112320e-02	3.073752627e-11
-1.570000000e-02	2.796812271e+01	1.055439851e-02	1.264439675e-11
-1.580000000e-02	2.796812355e+01	1.031767381e-02	9.739085637e-12
-1.590000000e-02	2.796812439e+01	1.008094913e-02	1.080343987e-11
-1.600000000e-02	2.796812522e+01	9.844224459e-03	1.634022963e-11
-1.610000000e-02	2.796812607e+01	9.607499796e-03	1.143109992e-11
-1.620000000e-02	2.796812691e+01	9.370775134e-03	8.996795469e-12
-1.630000000e-02	2.796812776e+01	9.134050487e-03	2.055935675e-11
-1.640000000e-02	2.796812860e+01	8.897325843e-03	1.095313416e-11
-1.650000000e-02	2.796812945e+01	8.660601205e-03	1.492462898e-11
-1.660000000e-02	2.796813031e+01	8.423876581e-03	6.727749137e-12
-1.670000000e-02	2.796813116e+01	8.187151961e-03	1.279500756e-11
-1.680000000e-02	2.796813202e+01	7.950427350e-03	1.146983583e-11
-1.690000000e-02	2.796813287e+01	7.713702746e-03	1.156733427e-11
-1.700000000e-02	2.796813373e+01	7.476978152e-03	7.418229470e-12
-1.710000000e-02	2.796813459e+01	7.240253567e-03	8.439672334e-12
-1.720000000e-02	2.796813546e+01	7.003528990e-03	1.031139116e-11
-1.730000000e-02	2.796813632e+01	6.766804415e-03	2.838555300e-11
-1.740000000e-02	2.796813719e+01	6.530079856e-03	1.664803593e-11
-1.750000000e-02	2.796813806e+01	6.293355303e-03	1.714645109e-11
-1.760000000e-02	2.796813893e+01	6.056630763e-03	2.170913009e-11
-1.770000000e-02	2.796813981e+01	5.819906225e-03	9.709238582e-12
-1.780000000e-02	2.796814068e+01	5.583181698e-03	1.591613370e-11
-1.790000000e-02	2.796814156e+01	5.346457173e-03	2.657986767e-11
-1.800000000e-02	2.796814244e+01	5.109732671e-03	2.092280533e-11
-1.810000000e-02	2.796814332e+01	4.873008170e-03	2.632024975e-11
-1.820000000e-02	2.796814421e+01	4.636283672e-03	1.258929753e-11
-1.830000000e-02	2.796814509e+01	4.399559189e-03	6.904462606e-12
-1.840000000e-02	2.796814598e+01	4.162834717e-03	9.031468847e-12
-1.850000000e-02	2.796814687e+01	3.926110248e-03	1.355914273e-11
-1.860000000e-02	2.796814776e+01	3.689385792e-03	1.617305730e-11
-1.870000000e-02	2.796814865e+01	3.452661344e-03	1.179292446e-11
-1.880000000e-02	2.796814955e+01	3.215936907e-03	5.277351770e-12
-1.890000000e-02	2.796815045e+01	2.979212476e-03	7.465638273e-12
-1.900000000e-02	2.796815135e+01	2.742488056e-03	4.721994873e-12
-1.910000000e-02	2.796815225e+01	2.505763647e-03	2.275416373e-11
-1.920000000e-02	2.796815315e+01	2.269039244e-03	2.673259598e-11
-1.930000000e-02	2.796815406e+01	2.032314851e-03	1.389120581e-11
-1.940000000e-02	2.796815497e+01	1.795590465e-03	1.610471014e-11
-1.950000000e-02	2.796815588e+01	1.558866095e-03	1.243517950e-11
-1.960000000e-02	2.796815679e+01	1.322141728e-03	1.136863965e-11
-1.970000000e-02	2.796815770e+01	1.085417376e-03	2.343945176e-11
-1.980000000e-02	2.796815862e+01	8.486930263e-04	2.404927908e-11
-1.990000000e-02	2.796815953e+01	6.119686943e-04	1.490764384e-11
-2.000000000e-02	2.796816045e+01	3.752443685e-04	8.362907696e-12
-2.010000000e-02	2.796816138e+01	1.385200522e-04	1.530065366e-11
-2.020000000e-02	2.796816230e+01	-9.820425676e-05	8.470467952e-12
-2.030000000e-02	2.796816323e+01	-3.349285534e-04	1.065770679e-11
-2.040000000e-02	2.796816415e+01	-5.716528371e-04	1.868940487e-11
-2.050000000e-02	2.796816508e+01	-8.083771152e-04	8.541069225e-12
-2.060000000e-02	2.796816601e+01	-1.045101383e-03	9.314287526e-12
-2.070000000e-02	2.796816695e+01	-1.281825640e-03	9.488138687e-12
-2.080000000e-02	2.796816788e+01	-1.518549887e-03	1.122370654e-11
-2.090000000e-02	2.796816882e+01	-1.755274120e-03	1.645947996e-11
-2.100000000e-02	2.796816976e+01	-1.991998346e-03	1.692468618e-11
-2.110000000e-02	2.796817070e+01	-2.228722559e-03	2.575077936e-11
-2.120000000e-02	2.796817165e+01	-2.465446768e-03	1.400981862e-11
-2.130000000e-02	2.796817259e+01	-2.702170964e-03	9.737771777e-12
-2.140000000e-02	2.796817354e+01	-2.938895150e-03	9.478771180e-12
-2.150000000e-02	2.796817449e+01	-3.175619325e-03	1.296875442e-11
-2.160000000e-02	2.796817544e+01	-3.412343487e-03	1.335612623e-11
-2.170000000e-02	2.796817639e+01	-3.649067640e-03	1.719758550e-11
-2.180000000e-02	2.796817735e+01	-3.885791786e-03	1.542167376e-11
-2.190000000e-02	2.796817831e+01	-4.122515916e-03	3.951312244e-12
-2.200000000e-02	2.796817927e+01	-4.359240035e-03	1.941966533e-11
-2.210000000e-02	2.796818023e+01	-4.595964154e-03	3.321594576e-11
-2.220000000e-02	2.796818119e+01	-4.832688251e-03	9.618326287e-12
-2.230000000e-02	2.796818216e+01	-5.069412340e-03	1.306711590e-11
-2.240000000e-02	2.796818313e+01	-5.306136414e-03	1.666820644e-11
-2.250000000e-02	2.796818410e+01	-5.542860483e-03	1.484447957e-11
-2.260000000e-02	2.796818507e+01	-5.779584539e-03	1.276022929e-11
-2.270000000e-02	2.796818604e+01	-6.016308588e-03	2.103762237e-11
-2.280000000e-02	2.796818702e+01	-6.253032624e-03	3.168117486e-11
-2.290000000e-02	2.796818799e+01	-6.489756641e-03	2.840217893e-11
-2.300000000e-02	2.796818897e+01	-6.726480652e-03	1.503056255e-11
-2.310000000e-02	2.796818996e+01	-6.963204655e-03	7.080789204e-12
-2.320000000e-02	2.796819094e+01	-7.199928648e-03	2.865507734e-11
-2.330000000e-02	2.796819193e+01	-7.436652623e-03	7.628698053e-12
-2.340000000e-02	2.796819291e+01	-7.673376590e-03	1.395777066e-11
-2.350000000e-02	2.796819390e+01	-7.910100541e-03	1.223006528e-11
-2.360000000e-02	2.796819489e+01	-8.146824489e-03	1.066769173e-11
-2.370000000e-02	2.796819589e+01	-8.383548417e-03	1.710016776e-11
-2.380000000e-02	2.796819688e+01	-8.620272343e-03	2.610944326e-11
-2.390000000e-02	2.796819788e+01	-8.856996246e-03	1.001171814e-11
-2.400000000e-02	2.796819888e+01	-9.093720146e-03	6.883010513e-12
-2.410000000e-02	2.796819988e+01	-9.330444028e-03	1.098796637e-11
-2.420000000e-02	2.796820089e+01	-9.567167904e-03	1.445158915e-11
-2.430000000e-02	2.796820189e+01	-9.803891763e-03	1.565748588e-11
-2.440000000e-02	2.796820290e+01	-1.004061562e-02	3.110216616e-11
-2.450000000e-02	2.796820391e+01	-1.027733946e-02	1.696618337e-11
-2.460000000e-02	2.796820492e+01	-1.051406328e-02	9.876298508e-12
-2.470000000e-02	2.796820593e+01	-1.075078709e-02	7.751884681e-12
-2.480000000e-02	2.796820695e+01	-1.098751090e-02	1.293146145e-11
-2.490000000e-02	2.796820797e+01	-1.122423468e-02	1.846733446e-11
-2.500000000e-02	2.796820899e+01	-1.146095846e-02	9.667835705e-12
-2.510000000e-02	2.796821001e+01	-1.169768223e-02	3.665609907e-11
-2.520000000e-02	2.796821103e+01	-1.193440598e-02	1.638645966e-11
-2.530000000e-02	2.796821206e+01	-1.217112972e-02	1.418229578e-11
-2.540000000e-02	2.796821308e+01	-1.240785345e-02	1.531067537e-11
-2.550000000e-02	2.796821411e+01	-1.264457716e-02	7.055204846e-12
-2.560000000e-02	2.796821515e+01	-1.288130086e-02	1.344008994e-11
-2.570000000e-02	2.796821618e+01	-1.311802455e-02	7.288035097e-12
-2.580000000e-02	2.796821721e+01	-1.335474823e-02	7.902313871e-12
-2.590000000e-02	2.796821825e+01	-1.359147190e-02	1.562169244e-11
-2.600000000e-02	2.796821929e+01	-1.382819555e-02	8.091300798e-12
-2.610000000e-02	2.796822033e+01	-1.406491919e-02	1.589338066e-11
-2.620000000e-02	2.796822138e+01	-1.430164282e-02	8.177115435e-12
-2.630000000e-02	2.796822242e+01	-1.453836643e-02	1.725741090e-11
-2.640000000e-02	2.796822347e+01	-1.477509003e-02	1.152200838e-11
-2.650000000e-02	2.796822452e+01	-1.501181362e-02	1.185244250e-11
-2.660000000e-02	2.796822557e+01	-1.524853719e-02	1.841065778e-11
-2.670000000e-02	2.796822662e+01	-1.548526076e-02	7.324238710e-12
-2.680000000e-02	2.796822768e+01	-1.572198431e-02	1.064178752e-11
-2.690000000e-02	2.796822874e+01	-1.595870784e-02	1.373168198e-11
-2.700000000e-02	2.796822980e+01	-1.619543136e-02	1.334049031e-11
-2.710000000e-02	2.796823086e+01	-1.643215487e-02	9.495800898e-12
-2.720000000e-02	2.796823192e+01	-1.666887837e-02	1.357065246e-11
-2.730000000e-02	2.796823299e+01	-1.690560185e-02	2.894739585e-11
-2.740000000e-02	2.796823406e+01	-1.714232532e-02	2.203977238e-11
-2.750000000e-02	2.796823513e+01	-1.737904877e-02	1.781529575e-11
-2.760000000e-02	2.796823620e+01	-1.761577222e-02	2.035196450e-11
-2.770000000e-02	2.796823727e+01	-1.785249565e-02	2.954319532e-11
-2.780000000e-02	2.796823835e+01	-1.808921906e-02	1.062550069e-11
-2.790000000e-02	2.796823942e+01	-1.832594246e-02	2.045045931e-11
-2.800000000e-02	2.796824050e+01	-1.856266585e-02	1.101831445e-11
-2.810000000e-02	2.796824158e+01	-1.879938922e-02	6.899951781e-12
-2.820000000e-02	2.796824267e+01	-1.903611258e-02	8.371420900e-12
-2.830000000e-02	2.796824375e+01	-1.927283593e-02	1.069191509e-11
-2.840000000e-02	2.796824484e+01	-1.950955926e-02	2.368349373e-11
-2.850000000e-02	2.796824593e+01	-1.974628258e-02	2.032347510e-11
-2.860000000e-02	2.796824702e+01	-1.998300588e-02	8.977207152e-12
-2.870000000e-02	2.796824812e+01	-2.021972917e-02	1.212617017e-11
-2.880000000e-02	2.796824921e+01	-2.045645245e-02	1.163813641e-11
-2.890000000e-02	2.796825031e+01	-2.069317571e-02	8.045488779e-12
-2.900000000e-02	2.796825141e+01	-2.092989896e-02	1.112496403e-11
-2.910000000e-02	2.796825251e+01	-2.116662219e-02	2.628420471e-11
-2.920000000e-02	2.796825361e+01	-2.140334541e-02	2.372916686e-11
-2.930000000e-02	2.796825472e+01	-2.164006861e-02	9.991754485e-12
-2.940000000e-02	2.796825583e+01	-2.187679181e-02	7.650499070e-12
-2.950000000e-02	2.796825694e+01	-2.211351498e-02	1.128138147e-11
-2.960000000e-02	2.796825805e+01	-2.235023814e-02	6.058269836e-12
-2.970000000e-02	2.796825916e+01	-2.258696129e-02	1.347875704e-11
-2.980000000e-02	2.796826028e+01	-2.282368442e-02	6.932540448e-12
-2.990000000e-02	2.796826139e+01	-2.306040754e-02	1.510525621e-11
-3.000000000e-02	2.796826251e+01	-2.329713064e-02	1.251791829e-11
-3.010000000e-02	2.796826363e+01	-2.353385373e-02	1.728649762e-11
-3.020000000e-02	2.796826476e+01	-2.377057680e-02	1.432663099e-11
-3.030000000e-02	2.796826588e+01	-2.400729986e-02	1.127046047e-11
-3.040000000e-02	2.796826701e+01	-2.424402290e-02	9.130718315e-12
-3.050000000e-02	2.796826814e+01	-2.448074593e-02	1.622636323e-11
-3.060000000e-02	2.796826927e+01	-2.471746894e-02	1.169130398e-11
-3.070000000e-02	2.796827040e+01	-2.495419194e-02	1.907805791e-11
-3.080000000e-02	2.796827154e+01	-2.519091492e-02	6.779327946e-12
-3.090000000e-02	2.796827268e+01	-2.542763789e-02	8.557307830e-12
-3.100000000e-02	2.796827382e+01	-2.566436084e-02	1.241450789e-11
-3.110000000e-02	2.796827496e+01	-2.590108378e-02	1.214291703e-11
-3.120000000e-02	2.796827610e+01	-2.613780670e-02	1.848128486e-11
-3.130000000e-02	2.796827725e+01	-2.637452961e-02	7.245593873e-12
-3.140000000e-02	2.796827839e+01	-2.661125250e-02	1.303669337e-11
-3.150000000e-02	2.796827954e+01	-2.684797537e-02	2.379274985e-11
-3.160000000e-02	2.796828070e+01	-2.708469824e-02	1.093981313e-11
-3.170000000e-02	2.796828185e+01	-2.732142108e-02	2.556795565e-11
-3.180000000e-02	2.796828300e+01	-2.755814391e-02	1.066956527e-11
-3.190000000e-02	2.796828416e+01	-2.779486672e-02	1.166593863e-11
-3.200000000e-02	2.796828532e+01	-2.803158952e-02	1.218332331e-11
-3.210000000e-02	2.796828648e+01	-2.826831230e-02	1.058751543e-11
-3.220000000e-02	2.796828765e+01	-2.850503506e-02	1.409641828e-11
-3.230000000e-02	2.796828881e+01	-2.874175781e-02	1.184665386e-11
-3.240000000e-02	2.796828998e+01	-2.897848055e-02	1.145869247e-11
-3.250000000e-02	2.796829115e+01	-2.921520326e-02	2.009665148e-11
-3.260000000e-02	2.796829232e+01	-2.945192597e-02	9.111417899e-12
-3.270000000e-02	2.796829349e+01	-2.968864865e-02	9.908916358e-12
-3.280000000e-02	2.796829467e+01	-2.992537132e-02	5.105190298e-12
-3.290000000e-02	2.796829585e+01	-3.016209398e-02	1.543649465e-11
-3.300000000e-02	2.796829703e+01	-3.039881662e-02	1.080817017e-11
-3.310000000e-02	2.796829821e+01	-3.063553924e-02	1.293694920e-11
-3.320000000e-02	2.796829939e+01	-3.087226184e-02	1.442909075e-11
-3.330000000e-02	2.796830058e+01	-3.110898443e-02	9.160340507e-12
-3.340000000e-02	2.796830176e+01	-3.134570700e-02	6.298197366e-12
-3.350000000e-02	2.796830295e+01	-3.158242955e-02	1.153005423e-11
-3.360000000e-02	2.796830414e+01	-3.181915209e-02	2.227663105e-11
-3.370000000e-02	2.796830534e+01	-3.205587462e-02	1.019733971e-11
-3.380000000e-02	2.796830653e+01	-3.229259712e-02	8.645711602e-12
-3.390000000e-02	2.796830773e+01	-3.252931961e-02	1.111859043e-11
-3.400000000e-02	2.796830893e+01	-3.276604208e-02	1.040425788e-11
-3.410000000e-02	2.796831013e+01	-3.300276454e-02	1.640200846e-11
-3.420000000e-02	2.796831133e+01	-3.323948697e-02	9.635021435e-12
-3.430000000e-02	2.796831254e+01	-3.347620939e-02	1.242042780e-11
-3.440000000e-02	2.796831375e+01	-3.371293180e-02	6.941948210e-12
-3.450000000e-02	2.796831496e+01	-3.394965419e-02	1.286990083e-11
-3.460000000e-02	2.796831617e+01	-3.418637656e-02	1.433696241e-11
-3.470000000e-02	2.796831738e+01	-3.442309891e-02	8.899654145e-12
-3.480000000e-02	2.796831860e+01	-3.465982125e-02	6.336807208e-12
-3.490000000e-02	2.796831981e+01	-3.489654357e-02	1.206694383e-11
-3.500000000e-02	2.796832103e+01	-3.513326587e-02	1.416628542e-11
-3.510000000e-02	2.796832225e+01	-3.536998815e-02	1.399695439e-11
-3.520000000e-02	2.796832348e+01	-3.560671042e-02	8.760895206e-12
-3.530000000e-02	2.796832470e+01	-3.584343267e-02	1.283782625e-11
-3.540000000e-02	2.796832593e+01	-3.608015490e-02	9.985311530e-12
-3.550000000e-02	2.796832716e+01	-3.631687712e-02	1.020476672e-11
-3.560000000e-02	2.796832839e+01	-3.655359931e-02	1.929363631e-11
-3.570000000e-02	2.796832962e+01	-3.679032149e-02	1.344180775e-11
-3.580000000e-02	2.796833086e+01	-3.702704366e-02	1.487955756e-11
-3.590000000e-02	2.796833210e+01	-3.726376580e-02	5.391621718e-12
-3.600000000e-02	2.796833334e+01	-3.750048792e-02	1.056117010e-11
-3.610000000e-02	2.796833458e+01	-3.773721003e-02	1.221271590e-11
-3.620000000e-02	2.796833582e+01	-3.797393212e-02	1.976324861e-11
-3.630000000e-02	2.796833707e+01	-3.821065419e-02	1.346787141e-11
-3.640000000e-02	2.796833831e+01	-3.844737625e-02	1.576716102e-11
-3.650000000e-02	2.796833956e+01	-3.868409829e-02	1.073246887e-11
-3.660000000e-02	2.796834081e+01	-3.892082031e-02	2.105690942e-11
-3.670000000e-02	2.796834207e+01	-3.915754231e-02	1.351728095e-11
-3.680000000e-02	2.796834332e+01	-3.939426429e-02	1.110791118e-11
-3.690000000e-02	2.796834458e+01	-3.963098626e-02	1.012621939e-11
-3.700000000e-02	2.796834584e+01	-3.986770820e-02	9.405106363e-12
-3.710000000e-02	2.796834710e+01	-4.010443013e-02	1.017964526e-11
-3.720000000e-02	2.796834836e+01	-4.034115204e-02	6.277902421e-12
-3.730000000e-02	2.796834963e+01	-4.057787393e-02	8.925323324e-12
-3.740000000e-02	2.796835090e+01	-4.081459580e-02	7.235801811e-12
-3.750000000e-02	2.796835217e+01	-4.105131766e-02	1.467909076e-11
-3.760000000e-02	2.796835344e+01	-4.128803949e-02	1.086799507e-11
-3.770000000e-02	2.796835471e+01	-4.152476131e-02	9.031242206e-12
-3.780000000e-02	2.796835599e+01	-4.176148311e-02	8.278522378e-12
-3.790000000e-02	2.796835726e+01	-4.199820489e-02	3.244784794e-11
-3.800000000e-02	2.796835854e+01	-4.223492665e-02	2.730630063e-11
-3.810000000e-02	2.796835982e+01	-4.247164839e-02	1.281038569e-11
-3.820000000e-02	2.796836111e+01	-4.270837011e-02	2.905054023e-11
-3.830000000e-02	2.796836239e+01	-4.294509182e-02	7.864535042e-12
-3.840000000e-02	2.796836368e+01	-4.318181350e-02	7.701592001e-12
-3.850000000e-02	2.796836497e+01	-4.341853516e-02	2.070199484e-11
-3.860000000e-02	2.796836626e+01	-4.365525681e-02	1.097118259e-11
-3.870000000e-02	2.796836755e+01	-4.389197844e-02	1.619151631e-11
-3.880000000e-02	2.796836885e+01	-4.412870005e-02	4.147222765e-12
-3.890000000e-02	2.796837015e+01	-4.436542164e-02	8.422184647e-12
-3.900000000e-02	2.796837144e+01	-4.460214321e-02	1.038244361e-11
-3.910000000e-02	2.796837275e+01	-4.483886476e-02	1.015300353e-11
-3.920000000e-02	2.796837405e+01	-4.507558630e-02	2.014796776e-11
-3.930000000e-02	2.796837535e+01	-4.531230780e-02	1.759779420e-11
-3.940000000e-02	2.796837666e+01	-4.554902930e-02	1.274289832e-11
-3.950000000e-02	2.796837797e+01	-4.578575077e-02	1.113548487e-11
-3.960000000e-02	2.796837928e+01	-4.602247222e-02	4.536289546e-12
-3.970000000e-02	2.796838060e+01	-4.625919366e-02	1.389472861e-11
-3.980000000e-02	2.796838191e+01	-4.649591507e-02	1.816031083e-11
-3.990000000e-02	2.796838323e+01	-4.673263647e-02	2.005163241e-11
-4.000000000e-02	2.796838455e+01	-4.696935784e-02	1.961372220e-11
