# R = 0.5 $\mu$m, nmax = 10, $\mu_c$ = 0.9000 eV, $\epsilon_1$ = 3.9 - i3.34e-02,  y $\omega/c$ = 2.31e-01 1/$\mu$m del modo = 1, Ver plot_Qext_sinkz.py
-6.33658e-02
-6.32154e-02
-6.30650e-02
-6.29147e-02
-6.27643e-02
-6.26139e-02
-6.24635e-02
-6.23132e-02
-6.21628e-02
-6.20124e-02
-6.18620e-02
-6.17116e-02
-6.15613e-02
-6.14109e-02
-6.12605e-02
-6.11101e-02
-6.09598e-02
-6.08094e-02
-6.06590e-02
-6.05086e-02
-6.03583e-02
-6.02079e-02
-6.00575e-02
-5.99071e-02
-5.97568e-02
-5.96064e-02
-5.94560e-02
-5.93056e-02
-5.91553e-02
-5.90049e-02
-5.88545e-02
-5.87041e-02
-5.85538e-02
-5.84034e-02
-5.82530e-02
-5.81026e-02
-5.79522e-02
-5.78019e-02
-5.76515e-02
-5.75011e-02
-5.73507e-02
-5.72004e-02
-5.70500e-02
-5.68996e-02
-5.67492e-02
-5.65989e-02
-5.64485e-02
-5.62981e-02
-5.61477e-02
-5.59974e-02
-5.58470e-02
-5.56966e-02
-5.55462e-02
-5.53959e-02
-5.52455e-02
-5.50951e-02
-5.49447e-02
-5.47944e-02
-5.46440e-02
-5.44936e-02
-5.43432e-02
-5.41929e-02
-5.40425e-02
-5.38921e-02
-5.37417e-02
-5.35913e-02
-5.34410e-02
-5.32906e-02
-5.31402e-02
-5.29898e-02
-5.28395e-02
-5.26891e-02
-5.25387e-02
-5.23883e-02
-5.22380e-02
-5.20876e-02
-5.19372e-02
-5.17868e-02
-5.16365e-02
-5.14861e-02
-5.13357e-02
-5.11853e-02
-5.10350e-02
-5.08846e-02
-5.07342e-02
-5.05838e-02
-5.04335e-02
-5.02831e-02
-5.01327e-02
-4.99823e-02
-4.98319e-02
-4.96816e-02
-4.95312e-02
-4.93808e-02
-4.92304e-02
-4.90801e-02
-4.89297e-02
-4.87793e-02
-4.86289e-02
-4.84786e-02
-4.83282e-02
-4.81778e-02
-4.80274e-02
-4.78771e-02
-4.77267e-02
-4.75763e-02
-4.74259e-02
-4.72756e-02
-4.71252e-02
-4.69748e-02
-4.68244e-02
-4.66741e-02
-4.65237e-02
-4.63733e-02
-4.62229e-02
-4.60726e-02
-4.59222e-02
-4.57718e-02
-4.56214e-02
-4.54710e-02
-4.53207e-02
-4.51703e-02
-4.50199e-02
-4.48695e-02
-4.47192e-02
-4.45688e-02
-4.44184e-02
-4.42680e-02
-4.41177e-02
-4.39673e-02
-4.38169e-02
-4.36665e-02
-4.35162e-02
-4.33658e-02
-4.32154e-02
-4.30650e-02
-4.29147e-02
-4.27643e-02
-4.26139e-02
-4.24635e-02
-4.23132e-02
-4.21628e-02
-4.20124e-02
-4.18620e-02
-4.17116e-02
-4.15613e-02
-4.14109e-02
-4.12605e-02
-4.11101e-02
-4.09598e-02
-4.08094e-02
-4.06590e-02
-4.05086e-02
-4.03583e-02
-4.02079e-02
-4.00575e-02
-3.99071e-02
-3.97568e-02
-3.96064e-02
-3.94560e-02
-3.93056e-02
-3.91553e-02
-3.90049e-02
-3.88545e-02
-3.87041e-02
-3.85538e-02
-3.84034e-02
-3.82530e-02
-3.81026e-02
-3.79522e-02
-3.78019e-02
-3.76515e-02
-3.75011e-02
-3.73507e-02
-3.72004e-02
-3.70500e-02
-3.68996e-02
-3.67492e-02
-3.65989e-02
-3.64485e-02
-3.62981e-02
-3.61477e-02
-3.59974e-02
-3.58470e-02
-3.56966e-02
-3.55462e-02
-3.53959e-02
-3.52455e-02
-3.50951e-02
-3.49447e-02
-3.47944e-02
-3.46440e-02
-3.44936e-02
-3.43432e-02
-3.41929e-02
-3.40425e-02
-3.38921e-02
-3.37417e-02
-3.35913e-02
-3.34410e-02
-3.32906e-02
-3.31402e-02
-3.29898e-02
-3.28395e-02
-3.26891e-02
-3.25387e-02
-3.23883e-02
-3.22380e-02
-3.20876e-02
-3.19372e-02
-3.17868e-02
-3.16365e-02
-3.14861e-02
-3.13357e-02
-3.11853e-02
-3.10350e-02
-3.08846e-02
-3.07342e-02
-3.05838e-02
-3.04335e-02
-3.02831e-02
-3.01327e-02
-2.99823e-02
-2.98319e-02
-2.96816e-02
-2.95312e-02
-2.93808e-02
-2.92304e-02
-2.90801e-02
-2.89297e-02
-2.87793e-02
-2.86289e-02
-2.84786e-02
-2.83282e-02
-2.81778e-02
-2.80274e-02
-2.78771e-02
-2.77267e-02
-2.75763e-02
-2.74259e-02
-2.72756e-02
-2.71252e-02
-2.69748e-02
-2.68244e-02
-2.66741e-02
-2.65237e-02
-2.63733e-02
-2.62229e-02
-2.60726e-02
-2.59222e-02
-2.57718e-02
-2.56214e-02
-2.54710e-02
-2.53207e-02
-2.51703e-02
-2.50199e-02
-2.48695e-02
-2.47192e-02
-2.45688e-02
-2.44184e-02
-2.42680e-02
-2.41177e-02
-2.39673e-02
-2.38169e-02
-2.36665e-02
-2.35162e-02
-2.33658e-02
-2.32154e-02
-2.30650e-02
-2.29147e-02
-2.27643e-02
-2.26139e-02
-2.24635e-02
-2.23132e-02
-2.21628e-02
-2.20124e-02
-2.18620e-02
-2.17116e-02
-2.15613e-02
-2.14109e-02
-2.12605e-02
-2.11101e-02
-2.09598e-02
-2.08094e-02
-2.06590e-02
-2.05086e-02
-2.03583e-02
-2.02079e-02
-2.00575e-02
-1.99071e-02
-1.97568e-02
-1.96064e-02
-1.94560e-02
-1.93056e-02
-1.91553e-02
-1.90049e-02
-1.88545e-02
-1.87041e-02
-1.85538e-02
-1.84034e-02
-1.82530e-02
-1.81026e-02
-1.79522e-02
-1.78019e-02
-1.76515e-02
-1.75011e-02
-1.73507e-02
-1.72004e-02
-1.70500e-02
-1.68996e-02
-1.67492e-02
-1.65989e-02
-1.64485e-02
-1.62981e-02
-1.61477e-02
-1.59974e-02
-1.58470e-02
-1.56966e-02
-1.55462e-02
-1.53959e-02
-1.52455e-02
-1.50951e-02
-1.49447e-02
-1.47944e-02
-1.46440e-02
-1.44936e-02
-1.43432e-02
-1.41929e-02
-1.40425e-02
-1.38921e-02
-1.37417e-02
-1.35913e-02
-1.34410e-02
-1.32906e-02
-1.31402e-02
-1.29898e-02
-1.28395e-02
-1.26891e-02
-1.25387e-02
-1.23883e-02
-1.22380e-02
-1.20876e-02
-1.19372e-02
-1.17868e-02
-1.16365e-02
-1.14861e-02
-1.13357e-02
-1.11853e-02
-1.10350e-02
-1.08846e-02
-1.07342e-02
-1.05838e-02
-1.04335e-02
-1.02831e-02
-1.01327e-02
-9.98232e-03
-9.83195e-03
-9.68157e-03
-9.53120e-03
-9.38082e-03
-9.23044e-03
-9.08007e-03
-8.92969e-03
-8.77932e-03
-8.62894e-03
-8.47857e-03
-8.32819e-03
-8.17781e-03
-8.02744e-03
-7.87706e-03
-7.72669e-03
-7.57631e-03
-7.42593e-03
-7.27556e-03
-7.12518e-03
-6.97481e-03
-6.82443e-03
-6.67405e-03
-6.52368e-03
-6.37330e-03
-6.22293e-03
-6.07255e-03
-5.92217e-03
-5.77180e-03
-5.62142e-03
-5.47105e-03
-5.32067e-03
-5.17029e-03
-5.01992e-03
-4.86954e-03
-4.71917e-03
-4.56879e-03
-4.41841e-03
-4.26804e-03
-4.11766e-03
-3.96729e-03
-3.81691e-03
-3.66654e-03
-3.51616e-03
-3.36578e-03
