# R = 0.5 $\mu$m, nmax = 10, $\mu_c$ = 0.3 eV, $\epsilon_1$ = 3.9 - i2.99e-02,  y $\omega/c$ = 2.68e-01 1/$\mu$m del modo = 4, Ver plot_Qabs_sinkz.py
-2.29855e-01
-2.28852e-01
-2.27850e-01
-2.26847e-01
-2.25845e-01
-2.24842e-01
-2.23840e-01
-2.22837e-01
-2.21835e-01
-2.20832e-01
-2.19830e-01
-2.18827e-01
-2.17825e-01
-2.16822e-01
-2.15820e-01
-2.14817e-01
-2.13815e-01
-2.12812e-01
-2.11810e-01
-2.10807e-01
-2.09805e-01
-2.08802e-01
-2.07800e-01
-2.06797e-01
-2.05795e-01
-2.04792e-01
-2.03790e-01
-2.02787e-01
-2.01785e-01
-2.00782e-01
-1.99780e-01
-1.98777e-01
-1.97775e-01
-1.96772e-01
-1.95770e-01
-1.94767e-01
-1.93764e-01
-1.92762e-01
-1.91759e-01
-1.90757e-01
-1.89754e-01
-1.88752e-01
-1.87749e-01
-1.86747e-01
-1.85744e-01
-1.84742e-01
-1.83739e-01
-1.82737e-01
-1.81734e-01
-1.80732e-01
-1.79729e-01
-1.78727e-01
-1.77724e-01
-1.76722e-01
-1.75719e-01
-1.74717e-01
-1.73714e-01
-1.72712e-01
-1.71709e-01
-1.70707e-01
-1.69704e-01
-1.68702e-01
-1.67699e-01
-1.66697e-01
-1.65694e-01
-1.64692e-01
-1.63689e-01
-1.62687e-01
-1.61684e-01
-1.60682e-01
-1.59679e-01
-1.58677e-01
-1.57674e-01
-1.56672e-01
-1.55669e-01
-1.54667e-01
-1.53664e-01
-1.52662e-01
-1.51659e-01
-1.50657e-01
-1.49654e-01
-1.48652e-01
-1.47649e-01
-1.46647e-01
-1.45644e-01
-1.44642e-01
-1.43639e-01
-1.42637e-01
-1.41634e-01
-1.40632e-01
-1.39629e-01
-1.38627e-01
-1.37624e-01
-1.36622e-01
-1.35619e-01
-1.34617e-01
-1.33614e-01
-1.32612e-01
-1.31609e-01
-1.30607e-01
-1.29604e-01
-1.28602e-01
-1.27599e-01
-1.26597e-01
-1.25594e-01
-1.24592e-01
-1.23589e-01
-1.22587e-01
-1.21584e-01
-1.20582e-01
-1.19579e-01
-1.18577e-01
-1.17574e-01
-1.16572e-01
-1.15569e-01
-1.14566e-01
-1.13564e-01
-1.12561e-01
-1.11559e-01
-1.10556e-01
-1.09554e-01
-1.08551e-01
-1.07549e-01
-1.06546e-01
-1.05544e-01
-1.04541e-01
-1.03539e-01
-1.02536e-01
-1.01534e-01
-1.00531e-01
-9.95289e-02
-9.85264e-02
-9.75239e-02
-9.65214e-02
-9.55189e-02
-9.45164e-02
-9.35139e-02
-9.25114e-02
-9.15089e-02
-9.05063e-02
-8.95038e-02
-8.85013e-02
-8.74988e-02
-8.64963e-02
-8.54938e-02
-8.44913e-02
-8.34888e-02
-8.24863e-02
-8.14838e-02
-8.04813e-02
-7.94788e-02
-7.84763e-02
-7.74738e-02
-7.64713e-02
-7.54688e-02
-7.44662e-02
-7.34637e-02
-7.24612e-02
-7.14587e-02
-7.04562e-02
-6.94537e-02
-6.84512e-02
-6.74487e-02
-6.64462e-02
-6.54437e-02
-6.44412e-02
-6.34387e-02
-6.24362e-02
-6.14337e-02
-6.04312e-02
-5.94286e-02
-5.84261e-02
-5.74236e-02
-5.64211e-02
-5.54186e-02
-5.44161e-02
-5.34136e-02
-5.24111e-02
-5.14086e-02
-5.04061e-02
-4.94036e-02
-4.84011e-02
-4.73986e-02
-4.63961e-02
-4.53936e-02
-4.43911e-02
-4.33885e-02
-4.23860e-02
-4.13835e-02
-4.03810e-02
-3.93785e-02
-3.83760e-02
-3.73735e-02
-3.63710e-02
-3.53685e-02
-3.43660e-02
-3.33635e-02
-3.23610e-02
-3.13585e-02
-3.03560e-02
-2.93535e-02
-2.83510e-02
-2.73484e-02
-2.63459e-02
-2.53434e-02
-2.43409e-02
-2.33384e-02
-2.23359e-02
-2.13334e-02
-2.03309e-02
-1.93284e-02
-1.83259e-02
-1.73234e-02
-1.63209e-02
-1.53184e-02
-1.43159e-02
-1.33134e-02
-1.23109e-02
-1.13083e-02
-1.03058e-02
-9.30334e-03
-8.30083e-03
-7.29832e-03
-6.29582e-03
-5.29331e-03
-4.29081e-03
-3.28830e-03
-2.28579e-03
-1.28329e-03
-2.80780e-04
7.21726e-04
1.72423e-03
2.72674e-03
3.72924e-03
4.73175e-03
5.73426e-03
6.73676e-03
7.73927e-03
8.74178e-03
9.74428e-03
1.07468e-02
1.17493e-02
1.27518e-02
1.37543e-02
1.47568e-02
1.57593e-02
1.67618e-02
1.77643e-02
1.87668e-02
1.97693e-02
2.07719e-02
2.17744e-02
2.27769e-02
2.37794e-02
2.47819e-02
2.57844e-02
2.67869e-02
2.77894e-02
2.87919e-02
2.97944e-02
3.07969e-02
3.17994e-02
3.28019e-02
3.38044e-02
3.48069e-02
3.58094e-02
3.68120e-02
3.78145e-02
3.88170e-02
3.98195e-02
4.08220e-02
4.18245e-02
4.28270e-02
4.38295e-02
4.48320e-02
4.58345e-02
4.68370e-02
4.78395e-02
4.88420e-02
4.98445e-02
5.08470e-02
5.18495e-02
5.28521e-02
5.38546e-02
5.48571e-02
5.58596e-02
5.68621e-02
5.78646e-02
5.88671e-02
5.98696e-02
6.08721e-02
6.18746e-02
6.28771e-02
6.38796e-02
6.48821e-02
6.58846e-02
6.68871e-02
6.78896e-02
6.88922e-02
6.98947e-02
7.08972e-02
7.18997e-02
7.29022e-02
7.39047e-02
7.49072e-02
7.59097e-02
7.69122e-02
7.79147e-02
7.89172e-02
7.99197e-02
8.09222e-02
8.19247e-02
8.29272e-02
8.39297e-02
8.49323e-02
8.59348e-02
8.69373e-02
8.79398e-02
8.89423e-02
8.99448e-02
9.09473e-02
9.19498e-02
9.29523e-02
9.39548e-02
9.49573e-02
9.59598e-02
9.69623e-02
9.79648e-02
9.89673e-02
9.99698e-02
1.00972e-01
1.01975e-01
1.02977e-01
1.03980e-01
1.04982e-01
1.05985e-01
1.06987e-01
1.07990e-01
1.08992e-01
1.09995e-01
1.10997e-01
1.12000e-01
1.13002e-01
1.14005e-01
1.15007e-01
1.16010e-01
1.17012e-01
1.18015e-01
1.19017e-01
1.20020e-01
1.21022e-01
1.22025e-01
1.23027e-01
1.24030e-01
1.25033e-01
1.26035e-01
1.27038e-01
1.28040e-01
1.29043e-01
1.30045e-01
1.31048e-01
1.32050e-01
1.33053e-01
1.34055e-01
1.35058e-01
1.36060e-01
1.37063e-01
1.38065e-01
1.39068e-01
1.40070e-01
1.41073e-01
1.42075e-01
1.43078e-01
1.44080e-01
1.45083e-01
1.46085e-01
1.47088e-01
1.48090e-01
1.49093e-01
1.50095e-01
1.51098e-01
1.52100e-01
1.53103e-01
1.54105e-01
1.55108e-01
1.56110e-01
1.57113e-01
1.58115e-01
1.59118e-01
1.60120e-01
1.61123e-01
1.62125e-01
1.63128e-01
1.64130e-01
1.65133e-01
1.66135e-01
1.67138e-01
1.68140e-01
1.69143e-01
1.70145e-01
