# epsi_ci     Re(Lambda)      Im(Lambda)      Eq(det), R = 0.10 $\mu$m, $E_p$ = 0.300 eV, modo = 1, $\epsilon_\infty$ = 3.9, $\gamma_{DL}$ = 0.01 eV, solve_det_sinkz_vs_mu.py
0.000000000e+00	7.858814523e+00	1.939144230e-01	1.069139037e-11
-1.000000000e-03	7.858849021e+00	1.931212232e-01	9.538193301e-12
-2.000000000e-03	7.858883598e+00	1.923280221e-01	7.516994543e-12
-3.000000000e-03	7.858918254e+00	1.915348197e-01	3.994980673e-12
-4.000000000e-03	7.858952989e+00	1.907416162e-01	6.768661448e-12
-5.000000000e-03	7.858987803e+00	1.899484114e-01	4.665610867e-12
-6.000000000e-03	7.859022697e+00	1.891552056e-01	5.575642192e-12
-7.000000000e-03	7.859057669e+00	1.883619985e-01	8.995851328e-12
-8.000000000e-03	7.859092720e+00	1.875687904e-01	4.262148534e-12
-9.000000000e-03	7.859127851e+00	1.867755812e-01	8.593448301e-12
-1.000000000e-02	7.859163060e+00	1.859823709e-01	7.297813070e-12
-1.100000000e-02	7.859198349e+00	1.851891596e-01	9.908351370e-12
-1.200000000e-02	7.859233716e+00	1.843959472e-01	7.321706212e-12
-1.300000000e-02	7.859269163e+00	1.836027339e-01	1.218966110e-11
-1.400000000e-02	7.859304689e+00	1.828095196e-01	6.118309217e-12
-1.500000000e-02	7.859340294e+00	1.820163043e-01	1.638970786e-11
-1.600000000e-02	7.859375978e+00	1.812230881e-01	4.848358470e-12
-1.700000000e-02	7.859411741e+00	1.804298710e-01	1.029785760e-11
-1.800000000e-02	7.859447583e+00	1.796366531e-01	7.926467402e-12
-1.900000000e-02	7.859483504e+00	1.788434342e-01	1.651990374e-11
-2.000000000e-02	7.859519505e+00	1.780502146e-01	1.171647533e-11
-2.100000000e-02	7.859555584e+00	1.772569941e-01	1.206399761e-11
-2.200000000e-02	7.859591742e+00	1.764637729e-01	1.000786230e-11
-2.300000000e-02	7.859627980e+00	1.756705509e-01	8.540492180e-12
-2.400000000e-02	7.859664296e+00	1.748773282e-01	8.208604720e-12
-2.500000000e-02	7.859700692e+00	1.740841047e-01	1.074742445e-11
-2.600000000e-02	7.859737167e+00	1.732908806e-01	1.086257496e-11
-2.700000000e-02	7.859773721e+00	1.724976558e-01	7.124282021e-12
-2.800000000e-02	7.859810354e+00	1.717044303e-01	1.044479609e-11
-2.900000000e-02	7.859847066e+00	1.709112042e-01	8.791830681e-12
-3.000000000e-02	7.859883857e+00	1.701179776e-01	8.963198559e-12
-3.100000000e-02	7.859920727e+00	1.693247503e-01	1.028298890e-11
-3.200000000e-02	7.859957676e+00	1.685315225e-01	7.389499362e-12
-3.300000000e-02	7.859994705e+00	1.677382942e-01	1.336824489e-11
-3.400000000e-02	7.860031812e+00	1.669450654e-01	1.594413547e-11
-3.500000000e-02	7.860068999e+00	1.661518361e-01	9.581533327e-12
-3.600000000e-02	7.860106265e+00	1.653586064e-01	1.443566560e-11
-3.700000000e-02	7.860143609e+00	1.645653762e-01	3.764224746e-12
-3.800000000e-02	7.860181033e+00	1.637721456e-01	1.287075074e-11
-3.900000000e-02	7.860218536e+00	1.629789146e-01	9.489354204e-12
-4.000000000e-02	7.860256118e+00	1.621856833e-01	9.848906317e-12
-4.100000000e-02	7.860293779e+00	1.613924516e-01	7.344203366e-12
-4.200000000e-02	7.860331519e+00	1.605992196e-01	8.463321476e-12
-4.300000000e-02	7.860369339e+00	1.598059873e-01	1.036499995e-11
-4.400000000e-02	7.860407237e+00	1.590127548e-01	6.842310781e-12
-4.500000000e-02	7.860445215e+00	1.582195220e-01	1.018930316e-11
-4.600000000e-02	7.860483271e+00	1.574262890e-01	7.076673200e-12
-4.700000000e-02	7.860521407e+00	1.566330558e-01	6.092889879e-12
-4.800000000e-02	7.860559622e+00	1.558398224e-01	9.749836805e-12
-4.900000000e-02	7.860597916e+00	1.550465888e-01	4.070991929e-12
-5.000000000e-02	7.860636289e+00	1.542533552e-01	1.345952007e-11
-5.100000000e-02	7.860674741e+00	1.534601214e-01	9.790955695e-12
-5.200000000e-02	7.860713272e+00	1.526668876e-01	7.295693809e-12
-5.300000000e-02	7.860751882e+00	1.518736537e-01	6.537669439e-12
-5.400000000e-02	7.860790571e+00	1.510804197e-01	1.110540969e-11
-5.500000000e-02	7.860829340e+00	1.502871858e-01	7.529788421e-12
-5.600000000e-02	7.860868187e+00	1.494939518e-01	7.573414285e-12
-5.700000000e-02	7.860907114e+00	1.487007179e-01	9.425566191e-12
-5.800000000e-02	7.860946120e+00	1.479074841e-01	9.644072373e-12
-5.900000000e-02	7.860985205e+00	1.471142503e-01	4.633144848e-12
-6.000000000e-02	7.861024369e+00	1.463210167e-01	9.706999668e-12
-6.100000000e-02	7.861063612e+00	1.455277832e-01	9.318720745e-12
-6.200000000e-02	7.861102934e+00	1.447345498e-01	8.768227342e-12
-6.300000000e-02	7.861142335e+00	1.439413166e-01	8.581224137e-12
-6.400000000e-02	7.861181815e+00	1.431480837e-01	6.034440359e-12
-6.500000000e-02	7.861221375e+00	1.423548509e-01	1.145687232e-11
-6.600000000e-02	7.861261013e+00	1.415616184e-01	1.230503569e-11
-6.700000000e-02	7.861300731e+00	1.407683861e-01	7.326981390e-12
-6.800000000e-02	7.861340528e+00	1.399751542e-01	9.950945720e-12
-6.900000000e-02	7.861380403e+00	1.391819226e-01	7.280550675e-12
-7.000000000e-02	7.861420358e+00	1.383886913e-01	1.338874640e-11
-7.100000000e-02	7.861460392e+00	1.375954604e-01	6.562148571e-12
-7.200000000e-02	7.861500506e+00	1.368022299e-01	7.045597347e-12
-7.300000000e-02	7.861540698e+00	1.360089997e-01	7.848212068e-12
-7.400000000e-02	7.861580969e+00	1.352157701e-01	1.182452803e-11
-7.500000000e-02	7.861621320e+00	1.344225408e-01	8.152626475e-12
-7.600000000e-02	7.861661749e+00	1.336293121e-01	4.087403072e-12
-7.700000000e-02	7.861702258e+00	1.328360839e-01	9.658203700e-12
-7.800000000e-02	7.861742846e+00	1.320428562e-01	6.613627448e-12
-7.900000000e-02	7.861783512e+00	1.312496290e-01	5.601929274e-12
-8.000000000e-02	7.861824258e+00	1.304564025e-01	7.209089805e-12
-8.100000000e-02	7.861865083e+00	1.296631765e-01	9.120519393e-12
-8.200000000e-02	7.861905987e+00	1.288699511e-01	9.692315623e-12
-8.300000000e-02	7.861946971e+00	1.280767264e-01	1.387448556e-11
-8.400000000e-02	7.861988033e+00	1.272835024e-01	6.528775884e-12
-8.500000000e-02	7.862029175e+00	1.264902791e-01	8.021250245e-12
-8.600000000e-02	7.862070395e+00	1.256970565e-01	7.370758765e-12
-8.700000000e-02	7.862111695e+00	1.249038346e-01	9.004202978e-12
-8.800000000e-02	7.862153073e+00	1.241106135e-01	7.737416395e-12
-8.900000000e-02	7.862194531e+00	1.233173931e-01	9.536659214e-12
-9.000000000e-02	7.862236068e+00	1.225241736e-01	1.240164847e-11
-9.100000000e-02	7.862277684e+00	1.217309550e-01	6.703519171e-12
-9.200000000e-02	7.862319379e+00	1.209377371e-01	7.729869716e-12
-9.300000000e-02	7.862361154e+00	1.201445202e-01	9.736692770e-12
-9.400000000e-02	7.862403007e+00	1.193513042e-01	8.215895444e-12
-9.500000000e-02	7.862444939e+00	1.185580891e-01	5.692268327e-12
-9.600000000e-02	7.862486951e+00	1.177648749e-01	9.815650528e-12
-9.700000000e-02	7.862529042e+00	1.169716617e-01	6.929657200e-12
-9.800000000e-02	7.862571211e+00	1.161784496e-01	7.871805823e-12
-9.900000000e-02	7.862613460e+00	1.153852384e-01	7.393625981e-12
-1.000000000e-01	7.862655788e+00	1.145920283e-01	7.891100493e-12
-1.010000000e-01	7.862698195e+00	1.137988192e-01	1.122468859e-11
-1.020000000e-01	7.862740681e+00	1.130056113e-01	1.159210246e-11
-1.030000000e-01	7.862783247e+00	1.122124045e-01	1.122923933e-11
-1.040000000e-01	7.862825891e+00	1.114191988e-01	1.234581003e-11
-1.050000000e-01	7.862868614e+00	1.106259943e-01	1.430700692e-11
-1.060000000e-01	7.862911417e+00	1.098327909e-01	1.148647840e-11
-1.070000000e-01	7.862954298e+00	1.090395888e-01	9.428779402e-12
-1.080000000e-01	7.862997259e+00	1.082463879e-01	8.436492777e-12
-1.090000000e-01	7.863040299e+00	1.074531883e-01	6.859593533e-12
-1.100000000e-01	7.863083418e+00	1.066599899e-01	7.664721129e-12
-1.110000000e-01	7.863126616e+00	1.058667928e-01	6.013838156e-12
-1.120000000e-01	7.863169893e+00	1.050735971e-01	8.039650628e-12
-1.130000000e-01	7.863213249e+00	1.042804027e-01	7.864453738e-12
-1.140000000e-01	7.863256684e+00	1.034872097e-01	1.148405469e-11
-1.150000000e-01	7.863300199e+00	1.026940181e-01	1.125730552e-11
-1.160000000e-01	7.863343792e+00	1.019008280e-01	5.588276132e-12
-1.170000000e-01	7.863387465e+00	1.011076392e-01	6.902564176e-12
-1.180000000e-01	7.863431216e+00	1.003144520e-01	1.108051948e-11
-1.190000000e-01	7.863475047e+00	9.952126618e-02	1.536358798e-11
-1.200000000e-01	7.863518957e+00	9.872808192e-02	7.813613594e-12
-1.210000000e-01	7.863562946e+00	9.793489920e-02	1.008722501e-11
-1.220000000e-01	7.863607014e+00	9.714171804e-02	1.204689609e-11
-1.230000000e-01	7.863651161e+00	9.634853846e-02	5.763445542e-12
-1.240000000e-01	7.863695387e+00	9.555536050e-02	9.530371469e-12
-1.250000000e-01	7.863739692e+00	9.476218417e-02	1.010173195e-11
-1.260000000e-01	7.863784077e+00	9.396900949e-02	1.141343904e-11
-1.270000000e-01	7.863828540e+00	9.317583650e-02	6.140072004e-12
-1.280000000e-01	7.863873083e+00	9.238266521e-02	3.052650974e-12
-1.290000000e-01	7.863917704e+00	9.158949564e-02	6.096376515e-12
-1.300000000e-01	7.863962405e+00	9.079632782e-02	1.027045403e-11
-1.310000000e-01	7.864007185e+00	9.000316178e-02	9.151701158e-12
-1.320000000e-01	7.864052044e+00	8.920999754e-02	9.577401298e-12
-1.330000000e-01	7.864096982e+00	8.841683511e-02	8.324614120e-12
-1.340000000e-01	7.864141999e+00	8.762367454e-02	1.011177357e-11
-1.350000000e-01	7.864187095e+00	8.683051582e-02	1.147400900e-11
-1.360000000e-01	7.864232270e+00	8.603735899e-02	7.902848787e-12
-1.370000000e-01	7.864277524e+00	8.524420409e-02	9.579117525e-12
-1.380000000e-01	7.864322858e+00	8.445105111e-02	1.385060474e-11
-1.390000000e-01	7.864368270e+00	8.365790010e-02	9.016373816e-12
-1.400000000e-01	7.864413762e+00	8.286475108e-02	1.016686888e-11
-1.410000000e-01	7.864459332e+00	8.207160406e-02	6.174411905e-12
-1.420000000e-01	7.864504982e+00	8.127845908e-02	1.361497704e-11
-1.430000000e-01	7.864550711e+00	8.048531615e-02	6.489990334e-12
-1.440000000e-01	7.864596518e+00	7.969217530e-02	1.215323873e-11
-1.450000000e-01	7.864642405e+00	7.889903655e-02	4.157677573e-12
-1.460000000e-01	7.864688371e+00	7.810589992e-02	8.253889921e-12
-1.470000000e-01	7.864734416e+00	7.731276545e-02	9.993049464e-12
-1.480000000e-01	7.864780540e+00	7.651963315e-02	1.139477230e-11
-1.490000000e-01	7.864826744e+00	7.572650303e-02	7.456494257e-12
-1.500000000e-01	7.864873026e+00	7.493337515e-02	9.641686006e-12
-1.510000000e-01	7.864919387e+00	7.414024951e-02	9.959909809e-12
-1.520000000e-01	7.864965828e+00	7.334712612e-02	1.030700241e-11
-1.530000000e-01	7.865012347e+00	7.255400503e-02	4.172927006e-12
-1.540000000e-01	7.865058946e+00	7.176088626e-02	7.002123656e-12
-1.550000000e-01	7.865105623e+00	7.096776982e-02	1.296211380e-11
-1.560000000e-01	7.865152380e+00	7.017465574e-02	8.145673382e-12
-1.570000000e-01	7.865199216e+00	6.938154404e-02	1.056771183e-11
-1.580000000e-01	7.865246130e+00	6.858843475e-02	7.378013873e-12
-1.590000000e-01	7.865293124e+00	6.779532789e-02	9.081783279e-12
-1.600000000e-01	7.865340197e+00	6.700222349e-02	3.245317444e-12
-1.610000000e-01	7.865387349e+00	6.620912157e-02	9.304374548e-12
-1.620000000e-01	7.865434580e+00	6.541602213e-02	1.316575360e-11
-1.630000000e-01	7.865481890e+00	6.462292523e-02	1.128351276e-11
-1.640000000e-01	7.865529280e+00	6.382983088e-02	1.255920570e-11
-1.650000000e-01	7.865576748e+00	6.303673909e-02	5.413692687e-12
-1.660000000e-01	7.865624295e+00	6.224364990e-02	6.137794951e-12
-1.670000000e-01	7.865671921e+00	6.145056333e-02	4.210864938e-12
-1.680000000e-01	7.865719627e+00	6.065747940e-02	9.092974426e-12
-1.690000000e-01	7.865767411e+00	5.986439814e-02	8.797619457e-12
-1.700000000e-01	7.865815275e+00	5.907131956e-02	7.173096096e-12
-1.710000000e-01	7.865863217e+00	5.827824369e-02	5.976813067e-12
-1.720000000e-01	7.865911239e+00	5.748517057e-02	9.307753776e-12
-1.730000000e-01	7.865959340e+00	5.669210019e-02	5.172134950e-12
-1.740000000e-01	7.866007519e+00	5.589903261e-02	6.068553920e-12
-1.750000000e-01	7.866055778e+00	5.510596783e-02	1.347047015e-11
-1.760000000e-01	7.866104116e+00	5.431290586e-02	1.146661782e-11
-1.770000000e-01	7.866152533e+00	5.351984677e-02	6.718017150e-12
-1.780000000e-01	7.866201029e+00	5.272679054e-02	4.534185746e-12
-1.790000000e-01	7.866249603e+00	5.193373721e-02	1.220307314e-11
-1.800000000e-01	7.866298257e+00	5.114068681e-02	9.972526122e-12
-1.810000000e-01	7.866346990e+00	5.034763935e-02	8.175375708e-12
-1.820000000e-01	7.866395802e+00	4.955459487e-02	1.314475866e-11
-1.830000000e-01	7.866444694e+00	4.876155337e-02	7.276483906e-12
-1.840000000e-01	7.866493664e+00	4.796851489e-02	7.660116860e-12
-1.850000000e-01	7.866542713e+00	4.717547946e-02	1.629653577e-11
-1.860000000e-01	7.866591841e+00	4.638244709e-02	1.174036740e-11
-1.870000000e-01	7.866641048e+00	4.558941780e-02	9.157791916e-12
-1.880000000e-01	7.866690334e+00	4.479639162e-02	8.357116389e-12
-1.890000000e-01	7.866739700e+00	4.400336858e-02	5.550212332e-12
-1.900000000e-01	7.866789144e+00	4.321034869e-02	7.865097235e-12
-1.910000000e-01	7.866838667e+00	4.241733198e-02	9.383281484e-12
-1.920000000e-01	7.866888270e+00	4.162431849e-02	1.000109249e-11
-1.930000000e-01	7.866937951e+00	4.083130822e-02	8.734794305e-12
-1.940000000e-01	7.866987711e+00	4.003830119e-02	1.065231173e-11
-1.950000000e-01	7.867037551e+00	3.924529744e-02	1.637557970e-11
-1.960000000e-01	7.867087469e+00	3.845229700e-02	1.140768980e-11
-1.970000000e-01	7.867137467e+00	3.765929986e-02	7.023147563e-12
-1.980000000e-01	7.867187543e+00	3.686630608e-02	6.190940358e-12
-1.990000000e-01	7.867237699e+00	3.607331567e-02	1.157824808e-11
-2.000000000e-01	7.867287933e+00	3.528032864e-02	7.658808486e-12
-2.010000000e-01	7.867338247e+00	3.448734503e-02	9.098636522e-12
-2.020000000e-01	7.867388639e+00	3.369436486e-02	4.229672717e-12
-2.030000000e-01	7.867439111e+00	3.290138815e-02	7.023581536e-12
-2.040000000e-01	7.867489662e+00	3.210841493e-02	8.704704055e-12
-2.050000000e-01	7.867540291e+00	3.131544521e-02	9.589859147e-12
-2.060000000e-01	7.867591000e+00	3.052247903e-02	9.183397424e-12
-2.070000000e-01	7.867641787e+00	2.972951640e-02	1.833242866e-11
-2.080000000e-01	7.867692654e+00	2.893655736e-02	4.908687790e-12
-2.090000000e-01	7.867743600e+00	2.814360191e-02	7.303708688e-12
-2.100000000e-01	7.867794624e+00	2.735065009e-02	8.608416322e-12
-2.110000000e-01	7.867845728e+00	2.655770192e-02	3.935322174e-12
-2.120000000e-01	7.867896910e+00	2.576475743e-02	1.410334286e-11
-2.130000000e-01	7.867948172e+00	2.497181663e-02	8.042967628e-12
-2.140000000e-01	7.867999513e+00	2.417887954e-02	6.421685197e-12
-2.150000000e-01	7.868050932e+00	2.338594620e-02	1.166726595e-11
-2.160000000e-01	7.868102431e+00	2.259301663e-02	8.554166096e-12
-2.170000000e-01	7.868154008e+00	2.180009085e-02	1.027392837e-11
-2.180000000e-01	7.868205665e+00	2.100716888e-02	7.520188588e-12
-2.190000000e-01	7.868257400e+00	2.021425075e-02	9.617579975e-12
-2.200000000e-01	7.868309215e+00	1.942133647e-02	9.050412384e-12
-2.210000000e-01	7.868361108e+00	1.862842608e-02	6.083260315e-12
-2.220000000e-01	7.868413081e+00	1.783551960e-02	5.574898615e-12
-2.230000000e-01	7.868465132e+00	1.704261705e-02	6.043864349e-12
-2.240000000e-01	7.868517263e+00	1.624971845e-02	8.997759481e-12
-2.250000000e-01	7.868569472e+00	1.545682383e-02	9.785255200e-12
-2.260000000e-01	7.868621761e+00	1.466393321e-02	1.121954118e-11
-2.270000000e-01	7.868674128e+00	1.387104661e-02	1.200891208e-11
-2.280000000e-01	7.868726574e+00	1.307816406e-02	7.469354325e-12
-2.290000000e-01	7.868779100e+00	1.228528559e-02	1.151236794e-11
-2.300000000e-01	7.868831704e+00	1.149241120e-02	9.915498880e-12
-2.310000000e-01	7.868884387e+00	1.069954094e-02	1.077454716e-11
-2.320000000e-01	7.868937149e+00	9.906674807e-03	9.123921707e-12
-2.330000000e-01	7.868989991e+00	9.113812849e-03	1.311525029e-11
-2.340000000e-01	7.869042911e+00	8.320955072e-03	5.459359848e-12
-2.350000000e-01	7.869095910e+00	7.528101507e-03	1.262786304e-11
-2.360000000e-01	7.869148988e+00	6.735252181e-03	4.887886425e-12
-2.370000000e-01	7.869202145e+00	5.942407107e-03	1.101598093e-11
-2.380000000e-01	7.869255381e+00	5.149566320e-03	6.532166617e-12
-2.390000000e-01	7.869308696e+00	4.356729841e-03	9.740384401e-12
-2.400000000e-01	7.869362090e+00	3.563897683e-03	6.199721859e-12
-2.410000000e-01	7.869415562e+00	2.771069875e-03	7.548141357e-12
-2.420000000e-01	7.869469114e+00	1.978246447e-03	1.167774961e-11
-2.430000000e-01	7.869522745e+00	1.185427414e-03	1.181959766e-11
-2.440000000e-01	7.869576455e+00	3.926128047e-04	1.360417304e-11
-2.450000000e-01	7.869630243e+00	-4.001973550e-04	1.564637615e-11
-2.460000000e-01	7.869684111e+00	-1.193003049e-03	9.532133935e-12
-2.470000000e-01	7.869738057e+00	-1.985804254e-03	6.947858140e-12
-2.480000000e-01	7.869792083e+00	-2.778600944e-03	6.785323790e-12
-2.490000000e-01	7.869846187e+00	-3.571393098e-03	1.089533349e-11
-2.500000000e-01	7.869900370e+00	-4.364180683e-03	1.135252635e-11
-2.510000000e-01	7.869954632e+00	-5.156963685e-03	6.231016539e-12
-2.520000000e-01	7.870008974e+00	-5.949742077e-03	1.042315981e-11
-2.530000000e-01	7.870063394e+00	-6.742515843e-03	1.244510798e-11
-2.540000000e-01	7.870117893e+00	-7.535284947e-03	6.185634123e-12
-2.550000000e-01	7.870172470e+00	-8.328049371e-03	8.414848875e-12
-2.560000000e-01	7.870227127e+00	-9.120809097e-03	9.042174076e-12
-2.570000000e-01	7.870281863e+00	-9.913564096e-03	1.321348707e-11
-2.580000000e-01	7.870336678e+00	-1.070631434e-02	7.595776062e-12
-2.590000000e-01	7.870391571e+00	-1.149905983e-02	1.092368672e-11
-2.600000000e-01	7.870446544e+00	-1.229180051e-02	1.699029746e-11
-2.610000000e-01	7.870501595e+00	-1.308453637e-02	8.522375526e-12
-2.620000000e-01	7.870556725e+00	-1.387726739e-02	1.442771895e-11
-2.630000000e-01	7.870611935e+00	-1.466999354e-02	1.130948759e-11
-2.640000000e-01	7.870667223e+00	-1.546271481e-02	8.720968619e-12
-2.650000000e-01	7.870722590e+00	-1.625543116e-02	9.937265693e-12
-2.660000000e-01	7.870778036e+00	-1.704814257e-02	8.185383282e-12
-2.670000000e-01	7.870833560e+00	-1.784084903e-02	1.490610615e-11
-2.680000000e-01	7.870889164e+00	-1.863355051e-02	8.435343014e-12
-2.690000000e-01	7.870944847e+00	-1.942624697e-02	9.064598667e-12
-2.700000000e-01	7.871000608e+00	-2.021893841e-02	1.387184003e-11
-2.710000000e-01	7.871056448e+00	-2.101162480e-02	7.708752526e-12
-2.720000000e-01	7.871112368e+00	-2.180430611e-02	8.922180888e-12
-2.730000000e-01	7.871168366e+00	-2.259698231e-02	1.022129437e-11
-2.740000000e-01	7.871224443e+00	-2.338965340e-02	7.884059161e-12
-2.750000000e-01	7.871280599e+00	-2.418231934e-02	9.224713073e-12
-2.760000000e-01	7.871336833e+00	-2.497498012e-02	1.257671158e-11
-2.770000000e-01	7.871393147e+00	-2.576763569e-02	5.184320508e-12
-2.780000000e-01	7.871449540e+00	-2.656028605e-02	1.050742112e-11
-2.790000000e-01	7.871506011e+00	-2.735293117e-02	1.096490924e-11
-2.800000000e-01	7.871562561e+00	-2.814557103e-02	5.464904359e-12
-2.810000000e-01	7.871619190e+00	-2.893820561e-02	5.289067957e-12
-2.820000000e-01	7.871675898e+00	-2.973083487e-02	1.259005321e-11
-2.830000000e-01	7.871732685e+00	-3.052345880e-02	3.648572876e-12
-2.840000000e-01	7.871789551e+00	-3.131607737e-02	1.091011539e-11
-2.850000000e-01	7.871846495e+00	-3.210869056e-02	1.214467736e-11
-2.860000000e-01	7.871903519e+00	-3.290129836e-02	8.199963066e-12
-2.870000000e-01	7.871960621e+00	-3.369390072e-02	7.942008114e-12
-2.880000000e-01	7.872017802e+00	-3.448649764e-02	6.839443510e-12
-2.890000000e-01	7.872075062e+00	-3.527908908e-02	8.640973875e-12
-2.900000000e-01	7.872132401e+00	-3.607167502e-02	7.014096915e-12
-2.910000000e-01	7.872189818e+00	-3.686425545e-02	7.948489178e-12
-2.920000000e-01	7.872247315e+00	-3.765683033e-02	9.428526230e-12
-2.930000000e-01	7.872304890e+00	-3.844939964e-02	9.805062487e-12
-2.940000000e-01	7.872362544e+00	-3.924196337e-02	6.544736642e-12
-2.950000000e-01	7.872420277e+00	-4.003452149e-02	9.598500250e-12
-2.960000000e-01	7.872478089e+00	-4.082707397e-02	5.924409217e-12
-2.970000000e-01	7.872535980e+00	-4.161962078e-02	9.147455161e-12
-2.980000000e-01	7.872593949e+00	-4.241216192e-02	9.912461960e-12
-2.990000000e-01	7.872651997e+00	-4.320469735e-02	1.447229695e-11
-3.000000000e-01	7.872710124e+00	-4.399722704e-02	9.261873946e-12
-3.010000000e-01	7.872768330e+00	-4.478975099e-02	3.833144175e-12
-3.020000000e-01	7.872826615e+00	-4.558226916e-02	1.205388166e-11
-3.030000000e-01	7.872884978e+00	-4.637478153e-02	1.471294130e-11
-3.040000000e-01	7.872943421e+00	-4.716728808e-02	7.621771686e-12
-3.050000000e-01	7.873001942e+00	-4.795978878e-02	8.921483311e-12
-3.060000000e-01	7.873060542e+00	-4.875228361e-02	1.066111171e-11
-3.070000000e-01	7.873119221e+00	-4.954477255e-02	5.866319882e-12
-3.080000000e-01	7.873177978e+00	-5.033725557e-02	1.035264595e-11
-3.090000000e-01	7.873236814e+00	-5.112973265e-02	4.361430737e-12
-3.100000000e-01	7.873295730e+00	-5.192220378e-02	1.005165936e-11
-3.110000000e-01	7.873354723e+00	-5.271466892e-02	1.508075660e-11
-3.120000000e-01	7.873413796e+00	-5.350712803e-02	9.223458606e-12
-3.130000000e-01	7.873472948e+00	-5.429958113e-02	7.986402331e-12
-3.140000000e-01	7.873532178e+00	-5.509202816e-02	1.298050469e-11
-3.150000000e-01	7.873591487e+00	-5.588446912e-02	4.948704319e-12
-3.160000000e-01	7.873650875e+00	-5.667690398e-02	7.530047300e-12
-3.170000000e-01	7.873710341e+00	-5.746933271e-02	8.555984309e-12
-3.180000000e-01	7.873769887e+00	-5.826175529e-02	8.598620105e-12
-3.190000000e-01	7.873829511e+00	-5.905417169e-02	7.640138480e-12
-3.200000000e-01	7.873889214e+00	-5.984658191e-02	1.221645530e-11
-3.210000000e-01	7.873948995e+00	-6.063898590e-02	4.977956487e-12
-3.220000000e-01	7.874008856e+00	-6.143138366e-02	1.204836700e-11
-3.230000000e-01	7.874068795e+00	-6.222377514e-02	6.086214002e-12
-3.240000000e-01	7.874128813e+00	-6.301616034e-02	5.315496669e-12
-3.250000000e-01	7.874188909e+00	-6.380853923e-02	6.476045312e-12
-3.260000000e-01	7.874249085e+00	-6.460091178e-02	8.437173477e-12
-3.270000000e-01	7.874309339e+00	-6.539327796e-02	1.244006801e-11
-3.280000000e-01	7.874369672e+00	-6.618563778e-02	7.068235758e-12
-3.290000000e-01	7.874430084e+00	-6.697799118e-02	1.159609903e-11
-3.300000000e-01	7.874490574e+00	-6.777033816e-02	9.615525871e-12
-3.310000000e-01	7.874551143e+00	-6.856267868e-02	5.214630255e-12
-3.320000000e-01	7.874611791e+00	-6.935501273e-02	8.682976375e-12
-3.330000000e-01	7.874672518e+00	-7.014734028e-02	4.022720307e-12
-3.340000000e-01	7.874733323e+00	-7.093966131e-02	6.014909421e-12
-3.350000000e-01	7.874794207e+00	-7.173197580e-02	1.178506906e-11
-3.360000000e-01	7.874855170e+00	-7.252428371e-02	1.240069774e-11
-3.370000000e-01	7.874916211e+00	-7.331658504e-02	8.759886524e-12
-3.380000000e-01	7.874977331e+00	-7.410887976e-02	1.107420729e-11
-3.390000000e-01	7.875038530e+00	-7.490116783e-02	1.480856277e-11
-3.400000000e-01	7.875099808e+00	-7.569344924e-02	1.178515289e-11
-3.410000000e-01	7.875161164e+00	-7.648572397e-02	7.914181895e-12
-3.420000000e-01	7.875222599e+00	-7.727799199e-02	6.598391950e-12
-3.430000000e-01	7.875284113e+00	-7.807025329e-02	1.470562488e-11
-3.440000000e-01	7.875345705e+00	-7.886250782e-02	1.497831285e-11
-3.450000000e-01	7.875407376e+00	-7.965475558e-02	1.393614585e-11
-3.460000000e-01	7.875469126e+00	-8.044699654e-02	1.014672136e-11
-3.470000000e-01	7.875530954e+00	-8.123923068e-02	5.362404398e-12
-3.480000000e-01	7.875592862e+00	-8.203145796e-02	1.171678923e-11
-3.490000000e-01	7.875654847e+00	-8.282367838e-02	8.736218183e-12
-3.500000000e-01	7.875716912e+00	-8.361589191e-02	1.004533126e-11
