# epsi_ci     Re(Lambda)      Im(Lambda)      Eq(det), R = 0.10 $\mu$m, $E_p$ = 0.300 eV, modo = 1, $\epsilon_\infty$ = 3.9, $\gamma_{DL}$ = 0.01 eV, solve_det_sinkz_vs_mu.py
0.000000000e+00	7.443680764e+00	1.577016552e-01	1.381922647e-11
-1.000000000e-03	7.443708052e+00	1.569492682e-01	6.860511516e-12
-2.000000000e-03	7.443735414e+00	1.561968800e-01	1.193000307e-11
-3.000000000e-03	7.443762851e+00	1.554444904e-01	1.277843583e-11
-4.000000000e-03	7.443790363e+00	1.546920996e-01	1.154179055e-11
-5.000000000e-03	7.443817951e+00	1.539397075e-01	1.175401117e-11
-6.000000000e-03	7.443845613e+00	1.531873142e-01	9.797570198e-12
-7.000000000e-03	7.443873350e+00	1.524349197e-01	7.072975094e-12
-8.000000000e-03	7.443901162e+00	1.516825240e-01	1.443641750e-11
-9.000000000e-03	7.443929049e+00	1.509301271e-01	1.961217150e-11
-1.000000000e-02	7.443957012e+00	1.501777291e-01	6.893623073e-12
-1.100000000e-02	7.443985049e+00	1.494253300e-01	1.161315518e-11
-1.200000000e-02	7.444013161e+00	1.486729298e-01	1.290047676e-11
-1.300000000e-02	7.444041348e+00	1.479205286e-01	1.544960161e-11
-1.400000000e-02	7.444069610e+00	1.471681263e-01	1.328691153e-11
-1.500000000e-02	7.444097947e+00	1.464157229e-01	1.590539718e-11
-1.600000000e-02	7.444126360e+00	1.456633186e-01	1.068946344e-11
-1.700000000e-02	7.444154847e+00	1.449109133e-01	1.659521747e-11
-1.800000000e-02	7.444183409e+00	1.441585070e-01	8.371434797e-12
-1.900000000e-02	7.444212046e+00	1.434060998e-01	1.100181698e-11
-2.000000000e-02	7.444240758e+00	1.426536917e-01	2.003947440e-11
-2.100000000e-02	7.444269545e+00	1.419012827e-01	6.663823312e-12
-2.200000000e-02	7.444298408e+00	1.411488728e-01	1.392819927e-11
-2.300000000e-02	7.444327345e+00	1.403964621e-01	1.366364760e-11
-2.400000000e-02	7.444356357e+00	1.396440505e-01	1.028737107e-11
-2.500000000e-02	7.444385444e+00	1.388916381e-01	1.169089798e-11
-2.600000000e-02	7.444414607e+00	1.381392250e-01	7.842955823e-12
-2.700000000e-02	7.444443844e+00	1.373868111e-01	9.016219470e-12
-2.800000000e-02	7.444473156e+00	1.366343965e-01	9.857589788e-12
-2.900000000e-02	7.444502543e+00	1.358819811e-01	1.525082448e-11
-3.000000000e-02	7.444532006e+00	1.351295651e-01	8.888984888e-12
-3.100000000e-02	7.444561543e+00	1.343771484e-01	1.258825668e-11
-3.200000000e-02	7.444591155e+00	1.336247310e-01	1.283913786e-11
-3.300000000e-02	7.444620842e+00	1.328723131e-01	1.262369901e-11
-3.400000000e-02	7.444650605e+00	1.321198945e-01	9.383799625e-12
-3.500000000e-02	7.444680442e+00	1.313674753e-01	1.208344632e-11
-3.600000000e-02	7.444710354e+00	1.306150556e-01	1.164600330e-11
-3.700000000e-02	7.444740342e+00	1.298626353e-01	1.221125673e-11
-3.800000000e-02	7.444770404e+00	1.291102146e-01	1.265331270e-11
-3.900000000e-02	7.444800541e+00	1.283577933e-01	9.346805724e-12
-4.000000000e-02	7.444830754e+00	1.276053716e-01	1.974383843e-11
-4.100000000e-02	7.444861041e+00	1.268529494e-01	7.018499822e-12
-4.200000000e-02	7.444891404e+00	1.261005268e-01	9.812549505e-12
-4.300000000e-02	7.444921841e+00	1.253481038e-01	4.713159289e-12
-4.400000000e-02	7.444952354e+00	1.245956804e-01	9.534442695e-12
-4.500000000e-02	7.444982941e+00	1.238432567e-01	8.359028490e-12
-4.600000000e-02	7.445013604e+00	1.230908326e-01	3.547556604e-12
-4.700000000e-02	7.445044341e+00	1.223384082e-01	1.831590152e-11
-4.800000000e-02	7.445075154e+00	1.215859836e-01	1.775524747e-11
-4.900000000e-02	7.445106041e+00	1.208335586e-01	2.104308220e-11
-5.000000000e-02	7.445137004e+00	1.200811334e-01	7.365087664e-12
-5.100000000e-02	7.445168041e+00	1.193287080e-01	1.210926057e-11
-5.200000000e-02	7.445199154e+00	1.185762824e-01	6.824476580e-12
-5.300000000e-02	7.445230342e+00	1.178238566e-01	5.153835644e-12
-5.400000000e-02	7.445261604e+00	1.170714306e-01	1.125985008e-11
-5.500000000e-02	7.445292942e+00	1.163190045e-01	1.192691477e-11
-5.600000000e-02	7.445324355e+00	1.155665783e-01	1.175782919e-11
-5.700000000e-02	7.445355842e+00	1.148141520e-01	1.067405556e-11
-5.800000000e-02	7.445387405e+00	1.140617256e-01	1.213713864e-11
-5.900000000e-02	7.445419043e+00	1.133092992e-01	1.904153588e-11
-6.000000000e-02	7.445450756e+00	1.125568728e-01	1.112317186e-11
-6.100000000e-02	7.445482544e+00	1.118044464e-01	1.363316255e-11
-6.200000000e-02	7.445514407e+00	1.110520199e-01	1.108111203e-11
-6.300000000e-02	7.445546344e+00	1.102995936e-01	6.265504156e-12
-6.400000000e-02	7.445578357e+00	1.095471673e-01	1.039774679e-11
-6.500000000e-02	7.445610445e+00	1.087947410e-01	5.325784841e-12
-6.600000000e-02	7.445642608e+00	1.080423149e-01	8.187812696e-12
-6.700000000e-02	7.445674846e+00	1.072898889e-01	1.827215669e-11
-6.800000000e-02	7.445707159e+00	1.065374631e-01	1.410381515e-11
-6.900000000e-02	7.445739547e+00	1.057850375e-01	1.370366841e-11
-7.000000000e-02	7.445772010e+00	1.050326120e-01	2.420715121e-11
-7.100000000e-02	7.445804548e+00	1.042801868e-01	8.013923302e-12
-7.200000000e-02	7.445837162e+00	1.035277618e-01	9.666859416e-12
-7.300000000e-02	7.445869850e+00	1.027753371e-01	1.749751704e-11
-7.400000000e-02	7.445902613e+00	1.020229126e-01	1.533713427e-11
-7.500000000e-02	7.445935451e+00	1.012704885e-01	1.584412894e-11
-7.600000000e-02	7.445968364e+00	1.005180647e-01	5.989699113e-12
-7.700000000e-02	7.446001353e+00	9.976564126e-02	7.305642603e-12
-7.800000000e-02	7.446034416e+00	9.901321819e-02	1.361512771e-11
-7.900000000e-02	7.446067554e+00	9.826079552e-02	1.548977712e-11
-8.000000000e-02	7.446100768e+00	9.750837328e-02	1.516230290e-11
-8.100000000e-02	7.446134056e+00	9.675595148e-02	1.014466779e-11
-8.200000000e-02	7.446167419e+00	9.600353014e-02	6.192889540e-12
-8.300000000e-02	7.446200858e+00	9.525110930e-02	7.724662169e-12
-8.400000000e-02	7.446234371e+00	9.449868896e-02	1.065746426e-11
-8.500000000e-02	7.446267960e+00	9.374626915e-02	1.096988571e-11
-8.600000000e-02	7.446301623e+00	9.299384990e-02	7.122153164e-12
-8.700000000e-02	7.446335362e+00	9.224143123e-02	1.351229100e-11
-8.800000000e-02	7.446369175e+00	9.148901315e-02	4.762451742e-12
-8.900000000e-02	7.446403064e+00	9.073659569e-02	9.894555325e-12
-9.000000000e-02	7.446437028e+00	8.998417888e-02	7.021639919e-12
-9.100000000e-02	7.446471066e+00	8.923176274e-02	1.446895114e-11
-9.200000000e-02	7.446505180e+00	8.847934728e-02	1.650687319e-11
-9.300000000e-02	7.446539369e+00	8.772693253e-02	9.207379883e-12
-9.400000000e-02	7.446573632e+00	8.697451852e-02	1.790581615e-11
-9.500000000e-02	7.446607971e+00	8.622210526e-02	1.207547646e-11
-9.600000000e-02	7.446642385e+00	8.546969278e-02	6.718288710e-12
-9.700000000e-02	7.446676874e+00	8.471728110e-02	1.166268207e-11
-9.800000000e-02	7.446711438e+00	8.396487024e-02	8.681851901e-12
-9.900000000e-02	7.446746076e+00	8.321246022e-02	1.062514211e-11
-1.000000000e-01	7.446780790e+00	8.246005107e-02	1.761156673e-11
-1.010000000e-01	7.446815579e+00	8.170764281e-02	1.114097270e-11
-1.020000000e-01	7.446850443e+00	8.095523545e-02	1.187400131e-11
-1.030000000e-01	7.446885382e+00	8.020282904e-02	1.787285205e-11
-1.040000000e-01	7.446920396e+00	7.945042357e-02	1.020286419e-11
-1.050000000e-01	7.446955485e+00	7.869801909e-02	6.453043765e-12
-1.060000000e-01	7.446990649e+00	7.794561560e-02	8.994413549e-12
-1.070000000e-01	7.447025888e+00	7.719321314e-02	1.062959523e-11
-1.080000000e-01	7.447061203e+00	7.644081172e-02	8.961209435e-12
-1.090000000e-01	7.447096592e+00	7.568841137e-02	1.013658171e-11
-1.100000000e-01	7.447132056e+00	7.493601210e-02	1.502547218e-11
-1.110000000e-01	7.447167595e+00	7.418361395e-02	7.888072360e-12
-1.120000000e-01	7.447203209e+00	7.343121693e-02	1.882992395e-11
-1.130000000e-01	7.447238898e+00	7.267882107e-02	1.071910062e-11
-1.140000000e-01	7.447274663e+00	7.192642638e-02	1.086646860e-11
-1.150000000e-01	7.447310502e+00	7.117403289e-02	9.035621502e-12
-1.160000000e-01	7.447346416e+00	7.042164063e-02	8.601670511e-12
-1.170000000e-01	7.447382406e+00	6.966924961e-02	7.539847130e-12
-1.180000000e-01	7.447418470e+00	6.891685985e-02	1.601630508e-11
-1.190000000e-01	7.447454609e+00	6.816447139e-02	7.546733135e-12
-1.200000000e-01	7.447490824e+00	6.741208424e-02	8.063101061e-12
-1.210000000e-01	7.447527113e+00	6.665969843e-02	1.049894248e-11
-1.220000000e-01	7.447563478e+00	6.590731396e-02	1.250522334e-11
-1.230000000e-01	7.447599917e+00	6.515493088e-02	5.322945893e-12
-1.240000000e-01	7.447636432e+00	6.440254920e-02	5.348494295e-12
-1.250000000e-01	7.447673021e+00	6.365016894e-02	7.539556731e-12
-1.260000000e-01	7.447709686e+00	6.289779012e-02	1.067161275e-11
-1.270000000e-01	7.447746425e+00	6.214541277e-02	7.378558467e-12
-1.280000000e-01	7.447783240e+00	6.139303691e-02	8.590349529e-12
-1.290000000e-01	7.447820129e+00	6.064066256e-02	1.089851515e-11
-1.300000000e-01	7.447857094e+00	5.988828975e-02	1.189883860e-11
-1.310000000e-01	7.447894134e+00	5.913591849e-02	4.739728641e-12
-1.320000000e-01	7.447931248e+00	5.838354882e-02	1.570948806e-11
-1.330000000e-01	7.447968438e+00	5.763118074e-02	1.390660044e-11
-1.340000000e-01	7.448005703e+00	5.687881428e-02	1.602837314e-11
-1.350000000e-01	7.448043042e+00	5.612644948e-02	1.427756806e-11
-1.360000000e-01	7.448080457e+00	5.537408633e-02	1.172046819e-11
-1.370000000e-01	7.448117947e+00	5.462172489e-02	7.929585885e-12
-1.380000000e-01	7.448155511e+00	5.386936515e-02	6.483442204e-12
-1.390000000e-01	7.448193151e+00	5.311700714e-02	6.145821995e-12
-1.400000000e-01	7.448230866e+00	5.236465089e-02	1.276253478e-11
-1.410000000e-01	7.448268656e+00	5.161229642e-02	1.565930640e-11
-1.420000000e-01	7.448306521e+00	5.085994376e-02	7.285331356e-12
-1.430000000e-01	7.448344460e+00	5.010759291e-02	1.254618979e-11
-1.440000000e-01	7.448382475e+00	4.935524391e-02	1.596327794e-11
-1.450000000e-01	7.448420565e+00	4.860289678e-02	1.521794861e-11
-1.460000000e-01	7.448458730e+00	4.785055154e-02	1.050755702e-11
-1.470000000e-01	7.448496970e+00	4.709820821e-02	9.976413789e-12
-1.480000000e-01	7.448535284e+00	4.634586681e-02	1.200493525e-11
-1.490000000e-01	7.448573674e+00	4.559352738e-02	1.164308113e-11
-1.500000000e-01	7.448612139e+00	4.484118992e-02	1.947679156e-11
-1.510000000e-01	7.448650679e+00	4.408885447e-02	7.034426580e-12
-1.520000000e-01	7.448689294e+00	4.333652103e-02	1.557885422e-11
-1.530000000e-01	7.448727984e+00	4.258418965e-02	7.991191877e-12
-1.540000000e-01	7.448766749e+00	4.183186033e-02	6.336639673e-12
-1.550000000e-01	7.448805589e+00	4.107953310e-02	5.425335899e-12
-1.560000000e-01	7.448844503e+00	4.032720799e-02	1.347975060e-11
-1.570000000e-01	7.448883493e+00	3.957488501e-02	9.761149909e-12
-1.580000000e-01	7.448922558e+00	3.882256419e-02	7.471980423e-12
-1.590000000e-01	7.448961698e+00	3.807024554e-02	6.154644831e-12
-1.600000000e-01	7.449000913e+00	3.731792910e-02	1.011254164e-11
-1.610000000e-01	7.449040203e+00	3.656561488e-02	2.071484075e-11
-1.620000000e-01	7.449079568e+00	3.581330291e-02	5.485035998e-12
-1.630000000e-01	7.449119008e+00	3.506099321e-02	8.600400182e-12
-1.640000000e-01	7.449158522e+00	3.430868580e-02	1.297942778e-11
-1.650000000e-01	7.449198112e+00	3.355638070e-02	9.965159744e-12
-1.660000000e-01	7.449237777e+00	3.280407794e-02	2.034172671e-11
-1.670000000e-01	7.449277517e+00	3.205177753e-02	1.215577771e-11
-1.680000000e-01	7.449317332e+00	3.129947951e-02	9.522457318e-12
-1.690000000e-01	7.449357222e+00	3.054718389e-02	8.835710065e-12
-1.700000000e-01	7.449397187e+00	2.979489068e-02	2.434518092e-11
-1.710000000e-01	7.449437226e+00	2.904259993e-02	7.501621339e-12
-1.720000000e-01	7.449477341e+00	2.829031165e-02	9.435734927e-12
-1.730000000e-01	7.449517531e+00	2.753802586e-02	8.312485135e-12
-1.740000000e-01	7.449557796e+00	2.678574258e-02	1.146712422e-11
-1.750000000e-01	7.449598136e+00	2.603346184e-02	8.582801528e-12
-1.760000000e-01	7.449638550e+00	2.528118365e-02	1.113071716e-11
-1.770000000e-01	7.449679040e+00	2.452890804e-02	1.029060725e-11
-1.780000000e-01	7.449719605e+00	2.377663504e-02	1.232060543e-11
-1.790000000e-01	7.449760244e+00	2.302436466e-02	8.749359050e-12
-1.800000000e-01	7.449800959e+00	2.227209693e-02	7.316984748e-12
-1.810000000e-01	7.449841749e+00	2.151983187e-02	9.549634831e-12
-1.820000000e-01	7.449882613e+00	2.076756949e-02	1.195091056e-11
-1.830000000e-01	7.449923553e+00	2.001530983e-02	1.060749483e-11
-1.840000000e-01	7.449964568e+00	1.926305291e-02	9.773874676e-12
-1.850000000e-01	7.450005657e+00	1.851079875e-02	1.439578743e-11
-1.860000000e-01	7.450046822e+00	1.775854737e-02	2.221960455e-11
-1.870000000e-01	7.450088061e+00	1.700629878e-02	1.436845176e-11
-1.880000000e-01	7.450129376e+00	1.625405302e-02	1.851492410e-11
-1.890000000e-01	7.450170765e+00	1.550181011e-02	9.396464045e-12
-1.900000000e-01	7.450212230e+00	1.474957007e-02	1.385436443e-11
-1.910000000e-01	7.450253769e+00	1.399733293e-02	8.570005002e-12
-1.920000000e-01	7.450295383e+00	1.324509869e-02	1.644707550e-11
-1.930000000e-01	7.450337073e+00	1.249286739e-02	1.028671514e-11
-1.940000000e-01	7.450378837e+00	1.174063905e-02	6.556885663e-12
-1.950000000e-01	7.450420676e+00	1.098841369e-02	1.856384754e-11
-1.960000000e-01	7.450462591e+00	1.023619133e-02	8.476496303e-12
-1.970000000e-01	7.450504580e+00	9.483971997e-03	7.137303185e-12
-1.980000000e-01	7.450546644e+00	8.731755708e-03	1.837682213e-11
-1.990000000e-01	7.450588783e+00	7.979542494e-03	1.174795275e-11
-2.000000000e-01	7.450630997e+00	7.227332368e-03	1.440172757e-11
-2.010000000e-01	7.450673286e+00	6.475125357e-03	8.538807709e-12
-2.020000000e-01	7.450715650e+00	5.722921483e-03	9.364226813e-12
-2.030000000e-01	7.450758089e+00	4.970720767e-03	1.363986792e-11
-2.040000000e-01	7.450800603e+00	4.218523233e-03	5.834314099e-12
-2.050000000e-01	7.450843192e+00	3.466328901e-03	1.377723875e-11
-2.060000000e-01	7.450885856e+00	2.714137791e-03	7.527295405e-12
-2.070000000e-01	7.450928594e+00	1.961949928e-03	1.576257291e-11
-2.080000000e-01	7.450971408e+00	1.209765336e-03	9.244914243e-12
-2.090000000e-01	7.451014297e+00	4.575840374e-04	1.256214610e-11
-2.100000000e-01	7.451057260e+00	-2.945939483e-04	1.677033109e-11
-2.110000000e-01	7.451100299e+00	-1.046768600e-03	1.310933326e-11
-2.120000000e-01	7.451143412e+00	-1.798939889e-03	7.915555311e-12
-2.130000000e-01	7.451186601e+00	-2.551107800e-03	1.199472642e-11
-2.140000000e-01	7.451229864e+00	-3.303272306e-03	1.458781733e-11
-2.150000000e-01	7.451273203e+00	-4.055433391e-03	9.356760005e-12
-2.160000000e-01	7.451316616e+00	-4.807591025e-03	6.468845577e-12
-2.170000000e-01	7.451360104e+00	-5.559745191e-03	9.679163111e-12
-2.180000000e-01	7.451403667e+00	-6.311895867e-03	1.260774459e-11
-2.190000000e-01	7.451447305e+00	-7.064043022e-03	1.265934972e-11
-2.200000000e-01	7.451491018e+00	-7.816186654e-03	2.223430474e-11
-2.210000000e-01	7.451534806e+00	-8.568326716e-03	1.249572258e-11
-2.220000000e-01	7.451578669e+00	-9.320463195e-03	1.552980720e-11
-2.230000000e-01	7.451622607e+00	-1.007259608e-02	1.038607567e-11
-2.240000000e-01	7.451666619e+00	-1.082472534e-02	1.551096183e-11
-2.250000000e-01	7.451710707e+00	-1.157685095e-02	1.375723980e-11
-2.260000000e-01	7.451754869e+00	-1.232897289e-02	1.145283035e-11
-2.270000000e-01	7.451799107e+00	-1.308109114e-02	1.441950497e-11
-2.280000000e-01	7.451843419e+00	-1.383320567e-02	1.762415542e-11
-2.290000000e-01	7.451887807e+00	-1.458531647e-02	1.478035502e-11
-2.300000000e-01	7.451932269e+00	-1.533742351e-02	1.099986931e-11
-2.310000000e-01	7.451976806e+00	-1.608952677e-02	7.937969802e-12
-2.320000000e-01	7.452021418e+00	-1.684162622e-02	6.520705816e-12
-2.330000000e-01	7.452066105e+00	-1.759372186e-02	1.926224530e-11
-2.340000000e-01	7.452110867e+00	-1.834581364e-02	6.842577502e-12
-2.350000000e-01	7.452155704e+00	-1.909790155e-02	1.274556793e-11
-2.360000000e-01	7.452200615e+00	-1.984998558e-02	6.680558691e-12
-2.370000000e-01	7.452245602e+00	-2.060206568e-02	1.763620467e-11
-2.380000000e-01	7.452290663e+00	-2.135414186e-02	7.703496574e-12
-2.390000000e-01	7.452335800e+00	-2.210621408e-02	7.570134012e-12
-2.400000000e-01	7.452381011e+00	-2.285828231e-02	7.450748149e-12
-2.410000000e-01	7.452426297e+00	-2.361034654e-02	1.692650623e-11
-2.420000000e-01	7.452471658e+00	-2.436240675e-02	8.649234851e-12
-2.430000000e-01	7.452517094e+00	-2.511446291e-02	2.056312294e-11
-2.440000000e-01	7.452562605e+00	-2.586651500e-02	1.471713086e-11
-2.450000000e-01	7.452608191e+00	-2.661856299e-02	1.776900633e-11
-2.460000000e-01	7.452653852e+00	-2.737060689e-02	1.278811135e-11
-2.470000000e-01	7.452699587e+00	-2.812264663e-02	1.337966013e-11
-2.480000000e-01	7.452745398e+00	-2.887468223e-02	1.160609423e-11
-2.490000000e-01	7.452791283e+00	-2.962671363e-02	6.706341188e-12
-2.500000000e-01	7.452837243e+00	-3.037874084e-02	1.314051126e-11
-2.510000000e-01	7.452883278e+00	-3.113076383e-02	9.798460448e-12
-2.520000000e-01	7.452929388e+00	-3.188278256e-02	1.168281433e-11
-2.530000000e-01	7.452975573e+00	-3.263479704e-02	9.453885718e-12
-2.540000000e-01	7.453021833e+00	-3.338680721e-02	1.690794260e-11
-2.550000000e-01	7.453068167e+00	-3.413881308e-02	1.417143639e-11
-2.560000000e-01	7.453114577e+00	-3.489081461e-02	1.799413687e-11
-2.570000000e-01	7.453161061e+00	-3.564281178e-02	7.012006646e-12
-2.580000000e-01	7.453207620e+00	-3.639480456e-02	7.057576871e-12
-2.590000000e-01	7.453254254e+00	-3.714679295e-02	1.144937779e-11
-2.600000000e-01	7.453300963e+00	-3.789877692e-02	1.223503622e-11
-2.610000000e-01	7.453347747e+00	-3.865075644e-02	9.632906105e-12
-2.620000000e-01	7.453394606e+00	-3.940273148e-02	8.008721189e-12
-2.630000000e-01	7.453441539e+00	-4.015470204e-02	1.281241990e-11
-2.640000000e-01	7.453488548e+00	-4.090666808e-02	9.368491757e-12
-2.650000000e-01	7.453535631e+00	-4.165862959e-02	1.549992509e-11
-2.660000000e-01	7.453582789e+00	-4.241058655e-02	6.185059007e-12
-2.670000000e-01	7.453630022e+00	-4.316253892e-02	1.442546917e-11
-2.680000000e-01	7.453677330e+00	-4.391448669e-02	7.874095945e-12
-2.690000000e-01	7.453724712e+00	-4.466642984e-02	5.206462870e-12
-2.700000000e-01	7.453772170e+00	-4.541836834e-02	9.306172605e-12
-2.710000000e-01	7.453819702e+00	-4.617030217e-02	9.039282835e-12
-2.720000000e-01	7.453867309e+00	-4.692223131e-02	9.691709111e-12
-2.730000000e-01	7.453914991e+00	-4.767415574e-02	8.621707055e-12
-2.740000000e-01	7.453962748e+00	-4.842607544e-02	1.595241809e-11
-2.750000000e-01	7.454010580e+00	-4.917799037e-02	9.888687911e-12
-2.760000000e-01	7.454058486e+00	-4.992990053e-02	1.001114125e-11
-2.770000000e-01	7.454106468e+00	-5.068180589e-02	9.891129915e-12
-2.780000000e-01	7.454154524e+00	-5.143370642e-02	1.685339914e-11
-2.790000000e-01	7.454202655e+00	-5.218560211e-02	5.578288727e-12
-2.800000000e-01	7.454250861e+00	-5.293749293e-02	4.518248060e-12
-2.810000000e-01	7.454299141e+00	-5.368937886e-02	8.059358332e-12
-2.820000000e-01	7.454347497e+00	-5.444125988e-02	6.097527275e-12
-2.830000000e-01	7.454395927e+00	-5.519313596e-02	5.473905840e-12
-2.840000000e-01	7.454444432e+00	-5.594500709e-02	1.185144714e-11
-2.850000000e-01	7.454493012e+00	-5.669687323e-02	9.768302917e-12
-2.860000000e-01	7.454541667e+00	-5.744873438e-02	7.409313059e-12
-2.870000000e-01	7.454590397e+00	-5.820059051e-02	1.407564729e-11
-2.880000000e-01	7.454639201e+00	-5.895244159e-02	1.974053965e-11
-2.890000000e-01	7.454688080e+00	-5.970428760e-02	1.163273641e-11
-2.900000000e-01	7.454737034e+00	-6.045612852e-02	1.577408009e-11
-2.910000000e-01	7.454786063e+00	-6.120796434e-02	9.281752014e-12
-2.920000000e-01	7.454835166e+00	-6.195979502e-02	7.050077677e-12
-2.930000000e-01	7.454884345e+00	-6.271162054e-02	1.193012745e-11
-2.940000000e-01	7.454933598e+00	-6.346344088e-02	1.255975246e-11
-2.950000000e-01	7.454982926e+00	-6.421525602e-02	1.878621573e-11
-2.960000000e-01	7.455032329e+00	-6.496706595e-02	1.765657847e-11
-2.970000000e-01	7.455081806e+00	-6.571887063e-02	1.012302174e-11
-2.980000000e-01	7.455131358e+00	-6.647067004e-02	1.584203140e-11
-2.990000000e-01	7.455180985e+00	-6.722246416e-02	1.377191830e-11
-3.000000000e-01	7.455230687e+00	-6.797425297e-02	1.512736070e-11
-3.010000000e-01	7.455280464e+00	-6.872603645e-02	8.832319858e-12
-3.020000000e-01	7.455330315e+00	-6.947781458e-02	1.162243085e-11
-3.030000000e-01	7.455380242e+00	-7.022958732e-02	1.006977103e-11
-3.040000000e-01	7.455430243e+00	-7.098135467e-02	1.578671784e-11
-3.050000000e-01	7.455480318e+00	-7.173311660e-02	1.194621718e-11
-3.060000000e-01	7.455530469e+00	-7.248487308e-02	1.135183752e-11
-3.070000000e-01	7.455580694e+00	-7.323662410e-02	6.546710761e-12
-3.080000000e-01	7.455630994e+00	-7.398836963e-02	7.061888636e-12
-3.090000000e-01	7.455681369e+00	-7.474010964e-02	2.163844216e-11
-3.100000000e-01	7.455731819e+00	-7.549184413e-02	6.616396075e-12
-3.110000000e-01	7.455782343e+00	-7.624357307e-02	1.587340171e-11
-3.120000000e-01	7.455832942e+00	-7.699529642e-02	7.675731249e-12
-3.130000000e-01	7.455883616e+00	-7.774701418e-02	1.248831359e-11
-3.140000000e-01	7.455934364e+00	-7.849872632e-02	1.369123849e-11
-3.150000000e-01	7.455985188e+00	-7.925043281e-02	1.388983961e-11
-3.160000000e-01	7.456036086e+00	-8.000213364e-02	7.317751266e-12
-3.170000000e-01	7.456087058e+00	-8.075382879e-02	7.372533964e-12
-3.180000000e-01	7.456138106e+00	-8.150551822e-02	1.105990327e-11
-3.190000000e-01	7.456189228e+00	-8.225720192e-02	1.506174639e-11
-3.200000000e-01	7.456240425e+00	-8.300887988e-02	1.068465095e-11
-3.210000000e-01	7.456291697e+00	-8.376055205e-02	9.213623045e-12
-3.220000000e-01	7.456343043e+00	-8.451221843e-02	8.491356668e-12
-3.230000000e-01	7.456394465e+00	-8.526387899e-02	1.580215798e-11
-3.240000000e-01	7.456445960e+00	-8.601553371e-02	6.714673630e-12
-3.250000000e-01	7.456497531e+00	-8.676718256e-02	7.251102449e-12
-3.260000000e-01	7.456549176e+00	-8.751882552e-02	9.009058985e-12
-3.270000000e-01	7.456600896e+00	-8.827046258e-02	2.217021264e-11
-3.280000000e-01	7.456652691e+00	-8.902209372e-02	1.337802228e-11
-3.290000000e-01	7.456704561e+00	-8.977371889e-02	1.347480208e-11
-3.300000000e-01	7.456756505e+00	-9.052533809e-02	1.487764200e-11
-3.310000000e-01	7.456808524e+00	-9.127695130e-02	7.116093484e-12
-3.320000000e-01	7.456860617e+00	-9.202855849e-02	1.091348808e-11
-3.330000000e-01	7.456912786e+00	-9.278015964e-02	4.686082883e-12
-3.340000000e-01	7.456965029e+00	-9.353175472e-02	1.190320983e-11
-3.350000000e-01	7.457017346e+00	-9.428334372e-02	1.104877450e-11
-3.360000000e-01	7.457069739e+00	-9.503492662e-02	1.815519617e-11
-3.370000000e-01	7.457122206e+00	-9.578650339e-02	1.328141175e-11
-3.380000000e-01	7.457174747e+00	-9.653807400e-02	1.654602544e-11
-3.390000000e-01	7.457227364e+00	-9.728963844e-02	2.317914261e-11
-3.400000000e-01	7.457280055e+00	-9.804119669e-02	1.367408267e-11
-3.410000000e-01	7.457332821e+00	-9.879274872e-02	1.060436697e-11
-3.420000000e-01	7.457385661e+00	-9.954429451e-02	1.127485163e-11
-3.430000000e-01	7.457438576e+00	-1.002958340e-01	6.344400147e-12
-3.440000000e-01	7.457491566e+00	-1.010473673e-01	1.052380467e-11
-3.450000000e-01	7.457544630e+00	-1.017988942e-01	1.012348066e-11
-3.460000000e-01	7.457597769e+00	-1.025504148e-01	9.548969161e-12
-3.470000000e-01	7.457650983e+00	-1.033019291e-01	1.099626816e-11
-3.480000000e-01	7.457704272e+00	-1.040534370e-01	9.517826052e-12
-3.490000000e-01	7.457757635e+00	-1.048049385e-01	8.915774209e-12
-3.500000000e-01	7.457811072e+00	-1.055564336e-01	1.813479893e-11
