# epsi_ci     Re(Lambda)      Im(Lambda)      Eq(det), R = 0.10 $\mu$m, $E_p$ = 0.300 eV, modo = 1, $\epsilon_\infty$ = 3.9, $\gamma_{DL}$ = 0.01 eV, solve_det_sinkz_vs_mu.py
0.000000000e+00	7.349755025e+00	1.503795144e-01	1.877414468e-11
-1.000000000e-03	7.349780823e+00	1.496364623e-01	5.318020087e-12
-2.000000000e-03	7.349806695e+00	1.488934089e-01	1.454911082e-11
-3.000000000e-03	7.349832642e+00	1.481503541e-01	7.959663482e-12
-4.000000000e-03	7.349858662e+00	1.474072981e-01	7.370920365e-12
-5.000000000e-03	7.349884757e+00	1.466642408e-01	7.828029848e-12
-6.000000000e-03	7.349910925e+00	1.459211823e-01	1.362104657e-11
-7.000000000e-03	7.349937168e+00	1.451781226e-01	1.423029587e-11
-8.000000000e-03	7.349963484e+00	1.444350616e-01	1.506458690e-11
-9.000000000e-03	7.349989875e+00	1.436919995e-01	7.008631148e-12
-1.000000000e-02	7.350016340e+00	1.429489362e-01	1.993021853e-11
-1.100000000e-02	7.350042878e+00	1.422058718e-01	3.811942017e-12
-1.200000000e-02	7.350069491e+00	1.414628063e-01	1.049542037e-11
-1.300000000e-02	7.350096178e+00	1.407197397e-01	9.012817043e-12
-1.400000000e-02	7.350122939e+00	1.399766720e-01	1.029856817e-11
-1.500000000e-02	7.350149774e+00	1.392336033e-01	1.214101560e-11
-1.600000000e-02	7.350176683e+00	1.384905336e-01	1.530005402e-11
-1.700000000e-02	7.350203666e+00	1.377474628e-01	1.420481241e-11
-1.800000000e-02	7.350230723e+00	1.370043911e-01	1.467751442e-11
-1.900000000e-02	7.350257854e+00	1.362613184e-01	9.301175777e-12
-2.000000000e-02	7.350285060e+00	1.355182448e-01	5.788747332e-12
-2.100000000e-02	7.350312339e+00	1.347751703e-01	4.621044642e-12
-2.200000000e-02	7.350339693e+00	1.340320949e-01	1.156733426e-11
-2.300000000e-02	7.350367120e+00	1.332890186e-01	1.141331179e-11
-2.400000000e-02	7.350394622e+00	1.325459415e-01	9.018467658e-12
-2.500000000e-02	7.350422197e+00	1.318028635e-01	4.802659993e-12
-2.600000000e-02	7.350449847e+00	1.310597848e-01	1.478466295e-11
-2.700000000e-02	7.350477571e+00	1.303167052e-01	8.362580161e-12
-2.800000000e-02	7.350505369e+00	1.295736249e-01	1.691431149e-11
-2.900000000e-02	7.350533241e+00	1.288305439e-01	1.156367891e-11
-3.000000000e-02	7.350561187e+00	1.280874622e-01	1.351531564e-11
-3.100000000e-02	7.350589207e+00	1.273443797e-01	1.286506074e-11
-3.200000000e-02	7.350617301e+00	1.266012966e-01	1.381739399e-11
-3.300000000e-02	7.350645469e+00	1.258582128e-01	1.615606196e-11
-3.400000000e-02	7.350673711e+00	1.251151284e-01	1.133887138e-11
-3.500000000e-02	7.350702028e+00	1.243720434e-01	1.399454287e-11
-3.600000000e-02	7.350730418e+00	1.236289579e-01	1.652656868e-11
-3.700000000e-02	7.350758883e+00	1.228858717e-01	1.324399078e-11
-3.800000000e-02	7.350787421e+00	1.221427850e-01	1.246052856e-11
-3.900000000e-02	7.350816034e+00	1.213996978e-01	6.147314549e-12
-4.000000000e-02	7.350844721e+00	1.206566102e-01	6.690438759e-12
-4.100000000e-02	7.350873482e+00	1.199135220e-01	6.847800583e-12
-4.200000000e-02	7.350902316e+00	1.191704334e-01	1.840611349e-11
-4.300000000e-02	7.350931225e+00	1.184273443e-01	6.749586045e-12
-4.400000000e-02	7.350960208e+00	1.176842549e-01	9.663253424e-12
-4.500000000e-02	7.350989266e+00	1.169411650e-01	1.016679270e-11
-4.600000000e-02	7.351018397e+00	1.161980748e-01	5.121791580e-12
-4.700000000e-02	7.351047602e+00	1.154549843e-01	6.611371406e-12
-4.800000000e-02	7.351076882e+00	1.147118934e-01	2.236834492e-11
-4.900000000e-02	7.351106235e+00	1.139688022e-01	8.532025366e-12
-5.000000000e-02	7.351135663e+00	1.132257108e-01	1.315842418e-11
-5.100000000e-02	7.351165164e+00	1.124826191e-01	1.407985754e-11
-5.200000000e-02	7.351194740e+00	1.117395272e-01	6.241655030e-12
-5.300000000e-02	7.351224390e+00	1.109964350e-01	1.682551043e-11
-5.400000000e-02	7.351254114e+00	1.102533427e-01	1.409971065e-11
-5.500000000e-02	7.351283912e+00	1.095102502e-01	1.374295058e-11
-5.600000000e-02	7.351313784e+00	1.087671576e-01	1.280729429e-11
-5.700000000e-02	7.351343730e+00	1.080240648e-01	1.223933920e-11
-5.800000000e-02	7.351373750e+00	1.072809720e-01	1.216841527e-11
-5.900000000e-02	7.351403844e+00	1.065378790e-01	1.096496063e-11
-6.000000000e-02	7.351434013e+00	1.057947860e-01	7.469242176e-12
-6.100000000e-02	7.351464255e+00	1.050516930e-01	7.972411297e-12
-6.200000000e-02	7.351494572e+00	1.043086000e-01	1.031510772e-11
-6.300000000e-02	7.351524962e+00	1.035655069e-01	7.705637775e-12
-6.400000000e-02	7.351555427e+00	1.028224139e-01	1.228013361e-11
-6.500000000e-02	7.351585966e+00	1.020793210e-01	1.653418565e-11
-6.600000000e-02	7.351616579e+00	1.013362281e-01	2.059516893e-11
-6.700000000e-02	7.351647266e+00	1.005931353e-01	1.522545481e-11
-6.800000000e-02	7.351678027e+00	9.985004269e-02	1.872421117e-11
-6.900000000e-02	7.351708862e+00	9.910695018e-02	8.619548360e-12
-7.000000000e-02	7.351739772e+00	9.836385783e-02	1.299134096e-11
-7.100000000e-02	7.351770755e+00	9.762076566e-02	2.610381844e-11
-7.200000000e-02	7.351801812e+00	9.687767371e-02	1.205458597e-11
-7.300000000e-02	7.351832944e+00	9.613458198e-02	1.222822235e-11
-7.400000000e-02	7.351864150e+00	9.539149050e-02	8.338244998e-12
-7.500000000e-02	7.351895429e+00	9.464839930e-02	9.397159420e-12
-7.600000000e-02	7.351926783e+00	9.390530839e-02	8.484389953e-12
-7.700000000e-02	7.351958211e+00	9.316221781e-02	5.757239469e-12
-7.800000000e-02	7.351989713e+00	9.241912756e-02	2.953644109e-11
-7.900000000e-02	7.352021289e+00	9.167603767e-02	1.074168916e-11
-8.000000000e-02	7.352052939e+00	9.093294816e-02	1.054280830e-11
-8.100000000e-02	7.352084663e+00	9.018985906e-02	1.349318685e-11
-8.200000000e-02	7.352116462e+00	8.944677038e-02	2.094929882e-11
-8.300000000e-02	7.352148334e+00	8.870368216e-02	1.076422109e-11
-8.400000000e-02	7.352180281e+00	8.796059440e-02	8.466876570e-12
-8.500000000e-02	7.352212301e+00	8.721750714e-02	1.604074941e-11
-8.600000000e-02	7.352244396e+00	8.647442040e-02	1.078023822e-11
-8.700000000e-02	7.352276565e+00	8.573133419e-02	1.194774841e-11
-8.800000000e-02	7.352308808e+00	8.498824853e-02	1.076011075e-11
-8.900000000e-02	7.352341125e+00	8.424516346e-02	7.715232426e-12
-9.000000000e-02	7.352373516e+00	8.350207899e-02	1.771990021e-11
-9.100000000e-02	7.352405981e+00	8.275899515e-02	9.582756759e-12
-9.200000000e-02	7.352438520e+00	8.201591196e-02	1.277301960e-11
-9.300000000e-02	7.352471134e+00	8.127282943e-02	1.405789117e-11
-9.400000000e-02	7.352503821e+00	8.052974760e-02	5.833244344e-12
-9.500000000e-02	7.352536583e+00	7.978666647e-02	1.023460462e-11
-9.600000000e-02	7.352569418e+00	7.904358609e-02	4.805505499e-12
-9.700000000e-02	7.352602328e+00	7.830050645e-02	7.290585988e-12
-9.800000000e-02	7.352635312e+00	7.755742760e-02	7.100356258e-12
-9.900000000e-02	7.352668370e+00	7.681434955e-02	9.873184102e-12
-1.000000000e-01	7.352701502e+00	7.607127232e-02	1.783096428e-11
-1.010000000e-01	7.352734708e+00	7.532819593e-02	1.089713303e-11
-1.020000000e-01	7.352767988e+00	7.458512042e-02	1.228375712e-11
-1.030000000e-01	7.352801342e+00	7.384204579e-02	5.828124554e-12
-1.040000000e-01	7.352834770e+00	7.309897207e-02	1.038017167e-11
-1.050000000e-01	7.352868273e+00	7.235589928e-02	8.436410672e-12
-1.060000000e-01	7.352901849e+00	7.161282745e-02	6.874552077e-12
-1.070000000e-01	7.352935500e+00	7.086975659e-02	1.551199717e-11
-1.080000000e-01	7.352969225e+00	7.012668674e-02	1.343411753e-11
-1.090000000e-01	7.353003023e+00	6.938361790e-02	1.225794539e-11
-1.100000000e-01	7.353036896e+00	6.864055011e-02	1.256545049e-11
-1.110000000e-01	7.353070843e+00	6.789748338e-02	1.093472925e-11
-1.120000000e-01	7.353104864e+00	6.715441773e-02	6.900270219e-12
-1.130000000e-01	7.353138960e+00	6.641135320e-02	4.678155615e-12
-1.140000000e-01	7.353173129e+00	6.566828980e-02	9.413504576e-12
-1.150000000e-01	7.353207372e+00	6.492522754e-02	1.084572747e-11
-1.160000000e-01	7.353241689e+00	6.418216646e-02	9.687333199e-12
-1.170000000e-01	7.353276081e+00	6.343910658e-02	1.039982972e-11
-1.180000000e-01	7.353310547e+00	6.269604792e-02	1.310356488e-11
-1.190000000e-01	7.353345086e+00	6.195299050e-02	1.645487854e-11
-1.200000000e-01	7.353379700e+00	6.120993434e-02	8.799570084e-12
-1.210000000e-01	7.353414388e+00	6.046687947e-02	1.683905639e-11
-1.220000000e-01	7.353449150e+00	5.972382590e-02	1.104651156e-11
-1.230000000e-01	7.353483986e+00	5.898077365e-02	7.438591355e-12
-1.240000000e-01	7.353518896e+00	5.823772276e-02	1.033300488e-11
-1.250000000e-01	7.353553880e+00	5.749467324e-02	1.234328939e-11
-1.260000000e-01	7.353588938e+00	5.675162511e-02	9.398290942e-12
-1.270000000e-01	7.353624071e+00	5.600857840e-02	7.452121315e-12
-1.280000000e-01	7.353659277e+00	5.526553313e-02	1.282129725e-11
-1.290000000e-01	7.353694557e+00	5.452248932e-02	1.136945793e-11
-1.300000000e-01	7.353729912e+00	5.377944699e-02	1.398635866e-11
-1.310000000e-01	7.353765341e+00	5.303640617e-02	1.773670845e-11
-1.320000000e-01	7.353800843e+00	5.229336687e-02	1.025195940e-11
-1.330000000e-01	7.353836420e+00	5.155032912e-02	1.865392532e-11
-1.340000000e-01	7.353872071e+00	5.080729294e-02	8.465495116e-12
-1.350000000e-01	7.353907796e+00	5.006425835e-02	1.202329724e-11
-1.360000000e-01	7.353943595e+00	4.932122537e-02	1.504536855e-11
-1.370000000e-01	7.353979468e+00	4.857819404e-02	1.028536872e-11
-1.380000000e-01	7.354015416e+00	4.783516436e-02	1.040446930e-11
-1.390000000e-01	7.354051437e+00	4.709213636e-02	1.200469043e-11
-1.400000000e-01	7.354087532e+00	4.634911006e-02	1.082275576e-11
-1.410000000e-01	7.354123702e+00	4.560608548e-02	4.557438379e-12
-1.420000000e-01	7.354159945e+00	4.486306265e-02	9.944181477e-12
-1.430000000e-01	7.354196263e+00	4.412004159e-02	9.138324948e-12
-1.440000000e-01	7.354232654e+00	4.337702232e-02	6.012630250e-12
-1.450000000e-01	7.354269120e+00	4.263400486e-02	1.718082227e-11
-1.460000000e-01	7.354305660e+00	4.189098923e-02	1.580943321e-11
-1.470000000e-01	7.354342274e+00	4.114797546e-02	8.287387779e-12
-1.480000000e-01	7.354378962e+00	4.040496357e-02	1.769489192e-11
-1.490000000e-01	7.354415724e+00	3.966195358e-02	5.478467443e-12
-1.500000000e-01	7.354452560e+00	3.891894550e-02	1.215521974e-11
-1.510000000e-01	7.354489470e+00	3.817593938e-02	5.612428692e-12
-1.520000000e-01	7.354526454e+00	3.743293522e-02	1.755367899e-11
-1.530000000e-01	7.354563513e+00	3.668993304e-02	1.068182891e-11
-1.540000000e-01	7.354600645e+00	3.594693288e-02	1.418092742e-11
-1.550000000e-01	7.354637852e+00	3.520393474e-02	1.093004394e-11
-1.560000000e-01	7.354675132e+00	3.446093866e-02	6.681835954e-12
-1.570000000e-01	7.354712487e+00	3.371794466e-02	7.032651712e-12
-1.580000000e-01	7.354749915e+00	3.297495275e-02	7.496839066e-12
-1.590000000e-01	7.354787418e+00	3.223196296e-02	5.710795998e-12
-1.600000000e-01	7.354824995e+00	3.148897532e-02	1.633722308e-11
-1.610000000e-01	7.354862646e+00	3.074598983e-02	1.366253338e-11
-1.620000000e-01	7.354900371e+00	3.000300654e-02	8.230212305e-12
-1.630000000e-01	7.354938170e+00	2.926002544e-02	9.962142780e-12
-1.640000000e-01	7.354976043e+00	2.851704659e-02	1.310152173e-11
-1.650000000e-01	7.355013990e+00	2.777406998e-02	1.687623040e-11
-1.660000000e-01	7.355052011e+00	2.703109564e-02	1.312732015e-11
-1.670000000e-01	7.355090106e+00	2.628812360e-02	8.343981476e-12
-1.680000000e-01	7.355128275e+00	2.554515388e-02	1.424875512e-11
-1.690000000e-01	7.355166519e+00	2.480218649e-02	8.109696901e-12
-1.700000000e-01	7.355204836e+00	2.405922147e-02	2.104048661e-11
-1.710000000e-01	7.355243227e+00	2.331625883e-02	7.817572214e-12
-1.720000000e-01	7.355281693e+00	2.257329859e-02	1.028570090e-11
-1.730000000e-01	7.355320232e+00	2.183034078e-02	9.814909002e-12
-1.740000000e-01	7.355358846e+00	2.108738543e-02	1.550088068e-11
-1.750000000e-01	7.355397534e+00	2.034443254e-02	6.774570113e-12
-1.760000000e-01	7.355436295e+00	1.960148214e-02	8.199924814e-12
-1.770000000e-01	7.355475131e+00	1.885853426e-02	1.295202631e-11
-1.780000000e-01	7.355514041e+00	1.811558892e-02	4.263524793e-12
-1.790000000e-01	7.355553025e+00	1.737264614e-02	1.405187452e-11
-1.800000000e-01	7.355592083e+00	1.662970593e-02	9.447494740e-12
-1.810000000e-01	7.355631215e+00	1.588676833e-02	8.230392868e-12
-1.820000000e-01	7.355670420e+00	1.514383335e-02	1.292319964e-11
-1.830000000e-01	7.355709701e+00	1.440090102e-02	6.967187360e-12
-1.840000000e-01	7.355749055e+00	1.365797136e-02	1.307862890e-11
-1.850000000e-01	7.355788483e+00	1.291504440e-02	1.003754134e-11
-1.860000000e-01	7.355827985e+00	1.217212014e-02	6.962403471e-12
-1.870000000e-01	7.355867561e+00	1.142919861e-02	5.635732166e-12
-1.880000000e-01	7.355907211e+00	1.068627985e-02	7.704954722e-12
-1.890000000e-01	7.355946935e+00	9.943363864e-03	1.199153836e-11
-1.900000000e-01	7.355986734e+00	9.200450678e-03	1.771333565e-11
-1.910000000e-01	7.356026606e+00	8.457540311e-03	8.230310501e-12
-1.920000000e-01	7.356066552e+00	7.714632786e-03	2.633611566e-11
-1.930000000e-01	7.356106573e+00	6.971728137e-03	9.811758738e-12
-1.940000000e-01	7.356146667e+00	6.228826370e-03	4.956549061e-12
-1.950000000e-01	7.356186836e+00	5.485927512e-03	1.779828667e-11
-1.960000000e-01	7.356227078e+00	4.743031592e-03	7.113595296e-12
-1.970000000e-01	7.356267395e+00	4.000138622e-03	6.848496487e-12
-1.980000000e-01	7.356307785e+00	3.257248632e-03	9.159446965e-12
-1.990000000e-01	7.356348250e+00	2.514361636e-03	1.826490730e-11
-2.000000000e-01	7.356388788e+00	1.771477665e-03	2.042002981e-11
-2.010000000e-01	7.356429401e+00	1.028596732e-03	9.930642160e-12
-2.020000000e-01	7.356470088e+00	2.857188603e-04	1.506881153e-11
-2.030000000e-01	7.356510848e+00	-4.571559218e-04	9.541950076e-12
-2.040000000e-01	7.356551683e+00	-1.200027598e-03	1.597777340e-11
-2.050000000e-01	7.356592592e+00	-1.942896138e-03	9.458792847e-12
-2.060000000e-01	7.356633574e+00	-2.685761531e-03	8.857152998e-12
-2.070000000e-01	7.356674631e+00	-3.428623749e-03	1.089519861e-11
-2.080000000e-01	7.356715762e+00	-4.171482777e-03	1.125929114e-11
-2.090000000e-01	7.356756967e+00	-4.914338579e-03	4.535666448e-12
-2.100000000e-01	7.356798245e+00	-5.657191146e-03	5.382218746e-12
-2.110000000e-01	7.356839598e+00	-6.400040446e-03	2.021846547e-11
-2.120000000e-01	7.356881025e+00	-7.142886470e-03	1.984926370e-11
-2.130000000e-01	7.356922526e+00	-7.885729183e-03	1.525429084e-11
-2.140000000e-01	7.356964100e+00	-8.628568572e-03	1.127881644e-11
-2.150000000e-01	7.357005749e+00	-9.371404609e-03	1.842568415e-11
-2.160000000e-01	7.357047472e+00	-1.011423728e-02	7.905583813e-12
-2.170000000e-01	7.357089269e+00	-1.085706655e-02	1.443867454e-11
-2.180000000e-01	7.357131140e+00	-1.159989242e-02	1.312792096e-11
-2.190000000e-01	7.357173085e+00	-1.234271483e-02	8.649895664e-12
-2.200000000e-01	7.357215103e+00	-1.308553380e-02	9.800325218e-12
-2.210000000e-01	7.357257196e+00	-1.382834928e-02	9.366083258e-12
-2.220000000e-01	7.357299363e+00	-1.457116126e-02	9.071889825e-12
-2.230000000e-01	7.357341604e+00	-1.531396971e-02	4.913792443e-12
-2.240000000e-01	7.357383919e+00	-1.605677462e-02	1.055115582e-11
-2.250000000e-01	7.357426307e+00	-1.679957596e-02	1.063951694e-11
-2.260000000e-01	7.357468770e+00	-1.754237370e-02	7.432206552e-12
-2.270000000e-01	7.357511307e+00	-1.828516784e-02	1.470369809e-11
-2.280000000e-01	7.357553918e+00	-1.902795834e-02	1.119493842e-11
-2.290000000e-01	7.357596602e+00	-1.977074518e-02	1.427066058e-11
-2.300000000e-01	7.357639361e+00	-2.051352835e-02	7.153232775e-12
-2.310000000e-01	7.357682194e+00	-2.125630781e-02	2.223840540e-11
-2.320000000e-01	7.357725101e+00	-2.199908356e-02	1.063567983e-11
-2.330000000e-01	7.357768081e+00	-2.274185556e-02	1.879584511e-11
-2.340000000e-01	7.357811136e+00	-2.348462379e-02	1.052103430e-11
-2.350000000e-01	7.357854264e+00	-2.422738823e-02	7.285208602e-12
-2.360000000e-01	7.357897467e+00	-2.497014887e-02	1.706478027e-11
-2.370000000e-01	7.357940744e+00	-2.571290567e-02	8.621410396e-12
-2.380000000e-01	7.357984094e+00	-2.645565861e-02	1.021840114e-11
-2.390000000e-01	7.358027519e+00	-2.719840768e-02	1.734106919e-11
-2.400000000e-01	7.358071017e+00	-2.794115286e-02	1.506872060e-11
-2.410000000e-01	7.358114590e+00	-2.868389412e-02	1.068583536e-11
-2.420000000e-01	7.358158236e+00	-2.942663142e-02	8.558176814e-12
-2.430000000e-01	7.358201956e+00	-3.016936477e-02	9.144370072e-12
-2.440000000e-01	7.358245751e+00	-3.091209414e-02	1.198797860e-11
-2.450000000e-01	7.358289619e+00	-3.165481949e-02	1.006065874e-11
-2.460000000e-01	7.358333561e+00	-3.239754082e-02	1.064777827e-11
-2.470000000e-01	7.358377577e+00	-3.314025810e-02	1.029606145e-11
-2.480000000e-01	7.358421668e+00	-3.388297130e-02	6.487787056e-12
-2.490000000e-01	7.358465832e+00	-3.462568041e-02	7.311698593e-12
-2.500000000e-01	7.358510070e+00	-3.536838540e-02	7.314881363e-12
-2.510000000e-01	7.358554382e+00	-3.611108625e-02	1.050578554e-11
-2.520000000e-01	7.358598768e+00	-3.685378294e-02	1.089088753e-11
-2.530000000e-01	7.358643228e+00	-3.759647545e-02	9.221943853e-12
-2.540000000e-01	7.358687762e+00	-3.833916375e-02	1.088943494e-11
-2.550000000e-01	7.358732369e+00	-3.908184783e-02	1.096294449e-11
-2.560000000e-01	7.358777051e+00	-3.982452766e-02	8.587690715e-12
-2.570000000e-01	7.358821807e+00	-4.056720322e-02	1.552546785e-11
-2.580000000e-01	7.358866636e+00	-4.130987448e-02	1.185388278e-11
-2.590000000e-01	7.358911540e+00	-4.205254143e-02	5.249926890e-12
-2.600000000e-01	7.358956518e+00	-4.279520405e-02	1.742140110e-11
-2.610000000e-01	7.359001569e+00	-4.353786230e-02	6.744692179e-12
-2.620000000e-01	7.359046694e+00	-4.428051618e-02	6.387301395e-12
-2.630000000e-01	7.359091894e+00	-4.502316566e-02	1.224138074e-11
-2.640000000e-01	7.359137167e+00	-4.576581071e-02	6.604297310e-12
-2.650000000e-01	7.359182514e+00	-4.650845131e-02	1.439571692e-11
-2.660000000e-01	7.359227935e+00	-4.725108745e-02	1.038674402e-11
-2.670000000e-01	7.359273430e+00	-4.799371910e-02	1.352761636e-11
-2.680000000e-01	7.359318999e+00	-4.873634624e-02	1.035419563e-11
-2.690000000e-01	7.359364642e+00	-4.947896884e-02	2.256088912e-11
-2.700000000e-01	7.359410358e+00	-5.022158690e-02	9.168953852e-12
-2.710000000e-01	7.359456149e+00	-5.096420036e-02	8.889973867e-12
-2.720000000e-01	7.359502014e+00	-5.170680924e-02	7.908433847e-12
-2.730000000e-01	7.359547952e+00	-5.244941349e-02	7.022926382e-12
-2.740000000e-01	7.359593964e+00	-5.319201311e-02	2.925106967e-11
-2.750000000e-01	7.359640051e+00	-5.393460805e-02	9.771301745e-12
-2.760000000e-01	7.359686211e+00	-5.467719830e-02	1.722344447e-11
-2.770000000e-01	7.359732445e+00	-5.541978385e-02	1.380718089e-11
-2.780000000e-01	7.359778753e+00	-5.616236468e-02	1.397330304e-11
-2.790000000e-01	7.359825135e+00	-5.690494074e-02	1.554546385e-11
-2.800000000e-01	7.359871590e+00	-5.764751204e-02	1.423850093e-11
-2.810000000e-01	7.359918120e+00	-5.839007853e-02	1.237926290e-11
-2.820000000e-01	7.359964724e+00	-5.913264022e-02	1.004339321e-11
-2.830000000e-01	7.360011401e+00	-5.987519706e-02	1.266975477e-11
-2.840000000e-01	7.360058152e+00	-6.061774903e-02	6.322794392e-12
-2.850000000e-01	7.360104978e+00	-6.136029613e-02	1.239016489e-11
-2.860000000e-01	7.360151877e+00	-6.210283832e-02	1.691366482e-11
-2.870000000e-01	7.360198850e+00	-6.284537558e-02	1.079764798e-11
-2.880000000e-01	7.360245897e+00	-6.358790790e-02	6.775208247e-12
-2.890000000e-01	7.360293017e+00	-6.433043524e-02	1.202480785e-11
-2.900000000e-01	7.360340212e+00	-6.507295758e-02	1.375844458e-11
-2.910000000e-01	7.360387480e+00	-6.581547492e-02	1.136572221e-11
-2.920000000e-01	7.360434823e+00	-6.655798722e-02	1.516750476e-11
-2.930000000e-01	7.360482239e+00	-6.730049446e-02	1.845538476e-11
-2.940000000e-01	7.360529729e+00	-6.804299662e-02	1.919718247e-11
-2.950000000e-01	7.360577293e+00	-6.878549368e-02	9.688019822e-12
-2.960000000e-01	7.360624931e+00	-6.952798561e-02	1.032808696e-11
-2.970000000e-01	7.360672642e+00	-7.027047240e-02	1.887828526e-11
-2.980000000e-01	7.360720428e+00	-7.101295402e-02	1.774537178e-11
-2.990000000e-01	7.360768287e+00	-7.175543045e-02	9.123814405e-12
-3.000000000e-01	7.360816220e+00	-7.249790167e-02	1.564339788e-11
-3.010000000e-01	7.360864228e+00	-7.324036765e-02	8.802992057e-12
-3.020000000e-01	7.360912308e+00	-7.398282838e-02	1.211370280e-11
-3.030000000e-01	7.360960463e+00	-7.472528384e-02	5.678975398e-12
-3.040000000e-01	7.361008692e+00	-7.546773399e-02	8.181022966e-12
-3.050000000e-01	7.361056994e+00	-7.621017882e-02	1.079373561e-11
-3.060000000e-01	7.361105371e+00	-7.695261831e-02	1.012979072e-11
-3.070000000e-01	7.361153821e+00	-7.769505244e-02	1.290041930e-11
-3.080000000e-01	7.361202345e+00	-7.843748118e-02	9.997372348e-12
-3.090000000e-01	7.361250942e+00	-7.917990451e-02	1.124086777e-11
-3.100000000e-01	7.361299614e+00	-7.992232241e-02	1.600797185e-11
-3.110000000e-01	7.361348359e+00	-8.066473486e-02	1.826741825e-11
-3.120000000e-01	7.361397179e+00	-8.140714184e-02	9.793348326e-12
-3.130000000e-01	7.361446072e+00	-8.214954332e-02	1.391972539e-11
-3.140000000e-01	7.361495039e+00	-8.289193928e-02	1.116582017e-11
-3.150000000e-01	7.361544079e+00	-8.363432971e-02	1.640183345e-11
-3.160000000e-01	7.361593194e+00	-8.437671457e-02	8.785878100e-12
-3.170000000e-01	7.361642382e+00	-8.511909384e-02	1.320598948e-11
-3.180000000e-01	7.361691644e+00	-8.586146752e-02	1.224711455e-11
-3.190000000e-01	7.361740980e+00	-8.660383557e-02	2.223192819e-11
-3.200000000e-01	7.361790390e+00	-8.734619797e-02	1.620317638e-11
-3.210000000e-01	7.361839874e+00	-8.808855470e-02	1.010650500e-11
-3.220000000e-01	7.361889431e+00	-8.883090574e-02	7.849550431e-12
-3.230000000e-01	7.361939062e+00	-8.957325106e-02	1.638442773e-11
-3.240000000e-01	7.361988767e+00	-9.031559065e-02	8.017682797e-12
-3.250000000e-01	7.362038546e+00	-9.105792448e-02	5.941245731e-12
-3.260000000e-01	7.362088398e+00	-9.180025253e-02	7.773536453e-12
-3.270000000e-01	7.362138325e+00	-9.254257478e-02	1.156365965e-11
-3.280000000e-01	7.362188325e+00	-9.328489121e-02	1.225378524e-11
-3.290000000e-01	7.362238399e+00	-9.402720179e-02	4.658996159e-12
-3.300000000e-01	7.362288546e+00	-9.476950650e-02	1.802198497e-11
-3.310000000e-01	7.362338768e+00	-9.551180533e-02	2.707260783e-11
-3.320000000e-01	7.362389063e+00	-9.625409825e-02	1.345550087e-11
-3.330000000e-01	7.362439432e+00	-9.699638523e-02	7.823040575e-12
-3.340000000e-01	7.362489875e+00	-9.773866626e-02	7.614841156e-12
-3.350000000e-01	7.362540391e+00	-9.848094132e-02	1.658634401e-11
-3.360000000e-01	7.362590981e+00	-9.922321037e-02	7.957139855e-12
-3.370000000e-01	7.362641646e+00	-9.996547341e-02	4.225038346e-12
-3.380000000e-01	7.362692383e+00	-1.007077304e-01	1.130031004e-11
-3.390000000e-01	7.362743195e+00	-1.014499813e-01	1.119817217e-11
-3.400000000e-01	7.362794080e+00	-1.021922262e-01	9.289835471e-12
-3.410000000e-01	7.362845039e+00	-1.029344649e-01	9.257555759e-12
-3.420000000e-01	7.362896072e+00	-1.036766975e-01	1.225869523e-11
-3.430000000e-01	7.362947179e+00	-1.044189240e-01	9.494000660e-12
-3.440000000e-01	7.362998359e+00	-1.051611443e-01	1.625839471e-11
-3.450000000e-01	7.363049613e+00	-1.059033584e-01	8.744715704e-12
-3.460000000e-01	7.363100941e+00	-1.066455663e-01	8.828955577e-12
-3.470000000e-01	7.363152342e+00	-1.073877679e-01	5.567661980e-12
-3.480000000e-01	7.363203817e+00	-1.081299633e-01	9.917294870e-12
-3.490000000e-01	7.363255366e+00	-1.088721524e-01	9.132353359e-12
-3.500000000e-01	7.363306989e+00	-1.096143352e-01	6.085223262e-12
