# epsi_ci     Re(Lambda)      Im(Lambda)      Eq(det), R = 0.40 $\mu$m, $E_p$ = 0.900 eV, modo = 1, $\epsilon_\infty$ = 3.9, $\gamma_{DL}$ = 0.01 eV, solve_det_sinkz_vs_mu.py
0.000000000e+00	2.341857791e+00	2.195899208e-02	2.008605580e-12
-2.000000000e-04	2.341859291e+00	2.187868697e-02	2.502371444e-12
-4.000000000e-04	2.341860794e+00	2.179838185e-02	1.432743425e-12
-6.000000000e-04	2.341862300e+00	2.171807673e-02	8.992069617e-13
-8.000000000e-04	2.341863809e+00	2.163777162e-02	1.272631549e-12
-1.000000000e-03	2.341865321e+00	2.155746651e-02	1.888496896e-12
-1.200000000e-03	2.341866835e+00	2.147716140e-02	1.783906089e-12
-1.400000000e-03	2.341868353e+00	2.139685629e-02	1.203369592e-12
-1.600000000e-03	2.341869872e+00	2.131655119e-02	2.302998205e-12
-1.800000000e-03	2.341871395e+00	2.123624609e-02	2.000461995e-12
-2.000000000e-03	2.341872921e+00	2.115594099e-02	1.725418328e-12
-2.200000000e-03	2.341874449e+00	2.107563590e-02	1.731074915e-12
-2.400000000e-03	2.341875980e+00	2.099533080e-02	3.361611706e-12
-2.600000000e-03	2.341877514e+00	2.091502571e-02	1.509544523e-12
-2.800000000e-03	2.341879050e+00	2.083472063e-02	1.190771693e-12
-3.000000000e-03	2.341880590e+00	2.075441555e-02	1.657709838e-12
-3.200000000e-03	2.341882132e+00	2.067411048e-02	2.144530688e-12
-3.400000000e-03	2.341883677e+00	2.059380541e-02	2.133881555e-12
-3.600000000e-03	2.341885224e+00	2.051350034e-02	1.652378082e-12
-3.800000000e-03	2.341886775e+00	2.043319529e-02	1.498545831e-12
-4.000000000e-03	2.341888328e+00	2.035289023e-02	1.569059629e-12
-4.200000000e-03	2.341889884e+00	2.027258519e-02	1.093883777e-12
-4.400000000e-03	2.341891443e+00	2.019228015e-02	7.121591515e-13
-4.600000000e-03	2.341893004e+00	2.011197513e-02	2.418188147e-12
-4.800000000e-03	2.341894569e+00	2.003167010e-02	1.481327343e-12
-5.000000000e-03	2.341896136e+00	1.995136508e-02	2.557422203e-12
-5.200000000e-03	2.341897706e+00	1.987106007e-02	1.884826077e-12
-5.400000000e-03	2.341899278e+00	1.979075507e-02	1.947541026e-12
-5.600000000e-03	2.341900854e+00	1.971045008e-02	1.071846247e-12
-5.800000000e-03	2.341902432e+00	1.963014509e-02	1.014496673e-12
-6.000000000e-03	2.341904013e+00	1.954984012e-02	1.908492262e-12
-6.200000000e-03	2.341905597e+00	1.946953515e-02	1.098044079e-12
-6.400000000e-03	2.341907183e+00	1.938923020e-02	1.640843037e-12
-6.600000000e-03	2.341908772e+00	1.930892525e-02	1.781560066e-12
-6.800000000e-03	2.341910364e+00	1.922862031e-02	1.891190905e-12
-7.000000000e-03	2.341911959e+00	1.914831538e-02	1.789366637e-12
-7.200000000e-03	2.341913557e+00	1.906801047e-02	6.628817739e-13
-7.400000000e-03	2.341915157e+00	1.898770556e-02	1.691056350e-12
-7.600000000e-03	2.341916760e+00	1.890740067e-02	1.985815927e-12
-7.800000000e-03	2.341918366e+00	1.882709579e-02	1.111631805e-12
-8.000000000e-03	2.341919975e+00	1.874679092e-02	1.586610164e-12
-8.200000000e-03	2.341921586e+00	1.866648606e-02	9.320908999e-13
-8.400000000e-03	2.341923201e+00	1.858618121e-02	1.965856996e-12
-8.600000000e-03	2.341924818e+00	1.850587638e-02	1.381281607e-12
-8.800000000e-03	2.341926437e+00	1.842557156e-02	2.627280764e-12
-9.000000000e-03	2.341928060e+00	1.834526676e-02	1.614487458e-12
-9.200000000e-03	2.341929685e+00	1.826496196e-02	2.052825237e-12
-9.400000000e-03	2.341931313e+00	1.818465718e-02	1.725554568e-12
-9.600000000e-03	2.341932944e+00	1.810435242e-02	2.591495505e-12
-9.800000000e-03	2.341934578e+00	1.802404767e-02	1.083216844e-12
-1.000000000e-02	2.341936214e+00	1.794374293e-02	2.417836590e-12
-1.020000000e-02	2.341937853e+00	1.786343820e-02	2.142482393e-12
-1.040000000e-02	2.341939495e+00	1.778313350e-02	1.926564159e-12
-1.060000000e-02	2.341941140e+00	1.770282881e-02	2.970507330e-12
-1.080000000e-02	2.341942788e+00	1.762252413e-02	1.989105562e-12
-1.100000000e-02	2.341944438e+00	1.754221947e-02	1.790346095e-12
-1.120000000e-02	2.341946091e+00	1.746191483e-02	2.267775958e-12
-1.140000000e-02	2.341947747e+00	1.738161021e-02	1.913816746e-12
-1.160000000e-02	2.341949405e+00	1.730130560e-02	1.418517454e-12
-1.180000000e-02	2.341951067e+00	1.722100101e-02	1.187878733e-12
-1.200000000e-02	2.341952731e+00	1.714069643e-02	2.456883812e-12
-1.220000000e-02	2.341954398e+00	1.706039188e-02	1.843173965e-12
-1.240000000e-02	2.341956067e+00	1.698008734e-02	1.906980559e-12
-1.260000000e-02	2.341957740e+00	1.689978283e-02	2.070873371e-12
-1.280000000e-02	2.341959415e+00	1.681947832e-02	1.929357599e-12
-1.300000000e-02	2.341961093e+00	1.673917384e-02	2.015644689e-12
-1.320000000e-02	2.341962774e+00	1.665886938e-02	1.526527203e-12
-1.340000000e-02	2.341964457e+00	1.657856494e-02	1.910204097e-12
-1.360000000e-02	2.341966144e+00	1.649826052e-02	1.442941792e-12
-1.380000000e-02	2.341967833e+00	1.641795611e-02	2.248990595e-12
-1.400000000e-02	2.341969525e+00	1.633765173e-02	7.781489742e-13
-1.420000000e-02	2.341971219e+00	1.625734737e-02	1.424910825e-12
-1.440000000e-02	2.341972917e+00	1.617704303e-02	1.395975411e-12
-1.460000000e-02	2.341974617e+00	1.609673871e-02	1.154798773e-12
-1.480000000e-02	2.341976320e+00	1.601643442e-02	1.788615448e-12
-1.500000000e-02	2.341978026e+00	1.593613014e-02	2.125653753e-12
-1.520000000e-02	2.341979734e+00	1.585582589e-02	1.605104305e-12
-1.540000000e-02	2.341981445e+00	1.577552166e-02	2.491099224e-12
-1.560000000e-02	2.341983159e+00	1.569521746e-02	1.884921468e-12
-1.580000000e-02	2.341984876e+00	1.561491326e-02	1.769957391e-12
-1.600000000e-02	2.341986596e+00	1.553460911e-02	1.548384089e-12
-1.620000000e-02	2.341988318e+00	1.545430497e-02	1.668726637e-12
-1.640000000e-02	2.341990043e+00	1.537400086e-02	1.754657531e-12
-1.660000000e-02	2.341991771e+00	1.529369677e-02	1.703276251e-12
-1.680000000e-02	2.341993502e+00	1.521339270e-02	1.847806857e-12
-1.700000000e-02	2.341995235e+00	1.513308866e-02	6.815262918e-13
-1.720000000e-02	2.341996972e+00	1.505278464e-02	2.539707683e-12
-1.740000000e-02	2.341998711e+00	1.497248066e-02	1.710235630e-12
-1.760000000e-02	2.342000452e+00	1.489217669e-02	1.052262298e-12
-1.780000000e-02	2.342002197e+00	1.481187275e-02	2.079178073e-12
-1.800000000e-02	2.342003944e+00	1.473156884e-02	1.221221870e-12
-1.820000000e-02	2.342005694e+00	1.465126496e-02	2.451601992e-12
-1.840000000e-02	2.342007447e+00	1.457096110e-02	1.367757854e-12
-1.860000000e-02	2.342009203e+00	1.449065727e-02	1.127734347e-12
-1.880000000e-02	2.342010961e+00	1.441035347e-02	1.397680982e-12
-1.900000000e-02	2.342012722e+00	1.433004969e-02	1.418584356e-12
-1.920000000e-02	2.342014486e+00	1.424974595e-02	1.569637798e-12
-1.940000000e-02	2.342016253e+00	1.416944223e-02	1.878845124e-12
-1.960000000e-02	2.342018022e+00	1.408913853e-02	1.079162238e-12
-1.980000000e-02	2.342019795e+00	1.400883487e-02	1.858454139e-12
-2.000000000e-02	2.342021570e+00	1.392853124e-02	2.034997453e-12
-2.020000000e-02	2.342023348e+00	1.384822764e-02	2.458492989e-12
-2.040000000e-02	2.342025128e+00	1.376792406e-02	2.508015590e-12
-2.060000000e-02	2.342026912e+00	1.368762052e-02	1.354279361e-12
-2.080000000e-02	2.342028698e+00	1.360731700e-02	2.058302950e-12
-2.100000000e-02	2.342030487e+00	1.352701352e-02	1.639176764e-12
-2.120000000e-02	2.342032278e+00	1.344671007e-02	2.099002977e-12
-2.140000000e-02	2.342034073e+00	1.336640665e-02	2.420422385e-12
-2.160000000e-02	2.342035870e+00	1.328610326e-02	2.339558556e-12
-2.180000000e-02	2.342037670e+00	1.320579990e-02	1.707463113e-12
-2.200000000e-02	2.342039473e+00	1.312549657e-02	1.936091190e-12
-2.220000000e-02	2.342041278e+00	1.304519329e-02	1.899488068e-12
-2.240000000e-02	2.342043087e+00	1.296489002e-02	1.581262699e-12
-2.260000000e-02	2.342044898e+00	1.288458680e-02	7.241375711e-13
-2.280000000e-02	2.342046712e+00	1.280428360e-02	2.158464192e-12
-2.300000000e-02	2.342048528e+00	1.272398044e-02	1.714938268e-12
-2.320000000e-02	2.342050348e+00	1.264367731e-02	1.248955707e-12
-2.340000000e-02	2.342052170e+00	1.256337422e-02	2.277054086e-12
-2.360000000e-02	2.342053995e+00	1.248307116e-02	1.537567464e-12
-2.380000000e-02	2.342055822e+00	1.240276814e-02	1.626153981e-12
-2.400000000e-02	2.342057653e+00	1.232246515e-02	2.616839827e-12
-2.420000000e-02	2.342059486e+00	1.224216219e-02	2.076855203e-12
-2.440000000e-02	2.342061322e+00	1.216185927e-02	1.871419085e-12
-2.460000000e-02	2.342063161e+00	1.208155639e-02	2.107580845e-12
-2.480000000e-02	2.342065003e+00	1.200125354e-02	1.729706862e-12
-2.500000000e-02	2.342066847e+00	1.192095073e-02	2.282118020e-12
-2.520000000e-02	2.342068694e+00	1.184064796e-02	1.971556878e-12
-2.540000000e-02	2.342070544e+00	1.176034523e-02	1.671682834e-12
-2.560000000e-02	2.342072397e+00	1.168004252e-02	1.241921268e-12
-2.580000000e-02	2.342074252e+00	1.159973986e-02	8.110406025e-13
-2.600000000e-02	2.342076110e+00	1.151943724e-02	2.088509614e-12
-2.620000000e-02	2.342077971e+00	1.143913465e-02	1.389231671e-12
-2.640000000e-02	2.342079835e+00	1.135883211e-02	1.208295748e-12
-2.660000000e-02	2.342081702e+00	1.127852960e-02	2.510772907e-12
-2.680000000e-02	2.342083571e+00	1.119822713e-02	6.334353915e-13
-2.700000000e-02	2.342085443e+00	1.111792469e-02	1.637677581e-12
-2.720000000e-02	2.342087318e+00	1.103762230e-02	1.659614744e-12
-2.740000000e-02	2.342089195e+00	1.095731996e-02	2.077432674e-12
-2.760000000e-02	2.342091076e+00	1.087701764e-02	1.423193865e-12
-2.780000000e-02	2.342092959e+00	1.079671537e-02	1.579950157e-12
-2.800000000e-02	2.342094845e+00	1.071641314e-02	1.733881378e-12
-2.820000000e-02	2.342096734e+00	1.063611095e-02	1.071820838e-12
-2.840000000e-02	2.342098625e+00	1.055580880e-02	5.195820554e-13
-2.860000000e-02	2.342100519e+00	1.047550670e-02	2.255394602e-12
-2.880000000e-02	2.342102416e+00	1.039520463e-02	1.207412123e-12
-2.900000000e-02	2.342104316e+00	1.031490261e-02	1.775532574e-12
-2.920000000e-02	2.342106219e+00	1.023460063e-02	1.989765680e-12
-2.940000000e-02	2.342108124e+00	1.015429869e-02	2.175080927e-12
-2.960000000e-02	2.342110032e+00	1.007399680e-02	2.531541417e-12
-2.980000000e-02	2.342111943e+00	9.993694949e-03	1.650164130e-12
-3.000000000e-02	2.342113857e+00	9.913393143e-03	1.847867275e-12
-3.020000000e-02	2.342115773e+00	9.833091379e-03	1.998181663e-12
-3.040000000e-02	2.342117693e+00	9.752789664e-03	2.037191844e-12
-3.060000000e-02	2.342119615e+00	9.672487986e-03	2.125857817e-12
-3.080000000e-02	2.342121539e+00	9.592186361e-03	2.388753409e-12
-3.100000000e-02	2.342123467e+00	9.511884775e-03	2.080017052e-12
-3.120000000e-02	2.342125397e+00	9.431583229e-03	1.537951889e-12
-3.140000000e-02	2.342127330e+00	9.351281737e-03	1.816472183e-12
-3.160000000e-02	2.342129266e+00	9.270980291e-03	1.663454801e-12
-3.180000000e-02	2.342131205e+00	9.190678889e-03	1.767971533e-12
-3.200000000e-02	2.342133146e+00	9.110377534e-03	1.206981037e-12
-3.220000000e-02	2.342135090e+00	9.030076222e-03	1.829060765e-12
-3.240000000e-02	2.342137037e+00	8.949774960e-03	2.004038711e-12
-3.260000000e-02	2.342138987e+00	8.869473754e-03	2.225264198e-12
-3.280000000e-02	2.342140939e+00	8.789172586e-03	1.721699743e-12
-3.300000000e-02	2.342142895e+00	8.708871465e-03	7.141288405e-13
-3.320000000e-02	2.342144853e+00	8.628570398e-03	2.193178907e-12
-3.340000000e-02	2.342146813e+00	8.548269375e-03	1.500998624e-12
-3.360000000e-02	2.342148777e+00	8.467968402e-03	2.592849713e-12
-3.380000000e-02	2.342150743e+00	8.387667475e-03	2.060821876e-12
-3.400000000e-02	2.342152712e+00	8.307366602e-03	1.147965756e-12
-3.420000000e-02	2.342154684e+00	8.227065778e-03	2.228743434e-12
-3.440000000e-02	2.342156659e+00	8.146765000e-03	1.928276127e-12
-3.460000000e-02	2.342158636e+00	8.066464277e-03	2.139387009e-12
-3.480000000e-02	2.342160617e+00	7.986163601e-03	2.672998084e-12
-3.500000000e-02	2.342162600e+00	7.905862977e-03	2.401528980e-12
-3.520000000e-02	2.342164585e+00	7.825562405e-03	1.560497595e-12
-3.540000000e-02	2.342166574e+00	7.745261887e-03	2.240903854e-12
-3.560000000e-02	2.342168565e+00	7.664961415e-03	1.895670718e-12
-3.580000000e-02	2.342170559e+00	7.584661006e-03	2.237770074e-12
-3.600000000e-02	2.342172556e+00	7.504360633e-03	2.251494667e-12
-3.620000000e-02	2.342174556e+00	7.424060326e-03	1.878212790e-12
-3.640000000e-02	2.342176558e+00	7.343760061e-03	2.244012817e-12
-3.660000000e-02	2.342178563e+00	7.263459855e-03	2.153623878e-12
-3.680000000e-02	2.342180571e+00	7.183159708e-03	1.416133712e-12
-3.700000000e-02	2.342182582e+00	7.102859606e-03	9.101829443e-13
-3.720000000e-02	2.342184595e+00	7.022559563e-03	1.164638993e-12
-3.740000000e-02	2.342186611e+00	6.942259568e-03	1.877568306e-12
-3.760000000e-02	2.342188630e+00	6.861959637e-03	1.320923437e-12
-3.780000000e-02	2.342190652e+00	6.781659752e-03	5.983362859e-13
-3.800000000e-02	2.342192677e+00	6.701359931e-03	2.383336763e-12
-3.820000000e-02	2.342194704e+00	6.621060160e-03	1.978411359e-12
-3.840000000e-02	2.342196734e+00	6.540760437e-03	2.533918334e-12
-3.860000000e-02	2.342198767e+00	6.460460779e-03	2.125264548e-12
-3.880000000e-02	2.342200803e+00	6.380161175e-03	2.733716197e-12
-3.900000000e-02	2.342202841e+00	6.299861634e-03	1.512375698e-12
-3.920000000e-02	2.342204882e+00	6.219562146e-03	1.504081274e-12
-3.940000000e-02	2.342206926e+00	6.139262712e-03	7.961265759e-13
-3.960000000e-02	2.342208973e+00	6.058963339e-03	1.253155389e-12
-3.980000000e-02	2.342211022e+00	5.978664020e-03	1.445211305e-12
-4.000000000e-02	2.342213075e+00	5.898364760e-03	1.565488428e-12
-4.020000000e-02	2.342215130e+00	5.818065563e-03	1.687722175e-12
-4.040000000e-02	2.342217188e+00	5.737766423e-03	1.659726082e-12
-4.060000000e-02	2.342219248e+00	5.657467333e-03	2.342100691e-12
-4.080000000e-02	2.342221311e+00	5.577168310e-03	1.536442203e-12
-4.100000000e-02	2.342223378e+00	5.496869351e-03	1.201276178e-12
-4.120000000e-02	2.342225446e+00	5.416570441e-03	1.693109662e-12
-4.140000000e-02	2.342227518e+00	5.336271594e-03	3.203831775e-12
-4.160000000e-02	2.342229593e+00	5.255972816e-03	2.005198889e-12
-4.180000000e-02	2.342231670e+00	5.175674094e-03	2.912616408e-12
-4.200000000e-02	2.342233750e+00	5.095375429e-03	2.398764765e-12
-4.220000000e-02	2.342235833e+00	5.015076827e-03	1.050367216e-12
-4.240000000e-02	2.342237918e+00	4.934778289e-03	1.697473267e-12
-4.260000000e-02	2.342240006e+00	4.854479811e-03	1.889194966e-12
-4.280000000e-02	2.342242097e+00	4.774181395e-03	2.159871100e-12
-4.300000000e-02	2.342244191e+00	4.693883044e-03	1.679140730e-12
-4.320000000e-02	2.342246288e+00	4.613584753e-03	2.010295202e-12
-4.340000000e-02	2.342248387e+00	4.533286522e-03	1.052240908e-12
-4.360000000e-02	2.342250489e+00	4.452988355e-03	1.373511350e-12
-4.380000000e-02	2.342252594e+00	4.372690258e-03	1.776529278e-12
-4.400000000e-02	2.342254702e+00	4.292392220e-03	2.430049054e-12
-4.420000000e-02	2.342256813e+00	4.212094242e-03	1.871679689e-12
-4.440000000e-02	2.342258926e+00	4.131796340e-03	2.008987334e-12
-4.460000000e-02	2.342261042e+00	4.051498496e-03	2.464564132e-12
-4.480000000e-02	2.342263161e+00	3.971200712e-03	1.207443072e-12
-4.500000000e-02	2.342265282e+00	3.890903002e-03	1.475577485e-12
-4.520000000e-02	2.342267407e+00	3.810605350e-03	1.023439488e-12
-4.540000000e-02	2.342269534e+00	3.730307768e-03	1.934123237e-12
-4.560000000e-02	2.342271664e+00	3.650010254e-03	9.967149917e-13
-4.580000000e-02	2.342273796e+00	3.569712805e-03	1.807506672e-12
-4.600000000e-02	2.342275932e+00	3.489415422e-03	1.771276522e-12
-4.620000000e-02	2.342278070e+00	3.409118102e-03	2.047001839e-12
-4.640000000e-02	2.342280211e+00	3.328820855e-03	1.587307307e-12
-4.660000000e-02	2.342282354e+00	3.248523669e-03	2.130440419e-12
-4.680000000e-02	2.342284501e+00	3.168226557e-03	1.065390388e-12
-4.700000000e-02	2.342286650e+00	3.087929517e-03	1.781346369e-12
-4.720000000e-02	2.342288802e+00	3.007632538e-03	1.259356942e-12
-4.740000000e-02	2.342290957e+00	2.927335627e-03	2.226613512e-12
-4.760000000e-02	2.342293115e+00	2.847038788e-03	2.085166185e-12
-4.780000000e-02	2.342295275e+00	2.766742020e-03	9.066365580e-13
-4.800000000e-02	2.342297438e+00	2.686445320e-03	1.736939786e-12
-4.820000000e-02	2.342299604e+00	2.606148690e-03	1.833853808e-12
-4.840000000e-02	2.342301773e+00	2.525852125e-03	1.986756391e-12
-4.860000000e-02	2.342303944e+00	2.445555642e-03	1.685005976e-12
-4.880000000e-02	2.342306118e+00	2.365259218e-03	1.198159423e-12
-4.900000000e-02	2.342308295e+00	2.284962869e-03	2.411734237e-12
-4.920000000e-02	2.342310475e+00	2.204666593e-03	1.035834427e-12
-4.940000000e-02	2.342312658e+00	2.124370391e-03	1.414467282e-12
-4.960000000e-02	2.342314843e+00	2.044074255e-03	5.381856394e-13
-4.980000000e-02	2.342317031e+00	1.963778196e-03	2.267859448e-12
-5.000000000e-02	2.342319222e+00	1.883482208e-03	1.102319746e-12
-5.020000000e-02	2.342321416e+00	1.803186294e-03	2.040332640e-12
-5.040000000e-02	2.342323612e+00	1.722890445e-03	1.818721506e-12
-5.060000000e-02	2.342325811e+00	1.642594679e-03	1.235406770e-12
-5.080000000e-02	2.342328013e+00	1.562298984e-03	1.597134403e-12
-5.100000000e-02	2.342330218e+00	1.482003360e-03	1.445946366e-12
-5.120000000e-02	2.342332425e+00	1.401707809e-03	2.768139158e-12
-5.140000000e-02	2.342334635e+00	1.321412342e-03	1.187998067e-12
-5.160000000e-02	2.342336849e+00	1.241116941e-03	1.619871131e-12
-5.180000000e-02	2.342339064e+00	1.160821617e-03	1.402564557e-12
-5.200000000e-02	2.342341283e+00	1.080526373e-03	1.634514390e-12
-5.220000000e-02	2.342343504e+00	1.000231196e-03	2.561112243e-12
-5.240000000e-02	2.342345728e+00	9.199361071e-04	2.068106939e-12
-5.260000000e-02	2.342347955e+00	8.396410873e-04	2.290316768e-12
-5.280000000e-02	2.342350185e+00	7.593461381e-04	1.730891236e-12
-5.300000000e-02	2.342352417e+00	6.790512766e-04	1.827049375e-12
-5.320000000e-02	2.342354652e+00	5.987564830e-04	9.893446034e-13
-5.340000000e-02	2.342356890e+00	5.184617677e-04	2.062144377e-12
-5.360000000e-02	2.342359131e+00	4.381671389e-04	2.078619231e-12
-5.380000000e-02	2.342361375e+00	3.578725807e-04	9.082009391e-13
-5.400000000e-02	2.342363621e+00	2.775781054e-04	2.098944819e-12
-5.420000000e-02	2.342365870e+00	1.972837038e-04	1.525595550e-12
-5.440000000e-02	2.342368122e+00	1.169893805e-04	1.879415017e-12
-5.460000000e-02	2.342370376e+00	3.669514179e-05	1.750331957e-12
-5.480000000e-02	2.342372634e+00	-4.359902322e-05	1.757526732e-12
-5.500000000e-02	2.342374894e+00	-1.238931076e-04	1.072308727e-12
-5.520000000e-02	2.342377157e+00	-2.041871054e-04	1.894852855e-12
-5.540000000e-02	2.342379422e+00	-2.844810293e-04	2.421367975e-12
-5.560000000e-02	2.342381691e+00	-3.647748755e-04	1.510454998e-12
-5.580000000e-02	2.342383962e+00	-4.450686320e-04	2.041353374e-12
-5.600000000e-02	2.342386236e+00	-5.253623161e-04	1.503260273e-12
-5.620000000e-02	2.342388513e+00	-6.056559083e-04	2.015107031e-12
-5.640000000e-02	2.342390792e+00	-6.859494328e-04	2.222789938e-12
-5.660000000e-02	2.342393075e+00	-7.662428601e-04	1.851885288e-12
-5.680000000e-02	2.342395360e+00	-8.465362154e-04	1.434350428e-12
-5.700000000e-02	2.342397647e+00	-9.268294819e-04	2.207445366e-12
-5.720000000e-02	2.342399938e+00	-1.007122677e-03	2.081166379e-12
-5.740000000e-02	2.342402231e+00	-1.087415778e-03	1.714746425e-12
-5.760000000e-02	2.342404528e+00	-1.167708799e-03	1.902598692e-12
-5.780000000e-02	2.342406826e+00	-1.248001737e-03	1.583589932e-12
-5.800000000e-02	2.342409128e+00	-1.328294584e-03	1.253876905e-12
-5.820000000e-02	2.342411433e+00	-1.408587355e-03	9.548664389e-13
-5.840000000e-02	2.342413740e+00	-1.488880037e-03	1.286212566e-12
-5.860000000e-02	2.342416050e+00	-1.569172637e-03	1.451151785e-12
-5.880000000e-02	2.342418363e+00	-1.649465152e-03	2.599311526e-12
-5.900000000e-02	2.342420678e+00	-1.729757575e-03	2.556268156e-12
-5.920000000e-02	2.342422996e+00	-1.810049918e-03	1.982745332e-12
-5.940000000e-02	2.342425318e+00	-1.890342174e-03	2.250354252e-12
-5.960000000e-02	2.342427641e+00	-1.970634350e-03	2.310172276e-12
-5.980000000e-02	2.342429968e+00	-2.050926433e-03	1.888232627e-12
-6.000000000e-02	2.342432297e+00	-2.131218431e-03	1.667003671e-12
-6.020000000e-02	2.342434630e+00	-2.211510338e-03	1.183770339e-12
-6.040000000e-02	2.342436964e+00	-2.291802161e-03	1.205607297e-12
-6.060000000e-02	2.342439302e+00	-2.372093891e-03	1.414059047e-12
-6.080000000e-02	2.342441643e+00	-2.452385539e-03	1.192635990e-12
-6.100000000e-02	2.342443986e+00	-2.532677095e-03	1.832416271e-12
-6.120000000e-02	2.342446332e+00	-2.612968565e-03	1.356299400e-12
-6.140000000e-02	2.342448681e+00	-2.693259942e-03	1.849492847e-12
-6.160000000e-02	2.342451032e+00	-2.773551235e-03	7.060986139e-13
-6.180000000e-02	2.342453387e+00	-2.853842439e-03	1.891969367e-12
-6.200000000e-02	2.342455744e+00	-2.934133550e-03	1.296016294e-12
-6.220000000e-02	2.342458104e+00	-3.014424569e-03	1.794978481e-12
-6.240000000e-02	2.342460466e+00	-3.094715503e-03	1.429796684e-12
-6.260000000e-02	2.342462832e+00	-3.175006343e-03	9.811933787e-13
-6.280000000e-02	2.342465200e+00	-3.255297089e-03	2.206651141e-12
-6.300000000e-02	2.342467571e+00	-3.335587748e-03	1.613306425e-12
-6.320000000e-02	2.342469944e+00	-3.415878317e-03	7.780767065e-13
-6.340000000e-02	2.342472321e+00	-3.496168795e-03	1.557051499e-12
-6.360000000e-02	2.342474700e+00	-3.576459170e-03	2.525951584e-12
-6.380000000e-02	2.342477082e+00	-3.656749467e-03	1.392239705e-12
-6.400000000e-02	2.342479467e+00	-3.737039660e-03	1.324166922e-12
-6.420000000e-02	2.342481855e+00	-3.817329764e-03	2.033575516e-12
-6.440000000e-02	2.342484245e+00	-3.897619777e-03	1.744892610e-12
-6.460000000e-02	2.342486638e+00	-3.977909699e-03	1.267800809e-12
-6.480000000e-02	2.342489034e+00	-4.058199522e-03	1.139830997e-12
-6.500000000e-02	2.342491433e+00	-4.138489247e-03	2.322363147e-12
-6.520000000e-02	2.342493834e+00	-4.218778885e-03	2.392303963e-12
-6.540000000e-02	2.342496238e+00	-4.299068423e-03	2.307756280e-12
-6.560000000e-02	2.342498645e+00	-4.379357873e-03	9.121632194e-13
-6.580000000e-02	2.342501055e+00	-4.459647224e-03	1.698493933e-12
-6.600000000e-02	2.342503467e+00	-4.539936476e-03	1.720919147e-12
-6.620000000e-02	2.342505883e+00	-4.620225640e-03	2.226921217e-12
-6.640000000e-02	2.342508301e+00	-4.700514700e-03	1.383882063e-12
-6.660000000e-02	2.342510722e+00	-4.780803666e-03	2.072946263e-12
-6.680000000e-02	2.342513145e+00	-4.861092540e-03	1.276849398e-12
-6.700000000e-02	2.342515571e+00	-4.941381310e-03	1.541790678e-12
-6.720000000e-02	2.342518001e+00	-5.021669989e-03	1.644934975e-12
-6.740000000e-02	2.342520432e+00	-5.101958566e-03	2.043615955e-12
-6.760000000e-02	2.342522867e+00	-5.182247042e-03	1.736885243e-12
-6.780000000e-02	2.342525305e+00	-5.262535429e-03	1.159399078e-12
-6.800000000e-02	2.342527745e+00	-5.342823711e-03	8.549404013e-13
-6.820000000e-02	2.342530188e+00	-5.423111896e-03	2.233817767e-12
-6.840000000e-02	2.342532633e+00	-5.503399981e-03	1.367868968e-12
-6.860000000e-02	2.342535082e+00	-5.583687970e-03	1.866813648e-12
-6.880000000e-02	2.342537533e+00	-5.663975851e-03	2.793433411e-12
-6.900000000e-02	2.342539987e+00	-5.744263637e-03	2.702287122e-12
-6.920000000e-02	2.342542444e+00	-5.824551330e-03	9.430241507e-13
-6.940000000e-02	2.342544904e+00	-5.904838916e-03	2.734875114e-12
-6.960000000e-02	2.342547366e+00	-5.985126402e-03	1.509429093e-12
-6.980000000e-02	2.342549831e+00	-6.065413786e-03	4.524946841e-13
-7.000000000e-02	2.342552299e+00	-6.145701067e-03	1.140162709e-12
-7.020000000e-02	2.342554770e+00	-6.225988251e-03	7.672573354e-13
-7.040000000e-02	2.342557243e+00	-6.306275327e-03	1.251968656e-12
-7.060000000e-02	2.342559719e+00	-6.386562310e-03	1.865817087e-12
-7.080000000e-02	2.342562198e+00	-6.466849185e-03	1.601127250e-12
-7.100000000e-02	2.342564680e+00	-6.547135952e-03	1.965336730e-12
-7.120000000e-02	2.342567165e+00	-6.627422625e-03	9.150149583e-13
-7.140000000e-02	2.342569652e+00	-6.707709187e-03	1.269993276e-12
-7.160000000e-02	2.342572142e+00	-6.787995650e-03	1.210868590e-12
-7.180000000e-02	2.342574635e+00	-6.868282012e-03	2.181177897e-12
-7.200000000e-02	2.342577130e+00	-6.948568262e-03	9.968574107e-13
-7.220000000e-02	2.342579629e+00	-7.028854415e-03	1.639460133e-12
-7.240000000e-02	2.342582130e+00	-7.109140455e-03	1.848906361e-12
-7.260000000e-02	2.342584634e+00	-7.189426400e-03	1.588992208e-12
-7.280000000e-02	2.342587141e+00	-7.269712236e-03	1.937164926e-12
-7.300000000e-02	2.342589650e+00	-7.349997960e-03	1.687603932e-12
-7.320000000e-02	2.342592162e+00	-7.430283585e-03	1.337074627e-12
-7.340000000e-02	2.342594677e+00	-7.510569097e-03	1.534172339e-12
-7.360000000e-02	2.342597195e+00	-7.590854510e-03	1.378293446e-12
-7.380000000e-02	2.342599716e+00	-7.671139815e-03	1.063853979e-12
-7.400000000e-02	2.342602239e+00	-7.751425013e-03	2.283847049e-12
-7.420000000e-02	2.342604765e+00	-7.831710094e-03	2.409280635e-12
-7.440000000e-02	2.342607294e+00	-7.911995082e-03	1.674479649e-12
-7.460000000e-02	2.342609825e+00	-7.992279950e-03	1.956991444e-12
-7.480000000e-02	2.342612360e+00	-8.072564716e-03	1.502043562e-12
-7.500000000e-02	2.342614897e+00	-8.152849377e-03	1.685309181e-12
-7.520000000e-02	2.342617437e+00	-8.233133924e-03	1.580745256e-12
-7.540000000e-02	2.342619979e+00	-8.313418361e-03	1.601829487e-12
-7.560000000e-02	2.342622525e+00	-8.393702686e-03	1.213095577e-12
-7.580000000e-02	2.342625073e+00	-8.473986903e-03	2.116727622e-12
-7.600000000e-02	2.342627624e+00	-8.554271016e-03	1.746777803e-12
-7.620000000e-02	2.342630178e+00	-8.634555019e-03	2.057577378e-12
-7.640000000e-02	2.342632734e+00	-8.714838902e-03	2.272955732e-12
-7.660000000e-02	2.342635294e+00	-8.795122686e-03	2.546137765e-12
-7.680000000e-02	2.342637856e+00	-8.875406346e-03	9.883831318e-13
-7.700000000e-02	2.342640420e+00	-8.955689899e-03	2.673377246e-12
-7.720000000e-02	2.342642988e+00	-9.035973341e-03	2.841040847e-12
-7.740000000e-02	2.342645558e+00	-9.116256681e-03	1.975790185e-12
-7.760000000e-02	2.342648132e+00	-9.196539896e-03	8.056638955e-13
-7.780000000e-02	2.342650708e+00	-9.276822999e-03	2.434625998e-12
-7.800000000e-02	2.342653286e+00	-9.357105993e-03	1.821235312e-12
-7.820000000e-02	2.342655868e+00	-9.437388881e-03	1.735569695e-12
-7.840000000e-02	2.342658452e+00	-9.517671645e-03	1.409598355e-12
-7.860000000e-02	2.342661039e+00	-9.597954295e-03	2.541134525e-12
-7.880000000e-02	2.342663629e+00	-9.678236836e-03	1.437293815e-12
-7.900000000e-02	2.342666221e+00	-9.758519264e-03	2.733378007e-12
-7.920000000e-02	2.342668816e+00	-9.838801572e-03	1.395012874e-12
-7.940000000e-02	2.342671414e+00	-9.919083770e-03	1.956074066e-12
-7.960000000e-02	2.342674015e+00	-9.999365851e-03	1.474707943e-12
-7.980000000e-02	2.342676619e+00	-1.007964781e-02	1.949004185e-12
-8.000000000e-02	2.342679225e+00	-1.015992966e-02	8.574136952e-13
-8.020000000e-02	2.342681834e+00	-1.024021139e-02	2.127041786e-12
-8.040000000e-02	2.342684446e+00	-1.032049301e-02	1.476533446e-12
-8.060000000e-02	2.342687061e+00	-1.040077451e-02	2.612276445e-12
-8.080000000e-02	2.342689678e+00	-1.048105590e-02	4.520903165e-13
-8.100000000e-02	2.342692299e+00	-1.056133716e-02	2.237293116e-12
-8.120000000e-02	2.342694922e+00	-1.064161831e-02	1.758390398e-12
-8.140000000e-02	2.342697547e+00	-1.072189934e-02	1.465801012e-12
-8.160000000e-02	2.342700176e+00	-1.080218025e-02	1.226703794e-12
-8.180000000e-02	2.342702807e+00	-1.088246105e-02	1.674369219e-12
-8.200000000e-02	2.342705441e+00	-1.096274173e-02	1.285976468e-12
-8.220000000e-02	2.342708078e+00	-1.104302228e-02	3.376513688e-12
-8.240000000e-02	2.342710718e+00	-1.112330272e-02	1.703704177e-12
-8.260000000e-02	2.342713360e+00	-1.120358304e-02	2.253891866e-12
-8.280000000e-02	2.342716005e+00	-1.128386324e-02	2.190930751e-12
-8.300000000e-02	2.342718653e+00	-1.136414331e-02	2.062509762e-12
-8.320000000e-02	2.342721304e+00	-1.144442327e-02	2.291936830e-12
-8.340000000e-02	2.342723957e+00	-1.152470311e-02	6.712217323e-13
-8.360000000e-02	2.342726613e+00	-1.160498283e-02	1.590550781e-12
-8.380000000e-02	2.342729272e+00	-1.168526243e-02	1.826836068e-12
-8.400000000e-02	2.342731934e+00	-1.176554190e-02	1.241529893e-12
-8.420000000e-02	2.342734598e+00	-1.184582125e-02	1.770436648e-12
-8.440000000e-02	2.342737266e+00	-1.192610048e-02	1.638950675e-12
-8.460000000e-02	2.342739936e+00	-1.200637959e-02	2.464248166e-12
-8.480000000e-02	2.342742609e+00	-1.208665858e-02	1.933743532e-12
-8.500000000e-02	2.342745284e+00	-1.216693743e-02	1.609901464e-12
-8.520000000e-02	2.342747962e+00	-1.224721617e-02	1.150278319e-12
-8.540000000e-02	2.342750644e+00	-1.232749479e-02	1.683962395e-12
-8.560000000e-02	2.342753327e+00	-1.240777328e-02	2.601557387e-12
-8.580000000e-02	2.342756014e+00	-1.248805165e-02	1.698290545e-12
-8.600000000e-02	2.342758704e+00	-1.256832989e-02	6.846518501e-13
-8.620000000e-02	2.342761396e+00	-1.264860801e-02	2.217661518e-12
-8.640000000e-02	2.342764091e+00	-1.272888600e-02	1.650122605e-12
-8.660000000e-02	2.342766788e+00	-1.280916387e-02	1.939229836e-12
-8.680000000e-02	2.342769489e+00	-1.288944161e-02	2.864819956e-12
-8.700000000e-02	2.342772192e+00	-1.296971923e-02	2.162334510e-12
-8.720000000e-02	2.342774898e+00	-1.304999672e-02	1.227726465e-12
-8.740000000e-02	2.342777607e+00	-1.313027409e-02	1.443977990e-12
-8.760000000e-02	2.342780319e+00	-1.321055132e-02	9.913163138e-13
-8.780000000e-02	2.342783033e+00	-1.329082843e-02	2.097667432e-12
-8.800000000e-02	2.342785750e+00	-1.337110541e-02	1.554290474e-12
-8.820000000e-02	2.342788470e+00	-1.345138227e-02	1.625612577e-12
-8.840000000e-02	2.342791192e+00	-1.353165900e-02	1.389510542e-12
-8.860000000e-02	2.342793918e+00	-1.361193560e-02	1.369465495e-12
-8.880000000e-02	2.342796646e+00	-1.369221207e-02	2.267355410e-12
-8.900000000e-02	2.342799377e+00	-1.377248842e-02	1.182542806e-12
-8.920000000e-02	2.342802111e+00	-1.385276463e-02	1.231973523e-12
-8.940000000e-02	2.342804847e+00	-1.393304071e-02	2.156338443e-12
-8.960000000e-02	2.342807586e+00	-1.401331666e-02	1.153958374e-12
-8.980000000e-02	2.342810328e+00	-1.409359250e-02	1.626941284e-12
-9.000000000e-02	2.342813073e+00	-1.417386818e-02	2.283779883e-12
-9.020000000e-02	2.342815821e+00	-1.425414375e-02	1.928873284e-12
-9.040000000e-02	2.342818571e+00	-1.433441919e-02	2.569015921e-12
-9.060000000e-02	2.342821324e+00	-1.441469449e-02	2.371080058e-12
-9.080000000e-02	2.342824080e+00	-1.449496966e-02	1.232152483e-12
-9.100000000e-02	2.342826839e+00	-1.457524470e-02	2.083788340e-12
-9.120000000e-02	2.342829600e+00	-1.465551960e-02	1.928826168e-12
-9.140000000e-02	2.342832364e+00	-1.473579438e-02	5.366984397e-13
-9.160000000e-02	2.342835131e+00	-1.481606902e-02	1.578425633e-12
-9.180000000e-02	2.342837901e+00	-1.489634354e-02	1.435880428e-12
-9.200000000e-02	2.342840673e+00	-1.497661792e-02	1.018493287e-12
-9.220000000e-02	2.342843448e+00	-1.505689216e-02	1.749717265e-12
-9.240000000e-02	2.342846226e+00	-1.513716627e-02	1.248659839e-12
-9.260000000e-02	2.342849007e+00	-1.521744025e-02	1.791155271e-12
-9.280000000e-02	2.342851791e+00	-1.529771409e-02	2.227043154e-12
-9.300000000e-02	2.342854577e+00	-1.537798780e-02	1.935340879e-12
-9.320000000e-02	2.342857366e+00	-1.545826138e-02	2.264081985e-12
-9.340000000e-02	2.342860158e+00	-1.553853481e-02	1.240110166e-12
-9.360000000e-02	2.342862952e+00	-1.561880812e-02	1.921384421e-12
-9.380000000e-02	2.342865750e+00	-1.569908129e-02	2.305830194e-12
-9.400000000e-02	2.342868550e+00	-1.577935431e-02	1.623192441e-12
-9.420000000e-02	2.342871353e+00	-1.585962721e-02	1.213594943e-12
-9.440000000e-02	2.342874158e+00	-1.593989997e-02	1.516376457e-12
-9.460000000e-02	2.342876967e+00	-1.602017259e-02	1.494820523e-12
-9.480000000e-02	2.342879778e+00	-1.610044508e-02	1.869324048e-12
-9.500000000e-02	2.342882592e+00	-1.618071742e-02	1.555162118e-12
-9.520000000e-02	2.342885409e+00	-1.626098963e-02	2.117084907e-12
-9.540000000e-02	2.342888228e+00	-1.634126171e-02	2.581833832e-12
-9.560000000e-02	2.342891051e+00	-1.642153364e-02	1.443043490e-12
-9.580000000e-02	2.342893876e+00	-1.650180544e-02	1.553228828e-12
-9.600000000e-02	2.342896703e+00	-1.658207709e-02	1.694926604e-12
-9.620000000e-02	2.342899534e+00	-1.666234861e-02	9.762670723e-13
-9.640000000e-02	2.342902367e+00	-1.674261999e-02	1.232238418e-12
-9.660000000e-02	2.342905203e+00	-1.682289123e-02	2.321147930e-12
-9.680000000e-02	2.342908042e+00	-1.690316232e-02	2.099682130e-12
-9.700000000e-02	2.342910884e+00	-1.698343329e-02	2.637276111e-12
-9.720000000e-02	2.342913728e+00	-1.706370411e-02	1.765773678e-12
-9.740000000e-02	2.342916575e+00	-1.714397478e-02	1.269592981e-12
-9.760000000e-02	2.342919425e+00	-1.722424532e-02	1.882926561e-12
-9.780000000e-02	2.342922278e+00	-1.730451572e-02	1.427557333e-12
-9.800000000e-02	2.342925134e+00	-1.738478597e-02	2.097997573e-12
-9.820000000e-02	2.342927992e+00	-1.746505608e-02	9.599234515e-13
-9.840000000e-02	2.342930853e+00	-1.754532605e-02	1.771286712e-12
-9.860000000e-02	2.342933717e+00	-1.762559588e-02	2.326111500e-12
-9.880000000e-02	2.342936583e+00	-1.770586556e-02	2.180539936e-12
-9.900000000e-02	2.342939452e+00	-1.778613510e-02	1.522380183e-12
-9.920000000e-02	2.342942324e+00	-1.786640450e-02	1.525045677e-12
-9.940000000e-02	2.342945199e+00	-1.794667375e-02	1.558427476e-12
-9.960000000e-02	2.342948077e+00	-1.802694286e-02	2.967138049e-12
-9.980000000e-02	2.342950957e+00	-1.810721183e-02	1.337071314e-12
-1.000000000e-01	2.342953840e+00	-1.818748064e-02	2.790403846e-12
