# epsi_ci     Re(Lambda)      Im(Lambda)      Eq(det), R = 0.40 $\mu$m, $E_p$ = 0.900 eV, modo = 1, $\epsilon_\infty$ = 3.9, $\gamma_{DL}$ = 0.01 eV, solve_det_sinkz_vs_mu.py
0.000000000e+00	2.339477930e+00	2.180633861e-02	1.096944553e-12
-2.000000000e-04	2.339479418e+00	2.172624688e-02	1.626888437e-12
-4.000000000e-04	2.339480909e+00	2.164615514e-02	1.693093424e-12
-6.000000000e-04	2.339482403e+00	2.156606340e-02	1.233787575e-12
-8.000000000e-04	2.339483900e+00	2.148597167e-02	2.069500984e-12
-1.000000000e-03	2.339485399e+00	2.140587994e-02	1.325704201e-12
-1.200000000e-03	2.339486902e+00	2.132578821e-02	2.048326965e-12
-1.400000000e-03	2.339488407e+00	2.124569648e-02	2.634937220e-12
-1.600000000e-03	2.339489915e+00	2.116560475e-02	1.541545440e-12
-1.800000000e-03	2.339491425e+00	2.108551303e-02	1.254387137e-12
-2.000000000e-03	2.339492938e+00	2.100542131e-02	2.094474766e-12
-2.200000000e-03	2.339494454e+00	2.092532960e-02	1.855151337e-12
-2.400000000e-03	2.339495973e+00	2.084523788e-02	2.457695696e-12
-2.600000000e-03	2.339497495e+00	2.076514617e-02	1.426704437e-12
-2.800000000e-03	2.339499019e+00	2.068505447e-02	2.942452393e-12
-3.000000000e-03	2.339500546e+00	2.060496276e-02	1.681134240e-12
-3.200000000e-03	2.339502076e+00	2.052487106e-02	2.228733483e-12
-3.400000000e-03	2.339503609e+00	2.044477937e-02	1.181678619e-12
-3.600000000e-03	2.339505144e+00	2.036468768e-02	1.307762391e-12
-3.800000000e-03	2.339506682e+00	2.028459601e-02	1.454529358e-12
-4.000000000e-03	2.339508223e+00	2.020450433e-02	2.145471115e-12
-4.200000000e-03	2.339509767e+00	2.012441266e-02	3.529979418e-13
-4.400000000e-03	2.339511313e+00	2.004432099e-02	1.797871163e-12
-4.600000000e-03	2.339512863e+00	1.996422934e-02	2.107649053e-12
-4.800000000e-03	2.339514415e+00	1.988413769e-02	1.204917002e-12
-5.000000000e-03	2.339515969e+00	1.980404605e-02	1.778225141e-12
-5.200000000e-03	2.339517527e+00	1.972395441e-02	1.629884632e-12
-5.400000000e-03	2.339519087e+00	1.964386279e-02	1.897682368e-12
-5.600000000e-03	2.339520650e+00	1.956377116e-02	1.474982934e-12
-5.800000000e-03	2.339522216e+00	1.948367955e-02	2.882237645e-12
-6.000000000e-03	2.339523785e+00	1.940358795e-02	2.259828606e-12
-6.200000000e-03	2.339525356e+00	1.932349636e-02	1.918351592e-12
-6.400000000e-03	2.339526930e+00	1.924340478e-02	1.307659448e-12
-6.600000000e-03	2.339528507e+00	1.916331320e-02	1.293079723e-12
-6.800000000e-03	2.339530086e+00	1.908322164e-02	2.322906162e-12
-7.000000000e-03	2.339531669e+00	1.900313009e-02	1.239411245e-12
-7.200000000e-03	2.339533254e+00	1.892303854e-02	1.901166891e-12
-7.400000000e-03	2.339534842e+00	1.884294701e-02	2.418758093e-12
-7.600000000e-03	2.339536432e+00	1.876285548e-02	2.181300848e-12
-7.800000000e-03	2.339538026e+00	1.868276397e-02	1.538563701e-12
-8.000000000e-03	2.339539622e+00	1.860267248e-02	2.632939774e-12
-8.200000000e-03	2.339541221e+00	1.852258099e-02	1.975039522e-12
-8.400000000e-03	2.339542823e+00	1.844248951e-02	2.221309217e-12
-8.600000000e-03	2.339544427e+00	1.836239805e-02	2.029974574e-12
-8.800000000e-03	2.339546034e+00	1.828230660e-02	2.956422200e-12
-9.000000000e-03	2.339547644e+00	1.820221516e-02	1.632961478e-12
-9.200000000e-03	2.339549257e+00	1.812212373e-02	2.415859681e-12
-9.400000000e-03	2.339550872e+00	1.804203232e-02	9.415708654e-13
-9.600000000e-03	2.339552491e+00	1.796194093e-02	2.516613642e-12
-9.800000000e-03	2.339554112e+00	1.788184954e-02	8.742544562e-13
-1.000000000e-02	2.339555736e+00	1.780175818e-02	2.669849190e-12
-1.020000000e-02	2.339557362e+00	1.772166683e-02	1.211037545e-12
-1.040000000e-02	2.339558991e+00	1.764157548e-02	1.287783315e-12
-1.060000000e-02	2.339560623e+00	1.756148416e-02	1.956913876e-12
-1.080000000e-02	2.339562258e+00	1.748139286e-02	2.630968516e-12
-1.100000000e-02	2.339563896e+00	1.740130156e-02	2.492202458e-12
-1.120000000e-02	2.339565536e+00	1.732121029e-02	2.167866513e-12
-1.140000000e-02	2.339567179e+00	1.724111903e-02	2.664616032e-12
-1.160000000e-02	2.339568825e+00	1.716102778e-02	1.245606842e-12
-1.180000000e-02	2.339570474e+00	1.708093656e-02	1.793341877e-12
-1.200000000e-02	2.339572125e+00	1.700084535e-02	2.040621184e-12
-1.220000000e-02	2.339573780e+00	1.692075416e-02	1.904258306e-12
-1.240000000e-02	2.339575437e+00	1.684066298e-02	1.907019946e-12
-1.260000000e-02	2.339577096e+00	1.676057183e-02	2.112728506e-12
-1.280000000e-02	2.339578759e+00	1.668048069e-02	1.829493883e-12
-1.300000000e-02	2.339580424e+00	1.660038958e-02	1.961957125e-12
-1.320000000e-02	2.339582092e+00	1.652029848e-02	1.318084726e-12
-1.340000000e-02	2.339583763e+00	1.644020740e-02	1.784230127e-12
-1.360000000e-02	2.339585436e+00	1.636011634e-02	2.304588854e-12
-1.380000000e-02	2.339587112e+00	1.628002530e-02	1.780143714e-12
-1.400000000e-02	2.339588791e+00	1.619993428e-02	1.620346380e-12
-1.420000000e-02	2.339590473e+00	1.611984328e-02	1.668698953e-12
-1.440000000e-02	2.339592158e+00	1.603975230e-02	2.615568447e-12
-1.460000000e-02	2.339593845e+00	1.595966135e-02	1.831203122e-12
-1.480000000e-02	2.339595535e+00	1.587957041e-02	1.536025215e-12
-1.500000000e-02	2.339597228e+00	1.579947949e-02	2.364512398e-12
-1.520000000e-02	2.339598924e+00	1.571938861e-02	2.183532819e-12
-1.540000000e-02	2.339600622e+00	1.563929773e-02	3.223676447e-12
-1.560000000e-02	2.339602323e+00	1.555920688e-02	2.418138181e-12
-1.580000000e-02	2.339604027e+00	1.547911606e-02	1.137108866e-12
-1.600000000e-02	2.339605734e+00	1.539902525e-02	2.730956970e-12
-1.620000000e-02	2.339607443e+00	1.531893448e-02	1.154946257e-12
-1.640000000e-02	2.339609155e+00	1.523884372e-02	1.432625150e-12
-1.660000000e-02	2.339610870e+00	1.515875299e-02	1.710887507e-12
-1.680000000e-02	2.339612588e+00	1.507866228e-02	2.011561189e-12
-1.700000000e-02	2.339614308e+00	1.499857160e-02	1.991238451e-12
-1.720000000e-02	2.339616032e+00	1.491848095e-02	9.471331856e-13
-1.740000000e-02	2.339617758e+00	1.483839031e-02	1.172788778e-12
-1.760000000e-02	2.339619486e+00	1.475829970e-02	2.221966277e-12
-1.780000000e-02	2.339621218e+00	1.467820912e-02	1.597872192e-12
-1.800000000e-02	2.339622952e+00	1.459811857e-02	1.844717672e-12
-1.820000000e-02	2.339624689e+00	1.451802804e-02	2.166217602e-12
-1.840000000e-02	2.339626429e+00	1.443793754e-02	2.027584169e-12
-1.860000000e-02	2.339628172e+00	1.435784706e-02	1.029467181e-12
-1.880000000e-02	2.339629917e+00	1.427775661e-02	1.888811563e-12
-1.900000000e-02	2.339631665e+00	1.419766619e-02	1.143159430e-12
-1.920000000e-02	2.339633416e+00	1.411757580e-02	2.265695771e-12
-1.940000000e-02	2.339635170e+00	1.403748543e-02	2.235714260e-12
-1.960000000e-02	2.339636926e+00	1.395739509e-02	2.245738739e-12
-1.980000000e-02	2.339638685e+00	1.387730478e-02	2.272313387e-12
-2.000000000e-02	2.339640447e+00	1.379721450e-02	2.710322597e-12
-2.020000000e-02	2.339642212e+00	1.371712425e-02	1.161351338e-12
-2.040000000e-02	2.339643979e+00	1.363703403e-02	2.514756836e-12
-2.060000000e-02	2.339645749e+00	1.355694384e-02	2.544480831e-12
-2.080000000e-02	2.339647522e+00	1.347685367e-02	1.702259978e-12
-2.100000000e-02	2.339649298e+00	1.339676354e-02	2.667032997e-12
-2.120000000e-02	2.339651076e+00	1.331667344e-02	1.724956906e-12
-2.140000000e-02	2.339652858e+00	1.323658337e-02	1.678959548e-12
-2.160000000e-02	2.339654642e+00	1.315649333e-02	2.399415863e-12
-2.180000000e-02	2.339656428e+00	1.307640332e-02	7.844831294e-13
-2.200000000e-02	2.339658218e+00	1.299631334e-02	2.384592980e-12
-2.220000000e-02	2.339660010e+00	1.291622340e-02	1.183757024e-12
-2.240000000e-02	2.339661805e+00	1.283613348e-02	3.004389499e-12
-2.260000000e-02	2.339663603e+00	1.275604360e-02	1.949317357e-12
-2.280000000e-02	2.339665404e+00	1.267595376e-02	1.566565849e-12
-2.300000000e-02	2.339667207e+00	1.259586395e-02	1.480425285e-12
-2.320000000e-02	2.339669013e+00	1.251577417e-02	1.571853818e-12
-2.340000000e-02	2.339670822e+00	1.243568442e-02	1.780744589e-12
-2.360000000e-02	2.339672633e+00	1.235559471e-02	9.562442946e-13
-2.380000000e-02	2.339674448e+00	1.227550503e-02	2.343239864e-12
-2.400000000e-02	2.339676265e+00	1.219541539e-02	1.807132620e-12
-2.420000000e-02	2.339678085e+00	1.211532577e-02	1.443525138e-12
-2.440000000e-02	2.339679907e+00	1.203523620e-02	6.342191789e-13
-2.460000000e-02	2.339681733e+00	1.195514666e-02	1.583321389e-12
-2.480000000e-02	2.339683561e+00	1.187505716e-02	1.975951882e-12
-2.500000000e-02	2.339685392e+00	1.179496769e-02	3.144705199e-12
-2.520000000e-02	2.339687226e+00	1.171487826e-02	1.092361294e-12
-2.540000000e-02	2.339689062e+00	1.163478887e-02	2.154100314e-12
-2.560000000e-02	2.339690901e+00	1.155469951e-02	1.804123628e-12
-2.580000000e-02	2.339692743e+00	1.147461019e-02	1.188604594e-12
-2.600000000e-02	2.339694588e+00	1.139452091e-02	1.345866473e-12
-2.620000000e-02	2.339696436e+00	1.131443166e-02	9.650301256e-13
-2.640000000e-02	2.339698286e+00	1.123434246e-02	2.129775853e-12
-2.660000000e-02	2.339700139e+00	1.115425329e-02	1.231457262e-12
-2.680000000e-02	2.339701995e+00	1.107416416e-02	2.354178450e-12
-2.700000000e-02	2.339703853e+00	1.099407507e-02	1.874020439e-12
-2.720000000e-02	2.339705715e+00	1.091398602e-02	1.671632227e-12
-2.740000000e-02	2.339707579e+00	1.083389701e-02	1.295519919e-12
-2.760000000e-02	2.339709446e+00	1.075380803e-02	3.178520149e-12
-2.780000000e-02	2.339711315e+00	1.067371910e-02	1.888446650e-12
-2.800000000e-02	2.339713188e+00	1.059363021e-02	1.592334294e-12
-2.820000000e-02	2.339715063e+00	1.051354136e-02	1.906984691e-12
-2.840000000e-02	2.339716941e+00	1.043345255e-02	1.116127265e-12
-2.860000000e-02	2.339718821e+00	1.035336378e-02	1.521208473e-12
-2.880000000e-02	2.339720705e+00	1.027327505e-02	1.780861287e-12
-2.900000000e-02	2.339722591e+00	1.019318636e-02	2.170152101e-12
-2.920000000e-02	2.339724480e+00	1.011309772e-02	1.631133387e-12
-2.940000000e-02	2.339726372e+00	1.003300912e-02	1.226055810e-12
-2.960000000e-02	2.339728266e+00	9.952920557e-03	2.031046529e-12
-2.980000000e-02	2.339730163e+00	9.872832045e-03	1.424567659e-12
-3.000000000e-02	2.339732063e+00	9.792743568e-03	2.485258707e-12
-3.020000000e-02	2.339733966e+00	9.712655138e-03	1.945261389e-12
-3.040000000e-02	2.339735872e+00	9.632566758e-03	1.264779264e-12
-3.060000000e-02	2.339737780e+00	9.552478411e-03	1.262137507e-12
-3.080000000e-02	2.339739691e+00	9.472390116e-03	6.696109399e-13
-3.100000000e-02	2.339741605e+00	9.392301863e-03	1.451784289e-12
-3.120000000e-02	2.339743521e+00	9.312213652e-03	1.936752679e-12
-3.140000000e-02	2.339745441e+00	9.232125492e-03	1.823982075e-12
-3.160000000e-02	2.339747363e+00	9.152037380e-03	1.676950818e-12
-3.180000000e-02	2.339749287e+00	9.071949302e-03	2.084576538e-12
-3.200000000e-02	2.339751215e+00	8.991861277e-03	1.520546681e-12
-3.220000000e-02	2.339753145e+00	8.911773304e-03	1.356965219e-12
-3.240000000e-02	2.339755079e+00	8.831685373e-03	1.752015140e-12
-3.260000000e-02	2.339757014e+00	8.751597486e-03	1.288103829e-12
-3.280000000e-02	2.339758953e+00	8.671509645e-03	1.444350790e-12
-3.300000000e-02	2.339760895e+00	8.591421854e-03	2.581949975e-12
-3.320000000e-02	2.339762839e+00	8.511334115e-03	1.075917605e-12
-3.340000000e-02	2.339764786e+00	8.431246419e-03	1.921301803e-12
-3.360000000e-02	2.339766735e+00	8.351158775e-03	1.786250652e-12
-3.380000000e-02	2.339768688e+00	8.271071173e-03	1.727597503e-12
-3.400000000e-02	2.339770643e+00	8.190983623e-03	2.132842193e-12
-3.420000000e-02	2.339772601e+00	8.110896126e-03	1.355462671e-12
-3.440000000e-02	2.339774562e+00	8.030808680e-03	1.183110874e-12
-3.460000000e-02	2.339776525e+00	7.950721277e-03	9.515820890e-13
-3.480000000e-02	2.339778492e+00	7.870633930e-03	1.215705555e-12
-3.500000000e-02	2.339780461e+00	7.790546625e-03	1.858677196e-12
-3.520000000e-02	2.339782432e+00	7.710459383e-03	2.018132786e-12
-3.540000000e-02	2.339784407e+00	7.630372181e-03	1.575704721e-12
-3.560000000e-02	2.339786384e+00	7.550285036e-03	1.169165554e-12
-3.580000000e-02	2.339788364e+00	7.470197942e-03	7.459853309e-13
-3.600000000e-02	2.339790347e+00	7.390110896e-03	1.472653166e-12
-3.620000000e-02	2.339792333e+00	7.310023910e-03	1.483730529e-12
-3.640000000e-02	2.339794321e+00	7.229936967e-03	6.877125771e-13
-3.660000000e-02	2.339796312e+00	7.149850085e-03	2.176382670e-12
-3.680000000e-02	2.339798306e+00	7.069763252e-03	1.335156475e-12
-3.700000000e-02	2.339800303e+00	6.989676471e-03	1.922155494e-12
-3.720000000e-02	2.339802302e+00	6.909589744e-03	1.594248780e-12
-3.740000000e-02	2.339804304e+00	6.829503074e-03	1.535433806e-12
-3.760000000e-02	2.339806309e+00	6.749416451e-03	2.012471664e-12
-3.780000000e-02	2.339808317e+00	6.669329888e-03	1.370782319e-12
-3.800000000e-02	2.339810327e+00	6.589243377e-03	2.332701621e-12
-3.820000000e-02	2.339812341e+00	6.509156925e-03	2.573654852e-12
-3.840000000e-02	2.339814357e+00	6.429070529e-03	2.401155917e-12
-3.860000000e-02	2.339816375e+00	6.348984189e-03	1.406310876e-12
-3.880000000e-02	2.339818397e+00	6.268897901e-03	2.847898551e-12
-3.900000000e-02	2.339820421e+00	6.188811668e-03	2.215023598e-12
-3.920000000e-02	2.339822448e+00	6.108725490e-03	1.878919704e-12
-3.940000000e-02	2.339824478e+00	6.028639373e-03	1.928762354e-12
-3.960000000e-02	2.339826510e+00	5.948553318e-03	1.654490862e-12
-3.980000000e-02	2.339828546e+00	5.868467312e-03	1.500913284e-12
-4.000000000e-02	2.339830584e+00	5.788381369e-03	1.779386692e-12
-4.020000000e-02	2.339832625e+00	5.708295477e-03	7.864046826e-13
-4.040000000e-02	2.339834668e+00	5.628209644e-03	1.855182978e-12
-4.060000000e-02	2.339836715e+00	5.548123876e-03	2.457655544e-12
-4.080000000e-02	2.339838764e+00	5.468038163e-03	1.626675192e-12
-4.100000000e-02	2.339840816e+00	5.387952507e-03	2.086824354e-12
-4.120000000e-02	2.339842870e+00	5.307866912e-03	1.657455222e-12
-4.140000000e-02	2.339844928e+00	5.227781380e-03	1.085252244e-12
-4.160000000e-02	2.339846988e+00	5.147695904e-03	1.342640952e-12
-4.180000000e-02	2.339849051e+00	5.067610488e-03	2.347756167e-12
-4.200000000e-02	2.339851116e+00	4.987525138e-03	1.761455786e-12
-4.220000000e-02	2.339853185e+00	4.907439841e-03	1.274468177e-12
-4.240000000e-02	2.339855256e+00	4.827354608e-03	1.972036211e-12
-4.260000000e-02	2.339857330e+00	4.747269437e-03	1.528674984e-12
-4.280000000e-02	2.339859407e+00	4.667184333e-03	1.148919191e-12
-4.300000000e-02	2.339861486e+00	4.587099286e-03	1.931138560e-12
-4.320000000e-02	2.339863568e+00	4.507014300e-03	1.412001882e-12
-4.340000000e-02	2.339865653e+00	4.426929378e-03	2.635805543e-12
-4.360000000e-02	2.339867741e+00	4.346844515e-03	1.877338689e-12
-4.380000000e-02	2.339869832e+00	4.266759720e-03	2.667542444e-12
-4.400000000e-02	2.339871925e+00	4.186674979e-03	2.460716339e-12
-4.420000000e-02	2.339874021e+00	4.106590315e-03	1.632073059e-12
-4.440000000e-02	2.339876120e+00	4.026505711e-03	2.092226442e-12
-4.460000000e-02	2.339878221e+00	3.946421170e-03	2.116328446e-12
-4.480000000e-02	2.339880326e+00	3.866336692e-03	2.243029136e-12
-4.500000000e-02	2.339882433e+00	3.786252274e-03	1.388917498e-12
-4.520000000e-02	2.339884543e+00	3.706167933e-03	2.341182232e-12
-4.540000000e-02	2.339886655e+00	3.626083643e-03	2.277482772e-12
-4.560000000e-02	2.339888771e+00	3.545999426e-03	2.310750267e-12
-4.580000000e-02	2.339890889e+00	3.465915283e-03	2.140833944e-12
-4.600000000e-02	2.339893010e+00	3.385831193e-03	9.365666887e-13
-4.620000000e-02	2.339895133e+00	3.305747175e-03	1.186328437e-12
-4.640000000e-02	2.339897260e+00	3.225663223e-03	1.566971054e-12
-4.660000000e-02	2.339899389e+00	3.145579346e-03	2.598615159e-12
-4.680000000e-02	2.339901521e+00	3.065495526e-03	7.246800284e-13
-4.700000000e-02	2.339903656e+00	2.985411773e-03	1.453155779e-12
-4.720000000e-02	2.339905793e+00	2.905328095e-03	2.339123357e-12
-4.740000000e-02	2.339907933e+00	2.825244485e-03	2.401724262e-12
-4.760000000e-02	2.339910076e+00	2.745160942e-03	2.057183497e-12
-4.780000000e-02	2.339912222e+00	2.665077459e-03	2.418253835e-12
-4.800000000e-02	2.339914370e+00	2.584994052e-03	1.788415314e-12
-4.820000000e-02	2.339916522e+00	2.504910721e-03	1.750861795e-12
-4.840000000e-02	2.339918676e+00	2.424827453e-03	1.103768633e-12
-4.860000000e-02	2.339920833e+00	2.344744260e-03	3.254942740e-12
-4.880000000e-02	2.339922992e+00	2.264661129e-03	1.747227301e-12
-4.900000000e-02	2.339925154e+00	2.184578070e-03	2.720568324e-12
-4.920000000e-02	2.339927319e+00	2.104495081e-03	2.557966829e-12
-4.940000000e-02	2.339929487e+00	2.024412171e-03	3.121913729e-12
-4.960000000e-02	2.339931658e+00	1.944329325e-03	7.052611496e-13
-4.980000000e-02	2.339933831e+00	1.864246550e-03	2.628486482e-12
-5.000000000e-02	2.339936007e+00	1.784163857e-03	1.109767476e-12
-5.020000000e-02	2.339938186e+00	1.704081227e-03	1.166205706e-12
-5.040000000e-02	2.339940368e+00	1.623998672e-03	1.641828049e-12
-5.060000000e-02	2.339942552e+00	1.543916191e-03	1.747108831e-12
-5.080000000e-02	2.339944739e+00	1.463833787e-03	2.331779038e-12
-5.100000000e-02	2.339946929e+00	1.383751447e-03	1.421751910e-12
-5.120000000e-02	2.339949122e+00	1.303669189e-03	1.942350490e-12
-5.140000000e-02	2.339951317e+00	1.223586995e-03	1.103862469e-12
-5.160000000e-02	2.339953516e+00	1.143504882e-03	1.158513552e-12
-5.180000000e-02	2.339955717e+00	1.063422850e-03	2.796910148e-12
-5.200000000e-02	2.339957920e+00	9.833408817e-04	1.444466514e-12
-5.220000000e-02	2.339960127e+00	9.032589964e-04	2.561655050e-12
-5.240000000e-02	2.339962336e+00	8.231771780e-04	1.076204738e-12
-5.260000000e-02	2.339964548e+00	7.430954436e-04	1.638311599e-12
-5.280000000e-02	2.339966763e+00	6.630137779e-04	1.419541851e-12
-5.300000000e-02	2.339968980e+00	5.829321959e-04	1.899973284e-12
-5.320000000e-02	2.339971201e+00	5.028506823e-04	1.014918889e-12
-5.340000000e-02	2.339973424e+00	4.227692550e-04	1.555437374e-12
-5.360000000e-02	2.339975649e+00	3.426878979e-04	1.586612475e-12
-5.380000000e-02	2.339977878e+00	2.626066215e-04	2.827718530e-12
-5.400000000e-02	2.339980109e+00	1.825254161e-04	2.564861732e-12
-5.420000000e-02	2.339982343e+00	1.024442984e-04	2.187634540e-12
-5.440000000e-02	2.339984580e+00	2.236325435e-05	2.518768650e-12
-5.460000000e-02	2.339986820e+00	-5.771770891e-05	2.100645111e-12
-5.480000000e-02	2.339989062e+00	-1.377985935e-04	1.495971636e-12
-5.500000000e-02	2.339991307e+00	-2.178794028e-04	9.516454105e-13
-5.520000000e-02	2.339993555e+00	-2.979601309e-04	2.534330141e-12
-5.540000000e-02	2.339995806e+00	-3.780407806e-04	1.482058585e-12
-5.560000000e-02	2.339998059e+00	-4.581213458e-04	2.256658626e-12
-5.580000000e-02	2.340000316e+00	-5.382018359e-04	2.288870216e-12
-5.600000000e-02	2.340002574e+00	-6.182822400e-04	2.047515784e-12
-5.620000000e-02	2.340004836e+00	-6.983625690e-04	1.593907025e-12
-5.640000000e-02	2.340007101e+00	-7.784428119e-04	1.448594483e-12
-5.660000000e-02	2.340009368e+00	-8.585229699e-04	2.058648297e-12
-5.680000000e-02	2.340011638e+00	-9.386030578e-04	1.450412299e-12
-5.700000000e-02	2.340013910e+00	-1.018683053e-03	1.650562702e-12
-5.720000000e-02	2.340016186e+00	-1.098762971e-03	1.865089505e-12
-5.740000000e-02	2.340018464e+00	-1.178842810e-03	2.292790313e-12
-5.760000000e-02	2.340020745e+00	-1.258922562e-03	2.083221000e-12
-5.780000000e-02	2.340023029e+00	-1.339002226e-03	9.214686955e-13
-5.800000000e-02	2.340025316e+00	-1.419081813e-03	7.551164590e-13
-5.820000000e-02	2.340027605e+00	-1.499161314e-03	1.235025136e-12
-5.840000000e-02	2.340029897e+00	-1.579240729e-03	1.878139049e-12
-5.860000000e-02	2.340032192e+00	-1.659320062e-03	1.363540076e-12
-5.880000000e-02	2.340034489e+00	-1.739399309e-03	1.573314726e-12
-5.900000000e-02	2.340036790e+00	-1.819478477e-03	1.424319235e-12
-5.920000000e-02	2.340039093e+00	-1.899557556e-03	2.523641880e-12
-5.940000000e-02	2.340041399e+00	-1.979636544e-03	1.861479873e-12
-5.960000000e-02	2.340043707e+00	-2.059715455e-03	2.261609868e-12
-5.980000000e-02	2.340046018e+00	-2.139794271e-03	1.484072538e-12
-6.000000000e-02	2.340048333e+00	-2.219873004e-03	1.698275331e-12
-6.020000000e-02	2.340050650e+00	-2.299951653e-03	1.447137028e-12
-6.040000000e-02	2.340052969e+00	-2.380030217e-03	1.288040687e-12
-6.060000000e-02	2.340055292e+00	-2.460108688e-03	1.903262798e-12
-6.080000000e-02	2.340057617e+00	-2.540187073e-03	1.377349123e-12
-6.100000000e-02	2.340059945e+00	-2.620265378e-03	2.090325683e-12
-6.120000000e-02	2.340062275e+00	-2.700343586e-03	1.323392200e-12
-6.140000000e-02	2.340064609e+00	-2.780421704e-03	1.286132417e-12
-6.160000000e-02	2.340066945e+00	-2.860499742e-03	1.479503351e-12
-6.180000000e-02	2.340069284e+00	-2.940577683e-03	1.629142503e-12
-6.200000000e-02	2.340071626e+00	-3.020655535e-03	2.113586618e-12
-6.220000000e-02	2.340073970e+00	-3.100733302e-03	1.857702526e-12
-6.240000000e-02	2.340076317e+00	-3.180810979e-03	1.522790031e-12
-6.260000000e-02	2.340078667e+00	-3.260888563e-03	1.750376513e-12
-6.280000000e-02	2.340081020e+00	-3.340966060e-03	1.473035714e-12
-6.300000000e-02	2.340083376e+00	-3.421043469e-03	1.852839555e-12
-6.320000000e-02	2.340085734e+00	-3.501120778e-03	2.247730586e-12
-6.340000000e-02	2.340088095e+00	-3.581197995e-03	4.475907545e-12
-6.360000000e-02	2.340090459e+00	-3.661275135e-03	2.135927192e-12
-6.380000000e-02	2.340092825e+00	-3.741352174e-03	1.441143803e-12
-6.400000000e-02	2.340095195e+00	-3.821429121e-03	1.679970071e-12
-6.420000000e-02	2.340097567e+00	-3.901505975e-03	2.426204484e-12
-6.440000000e-02	2.340099942e+00	-3.981582738e-03	7.433691725e-13
-6.460000000e-02	2.340102319e+00	-4.061659403e-03	2.093103685e-12
-6.480000000e-02	2.340104700e+00	-4.141735980e-03	1.218799511e-12
-6.500000000e-02	2.340107083e+00	-4.221812462e-03	2.509763721e-12
-6.520000000e-02	2.340109469e+00	-4.301888856e-03	1.545697148e-12
-6.540000000e-02	2.340111857e+00	-4.381965149e-03	1.469109710e-12
-6.560000000e-02	2.340114249e+00	-4.462041346e-03	1.939151515e-12
-6.580000000e-02	2.340116643e+00	-4.542117450e-03	2.201576976e-12
-6.600000000e-02	2.340119040e+00	-4.622193469e-03	2.954254205e-12
-6.620000000e-02	2.340121440e+00	-4.702269379e-03	7.394562292e-13
-6.640000000e-02	2.340123842e+00	-4.782345200e-03	1.902338165e-12
-6.660000000e-02	2.340126247e+00	-4.862420926e-03	1.926404488e-12
-6.680000000e-02	2.340128655e+00	-4.942496547e-03	1.708887718e-12
-6.700000000e-02	2.340131066e+00	-5.022572082e-03	1.493827277e-12
-6.720000000e-02	2.340133479e+00	-5.102647514e-03	1.260819143e-12
-6.740000000e-02	2.340135896e+00	-5.182722856e-03	1.227604734e-12
-6.760000000e-02	2.340138315e+00	-5.262798096e-03	2.017886306e-12
-6.780000000e-02	2.340140736e+00	-5.342873233e-03	2.260246652e-12
-6.800000000e-02	2.340143161e+00	-5.422948285e-03	1.717868294e-12
-6.820000000e-02	2.340145588e+00	-5.503023226e-03	1.566326119e-12
-6.840000000e-02	2.340148018e+00	-5.583098073e-03	2.287529251e-12
-6.860000000e-02	2.340150451e+00	-5.663172825e-03	1.885051395e-12
-6.880000000e-02	2.340152887e+00	-5.743247476e-03	1.894243187e-12
-6.900000000e-02	2.340155325e+00	-5.823322029e-03	1.283357236e-12
-6.920000000e-02	2.340157766e+00	-5.903396481e-03	1.238883147e-12
-6.940000000e-02	2.340160210e+00	-5.983470829e-03	1.925912793e-12
-6.960000000e-02	2.340162656e+00	-6.063545082e-03	1.559817857e-12
-6.980000000e-02	2.340165106e+00	-6.143619239e-03	1.558842814e-12
-7.000000000e-02	2.340167558e+00	-6.223693289e-03	1.214022221e-12
-7.020000000e-02	2.340170013e+00	-6.303767233e-03	2.197328035e-12
-7.040000000e-02	2.340172470e+00	-6.383841090e-03	2.722420556e-12
-7.060000000e-02	2.340174931e+00	-6.463914830e-03	2.024699096e-12
-7.080000000e-02	2.340177394e+00	-6.543988479e-03	2.354572159e-12
-7.100000000e-02	2.340179860e+00	-6.624062018e-03	2.113259692e-12
-7.120000000e-02	2.340182328e+00	-6.704135463e-03	1.138615322e-12
-7.140000000e-02	2.340184800e+00	-6.784208802e-03	1.409987487e-12
-7.160000000e-02	2.340187274e+00	-6.864282036e-03	1.782808663e-12
-7.180000000e-02	2.340189751e+00	-6.944355162e-03	1.799608324e-12
-7.200000000e-02	2.340192231e+00	-7.024428196e-03	1.488892828e-12
-7.220000000e-02	2.340194713e+00	-7.104501120e-03	1.792164935e-12
-7.240000000e-02	2.340197198e+00	-7.184573941e-03	2.540250042e-12
-7.260000000e-02	2.340199686e+00	-7.264646651e-03	1.207814037e-12
-7.280000000e-02	2.340202177e+00	-7.344719268e-03	2.673176054e-12
-7.300000000e-02	2.340204670e+00	-7.424791765e-03	1.881227006e-12
-7.320000000e-02	2.340207167e+00	-7.504864173e-03	2.036860173e-12
-7.340000000e-02	2.340209666e+00	-7.584936468e-03	2.210754455e-12
-7.360000000e-02	2.340212168e+00	-7.665008655e-03	1.742809758e-12
-7.380000000e-02	2.340214672e+00	-7.745080737e-03	1.487896685e-12
-7.400000000e-02	2.340217179e+00	-7.825152710e-03	1.740517098e-12
-7.420000000e-02	2.340219689e+00	-7.905224581e-03	9.086493223e-13
-7.440000000e-02	2.340222202e+00	-7.985296340e-03	1.729034881e-12
-7.460000000e-02	2.340224718e+00	-8.065367996e-03	1.729390803e-12
-7.480000000e-02	2.340227236e+00	-8.145439546e-03	1.904176441e-12
-7.500000000e-02	2.340229757e+00	-8.225510988e-03	1.941047846e-12
-7.520000000e-02	2.340232281e+00	-8.305582317e-03	1.711035178e-12
-7.540000000e-02	2.340234808e+00	-8.385653541e-03	1.629754769e-12
-7.560000000e-02	2.340237337e+00	-8.465724654e-03	1.045766651e-12
-7.580000000e-02	2.340239869e+00	-8.545795659e-03	1.771617798e-12
-7.600000000e-02	2.340242404e+00	-8.625866560e-03	2.673744189e-12
-7.620000000e-02	2.340244942e+00	-8.705937340e-03	1.485038646e-12
-7.640000000e-02	2.340247482e+00	-8.786008016e-03	1.847646075e-12
-7.660000000e-02	2.340250025e+00	-8.866078586e-03	1.452451575e-12
-7.680000000e-02	2.340252571e+00	-8.946149041e-03	9.152790830e-13
-7.700000000e-02	2.340255120e+00	-9.026219386e-03	8.681895178e-13
-7.720000000e-02	2.340257671e+00	-9.106289619e-03	7.431577132e-13
-7.740000000e-02	2.340260225e+00	-9.186359747e-03	2.158639812e-12
-7.760000000e-02	2.340262782e+00	-9.266429751e-03	2.473680802e-12
-7.780000000e-02	2.340265342e+00	-9.346499649e-03	2.273851394e-12
-7.800000000e-02	2.340267904e+00	-9.426569437e-03	1.360502623e-12
-7.820000000e-02	2.340270470e+00	-9.506639108e-03	3.395509688e-12
-7.840000000e-02	2.340273038e+00	-9.586708674e-03	1.534567133e-12
-7.860000000e-02	2.340275608e+00	-9.666778123e-03	1.783494573e-12
-7.880000000e-02	2.340278182e+00	-9.746847459e-03	2.494754388e-12
-7.900000000e-02	2.340280758e+00	-9.826916681e-03	9.899944267e-13
-7.920000000e-02	2.340283337e+00	-9.906985790e-03	1.980053179e-12
-7.940000000e-02	2.340285919e+00	-9.987054780e-03	2.123028553e-12
-7.960000000e-02	2.340288503e+00	-1.006712366e-02	1.353514003e-12
-7.980000000e-02	2.340291091e+00	-1.014719242e-02	1.386536047e-12
-8.000000000e-02	2.340293681e+00	-1.022726108e-02	1.527179914e-12
-8.020000000e-02	2.340296274e+00	-1.030732961e-02	2.180666891e-12
-8.040000000e-02	2.340298869e+00	-1.038739803e-02	2.250589536e-12
-8.060000000e-02	2.340301467e+00	-1.046746633e-02	2.246321104e-12
-8.080000000e-02	2.340304069e+00	-1.054753451e-02	1.323723138e-12
-8.100000000e-02	2.340306672e+00	-1.062760259e-02	2.289663724e-12
-8.120000000e-02	2.340309279e+00	-1.070767054e-02	1.334364680e-12
-8.140000000e-02	2.340311888e+00	-1.078773837e-02	1.884896725e-12
-8.160000000e-02	2.340314500e+00	-1.086780609e-02	1.287079281e-12
-8.180000000e-02	2.340317115e+00	-1.094787370e-02	2.046958813e-12
-8.200000000e-02	2.340319733e+00	-1.102794117e-02	2.184201312e-12
-8.220000000e-02	2.340322353e+00	-1.110800854e-02	1.205126655e-12
-8.240000000e-02	2.340324976e+00	-1.118807578e-02	3.295888138e-12
-8.260000000e-02	2.340327602e+00	-1.126814292e-02	1.540821196e-12
-8.280000000e-02	2.340330231e+00	-1.134820992e-02	1.071678713e-12
-8.300000000e-02	2.340332862e+00	-1.142827681e-02	2.195667072e-12
-8.320000000e-02	2.340335497e+00	-1.150834358e-02	1.054932612e-12
-8.340000000e-02	2.340338134e+00	-1.158841023e-02	1.340036673e-12
-8.360000000e-02	2.340340773e+00	-1.166847676e-02	2.054760071e-12
-8.380000000e-02	2.340343416e+00	-1.174854316e-02	1.919388579e-12
-8.400000000e-02	2.340346061e+00	-1.182860946e-02	1.177155364e-12
-8.420000000e-02	2.340348709e+00	-1.190867562e-02	1.168215656e-12
-8.440000000e-02	2.340351360e+00	-1.198874167e-02	8.778886928e-13
-8.460000000e-02	2.340354013e+00	-1.206880759e-02	1.863417532e-12
-8.480000000e-02	2.340356669e+00	-1.214887339e-02	1.713518859e-12
-8.500000000e-02	2.340359328e+00	-1.222893908e-02	3.148333988e-12
-8.520000000e-02	2.340361990e+00	-1.230900462e-02	2.345528389e-12
-8.540000000e-02	2.340364654e+00	-1.238907006e-02	9.613154355e-13
-8.560000000e-02	2.340367322e+00	-1.246913538e-02	2.143049792e-12
-8.580000000e-02	2.340369992e+00	-1.254920056e-02	1.701862773e-12
-8.600000000e-02	2.340372665e+00	-1.262926562e-02	9.635429479e-13
-8.620000000e-02	2.340375340e+00	-1.270933056e-02	1.368985398e-12
-8.640000000e-02	2.340378018e+00	-1.278939538e-02	2.572382550e-12
-8.660000000e-02	2.340380699e+00	-1.286946007e-02	1.340416179e-12
-8.680000000e-02	2.340383383e+00	-1.294952463e-02	1.545801539e-12
-8.700000000e-02	2.340386070e+00	-1.302958908e-02	2.663524194e-12
-8.720000000e-02	2.340388759e+00	-1.310965340e-02	1.951486147e-12
-8.740000000e-02	2.340391451e+00	-1.318971759e-02	2.204794239e-12
-8.760000000e-02	2.340394146e+00	-1.326978164e-02	1.704779025e-12
-8.780000000e-02	2.340396844e+00	-1.334984558e-02	3.144364535e-12
-8.800000000e-02	2.340399544e+00	-1.342990939e-02	1.382441042e-12
-8.820000000e-02	2.340402247e+00	-1.350997309e-02	1.919223861e-12
-8.840000000e-02	2.340404953e+00	-1.359003664e-02	1.442910074e-12
-8.860000000e-02	2.340407662e+00	-1.367010007e-02	2.124596079e-12
-8.880000000e-02	2.340410373e+00	-1.375016337e-02	1.468676214e-12
-8.900000000e-02	2.340413087e+00	-1.383022654e-02	1.127335080e-12
-8.920000000e-02	2.340415804e+00	-1.391028959e-02	1.827536775e-12
-8.940000000e-02	2.340418524e+00	-1.399035251e-02	1.227485829e-12
-8.960000000e-02	2.340421246e+00	-1.407041530e-02	2.777310816e-12
-8.980000000e-02	2.340423971e+00	-1.415047796e-02	1.036707258e-12
-9.000000000e-02	2.340426699e+00	-1.423054049e-02	2.792398645e-12
-9.020000000e-02	2.340429430e+00	-1.431060289e-02	2.103779046e-12
-9.040000000e-02	2.340432163e+00	-1.439066516e-02	1.505853745e-12
-9.060000000e-02	2.340434900e+00	-1.447072730e-02	2.081405502e-12
-9.080000000e-02	2.340437639e+00	-1.455078931e-02	1.312533526e-12
-9.100000000e-02	2.340440380e+00	-1.463085119e-02	1.833955088e-12
-9.120000000e-02	2.340443125e+00	-1.471091294e-02	1.613247228e-12
-9.140000000e-02	2.340445872e+00	-1.479097455e-02	1.688076609e-12
-9.160000000e-02	2.340448622e+00	-1.487103604e-02	1.381617829e-12
-9.180000000e-02	2.340451375e+00	-1.495109739e-02	1.784104708e-12
-9.200000000e-02	2.340454130e+00	-1.503115861e-02	1.813549831e-12
-9.220000000e-02	2.340456888e+00	-1.511121969e-02	2.184423361e-12
-9.240000000e-02	2.340459649e+00	-1.519128065e-02	1.680556127e-12
-9.260000000e-02	2.340462413e+00	-1.527134148e-02	8.741697869e-13
-9.280000000e-02	2.340465180e+00	-1.535140217e-02	1.309335542e-12
-9.300000000e-02	2.340467949e+00	-1.543146272e-02	1.969441472e-12
-9.320000000e-02	2.340470721e+00	-1.551152314e-02	2.150871172e-12
-9.340000000e-02	2.340473496e+00	-1.559158342e-02	2.304310917e-12
-9.360000000e-02	2.340476273e+00	-1.567164358e-02	1.428320638e-12
-9.380000000e-02	2.340479054e+00	-1.575170359e-02	2.385543905e-12
-9.400000000e-02	2.340481837e+00	-1.583176347e-02	1.996359239e-12
-9.420000000e-02	2.340484623e+00	-1.591182322e-02	1.875305684e-12
-9.440000000e-02	2.340487411e+00	-1.599188283e-02	1.885506185e-12
-9.460000000e-02	2.340490203e+00	-1.607194231e-02	9.887816839e-13
-9.480000000e-02	2.340492997e+00	-1.615200165e-02	1.653526156e-12
-9.500000000e-02	2.340495793e+00	-1.623206085e-02	1.439513289e-12
-9.520000000e-02	2.340498593e+00	-1.631211992e-02	1.840980671e-12
-9.540000000e-02	2.340501395e+00	-1.639217884e-02	1.217506930e-12
-9.560000000e-02	2.340504201e+00	-1.647223763e-02	1.433576625e-12
-9.580000000e-02	2.340507008e+00	-1.655229628e-02	1.822482379e-12
-9.600000000e-02	2.340509819e+00	-1.663235480e-02	1.904210198e-12
-9.620000000e-02	2.340512632e+00	-1.671241318e-02	1.403973487e-12
-9.640000000e-02	2.340515449e+00	-1.679247141e-02	1.955616658e-12
-9.660000000e-02	2.340518268e+00	-1.687252951e-02	1.622829205e-12
-9.680000000e-02	2.340521089e+00	-1.695258747e-02	2.672752043e-12
-9.700000000e-02	2.340523914e+00	-1.703264529e-02	1.928282239e-12
-9.720000000e-02	2.340526741e+00	-1.711270297e-02	1.644943753e-12
-9.740000000e-02	2.340529571e+00	-1.719276052e-02	1.106092855e-12
-9.760000000e-02	2.340532403e+00	-1.727281791e-02	2.408040839e-12
-9.780000000e-02	2.340535239e+00	-1.735287517e-02	1.922709140e-12
-9.800000000e-02	2.340538077e+00	-1.743293229e-02	1.963514315e-12
-9.820000000e-02	2.340540918e+00	-1.751298928e-02	1.529269331e-12
-9.840000000e-02	2.340543762e+00	-1.759304611e-02	1.018744242e-12
-9.860000000e-02	2.340546608e+00	-1.767310281e-02	2.007072653e-12
-9.880000000e-02	2.340549457e+00	-1.775315936e-02	1.764804349e-12
-9.900000000e-02	2.340552309e+00	-1.783321577e-02	2.064609087e-12
-9.920000000e-02	2.340555164e+00	-1.791327203e-02	1.991580612e-12
-9.940000000e-02	2.340558022e+00	-1.799332816e-02	1.744929318e-12
-9.960000000e-02	2.340560882e+00	-1.807338415e-02	2.797395684e-12
-9.980000000e-02	2.340563745e+00	-1.815343998e-02	2.772722953e-12
-1.000000000e-01	2.340566611e+00	-1.823349567e-02	1.868557075e-12
