# epsi_ci     Re(Lambda)      Im(Lambda)      Eq(det), R = 0.40 $\mu$m, $E_p$ = 0.900 eV, modo = 1, $\epsilon_\infty$ = 3.9, $\gamma_{DL}$ = 0.01 eV, solve_det_sinkz_vs_mu.py
0.000000000e+00	2.343443668e+00	2.207745203e-02	2.531617395e-12
-2.000000000e-04	2.343445175e+00	2.199701572e-02	1.608073435e-12
-4.000000000e-04	2.343446686e+00	2.191657941e-02	1.538916125e-12
-6.000000000e-04	2.343448199e+00	2.183614310e-02	3.000720599e-12
-8.000000000e-04	2.343449716e+00	2.175570679e-02	1.839124664e-12
-1.000000000e-03	2.343451235e+00	2.167527049e-02	9.421887348e-13
-1.200000000e-03	2.343452756e+00	2.159483418e-02	1.207710948e-12
-1.400000000e-03	2.343454281e+00	2.151439788e-02	2.306612208e-12
-1.600000000e-03	2.343455808e+00	2.143396158e-02	1.560811405e-12
-1.800000000e-03	2.343457338e+00	2.135352529e-02	1.977554992e-12
-2.000000000e-03	2.343458871e+00	2.127308899e-02	2.192211042e-12
-2.200000000e-03	2.343460407e+00	2.119265271e-02	1.607884409e-12
-2.400000000e-03	2.343461945e+00	2.111221643e-02	1.435043098e-12
-2.600000000e-03	2.343463487e+00	2.103178014e-02	2.949577848e-12
-2.800000000e-03	2.343465031e+00	2.095134387e-02	1.568634952e-12
-3.000000000e-03	2.343466577e+00	2.087090760e-02	1.159038837e-12
-3.200000000e-03	2.343468127e+00	2.079047133e-02	2.000537933e-12
-3.400000000e-03	2.343469679e+00	2.071003508e-02	1.614991362e-12
-3.600000000e-03	2.343471234e+00	2.062959882e-02	5.463920009e-13
-3.800000000e-03	2.343472792e+00	2.054916257e-02	1.161054483e-12
-4.000000000e-03	2.343474353e+00	2.046872633e-02	1.597835700e-12
-4.200000000e-03	2.343475916e+00	2.038829009e-02	9.988021144e-13
-4.400000000e-03	2.343477483e+00	2.030785386e-02	1.715844477e-12
-4.600000000e-03	2.343479052e+00	2.022741764e-02	1.443213228e-12
-4.800000000e-03	2.343480623e+00	2.014698143e-02	1.338504703e-12
-5.000000000e-03	2.343482198e+00	2.006654522e-02	1.272498943e-12
-5.200000000e-03	2.343483775e+00	1.998610902e-02	1.528509137e-12
-5.400000000e-03	2.343485356e+00	1.990567283e-02	1.462014072e-12
-5.600000000e-03	2.343486938e+00	1.982523664e-02	2.208957465e-12
-5.800000000e-03	2.343488524e+00	1.974480047e-02	1.816024291e-12
-6.000000000e-03	2.343490113e+00	1.966436430e-02	1.694228872e-12
-6.200000000e-03	2.343491704e+00	1.958392815e-02	8.459639906e-13
-6.400000000e-03	2.343493298e+00	1.950349200e-02	1.255654353e-12
-6.600000000e-03	2.343494895e+00	1.942305587e-02	2.467901680e-12
-6.800000000e-03	2.343496494e+00	1.934261975e-02	2.468449282e-12
-7.000000000e-03	2.343498097e+00	1.926218363e-02	1.586367958e-12
-7.200000000e-03	2.343499702e+00	1.918174752e-02	2.241564692e-12
-7.400000000e-03	2.343501310e+00	1.910131144e-02	2.216472759e-12
-7.600000000e-03	2.343502921e+00	1.902087536e-02	1.498562191e-12
-7.800000000e-03	2.343504534e+00	1.894043929e-02	2.243982195e-12
-8.000000000e-03	2.343506150e+00	1.886000323e-02	1.349745307e-12
-8.200000000e-03	2.343507769e+00	1.877956719e-02	1.884631680e-12
-8.400000000e-03	2.343509391e+00	1.869913115e-02	1.992015597e-12
-8.600000000e-03	2.343511016e+00	1.861869513e-02	2.688624483e-12
-8.800000000e-03	2.343512643e+00	1.853825912e-02	2.010068907e-12
-9.000000000e-03	2.343514274e+00	1.845782313e-02	1.543107132e-12
-9.200000000e-03	2.343515906e+00	1.837738715e-02	1.366249542e-12
-9.400000000e-03	2.343517542e+00	1.829695119e-02	7.383702423e-13
-9.600000000e-03	2.343519181e+00	1.821651525e-02	2.879466902e-12
-9.800000000e-03	2.343520822e+00	1.813607930e-02	1.129683376e-12
-1.000000000e-02	2.343522466e+00	1.805564338e-02	1.742078426e-12
-1.020000000e-02	2.343524113e+00	1.797520748e-02	1.665196654e-12
-1.040000000e-02	2.343525763e+00	1.789477159e-02	1.614909770e-12
-1.060000000e-02	2.343527415e+00	1.781433571e-02	1.306882047e-12
-1.080000000e-02	2.343529070e+00	1.773389986e-02	1.922462898e-12
-1.100000000e-02	2.343530728e+00	1.765346401e-02	2.398003842e-12
-1.120000000e-02	2.343532389e+00	1.757302819e-02	2.070712021e-12
-1.140000000e-02	2.343534053e+00	1.749259238e-02	1.408572400e-12
-1.160000000e-02	2.343535719e+00	1.741215659e-02	2.870796725e-12
-1.180000000e-02	2.343537388e+00	1.733172081e-02	2.968513021e-12
-1.200000000e-02	2.343539060e+00	1.725128506e-02	1.867323747e-12
-1.220000000e-02	2.343540735e+00	1.717084933e-02	1.560695590e-12
-1.240000000e-02	2.343542412e+00	1.709041360e-02	2.411900010e-12
-1.260000000e-02	2.343544092e+00	1.700997790e-02	1.476794309e-12
-1.280000000e-02	2.343545775e+00	1.692954223e-02	1.992134894e-12
-1.300000000e-02	2.343547461e+00	1.684910656e-02	2.075551994e-12
-1.320000000e-02	2.343549150e+00	1.676867092e-02	1.871329738e-12
-1.340000000e-02	2.343550841e+00	1.668823530e-02	1.353733010e-12
-1.360000000e-02	2.343552535e+00	1.660779970e-02	1.896789185e-12
-1.380000000e-02	2.343554232e+00	1.652736411e-02	8.395429805e-13
-1.400000000e-02	2.343555932e+00	1.644692855e-02	1.449374555e-12
-1.420000000e-02	2.343557634e+00	1.636649302e-02	2.057965177e-12
-1.440000000e-02	2.343559339e+00	1.628605749e-02	1.652774936e-12
-1.460000000e-02	2.343561047e+00	1.620562200e-02	2.089283918e-12
-1.480000000e-02	2.343562758e+00	1.612518652e-02	1.326836199e-12
-1.500000000e-02	2.343564472e+00	1.604475107e-02	2.391211726e-12
-1.520000000e-02	2.343566188e+00	1.596431564e-02	2.083782305e-12
-1.540000000e-02	2.343567907e+00	1.588388023e-02	1.859746863e-12
-1.560000000e-02	2.343569629e+00	1.580344484e-02	1.409331767e-12
-1.580000000e-02	2.343571354e+00	1.572300948e-02	1.975870288e-12
-1.600000000e-02	2.343573081e+00	1.564257414e-02	2.514827687e-12
-1.620000000e-02	2.343574812e+00	1.556213883e-02	2.331746383e-12
-1.640000000e-02	2.343576545e+00	1.548170354e-02	1.937860915e-12
-1.660000000e-02	2.343578280e+00	1.540126828e-02	1.702279818e-12
-1.680000000e-02	2.343580019e+00	1.532083304e-02	1.427356010e-12
-1.700000000e-02	2.343581760e+00	1.524039782e-02	1.819720730e-12
-1.720000000e-02	2.343583505e+00	1.515996263e-02	1.861229204e-12
-1.740000000e-02	2.343585251e+00	1.507952746e-02	1.915455758e-12
-1.760000000e-02	2.343587001e+00	1.499909233e-02	2.028142939e-12
-1.780000000e-02	2.343588754e+00	1.491865721e-02	1.366727704e-12
-1.800000000e-02	2.343590509e+00	1.483822213e-02	2.312902160e-12
-1.820000000e-02	2.343592267e+00	1.475778707e-02	1.025555460e-12
-1.840000000e-02	2.343594028e+00	1.467735204e-02	1.570366057e-12
-1.860000000e-02	2.343595791e+00	1.459691704e-02	1.582112735e-12
-1.880000000e-02	2.343597558e+00	1.451648206e-02	1.879535195e-12
-1.900000000e-02	2.343599327e+00	1.443604711e-02	5.843646194e-13
-1.920000000e-02	2.343601099e+00	1.435561219e-02	1.316309455e-12
-1.940000000e-02	2.343602874e+00	1.427517730e-02	1.205751957e-12
-1.960000000e-02	2.343604651e+00	1.419474244e-02	2.061480311e-12
-1.980000000e-02	2.343606432e+00	1.411430760e-02	2.474725577e-12
-2.000000000e-02	2.343608215e+00	1.403387279e-02	2.047177966e-12
-2.020000000e-02	2.343610001e+00	1.395343802e-02	2.300732798e-12
-2.040000000e-02	2.343611789e+00	1.387300328e-02	1.974866901e-12
-2.060000000e-02	2.343613581e+00	1.379256856e-02	2.467684856e-12
-2.080000000e-02	2.343615375e+00	1.371213388e-02	2.098726466e-12
-2.100000000e-02	2.343617172e+00	1.363169922e-02	1.265496058e-12
-2.120000000e-02	2.343618971e+00	1.355126461e-02	2.921002663e-12
-2.140000000e-02	2.343620774e+00	1.347083001e-02	1.667674334e-12
-2.160000000e-02	2.343622579e+00	1.339039546e-02	1.739797935e-12
-2.180000000e-02	2.343624387e+00	1.330996093e-02	1.695741645e-12
-2.200000000e-02	2.343626198e+00	1.322952643e-02	1.590778111e-12
-2.220000000e-02	2.343628012e+00	1.314909197e-02	8.828777052e-13
-2.240000000e-02	2.343629828e+00	1.306865754e-02	1.577954717e-12
-2.260000000e-02	2.343631648e+00	1.298822315e-02	1.926594018e-12
-2.280000000e-02	2.343633470e+00	1.290778878e-02	1.996243021e-12
-2.300000000e-02	2.343635294e+00	1.282735446e-02	1.629628499e-12
-2.320000000e-02	2.343637122e+00	1.274692017e-02	1.251911407e-12
-2.340000000e-02	2.343638952e+00	1.266648591e-02	2.202605684e-12
-2.360000000e-02	2.343640785e+00	1.258605168e-02	1.223472592e-12
-2.380000000e-02	2.343642621e+00	1.250561749e-02	1.685086133e-12
-2.400000000e-02	2.343644460e+00	1.242518334e-02	2.144455123e-12
-2.420000000e-02	2.343646301e+00	1.234474922e-02	1.309806949e-12
-2.440000000e-02	2.343648146e+00	1.226431514e-02	2.310431084e-12
-2.460000000e-02	2.343649993e+00	1.218388109e-02	1.948954951e-12
-2.480000000e-02	2.343651842e+00	1.210344708e-02	1.125311958e-12
-2.500000000e-02	2.343653695e+00	1.202301310e-02	2.526668243e-12
-2.520000000e-02	2.343655550e+00	1.194257917e-02	1.501175436e-12
-2.540000000e-02	2.343657408e+00	1.186214526e-02	1.640730763e-12
-2.560000000e-02	2.343659269e+00	1.178171140e-02	2.469103479e-12
-2.580000000e-02	2.343661133e+00	1.170127758e-02	1.382052742e-12
-2.600000000e-02	2.343663000e+00	1.162084379e-02	1.288533834e-12
-2.620000000e-02	2.343664869e+00	1.154041004e-02	1.034072219e-12
-2.640000000e-02	2.343666741e+00	1.145997634e-02	2.804120621e-12
-2.660000000e-02	2.343668616e+00	1.137954266e-02	2.155841666e-12
-2.680000000e-02	2.343670493e+00	1.129910903e-02	7.052213618e-13
-2.700000000e-02	2.343672374e+00	1.121867544e-02	2.264010273e-12
-2.720000000e-02	2.343674257e+00	1.113824188e-02	2.215552151e-12
-2.740000000e-02	2.343676143e+00	1.105780837e-02	1.498280990e-12
-2.760000000e-02	2.343678031e+00	1.097737490e-02	1.555438188e-12
-2.780000000e-02	2.343679923e+00	1.089694148e-02	1.124567235e-12
-2.800000000e-02	2.343681817e+00	1.081650809e-02	1.182161906e-12
-2.820000000e-02	2.343683714e+00	1.073607474e-02	2.014836708e-12
-2.840000000e-02	2.343685614e+00	1.065564143e-02	1.552578595e-12
-2.860000000e-02	2.343687517e+00	1.057520817e-02	1.752513903e-12
-2.880000000e-02	2.343689422e+00	1.049477495e-02	2.202550923e-12
-2.900000000e-02	2.343691330e+00	1.041434177e-02	2.513241790e-12
-2.920000000e-02	2.343693241e+00	1.033390863e-02	1.887058395e-12
-2.940000000e-02	2.343695155e+00	1.025347553e-02	2.604842573e-12
-2.960000000e-02	2.343697071e+00	1.017304248e-02	7.018911682e-13
-2.980000000e-02	2.343698991e+00	1.009260947e-02	2.500034736e-12
-3.000000000e-02	2.343700913e+00	1.001217651e-02	2.005988999e-12
-3.020000000e-02	2.343702837e+00	9.931743599e-03	1.619054364e-12
-3.040000000e-02	2.343704765e+00	9.851310724e-03	2.476450568e-12
-3.060000000e-02	2.343706695e+00	9.770877889e-03	1.722504896e-12
-3.080000000e-02	2.343708629e+00	9.690445112e-03	2.560580143e-12
-3.100000000e-02	2.343710565e+00	9.610012365e-03	1.858874530e-12
-3.120000000e-02	2.343712503e+00	9.529579679e-03	2.176785290e-12
-3.140000000e-02	2.343714445e+00	9.449147029e-03	1.179641375e-12
-3.160000000e-02	2.343716389e+00	9.368714427e-03	1.045013845e-12
-3.180000000e-02	2.343718336e+00	9.288281872e-03	8.686639031e-13
-3.200000000e-02	2.343720286e+00	9.207849368e-03	1.888818658e-12
-3.220000000e-02	2.343722239e+00	9.127416904e-03	1.944003155e-12
-3.240000000e-02	2.343724194e+00	9.046984490e-03	1.881447018e-12
-3.260000000e-02	2.343726152e+00	8.966552126e-03	1.254609808e-12
-3.280000000e-02	2.343728113e+00	8.886119806e-03	1.124507972e-12
-3.300000000e-02	2.343730077e+00	8.805687534e-03	2.471631811e-12
-3.320000000e-02	2.343732044e+00	8.725255316e-03	9.146492995e-13
-3.340000000e-02	2.343734013e+00	8.644823148e-03	1.506651082e-12
-3.360000000e-02	2.343735985e+00	8.564391020e-03	1.825118863e-12
-3.380000000e-02	2.343737960e+00	8.483958949e-03	1.380229021e-12
-3.400000000e-02	2.343739938e+00	8.403526925e-03	1.809463171e-12
-3.420000000e-02	2.343741918e+00	8.323094955e-03	1.727248219e-12
-3.440000000e-02	2.343743901e+00	8.242663030e-03	2.421486479e-12
-3.460000000e-02	2.343745887e+00	8.162231156e-03	2.153789091e-12
-3.480000000e-02	2.343747876e+00	8.081799332e-03	1.566056822e-12
-3.500000000e-02	2.343749867e+00	8.001367568e-03	2.241229741e-12
-3.520000000e-02	2.343751862e+00	7.920935847e-03	2.246904094e-12
-3.540000000e-02	2.343753859e+00	7.840504176e-03	1.644120691e-12
-3.560000000e-02	2.343755859e+00	7.760072558e-03	1.989851719e-12
-3.580000000e-02	2.343757861e+00	7.679641000e-03	1.253332523e-12
-3.600000000e-02	2.343759867e+00	7.599209494e-03	2.617523101e-12
-3.620000000e-02	2.343761875e+00	7.518778026e-03	2.678279209e-12
-3.640000000e-02	2.343763886e+00	7.438346625e-03	1.493214376e-12
-3.660000000e-02	2.343765900e+00	7.357915274e-03	1.416081825e-12
-3.680000000e-02	2.343767916e+00	7.277483982e-03	1.466216015e-12
-3.700000000e-02	2.343769936e+00	7.197052737e-03	2.392540230e-12
-3.720000000e-02	2.343771958e+00	7.116621544e-03	2.449624969e-12
-3.740000000e-02	2.343773983e+00	7.036190411e-03	1.633663888e-12
-3.760000000e-02	2.343776010e+00	6.955759332e-03	1.764684688e-12
-3.780000000e-02	2.343778041e+00	6.875328313e-03	2.414645129e-12
-3.800000000e-02	2.343780074e+00	6.794897345e-03	1.186513112e-12
-3.820000000e-02	2.343782110e+00	6.714466433e-03	1.370762076e-12
-3.840000000e-02	2.343784149e+00	6.634035571e-03	1.872278126e-12
-3.860000000e-02	2.343786190e+00	6.553604778e-03	1.786266074e-12
-3.880000000e-02	2.343788235e+00	6.473174028e-03	1.932774653e-12
-3.900000000e-02	2.343790282e+00	6.392743345e-03	1.888557579e-12
-3.920000000e-02	2.343792332e+00	6.312312720e-03	2.763289236e-12
-3.940000000e-02	2.343794385e+00	6.231882144e-03	9.341129954e-13
-3.960000000e-02	2.343796440e+00	6.151451629e-03	1.273902017e-12
-3.980000000e-02	2.343798498e+00	6.071021176e-03	1.246771581e-12
-4.000000000e-02	2.343800559e+00	5.990590775e-03	2.681475868e-12
-4.020000000e-02	2.343802623e+00	5.910160444e-03	1.961334877e-12
-4.040000000e-02	2.343804690e+00	5.829730159e-03	3.210651526e-12
-4.060000000e-02	2.343806759e+00	5.749299944e-03	1.564590463e-12
-4.080000000e-02	2.343808831e+00	5.668869779e-03	9.959418996e-13
-4.100000000e-02	2.343810906e+00	5.588439683e-03	1.932099099e-12
-4.120000000e-02	2.343812984e+00	5.508009640e-03	1.450338075e-12
-4.140000000e-02	2.343815064e+00	5.427579660e-03	1.742475404e-12
-4.160000000e-02	2.343817147e+00	5.347149741e-03	1.788124295e-12
-4.180000000e-02	2.343819233e+00	5.266719880e-03	1.869270406e-12
-4.200000000e-02	2.343821322e+00	5.186290089e-03	1.750391457e-12
-4.220000000e-02	2.343823414e+00	5.105860347e-03	1.804955469e-12
-4.240000000e-02	2.343825508e+00	5.025430679e-03	1.454805615e-12
-4.260000000e-02	2.343827605e+00	4.945001064e-03	1.587512560e-12
-4.280000000e-02	2.343829705e+00	4.864571520e-03	2.719167417e-12
-4.300000000e-02	2.343831808e+00	4.784142032e-03	2.089199072e-12
-4.320000000e-02	2.343833914e+00	4.703712605e-03	1.530653628e-12
-4.340000000e-02	2.343836022e+00	4.623283250e-03	1.801983782e-12
-4.360000000e-02	2.343838133e+00	4.542853949e-03	2.234544824e-12
-4.380000000e-02	2.343840247e+00	4.462424717e-03	1.679358540e-12
-4.400000000e-02	2.343842363e+00	4.381995555e-03	1.836728914e-12
-4.420000000e-02	2.343844483e+00	4.301566454e-03	2.405329977e-12
-4.440000000e-02	2.343846605e+00	4.221137408e-03	1.790795609e-12
-4.460000000e-02	2.343848730e+00	4.140708436e-03	1.854827369e-12
-4.480000000e-02	2.343850857e+00	4.060279527e-03	1.091175409e-12
-4.500000000e-02	2.343852988e+00	3.979850685e-03	9.864300158e-13
-4.520000000e-02	2.343855121e+00	3.899421910e-03	2.001808627e-12
-4.540000000e-02	2.343857257e+00	3.818993198e-03	2.651869542e-12
-4.560000000e-02	2.343859396e+00	3.738564559e-03	1.356398183e-12
-4.580000000e-02	2.343861538e+00	3.658135983e-03	2.365821431e-12
-4.600000000e-02	2.343863682e+00	3.577707475e-03	2.638366047e-12
-4.620000000e-02	2.343865829e+00	3.497279028e-03	1.569427924e-12
-4.640000000e-02	2.343867979e+00	3.416850656e-03	1.766474622e-12
-4.660000000e-02	2.343870132e+00	3.336422351e-03	3.154031867e-12
-4.680000000e-02	2.343872287e+00	3.255994110e-03	1.919014094e-12
-4.700000000e-02	2.343874446e+00	3.175565940e-03	1.529862898e-12
-4.720000000e-02	2.343876607e+00	3.095137837e-03	2.307676153e-12
-4.740000000e-02	2.343878771e+00	3.014709808e-03	1.515863302e-12
-4.760000000e-02	2.343880937e+00	2.934281843e-03	9.318836724e-13
-4.780000000e-02	2.343883107e+00	2.853853954e-03	1.991526565e-12
-4.800000000e-02	2.343885279e+00	2.773426127e-03	1.894564814e-12
-4.820000000e-02	2.343887454e+00	2.692998374e-03	1.493949557e-12
-4.840000000e-02	2.343889631e+00	2.612570696e-03	1.670746607e-12
-4.860000000e-02	2.343891812e+00	2.532143079e-03	1.710892187e-12
-4.880000000e-02	2.343893995e+00	2.451715546e-03	1.932019353e-12
-4.900000000e-02	2.343896181e+00	2.371288070e-03	2.205759076e-12
-4.920000000e-02	2.343898370e+00	2.290860680e-03	1.818394190e-12
-4.940000000e-02	2.343900562e+00	2.210433358e-03	2.539916237e-12
-4.960000000e-02	2.343902756e+00	2.130006102e-03	7.464531443e-13
-4.980000000e-02	2.343904953e+00	2.049578924e-03	2.436402138e-12
-5.000000000e-02	2.343907153e+00	1.969151813e-03	1.527081346e-12
-5.020000000e-02	2.343909356e+00	1.888724782e-03	1.209993115e-12
-5.040000000e-02	2.343911562e+00	1.808297819e-03	1.494744324e-12
-5.060000000e-02	2.343913770e+00	1.727870932e-03	1.792228830e-12
-5.080000000e-02	2.343915981e+00	1.647444122e-03	1.057589989e-12
-5.100000000e-02	2.343918195e+00	1.567017386e-03	1.530465579e-12
-5.120000000e-02	2.343920411e+00	1.486590723e-03	1.524787013e-12
-5.140000000e-02	2.343922631e+00	1.406164132e-03	1.325085213e-12
-5.160000000e-02	2.343924853e+00	1.325737621e-03	1.564232665e-12
-5.180000000e-02	2.343927078e+00	1.245311185e-03	1.745515795e-12
-5.200000000e-02	2.343929306e+00	1.164884821e-03	7.809246631e-13
-5.220000000e-02	2.343931536e+00	1.084458537e-03	2.002346884e-12
-5.240000000e-02	2.343933770e+00	1.004032327e-03	2.371320168e-12
-5.260000000e-02	2.343936006e+00	9.236061941e-04	2.073927153e-12
-5.280000000e-02	2.343938244e+00	8.431801366e-04	1.288015024e-12
-5.300000000e-02	2.343940486e+00	7.627541581e-04	1.409591094e-12
-5.320000000e-02	2.343942731e+00	6.823282610e-04	2.747274009e-12
-5.340000000e-02	2.343944978e+00	6.019024391e-04	1.764393500e-12
-5.360000000e-02	2.343947228e+00	5.214766927e-04	2.152758619e-12
-5.380000000e-02	2.343949480e+00	4.410510248e-04	1.146908759e-12
-5.400000000e-02	2.343951736e+00	3.606254376e-04	1.695781362e-12
-5.420000000e-02	2.343953994e+00	2.801999315e-04	2.373630222e-12
-5.440000000e-02	2.343956255e+00	1.997744974e-04	2.066010940e-12
-5.460000000e-02	2.343958519e+00	1.193491473e-04	1.652441600e-12
-5.480000000e-02	2.343960786e+00	3.892387552e-05	1.633800676e-12
-5.500000000e-02	2.343963055e+00	-4.150131036e-05	1.453091613e-12
-5.520000000e-02	2.343965327e+00	-1.219264247e-04	1.694686021e-12
-5.540000000e-02	2.343967602e+00	-2.023514509e-04	1.672709473e-12
-5.560000000e-02	2.343969880e+00	-2.827763994e-04	2.073386716e-12
-5.580000000e-02	2.343972161e+00	-3.632012636e-04	8.564827322e-13
-5.600000000e-02	2.343974444e+00	-4.436260500e-04	1.351511527e-12
-5.620000000e-02	2.343976730e+00	-5.240507504e-04	1.105153947e-12
-5.640000000e-02	2.343979019e+00	-6.044753733e-04	2.061328907e-12
-5.660000000e-02	2.343981311e+00	-6.848999107e-04	1.519146268e-12
-5.680000000e-02	2.343983605e+00	-7.653243653e-04	1.558641220e-12
-5.700000000e-02	2.343985902e+00	-8.457487379e-04	1.416783518e-12
-5.720000000e-02	2.343988202e+00	-9.261730308e-04	2.271420786e-12
-5.740000000e-02	2.343990505e+00	-1.006597238e-03	1.942783939e-12
-5.760000000e-02	2.343992810e+00	-1.087021354e-03	1.833369453e-12
-5.780000000e-02	2.343995119e+00	-1.167445392e-03	1.655905967e-12
-5.800000000e-02	2.343997430e+00	-1.247869346e-03	9.023871348e-13
-5.820000000e-02	2.343999744e+00	-1.328293215e-03	1.258557050e-12
-5.840000000e-02	2.344002060e+00	-1.408716996e-03	1.863443593e-12
-5.860000000e-02	2.344004380e+00	-1.489140694e-03	1.539980876e-12
-5.880000000e-02	2.344006702e+00	-1.569564308e-03	1.588749180e-12
-5.900000000e-02	2.344009027e+00	-1.649987833e-03	1.526568353e-12
-5.920000000e-02	2.344011355e+00	-1.730411274e-03	1.378087612e-12
-5.940000000e-02	2.344013685e+00	-1.810834623e-03	3.323164364e-12
-5.960000000e-02	2.344016019e+00	-1.891257899e-03	1.859642229e-12
-5.980000000e-02	2.344018355e+00	-1.971681076e-03	1.034248657e-12
-6.000000000e-02	2.344020693e+00	-2.052104166e-03	2.196332042e-12
-6.020000000e-02	2.344023035e+00	-2.132527172e-03	1.673488832e-12
-6.040000000e-02	2.344025380e+00	-2.212950092e-03	1.881688071e-12
-6.060000000e-02	2.344027727e+00	-2.293372920e-03	1.563319471e-12
-6.080000000e-02	2.344030077e+00	-2.373795654e-03	1.647911416e-12
-6.100000000e-02	2.344032429e+00	-2.454218308e-03	1.879696615e-12
-6.120000000e-02	2.344034785e+00	-2.534640871e-03	2.538489467e-12
-6.140000000e-02	2.344037143e+00	-2.615063345e-03	2.142633474e-12
-6.160000000e-02	2.344039504e+00	-2.695485726e-03	5.939479019e-13
-6.180000000e-02	2.344041868e+00	-2.775908021e-03	1.704209377e-12
-6.200000000e-02	2.344044235e+00	-2.856330219e-03	1.186857983e-12
-6.220000000e-02	2.344046604e+00	-2.936752332e-03	1.925212246e-12
-6.240000000e-02	2.344048976e+00	-3.017174350e-03	2.684109082e-12
-6.260000000e-02	2.344051351e+00	-3.097596286e-03	1.200786255e-12
-6.280000000e-02	2.344053729e+00	-3.178018126e-03	1.336438744e-12
-6.300000000e-02	2.344056110e+00	-3.258439872e-03	1.154056315e-12
-6.320000000e-02	2.344058493e+00	-3.338861525e-03	1.049610464e-12
-6.340000000e-02	2.344060879e+00	-3.419283087e-03	9.768535830e-13
-6.360000000e-02	2.344063268e+00	-3.499704555e-03	2.291632531e-12
-6.380000000e-02	2.344065660e+00	-3.580125938e-03	1.963302948e-12
-6.400000000e-02	2.344068054e+00	-3.660547216e-03	1.341137968e-12
-6.420000000e-02	2.344070451e+00	-3.740968412e-03	1.544552094e-12
-6.440000000e-02	2.344072851e+00	-3.821389508e-03	1.725506270e-12
-6.460000000e-02	2.344075254e+00	-3.901810505e-03	1.518095660e-12
-6.480000000e-02	2.344077659e+00	-3.982231413e-03	1.983221246e-12
-6.500000000e-02	2.344080068e+00	-4.062652228e-03	1.642250859e-12
-6.520000000e-02	2.344082479e+00	-4.143072953e-03	2.193986194e-12
-6.540000000e-02	2.344084893e+00	-4.223493576e-03	2.310480718e-12
-6.560000000e-02	2.344087309e+00	-4.303914102e-03	2.482997597e-12
-6.580000000e-02	2.344089729e+00	-4.384334533e-03	1.714050540e-12
-6.600000000e-02	2.344092151e+00	-4.464754875e-03	2.547268696e-12
-6.620000000e-02	2.344094576e+00	-4.545175107e-03	1.524202998e-12
-6.640000000e-02	2.344097004e+00	-4.625595255e-03	2.218712879e-12
-6.660000000e-02	2.344099434e+00	-4.706015300e-03	1.878430102e-12
-6.680000000e-02	2.344101867e+00	-4.786435244e-03	2.479233416e-12
-6.700000000e-02	2.344104304e+00	-4.866855097e-03	1.988222648e-12
-6.720000000e-02	2.344106742e+00	-4.947274852e-03	1.317384585e-12
-6.740000000e-02	2.344109184e+00	-5.027694508e-03	1.462931431e-12
-6.760000000e-02	2.344111628e+00	-5.108114063e-03	2.332125304e-12
-6.780000000e-02	2.344114076e+00	-5.188533530e-03	1.809552812e-12
-6.800000000e-02	2.344116526e+00	-5.268952884e-03	2.050725005e-12
-6.820000000e-02	2.344118978e+00	-5.349372148e-03	2.779899993e-12
-6.840000000e-02	2.344121434e+00	-5.429791311e-03	1.667523949e-12
-6.860000000e-02	2.344123892e+00	-5.510210371e-03	1.468089130e-12
-6.880000000e-02	2.344126353e+00	-5.590629332e-03	1.349108047e-12
-6.900000000e-02	2.344128817e+00	-5.671048188e-03	2.404726504e-12
-6.920000000e-02	2.344131284e+00	-5.751466947e-03	1.800860266e-12
-6.940000000e-02	2.344133753e+00	-5.831885606e-03	1.625882687e-12
-6.960000000e-02	2.344136225e+00	-5.912304163e-03	2.443170219e-12
-6.980000000e-02	2.344138700e+00	-5.992722624e-03	1.782087271e-12
-7.000000000e-02	2.344141178e+00	-6.073140981e-03	1.670308668e-12
-7.020000000e-02	2.344143658e+00	-6.153559229e-03	2.846469914e-12
-7.040000000e-02	2.344146142e+00	-6.233977376e-03	1.798047148e-12
-7.060000000e-02	2.344148628e+00	-6.314395424e-03	1.504665844e-12
-7.080000000e-02	2.344151117e+00	-6.394813375e-03	2.141921055e-12
-7.100000000e-02	2.344153608e+00	-6.475231214e-03	1.479423858e-12
-7.120000000e-02	2.344156103e+00	-6.555648951e-03	2.411719530e-12
-7.140000000e-02	2.344158600e+00	-6.636066585e-03	2.148196934e-12
-7.160000000e-02	2.344161100e+00	-6.716484108e-03	2.105998590e-12
-7.180000000e-02	2.344163602e+00	-6.796901539e-03	1.653969704e-12
-7.200000000e-02	2.344166108e+00	-6.877318852e-03	1.970967914e-12
-7.220000000e-02	2.344168616e+00	-6.957736071e-03	1.326501986e-12
-7.240000000e-02	2.344171127e+00	-7.038153177e-03	1.866373773e-12
-7.260000000e-02	2.344173641e+00	-7.118570183e-03	1.336280028e-12
-7.280000000e-02	2.344176158e+00	-7.198987080e-03	1.710315728e-12
-7.300000000e-02	2.344178677e+00	-7.279403871e-03	2.101426296e-12
-7.320000000e-02	2.344181199e+00	-7.359820559e-03	2.042941017e-12
-7.340000000e-02	2.344183724e+00	-7.440237141e-03	2.460632580e-12
-7.360000000e-02	2.344186252e+00	-7.520653612e-03	1.490284503e-12
-7.380000000e-02	2.344188782e+00	-7.601069971e-03	1.929200731e-12
-7.400000000e-02	2.344191316e+00	-7.681486229e-03	1.063641034e-12
-7.420000000e-02	2.344193852e+00	-7.761902380e-03	1.322419345e-12
-7.440000000e-02	2.344196390e+00	-7.842318419e-03	2.568671108e-12
-7.460000000e-02	2.344198932e+00	-7.922734357e-03	2.124366508e-12
-7.480000000e-02	2.344201476e+00	-8.003150181e-03	2.867371964e-12
-7.500000000e-02	2.344204024e+00	-8.083565892e-03	9.294511160e-13
-7.520000000e-02	2.344206573e+00	-8.163981495e-03	1.647493323e-12
-7.540000000e-02	2.344209126e+00	-8.244396988e-03	2.750219677e-12
-7.560000000e-02	2.344211682e+00	-8.324812376e-03	1.959977454e-12
-7.580000000e-02	2.344214240e+00	-8.405227653e-03	1.626963404e-12
-7.600000000e-02	2.344216801e+00	-8.485642813e-03	1.847788109e-12
-7.620000000e-02	2.344219365e+00	-8.566057869e-03	2.316342403e-12
-7.640000000e-02	2.344221931e+00	-8.646472807e-03	2.439486242e-12
-7.660000000e-02	2.344224501e+00	-8.726887640e-03	1.890089140e-12
-7.680000000e-02	2.344227073e+00	-8.807302360e-03	2.632750229e-12
-7.700000000e-02	2.344229648e+00	-8.887716970e-03	9.027611379e-13
-7.720000000e-02	2.344232225e+00	-8.968131466e-03	1.484817663e-12
-7.740000000e-02	2.344234806e+00	-9.048545850e-03	1.905386297e-12
-7.760000000e-02	2.344237389e+00	-9.128960114e-03	2.331967214e-12
-7.780000000e-02	2.344239975e+00	-9.209374269e-03	2.408898457e-12
-7.800000000e-02	2.344242564e+00	-9.289788319e-03	1.213177511e-12
-7.820000000e-02	2.344245155e+00	-9.370202250e-03	1.979084655e-12
-7.840000000e-02	2.344247750e+00	-9.450616064e-03	1.018433956e-12
-7.860000000e-02	2.344250347e+00	-9.531029764e-03	1.991944474e-12
-7.880000000e-02	2.344252947e+00	-9.611443352e-03	1.431869817e-12
-7.900000000e-02	2.344255549e+00	-9.691856821e-03	1.369995544e-12
-7.920000000e-02	2.344258155e+00	-9.772270182e-03	1.688750647e-12
-7.940000000e-02	2.344260763e+00	-9.852683421e-03	2.359926336e-12
-7.960000000e-02	2.344263374e+00	-9.933096545e-03	1.576791823e-12
-7.980000000e-02	2.344265988e+00	-1.001350956e-02	2.154068352e-12
-8.000000000e-02	2.344268604e+00	-1.009392245e-02	1.230892026e-12
-8.020000000e-02	2.344271224e+00	-1.017433523e-02	1.534154433e-12
-8.040000000e-02	2.344273846e+00	-1.025474789e-02	2.210004490e-12
-8.060000000e-02	2.344276471e+00	-1.033516043e-02	2.130141002e-12
-8.080000000e-02	2.344279098e+00	-1.041557286e-02	1.709140414e-12
-8.100000000e-02	2.344281729e+00	-1.049598516e-02	2.080875452e-12
-8.120000000e-02	2.344284362e+00	-1.057639735e-02	2.598003842e-12
-8.140000000e-02	2.344286998e+00	-1.065680942e-02	2.042418974e-12
-8.160000000e-02	2.344289637e+00	-1.073722137e-02	1.341362085e-12
-8.180000000e-02	2.344292278e+00	-1.081763321e-02	2.544430849e-12
-8.200000000e-02	2.344294923e+00	-1.089804492e-02	1.799913008e-12
-8.220000000e-02	2.344297570e+00	-1.097845652e-02	1.284781576e-12
-8.240000000e-02	2.344300220e+00	-1.105886799e-02	1.839768425e-12
-8.260000000e-02	2.344302872e+00	-1.113927935e-02	1.851188434e-12
-8.280000000e-02	2.344305528e+00	-1.121969058e-02	2.008604291e-12
-8.300000000e-02	2.344308186e+00	-1.130010169e-02	1.990387455e-12
-8.320000000e-02	2.344310847e+00	-1.138051269e-02	1.461557266e-12
-8.340000000e-02	2.344313511e+00	-1.146092356e-02	2.910879732e-12
-8.360000000e-02	2.344316177e+00	-1.154133431e-02	2.004825145e-12
-8.380000000e-02	2.344318846e+00	-1.162174494e-02	1.650392348e-12
-8.400000000e-02	2.344321518e+00	-1.170215545e-02	2.041999493e-12
-8.420000000e-02	2.344324193e+00	-1.178256583e-02	2.166874261e-12
-8.440000000e-02	2.344326871e+00	-1.186297609e-02	1.259881183e-12
-8.460000000e-02	2.344329551e+00	-1.194338623e-02	2.207815724e-12
-8.480000000e-02	2.344332234e+00	-1.202379624e-02	2.266658182e-12
-8.500000000e-02	2.344334920e+00	-1.210420613e-02	1.794771169e-12
-8.520000000e-02	2.344337609e+00	-1.218461591e-02	1.171994427e-12
-8.540000000e-02	2.344340301e+00	-1.226502555e-02	2.309359134e-12
-8.560000000e-02	2.344342995e+00	-1.234543507e-02	1.221904053e-12
-8.580000000e-02	2.344345692e+00	-1.242584446e-02	2.119995199e-12
-8.600000000e-02	2.344348392e+00	-1.250625373e-02	1.981733999e-12
-8.620000000e-02	2.344351094e+00	-1.258666288e-02	2.244487461e-12
-8.640000000e-02	2.344353800e+00	-1.266707190e-02	7.891903693e-13
-8.660000000e-02	2.344356508e+00	-1.274748079e-02	1.374881400e-12
-8.680000000e-02	2.344359219e+00	-1.282788956e-02	2.369430272e-12
-8.700000000e-02	2.344361932e+00	-1.290829820e-02	2.171005921e-12
-8.720000000e-02	2.344364649e+00	-1.298870671e-02	1.298257244e-12
-8.740000000e-02	2.344367368e+00	-1.306911510e-02	2.056578020e-12
-8.760000000e-02	2.344370090e+00	-1.314952336e-02	8.165256770e-13
-8.780000000e-02	2.344372815e+00	-1.322993149e-02	2.475132741e-12
-8.800000000e-02	2.344375543e+00	-1.331033949e-02	2.017424581e-12
-8.820000000e-02	2.344378273e+00	-1.339074737e-02	1.828299408e-12
-8.840000000e-02	2.344381006e+00	-1.347115512e-02	2.321747122e-12
-8.860000000e-02	2.344383742e+00	-1.355156274e-02	1.274625540e-12
-8.880000000e-02	2.344386481e+00	-1.363197023e-02	1.789464467e-12
-8.900000000e-02	2.344389222e+00	-1.371237759e-02	2.247628023e-12
-8.920000000e-02	2.344391966e+00	-1.379278482e-02	1.113883325e-12
-8.940000000e-02	2.344394713e+00	-1.387319192e-02	2.323176671e-12
-8.960000000e-02	2.344397463e+00	-1.395359889e-02	1.384929840e-12
-8.980000000e-02	2.344400216e+00	-1.403400573e-02	1.918177910e-12
-9.000000000e-02	2.344402971e+00	-1.411441244e-02	1.810427872e-12
-9.020000000e-02	2.344405729e+00	-1.419481902e-02	8.106450633e-13
-9.040000000e-02	2.344408490e+00	-1.427522546e-02	1.603492037e-12
-9.060000000e-02	2.344411253e+00	-1.435563178e-02	1.573484300e-12
-9.080000000e-02	2.344414020e+00	-1.443603796e-02	2.730366309e-12
-9.100000000e-02	2.344416789e+00	-1.451644402e-02	2.226184292e-12
-9.120000000e-02	2.344419561e+00	-1.459684994e-02	1.486590580e-12
-9.140000000e-02	2.344422336e+00	-1.467725573e-02	1.870458205e-12
-9.160000000e-02	2.344425113e+00	-1.475766138e-02	8.605719995e-13
-9.180000000e-02	2.344427894e+00	-1.483806690e-02	9.658840945e-13
-9.200000000e-02	2.344430677e+00	-1.491847228e-02	1.280383149e-12
-9.220000000e-02	2.344433463e+00	-1.499887753e-02	2.221926641e-12
-9.240000000e-02	2.344436251e+00	-1.507928266e-02	1.712453560e-12
-9.260000000e-02	2.344439043e+00	-1.515968764e-02	1.364575477e-12
-9.280000000e-02	2.344441837e+00	-1.524009249e-02	1.848511438e-12
-9.300000000e-02	2.344444634e+00	-1.532049720e-02	2.073128195e-12
-9.320000000e-02	2.344447433e+00	-1.540090178e-02	1.923930819e-12
-9.340000000e-02	2.344450236e+00	-1.548130622e-02	1.718172743e-12
-9.360000000e-02	2.344453041e+00	-1.556171053e-02	2.672187325e-12
-9.380000000e-02	2.344455849e+00	-1.564211470e-02	2.440514654e-12
-9.400000000e-02	2.344458660e+00	-1.572251873e-02	1.134480332e-12
-9.420000000e-02	2.344461474e+00	-1.580292264e-02	2.344019250e-12
-9.440000000e-02	2.344464290e+00	-1.588332639e-02	1.791423343e-12
-9.460000000e-02	2.344467109e+00	-1.596373001e-02	1.337343088e-12
-9.480000000e-02	2.344469931e+00	-1.604413350e-02	1.196264496e-12
-9.500000000e-02	2.344472756e+00	-1.612453685e-02	2.197593223e-12
-9.520000000e-02	2.344475583e+00	-1.620494006e-02	9.223532498e-13
-9.540000000e-02	2.344478413e+00	-1.628534313e-02	1.382169283e-12
-9.560000000e-02	2.344481246e+00	-1.636574606e-02	1.525135997e-12
-9.580000000e-02	2.344484082e+00	-1.644614885e-02	1.472065401e-12
-9.600000000e-02	2.344486921e+00	-1.652655150e-02	1.822986009e-12
-9.620000000e-02	2.344489762e+00	-1.660695402e-02	1.491935030e-12
-9.640000000e-02	2.344492606e+00	-1.668735639e-02	1.649041316e-12
-9.660000000e-02	2.344495453e+00	-1.676775863e-02	1.621156584e-12
-9.680000000e-02	2.344498303e+00	-1.684816071e-02	2.152831702e-12
-9.700000000e-02	2.344501155e+00	-1.692856267e-02	2.241219168e-12
-9.720000000e-02	2.344504010e+00	-1.700896448e-02	9.062522241e-13
-9.740000000e-02	2.344506868e+00	-1.708936615e-02	2.577760809e-12
-9.760000000e-02	2.344509729e+00	-1.716976768e-02	3.000754799e-12
-9.780000000e-02	2.344512593e+00	-1.725016907e-02	2.331174358e-12
-9.800000000e-02	2.344515459e+00	-1.733057031e-02	1.066617014e-12
-9.820000000e-02	2.344518328e+00	-1.741097141e-02	1.151412400e-12
-9.840000000e-02	2.344521200e+00	-1.749137236e-02	7.238525126e-13
-9.860000000e-02	2.344524074e+00	-1.757177317e-02	1.844623858e-12
-9.880000000e-02	2.344526952e+00	-1.765217385e-02	1.680797709e-12
-9.900000000e-02	2.344529832e+00	-1.773257437e-02	1.890848263e-12
-9.920000000e-02	2.344532715e+00	-1.781297476e-02	1.309929118e-12
-9.940000000e-02	2.344535601e+00	-1.789337500e-02	1.538198927e-12
-9.960000000e-02	2.344538489e+00	-1.797377509e-02	1.921352598e-12
-9.980000000e-02	2.344541380e+00	-1.805417504e-02	1.818692069e-12
-1.000000000e-01	2.344544274e+00	-1.813457485e-02	2.184939713e-12
