# epsi_ci     Re(Lambda)      Im(Lambda)      Eq(det), R = 0.40 $\mu$m, $E_p$ = 0.900 eV, modo = 1, $\epsilon_\infty$ = 3.9, $\gamma_{DL}$ = 0.01 eV, solve_det_sinkz_vs_mu.py
0.000000000e+00	2.341550943e+00	2.193813360e-02	9.380247799e-13
-2.000000000e-04	2.341552442e+00	2.185785517e-02	1.586872567e-12
-4.000000000e-04	2.341553944e+00	2.177757674e-02	1.603953503e-12
-6.000000000e-04	2.341555448e+00	2.169729831e-02	2.576881959e-12
-8.000000000e-04	2.341556956e+00	2.161701989e-02	1.552083840e-12
-1.000000000e-03	2.341558466e+00	2.153674146e-02	1.303365024e-12
-1.200000000e-03	2.341559979e+00	2.145646304e-02	2.007578832e-12
-1.400000000e-03	2.341561494e+00	2.137618462e-02	1.317703790e-12
-1.600000000e-03	2.341563013e+00	2.129590621e-02	2.006081875e-12
-1.800000000e-03	2.341564534e+00	2.121562779e-02	1.894596356e-12
-2.000000000e-03	2.341566058e+00	2.113534938e-02	2.280334094e-12
-2.200000000e-03	2.341567585e+00	2.105507097e-02	7.974791139e-13
-2.400000000e-03	2.341569114e+00	2.097479256e-02	1.604255056e-12
-2.600000000e-03	2.341570646e+00	2.089451416e-02	1.220766072e-12
-2.800000000e-03	2.341572181e+00	2.081423576e-02	1.915263680e-12
-3.000000000e-03	2.341573719e+00	2.073395737e-02	2.326200302e-12
-3.200000000e-03	2.341575260e+00	2.065367898e-02	1.190634030e-12
-3.400000000e-03	2.341576803e+00	2.057340060e-02	1.199025612e-12
-3.600000000e-03	2.341578349e+00	2.049312223e-02	1.602385378e-12
-3.800000000e-03	2.341579898e+00	2.041284386e-02	1.670362272e-12
-4.000000000e-03	2.341581450e+00	2.033256549e-02	2.298331110e-12
-4.200000000e-03	2.341583004e+00	2.025228713e-02	1.699390176e-12
-4.400000000e-03	2.341584562e+00	2.017200877e-02	1.408751749e-12
-4.600000000e-03	2.341586122e+00	2.009173042e-02	2.891098065e-12
-4.800000000e-03	2.341587684e+00	2.001145209e-02	2.234334351e-12
-5.000000000e-03	2.341589250e+00	1.993117376e-02	1.591593354e-12
-5.200000000e-03	2.341590818e+00	1.985089544e-02	2.082137298e-12
-5.400000000e-03	2.341592389e+00	1.977061712e-02	1.411669378e-12
-5.600000000e-03	2.341593963e+00	1.969033881e-02	2.388984295e-12
-5.800000000e-03	2.341595540e+00	1.961006051e-02	2.183928730e-12
-6.000000000e-03	2.341597119e+00	1.952978223e-02	1.793173987e-12
-6.200000000e-03	2.341598701e+00	1.944950395e-02	2.043129697e-12
-6.400000000e-03	2.341600286e+00	1.936922568e-02	8.572921515e-13
-6.600000000e-03	2.341601874e+00	1.928894742e-02	2.258638981e-12
-6.800000000e-03	2.341603464e+00	1.920866916e-02	1.458863445e-12
-7.000000000e-03	2.341605058e+00	1.912839092e-02	1.737489419e-12
-7.200000000e-03	2.341606654e+00	1.904811269e-02	1.609078495e-12
-7.400000000e-03	2.341608252e+00	1.896783447e-02	1.416045147e-12
-7.600000000e-03	2.341609854e+00	1.888755626e-02	1.629117210e-12
-7.800000000e-03	2.341611458e+00	1.880727807e-02	2.841876518e-12
-8.000000000e-03	2.341613065e+00	1.872699989e-02	1.343120852e-12
-8.200000000e-03	2.341614675e+00	1.864672171e-02	1.470748994e-12
-8.400000000e-03	2.341616288e+00	1.856644355e-02	2.825679525e-12
-8.600000000e-03	2.341617903e+00	1.848616540e-02	1.736516028e-12
-8.800000000e-03	2.341619522e+00	1.840588727e-02	1.385443209e-12
-9.000000000e-03	2.341621143e+00	1.832560914e-02	2.362663984e-12
-9.200000000e-03	2.341622766e+00	1.824533104e-02	1.709465962e-12
-9.400000000e-03	2.341624393e+00	1.816505294e-02	2.345670715e-12
-9.600000000e-03	2.341626022e+00	1.808477486e-02	1.659477692e-12
-9.800000000e-03	2.341627654e+00	1.800449680e-02	2.084808576e-12
-1.000000000e-02	2.341629289e+00	1.792421875e-02	3.020093400e-12
-1.020000000e-02	2.341630926e+00	1.784394071e-02	2.180350279e-12
-1.040000000e-02	2.341632567e+00	1.776366268e-02	2.625731535e-12
-1.060000000e-02	2.341634210e+00	1.768338468e-02	1.833103658e-12
-1.080000000e-02	2.341635856e+00	1.760310669e-02	1.756724590e-12
-1.100000000e-02	2.341637505e+00	1.752282872e-02	1.168876085e-12
-1.120000000e-02	2.341639156e+00	1.744255076e-02	1.470742476e-12
-1.140000000e-02	2.341640810e+00	1.736227282e-02	2.299156658e-12
-1.160000000e-02	2.341642467e+00	1.728199489e-02	1.954933858e-12
-1.180000000e-02	2.341644127e+00	1.720171699e-02	2.859891374e-12
-1.200000000e-02	2.341645790e+00	1.712143910e-02	2.026464449e-12
-1.220000000e-02	2.341647455e+00	1.704116123e-02	2.060670162e-12
-1.240000000e-02	2.341649123e+00	1.696088338e-02	1.442153490e-12
-1.260000000e-02	2.341650794e+00	1.688060554e-02	1.242772869e-12
-1.280000000e-02	2.341652467e+00	1.680032773e-02	2.073455662e-12
-1.300000000e-02	2.341654144e+00	1.672004993e-02	1.654718199e-12
-1.320000000e-02	2.341655823e+00	1.663977215e-02	1.515756830e-12
-1.340000000e-02	2.341657505e+00	1.655949439e-02	1.714278646e-12
-1.360000000e-02	2.341659190e+00	1.647921666e-02	2.380770637e-12
-1.380000000e-02	2.341660877e+00	1.639893894e-02	1.904021176e-12
-1.400000000e-02	2.341662567e+00	1.631866124e-02	1.065511476e-12
-1.420000000e-02	2.341664260e+00	1.623838356e-02	2.504401282e-12
-1.440000000e-02	2.341665956e+00	1.615810591e-02	1.707872843e-12
-1.460000000e-02	2.341667655e+00	1.607782827e-02	7.440227196e-13
-1.480000000e-02	2.341669356e+00	1.599755065e-02	2.383047846e-12
-1.500000000e-02	2.341671060e+00	1.591727306e-02	1.725398060e-12
-1.520000000e-02	2.341672767e+00	1.583699550e-02	1.043967735e-12
-1.540000000e-02	2.341674477e+00	1.575671795e-02	1.512547041e-12
-1.560000000e-02	2.341676189e+00	1.567644043e-02	1.688988042e-12
-1.580000000e-02	2.341677904e+00	1.559616293e-02	1.275588489e-12
-1.600000000e-02	2.341679622e+00	1.551588545e-02	1.991785104e-12
-1.620000000e-02	2.341681343e+00	1.543560799e-02	1.535252235e-12
-1.640000000e-02	2.341683066e+00	1.535533056e-02	2.234138993e-12
-1.660000000e-02	2.341684793e+00	1.527505316e-02	2.037676497e-12
-1.680000000e-02	2.341686522e+00	1.519477577e-02	2.792452075e-12
-1.700000000e-02	2.341688254e+00	1.511449842e-02	7.587102041e-13
-1.720000000e-02	2.341689988e+00	1.503422109e-02	1.191704415e-12
-1.740000000e-02	2.341691725e+00	1.495394379e-02	1.356429369e-12
-1.760000000e-02	2.341693466e+00	1.487366651e-02	1.516443525e-12
-1.780000000e-02	2.341695209e+00	1.479338925e-02	2.680369745e-12
-1.800000000e-02	2.341696954e+00	1.471311202e-02	2.455054275e-12
-1.820000000e-02	2.341698703e+00	1.463283482e-02	2.318113793e-12
-1.840000000e-02	2.341700454e+00	1.455255764e-02	1.932666766e-12
-1.860000000e-02	2.341702208e+00	1.447228050e-02	8.692073094e-13
-1.880000000e-02	2.341703965e+00	1.439200338e-02	2.166830921e-12
-1.900000000e-02	2.341705724e+00	1.431172629e-02	1.793121168e-12
-1.920000000e-02	2.341707486e+00	1.423144922e-02	1.814383134e-12
-1.940000000e-02	2.341709252e+00	1.415117218e-02	1.280721761e-12
-1.960000000e-02	2.341711019e+00	1.407089517e-02	2.166451818e-12
-1.980000000e-02	2.341712790e+00	1.399061819e-02	2.093256379e-12
-2.000000000e-02	2.341714563e+00	1.391034124e-02	1.736304451e-12
-2.020000000e-02	2.341716340e+00	1.383006432e-02	1.935150561e-12
-2.040000000e-02	2.341718118e+00	1.374978743e-02	1.192351069e-12
-2.060000000e-02	2.341719900e+00	1.366951057e-02	1.398223667e-12
-2.080000000e-02	2.341721685e+00	1.358923374e-02	2.377003022e-12
-2.100000000e-02	2.341723472e+00	1.350895694e-02	2.534437876e-12
-2.120000000e-02	2.341725262e+00	1.342868017e-02	1.424232056e-12
-2.140000000e-02	2.341727055e+00	1.334840343e-02	2.445806662e-12
-2.160000000e-02	2.341728850e+00	1.326812673e-02	2.508193026e-12
-2.180000000e-02	2.341730649e+00	1.318785005e-02	1.808852248e-12
-2.200000000e-02	2.341732450e+00	1.310757341e-02	2.332148431e-12
-2.220000000e-02	2.341734254e+00	1.302729679e-02	2.206143294e-12
-2.240000000e-02	2.341736060e+00	1.294702021e-02	1.693239777e-12
-2.260000000e-02	2.341737870e+00	1.286674367e-02	2.522941217e-12
-2.280000000e-02	2.341739682e+00	1.278646715e-02	2.288548033e-12
-2.300000000e-02	2.341741497e+00	1.270619067e-02	1.365968572e-12
-2.320000000e-02	2.341743314e+00	1.262591423e-02	1.731777276e-12
-2.340000000e-02	2.341745135e+00	1.254563782e-02	1.718636033e-12
-2.360000000e-02	2.341746958e+00	1.246536144e-02	1.656653812e-12
-2.380000000e-02	2.341748784e+00	1.238508510e-02	7.905852202e-13
-2.400000000e-02	2.341750613e+00	1.230480879e-02	1.917622462e-12
-2.420000000e-02	2.341752445e+00	1.222453252e-02	1.401105920e-12
-2.440000000e-02	2.341754279e+00	1.214425628e-02	1.917466843e-12
-2.460000000e-02	2.341756116e+00	1.206398008e-02	2.137791488e-12
-2.480000000e-02	2.341757956e+00	1.198370392e-02	1.222875933e-12
-2.500000000e-02	2.341759799e+00	1.190342778e-02	1.310730219e-12
-2.520000000e-02	2.341761644e+00	1.182315169e-02	8.253975994e-13
-2.540000000e-02	2.341763492e+00	1.174287564e-02	1.543488317e-12
-2.560000000e-02	2.341765343e+00	1.166259962e-02	2.256781729e-12
-2.580000000e-02	2.341767197e+00	1.158232364e-02	2.697998032e-12
-2.600000000e-02	2.341769054e+00	1.150204770e-02	1.583006005e-12
-2.620000000e-02	2.341770913e+00	1.142177179e-02	1.999184464e-12
-2.640000000e-02	2.341772775e+00	1.134149592e-02	8.542678929e-13
-2.660000000e-02	2.341774640e+00	1.126122010e-02	1.031787598e-12
-2.680000000e-02	2.341776507e+00	1.118094430e-02	1.747403223e-12
-2.700000000e-02	2.341778378e+00	1.110066856e-02	1.825058638e-12
-2.720000000e-02	2.341780251e+00	1.102039284e-02	2.186248821e-12
-2.740000000e-02	2.341782127e+00	1.094011718e-02	1.992904722e-12
-2.760000000e-02	2.341784005e+00	1.085984154e-02	1.475699165e-12
-2.780000000e-02	2.341785887e+00	1.077956596e-02	2.257641476e-12
-2.800000000e-02	2.341787771e+00	1.069929041e-02	2.300079539e-12
-2.820000000e-02	2.341789658e+00	1.061901490e-02	1.893052113e-12
-2.840000000e-02	2.341791548e+00	1.053873943e-02	1.646258256e-12
-2.860000000e-02	2.341793440e+00	1.045846400e-02	1.812613700e-12
-2.880000000e-02	2.341795336e+00	1.037818862e-02	1.320410321e-12
-2.900000000e-02	2.341797234e+00	1.029791328e-02	1.196987788e-12
-2.920000000e-02	2.341799135e+00	1.021763797e-02	2.489986277e-12
-2.940000000e-02	2.341801038e+00	1.013736272e-02	1.226036386e-12
-2.960000000e-02	2.341802945e+00	1.005708750e-02	1.406125560e-12
-2.980000000e-02	2.341804854e+00	9.976812333e-03	1.393415349e-12
-3.000000000e-02	2.341806766e+00	9.896537210e-03	1.544994913e-12
-3.020000000e-02	2.341808681e+00	9.816262124e-03	2.274758752e-12
-3.040000000e-02	2.341810598e+00	9.735987081e-03	2.128879858e-12
-3.060000000e-02	2.341812518e+00	9.655712093e-03	1.638619022e-12
-3.080000000e-02	2.341814441e+00	9.575437141e-03	2.055954833e-12
-3.100000000e-02	2.341816367e+00	9.495162238e-03	1.573893257e-12
-3.120000000e-02	2.341818296e+00	9.414887376e-03	1.555920530e-12
-3.140000000e-02	2.341820227e+00	9.334612564e-03	1.925708172e-12
-3.160000000e-02	2.341822161e+00	9.254337794e-03	1.540700306e-12
-3.180000000e-02	2.341824098e+00	9.174063072e-03	1.229822996e-12
-3.200000000e-02	2.341826038e+00	9.093788394e-03	1.692937199e-12
-3.220000000e-02	2.341827980e+00	9.013513759e-03	2.551036106e-12
-3.240000000e-02	2.341829925e+00	8.933239182e-03	1.495221971e-12
-3.260000000e-02	2.341831873e+00	8.852964645e-03	1.524057119e-12
-3.280000000e-02	2.341833824e+00	8.772690157e-03	1.659792701e-12
-3.300000000e-02	2.341835777e+00	8.692415721e-03	2.826831350e-12
-3.320000000e-02	2.341837734e+00	8.612141333e-03	2.205145897e-12
-3.340000000e-02	2.341839693e+00	8.531866989e-03	1.820670279e-12
-3.360000000e-02	2.341841655e+00	8.451592694e-03	1.159254134e-12
-3.380000000e-02	2.341843619e+00	8.371318444e-03	2.015513649e-12
-3.400000000e-02	2.341845587e+00	8.291044248e-03	1.443741282e-12
-3.420000000e-02	2.341847557e+00	8.210770104e-03	2.135954413e-12
-3.440000000e-02	2.341849530e+00	8.130496009e-03	2.547824791e-12
-3.460000000e-02	2.341851505e+00	8.050221966e-03	1.930197736e-12
-3.480000000e-02	2.341853484e+00	7.969947969e-03	1.503632423e-12
-3.500000000e-02	2.341855465e+00	7.889674019e-03	1.903316062e-12
-3.520000000e-02	2.341857449e+00	7.809400128e-03	4.489864656e-13
-3.540000000e-02	2.341859436e+00	7.729126285e-03	7.991177804e-13
-3.560000000e-02	2.341861425e+00	7.648852498e-03	1.799634986e-12
-3.580000000e-02	2.341863417e+00	7.568578759e-03	1.770901351e-12
-3.600000000e-02	2.341865412e+00	7.488305072e-03	1.669104783e-12
-3.620000000e-02	2.341867410e+00	7.408031439e-03	2.027385245e-12
-3.640000000e-02	2.341869411e+00	7.327757857e-03	2.281384398e-12
-3.660000000e-02	2.341871414e+00	7.247484326e-03	1.682466116e-12
-3.680000000e-02	2.341873420e+00	7.167210852e-03	1.161253247e-12
-3.700000000e-02	2.341875429e+00	7.086937431e-03	1.806157881e-12
-3.720000000e-02	2.341877441e+00	7.006664059e-03	2.336129106e-12
-3.740000000e-02	2.341879455e+00	6.926390753e-03	2.785664747e-12
-3.760000000e-02	2.341881473e+00	6.846117485e-03	1.593198398e-12
-3.780000000e-02	2.341883493e+00	6.765844283e-03	1.775512896e-12
-3.800000000e-02	2.341885515e+00	6.685571139e-03	1.600903886e-12
-3.820000000e-02	2.341887541e+00	6.605298045e-03	1.254969153e-12
-3.840000000e-02	2.341889569e+00	6.525025003e-03	1.919847857e-12
-3.860000000e-02	2.341891600e+00	6.444752028e-03	2.708013112e-12
-3.880000000e-02	2.341893634e+00	6.364479096e-03	1.539423839e-12
-3.900000000e-02	2.341895671e+00	6.284206230e-03	2.307977860e-12
-3.920000000e-02	2.341897710e+00	6.203933415e-03	3.639465432e-12
-3.940000000e-02	2.341899752e+00	6.123660657e-03	1.445620518e-12
-3.960000000e-02	2.341901797e+00	6.043387961e-03	1.662107837e-12
-3.980000000e-02	2.341903845e+00	5.963115326e-03	2.336811251e-12
-4.000000000e-02	2.341905896e+00	5.882842739e-03	1.419910342e-12
-4.020000000e-02	2.341907949e+00	5.802570213e-03	1.806065260e-12
-4.040000000e-02	2.341910005e+00	5.722297745e-03	3.279586161e-12
-4.060000000e-02	2.341912064e+00	5.642025346e-03	9.077350408e-13
-4.080000000e-02	2.341914125e+00	5.561752996e-03	1.551843266e-12
-4.100000000e-02	2.341916189e+00	5.481480710e-03	2.236191376e-12
-4.120000000e-02	2.341918257e+00	5.401208482e-03	1.502330308e-12
-4.140000000e-02	2.341920326e+00	5.320936317e-03	2.159101083e-12
-4.160000000e-02	2.341922399e+00	5.240664208e-03	2.704039300e-12
-4.180000000e-02	2.341924474e+00	5.160392154e-03	1.996074090e-12
-4.200000000e-02	2.341926553e+00	5.080120174e-03	1.694691434e-12
-4.220000000e-02	2.341928634e+00	4.999848246e-03	9.709820948e-13
-4.240000000e-02	2.341930717e+00	4.919576382e-03	2.596024202e-12
-4.260000000e-02	2.341932804e+00	4.839304582e-03	1.706260898e-12
-4.280000000e-02	2.341934893e+00	4.759032842e-03	1.948982370e-12
-4.300000000e-02	2.341936985e+00	4.678761162e-03	1.488491544e-12
-4.320000000e-02	2.341939080e+00	4.598489549e-03	1.717103387e-12
-4.340000000e-02	2.341941177e+00	4.518217997e-03	1.872971728e-12
-4.360000000e-02	2.341943278e+00	4.437946506e-03	1.595488770e-12
-4.380000000e-02	2.341945381e+00	4.357675082e-03	1.485084700e-12
-4.400000000e-02	2.341947487e+00	4.277403718e-03	1.016292253e-12
-4.420000000e-02	2.341949595e+00	4.197132415e-03	1.887745137e-12
-4.440000000e-02	2.341951707e+00	4.116861188e-03	1.606741371e-12
-4.460000000e-02	2.341953821e+00	4.036590017e-03	9.110800484e-13
-4.480000000e-02	2.341955938e+00	3.956318914e-03	1.572828794e-12
-4.500000000e-02	2.341958058e+00	3.876047870e-03	2.282090326e-12
-4.520000000e-02	2.341960180e+00	3.795776901e-03	1.307765376e-12
-4.540000000e-02	2.341962305e+00	3.715505995e-03	2.217278111e-12
-4.560000000e-02	2.341964434e+00	3.635235152e-03	1.612882470e-12
-4.580000000e-02	2.341966564e+00	3.554964371e-03	2.269525749e-12
-4.600000000e-02	2.341968698e+00	3.474693661e-03	2.968618561e-12
-4.620000000e-02	2.341970834e+00	3.394423025e-03	1.922273752e-12
-4.640000000e-02	2.341972973e+00	3.314152450e-03	1.331210586e-12
-4.660000000e-02	2.341975115e+00	3.233881940e-03	1.681547772e-12
-4.680000000e-02	2.341977260e+00	3.153611503e-03	8.576462412e-13
-4.700000000e-02	2.341979407e+00	3.073341135e-03	1.958326848e-12
-4.720000000e-02	2.341981558e+00	2.993070829e-03	8.390419873e-13
-4.740000000e-02	2.341983711e+00	2.912800597e-03	2.349495188e-12
-4.760000000e-02	2.341985866e+00	2.832530428e-03	1.752094695e-12
-4.780000000e-02	2.341988025e+00	2.752260335e-03	1.933216871e-12
-4.800000000e-02	2.341990186e+00	2.671990310e-03	9.383306039e-13
-4.820000000e-02	2.341992350e+00	2.591720354e-03	2.056067982e-12
-4.840000000e-02	2.341994517e+00	2.511450463e-03	1.688725967e-12
-4.860000000e-02	2.341996687e+00	2.431180647e-03	1.867590759e-12
-4.880000000e-02	2.341998859e+00	2.350910907e-03	2.230193097e-12
-4.900000000e-02	2.342001034e+00	2.270641229e-03	2.061370910e-12
-4.920000000e-02	2.342003212e+00	2.190371625e-03	1.444287136e-12
-4.940000000e-02	2.342005393e+00	2.110102092e-03	2.541682390e-12
-4.960000000e-02	2.342007576e+00	2.029832635e-03	2.349456964e-12
-4.980000000e-02	2.342009762e+00	1.949563249e-03	2.650026261e-12
-5.000000000e-02	2.342011951e+00	1.869293932e-03	1.866223328e-12
-5.020000000e-02	2.342014143e+00	1.789024685e-03	2.853650776e-12
-5.040000000e-02	2.342016338e+00	1.708755522e-03	1.970121501e-12
-5.060000000e-02	2.342018535e+00	1.628486420e-03	1.115404609e-12
-5.080000000e-02	2.342020735e+00	1.548217402e-03	1.537102899e-12
-5.100000000e-02	2.342022938e+00	1.467948445e-03	2.865738272e-12
-5.120000000e-02	2.342025143e+00	1.387679578e-03	1.527453188e-12
-5.140000000e-02	2.342027352e+00	1.307410771e-03	2.049826538e-12
-5.160000000e-02	2.342029563e+00	1.227142052e-03	2.485295477e-12
-5.180000000e-02	2.342031777e+00	1.146873395e-03	1.511555643e-12
-5.200000000e-02	2.342033993e+00	1.066604819e-03	2.107850888e-12
-5.220000000e-02	2.342036213e+00	9.863363225e-04	6.784928847e-13
-5.240000000e-02	2.342038435e+00	9.060679005e-04	1.025551577e-12
-5.260000000e-02	2.342040660e+00	8.257995539e-04	1.484833128e-12
-5.280000000e-02	2.342042888e+00	7.455312756e-04	2.342080925e-12
-5.300000000e-02	2.342045118e+00	6.652630891e-04	2.548361379e-12
-5.320000000e-02	2.342047352e+00	5.849949689e-04	1.651125919e-12
-5.340000000e-02	2.342049588e+00	5.047269244e-04	1.483856465e-12
-5.360000000e-02	2.342051827e+00	4.244589651e-04	2.047951324e-12
-5.380000000e-02	2.342054068e+00	3.441910781e-04	6.386314005e-13
-5.400000000e-02	2.342056313e+00	2.639232761e-04	2.131301253e-12
-5.420000000e-02	2.342058560e+00	1.836555462e-04	9.547076634e-13
-5.440000000e-02	2.342060810e+00	1.033878972e-04	1.588679208e-12
-5.460000000e-02	2.342063062e+00	2.312032138e-05	1.587634184e-12
-5.480000000e-02	2.342065318e+00	-5.714716584e-05	7.108650595e-13
-5.500000000e-02	2.342067576e+00	-1.374145733e-04	2.752333041e-12
-5.520000000e-02	2.342069837e+00	-2.176819046e-04	2.597025672e-12
-5.540000000e-02	2.342072101e+00	-2.979491641e-04	1.573263472e-12
-5.560000000e-02	2.342074367e+00	-3.782163333e-04	1.494507855e-12
-5.580000000e-02	2.342076637e+00	-4.584834259e-04	2.350052993e-12
-5.600000000e-02	2.342078909e+00	-5.387504334e-04	2.103147985e-12
-5.620000000e-02	2.342081184e+00	-6.190173621e-04	2.270013931e-12
-5.640000000e-02	2.342083461e+00	-6.992842090e-04	2.439661319e-12
-5.660000000e-02	2.342085742e+00	-7.795509707e-04	1.420909947e-12
-5.680000000e-02	2.342088025e+00	-8.598176529e-04	8.749344346e-13
-5.700000000e-02	2.342090311e+00	-9.400842484e-04	2.210045861e-12
-5.720000000e-02	2.342092599e+00	-1.020350764e-03	1.571318666e-12
-5.740000000e-02	2.342094891e+00	-1.100617196e-03	2.559988010e-12
-5.760000000e-02	2.342097185e+00	-1.180883549e-03	1.827500709e-12
-5.780000000e-02	2.342099482e+00	-1.261149821e-03	1.931964912e-12
-5.800000000e-02	2.342101782e+00	-1.341415997e-03	1.984594621e-12
-5.820000000e-02	2.342104084e+00	-1.421682100e-03	2.187387257e-12
-5.840000000e-02	2.342106390e+00	-1.501948110e-03	1.814270988e-12
-5.860000000e-02	2.342108698e+00	-1.582214040e-03	2.161030861e-12
-5.880000000e-02	2.342111008e+00	-1.662479887e-03	1.354555840e-12
-5.900000000e-02	2.342113322e+00	-1.742745642e-03	2.013502621e-12
-5.920000000e-02	2.342115638e+00	-1.823011320e-03	1.551289220e-12
-5.940000000e-02	2.342117958e+00	-1.903276902e-03	1.376342923e-12
-5.960000000e-02	2.342120280e+00	-1.983542403e-03	9.796146720e-13
-5.980000000e-02	2.342122604e+00	-2.063807820e-03	1.577009436e-12
-6.000000000e-02	2.342124932e+00	-2.144073147e-03	1.718832933e-12
-6.020000000e-02	2.342127262e+00	-2.224338390e-03	2.310188737e-12
-6.040000000e-02	2.342129595e+00	-2.304603537e-03	1.433484411e-12
-6.060000000e-02	2.342131931e+00	-2.384868605e-03	1.176259683e-12
-6.080000000e-02	2.342134269e+00	-2.465133584e-03	1.796008878e-12
-6.100000000e-02	2.342136611e+00	-2.545398472e-03	1.696557486e-12
-6.120000000e-02	2.342138955e+00	-2.625663270e-03	2.099543837e-12
-6.140000000e-02	2.342141301e+00	-2.705927986e-03	2.174062614e-12
-6.160000000e-02	2.342143651e+00	-2.786192607e-03	1.465058892e-12
-6.180000000e-02	2.342146003e+00	-2.866457136e-03	1.931831707e-12
-6.200000000e-02	2.342148359e+00	-2.946721579e-03	1.815896364e-12
-6.220000000e-02	2.342150717e+00	-3.026985936e-03	1.434015119e-12
-6.240000000e-02	2.342153077e+00	-3.107250192e-03	2.525645213e-12
-6.260000000e-02	2.342155441e+00	-3.187514368e-03	1.624691440e-12
-6.280000000e-02	2.342157807e+00	-3.267778454e-03	1.928269184e-12
-6.300000000e-02	2.342160176e+00	-3.348042440e-03	1.157701548e-12
-6.320000000e-02	2.342162548e+00	-3.428306340e-03	2.053745003e-12
-6.340000000e-02	2.342164922e+00	-3.508570148e-03	1.314699165e-12
-6.360000000e-02	2.342167299e+00	-3.588833860e-03	1.091552329e-12
-6.380000000e-02	2.342169680e+00	-3.669097482e-03	1.949767517e-12
-6.400000000e-02	2.342172062e+00	-3.749361015e-03	1.415378650e-12
-6.420000000e-02	2.342174448e+00	-3.829624456e-03	2.018194174e-12
-6.440000000e-02	2.342176836e+00	-3.909887798e-03	1.888755039e-12
-6.460000000e-02	2.342179228e+00	-3.990151050e-03	2.295767445e-12
-6.480000000e-02	2.342181621e+00	-4.070414201e-03	1.943774959e-12
-6.500000000e-02	2.342184018e+00	-4.150677264e-03	2.531362388e-12
-6.520000000e-02	2.342186418e+00	-4.230940233e-03	1.543064914e-12
-6.540000000e-02	2.342188820e+00	-4.311203113e-03	2.194335456e-12
-6.560000000e-02	2.342191225e+00	-4.391465885e-03	2.205933460e-12
-6.580000000e-02	2.342193633e+00	-4.471728571e-03	1.557697897e-12
-6.600000000e-02	2.342196043e+00	-4.551991162e-03	1.943838691e-12
-6.620000000e-02	2.342198456e+00	-4.632253656e-03	9.575871584e-13
-6.640000000e-02	2.342200872e+00	-4.712516051e-03	1.645688453e-12
-6.660000000e-02	2.342203291e+00	-4.792778351e-03	2.680986470e-12
-6.680000000e-02	2.342205713e+00	-4.873040553e-03	1.019962882e-12
-6.700000000e-02	2.342208137e+00	-4.953302663e-03	1.089228636e-12
-6.720000000e-02	2.342210564e+00	-5.033564675e-03	2.241189732e-12
-6.740000000e-02	2.342212994e+00	-5.113826587e-03	1.936321070e-12
-6.760000000e-02	2.342215427e+00	-5.194088395e-03	1.684328861e-12
-6.780000000e-02	2.342217862e+00	-5.274350115e-03	1.773808715e-12
-6.800000000e-02	2.342220301e+00	-5.354611730e-03	1.634544726e-12
-6.820000000e-02	2.342222742e+00	-5.434873247e-03	1.641444070e-12
-6.840000000e-02	2.342225185e+00	-5.515134672e-03	1.250136828e-12
-6.860000000e-02	2.342227632e+00	-5.595395990e-03	1.503278418e-12
-6.880000000e-02	2.342230081e+00	-5.675657213e-03	1.083155616e-12
-6.900000000e-02	2.342232533e+00	-5.755918331e-03	1.932679970e-12
-6.920000000e-02	2.342234988e+00	-5.836179358e-03	1.460468642e-12
-6.940000000e-02	2.342237446e+00	-5.916440279e-03	1.209313840e-12
-6.960000000e-02	2.342239906e+00	-5.996701096e-03	2.003718275e-12
-6.980000000e-02	2.342242369e+00	-6.076961813e-03	2.524406690e-12
-7.000000000e-02	2.342244835e+00	-6.157222440e-03	2.536456916e-12
-7.020000000e-02	2.342247304e+00	-6.237482952e-03	2.619915552e-12
-7.040000000e-02	2.342249775e+00	-6.317743366e-03	1.117513090e-12
-7.060000000e-02	2.342252249e+00	-6.398003680e-03	9.294802215e-13
-7.080000000e-02	2.342254726e+00	-6.478263891e-03	2.078387247e-12
-7.100000000e-02	2.342257206e+00	-6.558524001e-03	1.071457751e-12
-7.120000000e-02	2.342259689e+00	-6.638784003e-03	1.594103158e-12
-7.140000000e-02	2.342262174e+00	-6.719043907e-03	1.373122107e-12
-7.160000000e-02	2.342264662e+00	-6.799303703e-03	2.099490500e-12
-7.180000000e-02	2.342267153e+00	-6.879563399e-03	2.448480615e-12
-7.200000000e-02	2.342269646e+00	-6.959822990e-03	1.350509625e-12
-7.220000000e-02	2.342272143e+00	-7.040082473e-03	1.675944636e-12
-7.240000000e-02	2.342274642e+00	-7.120341858e-03	1.300196279e-12
-7.260000000e-02	2.342277144e+00	-7.200601129e-03	1.509653385e-12
-7.280000000e-02	2.342279648e+00	-7.280860305e-03	1.384287668e-12
-7.300000000e-02	2.342282156e+00	-7.361119369e-03	6.050045696e-13
-7.320000000e-02	2.342284666e+00	-7.441378328e-03	2.583728751e-12
-7.340000000e-02	2.342287179e+00	-7.521637177e-03	1.570510624e-12
-7.360000000e-02	2.342289695e+00	-7.601895931e-03	2.302591914e-12
-7.380000000e-02	2.342292213e+00	-7.682154564e-03	1.883152544e-12
-7.400000000e-02	2.342294734e+00	-7.762413100e-03	2.605584235e-12
-7.420000000e-02	2.342297258e+00	-7.842671529e-03	1.330722966e-12
-7.440000000e-02	2.342299785e+00	-7.922929848e-03	2.266768346e-12
-7.460000000e-02	2.342302315e+00	-8.003188060e-03	2.772606372e-12
-7.480000000e-02	2.342304847e+00	-8.083446158e-03	2.229302220e-12
-7.500000000e-02	2.342307382e+00	-8.163704152e-03	1.127638190e-12
-7.520000000e-02	2.342309920e+00	-8.243962039e-03	1.576678300e-12
-7.540000000e-02	2.342312461e+00	-8.324219816e-03	2.105895246e-12
-7.560000000e-02	2.342315004e+00	-8.404477477e-03	7.731424769e-13
-7.580000000e-02	2.342317550e+00	-8.484735039e-03	1.816846110e-12
-7.600000000e-02	2.342320099e+00	-8.564992485e-03	1.616685405e-12
-7.620000000e-02	2.342322651e+00	-8.645249821e-03	1.881531311e-12
-7.640000000e-02	2.342325205e+00	-8.725507049e-03	1.257091988e-12
-7.660000000e-02	2.342327763e+00	-8.805764158e-03	2.142737654e-12
-7.680000000e-02	2.342330323e+00	-8.886021164e-03	1.922266166e-12
-7.700000000e-02	2.342332885e+00	-8.966278058e-03	1.476976645e-12
-7.720000000e-02	2.342335451e+00	-9.046534841e-03	1.197014883e-12
-7.740000000e-02	2.342338019e+00	-9.126791514e-03	1.848908262e-12
-7.760000000e-02	2.342340590e+00	-9.207048072e-03	1.330937765e-12
-7.780000000e-02	2.342343164e+00	-9.287304513e-03	1.298231398e-12
-7.800000000e-02	2.342345741e+00	-9.367560847e-03	1.030113130e-12
-7.820000000e-02	2.342348320e+00	-9.447817066e-03	1.580782548e-12
-7.840000000e-02	2.342350902e+00	-9.528073177e-03	1.697955448e-12
-7.860000000e-02	2.342353487e+00	-9.608329171e-03	2.504247138e-12
-7.880000000e-02	2.342356075e+00	-9.688585044e-03	8.574486477e-13
-7.900000000e-02	2.342358665e+00	-9.768840811e-03	1.923660391e-12
-7.920000000e-02	2.342361259e+00	-9.849096462e-03	1.526637677e-12
-7.940000000e-02	2.342363855e+00	-9.929351992e-03	1.384444046e-12
-7.960000000e-02	2.342366453e+00	-1.000960742e-02	1.958912747e-12
-7.980000000e-02	2.342369055e+00	-1.008986272e-02	2.173625959e-12
-8.000000000e-02	2.342371659e+00	-1.017011790e-02	2.555827884e-12
-8.020000000e-02	2.342374266e+00	-1.025037298e-02	1.387566309e-12
-8.040000000e-02	2.342376876e+00	-1.033062794e-02	1.426260996e-12
-8.060000000e-02	2.342379489e+00	-1.041088278e-02	8.502417713e-13
-8.080000000e-02	2.342382104e+00	-1.049113751e-02	2.330427364e-12
-8.100000000e-02	2.342384722e+00	-1.057139211e-02	1.448009300e-12
-8.120000000e-02	2.342387343e+00	-1.065164660e-02	2.420340999e-12
-8.140000000e-02	2.342389967e+00	-1.073190097e-02	2.088598170e-12
-8.160000000e-02	2.342392593e+00	-1.081215523e-02	1.125994298e-12
-8.180000000e-02	2.342395222e+00	-1.089240936e-02	1.783177397e-12
-8.200000000e-02	2.342397854e+00	-1.097266337e-02	1.907043179e-12
-8.220000000e-02	2.342400489e+00	-1.105291727e-02	1.633043725e-12
-8.240000000e-02	2.342403127e+00	-1.113317105e-02	2.153583357e-12
-8.260000000e-02	2.342405767e+00	-1.121342471e-02	1.040610429e-12
-8.280000000e-02	2.342408410e+00	-1.129367825e-02	1.664622335e-12
-8.300000000e-02	2.342411056e+00	-1.137393168e-02	2.059752608e-12
-8.320000000e-02	2.342413704e+00	-1.145418497e-02	1.385324177e-12
-8.340000000e-02	2.342416356e+00	-1.153443815e-02	8.697733440e-13
-8.360000000e-02	2.342419010e+00	-1.161469121e-02	1.474529446e-12
-8.380000000e-02	2.342421667e+00	-1.169494414e-02	1.091057585e-12
-8.400000000e-02	2.342424326e+00	-1.177519697e-02	2.315539151e-12
-8.420000000e-02	2.342426989e+00	-1.185544966e-02	2.181222280e-12
-8.440000000e-02	2.342429654e+00	-1.193570223e-02	1.422785373e-12
-8.460000000e-02	2.342432322e+00	-1.201595468e-02	1.240406330e-12
-8.480000000e-02	2.342434992e+00	-1.209620700e-02	1.100163547e-12
-8.500000000e-02	2.342437666e+00	-1.217645921e-02	1.623489626e-12
-8.520000000e-02	2.342440342e+00	-1.225671129e-02	1.837536072e-12
-8.540000000e-02	2.342443021e+00	-1.233696325e-02	1.912305830e-12
-8.560000000e-02	2.342445703e+00	-1.241721508e-02	2.464053854e-12
-8.580000000e-02	2.342448387e+00	-1.249746679e-02	2.366219177e-12
-8.600000000e-02	2.342451075e+00	-1.257771838e-02	8.072510694e-13
-8.620000000e-02	2.342453765e+00	-1.265796984e-02	8.577384299e-13
-8.640000000e-02	2.342456458e+00	-1.273822118e-02	1.013781231e-12
-8.660000000e-02	2.342459153e+00	-1.281847239e-02	1.157290678e-12
-8.680000000e-02	2.342461852e+00	-1.289872347e-02	1.661052707e-12
-8.700000000e-02	2.342464553e+00	-1.297897443e-02	2.712820501e-12
-8.720000000e-02	2.342467257e+00	-1.305922527e-02	1.889518516e-12
-8.740000000e-02	2.342469963e+00	-1.313947598e-02	2.258472098e-12
-8.760000000e-02	2.342472673e+00	-1.321972656e-02	1.629396997e-12
-8.780000000e-02	2.342475385e+00	-1.329997701e-02	1.692701358e-12
-8.800000000e-02	2.342478100e+00	-1.338022734e-02	1.854851444e-12
-8.820000000e-02	2.342480818e+00	-1.346047754e-02	1.578556966e-12
-8.840000000e-02	2.342483538e+00	-1.354072761e-02	2.062808223e-12
-8.860000000e-02	2.342486261e+00	-1.362097756e-02	1.088963131e-12
-8.880000000e-02	2.342488987e+00	-1.370122738e-02	1.311419442e-12
-8.900000000e-02	2.342491716e+00	-1.378147706e-02	2.484653104e-12
-8.920000000e-02	2.342494448e+00	-1.386172662e-02	1.451630570e-12
-8.940000000e-02	2.342497182e+00	-1.394197605e-02	1.740847068e-12
-8.960000000e-02	2.342499919e+00	-1.402222535e-02	1.717641138e-12
-8.980000000e-02	2.342502659e+00	-1.410247452e-02	1.924382361e-12
-9.000000000e-02	2.342505402e+00	-1.418272356e-02	1.818459315e-12
-9.020000000e-02	2.342508147e+00	-1.426297247e-02	2.057580031e-12
-9.040000000e-02	2.342510895e+00	-1.434322125e-02	1.375935289e-12
-9.060000000e-02	2.342513646e+00	-1.442346990e-02	1.582166111e-12
-9.080000000e-02	2.342516400e+00	-1.450371841e-02	1.612960564e-12
-9.100000000e-02	2.342519156e+00	-1.458396679e-02	2.802005871e-12
-9.120000000e-02	2.342521916e+00	-1.466421505e-02	1.824935151e-12
-9.140000000e-02	2.342524678e+00	-1.474446318e-02	1.558105645e-12
-9.160000000e-02	2.342527442e+00	-1.482471116e-02	1.707632669e-12
-9.180000000e-02	2.342530210e+00	-1.490495902e-02	1.756254632e-12
-9.200000000e-02	2.342532980e+00	-1.498520675e-02	1.598809368e-12
-9.220000000e-02	2.342535753e+00	-1.506545434e-02	1.346363798e-12
-9.240000000e-02	2.342538529e+00	-1.514570179e-02	1.085334861e-12
-9.260000000e-02	2.342541308e+00	-1.522594911e-02	1.569230116e-12
-9.280000000e-02	2.342544089e+00	-1.530619631e-02	1.524807079e-12
-9.300000000e-02	2.342546873e+00	-1.538644336e-02	2.014234228e-12
-9.320000000e-02	2.342549660e+00	-1.546669028e-02	5.945799678e-13
-9.340000000e-02	2.342552450e+00	-1.554693707e-02	1.707652247e-12
-9.360000000e-02	2.342555242e+00	-1.562718372e-02	2.028316092e-12
-9.380000000e-02	2.342558037e+00	-1.570743023e-02	9.870554802e-13
-9.400000000e-02	2.342560835e+00	-1.578767661e-02	1.577843961e-12
-9.420000000e-02	2.342563636e+00	-1.586792286e-02	1.557398592e-12
-9.440000000e-02	2.342566440e+00	-1.594816896e-02	1.576505610e-12
-9.460000000e-02	2.342569246e+00	-1.602841493e-02	2.269938561e-12
-9.480000000e-02	2.342572055e+00	-1.610866076e-02	1.395262181e-12
-9.500000000e-02	2.342574867e+00	-1.618890646e-02	1.937374110e-12
-9.520000000e-02	2.342577681e+00	-1.626915201e-02	1.672048175e-12
-9.540000000e-02	2.342580499e+00	-1.634939744e-02	1.816959753e-12
-9.560000000e-02	2.342583319e+00	-1.642964272e-02	1.915532158e-12
-9.580000000e-02	2.342586142e+00	-1.650988786e-02	6.145615439e-13
-9.600000000e-02	2.342588967e+00	-1.659013287e-02	1.465507407e-12
-9.620000000e-02	2.342591796e+00	-1.667037774e-02	1.067230753e-12
-9.640000000e-02	2.342594627e+00	-1.675062246e-02	1.588057988e-12
-9.660000000e-02	2.342597461e+00	-1.683086705e-02	1.976647398e-12
-9.680000000e-02	2.342600297e+00	-1.691111150e-02	8.890701845e-13
-9.700000000e-02	2.342603137e+00	-1.699135580e-02	2.723721456e-12
-9.720000000e-02	2.342605979e+00	-1.707159997e-02	2.883063922e-12
-9.740000000e-02	2.342608824e+00	-1.715184400e-02	2.115120304e-12
-9.760000000e-02	2.342611672e+00	-1.723208788e-02	2.540152397e-12
-9.780000000e-02	2.342614522e+00	-1.731233163e-02	2.039095339e-12
-9.800000000e-02	2.342617375e+00	-1.739257523e-02	2.090126003e-12
-9.820000000e-02	2.342620231e+00	-1.747281869e-02	1.694932842e-12
-9.840000000e-02	2.342623090e+00	-1.755306201e-02	1.275096148e-12
-9.860000000e-02	2.342625952e+00	-1.763330519e-02	2.389562501e-12
-9.880000000e-02	2.342628816e+00	-1.771354823e-02	2.079674281e-12
-9.900000000e-02	2.342631683e+00	-1.779379111e-02	2.303785065e-12
-9.920000000e-02	2.342634553e+00	-1.787403386e-02	1.631833617e-12
-9.940000000e-02	2.342637426e+00	-1.795427647e-02	2.204066989e-12
-9.960000000e-02	2.342640301e+00	-1.803451892e-02	1.058453815e-12
-9.980000000e-02	2.342643179e+00	-1.811476125e-02	1.676379482e-12
-1.000000000e-01	2.342646060e+00	-1.819500342e-02	1.222070186e-12
