# epsi_ci     Re(Lambda)      Im(Lambda)      Eq(det), R = 0.40 $\mu$m, $E_p$ = 0.900 eV, modo = 1, $\epsilon_\infty$ = 3.9, $\gamma_{DL}$ = 0.01 eV, solve_det_sinkz_vs_mu.py
0.000000000e+00	2.341698122e+00	2.194807855e-02	2.088683257e-12
-2.000000000e-04	2.341699622e+00	2.186778729e-02	1.482166953e-12
-4.000000000e-04	2.341701124e+00	2.178749602e-02	2.235268336e-12
-6.000000000e-04	2.341702630e+00	2.170720475e-02	1.481121847e-12
-8.000000000e-04	2.341704138e+00	2.162691348e-02	9.639078644e-13
-1.000000000e-03	2.341705649e+00	2.154662221e-02	1.554875536e-12
-1.200000000e-03	2.341707162e+00	2.146633095e-02	2.457730146e-12
-1.400000000e-03	2.341708679e+00	2.138603969e-02	6.403830418e-13
-1.600000000e-03	2.341710198e+00	2.130574844e-02	1.713595535e-12
-1.800000000e-03	2.341711720e+00	2.122545718e-02	1.573564384e-12
-2.000000000e-03	2.341713244e+00	2.114516592e-02	1.303621221e-12
-2.200000000e-03	2.341714772e+00	2.106487468e-02	1.975631257e-12
-2.400000000e-03	2.341716302e+00	2.098458343e-02	4.933795683e-13
-2.600000000e-03	2.341717835e+00	2.090429218e-02	2.227452427e-12
-2.800000000e-03	2.341719371e+00	2.082400095e-02	1.715360662e-12
-3.000000000e-03	2.341720909e+00	2.074370972e-02	1.516475238e-12
-3.200000000e-03	2.341722451e+00	2.066341849e-02	1.825927740e-12
-3.400000000e-03	2.341723995e+00	2.058312727e-02	1.774181232e-12
-3.600000000e-03	2.341725542e+00	2.050283605e-02	1.414880306e-12
-3.800000000e-03	2.341727091e+00	2.042254484e-02	2.091859500e-12
-4.000000000e-03	2.341728644e+00	2.034225364e-02	1.980070532e-12
-4.200000000e-03	2.341730199e+00	2.026196243e-02	1.921085497e-12
-4.400000000e-03	2.341731757e+00	2.018167125e-02	1.579800971e-12
-4.600000000e-03	2.341733318e+00	2.010138006e-02	1.209530194e-12
-4.800000000e-03	2.341734881e+00	2.002108888e-02	1.405237761e-12
-5.000000000e-03	2.341736447e+00	1.994079771e-02	2.049319431e-12
-5.200000000e-03	2.341738017e+00	1.986050655e-02	1.881506739e-12
-5.400000000e-03	2.341739588e+00	1.978021538e-02	2.050942734e-12
-5.600000000e-03	2.341741163e+00	1.969992424e-02	1.674647077e-12
-5.800000000e-03	2.341742740e+00	1.961963311e-02	1.616175788e-12
-6.000000000e-03	2.341744320e+00	1.953934197e-02	2.232774028e-12
-6.200000000e-03	2.341745903e+00	1.945905085e-02	2.574984013e-12
-6.400000000e-03	2.341747489e+00	1.937875974e-02	1.858049649e-12
-6.600000000e-03	2.341749078e+00	1.929846865e-02	1.902498152e-12
-6.800000000e-03	2.341750669e+00	1.921817755e-02	8.189810694e-13
-7.000000000e-03	2.341752263e+00	1.913788647e-02	9.128362967e-13
-7.200000000e-03	2.341753860e+00	1.905759540e-02	8.834875524e-13
-7.400000000e-03	2.341755459e+00	1.897730434e-02	1.355360399e-12
-7.600000000e-03	2.341757061e+00	1.889701329e-02	1.461379101e-12
-7.800000000e-03	2.341758666e+00	1.881672225e-02	1.625051923e-12
-8.000000000e-03	2.341760274e+00	1.873643123e-02	1.555422309e-12
-8.200000000e-03	2.341761885e+00	1.865614022e-02	1.330458941e-12
-8.400000000e-03	2.341763498e+00	1.857584922e-02	1.472406077e-12
-8.600000000e-03	2.341765115e+00	1.849555823e-02	1.669062449e-12
-8.800000000e-03	2.341766734e+00	1.841526725e-02	1.777665510e-12
-9.000000000e-03	2.341768355e+00	1.833497630e-02	2.153126817e-12
-9.200000000e-03	2.341769980e+00	1.825468535e-02	1.328974891e-12
-9.400000000e-03	2.341771607e+00	1.817439441e-02	1.007004535e-12
-9.600000000e-03	2.341773237e+00	1.809410349e-02	2.111069613e-12
-9.800000000e-03	2.341774870e+00	1.801381259e-02	1.360012375e-12
-1.000000000e-02	2.341776505e+00	1.793352170e-02	1.137433010e-12
-1.020000000e-02	2.341778144e+00	1.785323082e-02	2.189783221e-12
-1.040000000e-02	2.341779785e+00	1.777293996e-02	1.858913085e-12
-1.060000000e-02	2.341781429e+00	1.769264911e-02	3.342528245e-12
-1.080000000e-02	2.341783075e+00	1.761235829e-02	9.606515901e-13
-1.100000000e-02	2.341784725e+00	1.753206747e-02	2.927497657e-12
-1.120000000e-02	2.341786377e+00	1.745177668e-02	1.699295757e-12
-1.140000000e-02	2.341788032e+00	1.737148589e-02	2.193785750e-12
-1.160000000e-02	2.341789690e+00	1.729119513e-02	1.956935959e-12
-1.180000000e-02	2.341791350e+00	1.721090438e-02	1.889526818e-12
-1.200000000e-02	2.341793014e+00	1.713061366e-02	1.881466745e-12
-1.220000000e-02	2.341794680e+00	1.705032295e-02	2.032520121e-12
-1.240000000e-02	2.341796349e+00	1.697003226e-02	1.897246462e-12
-1.260000000e-02	2.341798020e+00	1.688974158e-02	2.068829227e-12
-1.280000000e-02	2.341799695e+00	1.680945093e-02	1.396141244e-12
-1.300000000e-02	2.341801372e+00	1.672916029e-02	1.398059616e-12
-1.320000000e-02	2.341803052e+00	1.664886967e-02	1.207350358e-12
-1.340000000e-02	2.341804734e+00	1.656857908e-02	2.607083835e-12
-1.360000000e-02	2.341806420e+00	1.648828850e-02	2.039086846e-12
-1.380000000e-02	2.341808108e+00	1.640799794e-02	1.610258075e-12
-1.400000000e-02	2.341809799e+00	1.632770740e-02	1.393538651e-12
-1.420000000e-02	2.341811493e+00	1.624741689e-02	1.994663826e-12
-1.440000000e-02	2.341813190e+00	1.616712639e-02	2.508222643e-12
-1.460000000e-02	2.341814889e+00	1.608683592e-02	2.327517289e-12
-1.480000000e-02	2.341816591e+00	1.600654546e-02	2.347760831e-12
-1.500000000e-02	2.341818296e+00	1.592625504e-02	1.639241753e-12
-1.520000000e-02	2.341820004e+00	1.584596463e-02	1.825664614e-12
-1.540000000e-02	2.341821714e+00	1.576567424e-02	2.409524485e-12
-1.560000000e-02	2.341823427e+00	1.568538388e-02	1.719569568e-12
-1.580000000e-02	2.341825143e+00	1.560509354e-02	1.583640469e-12
-1.600000000e-02	2.341826862e+00	1.552480322e-02	1.631694488e-12
-1.620000000e-02	2.341828583e+00	1.544451293e-02	1.926281433e-12
-1.640000000e-02	2.341830308e+00	1.536422267e-02	1.296056997e-12
-1.660000000e-02	2.341832035e+00	1.528393242e-02	2.250110793e-12
-1.680000000e-02	2.341833765e+00	1.520364220e-02	2.011311293e-12
-1.700000000e-02	2.341835497e+00	1.512335201e-02	2.541609299e-12
-1.720000000e-02	2.341837233e+00	1.504306183e-02	9.453551216e-13
-1.740000000e-02	2.341838971e+00	1.496277169e-02	1.810445980e-12
-1.760000000e-02	2.341840712e+00	1.488248157e-02	1.970297700e-12
-1.780000000e-02	2.341842455e+00	1.480219147e-02	1.715960544e-12
-1.800000000e-02	2.341844202e+00	1.472190141e-02	1.030336304e-12
-1.820000000e-02	2.341845951e+00	1.464161137e-02	9.856232422e-13
-1.840000000e-02	2.341847703e+00	1.456132135e-02	2.144255311e-12
-1.860000000e-02	2.341849458e+00	1.448103137e-02	2.095712128e-12
-1.880000000e-02	2.341851215e+00	1.440074141e-02	1.906166976e-12
-1.900000000e-02	2.341852976e+00	1.432045148e-02	1.472600068e-12
-1.920000000e-02	2.341854739e+00	1.424016157e-02	2.192829042e-12
-1.940000000e-02	2.341856505e+00	1.415987170e-02	2.579100029e-12
-1.960000000e-02	2.341858273e+00	1.407958185e-02	7.896063668e-13
-1.980000000e-02	2.341860045e+00	1.399929203e-02	2.367287383e-12
-2.000000000e-02	2.341861819e+00	1.391900225e-02	2.352988422e-12
-2.020000000e-02	2.341863596e+00	1.383871248e-02	2.053621201e-12
-2.040000000e-02	2.341865376e+00	1.375842275e-02	1.772239590e-12
-2.060000000e-02	2.341867158e+00	1.367813305e-02	2.055102320e-12
-2.080000000e-02	2.341868943e+00	1.359784338e-02	1.466208279e-12
-2.100000000e-02	2.341870731e+00	1.351755375e-02	1.429779473e-12
-2.120000000e-02	2.341872522e+00	1.343726414e-02	9.893512717e-13
-2.140000000e-02	2.341874316e+00	1.335697457e-02	1.471493025e-12
-2.160000000e-02	2.341876112e+00	1.327668502e-02	1.991200877e-12
-2.180000000e-02	2.341877911e+00	1.319639550e-02	1.100024235e-12
-2.200000000e-02	2.341879713e+00	1.311610602e-02	1.970318862e-12
-2.220000000e-02	2.341881518e+00	1.303581657e-02	1.155831450e-12
-2.240000000e-02	2.341883325e+00	1.295552716e-02	2.425731230e-12
-2.260000000e-02	2.341885136e+00	1.287523777e-02	1.571897553e-12
-2.280000000e-02	2.341886949e+00	1.279494842e-02	2.089485339e-12
-2.300000000e-02	2.341888764e+00	1.271465910e-02	2.198266407e-12
-2.320000000e-02	2.341890583e+00	1.263436982e-02	1.739715486e-12
-2.340000000e-02	2.341892404e+00	1.255408057e-02	1.584142963e-12
-2.360000000e-02	2.341894228e+00	1.247379136e-02	2.779572687e-12
-2.380000000e-02	2.341896055e+00	1.239350218e-02	1.816826782e-12
-2.400000000e-02	2.341897885e+00	1.231321303e-02	2.600343978e-12
-2.420000000e-02	2.341899717e+00	1.223292392e-02	1.188076349e-12
-2.440000000e-02	2.341901552e+00	1.215263484e-02	1.949954315e-12
-2.460000000e-02	2.341903390e+00	1.207234580e-02	1.820429194e-12
-2.480000000e-02	2.341905231e+00	1.199205680e-02	1.919541542e-12
-2.500000000e-02	2.341907074e+00	1.191176784e-02	1.343652115e-12
-2.520000000e-02	2.341908921e+00	1.183147891e-02	1.421226204e-12
-2.540000000e-02	2.341910770e+00	1.175119001e-02	3.478180902e-12
-2.560000000e-02	2.341912621e+00	1.167090116e-02	1.788017668e-12
-2.580000000e-02	2.341914476e+00	1.159061234e-02	1.058315658e-12
-2.600000000e-02	2.341916333e+00	1.151032356e-02	9.475159635e-13
-2.620000000e-02	2.341918193e+00	1.143003481e-02	1.043961473e-12
-2.640000000e-02	2.341920056e+00	1.134974611e-02	2.535059311e-12
-2.660000000e-02	2.341921922e+00	1.126945744e-02	1.781188544e-12
-2.680000000e-02	2.341923790e+00	1.118916882e-02	1.000153105e-12
-2.700000000e-02	2.341925662e+00	1.110888023e-02	2.010489958e-12
-2.720000000e-02	2.341927536e+00	1.102859168e-02	2.083985260e-12
-2.740000000e-02	2.341929412e+00	1.094830317e-02	1.701098305e-12
-2.760000000e-02	2.341931292e+00	1.086801471e-02	2.241091047e-12
-2.780000000e-02	2.341933174e+00	1.078772627e-02	2.010770718e-12
-2.800000000e-02	2.341935059e+00	1.070743789e-02	2.056622766e-12
-2.820000000e-02	2.341936947e+00	1.062714955e-02	1.118915307e-12
-2.840000000e-02	2.341938838e+00	1.054686124e-02	1.568842538e-12
-2.860000000e-02	2.341940731e+00	1.046657298e-02	2.140099848e-12
-2.880000000e-02	2.341942627e+00	1.038628475e-02	1.077239315e-12
-2.900000000e-02	2.341944526e+00	1.030599657e-02	9.227994485e-13
-2.920000000e-02	2.341946428e+00	1.022570844e-02	1.051035998e-12
-2.940000000e-02	2.341948332e+00	1.014542034e-02	5.676345016e-13
-2.960000000e-02	2.341950239e+00	1.006513229e-02	1.236442852e-12
-2.980000000e-02	2.341952149e+00	9.984844287e-03	1.150699653e-12
-3.000000000e-02	2.341954062e+00	9.904556322e-03	8.739837439e-13
-3.020000000e-02	2.341955978e+00	9.824268404e-03	2.297651213e-12
-3.040000000e-02	2.341957896e+00	9.743980519e-03	2.188219540e-12
-3.060000000e-02	2.341959817e+00	9.663692692e-03	1.266868724e-12
-3.080000000e-02	2.341961741e+00	9.583404904e-03	1.521033510e-12
-3.100000000e-02	2.341963668e+00	9.503117167e-03	2.648165317e-12
-3.120000000e-02	2.341965597e+00	9.422829467e-03	1.972338613e-12
-3.140000000e-02	2.341967529e+00	9.342541813e-03	8.427503651e-13
-3.160000000e-02	2.341969464e+00	9.262254212e-03	1.390553629e-12
-3.180000000e-02	2.341971402e+00	9.181966652e-03	1.141829468e-12
-3.200000000e-02	2.341973342e+00	9.101679132e-03	3.035967570e-12
-3.220000000e-02	2.341975286e+00	9.021391670e-03	1.797063482e-12
-3.240000000e-02	2.341977232e+00	8.941104253e-03	1.836690224e-12
-3.260000000e-02	2.341979180e+00	8.860816880e-03	1.336552316e-12
-3.280000000e-02	2.341981132e+00	8.780529560e-03	1.869414767e-12
-3.300000000e-02	2.341983086e+00	8.700242275e-03	2.406050400e-12
-3.320000000e-02	2.341985043e+00	8.619955054e-03	1.840204901e-12
-3.340000000e-02	2.341987003e+00	8.539667869e-03	2.732373592e-12
-3.360000000e-02	2.341988966e+00	8.459380740e-03	1.852621999e-12
-3.380000000e-02	2.341990931e+00	8.379093660e-03	1.696020618e-12
-3.400000000e-02	2.341992900e+00	8.298806625e-03	2.049711511e-12
-3.420000000e-02	2.341994871e+00	8.218519644e-03	8.049859746e-13
-3.440000000e-02	2.341996844e+00	8.138232710e-03	1.947011191e-12
-3.460000000e-02	2.341998821e+00	8.057945827e-03	1.312948442e-12
-3.480000000e-02	2.342000800e+00	7.977659000e-03	2.517191055e-12
-3.500000000e-02	2.342002782e+00	7.897372218e-03	2.191477144e-12
-3.520000000e-02	2.342004767e+00	7.817085487e-03	1.397310447e-12
-3.540000000e-02	2.342006755e+00	7.736798806e-03	5.849132228e-13
-3.560000000e-02	2.342008745e+00	7.656512182e-03	2.254765252e-12
-3.580000000e-02	2.342010738e+00	7.576225605e-03	1.976576806e-12
-3.600000000e-02	2.342012734e+00	7.495939085e-03	2.234132634e-12
-3.620000000e-02	2.342014733e+00	7.415652606e-03	2.523880812e-12
-3.640000000e-02	2.342016734e+00	7.335366190e-03	1.861352748e-12
-3.660000000e-02	2.342018738e+00	7.255079827e-03	1.721857062e-12
-3.680000000e-02	2.342020745e+00	7.174793519e-03	1.376786886e-12
-3.700000000e-02	2.342022755e+00	7.094507262e-03	1.866226066e-12
-3.720000000e-02	2.342024768e+00	7.014221053e-03	1.825990049e-12
-3.740000000e-02	2.342026783e+00	6.933934902e-03	2.678853811e-12
-3.760000000e-02	2.342028801e+00	6.853648809e-03	1.515405776e-12
-3.780000000e-02	2.342030822e+00	6.773362769e-03	1.824414491e-12
-3.800000000e-02	2.342032845e+00	6.693076788e-03	1.926347044e-12
-3.820000000e-02	2.342034872e+00	6.612790855e-03	1.399602014e-12
-3.840000000e-02	2.342036901e+00	6.532504980e-03	2.494453713e-12
-3.860000000e-02	2.342038933e+00	6.452219164e-03	1.866401455e-12
-3.880000000e-02	2.342040968e+00	6.371933402e-03	1.974904907e-12
-3.900000000e-02	2.342043005e+00	6.291647696e-03	1.912619044e-12
-3.920000000e-02	2.342045045e+00	6.211362052e-03	2.075307238e-12
-3.940000000e-02	2.342047088e+00	6.131076463e-03	1.864153360e-12
-3.960000000e-02	2.342049134e+00	6.050790924e-03	2.558127635e-12
-3.980000000e-02	2.342051183e+00	5.970505448e-03	2.010202084e-12
-4.000000000e-02	2.342053234e+00	5.890220032e-03	7.892623337e-13
-4.020000000e-02	2.342055288e+00	5.809934671e-03	1.877723825e-12
-4.040000000e-02	2.342057345e+00	5.729649375e-03	9.561696268e-13
-4.060000000e-02	2.342059405e+00	5.649364134e-03	1.913272301e-12
-4.080000000e-02	2.342061467e+00	5.569078951e-03	1.284978033e-12
-4.100000000e-02	2.342063532e+00	5.488793825e-03	1.176054987e-12
-4.120000000e-02	2.342065600e+00	5.408508762e-03	1.715579778e-12
-4.140000000e-02	2.342067671e+00	5.328223757e-03	1.714530583e-12
-4.160000000e-02	2.342069745e+00	5.247938819e-03	2.164880816e-12
-4.180000000e-02	2.342071821e+00	5.167653932e-03	1.708093085e-12
-4.200000000e-02	2.342073900e+00	5.087369113e-03	2.251198337e-12
-4.220000000e-02	2.342075982e+00	5.007084345e-03	2.431227660e-12
-4.240000000e-02	2.342078066e+00	4.926799649e-03	1.861472290e-12
-4.260000000e-02	2.342080154e+00	4.846515016e-03	2.609404329e-12
-4.280000000e-02	2.342082244e+00	4.766230434e-03	2.157637647e-12
-4.300000000e-02	2.342084337e+00	4.685945926e-03	9.597071193e-13
-4.320000000e-02	2.342086432e+00	4.605661469e-03	2.610956301e-12
-4.340000000e-02	2.342088531e+00	4.525377088e-03	2.197950563e-12
-4.360000000e-02	2.342090632e+00	4.445092762e-03	1.596353971e-12
-4.380000000e-02	2.342092736e+00	4.364808504e-03	1.366464270e-12
-4.400000000e-02	2.342094843e+00	4.284524307e-03	1.180883630e-12
-4.420000000e-02	2.342096952e+00	4.204240169e-03	1.717856846e-12
-4.440000000e-02	2.342099065e+00	4.123956105e-03	1.204015190e-12
-4.460000000e-02	2.342101180e+00	4.043672102e-03	1.355925417e-12
-4.480000000e-02	2.342103298e+00	3.963388159e-03	6.425708671e-13
-4.500000000e-02	2.342105418e+00	3.883104288e-03	1.265053172e-12
-4.520000000e-02	2.342107542e+00	3.802820475e-03	2.054868924e-12
-4.540000000e-02	2.342109668e+00	3.722536734e-03	1.565921878e-12
-4.560000000e-02	2.342111797e+00	3.642253059e-03	1.471345111e-12
-4.580000000e-02	2.342113928e+00	3.561969453e-03	1.868466727e-12
-4.600000000e-02	2.342116063e+00	3.481685908e-03	2.652273457e-12
-4.620000000e-02	2.342118200e+00	3.401402429e-03	1.299276198e-12
-4.640000000e-02	2.342120340e+00	3.321119021e-03	1.213632916e-12
-4.660000000e-02	2.342122483e+00	3.240835678e-03	1.040660422e-12
-4.680000000e-02	2.342124628e+00	3.160552403e-03	1.678734180e-12
-4.700000000e-02	2.342126777e+00	3.080269199e-03	1.398381841e-12
-4.720000000e-02	2.342128928e+00	2.999986066e-03	2.292984518e-12
-4.740000000e-02	2.342131082e+00	2.919702994e-03	7.527189511e-13
-4.760000000e-02	2.342133238e+00	2.839419996e-03	9.371243423e-13
-4.780000000e-02	2.342135398e+00	2.759137065e-03	1.917496446e-12
-4.800000000e-02	2.342137560e+00	2.678854206e-03	1.760790160e-12
-4.820000000e-02	2.342139725e+00	2.598571414e-03	2.203798152e-12
-4.840000000e-02	2.342141892e+00	2.518288690e-03	1.000099827e-12
-4.860000000e-02	2.342144063e+00	2.438006040e-03	1.824726615e-12
-4.880000000e-02	2.342146236e+00	2.357723459e-03	1.530565704e-12
-4.900000000e-02	2.342148412e+00	2.277440951e-03	1.854302829e-12
-4.920000000e-02	2.342150591e+00	2.197158517e-03	1.313299942e-12
-4.940000000e-02	2.342152773e+00	2.116876148e-03	1.545202691e-12
-4.960000000e-02	2.342154957e+00	2.036593857e-03	1.725512037e-12
-4.980000000e-02	2.342157144e+00	1.956311638e-03	2.336502952e-12
-5.000000000e-02	2.342159334e+00	1.876029483e-03	9.682603384e-13
-5.020000000e-02	2.342161527e+00	1.795747411e-03	1.588511791e-12
-5.040000000e-02	2.342163722e+00	1.715465403e-03	8.496736247e-13
-5.060000000e-02	2.342165920e+00	1.635183472e-03	1.850007312e-12
-5.080000000e-02	2.342168121e+00	1.554901615e-03	2.290728405e-12
-5.100000000e-02	2.342170325e+00	1.474619835e-03	2.136508728e-12
-5.120000000e-02	2.342172531e+00	1.394338125e-03	9.236309496e-13
-5.140000000e-02	2.342174741e+00	1.314056491e-03	8.346483725e-13
-5.160000000e-02	2.342176953e+00	1.233774930e-03	1.473521697e-12
-5.180000000e-02	2.342179168e+00	1.153493448e-03	2.149172447e-12
-5.200000000e-02	2.342181385e+00	1.073212041e-03	1.136532765e-12
-5.220000000e-02	2.342183605e+00	9.929307051e-04	1.738408538e-12
-5.240000000e-02	2.342185829e+00	9.126494471e-04	9.948730781e-13
-5.260000000e-02	2.342188054e+00	8.323682657e-04	1.589735538e-12
-5.280000000e-02	2.342190283e+00	7.520871648e-04	2.282424353e-12
-5.300000000e-02	2.342192515e+00	6.718061323e-04	1.743794340e-12
-5.320000000e-02	2.342194749e+00	5.915251847e-04	1.866270918e-12
-5.340000000e-02	2.342196986e+00	5.112443067e-04	2.301124223e-12
-5.360000000e-02	2.342199226e+00	4.309635140e-04	1.876640551e-12
-5.380000000e-02	2.342201468e+00	3.506827962e-04	2.195175159e-12
-5.400000000e-02	2.342203713e+00	2.704021559e-04	1.786168844e-12
-5.420000000e-02	2.342205961e+00	1.901215968e-04	2.055153113e-12
-5.440000000e-02	2.342208212e+00	1.098411098e-04	1.667033773e-12
-5.460000000e-02	2.342210466e+00	2.956070753e-05	8.090939651e-13
-5.480000000e-02	2.342212722e+00	-5.071961493e-05	1.094014734e-12
-5.500000000e-02	2.342214981e+00	-1.309998648e-04	2.511216260e-12
-5.520000000e-02	2.342217243e+00	-2.112800274e-04	1.527811973e-12
-5.540000000e-02	2.342219508e+00	-2.915601136e-04	2.107183493e-12
-5.560000000e-02	2.342221775e+00	-3.718401163e-04	1.864958336e-12
-5.580000000e-02	2.342224046e+00	-4.521200364e-04	1.042258925e-12
-5.600000000e-02	2.342226319e+00	-5.323998775e-04	1.196063504e-12
-5.620000000e-02	2.342228594e+00	-6.126796389e-04	1.365366525e-12
-5.640000000e-02	2.342230873e+00	-6.929593226e-04	2.063845969e-12
-5.660000000e-02	2.342233154e+00	-7.732389197e-04	2.121304131e-12
-5.680000000e-02	2.342235438e+00	-8.535184333e-04	1.589393434e-12
-5.700000000e-02	2.342237725e+00	-9.337978647e-04	1.453556728e-12
-5.720000000e-02	2.342240015e+00	-1.014077207e-03	2.688109225e-12
-5.740000000e-02	2.342242307e+00	-1.094356478e-03	1.816356692e-12
-5.760000000e-02	2.342244602e+00	-1.174635661e-03	1.109557949e-12
-5.780000000e-02	2.342246900e+00	-1.254914759e-03	2.153589762e-12
-5.800000000e-02	2.342249201e+00	-1.335193772e-03	1.841035084e-12
-5.820000000e-02	2.342251504e+00	-1.415472708e-03	2.023516636e-12
-5.840000000e-02	2.342253810e+00	-1.495751553e-03	1.178253547e-12
-5.860000000e-02	2.342256119e+00	-1.576030312e-03	8.545287423e-13
-5.880000000e-02	2.342258431e+00	-1.656308986e-03	1.860277822e-12
-5.900000000e-02	2.342260746e+00	-1.736587581e-03	1.333061013e-12
-5.920000000e-02	2.342263063e+00	-1.816866093e-03	5.808220466e-12
-5.940000000e-02	2.342265383e+00	-1.897144508e-03	1.844946467e-12
-5.960000000e-02	2.342267706e+00	-1.977422839e-03	1.857913321e-12
-5.980000000e-02	2.342270032e+00	-2.057701081e-03	2.313214473e-12
-6.000000000e-02	2.342272360e+00	-2.137979247e-03	1.765614546e-12
-6.020000000e-02	2.342274691e+00	-2.218257318e-03	2.022340651e-12
-6.040000000e-02	2.342277025e+00	-2.298535304e-03	1.716491211e-12
-6.060000000e-02	2.342279362e+00	-2.378813199e-03	2.167048484e-12
-6.080000000e-02	2.342281701e+00	-2.459091004e-03	2.947611740e-12
-6.100000000e-02	2.342284044e+00	-2.539368725e-03	2.649989653e-12
-6.120000000e-02	2.342286389e+00	-2.619646357e-03	1.790150483e-12
-6.140000000e-02	2.342288736e+00	-2.699923906e-03	1.759308351e-12
-6.160000000e-02	2.342291087e+00	-2.780201355e-03	1.392018751e-12
-6.180000000e-02	2.342293440e+00	-2.860478722e-03	1.150929929e-12
-6.200000000e-02	2.342295796e+00	-2.940755996e-03	1.497288172e-12
-6.220000000e-02	2.342298155e+00	-3.021033180e-03	2.052672741e-12
-6.240000000e-02	2.342300517e+00	-3.101310271e-03	2.314851987e-12
-6.260000000e-02	2.342302881e+00	-3.181587282e-03	2.217677076e-12
-6.280000000e-02	2.342305248e+00	-3.261864189e-03	2.336899999e-12
-6.300000000e-02	2.342307618e+00	-3.342141018e-03	2.054042055e-12
-6.320000000e-02	2.342309991e+00	-3.422417749e-03	2.359773705e-12
-6.340000000e-02	2.342312366e+00	-3.502694388e-03	2.674296249e-12
-6.360000000e-02	2.342314745e+00	-3.582970928e-03	1.111405407e-12
-6.380000000e-02	2.342317126e+00	-3.663247387e-03	1.952645343e-12
-6.400000000e-02	2.342319509e+00	-3.743523746e-03	7.603925592e-13
-6.420000000e-02	2.342321896e+00	-3.823800010e-03	2.095897909e-12
-6.440000000e-02	2.342324285e+00	-3.904076192e-03	1.363028588e-12
-6.460000000e-02	2.342326677e+00	-3.984352270e-03	2.160685108e-12
-6.480000000e-02	2.342329072e+00	-4.064628261e-03	1.522299628e-12
-6.500000000e-02	2.342331470e+00	-4.144904154e-03	1.926890353e-12
-6.520000000e-02	2.342333870e+00	-4.225179955e-03	1.947901288e-12
-6.540000000e-02	2.342336274e+00	-4.305455657e-03	1.422975763e-12
-6.560000000e-02	2.342338679e+00	-4.385731267e-03	1.788566253e-12
-6.580000000e-02	2.342341088e+00	-4.466006782e-03	1.572756991e-12
-6.600000000e-02	2.342343500e+00	-4.546282204e-03	1.147709528e-12
-6.620000000e-02	2.342345914e+00	-4.626557527e-03	2.011248331e-12
-6.640000000e-02	2.342348331e+00	-4.706832756e-03	1.711308510e-12
-6.660000000e-02	2.342350751e+00	-4.787107887e-03	1.852626690e-12
-6.680000000e-02	2.342353173e+00	-4.867382917e-03	1.349295476e-12
-6.700000000e-02	2.342355599e+00	-4.947657855e-03	1.481107019e-12
-6.720000000e-02	2.342358027e+00	-5.027932698e-03	1.614467122e-12
-6.740000000e-02	2.342360458e+00	-5.108207439e-03	7.347710476e-13
-6.760000000e-02	2.342362891e+00	-5.188482085e-03	1.111375535e-12
-6.780000000e-02	2.342365328e+00	-5.268756626e-03	2.324304847e-12
-6.800000000e-02	2.342367767e+00	-5.349031075e-03	1.596847420e-12
-6.820000000e-02	2.342370209e+00	-5.429305429e-03	1.499857155e-12
-6.840000000e-02	2.342372653e+00	-5.509579683e-03	2.399821243e-12
-6.860000000e-02	2.342375101e+00	-5.589853833e-03	2.186572283e-12
-6.880000000e-02	2.342377551e+00	-5.670127878e-03	1.786372661e-12
-6.900000000e-02	2.342380004e+00	-5.750401836e-03	1.399324840e-12
-6.920000000e-02	2.342382460e+00	-5.830675689e-03	1.873868381e-12
-6.940000000e-02	2.342384918e+00	-5.910949437e-03	1.187489397e-12
-6.960000000e-02	2.342387380e+00	-5.991223092e-03	2.638356623e-12
-6.980000000e-02	2.342389844e+00	-6.071496636e-03	8.467446346e-13
-7.000000000e-02	2.342392311e+00	-6.151770089e-03	1.877640920e-12
-7.020000000e-02	2.342394780e+00	-6.232043433e-03	1.106909744e-12
-7.040000000e-02	2.342397253e+00	-6.312316673e-03	2.124004435e-12
-7.060000000e-02	2.342399728e+00	-6.392589818e-03	1.181975749e-12
-7.080000000e-02	2.342402206e+00	-6.472862858e-03	1.600846117e-12
-7.100000000e-02	2.342404687e+00	-6.553135801e-03	1.860703972e-12
-7.120000000e-02	2.342407170e+00	-6.633408637e-03	2.188830741e-12
-7.140000000e-02	2.342409656e+00	-6.713681367e-03	1.871996546e-12
-7.160000000e-02	2.342412145e+00	-6.793953993e-03	6.660160388e-13
-7.180000000e-02	2.342414637e+00	-6.874226515e-03	1.373073277e-12
-7.200000000e-02	2.342417132e+00	-6.954498940e-03	1.939412689e-12
-7.220000000e-02	2.342419629e+00	-7.034771254e-03	1.424124298e-12
-7.240000000e-02	2.342422129e+00	-7.115043460e-03	1.982569913e-12
-7.260000000e-02	2.342424632e+00	-7.195315565e-03	1.162304720e-12
-7.280000000e-02	2.342427138e+00	-7.275587567e-03	1.916460176e-12
-7.300000000e-02	2.342429646e+00	-7.355859463e-03	6.497779159e-13
-7.320000000e-02	2.342432157e+00	-7.436131250e-03	2.889532734e-12
-7.340000000e-02	2.342434671e+00	-7.516402932e-03	1.212560642e-12
-7.360000000e-02	2.342437188e+00	-7.596674510e-03	2.204696125e-12
-7.380000000e-02	2.342439707e+00	-7.676945978e-03	1.409715958e-12
-7.400000000e-02	2.342442229e+00	-7.757217339e-03	2.591770310e-12
-7.420000000e-02	2.342444754e+00	-7.837488592e-03	2.206336859e-12
-7.440000000e-02	2.342447282e+00	-7.917759742e-03	2.555793746e-12
-7.460000000e-02	2.342449813e+00	-7.998030779e-03	2.442678112e-12
-7.480000000e-02	2.342452346e+00	-8.078301717e-03	1.811618206e-12
-7.500000000e-02	2.342454882e+00	-8.158572539e-03	1.400418053e-12
-7.520000000e-02	2.342457421e+00	-8.238843252e-03	2.002889579e-12
-7.540000000e-02	2.342459963e+00	-8.319113857e-03	9.976947924e-13
-7.560000000e-02	2.342462507e+00	-8.399384355e-03	2.448870946e-12
-7.580000000e-02	2.342465054e+00	-8.479654737e-03	1.365994641e-12
-7.600000000e-02	2.342467604e+00	-8.559925014e-03	1.710022815e-12
-7.620000000e-02	2.342470157e+00	-8.640195173e-03	2.356501570e-12
-7.640000000e-02	2.342472712e+00	-8.720465235e-03	1.513719509e-12
-7.660000000e-02	2.342475270e+00	-8.800735175e-03	2.338948963e-12
-7.680000000e-02	2.342477831e+00	-8.881005015e-03	2.064518718e-12
-7.700000000e-02	2.342480395e+00	-8.961274731e-03	2.368206364e-12
-7.720000000e-02	2.342482962e+00	-9.041544339e-03	2.201906030e-12
-7.740000000e-02	2.342485531e+00	-9.121813845e-03	1.876726248e-12
-7.760000000e-02	2.342488103e+00	-9.202083224e-03	1.750265462e-12
-7.780000000e-02	2.342490678e+00	-9.282352504e-03	1.668929952e-12
-7.800000000e-02	2.342493256e+00	-9.362621661e-03	1.016631869e-12
-7.820000000e-02	2.342495836e+00	-9.442890708e-03	2.711746445e-12
-7.840000000e-02	2.342498419e+00	-9.523159642e-03	1.231960516e-12
-7.860000000e-02	2.342501005e+00	-9.603428464e-03	1.211825926e-12
-7.880000000e-02	2.342503594e+00	-9.683697169e-03	1.873978285e-12
-7.900000000e-02	2.342506185e+00	-9.763965765e-03	1.765024114e-12
-7.920000000e-02	2.342508779e+00	-9.844234245e-03	1.877158230e-12
-7.940000000e-02	2.342511376e+00	-9.924502605e-03	1.898257984e-12
-7.960000000e-02	2.342513976e+00	-1.000477085e-02	9.384978298e-13
-7.980000000e-02	2.342516579e+00	-1.008503899e-02	1.894641224e-12
-8.000000000e-02	2.342519184e+00	-1.016530700e-02	2.192227618e-12
-8.020000000e-02	2.342521792e+00	-1.024557490e-02	1.178060069e-12
-8.040000000e-02	2.342524403e+00	-1.032584269e-02	1.477430636e-12
-8.060000000e-02	2.342527016e+00	-1.040611036e-02	2.527436090e-12
-8.080000000e-02	2.342529633e+00	-1.048637791e-02	2.245946009e-12
-8.100000000e-02	2.342532252e+00	-1.056664534e-02	9.968473185e-13
-8.120000000e-02	2.342534874e+00	-1.064691266e-02	1.541505333e-12
-8.140000000e-02	2.342537498e+00	-1.072717986e-02	1.197792078e-12
-8.160000000e-02	2.342540126e+00	-1.080744694e-02	1.056505575e-12
-8.180000000e-02	2.342542756e+00	-1.088771390e-02	1.555295400e-12
-8.200000000e-02	2.342545389e+00	-1.096798074e-02	2.339050749e-12
-8.220000000e-02	2.342548025e+00	-1.104824747e-02	1.970985715e-12
-8.240000000e-02	2.342550663e+00	-1.112851408e-02	8.051245190e-13
-8.260000000e-02	2.342553304e+00	-1.120878056e-02	9.515029649e-13
-8.280000000e-02	2.342555949e+00	-1.128904693e-02	1.363713094e-12
-8.300000000e-02	2.342558595e+00	-1.136931318e-02	1.934128281e-12
-8.320000000e-02	2.342561245e+00	-1.144957930e-02	9.718349080e-13
-8.340000000e-02	2.342563897e+00	-1.152984531e-02	1.423080308e-12
-8.360000000e-02	2.342566552e+00	-1.161011120e-02	2.449934007e-12
-8.380000000e-02	2.342569210e+00	-1.169037696e-02	1.552846453e-12
-8.400000000e-02	2.342571871e+00	-1.177064260e-02	2.010345766e-12
-8.420000000e-02	2.342574534e+00	-1.185090812e-02	2.176792630e-12
-8.440000000e-02	2.342577200e+00	-1.193117352e-02	2.214387935e-12
-8.460000000e-02	2.342579869e+00	-1.201143879e-02	2.176613574e-12
-8.480000000e-02	2.342582541e+00	-1.209170395e-02	1.417736509e-12
-8.500000000e-02	2.342585216e+00	-1.217196898e-02	1.472028707e-12
-8.520000000e-02	2.342587893e+00	-1.225223390e-02	3.137418157e-12
-8.540000000e-02	2.342590573e+00	-1.233249868e-02	1.471782452e-12
-8.560000000e-02	2.342593256e+00	-1.241276333e-02	2.341798639e-12
-8.580000000e-02	2.342595941e+00	-1.249302787e-02	1.786580355e-12
-8.600000000e-02	2.342598630e+00	-1.257329228e-02	1.387557009e-12
-8.620000000e-02	2.342601321e+00	-1.265355657e-02	1.308152642e-12
-8.640000000e-02	2.342604015e+00	-1.273382074e-02	1.449498440e-12
-8.660000000e-02	2.342606711e+00	-1.281408477e-02	1.871908721e-12
-8.680000000e-02	2.342609411e+00	-1.289434869e-02	1.358145420e-12
-8.700000000e-02	2.342612113e+00	-1.297461248e-02	2.770969813e-12
-8.720000000e-02	2.342614818e+00	-1.305487613e-02	1.738819576e-12
-8.740000000e-02	2.342617525e+00	-1.313513966e-02	2.556729933e-12
-8.760000000e-02	2.342620236e+00	-1.321540307e-02	2.253768465e-12
-8.780000000e-02	2.342622949e+00	-1.329566636e-02	1.627908549e-12
-8.800000000e-02	2.342625665e+00	-1.337592951e-02	2.649381035e-12
-8.820000000e-02	2.342628384e+00	-1.345619253e-02	2.286400113e-12
-8.840000000e-02	2.342631105e+00	-1.353645543e-02	3.203219180e-12
-8.860000000e-02	2.342633830e+00	-1.361671820e-02	1.269077972e-12
-8.880000000e-02	2.342636557e+00	-1.369698084e-02	2.049403367e-12
-8.900000000e-02	2.342639286e+00	-1.377724336e-02	2.057792778e-12
-8.920000000e-02	2.342642019e+00	-1.385750574e-02	1.680168727e-12
-8.940000000e-02	2.342644754e+00	-1.393776799e-02	1.309411199e-12
-8.960000000e-02	2.342647493e+00	-1.401803012e-02	1.649665181e-12
-8.980000000e-02	2.342650233e+00	-1.409829211e-02	1.567415673e-12
-9.000000000e-02	2.342652977e+00	-1.417855398e-02	1.413570553e-12
-9.020000000e-02	2.342655724e+00	-1.425881572e-02	1.825576672e-12
-9.040000000e-02	2.342658473e+00	-1.433907732e-02	1.496016402e-12
-9.060000000e-02	2.342661225e+00	-1.441933879e-02	1.416658964e-12
-9.080000000e-02	2.342663979e+00	-1.449960013e-02	1.907650863e-12
-9.100000000e-02	2.342666737e+00	-1.457986135e-02	1.587637699e-12
-9.120000000e-02	2.342669497e+00	-1.466012242e-02	1.242870277e-12
-9.140000000e-02	2.342672260e+00	-1.474038337e-02	1.462506319e-12
-9.160000000e-02	2.342675026e+00	-1.482064419e-02	1.139947736e-12
-9.180000000e-02	2.342677795e+00	-1.490090487e-02	1.069715854e-12
-9.200000000e-02	2.342680566e+00	-1.498116541e-02	1.663917634e-12
-9.220000000e-02	2.342683340e+00	-1.506142583e-02	1.272446121e-12
-9.240000000e-02	2.342686117e+00	-1.514168611e-02	1.866161137e-12
-9.260000000e-02	2.342688897e+00	-1.522194626e-02	1.684023845e-12
-9.280000000e-02	2.342691679e+00	-1.530220627e-02	2.879031640e-12
-9.300000000e-02	2.342694464e+00	-1.538246615e-02	1.995271039e-12
-9.320000000e-02	2.342697252e+00	-1.546272590e-02	2.435796412e-12
-9.340000000e-02	2.342700043e+00	-1.554298551e-02	1.561674839e-12
-9.360000000e-02	2.342702836e+00	-1.562324498e-02	2.152749997e-12
-9.380000000e-02	2.342705632e+00	-1.570350432e-02	1.519575344e-12
-9.400000000e-02	2.342708431e+00	-1.578376353e-02	1.257511261e-12
-9.420000000e-02	2.342711233e+00	-1.586402259e-02	1.476648080e-12
-9.440000000e-02	2.342714038e+00	-1.594428152e-02	1.667565056e-12
-9.460000000e-02	2.342716845e+00	-1.602454032e-02	3.221972810e-12
-9.480000000e-02	2.342719655e+00	-1.610479897e-02	2.557670718e-12
-9.500000000e-02	2.342722468e+00	-1.618505749e-02	1.033531948e-12
-9.520000000e-02	2.342725284e+00	-1.626531588e-02	1.779042642e-12
-9.540000000e-02	2.342728102e+00	-1.634557412e-02	1.598809710e-12
-9.560000000e-02	2.342730923e+00	-1.642583223e-02	1.381661012e-12
-9.580000000e-02	2.342733747e+00	-1.650609019e-02	1.805254180e-12
-9.600000000e-02	2.342736574e+00	-1.658634802e-02	1.966200880e-12
-9.620000000e-02	2.342739403e+00	-1.666660572e-02	2.008018313e-12
-9.640000000e-02	2.342742235e+00	-1.674686326e-02	1.838769766e-12
-9.660000000e-02	2.342745070e+00	-1.682712068e-02	1.452079936e-12
-9.680000000e-02	2.342747908e+00	-1.690737794e-02	1.252883689e-12
-9.700000000e-02	2.342750748e+00	-1.698763508e-02	1.712274599e-12
-9.720000000e-02	2.342753592e+00	-1.706789207e-02	1.723910922e-12
-9.740000000e-02	2.342756438e+00	-1.714814892e-02	2.044813973e-12
-9.760000000e-02	2.342759287e+00	-1.722840563e-02	1.744340920e-12
-9.780000000e-02	2.342762138e+00	-1.730866220e-02	1.544069908e-12
-9.800000000e-02	2.342764992e+00	-1.738891862e-02	1.586400621e-12
-9.820000000e-02	2.342767850e+00	-1.746917490e-02	2.000972788e-12
-9.840000000e-02	2.342770709e+00	-1.754943104e-02	1.977729810e-12
-9.860000000e-02	2.342773572e+00	-1.762968705e-02	2.547438342e-12
-9.880000000e-02	2.342776437e+00	-1.770994291e-02	1.786820701e-12
-9.900000000e-02	2.342779306e+00	-1.779019862e-02	1.892116368e-12
-9.920000000e-02	2.342782176e+00	-1.787045419e-02	1.625362103e-12
-9.940000000e-02	2.342785050e+00	-1.795070962e-02	1.842261259e-12
-9.960000000e-02	2.342787927e+00	-1.803096490e-02	2.103730301e-12
-9.980000000e-02	2.342790806e+00	-1.811122004e-02	1.933841167e-12
-1.000000000e-01	2.342793688e+00	-1.819147503e-02	2.164912219e-12
