# epsi_ci     Re(Lambda)      Im(Lambda)      Eq(det), R = 0.40 $\mu$m, $E_p$ = 0.900 eV, modo = 1, $\epsilon_\infty$ = 3.9, $\gamma_{DL}$ = 0.01 eV, solve_det_sinkz_vs_mu.py
0.000000000e+00	2.347184127e+00	2.266138392e-02	1.477469040e-12
-2.000000000e-04	2.347185602e+00	2.258076766e-02	1.731942537e-12
-4.000000000e-04	2.347187081e+00	2.250015139e-02	1.585993185e-12
-6.000000000e-04	2.347188562e+00	2.241953511e-02	1.460961758e-12
-8.000000000e-04	2.347190046e+00	2.233891882e-02	2.043900564e-12
-1.000000000e-03	2.347191533e+00	2.225830251e-02	6.281925192e-13
-1.200000000e-03	2.347193022e+00	2.217768619e-02	1.849775893e-12
-1.400000000e-03	2.347194514e+00	2.209706986e-02	1.175487572e-12
-1.600000000e-03	2.347196009e+00	2.201645351e-02	1.689214000e-12
-1.800000000e-03	2.347197507e+00	2.193583716e-02	1.652344388e-12
-2.000000000e-03	2.347199008e+00	2.185522079e-02	1.476610202e-12
-2.200000000e-03	2.347200511e+00	2.177460442e-02	2.166119016e-12
-2.400000000e-03	2.347202018e+00	2.169398803e-02	1.416451491e-12
-2.600000000e-03	2.347203527e+00	2.161337163e-02	1.356609688e-12
-2.800000000e-03	2.347205039e+00	2.153275522e-02	1.455652506e-12
-3.000000000e-03	2.347206553e+00	2.145213880e-02	1.839430405e-12
-3.200000000e-03	2.347208071e+00	2.137152238e-02	1.241103779e-12
-3.400000000e-03	2.347209591e+00	2.129090594e-02	9.780409523e-13
-3.600000000e-03	2.347211114e+00	2.121028949e-02	1.678229733e-12
-3.800000000e-03	2.347212639e+00	2.112967305e-02	2.584043485e-12
-4.000000000e-03	2.347214168e+00	2.104905658e-02	1.932372614e-12
-4.200000000e-03	2.347215699e+00	2.096844011e-02	2.166980240e-12
-4.400000000e-03	2.347217233e+00	2.088782363e-02	1.406210315e-12
-4.600000000e-03	2.347218770e+00	2.080720714e-02	2.828108482e-12
-4.800000000e-03	2.347220310e+00	2.072659065e-02	1.678525035e-12
-5.000000000e-03	2.347221852e+00	2.064597416e-02	9.976696677e-13
-5.200000000e-03	2.347223398e+00	2.056535765e-02	1.475933180e-12
-5.400000000e-03	2.347224946e+00	2.048474114e-02	1.904063072e-12
-5.600000000e-03	2.347226496e+00	2.040412462e-02	2.033926796e-12
-5.800000000e-03	2.347228050e+00	2.032350809e-02	1.892996871e-12
-6.000000000e-03	2.347229607e+00	2.024289157e-02	1.140530885e-12
-6.200000000e-03	2.347231166e+00	2.016227504e-02	1.398489862e-12
-6.400000000e-03	2.347232728e+00	2.008165850e-02	1.930249650e-12
-6.600000000e-03	2.347234292e+00	2.000104195e-02	1.116891238e-12
-6.800000000e-03	2.347235860e+00	1.992042541e-02	2.208205874e-12
-7.000000000e-03	2.347237430e+00	1.983980886e-02	1.425314526e-12
-7.200000000e-03	2.347239003e+00	1.975919230e-02	2.030437620e-12
-7.400000000e-03	2.347240579e+00	1.967857574e-02	2.006067902e-12
-7.600000000e-03	2.347242158e+00	1.959795918e-02	1.989912619e-12
-7.800000000e-03	2.347243739e+00	1.951734262e-02	1.573548244e-12
-8.000000000e-03	2.347245324e+00	1.943672605e-02	1.517260779e-12
-8.200000000e-03	2.347246911e+00	1.935610948e-02	1.586028921e-12
-8.400000000e-03	2.347248501e+00	1.927549292e-02	1.642909944e-12
-8.600000000e-03	2.347250093e+00	1.919487634e-02	1.255438316e-12
-8.800000000e-03	2.347251689e+00	1.911425977e-02	2.077732692e-12
-9.000000000e-03	2.347253287e+00	1.903364319e-02	1.547696987e-12
-9.200000000e-03	2.347254888e+00	1.895302662e-02	1.646846719e-12
-9.400000000e-03	2.347256492e+00	1.887241004e-02	2.442413573e-12
-9.600000000e-03	2.347258098e+00	1.879179347e-02	2.058029985e-12
-9.800000000e-03	2.347259707e+00	1.871117689e-02	1.591452780e-12
-1.000000000e-02	2.347261320e+00	1.863056032e-02	1.117852911e-12
-1.020000000e-02	2.347262935e+00	1.854994375e-02	9.682006292e-13
-1.040000000e-02	2.347264552e+00	1.846932717e-02	1.148237652e-12
-1.060000000e-02	2.347266173e+00	1.838871060e-02	1.917705658e-12
-1.080000000e-02	2.347267796e+00	1.830809403e-02	2.003301130e-12
-1.100000000e-02	2.347269422e+00	1.822747746e-02	2.377252537e-12
-1.120000000e-02	2.347271051e+00	1.814686089e-02	1.621699756e-12
-1.140000000e-02	2.347272683e+00	1.806624434e-02	1.639377597e-12
-1.160000000e-02	2.347274317e+00	1.798562777e-02	1.469306985e-12
-1.180000000e-02	2.347275954e+00	1.790501121e-02	2.100201899e-12
-1.200000000e-02	2.347277594e+00	1.782439466e-02	1.877122185e-12
-1.220000000e-02	2.347279237e+00	1.774377811e-02	1.514995322e-12
-1.240000000e-02	2.347280883e+00	1.766316157e-02	1.065013185e-12
-1.260000000e-02	2.347282531e+00	1.758254502e-02	2.366324401e-12
-1.280000000e-02	2.347284182e+00	1.750192848e-02	1.821244253e-12
-1.300000000e-02	2.347285836e+00	1.742131196e-02	2.719321853e-12
-1.320000000e-02	2.347287493e+00	1.734069543e-02	1.308182032e-12
-1.340000000e-02	2.347289152e+00	1.726007890e-02	1.616641747e-12
-1.360000000e-02	2.347290814e+00	1.717946239e-02	1.198504233e-12
-1.380000000e-02	2.347292480e+00	1.709884588e-02	8.115441504e-13
-1.400000000e-02	2.347294147e+00	1.701822937e-02	2.881948530e-12
-1.420000000e-02	2.347295818e+00	1.693761287e-02	1.948666916e-12
-1.440000000e-02	2.347297491e+00	1.685699638e-02	1.939216496e-12
-1.460000000e-02	2.347299168e+00	1.677637990e-02	1.644880735e-12
-1.480000000e-02	2.347300847e+00	1.669576342e-02	2.474307693e-12
-1.500000000e-02	2.347302529e+00	1.661514695e-02	1.341984608e-12
-1.520000000e-02	2.347304213e+00	1.653453050e-02	1.622594900e-12
-1.540000000e-02	2.347305900e+00	1.645391404e-02	1.739423947e-12
-1.560000000e-02	2.347307591e+00	1.637329760e-02	1.548437297e-12
-1.580000000e-02	2.347309284e+00	1.629268117e-02	2.957199032e-12
-1.600000000e-02	2.347310979e+00	1.621206474e-02	1.942783578e-12
-1.620000000e-02	2.347312678e+00	1.613144832e-02	1.071599678e-12
-1.640000000e-02	2.347314379e+00	1.605083192e-02	8.608990372e-13
-1.660000000e-02	2.347316083e+00	1.597021552e-02	9.124969207e-13
-1.680000000e-02	2.347317790e+00	1.588959913e-02	1.682916487e-12
-1.700000000e-02	2.347319500e+00	1.580898276e-02	1.705892180e-12
-1.720000000e-02	2.347321212e+00	1.572836640e-02	1.385184659e-12
-1.740000000e-02	2.347322927e+00	1.564775004e-02	1.732034456e-12
-1.760000000e-02	2.347324645e+00	1.556713370e-02	2.552630902e-12
-1.780000000e-02	2.347326366e+00	1.548651737e-02	5.422044430e-13
-1.800000000e-02	2.347328090e+00	1.540590105e-02	1.357091516e-12
-1.820000000e-02	2.347329816e+00	1.532528475e-02	8.642734202e-13
-1.840000000e-02	2.347331545e+00	1.524466846e-02	6.236917153e-13
-1.860000000e-02	2.347333277e+00	1.516405218e-02	2.683918522e-12
-1.880000000e-02	2.347335012e+00	1.508343591e-02	1.427770256e-12
-1.900000000e-02	2.347336750e+00	1.500281966e-02	2.120913120e-12
-1.920000000e-02	2.347338490e+00	1.492220342e-02	2.175087972e-12
-1.940000000e-02	2.347340233e+00	1.484158720e-02	1.223762136e-12
-1.960000000e-02	2.347341979e+00	1.476097099e-02	1.623164279e-12
-1.980000000e-02	2.347343728e+00	1.468035480e-02	2.597889953e-12
-2.000000000e-02	2.347345479e+00	1.459973861e-02	6.914565280e-13
-2.020000000e-02	2.347347233e+00	1.451912245e-02	1.604735126e-12
-2.040000000e-02	2.347348990e+00	1.443850629e-02	2.705199101e-12
-2.060000000e-02	2.347350750e+00	1.435789017e-02	2.294762044e-12
-2.080000000e-02	2.347352513e+00	1.427727405e-02	1.508991132e-12
-2.100000000e-02	2.347354278e+00	1.419665794e-02	1.055773587e-12
-2.120000000e-02	2.347356046e+00	1.411604186e-02	1.546107413e-12
-2.140000000e-02	2.347357817e+00	1.403542579e-02	2.019685723e-12
-2.160000000e-02	2.347359591e+00	1.395480974e-02	2.830693470e-12
-2.180000000e-02	2.347361368e+00	1.387419372e-02	1.544747804e-12
-2.200000000e-02	2.347363147e+00	1.379357770e-02	1.878135125e-12
-2.220000000e-02	2.347364929e+00	1.371296170e-02	2.114219979e-12
-2.240000000e-02	2.347366714e+00	1.363234573e-02	2.107449588e-12
-2.260000000e-02	2.347368502e+00	1.355172976e-02	2.652842278e-12
-2.280000000e-02	2.347370292e+00	1.347111383e-02	1.950647625e-12
-2.300000000e-02	2.347372086e+00	1.339049791e-02	2.501307190e-12
-2.320000000e-02	2.347373882e+00	1.330988200e-02	1.765313876e-12
-2.340000000e-02	2.347375680e+00	1.322926612e-02	1.791171923e-12
-2.360000000e-02	2.347377482e+00	1.314865027e-02	7.770002401e-13
-2.380000000e-02	2.347379287e+00	1.306803443e-02	2.795396841e-12
-2.400000000e-02	2.347381094e+00	1.298741861e-02	2.270529462e-12
-2.420000000e-02	2.347382904e+00	1.290680281e-02	1.482936212e-12
-2.440000000e-02	2.347384716e+00	1.282618703e-02	2.080421279e-12
-2.460000000e-02	2.347386532e+00	1.274557128e-02	1.677920292e-12
-2.480000000e-02	2.347388350e+00	1.266495554e-02	3.754412103e-12
-2.500000000e-02	2.347390172e+00	1.258433984e-02	1.439237396e-12
-2.520000000e-02	2.347391995e+00	1.250372415e-02	1.362623919e-12
-2.540000000e-02	2.347393822e+00	1.242310848e-02	1.131613539e-12
-2.560000000e-02	2.347395652e+00	1.234249284e-02	1.227325234e-12
-2.580000000e-02	2.347397484e+00	1.226187723e-02	5.909521314e-13
-2.600000000e-02	2.347399319e+00	1.218126163e-02	1.957581323e-12
-2.620000000e-02	2.347401157e+00	1.210064607e-02	1.871334049e-12
-2.640000000e-02	2.347402998e+00	1.202003051e-02	1.751562604e-12
-2.660000000e-02	2.347404841e+00	1.193941500e-02	1.523544726e-12
-2.680000000e-02	2.347406687e+00	1.185879950e-02	1.324944723e-12
-2.700000000e-02	2.347408536e+00	1.177818403e-02	1.343128437e-12
-2.720000000e-02	2.347410388e+00	1.169756858e-02	1.820658170e-12
-2.740000000e-02	2.347412243e+00	1.161695316e-02	2.207193037e-12
-2.760000000e-02	2.347414100e+00	1.153633777e-02	1.286719863e-12
-2.780000000e-02	2.347415960e+00	1.145572240e-02	2.343184617e-12
-2.800000000e-02	2.347417823e+00	1.137510706e-02	1.921488406e-12
-2.820000000e-02	2.347419689e+00	1.129449175e-02	8.740248144e-13
-2.840000000e-02	2.347421557e+00	1.121387646e-02	1.668709373e-12
-2.860000000e-02	2.347423429e+00	1.113326120e-02	2.615288247e-12
-2.880000000e-02	2.347425303e+00	1.105264597e-02	2.308994717e-12
-2.900000000e-02	2.347427180e+00	1.097203077e-02	1.875899994e-12
-2.920000000e-02	2.347429059e+00	1.089141559e-02	1.775380330e-12
-2.940000000e-02	2.347430942e+00	1.081080044e-02	2.523407817e-12
-2.960000000e-02	2.347432827e+00	1.073018533e-02	1.473447634e-12
-2.980000000e-02	2.347434715e+00	1.064957024e-02	1.423720734e-12
-3.000000000e-02	2.347436606e+00	1.056895518e-02	1.399303597e-12
-3.020000000e-02	2.347438499e+00	1.048834016e-02	1.291645237e-12
-3.040000000e-02	2.347440396e+00	1.040772516e-02	1.842492298e-12
-3.060000000e-02	2.347442295e+00	1.032711019e-02	2.740489763e-12
-3.080000000e-02	2.347444197e+00	1.024649526e-02	2.021197178e-12
-3.100000000e-02	2.347446102e+00	1.016588034e-02	2.072438504e-12
-3.120000000e-02	2.347448009e+00	1.008526547e-02	1.392498446e-12
-3.140000000e-02	2.347449919e+00	1.000465063e-02	1.211577324e-12
-3.160000000e-02	2.347451833e+00	9.924035824e-03	1.799937714e-12
-3.180000000e-02	2.347453748e+00	9.843421045e-03	1.810911977e-12
-3.200000000e-02	2.347455667e+00	9.762806294e-03	1.707042412e-12
-3.220000000e-02	2.347457589e+00	9.682191588e-03	2.419046388e-12
-3.240000000e-02	2.347459513e+00	9.601576900e-03	1.654778024e-12
-3.260000000e-02	2.347461440e+00	9.520962257e-03	1.246376611e-12
-3.280000000e-02	2.347463370e+00	9.440347644e-03	1.586348245e-12
-3.300000000e-02	2.347465302e+00	9.359733067e-03	1.937709662e-12
-3.320000000e-02	2.347467238e+00	9.279118516e-03	2.617932525e-12
-3.340000000e-02	2.347469176e+00	9.198504005e-03	2.008986874e-12
-3.360000000e-02	2.347471117e+00	9.117889530e-03	1.757257744e-12
-3.380000000e-02	2.347473061e+00	9.037275090e-03	1.279192768e-12
-3.400000000e-02	2.347475007e+00	8.956660687e-03	1.520101039e-12
-3.420000000e-02	2.347476957e+00	8.876046320e-03	1.437790058e-12
-3.440000000e-02	2.347478909e+00	8.795431983e-03	7.914602244e-13
-3.460000000e-02	2.347480864e+00	8.714817690e-03	1.791969392e-12
-3.480000000e-02	2.347482821e+00	8.634203428e-03	9.980094498e-13
-3.500000000e-02	2.347484782e+00	8.553589201e-03	1.761916080e-12
-3.520000000e-02	2.347486745e+00	8.472975017e-03	1.508632264e-12
-3.540000000e-02	2.347488711e+00	8.392360865e-03	1.801415613e-12
-3.560000000e-02	2.347490680e+00	8.311746760e-03	1.845218569e-12
-3.580000000e-02	2.347492652e+00	8.231132681e-03	1.785919018e-12
-3.600000000e-02	2.347494626e+00	8.150518646e-03	7.622312669e-13
-3.620000000e-02	2.347496603e+00	8.069904653e-03	1.642932646e-12
-3.640000000e-02	2.347498583e+00	7.989290697e-03	1.488598962e-12
-3.660000000e-02	2.347500566e+00	7.908676775e-03	2.039890453e-12
-3.680000000e-02	2.347502552e+00	7.828062897e-03	1.599921284e-12
-3.700000000e-02	2.347504540e+00	7.747449059e-03	6.994746627e-13
-3.720000000e-02	2.347506531e+00	7.666835262e-03	1.654752394e-12
-3.740000000e-02	2.347508525e+00	7.586221500e-03	1.894552249e-12
-3.760000000e-02	2.347510522e+00	7.505607779e-03	2.229821216e-12
-3.780000000e-02	2.347512521e+00	7.424994103e-03	1.311524985e-12
-3.800000000e-02	2.347514523e+00	7.344380468e-03	1.521310689e-12
-3.820000000e-02	2.347516529e+00	7.263766875e-03	1.226280313e-12
-3.840000000e-02	2.347518536e+00	7.183153326e-03	1.752902742e-12
-3.860000000e-02	2.347520547e+00	7.102539812e-03	1.674627724e-12
-3.880000000e-02	2.347522560e+00	7.021926345e-03	6.519872684e-13
-3.900000000e-02	2.347524577e+00	6.941312920e-03	1.629347411e-12
-3.920000000e-02	2.347526596e+00	6.860699536e-03	1.522556044e-12
-3.940000000e-02	2.347528617e+00	6.780086198e-03	1.407341853e-12
-3.960000000e-02	2.347530642e+00	6.699472907e-03	1.824156839e-12
-3.980000000e-02	2.347532669e+00	6.618859647e-03	2.946147348e-12
-4.000000000e-02	2.347534700e+00	6.538246450e-03	2.250723879e-12
-4.020000000e-02	2.347536733e+00	6.457633283e-03	1.557188883e-12
-4.040000000e-02	2.347538768e+00	6.377020166e-03	2.086580620e-12
-4.060000000e-02	2.347540807e+00	6.296407095e-03	1.565229939e-12
-4.080000000e-02	2.347542848e+00	6.215794068e-03	2.054183710e-12
-4.100000000e-02	2.347544892e+00	6.135181079e-03	1.944755362e-12
-4.120000000e-02	2.347546939e+00	6.054568147e-03	1.592262810e-12
-4.140000000e-02	2.347548989e+00	5.973955253e-03	2.136471963e-12
-4.160000000e-02	2.347551041e+00	5.893342415e-03	1.154654292e-12
-4.180000000e-02	2.347553096e+00	5.812729613e-03	1.691502030e-12
-4.200000000e-02	2.347555154e+00	5.732116862e-03	1.918562033e-12
-4.220000000e-02	2.347557215e+00	5.651504163e-03	6.712469168e-13
-4.240000000e-02	2.347559279e+00	5.570891507e-03	1.256804555e-12
-4.260000000e-02	2.347561345e+00	5.490278905e-03	1.231808928e-12
-4.280000000e-02	2.347563414e+00	5.409666344e-03	1.213731173e-12
-4.300000000e-02	2.347565486e+00	5.329053836e-03	3.131302784e-12
-4.320000000e-02	2.347567561e+00	5.248441374e-03	1.087612221e-12
-4.340000000e-02	2.347569639e+00	5.167828961e-03	1.269340623e-12
-4.360000000e-02	2.347571719e+00	5.087216594e-03	2.653881484e-12
-4.380000000e-02	2.347573802e+00	5.006604286e-03	1.436397378e-12
-4.400000000e-02	2.347575888e+00	4.925992026e-03	1.875346202e-12
-4.420000000e-02	2.347577977e+00	4.845379806e-03	2.074069549e-12
-4.440000000e-02	2.347580068e+00	4.764767649e-03	9.590694920e-13
-4.460000000e-02	2.347582162e+00	4.684155536e-03	1.453075673e-12
-4.480000000e-02	2.347584259e+00	4.603543479e-03	2.545543022e-12
-4.500000000e-02	2.347586359e+00	4.522931465e-03	1.611847988e-12
-4.520000000e-02	2.347588462e+00	4.442319509e-03	1.128852650e-12
-4.540000000e-02	2.347590567e+00	4.361707608e-03	1.480021606e-12
-4.560000000e-02	2.347592675e+00	4.281095751e-03	2.566623350e-12
-4.580000000e-02	2.347594786e+00	4.200483955e-03	9.905246530e-13
-4.600000000e-02	2.347596900e+00	4.119872209e-03	1.483559155e-12
-4.620000000e-02	2.347599017e+00	4.039260509e-03	1.705268512e-12
-4.640000000e-02	2.347601136e+00	3.958648875e-03	1.930371505e-12
-4.660000000e-02	2.347603258e+00	3.878037283e-03	1.189374004e-12
-4.680000000e-02	2.347605383e+00	3.797425753e-03	1.221095330e-12
-4.700000000e-02	2.347607511e+00	3.716814276e-03	2.186114380e-12
-4.720000000e-02	2.347609641e+00	3.636202849e-03	8.196766046e-13
-4.740000000e-02	2.347611774e+00	3.555591483e-03	1.993274418e-12
-4.760000000e-02	2.347613910e+00	3.474980169e-03	1.063711213e-12
-4.780000000e-02	2.347616049e+00	3.394368912e-03	1.620639821e-12
-4.800000000e-02	2.347618191e+00	3.313757708e-03	1.864189481e-12
-4.820000000e-02	2.347620335e+00	3.233146560e-03	1.791176947e-12
-4.840000000e-02	2.347622482e+00	3.152535472e-03	2.184726831e-12
-4.860000000e-02	2.347624632e+00	3.071924437e-03	1.653386532e-12
-4.880000000e-02	2.347626785e+00	2.991313461e-03	2.655780209e-12
-4.900000000e-02	2.347628941e+00	2.910702544e-03	1.032959616e-12
-4.920000000e-02	2.347631099e+00	2.830091683e-03	9.588267080e-13
-4.940000000e-02	2.347633260e+00	2.749480884e-03	2.237472539e-12
-4.960000000e-02	2.347635424e+00	2.668870135e-03	1.243359510e-12
-4.980000000e-02	2.347637591e+00	2.588259451e-03	1.803221868e-12
-5.000000000e-02	2.347639760e+00	2.507648821e-03	5.107925237e-13
-5.020000000e-02	2.347641933e+00	2.427038254e-03	1.054388465e-12
-5.040000000e-02	2.347644108e+00	2.346427743e-03	2.142006328e-12
-5.060000000e-02	2.347646286e+00	2.265817290e-03	1.897673307e-12
-5.080000000e-02	2.347648466e+00	2.185206904e-03	1.033927824e-12
-5.100000000e-02	2.347650650e+00	2.104596572e-03	1.243868735e-12
-5.120000000e-02	2.347652836e+00	2.023986304e-03	2.092999593e-12
-5.140000000e-02	2.347655025e+00	1.943376100e-03	2.019065200e-12
-5.160000000e-02	2.347657217e+00	1.862765948e-03	1.709098498e-12
-5.180000000e-02	2.347659411e+00	1.782155860e-03	1.552706285e-12
-5.200000000e-02	2.347661608e+00	1.701545836e-03	1.504831640e-12
-5.220000000e-02	2.347663809e+00	1.620935877e-03	2.217703805e-12
-5.240000000e-02	2.347666012e+00	1.540325973e-03	3.250007113e-12
-5.260000000e-02	2.347668217e+00	1.459716136e-03	1.317023475e-12
-5.280000000e-02	2.347670426e+00	1.379106359e-03	1.722142353e-12
-5.300000000e-02	2.347672637e+00	1.298496647e-03	1.451590819e-12
-5.320000000e-02	2.347674851e+00	1.217887004e-03	2.085297935e-12
-5.340000000e-02	2.347677068e+00	1.137277418e-03	1.732095076e-12
-5.360000000e-02	2.347679288e+00	1.056667894e-03	1.367583477e-12
-5.380000000e-02	2.347681510e+00	9.760584418e-04	1.666360054e-12
-5.400000000e-02	2.347683735e+00	8.954490498e-04	1.867288107e-12
-5.420000000e-02	2.347685963e+00	8.148397199e-04	1.793037212e-12
-5.440000000e-02	2.347688194e+00	7.342304548e-04	2.888770141e-12
-5.460000000e-02	2.347690428e+00	6.536212634e-04	1.576058303e-12
-5.480000000e-02	2.347692664e+00	5.730121266e-04	1.561380163e-12
-5.500000000e-02	2.347694903e+00	4.924030674e-04	1.396703749e-12
-5.520000000e-02	2.347697145e+00	4.117940701e-04	2.095054971e-12
-5.540000000e-02	2.347699390e+00	3.311851321e-04	1.068196669e-12
-5.560000000e-02	2.347701637e+00	2.505762663e-04	1.433980891e-12
-5.580000000e-02	2.347703888e+00	1.699674695e-04	1.325487371e-12
-5.600000000e-02	2.347706141e+00	8.935873819e-05	1.406593986e-12
-5.620000000e-02	2.347708397e+00	8.750079914e-06	1.232641767e-12
-5.640000000e-02	2.347710655e+00	-7.185851616e-05	1.251718749e-12
-5.660000000e-02	2.347712917e+00	-1.524670440e-04	1.186109791e-12
-5.680000000e-02	2.347715181e+00	-2.330755017e-04	1.194196963e-12
-5.700000000e-02	2.347717448e+00	-3.136838925e-04	2.125990088e-12
-5.720000000e-02	2.347719718e+00	-3.942922072e-04	1.085162810e-12
-5.740000000e-02	2.347721990e+00	-4.749004560e-04	1.500728314e-12
-5.760000000e-02	2.347724266e+00	-5.555086393e-04	1.769284927e-12
-5.780000000e-02	2.347726544e+00	-6.361167451e-04	1.868340526e-12
-5.800000000e-02	2.347728825e+00	-7.167247897e-04	1.116812213e-12
-5.820000000e-02	2.347731109e+00	-7.973327594e-04	1.756008745e-12
-5.840000000e-02	2.347733395e+00	-8.779406516e-04	1.893028340e-12
-5.860000000e-02	2.347735684e+00	-9.585484822e-04	2.241155976e-12
-5.880000000e-02	2.347737976e+00	-1.039156235e-03	2.185287130e-12
-5.900000000e-02	2.347740271e+00	-1.119763922e-03	1.469138550e-12
-5.920000000e-02	2.347742569e+00	-1.200371534e-03	1.545715285e-12
-5.940000000e-02	2.347744869e+00	-1.280979067e-03	1.889741989e-12
-5.960000000e-02	2.347747173e+00	-1.361586536e-03	1.509032127e-12
-5.980000000e-02	2.347749479e+00	-1.442193928e-03	1.423573760e-12
-6.000000000e-02	2.347751787e+00	-1.522801246e-03	1.530831556e-12
-6.020000000e-02	2.347754099e+00	-1.603408497e-03	1.276229859e-12
-6.040000000e-02	2.347756413e+00	-1.684015664e-03	1.572725949e-12
-6.060000000e-02	2.347758731e+00	-1.764622767e-03	1.340143743e-12
-6.080000000e-02	2.347761051e+00	-1.845229784e-03	2.693182036e-12
-6.100000000e-02	2.347763373e+00	-1.925836740e-03	1.300433343e-12
-6.120000000e-02	2.347765699e+00	-2.006443614e-03	1.707428117e-12
-6.140000000e-02	2.347768027e+00	-2.087050407e-03	1.500270792e-12
-6.160000000e-02	2.347770358e+00	-2.167657137e-03	2.345082835e-12
-6.180000000e-02	2.347772692e+00	-2.248263775e-03	2.384727611e-12
-6.200000000e-02	2.347775029e+00	-2.328870353e-03	2.344882983e-12
-6.220000000e-02	2.347777368e+00	-2.409476844e-03	1.229299138e-12
-6.240000000e-02	2.347779711e+00	-2.490083263e-03	1.197396269e-12
-6.260000000e-02	2.347782056e+00	-2.570689607e-03	2.906017071e-12
-6.280000000e-02	2.347784403e+00	-2.651295860e-03	1.769113323e-12
-6.300000000e-02	2.347786754e+00	-2.731902049e-03	2.298363643e-12
-6.320000000e-02	2.347789107e+00	-2.812508156e-03	2.323899054e-12
-6.340000000e-02	2.347791464e+00	-2.893114184e-03	1.719589260e-12
-6.360000000e-02	2.347793822e+00	-2.973720134e-03	1.482634529e-12
-6.380000000e-02	2.347796184e+00	-3.054326009e-03	1.558800704e-12
-6.400000000e-02	2.347798549e+00	-3.134931800e-03	1.447899736e-12
-6.420000000e-02	2.347800916e+00	-3.215537507e-03	2.463707957e-12
-6.440000000e-02	2.347803286e+00	-3.296143149e-03	2.359249880e-12
-6.460000000e-02	2.347805659e+00	-3.376748699e-03	8.011432557e-13
-6.480000000e-02	2.347808035e+00	-3.457354172e-03	1.059787218e-12
-6.500000000e-02	2.347810413e+00	-3.537959561e-03	2.060039865e-12
-6.520000000e-02	2.347812794e+00	-3.618564878e-03	2.053130718e-12
-6.540000000e-02	2.347815178e+00	-3.699170102e-03	2.089621661e-12
-6.560000000e-02	2.347817565e+00	-3.779775257e-03	2.619970099e-12
-6.580000000e-02	2.347819955e+00	-3.860380320e-03	1.867343154e-12
-6.600000000e-02	2.347822347e+00	-3.940985307e-03	2.053719380e-12
-6.620000000e-02	2.347824742e+00	-4.021590209e-03	1.697783416e-12
-6.640000000e-02	2.347827140e+00	-4.102195024e-03	2.021620981e-12
-6.660000000e-02	2.347829541e+00	-4.182799768e-03	1.933167856e-12
-6.680000000e-02	2.347831945e+00	-4.263404415e-03	1.957937541e-12
-6.700000000e-02	2.347834351e+00	-4.344008985e-03	2.028961884e-12
-6.720000000e-02	2.347836760e+00	-4.424613474e-03	9.362695573e-13
-6.740000000e-02	2.347839172e+00	-4.505217878e-03	1.514187772e-12
-6.760000000e-02	2.347841587e+00	-4.585822195e-03	1.724299244e-12
-6.780000000e-02	2.347844004e+00	-4.666426425e-03	2.219262067e-12
-6.800000000e-02	2.347846424e+00	-4.747030578e-03	1.260164273e-12
-6.820000000e-02	2.347848847e+00	-4.827634640e-03	1.549801165e-12
-6.840000000e-02	2.347851273e+00	-4.908238618e-03	2.211346527e-12
-6.860000000e-02	2.347853702e+00	-4.988842507e-03	5.089971285e-13
-6.880000000e-02	2.347856133e+00	-5.069446317e-03	1.986142405e-12
-6.900000000e-02	2.347858567e+00	-5.150050028e-03	2.137136047e-12
-6.920000000e-02	2.347861004e+00	-5.230653663e-03	1.050733477e-12
-6.940000000e-02	2.347863444e+00	-5.311257207e-03	1.866074296e-12
-6.960000000e-02	2.347865887e+00	-5.391860663e-03	2.437427333e-12
-6.980000000e-02	2.347868332e+00	-5.472464039e-03	2.068133229e-12
-7.000000000e-02	2.347870780e+00	-5.553067320e-03	2.109468316e-12
-7.020000000e-02	2.347873231e+00	-5.633670514e-03	1.753346380e-12
-7.040000000e-02	2.347875685e+00	-5.714273624e-03	1.786533307e-12
-7.060000000e-02	2.347878141e+00	-5.794876637e-03	1.293674901e-12
-7.080000000e-02	2.347880600e+00	-5.875479563e-03	1.969793151e-12
-7.100000000e-02	2.347883062e+00	-5.956082403e-03	1.204265919e-12
-7.120000000e-02	2.347885527e+00	-6.036685157e-03	2.654645763e-12
-7.140000000e-02	2.347887995e+00	-6.117287813e-03	1.955293869e-12
-7.160000000e-02	2.347890465e+00	-6.197890381e-03	1.223653715e-12
-7.180000000e-02	2.347892938e+00	-6.278492860e-03	1.525605562e-12
-7.200000000e-02	2.347895414e+00	-6.359095248e-03	2.155372828e-12
-7.220000000e-02	2.347897893e+00	-6.439697541e-03	1.530098872e-12
-7.240000000e-02	2.347900375e+00	-6.520299749e-03	2.785260794e-12
-7.260000000e-02	2.347902859e+00	-6.600901864e-03	1.731311703e-12
-7.280000000e-02	2.347905346e+00	-6.681503882e-03	1.991233421e-12
-7.300000000e-02	2.347907836e+00	-6.762105813e-03	7.099449520e-13
-7.320000000e-02	2.347910329e+00	-6.842707647e-03	1.836107612e-12
-7.340000000e-02	2.347912824e+00	-6.923309396e-03	1.552334821e-12
-7.360000000e-02	2.347915322e+00	-7.003911048e-03	1.747419274e-12
-7.380000000e-02	2.347917823e+00	-7.084512599e-03	1.421070738e-12
-7.400000000e-02	2.347920327e+00	-7.165114064e-03	2.448842256e-12
-7.420000000e-02	2.347922834e+00	-7.245715431e-03	1.607616527e-12
-7.440000000e-02	2.347925343e+00	-7.326316710e-03	1.496665101e-12
-7.460000000e-02	2.347927855e+00	-7.406917892e-03	1.388610958e-12
-7.480000000e-02	2.347930370e+00	-7.487518972e-03	1.779449922e-12
-7.500000000e-02	2.347932888e+00	-7.568119969e-03	1.350663254e-12
-7.520000000e-02	2.347935409e+00	-7.648720862e-03	1.366619900e-12
-7.540000000e-02	2.347937932e+00	-7.729321661e-03	1.150525036e-12
-7.560000000e-02	2.347940458e+00	-7.809922367e-03	1.756417694e-12
-7.580000000e-02	2.347942987e+00	-7.890522970e-03	2.499221392e-12
-7.600000000e-02	2.347945519e+00	-7.971123479e-03	1.447139807e-12
-7.620000000e-02	2.347948053e+00	-8.051723892e-03	1.452670153e-12
-7.640000000e-02	2.347950590e+00	-8.132324212e-03	1.131661569e-12
-7.660000000e-02	2.347953130e+00	-8.212924433e-03	1.956735785e-12
-7.680000000e-02	2.347955673e+00	-8.293524548e-03	1.327616084e-12
-7.700000000e-02	2.347958219e+00	-8.374124572e-03	1.929530693e-12
-7.720000000e-02	2.347960767e+00	-8.454724499e-03	1.611715220e-12
-7.740000000e-02	2.347963318e+00	-8.535324323e-03	2.377828932e-12
-7.760000000e-02	2.347965872e+00	-8.615924046e-03	1.515291539e-12
-7.780000000e-02	2.347968429e+00	-8.696523675e-03	1.949410912e-12
-7.800000000e-02	2.347970989e+00	-8.777123207e-03	1.314888173e-12
-7.820000000e-02	2.347973551e+00	-8.857722630e-03	1.615174953e-12
-7.840000000e-02	2.347976116e+00	-8.938321957e-03	2.064408717e-12
-7.860000000e-02	2.347978684e+00	-9.018921187e-03	1.736366048e-12
-7.880000000e-02	2.347981255e+00	-9.099520317e-03	1.737408052e-12
-7.900000000e-02	2.347983828e+00	-9.180119341e-03	2.084482511e-12
-7.920000000e-02	2.347986404e+00	-9.260718261e-03	2.215369922e-12
-7.940000000e-02	2.347988983e+00	-9.341317083e-03	1.959790265e-12
-7.960000000e-02	2.347991565e+00	-9.421915806e-03	1.368138744e-12
-7.980000000e-02	2.347994150e+00	-9.502514424e-03	2.682201711e-12
-8.000000000e-02	2.347996737e+00	-9.583112946e-03	2.981268090e-12
-8.020000000e-02	2.347999327e+00	-9.663711358e-03	1.776520117e-12
-8.040000000e-02	2.348001920e+00	-9.744309664e-03	1.572638467e-12
-8.060000000e-02	2.348004516e+00	-9.824907872e-03	1.070131414e-12
-8.080000000e-02	2.348007114e+00	-9.905505981e-03	1.478604797e-12
-8.100000000e-02	2.348009716e+00	-9.986103982e-03	2.460631377e-12
-8.120000000e-02	2.348012320e+00	-1.006670187e-02	1.739978088e-12
-8.140000000e-02	2.348014927e+00	-1.014729966e-02	1.848695657e-12
-8.160000000e-02	2.348017536e+00	-1.022789735e-02	1.533005534e-12
-8.180000000e-02	2.348020149e+00	-1.030849493e-02	1.136259133e-12
-8.200000000e-02	2.348022764e+00	-1.038909241e-02	1.205894148e-12
-8.220000000e-02	2.348025382e+00	-1.046968977e-02	1.771058039e-12
-8.240000000e-02	2.348028003e+00	-1.055028704e-02	1.820558451e-12
-8.260000000e-02	2.348030626e+00	-1.063088420e-02	1.149773541e-12
-8.280000000e-02	2.348033253e+00	-1.071148125e-02	1.779278603e-12
-8.300000000e-02	2.348035882e+00	-1.079207820e-02	2.459080417e-12
-8.320000000e-02	2.348038514e+00	-1.087267503e-02	9.405035202e-13
-8.340000000e-02	2.348041149e+00	-1.095327176e-02	9.528607104e-13
-8.360000000e-02	2.348043786e+00	-1.103386838e-02	1.815485140e-12
-8.380000000e-02	2.348046426e+00	-1.111446490e-02	1.673219353e-12
-8.400000000e-02	2.348049070e+00	-1.119506130e-02	1.986418692e-12
-8.420000000e-02	2.348051715e+00	-1.127565760e-02	1.097069655e-12
-8.440000000e-02	2.348054364e+00	-1.135625379e-02	1.884818682e-12
-8.460000000e-02	2.348057015e+00	-1.143684987e-02	2.338610332e-12
-8.480000000e-02	2.348059670e+00	-1.151744583e-02	1.789259287e-12
-8.500000000e-02	2.348062327e+00	-1.159804170e-02	1.296389104e-12
-8.520000000e-02	2.348064986e+00	-1.167863744e-02	2.304996242e-12
-8.540000000e-02	2.348067649e+00	-1.175923309e-02	2.033377505e-12
-8.560000000e-02	2.348070314e+00	-1.183982861e-02	1.529173878e-12
-8.580000000e-02	2.348072983e+00	-1.192042403e-02	1.560134599e-12
-8.600000000e-02	2.348075653e+00	-1.200101934e-02	1.852380335e-12
-8.620000000e-02	2.348078327e+00	-1.208161453e-02	2.522250720e-12
-8.640000000e-02	2.348081004e+00	-1.216220962e-02	1.112517069e-12
-8.660000000e-02	2.348083683e+00	-1.224280458e-02	2.256639932e-12
-8.680000000e-02	2.348086365e+00	-1.232339945e-02	1.337727663e-12
-8.700000000e-02	2.348089050e+00	-1.240399420e-02	2.520346604e-12
-8.720000000e-02	2.348091738e+00	-1.248458883e-02	1.696541843e-12
-8.740000000e-02	2.348094428e+00	-1.256518335e-02	1.967124212e-12
-8.760000000e-02	2.348097121e+00	-1.264577776e-02	2.208535412e-12
-8.780000000e-02	2.348099817e+00	-1.272637205e-02	2.340123153e-12
-8.800000000e-02	2.348102516e+00	-1.280696622e-02	1.595804834e-12
-8.820000000e-02	2.348105217e+00	-1.288756029e-02	1.793880783e-12
-8.840000000e-02	2.348107922e+00	-1.296815424e-02	1.366251057e-12
-8.860000000e-02	2.348110629e+00	-1.304874807e-02	1.161226927e-12
-8.880000000e-02	2.348113339e+00	-1.312934179e-02	1.155910368e-12
-8.900000000e-02	2.348116052e+00	-1.320993539e-02	1.285544093e-12
-8.920000000e-02	2.348118767e+00	-1.329052888e-02	1.779747119e-12
-8.940000000e-02	2.348121485e+00	-1.337112225e-02	1.725315886e-12
-8.960000000e-02	2.348124206e+00	-1.345171551e-02	2.026701845e-12
-8.980000000e-02	2.348126930e+00	-1.353230865e-02	2.099882736e-12
-9.000000000e-02	2.348129657e+00	-1.361290167e-02	1.964449784e-12
-9.020000000e-02	2.348132386e+00	-1.369349457e-02	1.213393164e-12
-9.040000000e-02	2.348135118e+00	-1.377408736e-02	1.024971810e-12
-9.060000000e-02	2.348137853e+00	-1.385468002e-02	2.319229180e-12
-9.080000000e-02	2.348140591e+00	-1.393527258e-02	1.095607959e-12
-9.100000000e-02	2.348143332e+00	-1.401586501e-02	1.681976398e-12
-9.120000000e-02	2.348146075e+00	-1.409645732e-02	1.919940310e-12
-9.140000000e-02	2.348148821e+00	-1.417704952e-02	1.661237706e-12
-9.160000000e-02	2.348151570e+00	-1.425764159e-02	2.239601331e-12
-9.180000000e-02	2.348154322e+00	-1.433823354e-02	1.927632010e-12
-9.200000000e-02	2.348157076e+00	-1.441882538e-02	1.405099599e-12
-9.220000000e-02	2.348159833e+00	-1.449941709e-02	2.461491532e-12
-9.240000000e-02	2.348162593e+00	-1.458000869e-02	2.053342932e-12
-9.260000000e-02	2.348165356e+00	-1.466060016e-02	1.862096803e-12
-9.280000000e-02	2.348168122e+00	-1.474119151e-02	1.880687864e-12
-9.300000000e-02	2.348170890e+00	-1.482178274e-02	9.023835534e-13
-9.320000000e-02	2.348173661e+00	-1.490237385e-02	1.826655289e-12
-9.340000000e-02	2.348176435e+00	-1.498296484e-02	1.479656614e-12
-9.360000000e-02	2.348179212e+00	-1.506355570e-02	2.491490836e-12
-9.380000000e-02	2.348181991e+00	-1.514414645e-02	1.706816311e-12
-9.400000000e-02	2.348184774e+00	-1.522473706e-02	1.553319529e-12
-9.420000000e-02	2.348187559e+00	-1.530532756e-02	2.388101828e-12
-9.440000000e-02	2.348190347e+00	-1.538591793e-02	1.414845084e-12
-9.460000000e-02	2.348193137e+00	-1.546650818e-02	2.233001257e-12
-9.480000000e-02	2.348195931e+00	-1.554709831e-02	1.854793115e-12
-9.500000000e-02	2.348198727e+00	-1.562768831e-02	1.687988764e-12
-9.520000000e-02	2.348201526e+00	-1.570827818e-02	1.960789682e-12
-9.540000000e-02	2.348204328e+00	-1.578886793e-02	1.889647763e-12
-9.560000000e-02	2.348207132e+00	-1.586945756e-02	1.210210094e-12
-9.580000000e-02	2.348209940e+00	-1.595004706e-02	2.175254227e-12
-9.600000000e-02	2.348212750e+00	-1.603063644e-02	3.254464880e-12
-9.620000000e-02	2.348215563e+00	-1.611122568e-02	2.162458675e-12
-9.640000000e-02	2.348218379e+00	-1.619181480e-02	1.415292854e-12
-9.660000000e-02	2.348221197e+00	-1.627240379e-02	2.047049979e-12
-9.680000000e-02	2.348224018e+00	-1.635299266e-02	2.138622000e-12
-9.700000000e-02	2.348226842e+00	-1.643358141e-02	1.452032872e-12
-9.720000000e-02	2.348229669e+00	-1.651417002e-02	1.902255524e-12
-9.740000000e-02	2.348232499e+00	-1.659475851e-02	2.732625723e-12
-9.760000000e-02	2.348235331e+00	-1.667534686e-02	1.530332919e-12
-9.780000000e-02	2.348238166e+00	-1.675593509e-02	2.539047373e-12
-9.800000000e-02	2.348241004e+00	-1.683652319e-02	6.369433027e-13
-9.820000000e-02	2.348243845e+00	-1.691711116e-02	1.337697030e-12
-9.840000000e-02	2.348246689e+00	-1.699769900e-02	1.377302740e-12
-9.860000000e-02	2.348249535e+00	-1.707828672e-02	2.406947896e-12
-9.880000000e-02	2.348252384e+00	-1.715887430e-02	2.419179469e-12
-9.900000000e-02	2.348255236e+00	-1.723946175e-02	8.393098931e-13
-9.920000000e-02	2.348258091e+00	-1.732004907e-02	1.767086087e-12
-9.940000000e-02	2.348260948e+00	-1.740063627e-02	1.920505089e-12
-9.960000000e-02	2.348263808e+00	-1.748122332e-02	1.400658222e-12
-9.980000000e-02	2.348266672e+00	-1.756181025e-02	1.760531860e-12
-1.000000000e-01	2.348269537e+00	-1.764239705e-02	1.532081424e-12
