# epsi_ci     Re(Lambda)      Im(Lambda)      Eq(det), R = 0.40 $\mu$m, $E_p$ = 0.900 eV, modo = 1, $\epsilon_\infty$ = 3.9, $\gamma_{DL}$ = 0.01 eV, solve_det_sinkz_vs_mu.py
0.000000000e+00	2.342368501e+00	2.199490323e-02	8.842883628e-13
-2.000000000e-04	2.342370004e+00	2.191455448e-02	1.879699915e-12
-4.000000000e-04	2.342371510e+00	2.183420574e-02	2.128295909e-12
-6.000000000e-04	2.342373018e+00	2.175385699e-02	2.593432467e-12
-8.000000000e-04	2.342374529e+00	2.167350825e-02	2.282189203e-12
-1.000000000e-03	2.342376044e+00	2.159315951e-02	7.559036123e-13
-1.200000000e-03	2.342377560e+00	2.151281076e-02	1.805061737e-12
-1.400000000e-03	2.342379080e+00	2.143246203e-02	2.090587959e-12
-1.600000000e-03	2.342380603e+00	2.135211329e-02	1.216243801e-12
-1.800000000e-03	2.342382128e+00	2.127176456e-02	7.544660267e-13
-2.000000000e-03	2.342383656e+00	2.119141583e-02	1.457706524e-12
-2.200000000e-03	2.342385187e+00	2.111106711e-02	2.272772359e-12
-2.400000000e-03	2.342386720e+00	2.103071839e-02	1.805537841e-12
-2.600000000e-03	2.342388256e+00	2.095036967e-02	8.414801719e-13
-2.800000000e-03	2.342389795e+00	2.087002095e-02	6.434146104e-13
-3.000000000e-03	2.342391337e+00	2.078967225e-02	1.904319327e-12
-3.200000000e-03	2.342392882e+00	2.070932354e-02	9.881186454e-13
-3.400000000e-03	2.342394429e+00	2.062897484e-02	2.032717329e-12
-3.600000000e-03	2.342395980e+00	2.054862615e-02	2.137329410e-12
-3.800000000e-03	2.342397533e+00	2.046827747e-02	1.576593072e-12
-4.000000000e-03	2.342399088e+00	2.038792878e-02	1.942145097e-12
-4.200000000e-03	2.342400647e+00	2.030758011e-02	1.565439957e-12
-4.400000000e-03	2.342402208e+00	2.022723144e-02	2.274262978e-12
-4.600000000e-03	2.342403772e+00	2.014688278e-02	1.821129278e-12
-4.800000000e-03	2.342405339e+00	2.006653412e-02	2.504136642e-12
-5.000000000e-03	2.342406909e+00	1.998618548e-02	2.351607695e-12
-5.200000000e-03	2.342408481e+00	1.990583684e-02	1.569947086e-12
-5.400000000e-03	2.342410056e+00	1.982548821e-02	2.186025681e-12
-5.600000000e-03	2.342411634e+00	1.974513959e-02	1.482718782e-12
-5.800000000e-03	2.342413215e+00	1.966479098e-02	1.229455202e-12
-6.000000000e-03	2.342414798e+00	1.958444237e-02	1.335805633e-12
-6.200000000e-03	2.342416385e+00	1.950409378e-02	1.944248642e-12
-6.400000000e-03	2.342417974e+00	1.942374519e-02	1.928945300e-12
-6.600000000e-03	2.342419566e+00	1.934339661e-02	3.084502976e-12
-6.800000000e-03	2.342421160e+00	1.926304806e-02	3.638741727e-12
-7.000000000e-03	2.342422758e+00	1.918269950e-02	2.559834128e-12
-7.200000000e-03	2.342424358e+00	1.910235095e-02	1.352404544e-12
-7.400000000e-03	2.342425961e+00	1.902200242e-02	9.516898962e-13
-7.600000000e-03	2.342427566e+00	1.894165390e-02	2.531184478e-12
-7.800000000e-03	2.342429175e+00	1.886130539e-02	3.141831895e-12
-8.000000000e-03	2.342430786e+00	1.878095689e-02	1.151690344e-12
-8.200000000e-03	2.342432400e+00	1.870060840e-02	1.317231842e-12
-8.400000000e-03	2.342434017e+00	1.862025992e-02	1.387967360e-12
-8.600000000e-03	2.342435636e+00	1.853991147e-02	2.246513593e-12
-8.800000000e-03	2.342437259e+00	1.845956302e-02	2.020600839e-12
-9.000000000e-03	2.342438884e+00	1.837921458e-02	2.222391217e-12
-9.200000000e-03	2.342440512e+00	1.829886616e-02	1.848803898e-12
-9.400000000e-03	2.342442142e+00	1.821851775e-02	1.791790438e-12
-9.600000000e-03	2.342443776e+00	1.813816936e-02	1.943011564e-12
-9.800000000e-03	2.342445412e+00	1.805782099e-02	2.732211258e-12
-1.000000000e-02	2.342447051e+00	1.797747262e-02	2.842543904e-12
-1.020000000e-02	2.342448693e+00	1.789712427e-02	2.010970119e-12
-1.040000000e-02	2.342450337e+00	1.781677594e-02	1.229859401e-12
-1.060000000e-02	2.342451985e+00	1.773642762e-02	1.298981324e-12
-1.080000000e-02	2.342453635e+00	1.765607932e-02	1.332437496e-12
-1.100000000e-02	2.342455288e+00	1.757573103e-02	1.403539656e-12
-1.120000000e-02	2.342456943e+00	1.749538276e-02	1.851653249e-12
-1.140000000e-02	2.342458602e+00	1.741503451e-02	9.379591979e-13
-1.160000000e-02	2.342460263e+00	1.733468628e-02	1.836816928e-12
-1.180000000e-02	2.342461927e+00	1.725433805e-02	2.353229147e-12
-1.200000000e-02	2.342463594e+00	1.717398985e-02	2.423443212e-12
-1.220000000e-02	2.342465263e+00	1.709364168e-02	1.670969998e-12
-1.240000000e-02	2.342466936e+00	1.701329351e-02	2.967991509e-12
-1.260000000e-02	2.342468611e+00	1.693294537e-02	1.196309847e-12
-1.280000000e-02	2.342470288e+00	1.685259724e-02	1.584167699e-12
-1.300000000e-02	2.342471969e+00	1.677224913e-02	2.201290740e-12
-1.320000000e-02	2.342473653e+00	1.669190105e-02	2.474001128e-12
-1.340000000e-02	2.342475339e+00	1.661155298e-02	2.223454994e-12
-1.360000000e-02	2.342477028e+00	1.653120493e-02	1.832053291e-12
-1.380000000e-02	2.342478719e+00	1.645085690e-02	1.157505605e-12
-1.400000000e-02	2.342480414e+00	1.637050889e-02	1.311890864e-12
-1.420000000e-02	2.342482111e+00	1.629016090e-02	5.991086174e-13
-1.440000000e-02	2.342483811e+00	1.620981294e-02	1.239313758e-12
-1.460000000e-02	2.342485514e+00	1.612946499e-02	1.347013184e-12
-1.480000000e-02	2.342487220e+00	1.604911708e-02	3.189094417e-12
-1.500000000e-02	2.342488928e+00	1.596876918e-02	1.819743024e-12
-1.520000000e-02	2.342490639e+00	1.588842129e-02	1.783288138e-12
-1.540000000e-02	2.342492353e+00	1.580807343e-02	3.152916439e-12
-1.560000000e-02	2.342494070e+00	1.572772561e-02	1.688470395e-12
-1.580000000e-02	2.342495789e+00	1.564737780e-02	1.116869177e-12
-1.600000000e-02	2.342497511e+00	1.556703001e-02	8.498572100e-13
-1.620000000e-02	2.342499237e+00	1.548668225e-02	1.957229617e-12
-1.640000000e-02	2.342500964e+00	1.540633451e-02	2.219591917e-12
-1.660000000e-02	2.342502695e+00	1.532598680e-02	2.101213515e-12
-1.680000000e-02	2.342504428e+00	1.524563911e-02	1.459318161e-12
-1.700000000e-02	2.342506164e+00	1.516529145e-02	2.059979025e-12
-1.720000000e-02	2.342507903e+00	1.508494380e-02	1.167094995e-12
-1.740000000e-02	2.342509645e+00	1.500459619e-02	1.978412906e-12
-1.760000000e-02	2.342511389e+00	1.492424860e-02	2.642756586e-12
-1.780000000e-02	2.342513137e+00	1.484390104e-02	1.697345936e-12
-1.800000000e-02	2.342514887e+00	1.476355351e-02	7.521589678e-13
-1.820000000e-02	2.342516639e+00	1.468320600e-02	3.869793899e-13
-1.840000000e-02	2.342518395e+00	1.460285851e-02	2.534823852e-12
-1.860000000e-02	2.342520153e+00	1.452251106e-02	1.462801792e-12
-1.880000000e-02	2.342521914e+00	1.444216363e-02	2.169083790e-12
-1.900000000e-02	2.342523678e+00	1.436181623e-02	2.038570594e-12
-1.920000000e-02	2.342525445e+00	1.428146886e-02	1.880797884e-12
-1.940000000e-02	2.342527214e+00	1.420112152e-02	1.043935422e-12
-1.960000000e-02	2.342528987e+00	1.412077420e-02	9.907697198e-13
-1.980000000e-02	2.342530762e+00	1.404042692e-02	1.828673677e-12
-2.000000000e-02	2.342532539e+00	1.396007966e-02	1.751010449e-12
-2.020000000e-02	2.342534320e+00	1.387973244e-02	1.913596784e-12
-2.040000000e-02	2.342536103e+00	1.379938524e-02	2.534579343e-12
-2.060000000e-02	2.342537889e+00	1.371903807e-02	1.003189161e-12
-2.080000000e-02	2.342539678e+00	1.363869094e-02	2.327153659e-12
-2.100000000e-02	2.342541470e+00	1.355834383e-02	1.756538873e-12
-2.120000000e-02	2.342543264e+00	1.347799675e-02	1.349911034e-12
-2.140000000e-02	2.342545061e+00	1.339764971e-02	2.134484868e-12
-2.160000000e-02	2.342546861e+00	1.331730270e-02	1.368130159e-12
-2.180000000e-02	2.342548664e+00	1.323695572e-02	1.601000652e-12
-2.200000000e-02	2.342550469e+00	1.315660877e-02	1.350856681e-12
-2.220000000e-02	2.342552278e+00	1.307626185e-02	2.246526074e-12
-2.240000000e-02	2.342554089e+00	1.299591497e-02	8.954456416e-13
-2.260000000e-02	2.342555903e+00	1.291556812e-02	2.208144017e-12
-2.280000000e-02	2.342557719e+00	1.283522130e-02	2.479031366e-12
-2.300000000e-02	2.342559538e+00	1.275487452e-02	1.563535516e-12
-2.320000000e-02	2.342561361e+00	1.267452778e-02	1.879420618e-12
-2.340000000e-02	2.342563186e+00	1.259418105e-02	1.893719101e-12
-2.360000000e-02	2.342565013e+00	1.251383438e-02	2.297106317e-12
-2.380000000e-02	2.342566844e+00	1.243348773e-02	1.419131132e-12
-2.400000000e-02	2.342568677e+00	1.235314112e-02	2.254735352e-12
-2.420000000e-02	2.342570513e+00	1.227279454e-02	2.579017378e-12
-2.440000000e-02	2.342572352e+00	1.219244801e-02	2.095261949e-12
-2.460000000e-02	2.342574193e+00	1.211210150e-02	2.584860283e-12
-2.480000000e-02	2.342576038e+00	1.203175504e-02	1.231748929e-12
-2.500000000e-02	2.342577885e+00	1.195140861e-02	2.836831716e-12
-2.520000000e-02	2.342579735e+00	1.187106221e-02	1.808492748e-12
-2.540000000e-02	2.342581587e+00	1.179071585e-02	1.928679352e-12
-2.560000000e-02	2.342583443e+00	1.171036953e-02	2.412962063e-12
-2.580000000e-02	2.342585301e+00	1.163002325e-02	1.344106122e-12
-2.600000000e-02	2.342587162e+00	1.154967700e-02	8.938552988e-13
-2.620000000e-02	2.342589026e+00	1.146933079e-02	1.541713875e-12
-2.640000000e-02	2.342590892e+00	1.138898463e-02	1.475261295e-12
-2.660000000e-02	2.342592762e+00	1.130863850e-02	1.591343961e-12
-2.680000000e-02	2.342594634e+00	1.122829241e-02	2.113081950e-12
-2.700000000e-02	2.342596509e+00	1.114794636e-02	2.463916396e-12
-2.720000000e-02	2.342598386e+00	1.106760034e-02	2.359936571e-12
-2.740000000e-02	2.342600267e+00	1.098725438e-02	1.506479404e-12
-2.760000000e-02	2.342602150e+00	1.090690844e-02	1.525083007e-12
-2.780000000e-02	2.342604036e+00	1.082656255e-02	6.012636069e-13
-2.800000000e-02	2.342605925e+00	1.074621671e-02	1.563154744e-12
-2.820000000e-02	2.342607816e+00	1.066587090e-02	7.611960787e-13
-2.840000000e-02	2.342609710e+00	1.058552513e-02	1.850246185e-12
-2.860000000e-02	2.342611608e+00	1.050517940e-02	1.516719391e-12
-2.880000000e-02	2.342613507e+00	1.042483372e-02	2.404221928e-12
-2.900000000e-02	2.342615410e+00	1.034448808e-02	1.736734050e-12
-2.920000000e-02	2.342617315e+00	1.026414248e-02	1.764936161e-12
-2.940000000e-02	2.342619224e+00	1.018379692e-02	1.615077415e-12
-2.960000000e-02	2.342621134e+00	1.010345142e-02	1.557358351e-12
-2.980000000e-02	2.342623048e+00	1.002310594e-02	2.427853425e-12
-3.000000000e-02	2.342624965e+00	9.942760519e-03	9.401394697e-13
-3.020000000e-02	2.342626884e+00	9.862415137e-03	9.346256257e-13
-3.040000000e-02	2.342628806e+00	9.782069802e-03	1.844415446e-12
-3.060000000e-02	2.342630731e+00	9.701724508e-03	2.137262501e-12
-3.080000000e-02	2.342632658e+00	9.621379256e-03	2.211232694e-12
-3.100000000e-02	2.342634589e+00	9.541034054e-03	1.373753802e-12
-3.120000000e-02	2.342636522e+00	9.460688897e-03	1.636403304e-12
-3.140000000e-02	2.342638458e+00	9.380343786e-03	1.515289280e-12
-3.160000000e-02	2.342640396e+00	9.299998717e-03	2.727348741e-12
-3.180000000e-02	2.342642338e+00	9.219653705e-03	1.271660750e-12
-3.200000000e-02	2.342644282e+00	9.139308729e-03	6.886665761e-13
-3.220000000e-02	2.342646229e+00	9.058963808e-03	1.723575922e-12
-3.240000000e-02	2.342648179e+00	8.978618925e-03	1.198808202e-12
-3.260000000e-02	2.342650132e+00	8.898274095e-03	1.422730692e-12
-3.280000000e-02	2.342652087e+00	8.817929308e-03	1.869873336e-12
-3.300000000e-02	2.342654045e+00	8.737584576e-03	1.147177341e-12
-3.320000000e-02	2.342656006e+00	8.657239886e-03	2.062424411e-12
-3.340000000e-02	2.342657969e+00	8.576895248e-03	1.317452245e-12
-3.360000000e-02	2.342659936e+00	8.496550663e-03	1.976926214e-12
-3.380000000e-02	2.342661905e+00	8.416206120e-03	1.070568278e-12
-3.400000000e-02	2.342663877e+00	8.335861630e-03	8.433151545e-13
-3.420000000e-02	2.342665852e+00	8.255517190e-03	1.426871393e-12
-3.440000000e-02	2.342667829e+00	8.175172802e-03	2.629451819e-12
-3.460000000e-02	2.342669810e+00	8.094828453e-03	2.301898505e-12
-3.480000000e-02	2.342671793e+00	8.014484166e-03	2.313147840e-12
-3.500000000e-02	2.342673779e+00	7.934139931e-03	2.540176657e-12
-3.520000000e-02	2.342675767e+00	7.853795740e-03	1.601175267e-12
-3.540000000e-02	2.342677759e+00	7.773451609e-03	2.247055223e-12
-3.560000000e-02	2.342679753e+00	7.693107522e-03	2.649491028e-12
-3.580000000e-02	2.342681750e+00	7.612763491e-03	2.461000128e-12
-3.600000000e-02	2.342683749e+00	7.532419508e-03	1.507370213e-12
-3.620000000e-02	2.342685752e+00	7.452075584e-03	1.699700936e-12
-3.640000000e-02	2.342687757e+00	7.371731704e-03	2.018358706e-12
-3.660000000e-02	2.342689765e+00	7.291387883e-03	1.604608969e-12
-3.680000000e-02	2.342691776e+00	7.211044114e-03	1.599190416e-12
-3.700000000e-02	2.342693790e+00	7.130700398e-03	3.212146042e-12
-3.720000000e-02	2.342695806e+00	7.050356743e-03	1.652207985e-12
-3.740000000e-02	2.342697825e+00	6.970013139e-03	2.314746091e-12
-3.760000000e-02	2.342699847e+00	6.889669585e-03	2.404966827e-12
-3.780000000e-02	2.342701872e+00	6.809326093e-03	1.833779057e-12
-3.800000000e-02	2.342703899e+00	6.728982649e-03	2.016772496e-12
-3.820000000e-02	2.342705930e+00	6.648639264e-03	2.401628542e-12
-3.840000000e-02	2.342707963e+00	6.568295939e-03	2.016705906e-12
-3.860000000e-02	2.342709998e+00	6.487952662e-03	1.710533963e-12
-3.880000000e-02	2.342712037e+00	6.407609448e-03	1.156225152e-12
-3.900000000e-02	2.342714078e+00	6.327266293e-03	2.277975264e-12
-3.920000000e-02	2.342716122e+00	6.246923187e-03	6.655808689e-13
-3.940000000e-02	2.342718169e+00	6.166580139e-03	7.660755448e-13
-3.960000000e-02	2.342720219e+00	6.086237153e-03	1.291231129e-12
-3.980000000e-02	2.342722271e+00	6.005894222e-03	1.575195861e-12
-4.000000000e-02	2.342724327e+00	5.925551349e-03	1.542169648e-12
-4.020000000e-02	2.342726385e+00	5.845208536e-03	1.968815428e-12
-4.040000000e-02	2.342728445e+00	5.764865782e-03	2.791673047e-12
-4.060000000e-02	2.342730509e+00	5.684523090e-03	1.335982347e-12
-4.080000000e-02	2.342732575e+00	5.604180450e-03	1.373356768e-12
-4.100000000e-02	2.342734644e+00	5.523837876e-03	1.294221886e-12
-4.120000000e-02	2.342736716e+00	5.443495360e-03	2.301049683e-12
-4.140000000e-02	2.342738791e+00	5.363152904e-03	1.436483021e-12
-4.160000000e-02	2.342740868e+00	5.282810503e-03	2.091503358e-12
-4.180000000e-02	2.342742948e+00	5.202468171e-03	1.079437678e-12
-4.200000000e-02	2.342745031e+00	5.122125897e-03	9.235144989e-13
-4.220000000e-02	2.342747117e+00	5.041783685e-03	1.714407443e-12
-4.240000000e-02	2.342749205e+00	4.961441529e-03	1.401565951e-12
-4.260000000e-02	2.342751297e+00	4.881099447e-03	2.615004957e-12
-4.280000000e-02	2.342753391e+00	4.800757419e-03	2.395077588e-12
-4.300000000e-02	2.342755488e+00	4.720415453e-03	1.553646508e-12
-4.320000000e-02	2.342757587e+00	4.640073546e-03	1.340215355e-12
-4.340000000e-02	2.342759689e+00	4.559731707e-03	1.218506667e-12
-4.360000000e-02	2.342761795e+00	4.479389932e-03	2.051150471e-12
-4.380000000e-02	2.342763903e+00	4.399048225e-03	2.011098558e-12
-4.400000000e-02	2.342766013e+00	4.318706572e-03	1.951073824e-12
-4.420000000e-02	2.342768127e+00	4.238364988e-03	1.373380173e-12
-4.440000000e-02	2.342770243e+00	4.158023468e-03	1.738509305e-12
-4.460000000e-02	2.342772362e+00	4.077682014e-03	1.553538341e-12
-4.480000000e-02	2.342774484e+00	3.997340629e-03	2.725204001e-12
-4.500000000e-02	2.342776608e+00	3.916999304e-03	1.536340387e-12
-4.520000000e-02	2.342778736e+00	3.836658048e-03	2.478380743e-12
-4.540000000e-02	2.342780866e+00	3.756316848e-03	2.760980544e-12
-4.560000000e-02	2.342782999e+00	3.675975723e-03	2.232055565e-12
-4.580000000e-02	2.342785134e+00	3.595634666e-03	1.152831079e-12
-4.600000000e-02	2.342787273e+00	3.515293676e-03	8.789876065e-13
-4.620000000e-02	2.342789414e+00	3.434952752e-03	1.625095197e-12
-4.640000000e-02	2.342791558e+00	3.354611890e-03	1.727313755e-12
-4.660000000e-02	2.342793705e+00	3.274271100e-03	1.000693402e-12
-4.680000000e-02	2.342795854e+00	3.193930378e-03	1.446271028e-12
-4.700000000e-02	2.342798006e+00	3.113589725e-03	7.569462605e-13
-4.720000000e-02	2.342800161e+00	3.033249142e-03	1.279785117e-12
-4.740000000e-02	2.342802319e+00	2.952908620e-03	2.065535198e-12
-4.760000000e-02	2.342804480e+00	2.872568178e-03	1.838187720e-12
-4.780000000e-02	2.342806643e+00	2.792227797e-03	1.529936714e-12
-4.800000000e-02	2.342808810e+00	2.711887487e-03	2.206366569e-12
-4.820000000e-02	2.342810978e+00	2.631547249e-03	2.021603244e-12
-4.840000000e-02	2.342813150e+00	2.551207087e-03	2.509521447e-12
-4.860000000e-02	2.342815325e+00	2.470866981e-03	2.209015600e-12
-4.880000000e-02	2.342817502e+00	2.390526955e-03	1.611820060e-12
-4.900000000e-02	2.342819682e+00	2.310187007e-03	2.495904285e-12
-4.920000000e-02	2.342821865e+00	2.229847117e-03	8.326061759e-13
-4.940000000e-02	2.342824050e+00	2.149507308e-03	1.511671721e-12
-4.960000000e-02	2.342826239e+00	2.069167570e-03	2.044849149e-12
-4.980000000e-02	2.342828430e+00	1.988827900e-03	1.491106797e-12
-5.000000000e-02	2.342830624e+00	1.908488302e-03	1.759116320e-12
-5.020000000e-02	2.342832820e+00	1.828148780e-03	8.666049983e-13
-5.040000000e-02	2.342835020e+00	1.747809329e-03	1.689152984e-12
-5.060000000e-02	2.342837222e+00	1.667469955e-03	1.023550429e-12
-5.080000000e-02	2.342839427e+00	1.587130659e-03	2.796809184e-12
-5.100000000e-02	2.342841635e+00	1.506791426e-03	1.197274003e-12
-5.120000000e-02	2.342843845e+00	1.426452275e-03	1.269482941e-12
-5.140000000e-02	2.342846059e+00	1.346113190e-03	2.734325645e-12
-5.160000000e-02	2.342848275e+00	1.265774191e-03	1.612402681e-12
-5.180000000e-02	2.342850494e+00	1.185435264e-03	1.678627601e-12
-5.200000000e-02	2.342852715e+00	1.105096411e-03	1.922134269e-12
-5.220000000e-02	2.342854940e+00	1.024757630e-03	1.214106373e-12
-5.240000000e-02	2.342857167e+00	9.444189280e-04	1.312648616e-12
-5.260000000e-02	2.342859397e+00	8.640803000e-04	2.105038496e-12
-5.280000000e-02	2.342861630e+00	7.837417569e-04	1.358040144e-12
-5.300000000e-02	2.342863865e+00	7.034032868e-04	1.347736556e-12
-5.320000000e-02	2.342866103e+00	6.230648907e-04	1.350512163e-12
-5.340000000e-02	2.342868344e+00	5.427265741e-04	1.861179161e-12
-5.360000000e-02	2.342870588e+00	4.623883340e-04	1.320677579e-12
-5.380000000e-02	2.342872835e+00	3.820501749e-04	2.805794079e-12
-5.400000000e-02	2.342875084e+00	3.017120897e-04	1.048651500e-12
-5.420000000e-02	2.342877336e+00	2.213740871e-04	2.074072431e-12
-5.440000000e-02	2.342879591e+00	1.410361587e-04	2.323741477e-12
-5.460000000e-02	2.342881849e+00	6.069831359e-05	2.069597043e-12
-5.480000000e-02	2.342884109e+00	-1.963944718e-05	1.375704221e-12
-5.500000000e-02	2.342886373e+00	-9.997713450e-05	1.827855278e-12
-5.520000000e-02	2.342888639e+00	-1.803147379e-04	2.077564382e-12
-5.540000000e-02	2.342890907e+00	-2.606522679e-04	1.347351541e-12
-5.560000000e-02	2.342893179e+00	-3.409897115e-04	1.848349682e-12
-5.580000000e-02	2.342895453e+00	-4.213270772e-04	2.420179497e-12
-5.600000000e-02	2.342897730e+00	-5.016643602e-04	2.440763922e-12
-5.620000000e-02	2.342900010e+00	-5.820015546e-04	1.904619875e-12
-5.640000000e-02	2.342902293e+00	-6.623386796e-04	1.910872642e-12
-5.660000000e-02	2.342904578e+00	-7.426757198e-04	2.724806090e-12
-5.680000000e-02	2.342906867e+00	-8.230126687e-04	1.482033642e-12
-5.700000000e-02	2.342909158e+00	-9.033495391e-04	1.012219937e-12
-5.720000000e-02	2.342911451e+00	-9.836863286e-04	2.584568455e-12
-5.740000000e-02	2.342913748e+00	-1.064023039e-03	1.830705223e-12
-5.760000000e-02	2.342916047e+00	-1.144359655e-03	1.410225409e-12
-5.780000000e-02	2.342918349e+00	-1.224696197e-03	1.353280300e-12
-5.800000000e-02	2.342920654e+00	-1.305032649e-03	1.355647590e-12
-5.820000000e-02	2.342922962e+00	-1.385369016e-03	1.344940852e-12
-5.840000000e-02	2.342925272e+00	-1.465705303e-03	1.582757268e-12
-5.860000000e-02	2.342927585e+00	-1.546041504e-03	1.606910589e-12
-5.880000000e-02	2.342929901e+00	-1.626377621e-03	2.202045147e-12
-5.900000000e-02	2.342932220e+00	-1.706713647e-03	7.102255011e-13
-5.920000000e-02	2.342934541e+00	-1.787049590e-03	1.384032115e-12
-5.940000000e-02	2.342936865e+00	-1.867385446e-03	1.096297222e-12
-5.960000000e-02	2.342939192e+00	-1.947721216e-03	8.320521235e-13
-5.980000000e-02	2.342941522e+00	-2.028056897e-03	1.248915196e-12
-6.000000000e-02	2.342943855e+00	-2.108392492e-03	1.709261964e-12
-6.020000000e-02	2.342946190e+00	-2.188728008e-03	1.812221053e-12
-6.040000000e-02	2.342948528e+00	-2.269063423e-03	1.691179256e-12
-6.060000000e-02	2.342950869e+00	-2.349398759e-03	1.969387705e-12
-6.080000000e-02	2.342953213e+00	-2.429734001e-03	1.807258354e-12
-6.100000000e-02	2.342955559e+00	-2.510069162e-03	1.817055198e-12
-6.120000000e-02	2.342957908e+00	-2.590404225e-03	2.184282045e-12
-6.140000000e-02	2.342960260e+00	-2.670739210e-03	1.105105062e-12
-6.160000000e-02	2.342962615e+00	-2.751074101e-03	2.118400427e-12
-6.180000000e-02	2.342964973e+00	-2.831408895e-03	1.313783158e-12
-6.200000000e-02	2.342967333e+00	-2.911743608e-03	2.650540820e-12
-6.220000000e-02	2.342969696e+00	-2.992078224e-03	2.418935718e-12
-6.240000000e-02	2.342972062e+00	-3.072412756e-03	1.778332393e-12
-6.260000000e-02	2.342974430e+00	-3.152747192e-03	1.362122242e-12
-6.280000000e-02	2.342976802e+00	-3.233081541e-03	8.113882885e-13
-6.300000000e-02	2.342979176e+00	-3.313415800e-03	1.237146623e-12
-6.320000000e-02	2.342981553e+00	-3.393749964e-03	1.450819467e-12
-6.340000000e-02	2.342983933e+00	-3.474084032e-03	8.951409326e-13
-6.360000000e-02	2.342986315e+00	-3.554418016e-03	1.110213596e-12
-6.380000000e-02	2.342988700e+00	-3.634751903e-03	1.169578536e-12
-6.400000000e-02	2.342991088e+00	-3.715085698e-03	1.691939174e-12
-6.420000000e-02	2.342993479e+00	-3.795419394e-03	1.891389765e-12
-6.440000000e-02	2.342995873e+00	-3.875753005e-03	1.887323037e-12
-6.460000000e-02	2.342998269e+00	-3.956086518e-03	1.410560884e-12
-6.480000000e-02	2.343000668e+00	-4.036419939e-03	2.050073271e-12
-6.500000000e-02	2.343003070e+00	-4.116753266e-03	1.627665292e-12
-6.520000000e-02	2.343005475e+00	-4.197086500e-03	2.396869111e-12
-6.540000000e-02	2.343007882e+00	-4.277419635e-03	1.152269228e-12
-6.560000000e-02	2.343010292e+00	-4.357752679e-03	1.612765402e-12
-6.580000000e-02	2.343012705e+00	-4.438085623e-03	1.265421327e-12
-6.600000000e-02	2.343015121e+00	-4.518418470e-03	1.868059252e-12
-6.620000000e-02	2.343017539e+00	-4.598751224e-03	1.728483987e-12
-6.640000000e-02	2.343019961e+00	-4.679083886e-03	2.825585965e-12
-6.660000000e-02	2.343022385e+00	-4.759416446e-03	1.641328569e-12
-6.680000000e-02	2.343024812e+00	-4.839748907e-03	2.260810842e-12
-6.700000000e-02	2.343027241e+00	-4.920081282e-03	1.681896817e-12
-6.720000000e-02	2.343029674e+00	-5.000413546e-03	2.206679097e-12
-6.740000000e-02	2.343032109e+00	-5.080745724e-03	1.876777371e-12
-6.760000000e-02	2.343034547e+00	-5.161077797e-03	1.540407222e-12
-6.780000000e-02	2.343036987e+00	-5.241409772e-03	1.356271741e-12
-6.800000000e-02	2.343039431e+00	-5.321741649e-03	1.569152176e-12
-6.820000000e-02	2.343041877e+00	-5.402073426e-03	1.389861936e-12
-6.840000000e-02	2.343044326e+00	-5.482405106e-03	2.115353151e-12
-6.860000000e-02	2.343046778e+00	-5.562736690e-03	2.341977374e-12
-6.880000000e-02	2.343049232e+00	-5.643068170e-03	2.010912175e-12
-6.900000000e-02	2.343051690e+00	-5.723399545e-03	1.412862072e-12
-6.920000000e-02	2.343054150e+00	-5.803730824e-03	1.442827908e-12
-6.940000000e-02	2.343056613e+00	-5.884062004e-03	2.364827961e-12
-6.960000000e-02	2.343059078e+00	-5.964393079e-03	2.124974063e-12
-6.980000000e-02	2.343061547e+00	-6.044724063e-03	1.290852525e-12
-7.000000000e-02	2.343064018e+00	-6.125054933e-03	1.646105530e-12
-7.020000000e-02	2.343066492e+00	-6.205385704e-03	2.804214735e-12
-7.040000000e-02	2.343068969e+00	-6.285716383e-03	1.478410863e-12
-7.060000000e-02	2.343071448e+00	-6.366046950e-03	1.156870081e-12
-7.080000000e-02	2.343073930e+00	-6.446377417e-03	2.047603537e-12
-7.100000000e-02	2.343076416e+00	-6.526707779e-03	1.717443238e-12
-7.120000000e-02	2.343078903e+00	-6.607038037e-03	1.826393270e-12
-7.140000000e-02	2.343081394e+00	-6.687368196e-03	1.843015729e-12
-7.160000000e-02	2.343083887e+00	-6.767698252e-03	1.494404874e-12
-7.180000000e-02	2.343086383e+00	-6.848028200e-03	1.249480679e-12
-7.200000000e-02	2.343088882e+00	-6.928358048e-03	2.579123992e-12
-7.220000000e-02	2.343091384e+00	-7.008687781e-03	1.989901807e-12
-7.240000000e-02	2.343093888e+00	-7.089017417e-03	2.153666222e-12
-7.260000000e-02	2.343096396e+00	-7.169346949e-03	1.773216959e-12
-7.280000000e-02	2.343098906e+00	-7.249676375e-03	1.848817496e-12
-7.300000000e-02	2.343101418e+00	-7.330005694e-03	1.328763346e-12
-7.320000000e-02	2.343103934e+00	-7.410334904e-03	1.923179771e-12
-7.340000000e-02	2.343106452e+00	-7.490664010e-03	2.962081292e-12
-7.360000000e-02	2.343108973e+00	-7.570993011e-03	1.616816810e-12
-7.380000000e-02	2.343111497e+00	-7.651321901e-03	1.467839827e-12
-7.400000000e-02	2.343114024e+00	-7.731650688e-03	1.054014979e-12
-7.420000000e-02	2.343116553e+00	-7.811979362e-03	1.673378465e-12
-7.440000000e-02	2.343119085e+00	-7.892307932e-03	1.548799505e-12
-7.460000000e-02	2.343121620e+00	-7.972636392e-03	1.677967471e-12
-7.480000000e-02	2.343124158e+00	-8.052964750e-03	1.885724211e-12
-7.500000000e-02	2.343126699e+00	-8.133292993e-03	7.238098414e-13
-7.520000000e-02	2.343129242e+00	-8.213621128e-03	7.918176597e-13
-7.540000000e-02	2.343131788e+00	-8.293949156e-03	8.512481226e-13
-7.560000000e-02	2.343134337e+00	-8.374277069e-03	1.312439202e-12
-7.580000000e-02	2.343136888e+00	-8.454604877e-03	1.428557549e-12
-7.600000000e-02	2.343139442e+00	-8.534932571e-03	2.543900411e-12
-7.620000000e-02	2.343142000e+00	-8.615260161e-03	7.960077068e-13
-7.640000000e-02	2.343144559e+00	-8.695587632e-03	2.502286478e-12
-7.660000000e-02	2.343147122e+00	-8.775914997e-03	1.772094888e-12
-7.680000000e-02	2.343149688e+00	-8.856242254e-03	1.720359157e-12
-7.700000000e-02	2.343152256e+00	-8.936569396e-03	1.123993932e-12
-7.720000000e-02	2.343154827e+00	-9.016896429e-03	2.055208637e-12
-7.740000000e-02	2.343157400e+00	-9.097223345e-03	1.629289101e-12
-7.760000000e-02	2.343159977e+00	-9.177550143e-03	2.144494277e-12
-7.780000000e-02	2.343162556e+00	-9.257876838e-03	1.754356922e-12
-7.800000000e-02	2.343165138e+00	-9.338203417e-03	1.694524945e-12
-7.820000000e-02	2.343167723e+00	-9.418529887e-03	1.453649977e-12
-7.840000000e-02	2.343170311e+00	-9.498856240e-03	2.130056961e-12
-7.860000000e-02	2.343172901e+00	-9.579182478e-03	1.548083764e-12
-7.880000000e-02	2.343175494e+00	-9.659508602e-03	1.933129112e-12
-7.900000000e-02	2.343178090e+00	-9.739834609e-03	8.860148965e-13
-7.920000000e-02	2.343180689e+00	-9.820160503e-03	1.203950013e-12
-7.940000000e-02	2.343183290e+00	-9.900486284e-03	1.946413244e-12
-7.960000000e-02	2.343185895e+00	-9.980811947e-03	2.086965610e-12
-7.980000000e-02	2.343188502e+00	-1.006113750e-02	2.027348814e-12
-8.000000000e-02	2.343191111e+00	-1.014146293e-02	1.778863634e-12
-8.020000000e-02	2.343193724e+00	-1.022178825e-02	1.226426416e-12
-8.040000000e-02	2.343196339e+00	-1.030211345e-02	1.747461335e-12
-8.060000000e-02	2.343198957e+00	-1.038243853e-02	1.605008954e-12
-8.080000000e-02	2.343201578e+00	-1.046276350e-02	1.525203174e-12
-8.100000000e-02	2.343204202e+00	-1.054308835e-02	1.906155724e-12
-8.120000000e-02	2.343206828e+00	-1.062341308e-02	1.409900221e-12
-8.140000000e-02	2.343209457e+00	-1.070373769e-02	8.671205557e-13
-8.160000000e-02	2.343212089e+00	-1.078406218e-02	2.228975404e-12
-8.180000000e-02	2.343214724e+00	-1.086438656e-02	1.611788361e-12
-8.200000000e-02	2.343217361e+00	-1.094471083e-02	2.042965806e-12
-8.220000000e-02	2.343220002e+00	-1.102503496e-02	1.873315103e-12
-8.240000000e-02	2.343222645e+00	-1.110535898e-02	1.811075595e-12
-8.260000000e-02	2.343225290e+00	-1.118568288e-02	1.526354521e-12
-8.280000000e-02	2.343227939e+00	-1.126600666e-02	2.141907635e-12
-8.300000000e-02	2.343230590e+00	-1.134633032e-02	1.537132303e-12
-8.320000000e-02	2.343233244e+00	-1.142665386e-02	4.123312094e-12
-8.340000000e-02	2.343235901e+00	-1.150697728e-02	1.566138731e-12
-8.360000000e-02	2.343238561e+00	-1.158730057e-02	1.460249628e-12
-8.380000000e-02	2.343241223e+00	-1.166762375e-02	1.760611524e-12
-8.400000000e-02	2.343243888e+00	-1.174794681e-02	1.159238330e-12
-8.420000000e-02	2.343246556e+00	-1.182826974e-02	1.731722414e-12
-8.440000000e-02	2.343249227e+00	-1.190859255e-02	1.415729700e-12
-8.460000000e-02	2.343251901e+00	-1.198891524e-02	1.813498482e-12
-8.480000000e-02	2.343254577e+00	-1.206923780e-02	1.608207153e-12
-8.500000000e-02	2.343257256e+00	-1.214956024e-02	1.224899771e-12
-8.520000000e-02	2.343259938e+00	-1.222988256e-02	1.413619068e-12
-8.540000000e-02	2.343262622e+00	-1.231020475e-02	2.382300543e-12
-8.560000000e-02	2.343265310e+00	-1.239052682e-02	1.965363784e-12
-8.580000000e-02	2.343268000e+00	-1.247084877e-02	1.406647837e-12
-8.600000000e-02	2.343270693e+00	-1.255117060e-02	1.969035535e-12
-8.620000000e-02	2.343273388e+00	-1.263149229e-02	1.147559692e-12
-8.640000000e-02	2.343276087e+00	-1.271181386e-02	1.598899274e-12
-8.660000000e-02	2.343278788e+00	-1.279213531e-02	2.549631246e-12
-8.680000000e-02	2.343281492e+00	-1.287245663e-02	1.152186420e-12
-8.700000000e-02	2.343284199e+00	-1.295277782e-02	2.056045065e-12
-8.720000000e-02	2.343286908e+00	-1.303309889e-02	1.865032771e-12
-8.740000000e-02	2.343289620e+00	-1.311341983e-02	2.383363414e-12
-8.760000000e-02	2.343292336e+00	-1.319374065e-02	2.736968569e-12
-8.780000000e-02	2.343295053e+00	-1.327406133e-02	1.574121275e-12
-8.800000000e-02	2.343297774e+00	-1.335438189e-02	1.868890136e-12
-8.820000000e-02	2.343300497e+00	-1.343470233e-02	1.741102560e-12
-8.840000000e-02	2.343303223e+00	-1.351502263e-02	2.449669000e-12
-8.860000000e-02	2.343305952e+00	-1.359534281e-02	2.283976224e-12
-8.880000000e-02	2.343308684e+00	-1.367566286e-02	2.378572033e-12
-8.900000000e-02	2.343311418e+00	-1.375598277e-02	8.427742883e-13
-8.920000000e-02	2.343314156e+00	-1.383630256e-02	1.888163957e-12
-8.940000000e-02	2.343316896e+00	-1.391662222e-02	2.195183457e-12
-8.960000000e-02	2.343319638e+00	-1.399694175e-02	1.506173883e-12
-8.980000000e-02	2.343322384e+00	-1.407726115e-02	2.374415491e-12
-9.000000000e-02	2.343325132e+00	-1.415758042e-02	3.403250911e-13
-9.020000000e-02	2.343327883e+00	-1.423789956e-02	1.135721515e-12
-9.040000000e-02	2.343330637e+00	-1.431821857e-02	1.978387619e-12
-9.060000000e-02	2.343333394e+00	-1.439853745e-02	1.237406819e-12
-9.080000000e-02	2.343336153e+00	-1.447885619e-02	1.275934876e-12
-9.100000000e-02	2.343338915e+00	-1.455917481e-02	6.427592588e-13
-9.120000000e-02	2.343341680e+00	-1.463949329e-02	1.857334473e-12
-9.140000000e-02	2.343344448e+00	-1.471981163e-02	1.506415299e-12
-9.160000000e-02	2.343347218e+00	-1.480012986e-02	1.855033688e-12
-9.180000000e-02	2.343349992e+00	-1.488044794e-02	1.371734381e-12
-9.200000000e-02	2.343352768e+00	-1.496076589e-02	1.601113628e-12
-9.220000000e-02	2.343355546e+00	-1.504108371e-02	2.247638014e-12
-9.240000000e-02	2.343358328e+00	-1.512140139e-02	2.288126482e-12
-9.260000000e-02	2.343361112e+00	-1.520171894e-02	1.693862631e-12
-9.280000000e-02	2.343363899e+00	-1.528203636e-02	1.753943473e-12
-9.300000000e-02	2.343366689e+00	-1.536235363e-02	2.262290195e-12
-9.320000000e-02	2.343369482e+00	-1.544267078e-02	1.614764677e-12
-9.340000000e-02	2.343372277e+00	-1.552298779e-02	1.484135767e-12
-9.360000000e-02	2.343375075e+00	-1.560330467e-02	2.760495057e-12
-9.380000000e-02	2.343377876e+00	-1.568362140e-02	1.348240133e-12
-9.400000000e-02	2.343380680e+00	-1.576393801e-02	1.337010808e-12
-9.420000000e-02	2.343383486e+00	-1.584425447e-02	1.110723852e-12
-9.440000000e-02	2.343386295e+00	-1.592457080e-02	2.144749086e-12
-9.460000000e-02	2.343389107e+00	-1.600488699e-02	1.603855728e-12
-9.480000000e-02	2.343391922e+00	-1.608520304e-02	3.286324441e-12
-9.500000000e-02	2.343394740e+00	-1.616551897e-02	1.751255996e-12
-9.520000000e-02	2.343397560e+00	-1.624583475e-02	1.367539411e-12
-9.540000000e-02	2.343400383e+00	-1.632615039e-02	1.562273773e-12
-9.560000000e-02	2.343403209e+00	-1.640646589e-02	2.252190475e-12
-9.580000000e-02	2.343406038e+00	-1.648678126e-02	2.278955656e-12
-9.600000000e-02	2.343408869e+00	-1.656709649e-02	8.048231552e-13
-9.620000000e-02	2.343411703e+00	-1.664741158e-02	2.257162639e-12
-9.640000000e-02	2.343414540e+00	-1.672772652e-02	1.817931750e-12
-9.660000000e-02	2.343417380e+00	-1.680804133e-02	8.485994563e-13
-9.680000000e-02	2.343420222e+00	-1.688835599e-02	3.159617788e-12
-9.700000000e-02	2.343423067e+00	-1.696867052e-02	2.393342084e-12
-9.720000000e-02	2.343425915e+00	-1.704898491e-02	1.116089150e-12
-9.740000000e-02	2.343428766e+00	-1.712929915e-02	1.576932361e-12
-9.760000000e-02	2.343431620e+00	-1.720961326e-02	1.738911174e-12
-9.780000000e-02	2.343434476e+00	-1.728992722e-02	2.088046213e-12
-9.800000000e-02	2.343437335e+00	-1.737024104e-02	1.619789407e-12
-9.820000000e-02	2.343440197e+00	-1.745055472e-02	1.765445172e-12
-9.840000000e-02	2.343443062e+00	-1.753086826e-02	2.171156544e-12
-9.860000000e-02	2.343445929e+00	-1.761118165e-02	1.400116256e-12
-9.880000000e-02	2.343448799e+00	-1.769149490e-02	1.275751151e-12
-9.900000000e-02	2.343451672e+00	-1.777180800e-02	1.969721144e-12
-9.920000000e-02	2.343454548e+00	-1.785212097e-02	2.672489126e-12
-9.940000000e-02	2.343457426e+00	-1.793243379e-02	2.071711998e-12
-9.960000000e-02	2.343460307e+00	-1.801274647e-02	1.726988548e-12
-9.980000000e-02	2.343463191e+00	-1.809305899e-02	2.307315301e-12
-1.000000000e-01	2.343466078e+00	-1.817337138e-02	1.845206711e-12
