# epsi_ci     Re(Lambda)      Im(Lambda)      Eq(det), R = 0.40 $\mu$m, $E_p$ = 0.900 eV, modo = 1, $\epsilon_\infty$ = 3.9, $\gamma_{DL}$ = 0.01 eV, solve_det_sinkz_vs_mu.py
0.000000000e+00	2.340393742e+00	2.186300500e-02	1.022089120e-12
-2.000000000e-04	2.340395235e+00	2.178282966e-02	1.390687962e-12
-4.000000000e-04	2.340396731e+00	2.170265432e-02	1.275407794e-12
-6.000000000e-04	2.340398229e+00	2.162247897e-02	1.862606599e-12
-8.000000000e-04	2.340399731e+00	2.154230363e-02	1.681354586e-12
-1.000000000e-03	2.340401235e+00	2.146212829e-02	1.345861112e-12
-1.200000000e-03	2.340402742e+00	2.138195295e-02	2.408257162e-12
-1.400000000e-03	2.340404252e+00	2.130177762e-02	1.285731531e-12
-1.600000000e-03	2.340405764e+00	2.122160228e-02	1.047743102e-12
-1.800000000e-03	2.340407280e+00	2.114142695e-02	1.429367227e-12
-2.000000000e-03	2.340408798e+00	2.106125163e-02	2.101679885e-12
-2.200000000e-03	2.340410318e+00	2.098107630e-02	1.452629642e-12
-2.400000000e-03	2.340411842e+00	2.090090099e-02	1.854782942e-12
-2.600000000e-03	2.340413368e+00	2.082072567e-02	1.298246922e-12
-2.800000000e-03	2.340414897e+00	2.074055036e-02	9.820016302e-13
-3.000000000e-03	2.340416429e+00	2.066037505e-02	1.365587233e-12
-3.200000000e-03	2.340417964e+00	2.058019974e-02	1.223382664e-12
-3.400000000e-03	2.340419501e+00	2.050002444e-02	2.019129773e-12
-3.600000000e-03	2.340421042e+00	2.041984915e-02	2.216219591e-12
-3.800000000e-03	2.340422585e+00	2.033967387e-02	2.461293716e-12
-4.000000000e-03	2.340424130e+00	2.025949858e-02	2.070173356e-12
-4.200000000e-03	2.340425679e+00	2.017932330e-02	2.245571913e-12
-4.400000000e-03	2.340427230e+00	2.009914804e-02	1.934853444e-12
-4.600000000e-03	2.340428784e+00	2.001897277e-02	1.498370914e-12
-4.800000000e-03	2.340430341e+00	1.993879752e-02	1.756184137e-12
-5.000000000e-03	2.340431900e+00	1.985862227e-02	1.287873229e-12
-5.200000000e-03	2.340433463e+00	1.977844704e-02	2.510155061e-12
-5.400000000e-03	2.340435028e+00	1.969827180e-02	1.757625709e-12
-5.600000000e-03	2.340436596e+00	1.961809657e-02	1.394135328e-12
-5.800000000e-03	2.340438166e+00	1.953792136e-02	1.286463081e-12
-6.000000000e-03	2.340439740e+00	1.945774615e-02	1.790022430e-12
-6.200000000e-03	2.340441316e+00	1.937757096e-02	2.338342361e-12
-6.400000000e-03	2.340442895e+00	1.929739577e-02	1.572622622e-12
-6.600000000e-03	2.340444476e+00	1.921722058e-02	1.549473729e-12
-6.800000000e-03	2.340446061e+00	1.913704542e-02	1.750066109e-12
-7.000000000e-03	2.340447648e+00	1.905687025e-02	1.752027122e-12
-7.200000000e-03	2.340449238e+00	1.897669510e-02	2.139617701e-12
-7.400000000e-03	2.340450831e+00	1.889651997e-02	3.036482349e-12
-7.600000000e-03	2.340452426e+00	1.881634484e-02	2.162396360e-12
-7.800000000e-03	2.340454025e+00	1.873616973e-02	1.486057822e-12
-8.000000000e-03	2.340455626e+00	1.865599462e-02	1.536173626e-12
-8.200000000e-03	2.340457229e+00	1.857581953e-02	1.659379504e-12
-8.400000000e-03	2.340458836e+00	1.849564445e-02	9.250955517e-13
-8.600000000e-03	2.340460445e+00	1.841546939e-02	1.615162862e-12
-8.800000000e-03	2.340462057e+00	1.833529433e-02	9.437200707e-13
-9.000000000e-03	2.340463672e+00	1.825511929e-02	1.463494361e-12
-9.200000000e-03	2.340465290e+00	1.817494426e-02	1.696429804e-12
-9.400000000e-03	2.340466910e+00	1.809476925e-02	1.855202800e-12
-9.600000000e-03	2.340468534e+00	1.801459424e-02	2.212359416e-12
-9.800000000e-03	2.340470160e+00	1.793441926e-02	1.054289212e-12
-1.000000000e-02	2.340471788e+00	1.785424428e-02	2.503689872e-12
-1.020000000e-02	2.340473420e+00	1.777406933e-02	2.284459904e-12
-1.040000000e-02	2.340475054e+00	1.769389439e-02	1.735839032e-12
-1.060000000e-02	2.340476691e+00	1.761371946e-02	2.335769843e-12
-1.080000000e-02	2.340478331e+00	1.753354455e-02	1.994882991e-12
-1.100000000e-02	2.340479973e+00	1.745336965e-02	2.488708639e-12
-1.120000000e-02	2.340481619e+00	1.737319478e-02	1.271635414e-12
-1.140000000e-02	2.340483267e+00	1.729301992e-02	2.976850733e-12
-1.160000000e-02	2.340484917e+00	1.721284507e-02	1.905736281e-12
-1.180000000e-02	2.340486571e+00	1.713267024e-02	2.198903237e-12
-1.200000000e-02	2.340488227e+00	1.705249544e-02	2.671923171e-12
-1.220000000e-02	2.340489887e+00	1.697232064e-02	1.312159501e-12
-1.240000000e-02	2.340491548e+00	1.689214586e-02	8.281494572e-13
-1.260000000e-02	2.340493213e+00	1.681197111e-02	6.766209316e-13
-1.280000000e-02	2.340494881e+00	1.673179637e-02	1.891095445e-12
-1.300000000e-02	2.340496551e+00	1.665162165e-02	1.002626878e-12
-1.320000000e-02	2.340498224e+00	1.657144695e-02	1.109654419e-12
-1.340000000e-02	2.340499899e+00	1.649127227e-02	1.999683568e-12
-1.360000000e-02	2.340501578e+00	1.641109761e-02	2.523464043e-12
-1.380000000e-02	2.340503259e+00	1.633092297e-02	1.722988574e-12
-1.400000000e-02	2.340504943e+00	1.625074835e-02	3.095073994e-12
-1.420000000e-02	2.340506630e+00	1.617057374e-02	2.475581550e-12
-1.440000000e-02	2.340508320e+00	1.609039916e-02	1.054482986e-12
-1.460000000e-02	2.340510012e+00	1.601022461e-02	2.150179030e-12
-1.480000000e-02	2.340511707e+00	1.593005007e-02	2.526275192e-12
-1.500000000e-02	2.340513405e+00	1.584987555e-02	2.790249909e-12
-1.520000000e-02	2.340515106e+00	1.576970106e-02	1.922768260e-12
-1.540000000e-02	2.340516809e+00	1.568952658e-02	2.288932421e-12
-1.560000000e-02	2.340518515e+00	1.560935214e-02	1.609145666e-12
-1.580000000e-02	2.340520224e+00	1.552917771e-02	2.482960265e-12
-1.600000000e-02	2.340521936e+00	1.544900331e-02	1.561532591e-12
-1.620000000e-02	2.340523650e+00	1.536882894e-02	2.029550998e-12
-1.640000000e-02	2.340525367e+00	1.528865458e-02	8.173988726e-13
-1.660000000e-02	2.340527087e+00	1.520848025e-02	1.695385998e-12
-1.680000000e-02	2.340528810e+00	1.512830594e-02	1.728495593e-12
-1.700000000e-02	2.340530536e+00	1.504813166e-02	1.673206723e-12
-1.720000000e-02	2.340532264e+00	1.496795740e-02	1.547567073e-12
-1.740000000e-02	2.340533995e+00	1.488778317e-02	1.547376301e-12
-1.760000000e-02	2.340535729e+00	1.480760896e-02	1.033384573e-12
-1.780000000e-02	2.340537465e+00	1.472743478e-02	1.089723964e-12
-1.800000000e-02	2.340539205e+00	1.464726063e-02	1.053929652e-12
-1.820000000e-02	2.340540947e+00	1.456708649e-02	1.853950484e-12
-1.840000000e-02	2.340542692e+00	1.448691239e-02	2.040644812e-12
-1.860000000e-02	2.340544439e+00	1.440673832e-02	1.762522596e-12
-1.880000000e-02	2.340546190e+00	1.432656427e-02	2.269510498e-12
-1.900000000e-02	2.340547943e+00	1.424639025e-02	1.733183514e-12
-1.920000000e-02	2.340549699e+00	1.416621626e-02	1.738758914e-12
-1.940000000e-02	2.340551458e+00	1.408604229e-02	1.718846570e-12
-1.960000000e-02	2.340553219e+00	1.400586836e-02	1.718214462e-12
-1.980000000e-02	2.340554983e+00	1.392569445e-02	2.039975818e-12
-2.000000000e-02	2.340556750e+00	1.384552057e-02	1.705649430e-12
-2.020000000e-02	2.340558520e+00	1.376534673e-02	1.858315180e-12
-2.040000000e-02	2.340560293e+00	1.368517290e-02	2.003135719e-12
-2.060000000e-02	2.340562068e+00	1.360499911e-02	1.504826654e-12
-2.080000000e-02	2.340563846e+00	1.352482536e-02	1.748234257e-12
-2.100000000e-02	2.340565627e+00	1.344465162e-02	1.843181159e-12
-2.120000000e-02	2.340567411e+00	1.336447792e-02	1.488908643e-12
-2.140000000e-02	2.340569197e+00	1.328430426e-02	1.838338655e-12
-2.160000000e-02	2.340570986e+00	1.320413062e-02	1.762050603e-12
-2.180000000e-02	2.340572778e+00	1.312395701e-02	1.693874259e-12
-2.200000000e-02	2.340574573e+00	1.304378344e-02	2.219020791e-12
-2.220000000e-02	2.340576370e+00	1.296360990e-02	2.470430945e-12
-2.240000000e-02	2.340578170e+00	1.288343639e-02	2.114465922e-12
-2.260000000e-02	2.340579973e+00	1.280326292e-02	1.785097431e-12
-2.280000000e-02	2.340581779e+00	1.272308947e-02	1.758838540e-12
-2.300000000e-02	2.340583588e+00	1.264291606e-02	1.849918300e-12
-2.320000000e-02	2.340585399e+00	1.256274268e-02	8.949370735e-13
-2.340000000e-02	2.340587213e+00	1.248256934e-02	2.092057026e-12
-2.360000000e-02	2.340589030e+00	1.240239603e-02	1.251785258e-12
-2.380000000e-02	2.340590849e+00	1.232222275e-02	2.074756275e-12
-2.400000000e-02	2.340592672e+00	1.224204952e-02	1.574484606e-12
-2.420000000e-02	2.340594497e+00	1.216187631e-02	1.808587574e-12
-2.440000000e-02	2.340596325e+00	1.208170314e-02	1.530228658e-12
-2.460000000e-02	2.340598155e+00	1.200153001e-02	2.276843053e-12
-2.480000000e-02	2.340599989e+00	1.192135691e-02	1.919030171e-12
-2.500000000e-02	2.340601825e+00	1.184118385e-02	3.481610028e-12
-2.520000000e-02	2.340603664e+00	1.176101083e-02	2.219997913e-12
-2.540000000e-02	2.340605505e+00	1.168083783e-02	2.209794319e-12
-2.560000000e-02	2.340607350e+00	1.160066488e-02	1.689821668e-12
-2.580000000e-02	2.340609197e+00	1.152049197e-02	1.560069252e-12
-2.600000000e-02	2.340611047e+00	1.144031909e-02	2.158600073e-12
-2.620000000e-02	2.340612900e+00	1.136014625e-02	1.526344614e-12
-2.640000000e-02	2.340614755e+00	1.127997346e-02	2.013474084e-12
-2.660000000e-02	2.340616614e+00	1.119980069e-02	1.664680868e-12
-2.680000000e-02	2.340618475e+00	1.111962797e-02	2.108650442e-12
-2.700000000e-02	2.340620339e+00	1.103945528e-02	1.794118578e-12
-2.720000000e-02	2.340622205e+00	1.095928263e-02	1.532381703e-12
-2.740000000e-02	2.340624075e+00	1.087911003e-02	1.574686004e-12
-2.760000000e-02	2.340625947e+00	1.079893746e-02	1.612107612e-12
-2.780000000e-02	2.340627822e+00	1.071876494e-02	1.737014312e-12
-2.800000000e-02	2.340629699e+00	1.063859245e-02	1.584266555e-12
-2.820000000e-02	2.340631580e+00	1.055842001e-02	1.926219158e-12
-2.840000000e-02	2.340633463e+00	1.047824761e-02	3.035626515e-12
-2.860000000e-02	2.340635349e+00	1.039807524e-02	1.233836849e-12
-2.880000000e-02	2.340637237e+00	1.031790292e-02	9.233166248e-13
-2.900000000e-02	2.340639129e+00	1.023773065e-02	2.062076379e-12
-2.920000000e-02	2.340641023e+00	1.015755841e-02	1.912373215e-12
-2.940000000e-02	2.340642920e+00	1.007738621e-02	1.228436352e-12
-2.960000000e-02	2.340644820e+00	9.997214064e-03	1.985017713e-12
-2.980000000e-02	2.340646723e+00	9.917041956e-03	3.259209451e-12
-3.000000000e-02	2.340648628e+00	9.836869891e-03	1.749004003e-12
-3.020000000e-02	2.340650536e+00	9.756697867e-03	1.909150754e-12
-3.040000000e-02	2.340652447e+00	9.676525897e-03	1.825984977e-12
-3.060000000e-02	2.340654360e+00	9.596353958e-03	1.022010639e-12
-3.080000000e-02	2.340656277e+00	9.516182075e-03	1.963395153e-12
-3.100000000e-02	2.340658196e+00	9.436010230e-03	1.582486284e-12
-3.120000000e-02	2.340660118e+00	9.355838432e-03	1.721465724e-12
-3.140000000e-02	2.340662042e+00	9.275666680e-03	2.292583834e-12
-3.160000000e-02	2.340663970e+00	9.195494969e-03	1.330253525e-12
-3.180000000e-02	2.340665900e+00	9.115323303e-03	2.057042067e-12
-3.200000000e-02	2.340667833e+00	9.035151694e-03	1.877147365e-12
-3.220000000e-02	2.340669769e+00	8.954980122e-03	1.288839928e-12
-3.240000000e-02	2.340671707e+00	8.874808599e-03	1.418763909e-12
-3.260000000e-02	2.340673649e+00	8.794637125e-03	2.268890258e-12
-3.280000000e-02	2.340675593e+00	8.714465697e-03	2.109493719e-12
-3.300000000e-02	2.340677539e+00	8.634294319e-03	1.609003690e-12
-3.320000000e-02	2.340679489e+00	8.554122988e-03	1.844617831e-12
-3.340000000e-02	2.340681441e+00	8.473951702e-03	1.057685435e-12
-3.360000000e-02	2.340683396e+00	8.393780465e-03	1.662466864e-12
-3.380000000e-02	2.340685354e+00	8.313609278e-03	9.803351622e-13
-3.400000000e-02	2.340687315e+00	8.233438140e-03	1.824297852e-12
-3.420000000e-02	2.340689278e+00	8.153267050e-03	2.124571270e-12
-3.440000000e-02	2.340691244e+00	8.073096017e-03	1.358119339e-12
-3.460000000e-02	2.340693213e+00	7.992925024e-03	1.471690080e-12
-3.480000000e-02	2.340695185e+00	7.912754093e-03	2.819706669e-12
-3.500000000e-02	2.340697159e+00	7.832583197e-03	1.932324844e-12
-3.520000000e-02	2.340699137e+00	7.752412364e-03	1.498179589e-12
-3.540000000e-02	2.340701117e+00	7.672241579e-03	2.283507838e-12
-3.560000000e-02	2.340703099e+00	7.592070846e-03	1.572758103e-12
-3.580000000e-02	2.340705085e+00	7.511900163e-03	1.582488013e-12
-3.600000000e-02	2.340707073e+00	7.431729534e-03	1.837042731e-12
-3.620000000e-02	2.340709064e+00	7.351558949e-03	1.287456358e-12
-3.640000000e-02	2.340711058e+00	7.271388423e-03	2.246421754e-12
-3.660000000e-02	2.340713055e+00	7.191217950e-03	2.193150189e-12
-3.680000000e-02	2.340715054e+00	7.111047534e-03	7.568199994e-13
-3.700000000e-02	2.340717056e+00	7.030877165e-03	9.236178667e-13
-3.720000000e-02	2.340719061e+00	6.950706856e-03	1.232877238e-12
-3.740000000e-02	2.340721069e+00	6.870536596e-03	1.265046646e-12
-3.760000000e-02	2.340723079e+00	6.790366391e-03	1.308538889e-12
-3.780000000e-02	2.340725092e+00	6.710196239e-03	1.621545741e-12
-3.800000000e-02	2.340727108e+00	6.630026146e-03	7.294764676e-13
-3.820000000e-02	2.340729127e+00	6.549856110e-03	1.346438253e-12
-3.840000000e-02	2.340731148e+00	6.469686123e-03	1.848187674e-12
-3.860000000e-02	2.340733172e+00	6.389516195e-03	7.821930843e-13
-3.880000000e-02	2.340735199e+00	6.309346319e-03	1.510809843e-12
-3.900000000e-02	2.340737229e+00	6.229176505e-03	1.576025476e-12
-3.920000000e-02	2.340739262e+00	6.149006743e-03	1.960532123e-12
-3.940000000e-02	2.340741297e+00	6.068837045e-03	1.378276576e-12
-3.960000000e-02	2.340743335e+00	5.988667399e-03	1.639622301e-12
-3.980000000e-02	2.340745376e+00	5.908497812e-03	1.689351771e-12
-4.000000000e-02	2.340747419e+00	5.828328281e-03	1.930550013e-12
-4.020000000e-02	2.340749466e+00	5.748158806e-03	1.798031910e-12
-4.040000000e-02	2.340751515e+00	5.667989391e-03	2.368565836e-12
-4.060000000e-02	2.340753567e+00	5.587820034e-03	2.362736508e-12
-4.080000000e-02	2.340755621e+00	5.507650742e-03	1.273017247e-12
-4.100000000e-02	2.340757679e+00	5.427481503e-03	1.704806022e-12
-4.120000000e-02	2.340759739e+00	5.347312327e-03	1.450216064e-12
-4.140000000e-02	2.340761802e+00	5.267143204e-03	1.826913814e-12
-4.160000000e-02	2.340763868e+00	5.186974147e-03	3.770987752e-12
-4.180000000e-02	2.340765936e+00	5.106805151e-03	1.661193192e-12
-4.200000000e-02	2.340768007e+00	5.026636219e-03	2.408530728e-12
-4.220000000e-02	2.340770081e+00	4.946467341e-03	1.363801667e-12
-4.240000000e-02	2.340772158e+00	4.866298524e-03	1.818136957e-12
-4.260000000e-02	2.340774238e+00	4.786129772e-03	1.886903126e-12
-4.280000000e-02	2.340776320e+00	4.705961077e-03	1.474367088e-12
-4.300000000e-02	2.340778405e+00	4.625792448e-03	4.341301809e-13
-4.320000000e-02	2.340780493e+00	4.545623879e-03	1.080120415e-12
-4.340000000e-02	2.340782583e+00	4.465455376e-03	1.871737757e-12
-4.360000000e-02	2.340784677e+00	4.385286933e-03	2.376037413e-12
-4.380000000e-02	2.340786773e+00	4.305118556e-03	1.382879762e-12
-4.400000000e-02	2.340788872e+00	4.224950247e-03	3.048787134e-12
-4.420000000e-02	2.340790973e+00	4.144781987e-03	1.883856759e-12
-4.440000000e-02	2.340793078e+00	4.064613803e-03	1.387004580e-12
-4.460000000e-02	2.340795185e+00	3.984445677e-03	1.783233867e-12
-4.480000000e-02	2.340797295e+00	3.904277625e-03	2.493599050e-12
-4.500000000e-02	2.340799408e+00	3.824109627e-03	1.265752369e-12
-4.520000000e-02	2.340801523e+00	3.743941699e-03	1.606801768e-12
-4.540000000e-02	2.340803641e+00	3.663773842e-03	2.290056865e-12
-4.560000000e-02	2.340805762e+00	3.583606045e-03	1.262396382e-12
-4.580000000e-02	2.340807886e+00	3.503438310e-03	1.129003335e-12
-4.600000000e-02	2.340810013e+00	3.423270652e-03	2.301036197e-12
-4.620000000e-02	2.340812142e+00	3.343103053e-03	1.377830818e-12
-4.640000000e-02	2.340814274e+00	3.262935518e-03	1.533176098e-12
-4.660000000e-02	2.340816409e+00	3.182768060e-03	2.030379330e-12
-4.680000000e-02	2.340818547e+00	3.102600660e-03	2.283685282e-12
-4.700000000e-02	2.340820687e+00	3.022433336e-03	1.031439820e-12
-4.720000000e-02	2.340822830e+00	2.942266074e-03	1.972509419e-12
-4.740000000e-02	2.340824976e+00	2.862098882e-03	2.125389088e-12
-4.760000000e-02	2.340827125e+00	2.781931760e-03	1.385728236e-12
-4.780000000e-02	2.340829276e+00	2.701764703e-03	1.773110497e-12
-4.800000000e-02	2.340831430e+00	2.621597724e-03	1.954154054e-12
-4.820000000e-02	2.340833587e+00	2.541430809e-03	1.555245545e-12
-4.840000000e-02	2.340835747e+00	2.461263961e-03	2.106088952e-12
-4.860000000e-02	2.340837909e+00	2.381097191e-03	1.476420794e-12
-4.880000000e-02	2.340840075e+00	2.300930486e-03	1.461482813e-12
-4.900000000e-02	2.340842243e+00	2.220763847e-03	1.723980133e-12
-4.920000000e-02	2.340844413e+00	2.140597287e-03	1.858215595e-12
-4.940000000e-02	2.340846587e+00	2.060430794e-03	1.915390784e-12
-4.960000000e-02	2.340848763e+00	1.980264377e-03	1.028167042e-12
-4.980000000e-02	2.340850942e+00	1.900098027e-03	2.138541402e-12
-5.000000000e-02	2.340853124e+00	1.819931752e-03	1.645595219e-12
-5.020000000e-02	2.340855309e+00	1.739765544e-03	2.544305924e-12
-5.040000000e-02	2.340857496e+00	1.659599417e-03	1.486896517e-12
-5.060000000e-02	2.340859686e+00	1.579433360e-03	2.061494301e-12
-5.080000000e-02	2.340861879e+00	1.499267378e-03	1.881942898e-12
-5.100000000e-02	2.340864075e+00	1.419101464e-03	1.837003787e-12
-5.120000000e-02	2.340866273e+00	1.338935627e-03	1.124541889e-12
-5.140000000e-02	2.340868474e+00	1.258769869e-03	1.560701956e-12
-5.160000000e-02	2.340870678e+00	1.178604175e-03	2.332960168e-12
-5.180000000e-02	2.340872885e+00	1.098438567e-03	1.572230353e-12
-5.200000000e-02	2.340875095e+00	1.018273028e-03	1.076996740e-12
-5.220000000e-02	2.340877307e+00	9.381075650e-04	2.081864085e-12
-5.240000000e-02	2.340879522e+00	8.579421798e-04	2.099948948e-12
-5.260000000e-02	2.340881740e+00	7.777768637e-04	1.989904574e-12
-5.280000000e-02	2.340883960e+00	6.976116311e-04	2.397972837e-12
-5.300000000e-02	2.340886183e+00	6.174464669e-04	1.572092039e-12
-5.320000000e-02	2.340888410e+00	5.372813878e-04	2.093655818e-12
-5.340000000e-02	2.340890638e+00	4.571163801e-04	1.363907462e-12
-5.360000000e-02	2.340892870e+00	3.769514567e-04	2.057988588e-12
-5.380000000e-02	2.340895104e+00	2.967866086e-04	2.404113306e-12
-5.400000000e-02	2.340897341e+00	2.166218354e-04	1.718090195e-12
-5.420000000e-02	2.340899581e+00	1.364571403e-04	1.514397782e-12
-5.440000000e-02	2.340901824e+00	5.629252218e-05	1.007260496e-12
-5.460000000e-02	2.340904069e+00	-2.387201052e-05	2.614390884e-12
-5.480000000e-02	2.340906318e+00	-1.040364766e-04	2.227399942e-12
-5.500000000e-02	2.340908569e+00	-1.842008523e-04	2.583796361e-12
-5.520000000e-02	2.340910822e+00	-2.643651487e-04	1.975517677e-12
-5.540000000e-02	2.340913079e+00	-3.445293661e-04	1.699688885e-12
-5.560000000e-02	2.340915338e+00	-4.246935100e-04	1.633558247e-12
-5.580000000e-02	2.340917600e+00	-5.048575625e-04	1.809403736e-12
-5.600000000e-02	2.340919865e+00	-5.850215457e-04	1.831017487e-12
-5.620000000e-02	2.340922132e+00	-6.651854396e-04	7.321317931e-13
-5.640000000e-02	2.340924403e+00	-7.453492553e-04	1.732911595e-12
-5.660000000e-02	2.340926676e+00	-8.255129870e-04	2.141475990e-12
-5.680000000e-02	2.340928952e+00	-9.056766370e-04	1.835381426e-12
-5.700000000e-02	2.340931230e+00	-9.858402113e-04	2.028632584e-12
-5.720000000e-02	2.340933511e+00	-1.066003697e-03	1.027207110e-12
-5.740000000e-02	2.340935796e+00	-1.146167095e-03	1.802944282e-12
-5.760000000e-02	2.340938082e+00	-1.226330418e-03	2.185085353e-12
-5.780000000e-02	2.340940372e+00	-1.306493653e-03	2.089400708e-12
-5.800000000e-02	2.340942665e+00	-1.386656813e-03	1.391965085e-12
-5.820000000e-02	2.340944960e+00	-1.466819877e-03	2.035130966e-12
-5.840000000e-02	2.340947258e+00	-1.546982862e-03	2.095591363e-12
-5.860000000e-02	2.340949558e+00	-1.627145767e-03	1.542208712e-12
-5.880000000e-02	2.340951862e+00	-1.707308581e-03	2.074512528e-12
-5.900000000e-02	2.340954168e+00	-1.787471311e-03	1.233052129e-12
-5.920000000e-02	2.340956477e+00	-1.867633960e-03	1.790360920e-12
-5.940000000e-02	2.340958789e+00	-1.947796520e-03	6.815973763e-13
-5.960000000e-02	2.340961103e+00	-2.027958991e-03	1.772931026e-12
-5.980000000e-02	2.340963421e+00	-2.108121381e-03	2.365549102e-12
-6.000000000e-02	2.340965741e+00	-2.188283682e-03	1.119909086e-12
-6.020000000e-02	2.340968064e+00	-2.268445899e-03	3.638111682e-12
-6.040000000e-02	2.340970389e+00	-2.348608027e-03	1.796237706e-12
-6.060000000e-02	2.340972717e+00	-2.428770064e-03	1.838883172e-12
-6.080000000e-02	2.340975049e+00	-2.508932013e-03	2.311141625e-12
-6.100000000e-02	2.340977382e+00	-2.589093880e-03	1.894364442e-12
-6.120000000e-02	2.340979719e+00	-2.669255655e-03	8.713573143e-13
-6.140000000e-02	2.340982058e+00	-2.749417346e-03	1.799916221e-12
-6.160000000e-02	2.340984401e+00	-2.829578944e-03	1.291748065e-12
-6.180000000e-02	2.340986746e+00	-2.909740448e-03	2.788280106e-12
-6.200000000e-02	2.340989093e+00	-2.989901870e-03	1.647340341e-12
-6.220000000e-02	2.340991444e+00	-3.070063199e-03	1.944736016e-12
-6.240000000e-02	2.340993797e+00	-3.150224443e-03	1.882153289e-12
-6.260000000e-02	2.340996153e+00	-3.230385591e-03	1.722028251e-12
-6.280000000e-02	2.340998512e+00	-3.310546649e-03	1.717238825e-12
-6.300000000e-02	2.341000873e+00	-3.390707619e-03	7.358138629e-13
-6.320000000e-02	2.341003237e+00	-3.470868502e-03	2.392661902e-12
-6.340000000e-02	2.341005604e+00	-3.551029283e-03	1.158440273e-12
-6.360000000e-02	2.341007974e+00	-3.631189976e-03	1.663723373e-12
-6.380000000e-02	2.341010347e+00	-3.711350576e-03	2.140983787e-12
-6.400000000e-02	2.341012722e+00	-3.791511092e-03	1.129750374e-12
-6.420000000e-02	2.341015100e+00	-3.871671508e-03	1.293743916e-12
-6.440000000e-02	2.341017481e+00	-3.951831836e-03	2.592567665e-12
-6.460000000e-02	2.341019865e+00	-4.031992065e-03	1.737189934e-12
-6.480000000e-02	2.341022251e+00	-4.112152201e-03	1.372733095e-12
-6.500000000e-02	2.341024640e+00	-4.192312243e-03	1.279447627e-12
-6.520000000e-02	2.341027032e+00	-4.272472198e-03	1.847803195e-12
-6.540000000e-02	2.341029427e+00	-4.352632050e-03	7.803228875e-13
-6.560000000e-02	2.341031824e+00	-4.432791809e-03	1.782994264e-12
-6.580000000e-02	2.341034225e+00	-4.512951479e-03	2.254670068e-12
-6.600000000e-02	2.341036628e+00	-4.593111050e-03	1.587477830e-12
-6.620000000e-02	2.341039033e+00	-4.673270523e-03	1.544156386e-12
-6.640000000e-02	2.341041442e+00	-4.753429904e-03	1.066989646e-12
-6.660000000e-02	2.341043853e+00	-4.833589186e-03	1.861326285e-12
-6.680000000e-02	2.341046267e+00	-4.913748378e-03	2.120779538e-12
-6.700000000e-02	2.341048684e+00	-4.993907469e-03	1.385989917e-12
-6.720000000e-02	2.341051103e+00	-5.074066460e-03	8.871676251e-13
-6.740000000e-02	2.341053526e+00	-5.154225356e-03	2.401263968e-12
-6.760000000e-02	2.341055951e+00	-5.234384158e-03	1.529219124e-12
-6.780000000e-02	2.341058379e+00	-5.314542856e-03	1.938120464e-12
-6.800000000e-02	2.341060809e+00	-5.394701465e-03	1.363679482e-12
-6.820000000e-02	2.341063243e+00	-5.474859966e-03	2.335574631e-12
-6.840000000e-02	2.341065679e+00	-5.555018371e-03	2.196284391e-12
-6.860000000e-02	2.341068118e+00	-5.635176683e-03	1.755041293e-12
-6.880000000e-02	2.341070559e+00	-5.715334893e-03	1.325954873e-12
-6.900000000e-02	2.341073004e+00	-5.795493000e-03	2.014230891e-12
-6.920000000e-02	2.341075451e+00	-5.875651009e-03	1.170784022e-12
-6.940000000e-02	2.341077901e+00	-5.955808915e-03	1.971889828e-12
-6.960000000e-02	2.341080353e+00	-6.035966723e-03	2.425074237e-12
-6.980000000e-02	2.341082809e+00	-6.116124437e-03	2.345802660e-12
-7.000000000e-02	2.341085267e+00	-6.196282045e-03	1.310119263e-12
-7.020000000e-02	2.341087728e+00	-6.276439549e-03	1.870400832e-12
-7.040000000e-02	2.341090192e+00	-6.356596953e-03	1.236746954e-12
-7.060000000e-02	2.341092658e+00	-6.436754257e-03	8.871380027e-13
-7.080000000e-02	2.341095128e+00	-6.516911456e-03	1.713969351e-12
-7.100000000e-02	2.341097600e+00	-6.597068554e-03	1.188177920e-12
-7.120000000e-02	2.341100075e+00	-6.677225549e-03	1.662622245e-12
-7.140000000e-02	2.341102552e+00	-6.757382442e-03	9.687240505e-13
-7.160000000e-02	2.341105033e+00	-6.837539234e-03	1.125178158e-12
-7.180000000e-02	2.341107516e+00	-6.917695922e-03	1.778886052e-12
-7.200000000e-02	2.341110002e+00	-6.997852499e-03	3.398451525e-12
-7.220000000e-02	2.341112490e+00	-7.078008977e-03	1.086485444e-12
-7.240000000e-02	2.341114982e+00	-7.158165354e-03	1.481185986e-12
-7.260000000e-02	2.341117476e+00	-7.238321624e-03	1.308551541e-12
-7.280000000e-02	2.341119973e+00	-7.318477787e-03	1.766046278e-12
-7.300000000e-02	2.341122472e+00	-7.398633842e-03	2.127009576e-12
-7.320000000e-02	2.341124975e+00	-7.478789791e-03	3.370589303e-12
-7.340000000e-02	2.341127480e+00	-7.558945648e-03	1.694697609e-12
-7.360000000e-02	2.341129988e+00	-7.639101386e-03	1.737851152e-12
-7.380000000e-02	2.341132499e+00	-7.719257024e-03	2.072522168e-12
-7.400000000e-02	2.341135012e+00	-7.799412545e-03	1.976693330e-12
-7.420000000e-02	2.341137528e+00	-7.879567975e-03	3.277803081e-12
-7.440000000e-02	2.341140047e+00	-7.959723288e-03	2.317132801e-12
-7.460000000e-02	2.341142569e+00	-8.039878490e-03	2.428722076e-12
-7.480000000e-02	2.341145094e+00	-8.120033592e-03	1.777620925e-12
-7.500000000e-02	2.341147621e+00	-8.200188575e-03	2.934156393e-12
-7.520000000e-02	2.341150151e+00	-8.280343461e-03	2.762993535e-12
-7.540000000e-02	2.341152684e+00	-8.360498235e-03	1.747223850e-12
-7.560000000e-02	2.341155220e+00	-8.440652905e-03	2.343776622e-12
-7.580000000e-02	2.341157758e+00	-8.520807459e-03	2.161950910e-12
-7.600000000e-02	2.341160299e+00	-8.600961905e-03	2.210392324e-12
-7.620000000e-02	2.341162843e+00	-8.681116235e-03	1.545660408e-12
-7.640000000e-02	2.341165390e+00	-8.761270462e-03	5.879493721e-13
-7.660000000e-02	2.341167939e+00	-8.841424574e-03	2.226763714e-12
-7.680000000e-02	2.341170491e+00	-8.921578585e-03	2.237584006e-12
-7.700000000e-02	2.341173046e+00	-9.001732472e-03	3.376255719e-12
-7.720000000e-02	2.341175604e+00	-9.081886258e-03	1.114562342e-12
-7.740000000e-02	2.341178164e+00	-9.162039932e-03	1.602273520e-12
-7.760000000e-02	2.341180727e+00	-9.242193493e-03	2.095771503e-12
-7.780000000e-02	2.341183293e+00	-9.322346937e-03	1.208925971e-12
-7.800000000e-02	2.341185862e+00	-9.402500267e-03	1.732737968e-12
-7.820000000e-02	2.341188434e+00	-9.482653493e-03	1.190760380e-12
-7.840000000e-02	2.341191008e+00	-9.562806596e-03	1.889878482e-12
-7.860000000e-02	2.341193585e+00	-9.642959592e-03	1.581912543e-12
-7.880000000e-02	2.341196165e+00	-9.723112480e-03	1.793106941e-12
-7.900000000e-02	2.341198747e+00	-9.803265249e-03	2.228695164e-12
-7.920000000e-02	2.341201333e+00	-9.883417898e-03	1.525134828e-12
-7.940000000e-02	2.341203921e+00	-9.963570438e-03	9.944280000e-13
-7.960000000e-02	2.341206512e+00	-1.004372286e-02	1.226144807e-12
-7.980000000e-02	2.341209105e+00	-1.012387517e-02	1.159780455e-12
-8.000000000e-02	2.341211702e+00	-1.020402736e-02	2.354491892e-12
-8.020000000e-02	2.341214301e+00	-1.028417944e-02	1.485205525e-12
-8.040000000e-02	2.341216903e+00	-1.036433141e-02	1.887813401e-12
-8.060000000e-02	2.341219507e+00	-1.044448326e-02	2.080279796e-12
-8.080000000e-02	2.341222115e+00	-1.052463498e-02	1.760847419e-12
-8.100000000e-02	2.341224725e+00	-1.060478660e-02	1.743689149e-12
-8.120000000e-02	2.341227338e+00	-1.068493810e-02	1.982554525e-12
-8.140000000e-02	2.341229954e+00	-1.076508948e-02	1.962042747e-12
-8.160000000e-02	2.341232572e+00	-1.084524073e-02	2.023858578e-12
-8.180000000e-02	2.341235193e+00	-1.092539188e-02	1.697117303e-12
-8.200000000e-02	2.341237817e+00	-1.100554290e-02	6.073523887e-13
-8.220000000e-02	2.341240444e+00	-1.108569381e-02	1.321952155e-12
-8.240000000e-02	2.341243073e+00	-1.116584460e-02	1.512697343e-12
-8.260000000e-02	2.341245706e+00	-1.124599527e-02	1.545004024e-12
-8.280000000e-02	2.341248341e+00	-1.132614582e-02	1.801352239e-12
-8.300000000e-02	2.341250979e+00	-1.140629625e-02	1.486195526e-12
-8.320000000e-02	2.341253619e+00	-1.148644656e-02	2.158725809e-12
-8.340000000e-02	2.341256263e+00	-1.156659675e-02	4.579210863e-13
-8.360000000e-02	2.341258909e+00	-1.164674682e-02	1.987571798e-12
-8.380000000e-02	2.341261557e+00	-1.172689677e-02	1.776205873e-12
-8.400000000e-02	2.341264209e+00	-1.180704660e-02	1.252884367e-12
-8.420000000e-02	2.341266863e+00	-1.188719630e-02	2.346475841e-12
-8.440000000e-02	2.341269521e+00	-1.196734589e-02	2.099098274e-12
-8.460000000e-02	2.341272180e+00	-1.204749535e-02	1.249919820e-12
-8.480000000e-02	2.341274843e+00	-1.212764469e-02	1.376643836e-12
-8.500000000e-02	2.341277509e+00	-1.220779391e-02	1.364652143e-12
-8.520000000e-02	2.341280177e+00	-1.228794301e-02	1.943674876e-12
-8.540000000e-02	2.341282848e+00	-1.236809197e-02	1.352437547e-12
-8.560000000e-02	2.341285521e+00	-1.244824082e-02	2.216609013e-12
-8.580000000e-02	2.341288198e+00	-1.252838955e-02	1.734170521e-12
-8.600000000e-02	2.341290877e+00	-1.260853816e-02	1.938440537e-12
-8.620000000e-02	2.341293559e+00	-1.268868663e-02	1.990933438e-12
-8.640000000e-02	2.341296244e+00	-1.276883499e-02	1.496607469e-12
-8.660000000e-02	2.341298931e+00	-1.284898321e-02	1.048031732e-12
-8.680000000e-02	2.341301622e+00	-1.292913132e-02	1.026562069e-12
-8.700000000e-02	2.341304315e+00	-1.300927930e-02	2.165527662e-12
-8.720000000e-02	2.341307010e+00	-1.308942714e-02	1.053267824e-12
-8.740000000e-02	2.341309709e+00	-1.316957487e-02	1.807087990e-12
-8.760000000e-02	2.341312410e+00	-1.324972247e-02	8.756030002e-13
-8.780000000e-02	2.341315114e+00	-1.332986995e-02	1.608157438e-12
-8.800000000e-02	2.341317821e+00	-1.341001729e-02	1.924297937e-12
-8.820000000e-02	2.341320531e+00	-1.349016451e-02	1.286562311e-12
-8.840000000e-02	2.341323243e+00	-1.357031161e-02	2.236831244e-12
-8.860000000e-02	2.341325958e+00	-1.365045857e-02	2.538400463e-12
-8.880000000e-02	2.341328676e+00	-1.373060540e-02	1.431669916e-12
-8.900000000e-02	2.341331397e+00	-1.381075211e-02	2.225580648e-12
-8.920000000e-02	2.341334120e+00	-1.389089869e-02	1.553236232e-12
-8.940000000e-02	2.341336846e+00	-1.397104514e-02	1.102082257e-12
-8.960000000e-02	2.341339575e+00	-1.405119146e-02	1.506035460e-12
-8.980000000e-02	2.341342307e+00	-1.413133765e-02	1.880629603e-12
-9.000000000e-02	2.341345042e+00	-1.421148373e-02	2.679504801e-12
-9.020000000e-02	2.341347779e+00	-1.429162966e-02	2.566619942e-12
-9.040000000e-02	2.341350519e+00	-1.437177546e-02	2.299515539e-12
-9.060000000e-02	2.341353262e+00	-1.445192113e-02	2.015188909e-12
-9.080000000e-02	2.341356007e+00	-1.453206667e-02	1.729726265e-12
-9.100000000e-02	2.341358755e+00	-1.461221208e-02	1.452991097e-12
-9.120000000e-02	2.341361506e+00	-1.469235736e-02	2.681031799e-12
-9.140000000e-02	2.341364260e+00	-1.477250251e-02	1.413992256e-12
-9.160000000e-02	2.341367017e+00	-1.485264752e-02	1.440846460e-12
-9.180000000e-02	2.341369776e+00	-1.493279240e-02	1.740102804e-12
-9.200000000e-02	2.341372538e+00	-1.501293716e-02	1.953392394e-12
-9.220000000e-02	2.341375303e+00	-1.509308177e-02	1.910015816e-12
-9.240000000e-02	2.341378070e+00	-1.517322626e-02	1.739977852e-12
-9.260000000e-02	2.341380841e+00	-1.525337061e-02	1.934551715e-12
-9.280000000e-02	2.341383614e+00	-1.533351482e-02	2.148842637e-12
-9.300000000e-02	2.341386390e+00	-1.541365891e-02	9.195175309e-13
-9.320000000e-02	2.341389168e+00	-1.549380286e-02	1.783092492e-12
-9.340000000e-02	2.341391950e+00	-1.557394667e-02	2.002876256e-12
-9.360000000e-02	2.341394734e+00	-1.565409035e-02	1.713072519e-12
-9.380000000e-02	2.341397521e+00	-1.573423390e-02	1.140139116e-12
-9.400000000e-02	2.341400311e+00	-1.581437731e-02	1.875204402e-12
-9.420000000e-02	2.341403103e+00	-1.589452058e-02	1.815324699e-12
-9.440000000e-02	2.341405898e+00	-1.597466372e-02	2.481905538e-12
-9.460000000e-02	2.341408696e+00	-1.605480672e-02	7.554585291e-13
-9.480000000e-02	2.341411497e+00	-1.613494958e-02	2.915405058e-12
-9.500000000e-02	2.341414300e+00	-1.621509231e-02	1.583407236e-12
-9.520000000e-02	2.341417107e+00	-1.629523490e-02	1.906056779e-12
-9.540000000e-02	2.341419916e+00	-1.637537736e-02	1.490595872e-12
-9.560000000e-02	2.341422727e+00	-1.645551968e-02	1.915608633e-12
-9.580000000e-02	2.341425542e+00	-1.653566185e-02	1.511094415e-12
-9.600000000e-02	2.341428359e+00	-1.661580389e-02	8.768310955e-13
-9.620000000e-02	2.341431179e+00	-1.669594579e-02	1.452090837e-12
-9.640000000e-02	2.341434002e+00	-1.677608755e-02	2.609472535e-12
-9.660000000e-02	2.341436828e+00	-1.685622917e-02	1.542342858e-12
-9.680000000e-02	2.341439656e+00	-1.693637065e-02	6.419027031e-12
-9.700000000e-02	2.341442487e+00	-1.701651200e-02	1.688319616e-12
-9.720000000e-02	2.341445321e+00	-1.709665321e-02	2.411683988e-12
-9.740000000e-02	2.341448157e+00	-1.717679427e-02	1.182240832e-12
-9.760000000e-02	2.341450997e+00	-1.725693520e-02	2.848004030e-12
-9.780000000e-02	2.341453839e+00	-1.733707598e-02	1.861355690e-12
-9.800000000e-02	2.341456684e+00	-1.741721662e-02	1.735892917e-12
-9.820000000e-02	2.341459531e+00	-1.749735712e-02	2.121899341e-12
-9.840000000e-02	2.341462382e+00	-1.757749747e-02	1.831404022e-12
-9.860000000e-02	2.341465235e+00	-1.765763769e-02	1.913250992e-12
-9.880000000e-02	2.341468091e+00	-1.773777776e-02	1.437667648e-12
-9.900000000e-02	2.341470950e+00	-1.781791770e-02	1.608720170e-12
-9.920000000e-02	2.341473811e+00	-1.789805748e-02	1.078789106e-12
-9.940000000e-02	2.341476675e+00	-1.797819713e-02	1.771049284e-12
-9.960000000e-02	2.341479542e+00	-1.805833663e-02	2.614401297e-12
-9.980000000e-02	2.341482412e+00	-1.813847599e-02	1.681542469e-12
-1.000000000e-01	2.341485284e+00	-1.821861520e-02	2.309481757e-12
