# epsi_ci     Re(Lambda)      Im(Lambda)      Eq(det), R = 0.05 $\mu$m, $E_p$ = 0.600 eV, modo = 2, $\epsilon_\infty$ = 3.9, $\gamma_{DL}$ = 0.01 eV, solve_det_sinkz_vs_mu.py
0.000000000e+00	4.085306769e+00	5.887827539e-02	6.888137610e-15
-1.000000000e-03	4.085316860e+00	5.847301518e-02	7.372568242e-15
-2.000000000e-03	4.085326990e+00	5.806775485e-02	3.385334086e-15
-3.000000000e-03	4.085337161e+00	5.766249442e-02	6.489102253e-15
-4.000000000e-03	4.085347371e+00	5.725723389e-02	6.675122166e-15
-5.000000000e-03	4.085357621e+00	5.685197329e-02	6.617668808e-15
-6.000000000e-03	4.085367912e+00	5.644671261e-02	4.831807480e-15
-7.000000000e-03	4.085378242e+00	5.604145187e-02	8.349415653e-15
-8.000000000e-03	4.085388612e+00	5.563619108e-02	3.398048326e-15
-9.000000000e-03	4.085399022e+00	5.523093026e-02	1.600614978e-15
-1.000000000e-02	4.085409472e+00	5.482566942e-02	5.030254211e-15
-1.100000000e-02	4.085419963e+00	5.442040856e-02	4.484619531e-15
-1.200000000e-02	4.085430493e+00	5.401514770e-02	3.240218280e-15
-1.300000000e-02	4.085441062e+00	5.360988686e-02	4.831136052e-15
-1.400000000e-02	4.085451672e+00	5.320462603e-02	3.861799931e-15
-1.500000000e-02	4.085462322e+00	5.279936525e-02	6.193269901e-15
-1.600000000e-02	4.085473012e+00	5.239410450e-02	5.630912403e-15
-1.700000000e-02	4.085483742e+00	5.198884382e-02	4.045442094e-15
-1.800000000e-02	4.085494511e+00	5.158358321e-02	4.190597895e-15
-1.900000000e-02	4.085505321e+00	5.117832268e-02	4.194222729e-15
-2.000000000e-02	4.085516170e+00	5.077306224e-02	5.698526221e-15
-2.100000000e-02	4.085527060e+00	5.036780191e-02	2.552694960e-15
-2.200000000e-02	4.085537989e+00	4.996254169e-02	5.463835926e-15
-2.300000000e-02	4.085548959e+00	4.955728161e-02	2.872233265e-15
-2.400000000e-02	4.085559968e+00	4.915202166e-02	2.831408834e-15
-2.500000000e-02	4.085571017e+00	4.874676187e-02	2.570420035e-15
-2.600000000e-02	4.085582106e+00	4.834150224e-02	1.995230649e-15
-2.700000000e-02	4.085593235e+00	4.793624278e-02	3.817536787e-15
-2.800000000e-02	4.085604404e+00	4.753098352e-02	4.595106982e-15
-2.900000000e-02	4.085615613e+00	4.712572445e-02	3.096187411e-15
-3.000000000e-02	4.085626862e+00	4.672046559e-02	4.294648782e-15
-3.100000000e-02	4.085638151e+00	4.631520696e-02	6.525684100e-15
-3.200000000e-02	4.085649480e+00	4.590994856e-02	2.139628638e-15
-3.300000000e-02	4.085660849e+00	4.550469041e-02	2.904944542e-15
-3.400000000e-02	4.085672258e+00	4.509943251e-02	2.718428477e-15
-3.500000000e-02	4.085683706e+00	4.469417488e-02	1.881554526e-15
-3.600000000e-02	4.085695195e+00	4.428891754e-02	1.969695818e-15
-3.700000000e-02	4.085706723e+00	4.388366048e-02	2.738680094e-15
-3.800000000e-02	4.085718292e+00	4.347840374e-02	2.624720889e-15
-3.900000000e-02	4.085729900e+00	4.307314730e-02	3.655197385e-15
-4.000000000e-02	4.085741549e+00	4.266789120e-02	2.356497816e-15
-4.100000000e-02	4.085753237e+00	4.226263544e-02	4.169255132e-15
-4.200000000e-02	4.085764965e+00	4.185738002e-02	2.947303354e-15
-4.300000000e-02	4.085776734e+00	4.145212498e-02	3.289301489e-15
-4.400000000e-02	4.085788542e+00	4.104687030e-02	3.849193475e-15
-4.500000000e-02	4.085800390e+00	4.064161601e-02	2.147815351e-15
-4.600000000e-02	4.085812278e+00	4.023636212e-02	1.444644549e-15
-4.700000000e-02	4.085824206e+00	3.983110865e-02	2.370323644e-15
-4.800000000e-02	4.085836174e+00	3.942585559e-02	1.887178235e-15
-4.900000000e-02	4.085848181e+00	3.902060297e-02	1.903917299e-15
-5.000000000e-02	4.085860229e+00	3.861535079e-02	1.708180366e-15
-5.100000000e-02	4.085872317e+00	3.821009907e-02	2.413935503e-15
-5.200000000e-02	4.085884445e+00	3.780484782e-02	3.665368902e-15
-5.300000000e-02	4.085896612e+00	3.739959704e-02	1.344504701e-15
-5.400000000e-02	4.085908820e+00	3.699434677e-02	2.124226094e-15
-5.500000000e-02	4.085921067e+00	3.658909699e-02	2.126238895e-15
-5.600000000e-02	4.084161529e+00	3.789878996e-02	1.916248057e-15
-5.700000000e-02	4.084182554e+00	3.737549974e-02	1.904307209e-15
-5.800000000e-02	4.085958049e+00	3.537335081e-02	1.681112635e-15
-5.900000000e-02	4.084224806e+00	3.632892374e-02	1.773655301e-15
-6.000000000e-02	4.085982904e+00	3.456285608e-02	1.170655616e-15
-6.100000000e-02	4.084267327e+00	3.528235383e-02	1.492719826e-15
-6.200000000e-02	4.084288688e+00	3.475907122e-02	1.466572360e-15
-6.300000000e-02	4.084310116e+00	3.423579021e-02	1.770422966e-15
-6.400000000e-02	4.084331611e+00	3.371251083e-02	1.615104655e-15
-6.500000000e-02	4.086045739e+00	3.253662954e-02	6.637012119e-16
-6.600000000e-02	4.086058425e+00	3.213138608e-02	1.022577923e-15
-6.700000000e-02	4.086071152e+00	3.172614327e-02	1.246128153e-15
-6.800000000e-02	4.086083919e+00	3.132090111e-02	5.302070992e-16
-6.900000000e-02	4.086096725e+00	3.091565962e-02	1.484919258e-15
-7.000000000e-02	4.086109572e+00	3.051041881e-02	7.203883166e-16
-7.100000000e-02	4.084483956e+00	3.004960287e-02	1.689510945e-15
-7.200000000e-02	4.086135385e+00	2.969993928e-02	1.521322880e-15
-7.300000000e-02	4.084528087e+00	2.900307384e-02	1.229882143e-15
-7.400000000e-02	4.086161357e+00	2.888946261e-02	1.271293804e-15
-7.500000000e-02	4.084572487e+00	2.795655235e-02	1.336562451e-15
-7.600000000e-02	4.086187490e+00	2.807898889e-02	1.098980181e-15
-7.700000000e-02	4.086200616e+00	2.767375317e-02	1.447181818e-15
-7.800000000e-02	4.086213782e+00	2.726851822e-02	7.817143077e-16
-7.900000000e-02	4.086226988e+00	2.686328406e-02	6.970507696e-16
-8.000000000e-02	4.086240233e+00	2.645805070e-02	1.397645723e-15
-8.100000000e-02	4.086253519e+00	2.605281814e-02	2.266349002e-15
-8.200000000e-02	4.086266845e+00	2.564758640e-02	1.222059439e-15
-8.300000000e-02	4.086280211e+00	2.524235550e-02	9.722641484e-16
-8.400000000e-02	4.086293616e+00	2.483712544e-02	1.372560966e-15
-8.500000000e-02	4.086307062e+00	2.443189623e-02	1.778602598e-15
-8.600000000e-02	4.086320547e+00	2.402666790e-02	1.718788847e-15
-8.700000000e-02	4.086334072e+00	2.362144044e-02	1.682614706e-15
-8.800000000e-02	4.086347638e+00	2.321621387e-02	8.187913183e-16
-8.900000000e-02	4.086361243e+00	2.281098821e-02	2.244907118e-15
-9.000000000e-02	4.086374888e+00	2.240576346e-02	1.893520403e-15
-9.100000000e-02	4.086388573e+00	2.200053963e-02	2.613995744e-15
-9.200000000e-02	4.086402298e+00	2.159531674e-02	2.774189503e-15
-9.300000000e-02	4.086416063e+00	2.119009481e-02	3.029868738e-15
-9.400000000e-02	4.086429868e+00	2.078487383e-02	9.888486821e-16
-9.500000000e-02	4.086443713e+00	2.037965383e-02	2.180144397e-15
-9.600000000e-02	4.086457597e+00	1.997443481e-02	2.520261287e-15
-9.700000000e-02	4.086471522e+00	1.956921679e-02	1.979559687e-15
-9.800000000e-02	4.086485487e+00	1.916399977e-02	1.390621899e-15
-9.900000000e-02	4.086499491e+00	1.875878378e-02	1.963379771e-15
-1.000000000e-01	4.086513535e+00	1.835356881e-02	1.970426726e-15
-1.010000000e-01	4.086527620e+00	1.794835489e-02	3.244760731e-15
-1.020000000e-01	4.086541744e+00	1.754314203e-02	3.070419879e-15
-1.030000000e-01	4.086555908e+00	1.713793023e-02	2.591121795e-15
-1.040000000e-01	4.086570112e+00	1.673271951e-02	2.670753132e-15
-1.050000000e-01	4.086584356e+00	1.632750988e-02	3.431674159e-15
-1.060000000e-01	4.086598640e+00	1.592230135e-02	4.218774737e-15
-1.070000000e-01	4.086612964e+00	1.551709393e-02	4.489153663e-15
-1.080000000e-01	4.086627328e+00	1.511188764e-02	4.014355901e-15
-1.090000000e-01	4.086641731e+00	1.470668249e-02	3.457702076e-15
-1.100000000e-01	4.086656175e+00	1.430147848e-02	2.242929701e-15
-1.110000000e-01	4.086670659e+00	1.389627564e-02	4.503604082e-15
-1.120000000e-01	4.086685182e+00	1.349107396e-02	3.650422512e-15
-1.130000000e-01	4.086699745e+00	1.308587347e-02	3.556257591e-15
-1.140000000e-01	4.086714349e+00	1.268067418e-02	3.811500140e-15
-1.150000000e-01	4.086728992e+00	1.227547609e-02	2.568366341e-15
-1.160000000e-01	4.086743675e+00	1.187027923e-02	4.777414910e-15
-1.170000000e-01	4.086758398e+00	1.146508359e-02	4.335644187e-15
-1.180000000e-01	4.086773161e+00	1.105988919e-02	5.345164969e-15
-1.190000000e-01	4.086787964e+00	1.065469605e-02	2.617363750e-15
-1.200000000e-01	4.086802806e+00	1.024950418e-02	4.845431402e-15
-1.210000000e-01	4.086817689e+00	9.844313577e-03	4.258839405e-15
-1.220000000e-01	4.086832612e+00	9.439124268e-03	4.095811072e-15
-1.230000000e-01	4.086847574e+00	9.033936259e-03	5.607460297e-15
-1.240000000e-01	4.086862576e+00	8.628749563e-03	5.260501962e-15
-1.250000000e-01	4.086877619e+00	8.223564191e-03	4.428699771e-15
-1.260000000e-01	4.086892701e+00	7.818380155e-03	6.893869012e-15
-1.270000000e-01	4.086907823e+00	7.413197467e-03	1.160950826e-14
-1.280000000e-01	4.086922985e+00	7.008016138e-03	3.867487306e-15
-1.290000000e-01	4.086938187e+00	6.602836180e-03	5.115118315e-15
-1.300000000e-01	4.086953429e+00	6.197657604e-03	4.275693624e-15
-1.310000000e-01	4.086968710e+00	5.792480423e-03	5.436321422e-15
-1.320000000e-01	4.086984032e+00	5.387304648e-03	5.112062613e-15
-1.330000000e-01	4.086999394e+00	4.982130291e-03	5.086228164e-15
-1.340000000e-01	4.087014795e+00	4.576957364e-03	5.972626476e-15
-1.350000000e-01	4.087030236e+00	4.171785877e-03	5.072204482e-15
-1.360000000e-01	4.087045718e+00	3.766615844e-03	5.328201109e-15
-1.370000000e-01	4.087061239e+00	3.361447275e-03	6.320288998e-15
-1.380000000e-01	4.087076800e+00	2.956280183e-03	4.602193592e-15
-1.390000000e-01	4.087092401e+00	2.551114578e-03	4.727862411e-15
-1.400000000e-01	4.087108042e+00	2.145950473e-03	4.731186298e-15
-1.410000000e-01	4.087123722e+00	1.740787880e-03	1.011365388e-14
-1.420000000e-01	4.087139443e+00	1.335626810e-03	7.122282169e-15
-1.430000000e-01	4.087155204e+00	9.304672744e-04	6.931752058e-15
-1.440000000e-01	4.087171004e+00	5.253092856e-04	5.285606784e-15
-1.450000000e-01	4.087186844e+00	1.201528549e-04	6.094877305e-15
-1.460000000e-01	4.087202725e+00	-2.850020058e-04	6.916782583e-15
-1.470000000e-01	4.087218645e+00	-6.901552850e-04	5.507131516e-15
-1.480000000e-01	4.087234605e+00	-1.095306971e-03	5.490982945e-15
-1.490000000e-01	4.087250605e+00	-1.500457052e-03	5.878291660e-15
-1.500000000e-01	4.087266644e+00	-1.905605516e-03	7.422044953e-15
-1.510000000e-01	4.087282724e+00	-2.310752352e-03	9.375234025e-15
-1.520000000e-01	4.087298844e+00	-2.715897547e-03	8.531919766e-15
-1.530000000e-01	4.087315003e+00	-3.121041091e-03	7.978355177e-15
-1.540000000e-01	4.087331202e+00	-3.526182972e-03	9.277301312e-15
-1.550000000e-01	4.087347442e+00	-3.931323177e-03	5.560128368e-15
-1.560000000e-01	4.087363721e+00	-4.336461695e-03	4.628120321e-15
-1.570000000e-01	4.087380040e+00	-4.741598515e-03	8.058744867e-15
-1.580000000e-01	4.087396399e+00	-5.146733625e-03	6.578141185e-15
-1.590000000e-01	4.087412797e+00	-5.551867012e-03	9.005421412e-15
-1.600000000e-01	4.087429236e+00	-5.956998667e-03	5.996096726e-15
-1.610000000e-01	4.087445715e+00	-6.362128575e-03	9.447474304e-15
-1.620000000e-01	4.087462233e+00	-6.767256727e-03	7.229069581e-15
-1.630000000e-01	4.087478791e+00	-7.172383110e-03	8.965201301e-15
-1.640000000e-01	4.087495390e+00	-7.577507713e-03	6.155180491e-15
-1.650000000e-01	4.087512028e+00	-7.982630524e-03	7.105440910e-15
-1.660000000e-01	4.087528706e+00	-8.387751531e-03	6.777797941e-15
-1.670000000e-01	4.087545423e+00	-8.792870722e-03	8.503700295e-15
-1.680000000e-01	4.087562181e+00	-9.197988087e-03	7.438922270e-15
-1.690000000e-01	4.087578979e+00	-9.603103612e-03	9.417498530e-15
-1.700000000e-01	4.087595816e+00	-1.000821729e-02	9.289197203e-15
-1.710000000e-01	4.087612693e+00	-1.041332910e-02	1.135383764e-14
-1.720000000e-01	4.087629611e+00	-1.081843904e-02	7.698820831e-15
-1.730000000e-01	4.087646568e+00	-1.122354709e-02	9.676043727e-15
-1.740000000e-01	4.087663565e+00	-1.162865325e-02	7.367348341e-15
-1.750000000e-01	4.087680602e+00	-1.203375750e-02	7.364942938e-15
-1.760000000e-01	4.087697678e+00	-1.243885982e-02	1.206369574e-14
-1.770000000e-01	4.087714795e+00	-1.284396022e-02	7.405038751e-15
-1.780000000e-01	4.087731951e+00	-1.324905867e-02	8.963087732e-15
-1.790000000e-01	4.087749147e+00	-1.365415516e-02	6.005060714e-15
-1.800000000e-01	4.087766384e+00	-1.405924969e-02	7.910415134e-15
-1.810000000e-01	4.087783660e+00	-1.446434224e-02	3.080998311e-15
-1.820000000e-01	4.087800976e+00	-1.486943280e-02	1.412770397e-14
-1.830000000e-01	4.087818331e+00	-1.527452136e-02	9.497153497e-15
-1.840000000e-01	4.087835727e+00	-1.567960790e-02	9.716215767e-15
-1.850000000e-01	4.087853162e+00	-1.608469241e-02	9.287340765e-15
-1.860000000e-01	4.087870638e+00	-1.648977489e-02	8.897786328e-15
-1.870000000e-01	4.087888153e+00	-1.689485532e-02	9.879544896e-15
-1.880000000e-01	4.087905708e+00	-1.729993369e-02	7.786131582e-15
-1.890000000e-01	4.087923303e+00	-1.770500999e-02	4.912316661e-15
-1.900000000e-01	4.087940938e+00	-1.811008420e-02	1.000844707e-14
-1.910000000e-01	4.087958612e+00	-1.851515632e-02	1.026080358e-14
-1.920000000e-01	4.087976327e+00	-1.892022633e-02	8.859269986e-15
-1.930000000e-01	4.087994081e+00	-1.932529422e-02	1.201951829e-14
-1.940000000e-01	4.088011875e+00	-1.973035998e-02	9.084913789e-15
-1.950000000e-01	4.088029709e+00	-2.013542359e-02	1.382782207e-14
-1.960000000e-01	4.088047583e+00	-2.054048506e-02	1.290261153e-14
-1.970000000e-01	4.088065497e+00	-2.094554436e-02	8.541617922e-15
-1.980000000e-01	4.088083450e+00	-2.135060148e-02	1.225124994e-14
-1.990000000e-01	4.088101444e+00	-2.175565641e-02	9.446386634e-15
-2.000000000e-01	4.088119477e+00	-2.216070914e-02	8.935711330e-15
