# epsi_ci     Re(Lambda)      Im(Lambda)      Eq(det), R = 0.05 $\mu$m, $E_p$ = 0.600 eV, modo = 2, $\epsilon_\infty$ = 3.9, $\gamma_{DL}$ = 0.01 eV, solve_det_sinkz_vs_mu.py
0.000000000e+00	3.693259263e+00	3.782500028e-02	1.392852108e-13
-1.000000000e-03	3.693266371e+00	3.745344503e-02	2.946798993e-13
-2.000000000e-03	3.693273516e+00	3.708188977e-02	5.601160433e-14
-3.000000000e-03	3.693280698e+00	3.671033450e-02	1.128063219e-13
-4.000000000e-03	3.693287917e+00	3.633877926e-02	1.984559680e-13
-5.000000000e-03	3.693295173e+00	3.596722403e-02	9.237057233e-14
-6.000000000e-03	3.693302467e+00	3.559566884e-02	1.834385458e-13
-7.000000000e-03	3.693309798e+00	3.522411369e-02	2.227880978e-13
-8.000000000e-03	3.693317167e+00	3.485255861e-02	1.744766349e-13
-9.000000000e-03	3.693324572e+00	3.448100359e-02	8.748967770e-14
-1.000000000e-02	3.693332015e+00	3.410944865e-02	1.244948181e-13
-1.100000000e-02	3.693339495e+00	3.373789380e-02	1.823203319e-13
-1.200000000e-02	3.693347013e+00	3.336633905e-02	1.482936431e-13
-1.300000000e-02	3.693354567e+00	3.299478442e-02	2.915367236e-13
-1.400000000e-02	3.693362159e+00	3.262322991e-02	2.574011859e-13
-1.500000000e-02	3.693369788e+00	3.225167553e-02	1.367910109e-13
-1.600000000e-02	3.693377455e+00	3.188012130e-02	1.825939310e-13
-1.700000000e-02	3.693385158e+00	3.150856723e-02	1.358599222e-13
-1.800000000e-02	3.693392899e+00	3.113701333e-02	2.123932109e-13
-1.900000000e-02	3.693400678e+00	3.076545961e-02	7.995648635e-14
-2.000000000e-02	3.693408493e+00	3.039390608e-02	2.540274119e-13
-2.100000000e-02	3.693416346e+00	3.002235276e-02	6.959834419e-14
-2.200000000e-02	3.693424236e+00	2.965079964e-02	7.370602198e-14
-2.300000000e-02	3.693432163e+00	2.927924676e-02	1.767588811e-13
-2.400000000e-02	3.693440128e+00	2.890769410e-02	1.139773343e-13
-2.500000000e-02	3.693448129e+00	2.853614170e-02	1.303464362e-13
-2.600000000e-02	3.693456168e+00	2.816458955e-02	5.885650798e-14
-2.700000000e-02	3.693464245e+00	2.779303768e-02	2.167493038e-13
-2.800000000e-02	3.693472358e+00	2.742148608e-02	8.591157724e-14
-2.900000000e-02	3.693480509e+00	2.704993478e-02	3.033501725e-13
-3.000000000e-02	3.693488697e+00	2.667838378e-02	7.895083120e-14
-3.100000000e-02	3.693496922e+00	2.630683309e-02	1.025877314e-13
-3.200000000e-02	3.693505185e+00	2.593528273e-02	1.501157119e-13
-3.300000000e-02	3.693513485e+00	2.556373271e-02	1.015827715e-13
-3.400000000e-02	3.693521822e+00	2.519218304e-02	1.045908020e-13
-3.500000000e-02	3.693530196e+00	2.482063372e-02	7.463680202e-14
-3.600000000e-02	3.693538608e+00	2.444908477e-02	1.458663665e-13
-3.700000000e-02	3.693547057e+00	2.407753621e-02	1.554060060e-13
-3.800000000e-02	3.693555543e+00	2.370598804e-02	1.792214656e-13
-3.900000000e-02	3.693564066e+00	2.333444027e-02	2.943363320e-13
-4.000000000e-02	3.693572627e+00	2.296289292e-02	1.619794086e-13
-4.100000000e-02	3.693581225e+00	2.259134599e-02	1.019564566e-13
-4.200000000e-02	3.693589860e+00	2.221979950e-02	9.608042620e-14
-4.300000000e-02	3.693598532e+00	2.184825346e-02	6.074371611e-14
-4.400000000e-02	3.693607242e+00	2.147670788e-02	1.329745759e-13
-4.500000000e-02	3.693615989e+00	2.110516277e-02	8.984178000e-14
-4.600000000e-02	3.693624773e+00	2.073361814e-02	1.253334234e-13
-4.700000000e-02	3.693633594e+00	2.036207401e-02	2.587376188e-13
-4.800000000e-02	3.693642453e+00	1.999053038e-02	9.731793926e-14
-4.900000000e-02	3.693651349e+00	1.961898726e-02	8.767476723e-14
-5.000000000e-02	3.693660282e+00	1.924744467e-02	1.398634521e-13
-5.100000000e-02	3.693669253e+00	1.887590262e-02	1.793463841e-13
-5.200000000e-02	3.693678260e+00	1.850436112e-02	8.087661478e-14
-5.300000000e-02	3.693687305e+00	1.813282018e-02	1.688259764e-13
-5.400000000e-02	3.693696387e+00	1.776127981e-02	2.728516022e-13
-5.500000000e-02	3.693705507e+00	1.738974003e-02	9.202731002e-14
-5.600000000e-02	3.693714664e+00	1.701820084e-02	1.259883637e-13
-5.700000000e-02	3.693723858e+00	1.664666225e-02	7.887156443e-14
-5.800000000e-02	3.693733089e+00	1.627512428e-02	1.987910794e-13
-5.900000000e-02	3.693742357e+00	1.590358694e-02	1.080276135e-13
-6.000000000e-02	3.693751663e+00	1.553205023e-02	1.055130543e-13
-6.100000000e-02	3.693761006e+00	1.516051418e-02	1.101917780e-13
-6.200000000e-02	3.693770386e+00	1.478897878e-02	3.037910641e-13
-6.300000000e-02	3.693779804e+00	1.441744406e-02	1.338969653e-13
-6.400000000e-02	3.693789258e+00	1.404591002e-02	1.195883400e-13
-6.500000000e-02	3.693798750e+00	1.367437668e-02	1.332162277e-13
-6.600000000e-02	3.693808280e+00	1.330284404e-02	8.493389359e-14
-6.700000000e-02	3.693817846e+00	1.293131212e-02	1.051390034e-13
-6.800000000e-02	3.693827450e+00	1.255978092e-02	9.086497331e-14
-6.900000000e-02	3.693837091e+00	1.218825047e-02	7.519185735e-14
-7.000000000e-02	3.693846769e+00	1.181672077e-02	1.164450707e-13
-7.100000000e-02	3.693856484e+00	1.144519182e-02	1.503611071e-13
-7.200000000e-02	3.693866237e+00	1.107366365e-02	1.425185383e-13
-7.300000000e-02	3.693876027e+00	1.070213627e-02	1.691315375e-13
-7.400000000e-02	3.693885854e+00	1.033060968e-02	7.898544881e-14
-7.500000000e-02	3.693895719e+00	9.959083892e-03	1.467883920e-13
-7.600000000e-02	3.693905620e+00	9.587558925e-03	7.457501322e-14
-7.700000000e-02	3.693915559e+00	9.216034786e-03	6.771625935e-14
-7.800000000e-02	3.693925535e+00	8.844511487e-03	8.802660377e-14
-7.900000000e-02	3.693935549e+00	8.472989039e-03	3.017099257e-13
-8.000000000e-02	3.693945600e+00	8.101467453e-03	1.098392024e-13
-8.100000000e-02	3.693955687e+00	7.729946741e-03	8.871296596e-14
-8.200000000e-02	3.693965813e+00	7.358426912e-03	8.887279946e-14
-8.300000000e-02	3.693975975e+00	6.986907980e-03	1.510331826e-13
-8.400000000e-02	3.693986175e+00	6.615389954e-03	1.508259257e-13
-8.500000000e-02	3.693996412e+00	6.243872846e-03	1.730197886e-13
-8.600000000e-02	3.694006686e+00	5.872356667e-03	1.919986793e-13
-8.700000000e-02	3.694016997e+00	5.500841428e-03	1.194561776e-13
-8.800000000e-02	3.694027346e+00	5.129327141e-03	1.272288165e-13
-8.900000000e-02	3.694037731e+00	4.757813817e-03	2.840631634e-13
-9.000000000e-02	3.694048155e+00	4.386301466e-03	8.655803544e-14
-9.100000000e-02	3.694058615e+00	4.014790100e-03	9.092353381e-14
-9.200000000e-02	3.694069112e+00	3.643279731e-03	1.044872013e-13
-9.300000000e-02	3.694079647e+00	3.271770368e-03	8.997873148e-14
-9.400000000e-02	3.694090219e+00	2.900262024e-03	1.046937077e-13
-9.500000000e-02	3.694100829e+00	2.528754710e-03	1.565305512e-13
-9.600000000e-02	3.694111475e+00	2.157248437e-03	1.345038762e-13
-9.700000000e-02	3.694122159e+00	1.785743215e-03	1.097929588e-13
-9.800000000e-02	3.694132880e+00	1.414239057e-03	1.038763051e-13
-9.900000000e-02	3.694143638e+00	1.042735972e-03	9.102855612e-14
-1.000000000e-01	3.694154433e+00	6.712339736e-04	1.274787482e-13
-1.010000000e-01	3.694165266e+00	2.997330715e-04	1.555635043e-13
-1.020000000e-01	3.694176136e+00	-7.176672284e-05	8.702166189e-14
-1.030000000e-01	3.694187043e+00	-4.432653982e-04	1.688183421e-13
-1.040000000e-01	3.694197988e+00	-8.147629435e-04	1.110226850e-13
-1.050000000e-01	3.694208969e+00	-1.186259348e-03	1.348876892e-13
-1.060000000e-01	3.694219988e+00	-1.557754599e-03	1.880620523e-13
-1.070000000e-01	3.694231044e+00	-1.929248687e-03	2.601874282e-13
-1.080000000e-01	3.694242137e+00	-2.300741600e-03	1.960953206e-13
-1.090000000e-01	3.694253268e+00	-2.672233328e-03	1.684779587e-13
-1.100000000e-01	3.694264436e+00	-3.043723858e-03	1.225838320e-13
-1.110000000e-01	3.694275641e+00	-3.415213180e-03	1.660977526e-13
-1.120000000e-01	3.694286883e+00	-3.786701283e-03	1.798170709e-13
-1.130000000e-01	3.694298162e+00	-4.158188155e-03	1.354199405e-13
-1.140000000e-01	3.694309479e+00	-4.529673785e-03	6.078782985e-14
-1.150000000e-01	3.694320833e+00	-4.901158163e-03	1.391115271e-13
-1.160000000e-01	3.694332224e+00	-5.272641276e-03	1.456810455e-13
-1.170000000e-01	3.694343652e+00	-5.644123114e-03	1.025757194e-13
-1.180000000e-01	3.694355118e+00	-6.015603666e-03	2.990360329e-13
-1.190000000e-01	3.694366621e+00	-6.387082921e-03	2.030162202e-13
-1.200000000e-01	3.694378161e+00	-6.758560867e-03	2.149433513e-13
-1.210000000e-01	3.694389738e+00	-7.130037492e-03	1.278218511e-13
-1.220000000e-01	3.694401353e+00	-7.501512787e-03	1.590691023e-13
-1.230000000e-01	3.694413004e+00	-7.872986740e-03	1.172963400e-13
-1.240000000e-01	3.694424693e+00	-8.244459340e-03	5.868030207e-14
-1.250000000e-01	3.694436419e+00	-8.615930575e-03	1.506056818e-13
-1.260000000e-01	3.694448183e+00	-8.987400434e-03	9.981569143e-14
-1.270000000e-01	3.694459983e+00	-9.358868907e-03	5.508275623e-14
-1.280000000e-01	3.694471821e+00	-9.730335982e-03	1.541894773e-13
-1.290000000e-01	3.694483696e+00	-1.010180165e-02	1.282151384e-13
-1.300000000e-01	3.694495608e+00	-1.047326589e-02	9.821926451e-14
-1.310000000e-01	3.694507558e+00	-1.084472871e-02	1.317602078e-13
-1.320000000e-01	3.694519544e+00	-1.121619008e-02	1.177057154e-13
-1.330000000e-01	3.694531568e+00	-1.158765000e-02	7.077413269e-14
-1.340000000e-01	3.694543629e+00	-1.195910845e-02	1.807706491e-13
-1.350000000e-01	3.694555727e+00	-1.233056543e-02	3.113893761e-13
-1.360000000e-01	3.694567863e+00	-1.270202092e-02	2.510554030e-13
-1.370000000e-01	3.694580036e+00	-1.307347491e-02	1.377449489e-13
-1.380000000e-01	3.694592245e+00	-1.344492739e-02	2.442117250e-13
-1.390000000e-01	3.694604493e+00	-1.381637836e-02	7.530103522e-14
-1.400000000e-01	3.694616777e+00	-1.418782779e-02	1.183928971e-13
-1.410000000e-01	3.694629098e+00	-1.455927567e-02	1.738577442e-13
-1.420000000e-01	3.694641457e+00	-1.493072201e-02	1.207974819e-13
-1.430000000e-01	3.694653853e+00	-1.530216678e-02	1.092179608e-13
-1.440000000e-01	3.694666286e+00	-1.567360997e-02	1.248356931e-13
-1.450000000e-01	3.694678757e+00	-1.604505157e-02	1.492484817e-13
-1.460000000e-01	3.694691264e+00	-1.641649158e-02	2.337480124e-13
-1.470000000e-01	3.694703809e+00	-1.678792997e-02	1.606424070e-13
-1.480000000e-01	3.694716391e+00	-1.715936675e-02	5.121324907e-14
-1.490000000e-01	3.694729010e+00	-1.753080189e-02	4.812263749e-14
-1.500000000e-01	3.694741666e+00	-1.790223539e-02	1.323288773e-13
-1.510000000e-01	3.694754360e+00	-1.827366724e-02	1.540906794e-13
-1.520000000e-01	3.694767091e+00	-1.864509742e-02	9.779770315e-14
-1.530000000e-01	3.694779859e+00	-1.901652593e-02	1.116326353e-13
-1.540000000e-01	3.694792664e+00	-1.938795274e-02	9.491835501e-14
-1.550000000e-01	3.694805506e+00	-1.975937786e-02	1.194299810e-13
-1.560000000e-01	3.694818386e+00	-2.013080127e-02	1.472285607e-13
-1.570000000e-01	3.694831302e+00	-2.050222295e-02	1.200226574e-13
-1.580000000e-01	3.694844256e+00	-2.087364291e-02	2.147200104e-13
-1.590000000e-01	3.694857247e+00	-2.124506112e-02	1.140920949e-13
-1.600000000e-01	3.694870276e+00	-2.161647758e-02	8.802556424e-14
-1.610000000e-01	3.694883341e+00	-2.198789227e-02	2.078722071e-13
-1.620000000e-01	3.694896444e+00	-2.235930518e-02	9.407004595e-14
-1.630000000e-01	3.694909584e+00	-2.273071631e-02	1.780205924e-13
-1.640000000e-01	3.694922761e+00	-2.310212563e-02	8.846917206e-14
-1.650000000e-01	3.694935975e+00	-2.347353315e-02	1.069292331e-13
-1.660000000e-01	3.694949227e+00	-2.384493885e-02	1.683197059e-13
-1.670000000e-01	3.694962515e+00	-2.421634271e-02	3.431977946e-13
-1.680000000e-01	3.694975841e+00	-2.458774473e-02	1.485778025e-13
-1.690000000e-01	3.694989204e+00	-2.495914489e-02	1.503991640e-13
-1.700000000e-01	3.695002604e+00	-2.533054319e-02	2.311134033e-13
-1.710000000e-01	3.695016042e+00	-2.570193961e-02	1.094479458e-13
-1.720000000e-01	3.695029516e+00	-2.607333415e-02	9.658206518e-14
-1.730000000e-01	3.695043028e+00	-2.644472678e-02	9.729918833e-14
-1.740000000e-01	3.695056577e+00	-2.681611751e-02	1.407056142e-13
-1.750000000e-01	3.695070163e+00	-2.718750631e-02	3.572128564e-14
-1.760000000e-01	3.695083786e+00	-2.755889318e-02	1.201181788e-13
-1.770000000e-01	3.695097447e+00	-2.793027811e-02	1.787785987e-13
-1.780000000e-01	3.695111144e+00	-2.830166108e-02	6.331895470e-14
-1.790000000e-01	3.695124879e+00	-2.867304208e-02	1.708838549e-13
-1.800000000e-01	3.695138651e+00	-2.904442111e-02	1.818370775e-13
-1.810000000e-01	3.695152460e+00	-2.941579815e-02	1.229807555e-13
-1.820000000e-01	3.695166307e+00	-2.978717319e-02	1.802932545e-13
-1.830000000e-01	3.695180190e+00	-3.015854622e-02	1.059876374e-13
-1.840000000e-01	3.695194111e+00	-3.052991723e-02	2.421451393e-13
-1.850000000e-01	3.695208069e+00	-3.090128621e-02	1.029990376e-13
-1.860000000e-01	3.695222064e+00	-3.127265314e-02	1.814300858e-13
-1.870000000e-01	3.695236096e+00	-3.164401802e-02	7.529579699e-14
-1.880000000e-01	3.695250165e+00	-3.201538083e-02	9.400042714e-14
-1.890000000e-01	3.695264271e+00	-3.238674156e-02	3.197468717e-13
-1.900000000e-01	3.695278415e+00	-3.275810021e-02	1.446242241e-13
-1.910000000e-01	3.695292596e+00	-3.312945676e-02	4.015518178e-13
-1.920000000e-01	3.695306814e+00	-3.350081119e-02	1.212656314e-13
-1.930000000e-01	3.695321069e+00	-3.387216351e-02	2.579510677e-13
-1.940000000e-01	3.695335361e+00	-3.424351369e-02	7.939579313e-14
-1.950000000e-01	3.695349691e+00	-3.461486173e-02	2.267231995e-13
-1.960000000e-01	3.695364057e+00	-3.498620761e-02	1.340642112e-13
-1.970000000e-01	3.695378461e+00	-3.535755133e-02	1.756152802e-13
-1.980000000e-01	3.695392902e+00	-3.572889287e-02	2.452483981e-13
-1.990000000e-01	3.695407380e+00	-3.610023222e-02	1.005151224e-13
-2.000000000e-01	3.695421895e+00	-3.647156937e-02	1.079342928e-13
