# epsi_ci     Re(Lambda)      Im(Lambda)      Eq(det), R = 0.05 $\mu$m, $E_p$ = 0.600 eV, modo = 2, $\epsilon_\infty$ = 3.9, $\gamma_{DL}$ = 0.01 eV, solve_det_sinkz_vs_mu.py
0.000000000e+00	3.680734504e+00	3.729318919e-02	1.323838542e-13
-1.000000000e-03	3.680741522e+00	3.692279823e-02	7.377304602e-14
-2.000000000e-03	3.680748577e+00	3.655240727e-02	6.114587955e-14
-3.000000000e-03	3.680755669e+00	3.618201630e-02	2.255400518e-13
-4.000000000e-03	3.680762798e+00	3.581162535e-02	9.475511240e-14
-5.000000000e-03	3.680769965e+00	3.544123442e-02	1.670011722e-13
-6.000000000e-03	3.680777168e+00	3.507084353e-02	3.149137433e-13
-7.000000000e-03	3.680784409e+00	3.470045269e-02	9.719798097e-14
-8.000000000e-03	3.680791687e+00	3.433006190e-02	9.102048209e-14
-9.000000000e-03	3.680799001e+00	3.395967119e-02	1.180855803e-13
-1.000000000e-02	3.680806354e+00	3.358928055e-02	8.745851904e-14
-1.100000000e-02	3.680813743e+00	3.321889001e-02	7.806502231e-14
-1.200000000e-02	3.680821169e+00	3.284849956e-02	1.218863216e-13
-1.300000000e-02	3.680828633e+00	3.247810923e-02	1.908416543e-13
-1.400000000e-02	3.680836134e+00	3.210771903e-02	1.343876361e-13
-1.500000000e-02	3.680843671e+00	3.173732896e-02	2.672982693e-13
-1.600000000e-02	3.680851247e+00	3.136693904e-02	6.978279421e-14
-1.700000000e-02	3.680858859e+00	3.099654928e-02	6.536076813e-14
-1.800000000e-02	3.680866508e+00	3.062615969e-02	1.087132432e-13
-1.900000000e-02	3.680874195e+00	3.025577027e-02	1.136286317e-13
-2.000000000e-02	3.680881918e+00	2.988538105e-02	6.741015683e-14
-2.100000000e-02	3.680889679e+00	2.951499203e-02	1.495882158e-13
-2.200000000e-02	3.680897477e+00	2.914460323e-02	1.859576029e-13
-2.300000000e-02	3.680905312e+00	2.877421465e-02	4.333373267e-13
-2.400000000e-02	3.680913184e+00	2.840382631e-02	1.889276017e-13
-2.500000000e-02	3.680921094e+00	2.803343822e-02	9.838344239e-14
-2.600000000e-02	3.680929040e+00	2.766305038e-02	1.172219400e-13
-2.700000000e-02	3.680937024e+00	2.729266281e-02	1.335214326e-13
-2.800000000e-02	3.680945045e+00	2.692227553e-02	1.285306285e-13
-2.900000000e-02	3.680953103e+00	2.655188854e-02	4.019137538e-13
-3.000000000e-02	3.680961198e+00	2.618150185e-02	1.845151922e-13
-3.100000000e-02	3.680969330e+00	2.581111547e-02	5.824906140e-14
-3.200000000e-02	3.680977500e+00	2.544072942e-02	6.043900071e-14
-3.300000000e-02	3.680985707e+00	2.507034371e-02	1.061275983e-13
-3.400000000e-02	3.680993950e+00	2.469995834e-02	2.629843997e-13
-3.500000000e-02	3.681002231e+00	2.432957334e-02	7.746585132e-14
-3.600000000e-02	3.681010549e+00	2.395918870e-02	1.877084770e-13
-3.700000000e-02	3.681018905e+00	2.358880445e-02	2.151314953e-13
-3.800000000e-02	3.681027297e+00	2.321842059e-02	2.080173496e-13
-3.900000000e-02	3.681035727e+00	2.284803713e-02	1.047303198e-13
-4.000000000e-02	3.681044193e+00	2.247765409e-02	5.892472097e-14
-4.100000000e-02	3.681052697e+00	2.210727147e-02	1.720651948e-13
-4.200000000e-02	3.681061238e+00	2.173688929e-02	7.299057822e-14
-4.300000000e-02	3.681069816e+00	2.136650756e-02	1.543885001e-13
-4.400000000e-02	3.681078431e+00	2.099612629e-02	7.295357038e-14
-4.500000000e-02	3.681087084e+00	2.062574548e-02	1.492259106e-13
-4.600000000e-02	3.681095773e+00	2.025536516e-02	1.605206684e-13
-4.700000000e-02	3.681104500e+00	1.988498534e-02	1.724434435e-13
-4.800000000e-02	3.681113264e+00	1.951460601e-02	2.552824058e-13
-4.900000000e-02	3.681122065e+00	1.914422721e-02	7.975020704e-14
-5.000000000e-02	3.681130903e+00	1.877384892e-02	9.618780727e-14
-5.100000000e-02	3.681139779e+00	1.840347118e-02	5.111411372e-14
-5.200000000e-02	3.681148691e+00	1.803309399e-02	8.777571773e-14
-5.300000000e-02	3.681157641e+00	1.766271735e-02	1.414425502e-13
-5.400000000e-02	3.681166627e+00	1.729234128e-02	7.461890220e-14
-5.500000000e-02	3.681175651e+00	1.692196580e-02	2.871724729e-13
-5.600000000e-02	3.681184712e+00	1.655159091e-02	1.261539559e-13
-5.700000000e-02	3.681193811e+00	1.618121663e-02	1.149884556e-13
-5.800000000e-02	3.681202946e+00	1.581084296e-02	1.024023606e-13
-5.900000000e-02	3.681212118e+00	1.544046992e-02	3.920761306e-13
-6.000000000e-02	3.681221328e+00	1.507009751e-02	8.589144950e-14
-6.100000000e-02	3.681230575e+00	1.469972575e-02	1.954156689e-13
-6.200000000e-02	3.681239859e+00	1.432935466e-02	3.608810855e-13
-6.300000000e-02	3.681249180e+00	1.395898423e-02	1.039986011e-13
-6.400000000e-02	3.681258538e+00	1.358861449e-02	8.633257020e-14
-6.500000000e-02	3.681267933e+00	1.321824544e-02	5.957844215e-14
-6.600000000e-02	3.681277366e+00	1.284787710e-02	2.046801502e-13
-6.700000000e-02	3.681286836e+00	1.247750947e-02	8.587315051e-14
-6.800000000e-02	3.681296342e+00	1.210714257e-02	5.812151572e-14
-6.900000000e-02	3.681305886e+00	1.173677641e-02	1.251771246e-13
-7.000000000e-02	3.681315467e+00	1.136641099e-02	6.701382560e-14
-7.100000000e-02	3.681325086e+00	1.099604634e-02	1.842517278e-13
-7.200000000e-02	3.681334741e+00	1.062568246e-02	1.228588766e-13
-7.300000000e-02	3.681344433e+00	1.025531936e-02	1.238791041e-13
-7.400000000e-02	3.681354163e+00	9.884957055e-03	6.887247443e-14
-7.500000000e-02	3.681363930e+00	9.514595555e-03	1.515875279e-13
-7.600000000e-02	3.681373734e+00	9.144234871e-03	4.274788632e-13
-7.700000000e-02	3.681383575e+00	8.773875015e-03	1.442012210e-13
-7.800000000e-02	3.681393453e+00	8.403515997e-03	1.897104314e-13
-7.900000000e-02	3.681403368e+00	8.033157829e-03	1.351264843e-13
-8.000000000e-02	3.681413321e+00	7.662800521e-03	3.202579190e-13
-8.100000000e-02	3.681423310e+00	7.292444085e-03	1.672137210e-13
-8.200000000e-02	3.681433337e+00	6.922088532e-03	7.271558323e-14
-8.300000000e-02	3.681443401e+00	6.551733874e-03	9.437732983e-14
-8.400000000e-02	3.681453502e+00	6.181380120e-03	6.660697898e-14
-8.500000000e-02	3.681463640e+00	5.811027283e-03	8.809905452e-14
-8.600000000e-02	3.681473815e+00	5.440675374e-03	1.816800903e-13
-8.700000000e-02	3.681484028e+00	5.070324403e-03	1.205564833e-13
-8.800000000e-02	3.681494277e+00	4.699974383e-03	1.360639853e-13
-8.900000000e-02	3.681504564e+00	4.329625323e-03	1.295074803e-13
-9.000000000e-02	3.681514888e+00	3.959277235e-03	1.591817428e-13
-9.100000000e-02	3.681525249e+00	3.588930131e-03	1.138239875e-13
-9.200000000e-02	3.681535647e+00	3.218584021e-03	1.298894229e-13
-9.300000000e-02	3.681546082e+00	2.848238917e-03	1.317609884e-13
-9.400000000e-02	3.681556554e+00	2.477894829e-03	7.509230620e-14
-9.500000000e-02	3.681567064e+00	2.107551770e-03	8.528465327e-14
-9.600000000e-02	3.681577610e+00	1.737209749e-03	4.066653748e-13
-9.700000000e-02	3.681588194e+00	1.366868778e-03	1.977994919e-13
-9.800000000e-02	3.681598815e+00	9.965288688e-04	2.260010422e-13
-9.900000000e-02	3.681609473e+00	6.261900318e-04	7.092754778e-14
-1.000000000e-01	3.681620168e+00	2.558522784e-04	7.307962549e-14
-1.010000000e-01	3.681630900e+00	-1.144843804e-04	1.131957116e-13
-1.020000000e-01	3.681641670e+00	-4.848199335e-04	1.846914169e-13
-1.030000000e-01	3.681652476e+00	-8.551543696e-04	6.749391299e-14
-1.040000000e-01	3.681663320e+00	-1.225487678e-03	1.116477370e-13
-1.050000000e-01	3.681674200e+00	-1.595819846e-03	1.457277575e-13
-1.060000000e-01	3.681685118e+00	-1.966150865e-03	1.154009179e-13
-1.070000000e-01	3.681696073e+00	-2.336480722e-03	1.122344088e-13
-1.080000000e-01	3.681707065e+00	-2.706809406e-03	9.280513348e-14
-1.090000000e-01	3.681718095e+00	-3.077136907e-03	1.153855070e-13
-1.100000000e-01	3.681729161e+00	-3.447463213e-03	9.323337991e-14
-1.110000000e-01	3.681740264e+00	-3.817788313e-03	1.112355943e-13
-1.120000000e-01	3.681751405e+00	-4.188112195e-03	8.135715536e-14
-1.130000000e-01	3.681762583e+00	-4.558434850e-03	1.208979859e-13
-1.140000000e-01	3.681773798e+00	-4.928756265e-03	8.358908639e-14
-1.150000000e-01	3.681785050e+00	-5.299076429e-03	2.159207935e-13
-1.160000000e-01	3.681796339e+00	-5.669395332e-03	7.096107949e-14
-1.170000000e-01	3.681807665e+00	-6.039712962e-03	1.399664996e-13
-1.180000000e-01	3.681819028e+00	-6.410029308e-03	8.203594586e-14
-1.190000000e-01	3.681830429e+00	-6.780344359e-03	1.148917772e-13
-1.200000000e-01	3.681841866e+00	-7.150658104e-03	1.248458287e-13
-1.210000000e-01	3.681853341e+00	-7.520970532e-03	1.266386881e-13
-1.220000000e-01	3.681864852e+00	-7.891281631e-03	3.726578150e-13
-1.230000000e-01	3.681876401e+00	-8.261591391e-03	1.725123705e-13
-1.240000000e-01	3.681887987e+00	-8.631899800e-03	1.738835044e-13
-1.250000000e-01	3.681899610e+00	-9.002206847e-03	2.497772842e-13
-1.260000000e-01	3.681911271e+00	-9.372512521e-03	2.046748163e-13
-1.270000000e-01	3.681922968e+00	-9.742816811e-03	7.156755124e-14
-1.280000000e-01	3.681934702e+00	-1.011311971e-02	5.003874597e-14
-1.290000000e-01	3.681946474e+00	-1.048342119e-02	8.878681970e-14
-1.300000000e-01	3.681958283e+00	-1.085372127e-02	8.602116967e-14
-1.310000000e-01	3.681970128e+00	-1.122401991e-02	1.554351885e-13
-1.320000000e-01	3.681982011e+00	-1.159431711e-02	1.626893958e-13
-1.330000000e-01	3.681993931e+00	-1.196461286e-02	1.610118238e-13
-1.340000000e-01	3.682005888e+00	-1.233490715e-02	1.677911025e-13
-1.350000000e-01	3.682017883e+00	-1.270519997e-02	1.096784074e-13
-1.360000000e-01	3.682029914e+00	-1.307549131e-02	2.063731870e-13
-1.370000000e-01	3.682041982e+00	-1.344578114e-02	1.422570730e-13
-1.380000000e-01	3.682054088e+00	-1.381606947e-02	1.221352308e-13
-1.390000000e-01	3.682066230e+00	-1.418635629e-02	1.140466706e-13
-1.400000000e-01	3.682078410e+00	-1.455664157e-02	9.369100010e-14
-1.410000000e-01	3.682090627e+00	-1.492692532e-02	8.931422080e-14
-1.420000000e-01	3.682102881e+00	-1.529720751e-02	1.820208194e-13
-1.430000000e-01	3.682115172e+00	-1.566748815e-02	9.381394823e-14
-1.440000000e-01	3.682127500e+00	-1.603776721e-02	2.669347489e-13
-1.450000000e-01	3.682139865e+00	-1.640804468e-02	9.795068081e-14
-1.460000000e-01	3.682152268e+00	-1.677832056e-02	2.814088468e-13
-1.470000000e-01	3.682164707e+00	-1.714859484e-02	8.450555465e-14
-1.480000000e-01	3.682177183e+00	-1.751886749e-02	3.224504460e-13
-1.490000000e-01	3.682189697e+00	-1.788913852e-02	2.207750873e-13
-1.500000000e-01	3.682202248e+00	-1.825940791e-02	1.417090969e-13
-1.510000000e-01	3.682214836e+00	-1.862967564e-02	1.303271321e-13
-1.520000000e-01	3.682227460e+00	-1.899994172e-02	2.209932884e-13
-1.530000000e-01	3.682240122e+00	-1.937020612e-02	1.503076745e-13
-1.540000000e-01	3.682252821e+00	-1.974046884e-02	6.323175797e-14
-1.550000000e-01	3.682265558e+00	-2.011072986e-02	9.207444412e-14
-1.560000000e-01	3.682278331e+00	-2.048098918e-02	1.376752205e-13
-1.570000000e-01	3.682291141e+00	-2.085124677e-02	8.056402819e-14
-1.580000000e-01	3.682303989e+00	-2.122150264e-02	2.141625682e-13
-1.590000000e-01	3.682316873e+00	-2.159175677e-02	7.726777383e-14
-1.600000000e-01	3.682329795e+00	-2.196200915e-02	5.504425408e-14
-1.610000000e-01	3.682342753e+00	-2.233225977e-02	1.290729766e-13
-1.620000000e-01	3.682355749e+00	-2.270250861e-02	2.764441063e-13
-1.630000000e-01	3.682368782e+00	-2.307275567e-02	1.487515841e-13
-1.640000000e-01	3.682381852e+00	-2.344300094e-02	3.286261841e-13
-1.650000000e-01	3.682394959e+00	-2.381324439e-02	1.625283088e-13
-1.660000000e-01	3.682408103e+00	-2.418348603e-02	3.285789212e-13
-1.670000000e-01	3.682421284e+00	-2.455372585e-02	8.761230229e-14
-1.680000000e-01	3.682434502e+00	-2.492396382e-02	1.058556755e-13
-1.690000000e-01	3.682447758e+00	-2.529419994e-02	2.377542089e-13
-1.700000000e-01	3.682461050e+00	-2.566443420e-02	2.492701652e-13
-1.710000000e-01	3.682474379e+00	-2.603466658e-02	1.228009050e-13
-1.720000000e-01	3.682487746e+00	-2.640489709e-02	6.809788479e-14
-1.730000000e-01	3.682501150e+00	-2.677512569e-02	1.253439459e-13
-1.740000000e-01	3.682514590e+00	-2.714535239e-02	1.975364843e-13
-1.750000000e-01	3.682528068e+00	-2.751557718e-02	1.692995923e-13
-1.760000000e-01	3.682541583e+00	-2.788580003e-02	6.836109812e-14
-1.770000000e-01	3.682555135e+00	-2.825602095e-02	1.291414171e-13
-1.780000000e-01	3.682568724e+00	-2.862623991e-02	1.006662089e-13
-1.790000000e-01	3.682582350e+00	-2.899645691e-02	1.635985204e-13
-1.800000000e-01	3.682596013e+00	-2.936667194e-02	2.429979262e-13
-1.810000000e-01	3.682609713e+00	-2.973688499e-02	1.937678657e-13
-1.820000000e-01	3.682623450e+00	-3.010709604e-02	6.709128353e-14
-1.830000000e-01	3.682637225e+00	-3.047730508e-02	6.932424950e-14
-1.840000000e-01	3.682651036e+00	-3.084751211e-02	1.125949116e-13
-1.850000000e-01	3.682664884e+00	-3.121771711e-02	9.465248703e-14
-1.860000000e-01	3.682678770e+00	-3.158792007e-02	2.167076356e-13
-1.870000000e-01	3.682692692e+00	-3.195812098e-02	1.160635163e-13
-1.880000000e-01	3.682706652e+00	-3.232831982e-02	7.747169359e-14
-1.890000000e-01	3.682720649e+00	-3.269851660e-02	1.312612320e-13
-1.900000000e-01	3.682734682e+00	-3.306871129e-02	1.839506548e-13
-1.910000000e-01	3.682748753e+00	-3.343890389e-02	9.728905333e-14
-1.920000000e-01	3.682762861e+00	-3.380909437e-02	6.410845843e-14
-1.930000000e-01	3.682777006e+00	-3.417928275e-02	1.321356759e-13
-1.940000000e-01	3.682791188e+00	-3.454946899e-02	2.144938888e-13
-1.950000000e-01	3.682805407e+00	-3.491965310e-02	1.126676731e-13
-1.960000000e-01	3.682819663e+00	-3.528983505e-02	7.006061495e-14
-1.970000000e-01	3.682833956e+00	-3.566001485e-02	7.611469551e-14
-1.980000000e-01	3.682848286e+00	-3.603019247e-02	1.509604503e-13
-1.990000000e-01	3.682862653e+00	-3.640036791e-02	2.557479888e-13
-2.000000000e-01	3.682877057e+00	-3.677054115e-02	1.850930667e-13
