# epsi_ci     Re(Lambda)      Im(Lambda)      Eq(det), R = 0.05 $\mu$m, $E_p$ = 0.600 eV, modo = 2, $\epsilon_\infty$ = 3.9, $\gamma_{DL}$ = 0.01 eV, solve_det_sinkz_vs_mu.py
0.000000000e+00	4.095611866e+00	5.959667742e-02	9.034621061e-15
-1.000000000e-03	4.095622030e+00	5.919065386e-02	8.048354212e-15
-2.000000000e-03	4.095632234e+00	5.878463017e-02	1.427604362e-14
-3.000000000e-03	4.095642478e+00	5.837860637e-02	9.250198838e-15
-4.000000000e-03	4.095652762e+00	5.797258247e-02	8.183815720e-15
-5.000000000e-03	4.095663085e+00	5.756655848e-02	5.642801359e-15
-6.000000000e-03	4.095673449e+00	5.716053440e-02	9.899377311e-15
-7.000000000e-03	4.095683853e+00	5.675451026e-02	9.471051319e-15
-8.000000000e-03	4.095694297e+00	5.634848607e-02	1.292713513e-14
-9.000000000e-03	4.095704780e+00	5.594246183e-02	2.431466050e-15
-1.000000000e-02	4.095715304e+00	5.553643756e-02	7.650324847e-15
-1.100000000e-02	4.095725868e+00	5.513041326e-02	1.491126324e-14
-1.200000000e-02	4.095736471e+00	5.472438896e-02	5.167463753e-15
-1.300000000e-02	4.095747115e+00	5.431836466e-02	8.533082032e-15
-1.400000000e-02	4.095757799e+00	5.391234038e-02	9.189194252e-15
-1.500000000e-02	4.095768522e+00	5.350631612e-02	4.211199790e-15
-1.600000000e-02	4.095779286e+00	5.310029190e-02	4.923862778e-15
-1.700000000e-02	4.095790089e+00	5.269426773e-02	1.398556057e-14
-1.800000000e-02	4.095800933e+00	5.228824363e-02	8.273641001e-15
-1.900000000e-02	4.095811816e+00	5.188221959e-02	1.354217545e-14
-2.000000000e-02	4.095822740e+00	5.147619564e-02	9.966950008e-15
-2.100000000e-02	4.095833703e+00	5.107017179e-02	1.094457154e-14
-2.200000000e-02	4.095844707e+00	5.066414804e-02	1.097691785e-14
-2.300000000e-02	4.095855750e+00	5.025812442e-02	5.688678565e-15
-2.400000000e-02	4.095866834e+00	4.985210093e-02	8.637404023e-15
-2.500000000e-02	4.095877957e+00	4.944607758e-02	9.194065844e-15
-2.600000000e-02	4.095889120e+00	4.904005439e-02	1.247465693e-14
-2.700000000e-02	4.095900324e+00	4.863403136e-02	6.809130613e-15
-2.800000000e-02	4.095911567e+00	4.822800851e-02	8.693323657e-15
-2.900000000e-02	4.095922851e+00	4.782198586e-02	1.560589326e-14
-3.000000000e-02	4.095934174e+00	4.741596340e-02	9.014146655e-15
-3.100000000e-02	4.095945537e+00	4.700994116e-02	4.778878245e-15
-3.200000000e-02	4.095956940e+00	4.660391914e-02	1.349179552e-14
-3.300000000e-02	4.095968384e+00	4.619789737e-02	9.554068248e-15
-3.400000000e-02	4.095979867e+00	4.579187584e-02	7.207009258e-15
-3.500000000e-02	4.095991390e+00	4.538585457e-02	6.843333505e-15
-3.600000000e-02	4.096002953e+00	4.497983358e-02	1.153193230e-14
-3.700000000e-02	4.096014557e+00	4.457381287e-02	6.929033669e-15
-3.800000000e-02	4.096026200e+00	4.416779245e-02	6.916500654e-15
-3.900000000e-02	4.096037883e+00	4.376177234e-02	9.174897198e-15
-4.000000000e-02	4.096049606e+00	4.335575256e-02	7.370158009e-15
-4.100000000e-02	4.096061369e+00	4.294973310e-02	5.068129347e-15
-4.200000000e-02	4.096073172e+00	4.254371399e-02	1.102510598e-14
-4.300000000e-02	4.096085015e+00	4.213769523e-02	6.863952482e-15
-4.400000000e-02	4.096096898e+00	4.173167684e-02	1.122123684e-14
-4.500000000e-02	4.096108821e+00	4.132565882e-02	7.733615163e-15
-4.600000000e-02	4.096120784e+00	4.091964120e-02	9.163718426e-15
-4.700000000e-02	4.096132787e+00	4.051362397e-02	5.084738172e-15
-4.800000000e-02	4.096144830e+00	4.010760717e-02	1.259981620e-14
-4.900000000e-02	4.096156913e+00	3.970159078e-02	5.269289305e-15
-5.000000000e-02	4.096169036e+00	3.929557483e-02	6.805198813e-15
-5.100000000e-02	4.096181199e+00	3.888955933e-02	6.118802259e-15
-5.200000000e-02	4.096193402e+00	3.848354429e-02	9.540253818e-15
-5.300000000e-02	4.096205645e+00	3.807752973e-02	9.678314394e-15
-5.400000000e-02	4.096217928e+00	3.767151564e-02	2.166264028e-15
-5.500000000e-02	4.096230250e+00	3.726550205e-02	1.069053712e-14
-5.600000000e-02	4.096242613e+00	3.685948897e-02	8.876022674e-15
-5.700000000e-02	4.096255016e+00	3.645347641e-02	7.687760741e-15
-5.800000000e-02	4.096267459e+00	3.604746438e-02	7.915025220e-15
-5.900000000e-02	4.096279941e+00	3.564145289e-02	1.013618165e-14
-6.000000000e-02	4.096292464e+00	3.523544195e-02	7.135642846e-15
-6.100000000e-02	4.096305027e+00	3.482943158e-02	1.057996176e-14
-6.200000000e-02	4.096317629e+00	3.442342179e-02	9.969546823e-15
-6.300000000e-02	4.096330272e+00	3.401741258e-02	6.204559535e-15
-6.400000000e-02	4.096342955e+00	3.361140398e-02	1.103888378e-14
-6.500000000e-02	4.096355677e+00	3.320539599e-02	8.949125031e-15
-6.600000000e-02	4.096368440e+00	3.279938862e-02	7.323965652e-15
-6.700000000e-02	4.096381242e+00	3.239338189e-02	8.964678959e-15
-6.800000000e-02	4.096394085e+00	3.198737581e-02	8.013651155e-15
-6.900000000e-02	4.096406967e+00	3.158137039e-02	8.574150115e-15
-7.000000000e-02	4.096419890e+00	3.117536564e-02	4.068878139e-15
-7.100000000e-02	4.096432852e+00	3.076936157e-02	7.885559804e-15
-7.200000000e-02	4.096445855e+00	3.036335819e-02	9.154873964e-15
-7.300000000e-02	4.096458897e+00	2.995735552e-02	1.279865590e-14
-7.400000000e-02	4.096471979e+00	2.955135357e-02	6.191851478e-15
-7.500000000e-02	4.096485102e+00	2.914535235e-02	1.168623379e-14
-7.600000000e-02	4.096498264e+00	2.873935187e-02	6.052851682e-15
-7.700000000e-02	4.096511466e+00	2.833335215e-02	1.179149879e-14
-7.800000000e-02	4.096524708e+00	2.792735318e-02	5.160230871e-15
-7.900000000e-02	4.096537991e+00	2.752135500e-02	6.151902034e-15
-8.000000000e-02	4.096551313e+00	2.711535760e-02	9.876672142e-15
-8.100000000e-02	4.096564675e+00	2.670936101e-02	1.068138989e-14
-8.200000000e-02	4.096578077e+00	2.630336522e-02	4.827500745e-15
-8.300000000e-02	4.096591519e+00	2.589737026e-02	7.952347808e-15
-8.400000000e-02	4.096605001e+00	2.549137613e-02	5.504043317e-15
-8.500000000e-02	4.096618523e+00	2.508538286e-02	9.982236343e-15
-8.600000000e-02	4.096632085e+00	2.467939043e-02	1.034453005e-14
-8.700000000e-02	4.096645687e+00	2.427339888e-02	6.603516969e-15
-8.800000000e-02	4.096659329e+00	2.386740822e-02	9.656243764e-15
-8.900000000e-02	4.096673011e+00	2.346141844e-02	8.490808508e-15
-9.000000000e-02	4.096686733e+00	2.305542957e-02	7.782878199e-15
-9.100000000e-02	4.096700495e+00	2.264944162e-02	1.154969719e-14
-9.200000000e-02	4.096714296e+00	2.224345460e-02	4.026294309e-15
-9.300000000e-02	4.096728138e+00	2.183746852e-02	9.302427750e-15
-9.400000000e-02	4.096742020e+00	2.143148339e-02	1.368723558e-14
-9.500000000e-02	4.096755941e+00	2.102549922e-02	8.569930771e-15
-9.600000000e-02	4.096769903e+00	2.061951603e-02	2.649805867e-15
-9.700000000e-02	4.096783905e+00	2.021353383e-02	6.291982421e-15
-9.800000000e-02	4.096797946e+00	1.980755262e-02	1.068257140e-14
-9.900000000e-02	4.096812028e+00	1.940157243e-02	1.005153571e-14
-1.000000000e-01	4.096826149e+00	1.899559326e-02	5.453688102e-15
-1.010000000e-01	4.096840311e+00	1.858961512e-02	8.407655478e-15
-1.020000000e-01	4.096854512e+00	1.818363803e-02	4.120891025e-15
-1.030000000e-01	4.096868754e+00	1.777766200e-02	3.504053825e-15
-1.040000000e-01	4.096883035e+00	1.737168704e-02	9.026391531e-15
-1.050000000e-01	4.096897356e+00	1.696571316e-02	6.472381381e-15
-1.060000000e-01	4.096911717e+00	1.655974037e-02	8.909583005e-15
-1.070000000e-01	4.096926119e+00	1.615376869e-02	7.172614840e-15
-1.080000000e-01	4.096940560e+00	1.574779812e-02	8.854072125e-15
-1.090000000e-01	4.096955041e+00	1.534182868e-02	6.349190298e-15
-1.100000000e-01	4.096969562e+00	1.493586038e-02	4.225558503e-15
-1.110000000e-01	4.096984123e+00	1.452989323e-02	6.609237253e-15
-1.120000000e-01	4.096998724e+00	1.412392724e-02	8.363900474e-15
-1.130000000e-01	4.097013365e+00	1.371796243e-02	8.070336330e-15
-1.140000000e-01	4.097028046e+00	1.331199881e-02	8.847633938e-15
-1.150000000e-01	4.097042767e+00	1.290603638e-02	9.204973039e-15
-1.160000000e-01	4.097057528e+00	1.250007517e-02	6.405662748e-15
-1.170000000e-01	4.097072328e+00	1.209411517e-02	9.621734108e-15
-1.180000000e-01	4.097087169e+00	1.168815641e-02	6.957966996e-15
-1.190000000e-01	4.097102050e+00	1.128219889e-02	8.017482798e-15
-1.200000000e-01	4.097116970e+00	1.087624264e-02	2.241724560e-15
-1.210000000e-01	4.097131931e+00	1.047028764e-02	1.194286047e-14
-1.220000000e-01	4.097146932e+00	1.006433393e-02	7.961509188e-15
-1.230000000e-01	4.097161972e+00	9.658381515e-03	8.950775082e-15
-1.240000000e-01	4.097177052e+00	9.252430400e-03	7.665829207e-15
-1.250000000e-01	4.097192173e+00	8.846480600e-03	1.124814179e-14
-1.260000000e-01	4.097207333e+00	8.440532127e-03	8.252419256e-15
-1.270000000e-01	4.097222533e+00	8.034584993e-03	4.780233170e-15
-1.280000000e-01	4.097237774e+00	7.628639209e-03	8.229601303e-15
-1.290000000e-01	4.097253054e+00	7.222694787e-03	1.195775179e-14
-1.300000000e-01	4.097268374e+00	6.816751740e-03	9.402065534e-15
-1.310000000e-01	4.097283734e+00	6.410810077e-03	1.057004694e-14
-1.320000000e-01	4.097299134e+00	6.004869812e-03	1.274679909e-14
-1.330000000e-01	4.097314574e+00	5.598930956e-03	3.592310342e-15
-1.340000000e-01	4.097330054e+00	5.192993520e-03	7.079593323e-15
-1.350000000e-01	4.097345574e+00	4.787057516e-03	1.000153402e-14
-1.360000000e-01	4.097361133e+00	4.381122957e-03	9.739540342e-15
-1.370000000e-01	4.097376733e+00	3.975189853e-03	8.149606084e-15
-1.380000000e-01	4.097392373e+00	3.569258217e-03	3.122139871e-15
-1.390000000e-01	4.097408052e+00	3.163328059e-03	5.821744391e-15
-1.400000000e-01	4.097423772e+00	2.757399393e-03	5.950480823e-15
-1.410000000e-01	4.097439531e+00	2.351472229e-03	8.087929015e-15
-1.420000000e-01	4.097455331e+00	1.945546579e-03	6.738834272e-15
-1.430000000e-01	4.097471170e+00	1.539622455e-03	7.733826061e-15
-1.440000000e-01	4.097487049e+00	1.133699869e-03	1.227650947e-14
-1.450000000e-01	4.097502968e+00	7.277788313e-04	1.263004499e-14
-1.460000000e-01	4.097518928e+00	3.218593551e-04	9.607048338e-15
-1.470000000e-01	4.097534927e+00	-8.405854852e-05	1.391593399e-14
-1.480000000e-01	4.097550966e+00	-4.899748678e-04	7.855918922e-15
-1.490000000e-01	4.097567045e+00	-8.958895910e-04	8.684712514e-15
-1.500000000e-01	4.097583163e+00	-1.301802707e-03	1.119610690e-14
-1.510000000e-01	4.097599322e+00	-1.707714203e-03	1.535525641e-14
-1.520000000e-01	4.097615521e+00	-2.113624068e-03	1.299817639e-14
-1.530000000e-01	4.097631760e+00	-2.519532290e-03	1.028035947e-14
-1.540000000e-01	4.097648038e+00	-2.925438858e-03	1.007053221e-14
-1.550000000e-01	4.097664357e+00	-3.331343759e-03	3.593516422e-15
-1.560000000e-01	4.097680715e+00	-3.737246983e-03	1.428990359e-14
-1.570000000e-01	4.097697113e+00	-4.143148517e-03	1.050860145e-14
-1.580000000e-01	4.097713552e+00	-4.549048350e-03	1.389493017e-14
-1.590000000e-01	4.097730030e+00	-4.954946470e-03	1.517311923e-14
-1.600000000e-01	4.097746548e+00	-5.360842865e-03	1.069278823e-14
-1.610000000e-01	4.097763106e+00	-5.766737524e-03	1.566239164e-14
-1.620000000e-01	4.097779704e+00	-6.172630435e-03	1.442009004e-14
-1.630000000e-01	4.097796342e+00	-6.578521586e-03	2.081960509e-14
-1.640000000e-01	4.097813020e+00	-6.984410966e-03	4.437269386e-15
-1.650000000e-01	4.097829738e+00	-7.390298563e-03	1.408060075e-14
-1.660000000e-01	4.097846495e+00	-7.796184366e-03	1.218411285e-14
-1.670000000e-01	4.097863293e+00	-8.202068361e-03	1.161822834e-14
-1.680000000e-01	4.097880130e+00	-8.607950539e-03	9.037626289e-15
-1.690000000e-01	4.097897008e+00	-9.013830887e-03	1.224126301e-14
-1.700000000e-01	4.097913925e+00	-9.419709394e-03	1.316318233e-14
-1.710000000e-01	4.097930882e+00	-9.825586047e-03	1.067715183e-14
-1.720000000e-01	4.097947879e+00	-1.023146084e-02	1.011675502e-14
-1.730000000e-01	4.097964916e+00	-1.063733375e-02	1.068535591e-14
-1.740000000e-01	4.097981993e+00	-1.104320477e-02	8.825280161e-15
-1.750000000e-01	4.097999110e+00	-1.144907390e-02	1.124344076e-14
-1.760000000e-01	4.098016267e+00	-1.185494111e-02	2.330635949e-14
-1.770000000e-01	4.098033464e+00	-1.226080640e-02	1.100105991e-14
-1.780000000e-01	4.098050700e+00	-1.266666975e-02	1.434255103e-14
-1.790000000e-01	4.098067977e+00	-1.307253116e-02	1.678487886e-14
-1.800000000e-01	4.098085293e+00	-1.347839061e-02	1.211766123e-14
-1.810000000e-01	4.098102650e+00	-1.388424809e-02	1.622692645e-14
-1.820000000e-01	4.098120046e+00	-1.429010359e-02	1.623374360e-14
-1.830000000e-01	4.098137482e+00	-1.469595709e-02	1.292070490e-14
-1.840000000e-01	4.098154958e+00	-1.510180859e-02	8.872867579e-15
-1.850000000e-01	4.098172474e+00	-1.550765808e-02	1.626598098e-14
-1.860000000e-01	4.098190030e+00	-1.591350553e-02	1.716116826e-14
-1.870000000e-01	4.098207626e+00	-1.631935095e-02	1.575424785e-14
-1.880000000e-01	4.098225261e+00	-1.672519431e-02	1.054465331e-14
-1.890000000e-01	4.098242937e+00	-1.713103561e-02	1.265073591e-14
-1.900000000e-01	4.098260652e+00	-1.753687483e-02	1.245159329e-14
-1.910000000e-01	4.098278408e+00	-1.794271197e-02	1.137031301e-14
-1.920000000e-01	4.098296203e+00	-1.834854701e-02	1.081243555e-14
-1.930000000e-01	4.098314038e+00	-1.875437994e-02	1.050285431e-14
-1.940000000e-01	4.098331913e+00	-1.916021075e-02	8.690254769e-15
-1.950000000e-01	4.098349828e+00	-1.956603943e-02	7.205766531e-15
-1.960000000e-01	4.098367783e+00	-1.997186596e-02	1.497022257e-14
-1.970000000e-01	4.098385777e+00	-2.037769033e-02	1.052266731e-14
-1.980000000e-01	4.098403812e+00	-2.078351254e-02	1.208465300e-14
-1.990000000e-01	4.098421886e+00	-2.118933256e-02	1.438377643e-14
-2.000000000e-01	4.098440001e+00	-2.159515040e-02	1.141955591e-14
