# epsi_ci     Re(Lambda)      Im(Lambda)      Eq(det), R = 0.05 $\mu$m, $E_p$ = 0.600 eV, modo = 2, $\epsilon_\infty$ = 3.9, $\gamma_{DL}$ = 0.01 eV, solve_det_sinkz_vs_mu.py
0.000000000e+00	3.877595869e+00	4.650553784e-02	1.146253558e-13
-1.000000000e-03	3.877604363e+00	4.611730908e-02	6.956103778e-14
-2.000000000e-03	3.877612896e+00	4.572908029e-02	6.841138514e-14
-3.000000000e-03	3.877621468e+00	4.534085148e-02	7.695980501e-14
-4.000000000e-03	3.877630078e+00	4.495262266e-02	1.554362417e-13
-5.000000000e-03	3.877638728e+00	4.456439384e-02	8.001196407e-14
-6.000000000e-03	3.877647415e+00	4.417616503e-02	1.051882854e-13
-7.000000000e-03	3.877656142e+00	4.378793625e-02	9.805852782e-14
-8.000000000e-03	3.877664907e+00	4.339970751e-02	1.230774769e-13
-9.000000000e-03	3.877673711e+00	4.301147881e-02	1.250046326e-13
-1.000000000e-02	3.877682554e+00	4.262325018e-02	7.564947999e-14
-1.100000000e-02	3.877691436e+00	4.223502161e-02	5.402076460e-14
-1.200000000e-02	3.877700356e+00	4.184679313e-02	9.622912104e-14
-1.300000000e-02	3.877709315e+00	4.145856475e-02	8.902414289e-14
-1.400000000e-02	3.877718313e+00	4.107033647e-02	9.662229348e-14
-1.500000000e-02	3.877727349e+00	4.068210831e-02	1.682858454e-13
-1.600000000e-02	3.877736424e+00	4.029388028e-02	5.798214150e-14
-1.700000000e-02	3.877745538e+00	3.990565238e-02	1.398935888e-13
-1.800000000e-02	3.877754691e+00	3.951742465e-02	1.854153888e-13
-1.900000000e-02	3.877763882e+00	3.912919707e-02	5.781976733e-14
-2.000000000e-02	3.877773112e+00	3.874096967e-02	9.910235063e-14
-2.100000000e-02	3.877782381e+00	3.835274246e-02	1.210802462e-13
-2.200000000e-02	3.877791688e+00	3.796451544e-02	8.769540916e-14
-2.300000000e-02	3.877801034e+00	3.757628864e-02	6.459853085e-14
-2.400000000e-02	3.877810419e+00	3.718806206e-02	1.101130290e-13
-2.500000000e-02	3.877819843e+00	3.679983571e-02	1.206654904e-13
-2.600000000e-02	3.877829305e+00	3.641160961e-02	6.759792804e-14
-2.700000000e-02	3.877838806e+00	3.602338376e-02	2.297733890e-13
-2.800000000e-02	3.877848346e+00	3.563515818e-02	1.096051094e-13
-2.900000000e-02	3.877857925e+00	3.524693288e-02	1.303296177e-13
-3.000000000e-02	3.877867542e+00	3.485870787e-02	1.367559798e-13
-3.100000000e-02	3.877877198e+00	3.447048316e-02	1.652574547e-13
-3.200000000e-02	3.877886892e+00	3.408225877e-02	8.495580450e-14
-3.300000000e-02	3.877896626e+00	3.369403470e-02	1.030869168e-13
-3.400000000e-02	3.877906398e+00	3.330581097e-02	1.077829306e-13
-3.500000000e-02	3.877916209e+00	3.291758759e-02	1.073780862e-13
-3.600000000e-02	3.877926058e+00	3.252936457e-02	1.064286597e-13
-3.700000000e-02	3.877935947e+00	3.214114192e-02	5.864605514e-14
-3.800000000e-02	3.877945874e+00	3.175291965e-02	8.840749933e-14
-3.900000000e-02	3.877955840e+00	3.136469778e-02	6.094867193e-14
-4.000000000e-02	3.877965844e+00	3.097647632e-02	1.064341209e-13
-4.100000000e-02	3.877975887e+00	3.058825527e-02	1.266329727e-13
-4.200000000e-02	3.877985969e+00	3.020003466e-02	1.632188047e-13
-4.300000000e-02	3.877996090e+00	2.981181448e-02	1.172490263e-13
-4.400000000e-02	3.878006249e+00	2.942359476e-02	6.891509891e-14
-4.500000000e-02	3.878016447e+00	2.903537550e-02	1.310808241e-13
-4.600000000e-02	3.878026684e+00	2.864715671e-02	9.192897316e-14
-4.700000000e-02	3.878036959e+00	2.825893842e-02	1.236231001e-13
-4.800000000e-02	3.878047274e+00	2.787072062e-02	1.199286658e-13
-4.900000000e-02	3.878057627e+00	2.748250334e-02	1.077432559e-13
-5.000000000e-02	3.878068018e+00	2.709428657e-02	8.110631445e-14
-5.100000000e-02	3.878078449e+00	2.670607034e-02	1.231720092e-13
-5.200000000e-02	3.878088918e+00	2.631785465e-02	6.789519868e-14
-5.300000000e-02	3.878099426e+00	2.592963952e-02	1.671121696e-13
-5.400000000e-02	3.878109972e+00	2.554142496e-02	9.295551122e-14
-5.500000000e-02	3.878120557e+00	2.515321098e-02	1.197851702e-13
-5.600000000e-02	3.878131181e+00	2.476499759e-02	1.130222793e-13
-5.700000000e-02	3.878141844e+00	2.437678480e-02	1.230199254e-13
-5.800000000e-02	3.878152545e+00	2.398857263e-02	1.798724191e-13
-5.900000000e-02	3.878163286e+00	2.360036108e-02	1.199140866e-13
-6.000000000e-02	3.878174064e+00	2.321215017e-02	1.759440546e-13
-6.100000000e-02	3.878184882e+00	2.282393991e-02	7.505132795e-14
-6.200000000e-02	3.878195738e+00	2.243573031e-02	1.198763377e-13
-6.300000000e-02	3.878206633e+00	2.204752138e-02	1.052592587e-13
-6.400000000e-02	3.878217567e+00	2.165931313e-02	9.568345348e-14
-6.500000000e-02	3.878228539e+00	2.127110558e-02	6.581923868e-14
-6.600000000e-02	3.878239550e+00	2.088289874e-02	7.508326459e-14
-6.700000000e-02	3.878250600e+00	2.049469262e-02	1.849678426e-13
-6.800000000e-02	3.878261689e+00	2.010648722e-02	9.469866533e-14
-6.900000000e-02	3.878272816e+00	1.971828257e-02	5.497901212e-14
-7.000000000e-02	3.878283982e+00	1.933007866e-02	1.140199080e-13
-7.100000000e-02	3.878295187e+00	1.894187553e-02	1.267455149e-13
-7.200000000e-02	3.878306430e+00	1.855367317e-02	1.291261436e-13
-7.300000000e-02	3.878317712e+00	1.816547159e-02	1.663255833e-13
-7.400000000e-02	3.878329033e+00	1.777727082e-02	9.159124451e-14
-7.500000000e-02	3.878340393e+00	1.738907085e-02	2.007661114e-13
-7.600000000e-02	3.878351791e+00	1.700087171e-02	7.025845780e-14
-7.700000000e-02	3.878363228e+00	1.661267340e-02	2.273028373e-13
-7.800000000e-02	3.878374703e+00	1.622447594e-02	1.746490919e-13
-7.900000000e-02	3.878386218e+00	1.583627933e-02	1.347054128e-13
-8.000000000e-02	3.878397771e+00	1.544808359e-02	8.983212671e-14
-8.100000000e-02	3.878409363e+00	1.505988873e-02	1.681379727e-13
-8.200000000e-02	3.878420993e+00	1.467169477e-02	8.917328310e-14
-8.300000000e-02	3.878432662e+00	1.428350170e-02	1.213988722e-13
-8.400000000e-02	3.878444370e+00	1.389530955e-02	1.042857505e-13
-8.500000000e-02	3.878456117e+00	1.350711833e-02	9.598958265e-14
-8.600000000e-02	3.878467902e+00	1.311892804e-02	9.009994488e-14
-8.700000000e-02	3.878479726e+00	1.273073870e-02	1.458486047e-13
-8.800000000e-02	3.878491589e+00	1.234255032e-02	7.319921866e-14
-8.900000000e-02	3.878503490e+00	1.195436292e-02	1.148200092e-13
-9.000000000e-02	3.878515431e+00	1.156617650e-02	1.291611889e-13
-9.100000000e-02	3.878527409e+00	1.117799107e-02	7.016620325e-14
-9.200000000e-02	3.878539427e+00	1.078980665e-02	1.794062183e-13
-9.300000000e-02	3.878551483e+00	1.040162325e-02	1.485817359e-13
-9.400000000e-02	3.878563578e+00	1.001344088e-02	1.263258435e-13
-9.500000000e-02	3.878575712e+00	9.625259546e-03	1.370489874e-13
-9.600000000e-02	3.878587884e+00	9.237079268e-03	7.125418725e-14
-9.700000000e-02	3.878600095e+00	8.848900054e-03	8.263586586e-14
-9.800000000e-02	3.878612345e+00	8.460721917e-03	1.773903610e-13
-9.900000000e-02	3.878624633e+00	8.072544866e-03	7.020500894e-14
-1.000000000e-01	3.878636961e+00	7.684368915e-03	1.769093469e-13
-1.010000000e-01	3.878649326e+00	7.296194074e-03	9.708307709e-14
-1.020000000e-01	3.878661731e+00	6.908020355e-03	6.340591002e-14
-1.030000000e-01	3.878674174e+00	6.519847769e-03	1.339902789e-13
-1.040000000e-01	3.878686656e+00	6.131676329e-03	7.020547804e-14
-1.050000000e-01	3.878699177e+00	5.743506045e-03	5.610263720e-14
-1.060000000e-01	3.878711736e+00	5.355336929e-03	1.975105171e-13
-1.070000000e-01	3.878724334e+00	4.967168993e-03	6.734820505e-14
-1.080000000e-01	3.878736971e+00	4.579002249e-03	7.867939098e-14
-1.090000000e-01	3.878749646e+00	4.190836706e-03	9.040726914e-14
-1.100000000e-01	3.878762360e+00	3.802672379e-03	1.055332576e-13
-1.110000000e-01	3.878775113e+00	3.414509276e-03	1.070858029e-13
-1.120000000e-01	3.878787905e+00	3.026347412e-03	9.078152959e-14
-1.130000000e-01	3.878800735e+00	2.638186796e-03	6.900661296e-14
-1.140000000e-01	3.878813604e+00	2.250027440e-03	1.227776162e-13
-1.150000000e-01	3.878826511e+00	1.861869356e-03	1.126608202e-13
-1.160000000e-01	3.878839457e+00	1.473712556e-03	6.008943181e-14
-1.170000000e-01	3.878852442e+00	1.085557051e-03	8.424070974e-14
-1.180000000e-01	3.878865466e+00	6.974028516e-04	8.713091132e-14
-1.190000000e-01	3.878878528e+00	3.092499706e-04	7.859551914e-14
-1.200000000e-01	3.878891629e+00	-7.890158083e-05	1.534555355e-13
-1.210000000e-01	3.878904769e+00	-4.670517913e-04	7.565525505e-14
-1.220000000e-01	3.878917947e+00	-8.552006492e-04	1.378771573e-13
-1.230000000e-01	3.878931164e+00	-1.243348143e-03	6.908842957e-14
-1.240000000e-01	3.878944420e+00	-1.631494261e-03	1.092540689e-13
-1.250000000e-01	3.878957715e+00	-2.019638992e-03	1.521283581e-13
-1.260000000e-01	3.878971048e+00	-2.407782325e-03	1.262762417e-13
-1.270000000e-01	3.878984419e+00	-2.795924247e-03	1.424704511e-13
-1.280000000e-01	3.878997830e+00	-3.184064748e-03	1.035835144e-13
-1.290000000e-01	3.879011279e+00	-3.572203815e-03	1.247737578e-13
-1.300000000e-01	3.879024767e+00	-3.960341438e-03	1.498097186e-13
-1.310000000e-01	3.879038293e+00	-4.348477604e-03	8.726127412e-14
-1.320000000e-01	3.879051859e+00	-4.736612303e-03	1.113880770e-13
-1.330000000e-01	3.879065463e+00	-5.124745522e-03	8.555934748e-14
-1.340000000e-01	3.879079105e+00	-5.512877251e-03	5.987479194e-14
-1.350000000e-01	3.879092786e+00	-5.901007477e-03	1.110226390e-13
-1.360000000e-01	3.879106506e+00	-6.289136189e-03	5.880840594e-14
-1.370000000e-01	3.879120265e+00	-6.677263376e-03	1.156798351e-13
-1.380000000e-01	3.879134062e+00	-7.065389027e-03	1.049434020e-13
-1.390000000e-01	3.879147898e+00	-7.453513128e-03	1.320179855e-13
-1.400000000e-01	3.879161772e+00	-7.841635670e-03	1.362816852e-13
-1.410000000e-01	3.879175686e+00	-8.229756641e-03	1.244216431e-13
-1.420000000e-01	3.879189638e+00	-8.617876028e-03	8.460819120e-14
-1.430000000e-01	3.879203628e+00	-9.005993822e-03	7.603069508e-14
-1.440000000e-01	3.879217658e+00	-9.394110009e-03	1.285145375e-13
-1.450000000e-01	3.879231726e+00	-9.782224579e-03	1.389254593e-13
-1.460000000e-01	3.879245832e+00	-1.017033752e-02	1.752801409e-13
-1.470000000e-01	3.879259977e+00	-1.055844882e-02	8.914657088e-14
-1.480000000e-01	3.879274161e+00	-1.094655847e-02	1.160125291e-13
-1.490000000e-01	3.879288384e+00	-1.133466645e-02	1.188708410e-13
-1.500000000e-01	3.879302645e+00	-1.172277276e-02	4.663204339e-14
-1.510000000e-01	3.879316945e+00	-1.211087739e-02	2.025872315e-13
-1.520000000e-01	3.879331284e+00	-1.249898031e-02	1.414132278e-13
-1.530000000e-01	3.879345661e+00	-1.288708153e-02	1.544891595e-13
-1.540000000e-01	3.879360077e+00	-1.327518102e-02	1.121689076e-13
-1.550000000e-01	3.879374532e+00	-1.366327878e-02	8.462358209e-14
-1.560000000e-01	3.879389025e+00	-1.405137480e-02	3.587181319e-14
-1.570000000e-01	3.879403557e+00	-1.443946906e-02	7.897580674e-14
-1.580000000e-01	3.879418127e+00	-1.482756156e-02	9.883094430e-14
-1.590000000e-01	3.879432736e+00	-1.521565228e-02	1.134385010e-13
-1.600000000e-01	3.879447384e+00	-1.560374120e-02	8.609842189e-14
-1.610000000e-01	3.879462071e+00	-1.599182833e-02	3.481009531e-14
-1.620000000e-01	3.879476796e+00	-1.637991364e-02	6.426926248e-14
-1.630000000e-01	3.879491560e+00	-1.676799713e-02	9.124770330e-14
-1.640000000e-01	3.879506362e+00	-1.715607878e-02	1.052887192e-13
-1.650000000e-01	3.879521204e+00	-1.754415858e-02	1.197188164e-13
-1.660000000e-01	3.879536083e+00	-1.793223653e-02	1.532264670e-13
-1.670000000e-01	3.879551002e+00	-1.832031260e-02	1.210508225e-13
-1.680000000e-01	3.879565959e+00	-1.870838679e-02	1.508373763e-13
-1.690000000e-01	3.879580955e+00	-1.909645909e-02	1.016660669e-13
-1.700000000e-01	3.879595989e+00	-1.948452949e-02	1.116739920e-13
-1.710000000e-01	3.879611062e+00	-1.987259796e-02	1.360272982e-13
-1.720000000e-01	3.879626174e+00	-2.026066451e-02	1.227384569e-13
-1.730000000e-01	3.879641324e+00	-2.064872912e-02	1.010303906e-13
-1.740000000e-01	3.879656513e+00	-2.103679178e-02	1.172445485e-13
-1.750000000e-01	3.879671741e+00	-2.142485247e-02	6.836233771e-14
-1.760000000e-01	3.879687007e+00	-2.181291120e-02	1.833367881e-13
-1.770000000e-01	3.879702312e+00	-2.220096793e-02	1.178394171e-13
-1.780000000e-01	3.879717655e+00	-2.258902267e-02	9.466476384e-14
-1.790000000e-01	3.879733037e+00	-2.297707540e-02	1.081302832e-13
-1.800000000e-01	3.879748458e+00	-2.336512611e-02	1.237138334e-13
-1.810000000e-01	3.879763918e+00	-2.375317479e-02	9.391725612e-14
-1.820000000e-01	3.879779416e+00	-2.414122143e-02	8.675666610e-14
-1.830000000e-01	3.879794952e+00	-2.452926601e-02	8.313324970e-14
-1.840000000e-01	3.879810528e+00	-2.491730852e-02	9.064930204e-14
-1.850000000e-01	3.879826142e+00	-2.530534896e-02	9.019901468e-14
-1.860000000e-01	3.879841794e+00	-2.569338731e-02	1.444368260e-13
-1.870000000e-01	3.879857486e+00	-2.608142356e-02	8.937133727e-14
-1.880000000e-01	3.879873215e+00	-2.646945770e-02	1.612359802e-13
-1.890000000e-01	3.879888984e+00	-2.685748971e-02	1.067377100e-13
-1.900000000e-01	3.879904791e+00	-2.724551959e-02	8.522957712e-14
-1.910000000e-01	3.879920637e+00	-2.763354732e-02	1.310951517e-13
-1.920000000e-01	3.879936521e+00	-2.802157289e-02	1.686795482e-13
-1.930000000e-01	3.879952444e+00	-2.840959630e-02	6.302197893e-14
-1.940000000e-01	3.879968406e+00	-2.879761752e-02	4.805178768e-14
-1.950000000e-01	3.879984406e+00	-2.918563656e-02	9.651159238e-14
-1.960000000e-01	3.880000445e+00	-2.957365338e-02	6.265033508e-14
-1.970000000e-01	3.880016522e+00	-2.996166800e-02	5.954776824e-14
-1.980000000e-01	3.880032638e+00	-3.034968038e-02	8.794089473e-14
-1.990000000e-01	3.880048793e+00	-3.073769053e-02	1.816800604e-13
-2.000000000e-01	3.880064986e+00	-3.112569843e-02	1.212693413e-13
