# Im(epsi1)     Re(Lambda)      Im(Lambda)      Eq(det).Opt det SIN kz, R=0.5 \mum, Re(epsi1)=4.90solve_det_sinkz_vs_mu.py
0.000000000e+00	2.386527433e+01	4.259270384e-02	2.290831575e-11
-1.000000000e-04	2.386527471e+01	4.239094098e-02	8.521674585e-12
-2.000000000e-04	2.386527509e+01	4.218917812e-02	3.255940093e-11
-3.000000000e-04	2.386527547e+01	4.198741526e-02	1.113347290e-11
-4.000000000e-04	2.386527585e+01	4.178565240e-02	1.237118324e-11
-5.000000000e-04	2.386527623e+01	4.158388954e-02	1.509937653e-11
-6.000000000e-04	2.386527662e+01	4.138212668e-02	3.023467114e-11
-7.000000000e-04	2.386527701e+01	4.118036382e-02	7.763327642e-12
-8.000000000e-04	2.386527740e+01	4.097860096e-02	1.100756791e-11
-9.000000000e-04	2.386527779e+01	4.077683810e-02	1.347474349e-11
-1.000000000e-03	2.386527818e+01	4.057507524e-02	1.388237720e-11
-1.100000000e-03	2.386527857e+01	4.037331238e-02	1.172299277e-11
-1.200000000e-03	2.386527897e+01	4.017154953e-02	1.148817388e-11
-1.300000000e-03	2.386527937e+01	3.996978666e-02	3.124267882e-11
-1.400000000e-03	2.386527977e+01	3.976802381e-02	1.602300063e-11
-1.500000000e-03	2.386528017e+01	3.956626095e-02	2.492159153e-11
-1.600000000e-03	2.386528057e+01	3.936449809e-02	6.835811131e-12
-1.700000000e-03	2.386528098e+01	3.916273524e-02	3.269271813e-11
-1.800000000e-03	2.386528138e+01	3.896097238e-02	1.025529644e-11
-1.900000000e-03	2.386528179e+01	3.875920952e-02	2.207146436e-11
-2.000000000e-03	2.386528220e+01	3.855744667e-02	8.326635112e-12
-2.100000000e-03	2.386528261e+01	3.835568381e-02	1.079033517e-11
-2.200000000e-03	2.386528303e+01	3.815392096e-02	1.352507465e-11
-2.300000000e-03	2.386528344e+01	3.795215810e-02	2.232720687e-11
-2.400000000e-03	2.386528386e+01	3.775039525e-02	2.233024404e-11
-2.500000000e-03	2.386528428e+01	3.754863240e-02	1.765983174e-11
-2.600000000e-03	2.386528470e+01	3.734686955e-02	1.417378357e-11
-2.700000000e-03	2.386528512e+01	3.714510670e-02	1.551565373e-11
-2.800000000e-03	2.386528554e+01	3.694334385e-02	9.364662935e-12
-2.900000000e-03	2.386528597e+01	3.674158100e-02	1.253909223e-11
-3.000000000e-03	2.386528639e+01	3.653981815e-02	1.921478096e-11
-3.100000000e-03	2.386528682e+01	3.633805530e-02	1.984827628e-11
-3.200000000e-03	2.386528725e+01	3.613629246e-02	1.184726891e-11
-3.300000000e-03	2.386528768e+01	3.593452961e-02	1.137640621e-11
-3.400000000e-03	2.386528812e+01	3.573276677e-02	2.159449164e-11
-3.500000000e-03	2.386528855e+01	3.553100393e-02	1.010773564e-11
-3.600000000e-03	2.386528899e+01	3.532924109e-02	4.185982056e-11
-3.700000000e-03	2.386528943e+01	3.512747825e-02	2.115039093e-11
-3.800000000e-03	2.386528987e+01	3.492571541e-02	5.364432417e-12
-3.900000000e-03	2.386529031e+01	3.472395257e-02	2.711318548e-11
-4.000000000e-03	2.386529075e+01	3.452218974e-02	1.057911496e-11
-4.100000000e-03	2.386529120e+01	3.432042690e-02	1.929095769e-11
-4.200000000e-03	2.386529165e+01	3.411866407e-02	2.537220546e-11
-4.300000000e-03	2.386529209e+01	3.391690124e-02	1.969683854e-11
-4.400000000e-03	2.386529255e+01	3.371513841e-02	9.690995400e-12
-4.500000000e-03	2.386529300e+01	3.351337558e-02	1.426284000e-11
-4.600000000e-03	2.386529345e+01	3.331161276e-02	8.358606224e-12
-4.700000000e-03	2.386529391e+01	3.310984993e-02	7.475792088e-12
-4.800000000e-03	2.386529436e+01	3.290808711e-02	1.214093197e-11
-4.900000000e-03	2.386529482e+01	3.270632429e-02	8.041716177e-12
-5.000000000e-03	2.386529528e+01	3.250456147e-02	9.486569198e-12
-5.100000000e-03	2.386529575e+01	3.230279865e-02	9.613115226e-12
-5.200000000e-03	2.386529621e+01	3.210103584e-02	1.134427865e-11
-5.300000000e-03	2.386529668e+01	3.189927302e-02	1.373090418e-11
-5.400000000e-03	2.386529714e+01	3.169751021e-02	2.790041829e-11
-5.500000000e-03	2.386529761e+01	3.149574740e-02	6.590540388e-12
-5.600000000e-03	2.386529808e+01	3.129398460e-02	2.605811374e-11
-5.700000000e-03	2.386529856e+01	3.109222179e-02	1.050326211e-11
-5.800000000e-03	2.386529903e+01	3.089045899e-02	2.205462047e-11
-5.900000000e-03	2.386529951e+01	3.068869619e-02	7.853362452e-12
-6.000000000e-03	2.386529999e+01	3.048693339e-02	2.777061532e-11
-6.100000000e-03	2.386530047e+01	3.028517060e-02	2.627797599e-11
-6.200000000e-03	2.386530095e+01	3.008340780e-02	1.453270038e-11
-6.300000000e-03	2.386530143e+01	2.988164501e-02	3.965889925e-11
-6.400000000e-03	2.386530191e+01	2.967988222e-02	1.146683008e-11
-6.500000000e-03	2.386530240e+01	2.947811944e-02	1.232988550e-11
-6.600000000e-03	2.386530289e+01	2.927635665e-02	1.138340739e-11
-6.700000000e-03	2.386530338e+01	2.907459387e-02	1.774042320e-11
-6.800000000e-03	2.386530387e+01	2.887283109e-02	1.617049102e-11
-6.900000000e-03	2.386530436e+01	2.867106832e-02	2.818584564e-11
-7.000000000e-03	2.386530486e+01	2.846930554e-02	7.583320458e-12
-7.100000000e-03	2.386530535e+01	2.826754277e-02	7.094101623e-12
-7.200000000e-03	2.386530585e+01	2.806578001e-02	1.146043146e-11
-7.300000000e-03	2.386530635e+01	2.786401724e-02	1.091545313e-11
-7.400000000e-03	2.386530685e+01	2.766225448e-02	2.543183134e-11
-7.500000000e-03	2.386530736e+01	2.746049172e-02	7.876648412e-12
-7.600000000e-03	2.386530786e+01	2.725872897e-02	2.806370191e-11
-7.700000000e-03	2.386530837e+01	2.705696621e-02	7.244943140e-12
-7.800000000e-03	2.386530888e+01	2.685520346e-02	1.717962315e-11
-7.900000000e-03	2.386530939e+01	2.665344072e-02	3.463693237e-11
-8.000000000e-03	2.386530990e+01	2.645167797e-02	7.275403512e-12
-8.100000000e-03	2.386531041e+01	2.624991523e-02	9.354442063e-12
-8.200000000e-03	2.386531093e+01	2.604815250e-02	5.159210320e-11
-8.300000000e-03	2.386531145e+01	2.584638976e-02	1.543700193e-11
-8.400000000e-03	2.386531197e+01	2.564462703e-02	8.409234489e-12
-8.500000000e-03	2.386531249e+01	2.544286430e-02	1.481297635e-11
-8.600000000e-03	2.386531301e+01	2.524110158e-02	1.008625788e-11
-8.700000000e-03	2.386531353e+01	2.503933886e-02	1.690153877e-11
-8.800000000e-03	2.386531406e+01	2.483757614e-02	1.521276978e-11
-8.900000000e-03	2.386531458e+01	2.463581343e-02	2.179901333e-11
-9.000000000e-03	2.386531511e+01	2.443405072e-02	1.049855584e-11
-9.100000000e-03	2.386531564e+01	2.423228801e-02	1.689642716e-11
-9.200000000e-03	2.386531618e+01	2.403052531e-02	9.407782079e-12
-9.300000000e-03	2.386531671e+01	2.382876261e-02	7.454629446e-12
-9.400000000e-03	2.386531725e+01	2.362699992e-02	1.193531252e-11
-9.500000000e-03	2.386531778e+01	2.342523723e-02	2.124603613e-11
-9.600000000e-03	2.386531832e+01	2.322347454e-02	8.352863631e-12
-9.700000000e-03	2.386531886e+01	2.302171185e-02	1.693749006e-11
-9.800000000e-03	2.386531941e+01	2.281994918e-02	1.642888084e-11
-9.900000000e-03	2.386531995e+01	2.261818650e-02	9.675957166e-12
-1.000000000e-02	2.386532050e+01	2.241642383e-02	2.035600431e-11
-1.010000000e-02	2.386532104e+01	2.221466116e-02	1.759284536e-11
-1.020000000e-02	2.386532159e+01	2.201289850e-02	1.463924261e-11
-1.030000000e-02	2.386532214e+01	2.181113583e-02	2.350453165e-11
-1.040000000e-02	2.386532270e+01	2.160937318e-02	1.208204961e-11
-1.050000000e-02	2.386532325e+01	2.140761053e-02	1.756550550e-11
-1.060000000e-02	2.386532381e+01	2.120584788e-02	1.634471712e-11
-1.070000000e-02	2.386532437e+01	2.100408524e-02	1.099498162e-11
-1.080000000e-02	2.386532493e+01	2.080232260e-02	8.459411987e-12
-1.090000000e-02	2.386532549e+01	2.060055997e-02	2.254947353e-11
-1.100000000e-02	2.386532605e+01	2.039879734e-02	1.210306628e-11
-1.110000000e-02	2.386532661e+01	2.019703471e-02	7.926032247e-12
-1.120000000e-02	2.386532718e+01	1.999527209e-02	8.015121710e-12
-1.130000000e-02	2.386532775e+01	1.979350948e-02	1.560066207e-11
-1.140000000e-02	2.386532832e+01	1.959174687e-02	2.946034442e-11
-1.150000000e-02	2.386532889e+01	1.938998426e-02	1.103380352e-11
-1.160000000e-02	2.386532946e+01	1.918822166e-02	1.605484815e-11
-1.170000000e-02	2.386533004e+01	1.898645906e-02	2.185851330e-11
-1.180000000e-02	2.386533061e+01	1.878469647e-02	3.297934042e-11
-1.190000000e-02	2.386533119e+01	1.858293388e-02	9.308907688e-12
-1.200000000e-02	2.386533177e+01	1.838117130e-02	1.790992174e-11
-1.210000000e-02	2.386533235e+01	1.817940872e-02	1.627654134e-11
-1.220000000e-02	2.386533294e+01	1.797764615e-02	7.278871692e-12
-1.230000000e-02	2.386533352e+01	1.777588358e-02	1.146593869e-11
-1.240000000e-02	2.386533411e+01	1.757412102e-02	8.475414220e-12
-1.250000000e-02	2.386533470e+01	1.737235846e-02	1.082884651e-11
-1.260000000e-02	2.386533529e+01	1.717059591e-02	9.372695090e-12
-1.270000000e-02	2.386533588e+01	1.696883336e-02	2.244467363e-11
-1.280000000e-02	2.386533647e+01	1.676707082e-02	2.719495194e-11
-1.290000000e-02	2.386533707e+01	1.656530828e-02	1.194239545e-11
-1.300000000e-02	2.386533767e+01	1.636354575e-02	7.899164168e-12
-1.310000000e-02	2.386533827e+01	1.616178322e-02	1.057438551e-11
-1.320000000e-02	2.386533887e+01	1.596002070e-02	5.831328618e-12
-1.330000000e-02	2.386533947e+01	1.575825819e-02	2.718191226e-11
-1.340000000e-02	2.386534007e+01	1.555649567e-02	2.752193094e-11
-1.350000000e-02	2.386534068e+01	1.535473317e-02	1.560213716e-11
-1.360000000e-02	2.386534129e+01	1.515297067e-02	2.976692922e-11
-1.370000000e-02	2.386534189e+01	1.495120817e-02	4.994664535e-11
-1.380000000e-02	2.386534250e+01	1.474944569e-02	1.942353251e-11
-1.390000000e-02	2.386534312e+01	1.454768321e-02	3.283466379e-11
-1.400000000e-02	2.386534373e+01	1.434592073e-02	2.509943028e-11
-1.410000000e-02	2.386534435e+01	1.414415826e-02	1.832568627e-11
-1.420000000e-02	2.386534496e+01	1.394239580e-02	1.733905533e-11
-1.430000000e-02	2.386534558e+01	1.374063334e-02	7.276887854e-12
-1.440000000e-02	2.386534620e+01	1.353887088e-02	6.071434907e-12
-1.450000000e-02	2.386534683e+01	1.333710844e-02	7.109635599e-12
-1.460000000e-02	2.386534745e+01	1.313534600e-02	1.681454655e-11
-1.470000000e-02	2.386534808e+01	1.293358356e-02	5.815908671e-12
-1.480000000e-02	2.386534871e+01	1.273182113e-02	1.715637763e-11
-1.490000000e-02	2.386534933e+01	1.253005871e-02	1.185299410e-11
-1.500000000e-02	2.386534997e+01	1.232829629e-02	1.080888492e-11
-1.510000000e-02	2.386535060e+01	1.212653388e-02	4.205306810e-11
-1.520000000e-02	2.386535123e+01	1.192477148e-02	2.138911088e-11
-1.530000000e-02	2.386535187e+01	1.172300908e-02	4.822199414e-11
-1.540000000e-02	2.386535251e+01	1.152124669e-02	3.074941231e-11
-1.550000000e-02	2.386535315e+01	1.131948430e-02	2.112699838e-11
-1.560000000e-02	2.386535379e+01	1.111772192e-02	1.192545495e-11
-1.570000000e-02	2.386535443e+01	1.091595955e-02	1.975445210e-11
-1.580000000e-02	2.386535508e+01	1.071419718e-02	2.360110996e-11
-1.590000000e-02	2.386535572e+01	1.051243482e-02	5.074859287e-11
-1.600000000e-02	2.386535637e+01	1.031067247e-02	1.528649373e-11
-1.610000000e-02	2.386535702e+01	1.010891012e-02	7.171583385e-12
-1.620000000e-02	2.386535767e+01	9.907147785e-03	6.644576732e-12
-1.630000000e-02	2.386535833e+01	9.705385452e-03	1.511629166e-11
-1.640000000e-02	2.386535898e+01	9.503623126e-03	1.174972039e-11
-1.650000000e-02	2.386535964e+01	9.301860808e-03	1.303031303e-11
-1.660000000e-02	2.386536030e+01	9.100098494e-03	9.702310095e-12
-1.670000000e-02	2.386536096e+01	8.898336190e-03	9.945947066e-12
-1.680000000e-02	2.386536162e+01	8.696573890e-03	7.460591406e-12
-1.690000000e-02	2.386536228e+01	8.494811598e-03	9.842411667e-12
-1.700000000e-02	2.386536295e+01	8.293049315e-03	9.715028787e-12
-1.710000000e-02	2.386536361e+01	8.091287037e-03	1.371272622e-11
-1.720000000e-02	2.386536428e+01	7.889524766e-03	6.179976399e-12
-1.730000000e-02	2.386536495e+01	7.687762504e-03	3.082227968e-11
-1.740000000e-02	2.386536562e+01	7.486000246e-03	1.040170471e-11
-1.750000000e-02	2.386536630e+01	7.284237997e-03	8.807746186e-12
-1.760000000e-02	2.386536697e+01	7.082475757e-03	5.127854088e-11
-1.770000000e-02	2.386536765e+01	6.880713521e-03	7.291977984e-12
-1.780000000e-02	2.386536833e+01	6.678951295e-03	1.586250415e-11
-1.790000000e-02	2.386536901e+01	6.477189073e-03	2.020926760e-11
-1.800000000e-02	2.386536969e+01	6.275426862e-03	6.079812897e-12
-1.810000000e-02	2.386537038e+01	6.073664658e-03	1.394197308e-11
-1.820000000e-02	2.386537106e+01	5.871902460e-03	8.631243718e-12
-1.830000000e-02	2.386537175e+01	5.670140270e-03	1.128756053e-11
-1.840000000e-02	2.386537244e+01	5.468378088e-03	5.984825739e-12
-1.850000000e-02	2.386537313e+01	5.266615913e-03	1.484539406e-11
-1.860000000e-02	2.386537382e+01	5.064853748e-03	1.644490817e-11
-1.870000000e-02	2.386537451e+01	4.863091589e-03	1.158339083e-11
-1.880000000e-02	2.386537521e+01	4.661329435e-03	2.939060919e-11
-1.890000000e-02	2.386537591e+01	4.459567296e-03	3.158457692e-11
-1.900000000e-02	2.386537661e+01	4.257805160e-03	2.897863447e-11
-1.910000000e-02	2.386537731e+01	4.056043028e-03	6.330427701e-11
-1.920000000e-02	2.386537801e+01	3.854280914e-03	6.364311690e-11
-1.930000000e-02	2.386537872e+01	3.652518802e-03	1.985398062e-11
-1.940000000e-02	2.386537942e+01	3.450756697e-03	1.501476166e-11
-1.950000000e-02	2.386538013e+01	3.248994602e-03	1.077482866e-11
-1.960000000e-02	2.386538084e+01	3.047232516e-03	3.776724425e-11
-1.970000000e-02	2.386538155e+01	2.845470434e-03	7.603629445e-12
-1.980000000e-02	2.386538226e+01	2.643708364e-03	1.953381426e-11
-1.990000000e-02	2.386538298e+01	2.441946304e-03	4.965952587e-11
-2.000000000e-02	2.386538369e+01	2.240184246e-03	1.326282424e-11
-2.010000000e-02	2.386538441e+01	2.038422200e-03	2.130747779e-11
-2.020000000e-02	2.386538513e+01	1.836660163e-03	1.102829819e-11
-2.030000000e-02	2.386538585e+01	1.634898134e-03	6.859385677e-12
-2.040000000e-02	2.386538658e+01	1.433136113e-03	1.119774162e-11
-2.050000000e-02	2.386538730e+01	1.231374103e-03	3.402768562e-11
-2.060000000e-02	2.386538803e+01	1.029612099e-03	2.241142509e-11
-2.070000000e-02	2.386538876e+01	8.278501039e-04	9.808358076e-12
-2.080000000e-02	2.386538949e+01	6.260881155e-04	2.684495626e-11
-2.090000000e-02	2.386539022e+01	4.243261386e-04	1.507333523e-11
-2.100000000e-02	2.386539095e+01	2.225641714e-04	8.974468926e-12
-2.110000000e-02	2.386539168e+01	2.080221170e-05	1.520237614e-11
-2.120000000e-02	2.386539242e+01	-1.809597415e-04	1.245303208e-11
-2.130000000e-02	2.386539316e+01	-3.827216839e-04	1.324184210e-11
-2.140000000e-02	2.386539390e+01	-5.844836158e-04	1.205316370e-11
-2.150000000e-02	2.386539464e+01	-7.862455400e-04	4.275418484e-11
-2.160000000e-02	2.386539539e+01	-9.880074545e-04	2.872561101e-11
-2.170000000e-02	2.386539613e+01	-1.189769363e-03	7.503938431e-12
-2.180000000e-02	2.386539688e+01	-1.391531259e-03	1.483410837e-11
-2.190000000e-02	2.386539763e+01	-1.593293150e-03	2.112969173e-11
-2.200000000e-02	2.386539838e+01	-1.795055026e-03	3.511870860e-11
-2.210000000e-02	2.386539913e+01	-1.996816896e-03	2.896241724e-11
-2.220000000e-02	2.386539988e+01	-2.198578759e-03	7.139184301e-12
-2.230000000e-02	2.386540064e+01	-2.400340608e-03	3.051166051e-11
-2.240000000e-02	2.386540140e+01	-2.602102453e-03	3.105050298e-11
-2.250000000e-02	2.386540215e+01	-2.803864284e-03	1.130166761e-11
-2.260000000e-02	2.386540291e+01	-3.005626107e-03	1.135274522e-11
-2.270000000e-02	2.386540368e+01	-3.207387921e-03	1.300987275e-11
-2.280000000e-02	2.386540444e+01	-3.409149726e-03	1.285072405e-11
-2.290000000e-02	2.386540521e+01	-3.610911520e-03	9.500764316e-12
-2.300000000e-02	2.386540597e+01	-3.812673303e-03	2.984432427e-11
-2.310000000e-02	2.386540674e+01	-4.014435081e-03	1.794855642e-11
-2.320000000e-02	2.386540751e+01	-4.216196846e-03	5.754456248e-12
-2.330000000e-02	2.386540829e+01	-4.417958602e-03	2.441651766e-11
-2.340000000e-02	2.386540906e+01	-4.619720348e-03	1.503108026e-11
-2.350000000e-02	2.386540984e+01	-4.821482084e-03	1.424504051e-11
-2.360000000e-02	2.386541061e+01	-5.023243812e-03	1.046079924e-11
-2.370000000e-02	2.386541139e+01	-5.225005527e-03	1.901951371e-11
-2.380000000e-02	2.386541217e+01	-5.426767234e-03	2.330444128e-11
-2.390000000e-02	2.386541296e+01	-5.628528931e-03	5.236537946e-12
-2.400000000e-02	2.386541374e+01	-5.830290619e-03	9.114293071e-12
-2.410000000e-02	2.386541453e+01	-6.032052296e-03	1.760789146e-11
-2.420000000e-02	2.386541532e+01	-6.233813962e-03	1.631391441e-11
-2.430000000e-02	2.386541610e+01	-6.435575617e-03	3.706343737e-11
-2.440000000e-02	2.386541690e+01	-6.637337265e-03	1.190551314e-11
-2.450000000e-02	2.386541769e+01	-6.839098900e-03	6.082411328e-12
-2.460000000e-02	2.386541848e+01	-7.040860525e-03	9.751072140e-12
-2.470000000e-02	2.386541928e+01	-7.242622139e-03	3.564620771e-11
-2.480000000e-02	2.386542008e+01	-7.444383744e-03	3.889684770e-11
-2.490000000e-02	2.386542088e+01	-7.646145339e-03	2.808699131e-11
-2.500000000e-02	2.386542168e+01	-7.847906924e-03	1.145416323e-11
-2.510000000e-02	2.386542248e+01	-8.049668498e-03	2.895204862e-11
-2.520000000e-02	2.386542329e+01	-8.251430060e-03	1.644671915e-11
-2.530000000e-02	2.386542409e+01	-8.453191613e-03	1.381715390e-11
-2.540000000e-02	2.386542490e+01	-8.654953156e-03	1.065564963e-11
-2.550000000e-02	2.386542571e+01	-8.856714688e-03	1.791092989e-11
-2.560000000e-02	2.386542652e+01	-9.058476208e-03	1.338430628e-11
-2.570000000e-02	2.386542734e+01	-9.260237716e-03	6.381008745e-12
-2.580000000e-02	2.386542815e+01	-9.461999215e-03	1.173612713e-11
-2.590000000e-02	2.386542897e+01	-9.663760702e-03	2.030087687e-11
-2.600000000e-02	2.386542979e+01	-9.865522179e-03	2.221123805e-11
-2.610000000e-02	2.386543061e+01	-1.006728365e-02	1.779715209e-11
-2.620000000e-02	2.386543143e+01	-1.026904510e-02	1.046050195e-11
-2.630000000e-02	2.386543225e+01	-1.047080655e-02	6.477333483e-11
-2.640000000e-02	2.386543308e+01	-1.067256798e-02	9.541267559e-12
-2.650000000e-02	2.386543390e+01	-1.087432940e-02	5.083751741e-11
-2.660000000e-02	2.386543473e+01	-1.107609081e-02	1.129187722e-11
-2.670000000e-02	2.386543556e+01	-1.127785221e-02	4.614723271e-11
-2.680000000e-02	2.386543640e+01	-1.147961360e-02	1.378221458e-11
-2.690000000e-02	2.386543723e+01	-1.168137498e-02	7.268070119e-12
-2.700000000e-02	2.386543807e+01	-1.188313634e-02	8.372885627e-12
-2.710000000e-02	2.386543890e+01	-1.208489770e-02	9.909101569e-12
-2.720000000e-02	2.386543974e+01	-1.228665904e-02	9.700150778e-12
-2.730000000e-02	2.386544058e+01	-1.248842037e-02	1.128880223e-11
-2.740000000e-02	2.386544142e+01	-1.269018169e-02	1.566986352e-11
-2.750000000e-02	2.386544227e+01	-1.289194300e-02	1.948667052e-11
-2.760000000e-02	2.386544311e+01	-1.309370430e-02	1.319776639e-11
-2.770000000e-02	2.386544396e+01	-1.329546558e-02	1.047023163e-11
-2.780000000e-02	2.386544481e+01	-1.349722686e-02	1.165491054e-11
-2.790000000e-02	2.386544566e+01	-1.369898812e-02	1.301080117e-11
-2.800000000e-02	2.386544651e+01	-1.390074937e-02	7.351128867e-12
-2.810000000e-02	2.386544737e+01	-1.410251061e-02	1.507145124e-11
-2.820000000e-02	2.386544822e+01	-1.430427183e-02	3.742675750e-11
-2.830000000e-02	2.386544908e+01	-1.450603305e-02	1.970863088e-11
-2.840000000e-02	2.386544994e+01	-1.470779425e-02	1.392728754e-11
-2.850000000e-02	2.386545080e+01	-1.490955544e-02	1.347424498e-11
-2.860000000e-02	2.386545166e+01	-1.511131662e-02	1.467930659e-11
-2.870000000e-02	2.386545253e+01	-1.531307779e-02	2.802922103e-11
-2.880000000e-02	2.386545340e+01	-1.551483894e-02	7.104018803e-12
-2.890000000e-02	2.386545426e+01	-1.571660008e-02	1.611097389e-11
-2.900000000e-02	2.386545513e+01	-1.591836121e-02	4.092800196e-11
-2.910000000e-02	2.386545600e+01	-1.612012233e-02	8.419172873e-12
-2.920000000e-02	2.386545688e+01	-1.632188344e-02	6.758892116e-12
-2.930000000e-02	2.386545775e+01	-1.652364454e-02	3.346397394e-11
-2.940000000e-02	2.386545863e+01	-1.672540561e-02	4.816165907e-11
-2.950000000e-02	2.386545951e+01	-1.692716668e-02	1.295477698e-11
-2.960000000e-02	2.386546039e+01	-1.712892774e-02	1.088381012e-11
-2.970000000e-02	2.386546127e+01	-1.733068878e-02	8.075722414e-12
-2.980000000e-02	2.386546215e+01	-1.753244982e-02	5.787718497e-12
-2.990000000e-02	2.386546304e+01	-1.773421083e-02	6.294420027e-12
-3.000000000e-02	2.386546392e+01	-1.793597184e-02	1.404419235e-11
-3.010000000e-02	2.386546481e+01	-1.813773283e-02	8.533509545e-12
-3.020000000e-02	2.386546570e+01	-1.833949381e-02	6.558906049e-12
-3.030000000e-02	2.386546659e+01	-1.854125478e-02	2.043466771e-11
-3.040000000e-02	2.386546749e+01	-1.874301574e-02	1.387566202e-11
-3.050000000e-02	2.386546838e+01	-1.894477668e-02	1.654270168e-11
-3.060000000e-02	2.386546928e+01	-1.914653761e-02	3.148180730e-11
-3.070000000e-02	2.386547018e+01	-1.934829853e-02	1.179266437e-11
-3.080000000e-02	2.386547108e+01	-1.955005943e-02	8.428865614e-12
-3.090000000e-02	2.386547198e+01	-1.975182032e-02	1.064215391e-11
-3.100000000e-02	2.386547288e+01	-1.995358120e-02	1.003749354e-11
-3.110000000e-02	2.386547379e+01	-2.015534206e-02	2.780915680e-11
-3.120000000e-02	2.386547469e+01	-2.035710291e-02	6.594483548e-12
-3.130000000e-02	2.386547560e+01	-2.055886375e-02	1.310860529e-11
-3.140000000e-02	2.386547651e+01	-2.076062458e-02	1.159143509e-11
-3.150000000e-02	2.386547743e+01	-2.096238539e-02	5.909067263e-12
-3.160000000e-02	2.386547834e+01	-2.116414619e-02	8.094016087e-12
-3.170000000e-02	2.386547925e+01	-2.136590697e-02	1.491897523e-11
-3.180000000e-02	2.386548017e+01	-2.156766775e-02	6.896446863e-12
-3.190000000e-02	2.386548109e+01	-2.176942850e-02	4.789421730e-12
-3.200000000e-02	2.386548201e+01	-2.197118925e-02	8.457633392e-12
-3.210000000e-02	2.386548293e+01	-2.217294998e-02	1.364055225e-11
-3.220000000e-02	2.386548386e+01	-2.237471069e-02	6.622258851e-11
-3.230000000e-02	2.386548478e+01	-2.257647140e-02	1.074678480e-11
-3.240000000e-02	2.386548571e+01	-2.277823209e-02	1.206236158e-11
-3.250000000e-02	2.386548664e+01	-2.297999277e-02	8.797101782e-12
-3.260000000e-02	2.386548757e+01	-2.318175343e-02	7.913267786e-12
-3.270000000e-02	2.386548850e+01	-2.338351408e-02	1.208597951e-11
-3.280000000e-02	2.386548944e+01	-2.358527472e-02	1.447278748e-11
-3.290000000e-02	2.386549037e+01	-2.378703534e-02	1.864681296e-11
-3.300000000e-02	2.386549131e+01	-2.398879595e-02	7.830250463e-12
-3.310000000e-02	2.386549225e+01	-2.419055654e-02	1.263795301e-11
-3.320000000e-02	2.386549319e+01	-2.439231712e-02	2.380348298e-11
-3.330000000e-02	2.386549414e+01	-2.459407769e-02	1.550699412e-11
-3.340000000e-02	2.386549508e+01	-2.479583824e-02	1.300639581e-11
-3.350000000e-02	2.386549603e+01	-2.499759878e-02	2.128392458e-11
-3.360000000e-02	2.386549697e+01	-2.519935930e-02	9.862058102e-12
-3.370000000e-02	2.386549792e+01	-2.540111981e-02	7.064641624e-12
-3.380000000e-02	2.386549887e+01	-2.560288030e-02	8.614430359e-12
-3.390000000e-02	2.386549983e+01	-2.580464078e-02	1.144743338e-11
-3.400000000e-02	2.386550078e+01	-2.600640125e-02	1.267748081e-11
-3.410000000e-02	2.386550174e+01	-2.620816170e-02	9.391009199e-12
-3.420000000e-02	2.386550270e+01	-2.640992214e-02	7.835745852e-12
-3.430000000e-02	2.386550366e+01	-2.661168256e-02	8.758364201e-12
-3.440000000e-02	2.386550462e+01	-2.681344297e-02	1.694833678e-11
-3.450000000e-02	2.386550558e+01	-2.701520336e-02	2.723747272e-11
-3.460000000e-02	2.386550655e+01	-2.721696374e-02	1.684798392e-11
-3.470000000e-02	2.386550751e+01	-2.741872411e-02	2.388550381e-11
-3.480000000e-02	2.386550848e+01	-2.762048446e-02	1.250377012e-11
-3.490000000e-02	2.386550945e+01	-2.782224480e-02	1.092565921e-11
-3.500000000e-02	2.386551042e+01	-2.802400512e-02	1.826022983e-11
-3.510000000e-02	2.386551140e+01	-2.822576542e-02	2.584601991e-11
-3.520000000e-02	2.386551237e+01	-2.842752571e-02	1.383932488e-11
-3.530000000e-02	2.386551335e+01	-2.862928599e-02	1.702367506e-11
-3.540000000e-02	2.386551433e+01	-2.883104625e-02	2.634750358e-11
-3.550000000e-02	2.386551531e+01	-2.903280650e-02	1.268839381e-11
-3.560000000e-02	2.386551629e+01	-2.923456673e-02	1.421741230e-11
-3.570000000e-02	2.386551727e+01	-2.943632694e-02	1.811552813e-11
-3.580000000e-02	2.386551826e+01	-2.963808715e-02	7.127554344e-12
-3.590000000e-02	2.386551925e+01	-2.983984733e-02	9.903416082e-12
-3.600000000e-02	2.386552023e+01	-3.004160750e-02	1.088659999e-11
-3.610000000e-02	2.386552122e+01	-3.024336766e-02	1.232098462e-11
-3.620000000e-02	2.386552222e+01	-3.044512780e-02	2.897250274e-11
-3.630000000e-02	2.386552321e+01	-3.064688792e-02	1.486012151e-11
-3.640000000e-02	2.386552421e+01	-3.084864803e-02	8.742902836e-12
-3.650000000e-02	2.386552520e+01	-3.105040813e-02	1.011703952e-11
-3.660000000e-02	2.386552620e+01	-3.125216820e-02	1.459845640e-11
-3.670000000e-02	2.386552720e+01	-3.145392827e-02	6.667019963e-12
-3.680000000e-02	2.386552821e+01	-3.165568832e-02	1.583500917e-11
-3.690000000e-02	2.386552921e+01	-3.185744835e-02	5.066051797e-11
-3.700000000e-02	2.386553022e+01	-3.205920836e-02	1.736418959e-11
-3.710000000e-02	2.386553122e+01	-3.226096836e-02	8.194707531e-12
-3.720000000e-02	2.386553223e+01	-3.246272835e-02	2.187217784e-11
-3.730000000e-02	2.386553324e+01	-3.266448832e-02	7.942322670e-12
-3.740000000e-02	2.386553426e+01	-3.286624827e-02	9.059737541e-12
-3.750000000e-02	2.386553527e+01	-3.306800821e-02	9.145169382e-12
-3.760000000e-02	2.386553629e+01	-3.326976813e-02	2.502889789e-11
-3.770000000e-02	2.386553730e+01	-3.347152804e-02	1.318698121e-11
-3.780000000e-02	2.386553832e+01	-3.367328793e-02	6.840901614e-12
-3.790000000e-02	2.386553934e+01	-3.387504780e-02	1.135145341e-11
-3.800000000e-02	2.386554037e+01	-3.407680766e-02	1.197705421e-11
-3.810000000e-02	2.386554139e+01	-3.427856750e-02	4.434625753e-11
-3.820000000e-02	2.386554242e+01	-3.448032732e-02	1.467989681e-11
-3.830000000e-02	2.386554345e+01	-3.468208713e-02	1.033768883e-11
-3.840000000e-02	2.386554448e+01	-3.488384693e-02	4.319075944e-11
-3.850000000e-02	2.386554551e+01	-3.508560670e-02	8.928098135e-12
-3.860000000e-02	2.386554654e+01	-3.528736646e-02	2.223695819e-11
-3.870000000e-02	2.386554757e+01	-3.548912621e-02	1.652474969e-11
-3.880000000e-02	2.386554861e+01	-3.569088593e-02	1.244093791e-11
-3.890000000e-02	2.386554965e+01	-3.589264564e-02	2.975645458e-11
-3.900000000e-02	2.386555069e+01	-3.609440534e-02	2.159109821e-11
-3.910000000e-02	2.386555173e+01	-3.629616502e-02	1.189595605e-11
-3.920000000e-02	2.386555277e+01	-3.649792468e-02	1.080384410e-11
-3.930000000e-02	2.386555382e+01	-3.669968432e-02	8.685014710e-12
-3.940000000e-02	2.386555487e+01	-3.690144395e-02	1.430792067e-11
-3.950000000e-02	2.386555591e+01	-3.710320356e-02	1.690383411e-11
-3.960000000e-02	2.386555696e+01	-3.730496316e-02	1.289599973e-11
-3.970000000e-02	2.386555802e+01	-3.750672274e-02	1.334578596e-11
-3.980000000e-02	2.386555907e+01	-3.770848230e-02	1.884922235e-11
-3.990000000e-02	2.386556012e+01	-3.791024184e-02	1.118923423e-11
-4.000000000e-02	2.386556118e+01	-3.811200137e-02	1.109246740e-11
