# Im(epsi1)     Re(Lambda)      Im(Lambda)      Eq(det).Opt det SIN kz, R=0.5 \mum, Re(epsi1)=4.90solve_det_sinkz_vs_mu.py
0.000000000e+00	1.783286155e+01	1.877306831e-02	7.899471225e-12
-1.000000000e-04	1.783286177e+01	1.862201222e-02	1.972019446e-11
-2.000000000e-04	1.783286198e+01	1.847095613e-02	1.782512940e-11
-3.000000000e-04	1.783286220e+01	1.831990004e-02	1.205229787e-11
-4.000000000e-04	1.783286241e+01	1.816884395e-02	7.583435063e-12
-5.000000000e-04	1.783286263e+01	1.801778786e-02	2.426479103e-11
-6.000000000e-04	1.783286285e+01	1.786673177e-02	1.728736210e-11
-7.000000000e-04	1.783286308e+01	1.771567568e-02	9.790589530e-12
-8.000000000e-04	1.783286330e+01	1.756461959e-02	1.039742102e-11
-9.000000000e-04	1.783286352e+01	1.741356350e-02	8.758183723e-12
-1.000000000e-03	1.783286375e+01	1.726250741e-02	3.339463854e-11
-1.100000000e-03	1.783286397e+01	1.711145132e-02	1.319561582e-11
-1.200000000e-03	1.783286420e+01	1.696039523e-02	1.100315690e-11
-1.300000000e-03	1.783286443e+01	1.680933914e-02	6.788623445e-12
-1.400000000e-03	1.783286466e+01	1.665828305e-02	1.298245129e-11
-1.500000000e-03	1.783286489e+01	1.650722696e-02	3.554684178e-11
-1.600000000e-03	1.783286513e+01	1.635617087e-02	1.130744112e-11
-1.700000000e-03	1.783286536e+01	1.620511479e-02	2.404827292e-11
-1.800000000e-03	1.783286560e+01	1.605405870e-02	1.369010588e-11
-1.900000000e-03	1.783286583e+01	1.590300261e-02	1.156218497e-11
-2.000000000e-03	1.783286607e+01	1.575194653e-02	1.943684043e-11
-2.100000000e-03	1.783286631e+01	1.560089044e-02	1.413108223e-11
-2.200000000e-03	1.783286655e+01	1.544983436e-02	6.472445125e-12
-2.300000000e-03	1.783286679e+01	1.529877827e-02	1.054548545e-11
-2.400000000e-03	1.783286704e+01	1.514772219e-02	2.587456539e-11
-2.500000000e-03	1.783286728e+01	1.499666610e-02	1.052771674e-11
-2.600000000e-03	1.783286753e+01	1.484561002e-02	7.600477288e-12
-2.700000000e-03	1.783286777e+01	1.469455394e-02	1.401956817e-11
-2.800000000e-03	1.783286802e+01	1.454349786e-02	1.452752363e-11
-2.900000000e-03	1.783286827e+01	1.439244178e-02	6.581167791e-12
-3.000000000e-03	1.783286852e+01	1.424138570e-02	1.760548227e-11
-3.100000000e-03	1.783286877e+01	1.409032963e-02	8.185180125e-12
-3.200000000e-03	1.783286903e+01	1.393927355e-02	1.697618210e-11
-3.300000000e-03	1.783286928e+01	1.378821747e-02	7.388069275e-12
-3.400000000e-03	1.783286954e+01	1.363716140e-02	3.399554464e-11
-3.500000000e-03	1.783286980e+01	1.348610532e-02	8.733614802e-12
-3.600000000e-03	1.783287005e+01	1.333504925e-02	7.896228765e-12
-3.700000000e-03	1.783287031e+01	1.318399318e-02	1.670018262e-11
-3.800000000e-03	1.783287058e+01	1.303293711e-02	1.195695852e-11
-3.900000000e-03	1.783287084e+01	1.288188104e-02	1.235354337e-11
-4.000000000e-03	1.783287110e+01	1.273082497e-02	3.201631246e-11
-4.100000000e-03	1.783287137e+01	1.257976891e-02	1.009280213e-11
-4.200000000e-03	1.783287163e+01	1.242871284e-02	1.207993424e-11
-4.300000000e-03	1.783287190e+01	1.227765677e-02	9.898207321e-12
-4.400000000e-03	1.783287217e+01	1.212660071e-02	3.470909063e-11
-4.500000000e-03	1.783287244e+01	1.197554465e-02	1.790919705e-11
-4.600000000e-03	1.783287271e+01	1.182448859e-02	9.012634434e-12
-4.700000000e-03	1.783287298e+01	1.167343253e-02	1.495399661e-11
-4.800000000e-03	1.783287326e+01	1.152237647e-02	2.536964960e-11
-4.900000000e-03	1.783287353e+01	1.137132042e-02	1.298497563e-11
-5.000000000e-03	1.783287381e+01	1.122026437e-02	4.144015201e-11
-5.100000000e-03	1.783287409e+01	1.106920831e-02	1.736191616e-11
-5.200000000e-03	1.783287436e+01	1.091815226e-02	1.068727686e-11
-5.300000000e-03	1.783287464e+01	1.076709621e-02	7.149347847e-12
-5.400000000e-03	1.783287493e+01	1.061604016e-02	2.544594167e-11
-5.500000000e-03	1.783287521e+01	1.046498411e-02	1.133610675e-11
-5.600000000e-03	1.783287549e+01	1.031392807e-02	1.991182626e-11
-5.700000000e-03	1.783287578e+01	1.016287203e-02	7.019960693e-12
-5.800000000e-03	1.783287606e+01	1.001181599e-02	8.361138420e-12
-5.900000000e-03	1.783287635e+01	9.860759946e-03	8.385036455e-12
-6.000000000e-03	1.783287664e+01	9.709703908e-03	8.085511457e-12
-6.100000000e-03	1.783287693e+01	9.558647872e-03	1.806738743e-11
-6.200000000e-03	1.783287722e+01	9.407591837e-03	2.626284436e-11
-6.300000000e-03	1.783287752e+01	9.256535806e-03	6.680622844e-12
-6.400000000e-03	1.783287781e+01	9.105479778e-03	1.039874790e-11
-6.500000000e-03	1.783287811e+01	8.954423748e-03	9.424599787e-12
-6.600000000e-03	1.783287840e+01	8.803367724e-03	1.215744458e-11
-6.700000000e-03	1.783287870e+01	8.652311701e-03	1.775974305e-11
-6.800000000e-03	1.783287900e+01	8.501255678e-03	8.100113784e-12
-6.900000000e-03	1.783287930e+01	8.350199660e-03	1.535471326e-11
-7.000000000e-03	1.783287960e+01	8.199143640e-03	1.205775614e-11
-7.100000000e-03	1.783287991e+01	8.048087627e-03	1.264496383e-11
-7.200000000e-03	1.783288021e+01	7.897031614e-03	8.933417405e-12
-7.300000000e-03	1.783288052e+01	7.745975602e-03	6.975031853e-12
-7.400000000e-03	1.783288082e+01	7.594919592e-03	3.369504252e-11
-7.500000000e-03	1.783288113e+01	7.443863588e-03	6.527970608e-12
-7.600000000e-03	1.783288144e+01	7.292807583e-03	1.685061368e-11
-7.700000000e-03	1.783288175e+01	7.141751582e-03	1.296435520e-11
-7.800000000e-03	1.783288206e+01	6.990695587e-03	4.456835178e-11
-7.900000000e-03	1.783288238e+01	6.839639587e-03	3.057937330e-11
-8.000000000e-03	1.783288269e+01	6.688583595e-03	1.727191434e-11
-8.100000000e-03	1.783288301e+01	6.537527602e-03	9.934884676e-12
-8.200000000e-03	1.783288333e+01	6.386471615e-03	1.370467607e-11
-8.300000000e-03	1.783288364e+01	6.235415627e-03	1.179763982e-11
-8.400000000e-03	1.783288396e+01	6.084359644e-03	1.326271596e-11
-8.500000000e-03	1.783288429e+01	5.933303661e-03	1.630089590e-11
-8.600000000e-03	1.783288461e+01	5.782247678e-03	9.030798275e-11
-8.700000000e-03	1.783288493e+01	5.631191708e-03	9.012521983e-12
-8.800000000e-03	1.783288526e+01	5.480135735e-03	6.583231041e-12
-8.900000000e-03	1.783288558e+01	5.329079766e-03	8.733965549e-12
-9.000000000e-03	1.783288591e+01	5.178023799e-03	1.397622772e-11
-9.100000000e-03	1.783288624e+01	5.026967834e-03	5.528180936e-12
-9.200000000e-03	1.783288657e+01	4.875911873e-03	5.109702199e-11
-9.300000000e-03	1.783288690e+01	4.724855916e-03	2.573880341e-11
-9.400000000e-03	1.783288723e+01	4.573799957e-03	2.523540375e-11
-9.500000000e-03	1.783288757e+01	4.422744006e-03	6.009979999e-12
-9.600000000e-03	1.783288790e+01	4.271688055e-03	9.618470023e-12
-9.700000000e-03	1.783288824e+01	4.120632106e-03	5.268295995e-11
-9.800000000e-03	1.783288858e+01	3.969576166e-03	1.415155480e-11
-9.900000000e-03	1.783288891e+01	3.818520224e-03	1.883857698e-11
-1.000000000e-02	1.783288925e+01	3.667464287e-03	9.286688971e-12
-1.010000000e-02	1.783288960e+01	3.516408353e-03	1.488343788e-11
-1.020000000e-02	1.783288994e+01	3.365352423e-03	1.570160779e-11
-1.030000000e-02	1.783289028e+01	3.214296495e-03	7.244929735e-12
-1.040000000e-02	1.783289063e+01	3.063240569e-03	9.818814037e-12
-1.050000000e-02	1.783289097e+01	2.912184648e-03	1.157199877e-11
-1.060000000e-02	1.783289132e+01	2.761128729e-03	3.081163094e-11
-1.070000000e-02	1.783289167e+01	2.610072816e-03	1.306800098e-11
-1.080000000e-02	1.783289202e+01	2.459016905e-03	1.493295896e-11
-1.090000000e-02	1.783289237e+01	2.307960997e-03	1.570672111e-11
-1.100000000e-02	1.783289273e+01	2.156905091e-03	2.647330628e-11
-1.110000000e-02	1.783289308e+01	2.005849192e-03	2.193320692e-11
-1.120000000e-02	1.783289344e+01	1.854793294e-03	1.582008444e-11
-1.130000000e-02	1.783289379e+01	1.703737400e-03	5.639441763e-12
-1.140000000e-02	1.783289415e+01	1.552681510e-03	8.242418986e-12
-1.150000000e-02	1.783289451e+01	1.401625625e-03	1.839169015e-11
-1.160000000e-02	1.783289487e+01	1.250569741e-03	8.439106898e-12
-1.170000000e-02	1.783289523e+01	1.099513862e-03	9.402311497e-12
-1.180000000e-02	1.783289560e+01	9.484579820e-04	5.284491422e-11
-1.190000000e-02	1.783289596e+01	7.974021149e-04	1.062357154e-11
-1.200000000e-02	1.783289633e+01	6.463462478e-04	2.730106580e-11
-1.210000000e-02	1.783289669e+01	4.952903817e-04	1.193716025e-11
-1.220000000e-02	1.783289706e+01	3.442345223e-04	1.096615635e-11
-1.230000000e-02	1.783289743e+01	1.931786670e-04	2.635539769e-11
-1.240000000e-02	1.783289780e+01	4.212281320e-05	1.057051101e-11
-1.250000000e-02	1.783289817e+01	-1.089330369e-04	1.226560221e-11
-1.260000000e-02	1.783289855e+01	-2.599888803e-04	2.041869488e-11
-1.270000000e-02	1.783289892e+01	-4.110447213e-04	1.386714032e-11
-1.280000000e-02	1.783289930e+01	-5.621005565e-04	2.216482954e-11
-1.290000000e-02	1.783289968e+01	-7.131563899e-04	1.288595735e-11
-1.300000000e-02	1.783290005e+01	-8.642122200e-04	9.926542336e-12
-1.310000000e-02	1.783290043e+01	-1.015268044e-03	1.648019133e-11
-1.320000000e-02	1.783290081e+01	-1.166323863e-03	1.499526764e-11
-1.330000000e-02	1.783290120e+01	-1.317379679e-03	9.627716679e-12
-1.340000000e-02	1.783290158e+01	-1.468435493e-03	1.531089250e-11
-1.350000000e-02	1.783290197e+01	-1.619491300e-03	1.206749297e-11
-1.360000000e-02	1.783290235e+01	-1.770547103e-03	1.322214327e-11
-1.370000000e-02	1.783290274e+01	-1.921602902e-03	1.441750048e-11
-1.380000000e-02	1.783290313e+01	-2.072658695e-03	2.899500930e-11
-1.390000000e-02	1.783290352e+01	-2.223714485e-03	9.668931200e-12
-1.400000000e-02	1.783290391e+01	-2.374770272e-03	8.529909707e-12
-1.410000000e-02	1.783290430e+01	-2.525826054e-03	1.576940651e-11
-1.420000000e-02	1.783290469e+01	-2.676881831e-03	1.352882168e-11
-1.430000000e-02	1.783290509e+01	-2.827937602e-03	6.396465820e-12
-1.440000000e-02	1.783290549e+01	-2.978993370e-03	1.154012314e-11
-1.450000000e-02	1.783290588e+01	-3.130049134e-03	3.281142652e-11
-1.460000000e-02	1.783290628e+01	-3.281104891e-03	2.130661106e-11
-1.470000000e-02	1.783290668e+01	-3.432160645e-03	1.254648398e-11
-1.480000000e-02	1.783290708e+01	-3.583216394e-03	1.046224556e-11
-1.490000000e-02	1.783290749e+01	-3.734272139e-03	1.815389199e-11
-1.500000000e-02	1.783290789e+01	-3.885327878e-03	8.230139735e-12
-1.510000000e-02	1.783290830e+01	-4.036383614e-03	6.847051834e-12
-1.520000000e-02	1.783290870e+01	-4.187439343e-03	1.279393269e-11
-1.530000000e-02	1.783290911e+01	-4.338495069e-03	9.737484330e-12
-1.540000000e-02	1.783290952e+01	-4.489550790e-03	5.143582531e-12
-1.550000000e-02	1.783290993e+01	-4.640606505e-03	1.065903023e-11
-1.560000000e-02	1.783291034e+01	-4.791662215e-03	6.501160131e-12
-1.570000000e-02	1.783291075e+01	-4.942717921e-03	1.427576650e-11
-1.580000000e-02	1.783291117e+01	-5.093773621e-03	7.214354198e-12
-1.590000000e-02	1.783291158e+01	-5.244829317e-03	1.093393575e-11
-1.600000000e-02	1.783291200e+01	-5.395885008e-03	7.855388559e-12
-1.610000000e-02	1.783291242e+01	-5.546940693e-03	5.244561924e-12
-1.620000000e-02	1.783291284e+01	-5.697996373e-03	2.130465561e-11
-1.630000000e-02	1.783291326e+01	-5.849052049e-03	9.113076974e-12
-1.640000000e-02	1.783291368e+01	-6.000107719e-03	1.021186917e-11
-1.650000000e-02	1.783291410e+01	-6.151163383e-03	6.271596876e-12
-1.660000000e-02	1.783291453e+01	-6.302219040e-03	3.894490970e-11
-1.670000000e-02	1.783291495e+01	-6.453274697e-03	1.081779444e-11
-1.680000000e-02	1.783291538e+01	-6.604330346e-03	7.207690458e-12
-1.690000000e-02	1.783291581e+01	-6.755385990e-03	1.235455967e-11
-1.700000000e-02	1.783291624e+01	-6.906441627e-03	1.777785398e-11
-1.710000000e-02	1.783291667e+01	-7.057497261e-03	1.258558950e-11
-1.720000000e-02	1.783291710e+01	-7.208552887e-03	1.226360666e-11
-1.730000000e-02	1.783291754e+01	-7.359608512e-03	4.884842837e-11
-1.740000000e-02	1.783291797e+01	-7.510664125e-03	2.200851286e-11
-1.750000000e-02	1.783291841e+01	-7.661719736e-03	1.064913438e-11
-1.760000000e-02	1.783291884e+01	-7.812775342e-03	2.395737963e-11
-1.770000000e-02	1.783291928e+01	-7.963830940e-03	1.228786896e-11
-1.780000000e-02	1.783291972e+01	-8.114886534e-03	6.538676965e-12
-1.790000000e-02	1.783292016e+01	-8.265942120e-03	2.385851240e-11
-1.800000000e-02	1.783292060e+01	-8.416997705e-03	7.841020234e-12
-1.810000000e-02	1.783292105e+01	-8.568053280e-03	1.196803359e-11
-1.820000000e-02	1.783292149e+01	-8.719108854e-03	2.833961407e-11
-1.830000000e-02	1.783292194e+01	-8.870164415e-03	4.703739600e-11
-1.840000000e-02	1.783292239e+01	-9.021219977e-03	8.772249549e-12
-1.850000000e-02	1.783292284e+01	-9.172275529e-03	8.364509568e-12
-1.860000000e-02	1.783292329e+01	-9.323331077e-03	8.025948205e-12
-1.870000000e-02	1.783292374e+01	-9.474386619e-03	1.088145624e-11
-1.880000000e-02	1.783292419e+01	-9.625442155e-03	1.355770909e-11
-1.890000000e-02	1.783292464e+01	-9.776497683e-03	5.659014443e-12
-1.900000000e-02	1.783292510e+01	-9.927553206e-03	1.335531563e-11
-1.910000000e-02	1.783292555e+01	-1.007860872e-02	1.718157276e-11
-1.920000000e-02	1.783292601e+01	-1.022966424e-02	9.452581490e-12
-1.930000000e-02	1.783292647e+01	-1.038071974e-02	1.373537932e-11
-1.940000000e-02	1.783292693e+01	-1.053177524e-02	2.013849227e-11
-1.950000000e-02	1.783292739e+01	-1.068283073e-02	1.066246104e-11
-1.960000000e-02	1.783292785e+01	-1.083388622e-02	1.383513686e-11
-1.970000000e-02	1.783292832e+01	-1.098494170e-02	1.750533824e-11
-1.980000000e-02	1.783292878e+01	-1.113599718e-02	1.141930604e-11
-1.990000000e-02	1.783292925e+01	-1.128705264e-02	4.658915280e-11
-2.000000000e-02	1.783292972e+01	-1.143810810e-02	2.542376023e-11
-2.010000000e-02	1.783293019e+01	-1.158916356e-02	1.885338968e-11
-2.020000000e-02	1.783293066e+01	-1.174021901e-02	8.878849215e-12
-2.030000000e-02	1.783293113e+01	-1.189127445e-02	2.744569164e-11
-2.040000000e-02	1.783293160e+01	-1.204232988e-02	1.180690842e-11
-2.050000000e-02	1.783293208e+01	-1.219338531e-02	1.442285857e-11
-2.060000000e-02	1.783293255e+01	-1.234444074e-02	1.084729950e-11
-2.070000000e-02	1.783293303e+01	-1.249549615e-02	3.989660750e-11
-2.080000000e-02	1.783293351e+01	-1.264655156e-02	1.498528094e-11
-2.090000000e-02	1.783293399e+01	-1.279760696e-02	1.003984538e-11
-2.100000000e-02	1.783293447e+01	-1.294866236e-02	1.277420784e-11
-2.110000000e-02	1.783293495e+01	-1.309971775e-02	9.844202434e-12
-2.120000000e-02	1.783293543e+01	-1.325077313e-02	2.261257437e-11
-2.130000000e-02	1.783293592e+01	-1.340182851e-02	6.791870816e-12
-2.140000000e-02	1.783293640e+01	-1.355288388e-02	7.530883391e-12
-2.150000000e-02	1.783293689e+01	-1.370393924e-02	1.517305489e-11
-2.160000000e-02	1.783293738e+01	-1.385499459e-02	3.323211964e-11
-2.170000000e-02	1.783293787e+01	-1.400604994e-02	2.048172875e-11
-2.180000000e-02	1.783293836e+01	-1.415710528e-02	2.794788817e-11
-2.190000000e-02	1.783293885e+01	-1.430816062e-02	1.110920505e-11
-2.200000000e-02	1.783293934e+01	-1.445921595e-02	7.464348259e-12
-2.210000000e-02	1.783293984e+01	-1.461027127e-02	8.820658363e-12
-2.220000000e-02	1.783294033e+01	-1.476132658e-02	9.840309992e-12
-2.230000000e-02	1.783294083e+01	-1.491238189e-02	8.251796666e-12
-2.240000000e-02	1.783294133e+01	-1.506343719e-02	6.589375018e-12
-2.250000000e-02	1.783294183e+01	-1.521449248e-02	9.602071943e-12
-2.260000000e-02	1.783294233e+01	-1.536554776e-02	9.667464844e-12
-2.270000000e-02	1.783294283e+01	-1.551660304e-02	9.509978400e-12
-2.280000000e-02	1.783294334e+01	-1.566765831e-02	2.301419330e-11
-2.290000000e-02	1.783294384e+01	-1.581871357e-02	1.129014663e-11
-2.300000000e-02	1.783294435e+01	-1.596976883e-02	9.875338203e-12
-2.310000000e-02	1.783294485e+01	-1.612082408e-02	2.144383846e-11
-2.320000000e-02	1.783294536e+01	-1.627187932e-02	1.477238993e-11
-2.330000000e-02	1.783294587e+01	-1.642293455e-02	1.060679494e-11
-2.340000000e-02	1.783294638e+01	-1.657398978e-02	1.438690932e-11
-2.350000000e-02	1.783294690e+01	-1.672504500e-02	4.835653547e-11
-2.360000000e-02	1.783294741e+01	-1.687610021e-02	9.075950388e-12
-2.370000000e-02	1.783294792e+01	-1.702715541e-02	1.351442171e-11
-2.380000000e-02	1.783294844e+01	-1.717821061e-02	3.280518960e-11
-2.390000000e-02	1.783294896e+01	-1.732926579e-02	1.781782033e-11
-2.400000000e-02	1.783294948e+01	-1.748032098e-02	1.121742250e-11
-2.410000000e-02	1.783295000e+01	-1.763137615e-02	8.028227543e-12
-2.420000000e-02	1.783295052e+01	-1.778243132e-02	8.248139574e-12
-2.430000000e-02	1.783295104e+01	-1.793348647e-02	2.051922034e-11
-2.440000000e-02	1.783295157e+01	-1.808454162e-02	1.744435735e-11
-2.450000000e-02	1.783295209e+01	-1.823559676e-02	1.932509100e-11
-2.460000000e-02	1.783295262e+01	-1.838665190e-02	1.761303612e-11
-2.470000000e-02	1.783295314e+01	-1.853770703e-02	5.300577668e-11
-2.480000000e-02	1.783295367e+01	-1.868876214e-02	1.176114807e-11
-2.490000000e-02	1.783295420e+01	-1.883981725e-02	7.355340044e-12
-2.500000000e-02	1.783295474e+01	-1.899087236e-02	1.135089644e-11
-2.510000000e-02	1.783295527e+01	-1.914192745e-02	1.124656892e-11
-2.520000000e-02	1.783295580e+01	-1.929298254e-02	6.884681895e-12
-2.530000000e-02	1.783295634e+01	-1.944403761e-02	8.481222020e-12
-2.540000000e-02	1.783295688e+01	-1.959509269e-02	2.088900348e-11
-2.550000000e-02	1.783295741e+01	-1.974614775e-02	8.550445441e-12
-2.560000000e-02	1.783295795e+01	-1.989720280e-02	6.397271171e-12
-2.570000000e-02	1.783295849e+01	-2.004825785e-02	1.088438160e-11
-2.580000000e-02	1.783295903e+01	-2.019931289e-02	2.301435345e-11
-2.590000000e-02	1.783295958e+01	-2.035036791e-02	1.035040566e-11
-2.600000000e-02	1.783296012e+01	-2.050142294e-02	8.333794015e-12
-2.610000000e-02	1.783296067e+01	-2.065247795e-02	7.048586880e-12
-2.620000000e-02	1.783296121e+01	-2.080353295e-02	2.193683349e-11
-2.630000000e-02	1.783296176e+01	-2.095458795e-02	3.246769137e-11
-2.640000000e-02	1.783296231e+01	-2.110564294e-02	9.040883379e-12
-2.650000000e-02	1.783296286e+01	-2.125669791e-02	1.107176300e-11
-2.660000000e-02	1.783296342e+01	-2.140775288e-02	8.969968200e-12
-2.670000000e-02	1.783296397e+01	-2.155880785e-02	6.388225248e-12
-2.680000000e-02	1.783296452e+01	-2.170986280e-02	9.385627717e-12
-2.690000000e-02	1.783296508e+01	-2.186091774e-02	1.351043203e-11
-2.700000000e-02	1.783296564e+01	-2.201197268e-02	1.311961377e-11
-2.710000000e-02	1.783296619e+01	-2.216302761e-02	9.511034917e-12
-2.720000000e-02	1.783296675e+01	-2.231408253e-02	3.243681215e-11
-2.730000000e-02	1.783296732e+01	-2.246513744e-02	1.293849428e-11
-2.740000000e-02	1.783296788e+01	-2.261619234e-02	1.373863293e-11
-2.750000000e-02	1.783296844e+01	-2.276724723e-02	1.655916727e-11
-2.760000000e-02	1.783296901e+01	-2.291830212e-02	8.557118847e-12
-2.770000000e-02	1.783296957e+01	-2.306935699e-02	7.538603011e-12
-2.780000000e-02	1.783297014e+01	-2.322041186e-02	2.012554433e-11
-2.790000000e-02	1.783297071e+01	-2.337146671e-02	1.223470968e-11
-2.800000000e-02	1.783297128e+01	-2.352252156e-02	2.513200815e-11
-2.810000000e-02	1.783297185e+01	-2.367357640e-02	8.719434149e-12
-2.820000000e-02	1.783297242e+01	-2.382463123e-02	9.905260451e-12
-2.830000000e-02	1.783297299e+01	-2.397568606e-02	2.014859247e-11
-2.840000000e-02	1.783297357e+01	-2.412674087e-02	1.115372983e-11
-2.850000000e-02	1.783297415e+01	-2.427779567e-02	1.349956313e-11
-2.860000000e-02	1.783297472e+01	-2.442885046e-02	1.625699096e-11
-2.870000000e-02	1.783297530e+01	-2.457990525e-02	1.319804063e-11
-2.880000000e-02	1.783297588e+01	-2.473096002e-02	8.070727033e-12
-2.890000000e-02	1.783297646e+01	-2.488201479e-02	2.282766590e-11
-2.900000000e-02	1.783297705e+01	-2.503306955e-02	1.035267597e-11
-2.910000000e-02	1.783297763e+01	-2.518412430e-02	1.585289419e-11
-2.920000000e-02	1.783297822e+01	-2.533517903e-02	1.032207872e-11
-2.930000000e-02	1.783297880e+01	-2.548623377e-02	2.047559858e-11
-2.940000000e-02	1.783297939e+01	-2.563728848e-02	8.767350561e-12
-2.950000000e-02	1.783297998e+01	-2.578834319e-02	1.109931025e-11
-2.960000000e-02	1.783298057e+01	-2.593939789e-02	1.480898450e-11
-2.970000000e-02	1.783298116e+01	-2.609045259e-02	1.153937092e-11
-2.980000000e-02	1.783298175e+01	-2.624150727e-02	1.731562320e-11
-2.990000000e-02	1.783298235e+01	-2.639256194e-02	9.258154467e-12
-3.000000000e-02	1.783298294e+01	-2.654361660e-02	2.052193725e-11
-3.010000000e-02	1.783298354e+01	-2.669467126e-02	1.580695784e-11
-3.020000000e-02	1.783298414e+01	-2.684572590e-02	1.159257891e-11
-3.030000000e-02	1.783298474e+01	-2.699678053e-02	8.622733208e-12
-3.040000000e-02	1.783298534e+01	-2.714783516e-02	2.134244840e-11
-3.050000000e-02	1.783298594e+01	-2.729888977e-02	1.751139104e-11
-3.060000000e-02	1.783298654e+01	-2.744994438e-02	1.788351747e-11
-3.070000000e-02	1.783298715e+01	-2.760099897e-02	9.875813020e-12
-3.080000000e-02	1.783298775e+01	-2.775205356e-02	1.905451610e-11
-3.090000000e-02	1.783298836e+01	-2.790310813e-02	2.781341647e-11
-3.100000000e-02	1.783298897e+01	-2.805416270e-02	8.106427792e-12
-3.110000000e-02	1.783298958e+01	-2.820521725e-02	1.412209827e-11
-3.120000000e-02	1.783299019e+01	-2.835627180e-02	1.949498504e-11
-3.130000000e-02	1.783299080e+01	-2.850732634e-02	2.378126699e-11
-3.140000000e-02	1.783299141e+01	-2.865838086e-02	8.685756502e-12
-3.150000000e-02	1.783299203e+01	-2.880943537e-02	9.285070855e-12
-3.160000000e-02	1.783299264e+01	-2.896048988e-02	1.028596265e-11
-3.170000000e-02	1.783299326e+01	-2.911154438e-02	8.252265230e-12
-3.180000000e-02	1.783299388e+01	-2.926259886e-02	4.361027979e-11
-3.190000000e-02	1.783299450e+01	-2.941365333e-02	9.723595534e-12
-3.200000000e-02	1.783299512e+01	-2.956470780e-02	1.413883207e-11
-3.210000000e-02	1.783299574e+01	-2.971576225e-02	1.392976414e-11
-3.220000000e-02	1.783299637e+01	-2.986681670e-02	8.390196519e-12
-3.230000000e-02	1.783299699e+01	-3.001787113e-02	7.433243519e-12
-3.240000000e-02	1.783299762e+01	-3.016892555e-02	1.426458840e-11
-3.250000000e-02	1.783299824e+01	-3.031997997e-02	1.041147824e-11
-3.260000000e-02	1.783299887e+01	-3.047103437e-02	7.227532994e-12
-3.270000000e-02	1.783299950e+01	-3.062208876e-02	1.057249620e-11
-3.280000000e-02	1.783300013e+01	-3.077314314e-02	1.599787982e-11
-3.290000000e-02	1.783300077e+01	-3.092419751e-02	2.211117744e-11
-3.300000000e-02	1.783300140e+01	-3.107525187e-02	1.198045517e-11
-3.310000000e-02	1.783300203e+01	-3.122630622e-02	3.078538768e-11
-3.320000000e-02	1.783300267e+01	-3.137736056e-02	8.141787547e-12
-3.330000000e-02	1.783300331e+01	-3.152841489e-02	3.599321702e-11
-3.340000000e-02	1.783300395e+01	-3.167946921e-02	1.057983013e-11
-3.350000000e-02	1.783300459e+01	-3.183052352e-02	1.552227063e-11
-3.360000000e-02	1.783300523e+01	-3.198157781e-02	6.867912496e-12
-3.370000000e-02	1.783300587e+01	-3.213263210e-02	9.050875407e-12
-3.380000000e-02	1.783300651e+01	-3.228368637e-02	1.450137457e-11
-3.390000000e-02	1.783300716e+01	-3.243474064e-02	7.318716676e-11
-3.400000000e-02	1.783300781e+01	-3.258579489e-02	1.435523701e-11
-3.410000000e-02	1.783300845e+01	-3.273684913e-02	1.382367378e-11
-3.420000000e-02	1.783300910e+01	-3.288790336e-02	1.206546840e-11
-3.430000000e-02	1.783300975e+01	-3.303895759e-02	2.437870631e-11
-3.440000000e-02	1.783301041e+01	-3.319001179e-02	1.133329042e-11
-3.450000000e-02	1.783301106e+01	-3.334106599e-02	5.240193545e-11
-3.460000000e-02	1.783301171e+01	-3.349212018e-02	2.506163499e-11
-3.470000000e-02	1.783301237e+01	-3.364317435e-02	1.031002869e-11
-3.480000000e-02	1.783301302e+01	-3.379422852e-02	1.186525992e-11
-3.490000000e-02	1.783301368e+01	-3.394528267e-02	1.725622938e-11
-3.500000000e-02	1.783301434e+01	-3.409633682e-02	8.784963377e-12
-3.510000000e-02	1.783301500e+01	-3.424739095e-02	3.626628579e-11
-3.520000000e-02	1.783301566e+01	-3.439844507e-02	1.680421741e-11
-3.530000000e-02	1.783301633e+01	-3.454949918e-02	2.951730394e-11
-3.540000000e-02	1.783301699e+01	-3.470055327e-02	8.990230161e-12
-3.550000000e-02	1.783301766e+01	-3.485160736e-02	8.419373947e-12
-3.560000000e-02	1.783301832e+01	-3.500266144e-02	3.478905963e-11
-3.570000000e-02	1.783301899e+01	-3.515371550e-02	1.140906187e-11
-3.580000000e-02	1.783301966e+01	-3.530476955e-02	1.108625204e-11
-3.590000000e-02	1.783302033e+01	-3.545582359e-02	7.086303121e-12
-3.600000000e-02	1.783302100e+01	-3.560687762e-02	2.227422011e-11
-3.610000000e-02	1.783302168e+01	-3.575793164e-02	1.686974882e-11
-3.620000000e-02	1.783302235e+01	-3.590898564e-02	9.210710878e-12
-3.630000000e-02	1.783302303e+01	-3.606003964e-02	4.427013122e-11
-3.640000000e-02	1.783302370e+01	-3.621109362e-02	1.377880397e-11
-3.650000000e-02	1.783302438e+01	-3.636214759e-02	1.385111094e-11
-3.660000000e-02	1.783302506e+01	-3.651320155e-02	1.017301839e-11
-3.670000000e-02	1.783302574e+01	-3.666425550e-02	1.064936237e-11
-3.680000000e-02	1.783302643e+01	-3.681530943e-02	3.172076803e-11
-3.690000000e-02	1.783302711e+01	-3.696636336e-02	4.454425635e-12
-3.700000000e-02	1.783302779e+01	-3.711741727e-02	1.771100368e-11
-3.710000000e-02	1.783302848e+01	-3.726847117e-02	5.426141424e-12
-3.720000000e-02	1.783302917e+01	-3.741952506e-02	3.721889929e-11
-3.730000000e-02	1.783302986e+01	-3.757057893e-02	2.469955934e-11
-3.740000000e-02	1.783303055e+01	-3.772163280e-02	2.035414748e-11
-3.750000000e-02	1.783303124e+01	-3.787268665e-02	8.921300974e-12
-3.760000000e-02	1.783303193e+01	-3.802374049e-02	1.960328641e-11
-3.770000000e-02	1.783303262e+01	-3.817479432e-02	1.797857637e-11
-3.780000000e-02	1.783303332e+01	-3.832584813e-02	8.959953153e-12
-3.790000000e-02	1.783303401e+01	-3.847690194e-02	2.600054143e-11
-3.800000000e-02	1.783303471e+01	-3.862795573e-02	1.923641005e-11
-3.810000000e-02	1.783303541e+01	-3.877900951e-02	9.604135111e-12
-3.820000000e-02	1.783303611e+01	-3.893006328e-02	1.569306975e-11
-3.830000000e-02	1.783303681e+01	-3.908111703e-02	9.143975586e-12
-3.840000000e-02	1.783303751e+01	-3.923217077e-02	1.138651912e-11
-3.850000000e-02	1.783303822e+01	-3.938322450e-02	7.413086405e-12
-3.860000000e-02	1.783303892e+01	-3.953427822e-02	2.558675994e-11
-3.870000000e-02	1.783303963e+01	-3.968533193e-02	1.150348042e-11
-3.880000000e-02	1.783304034e+01	-3.983638562e-02	5.213486654e-12
-3.890000000e-02	1.783304105e+01	-3.998743930e-02	8.227491985e-12
-3.900000000e-02	1.783304176e+01	-4.013849297e-02	3.745340288e-11
-3.910000000e-02	1.783304247e+01	-4.028954663e-02	2.217754134e-11
-3.920000000e-02	1.783304318e+01	-4.044060027e-02	1.875235276e-11
-3.930000000e-02	1.783304390e+01	-4.059165390e-02	1.326524154e-11
-3.940000000e-02	1.783304461e+01	-4.074270752e-02	1.149990589e-11
-3.950000000e-02	1.783304533e+01	-4.089376113e-02	6.320063512e-12
-3.960000000e-02	1.783304605e+01	-4.104481472e-02	1.102962363e-11
-3.970000000e-02	1.783304676e+01	-4.119586830e-02	1.197467931e-11
-3.980000000e-02	1.783304748e+01	-4.134692186e-02	1.157748083e-11
-3.990000000e-02	1.783304821e+01	-4.149797542e-02	3.625661698e-11
-4.000000000e-02	1.783304893e+01	-4.164902896e-02	4.215943427e-11
