# Im(epsi1)     Re(Lambda)      Im(Lambda)      Eq(det).Opt det SIN kz, R=0.5 \mum, Re(epsi1)=4.90solve_det_sinkz_vs_mu.py
0.000000000e+00	1.842723208e+01	2.050226610e-02	1.900588468e-11
-1.000000000e-04	1.842723230e+01	2.034620648e-02	1.994156192e-11
-2.000000000e-04	1.842723253e+01	2.019014686e-02	8.800285715e-12
-3.000000000e-04	1.842723277e+01	2.003408724e-02	1.458513765e-11
-4.000000000e-04	1.842723300e+01	1.987802762e-02	1.097665057e-11
-5.000000000e-04	1.842723323e+01	1.972196800e-02	1.561737578e-11
-6.000000000e-04	1.842723347e+01	1.956590839e-02	2.412117845e-11
-7.000000000e-04	1.842723370e+01	1.940984877e-02	1.025696950e-11
-8.000000000e-04	1.842723394e+01	1.925378915e-02	1.324260889e-11
-9.000000000e-04	1.842723418e+01	1.909772953e-02	1.761766428e-11
-1.000000000e-03	1.842723442e+01	1.894166991e-02	6.474765753e-12
-1.100000000e-03	1.842723466e+01	1.878561029e-02	8.385445369e-12
-1.200000000e-03	1.842723490e+01	1.862955068e-02	2.578614162e-11
-1.300000000e-03	1.842723515e+01	1.847349106e-02	1.984038258e-11
-1.400000000e-03	1.842723539e+01	1.831743144e-02	1.113812433e-11
-1.500000000e-03	1.842723564e+01	1.816137183e-02	1.014809095e-11
-1.600000000e-03	1.842723589e+01	1.800531221e-02	1.019564500e-11
-1.700000000e-03	1.842723613e+01	1.784925260e-02	1.453116286e-11
-1.800000000e-03	1.842723638e+01	1.769319298e-02	1.032323745e-11
-1.900000000e-03	1.842723664e+01	1.753713337e-02	7.585651131e-12
-2.000000000e-03	1.842723689e+01	1.738107375e-02	2.650719627e-11
-2.100000000e-03	1.842723714e+01	1.722501414e-02	6.638617865e-12
-2.200000000e-03	1.842723740e+01	1.706895453e-02	1.359911350e-11
-2.300000000e-03	1.842723766e+01	1.691289492e-02	2.870751746e-11
-2.400000000e-03	1.842723792e+01	1.675683530e-02	3.934243558e-11
-2.500000000e-03	1.842723818e+01	1.660077569e-02	1.020878384e-11
-2.600000000e-03	1.842723844e+01	1.644471608e-02	3.287227026e-11
-2.700000000e-03	1.842723870e+01	1.628865647e-02	1.849336797e-11
-2.800000000e-03	1.842723896e+01	1.613259687e-02	7.792110103e-12
-2.900000000e-03	1.842723923e+01	1.597653726e-02	3.620883060e-11
-3.000000000e-03	1.842723949e+01	1.582047766e-02	5.032050454e-11
-3.100000000e-03	1.842723976e+01	1.566441805e-02	3.471844599e-11
-3.200000000e-03	1.842724003e+01	1.550835844e-02	1.371098863e-11
-3.300000000e-03	1.842724030e+01	1.535229884e-02	7.209309116e-12
-3.400000000e-03	1.842724057e+01	1.519623924e-02	9.522667553e-12
-3.500000000e-03	1.842724085e+01	1.504017964e-02	7.160450628e-11
-3.600000000e-03	1.842724112e+01	1.488412004e-02	1.595999011e-11
-3.700000000e-03	1.842724140e+01	1.472806044e-02	1.894092603e-11
-3.800000000e-03	1.842724167e+01	1.457200084e-02	1.730019688e-11
-3.900000000e-03	1.842724195e+01	1.441594124e-02	8.830123351e-12
-4.000000000e-03	1.842724223e+01	1.425988165e-02	8.978580939e-12
-4.100000000e-03	1.842724251e+01	1.410382205e-02	7.021847167e-12
-4.200000000e-03	1.842724279e+01	1.394776246e-02	4.886139402e-11
-4.300000000e-03	1.842724308e+01	1.379170287e-02	1.458696021e-11
-4.400000000e-03	1.842724336e+01	1.363564328e-02	1.222874081e-11
-4.500000000e-03	1.842724365e+01	1.347958369e-02	2.680888352e-11
-4.600000000e-03	1.842724394e+01	1.332352410e-02	7.630477064e-12
-4.700000000e-03	1.842724422e+01	1.316746451e-02	2.299822076e-11
-4.800000000e-03	1.842724451e+01	1.301140493e-02	1.324836954e-11
-4.900000000e-03	1.842724481e+01	1.285534535e-02	1.164329483e-11
-5.000000000e-03	1.842724510e+01	1.269928577e-02	1.994192037e-11
-5.100000000e-03	1.842724539e+01	1.254322619e-02	4.860538623e-11
-5.200000000e-03	1.842724569e+01	1.238716661e-02	7.765663221e-12
-5.300000000e-03	1.842724598e+01	1.223110703e-02	2.166322672e-11
-5.400000000e-03	1.842724628e+01	1.207504746e-02	1.515668344e-11
-5.500000000e-03	1.842724658e+01	1.191898788e-02	2.020952230e-11
-5.600000000e-03	1.842724688e+01	1.176292831e-02	2.877477570e-11
-5.700000000e-03	1.842724718e+01	1.160686874e-02	1.064251281e-11
-5.800000000e-03	1.842724749e+01	1.145080917e-02	8.513723889e-12
-5.900000000e-03	1.842724779e+01	1.129474961e-02	1.412094926e-11
-6.000000000e-03	1.842724810e+01	1.113869004e-02	1.263614245e-11
-6.100000000e-03	1.842724841e+01	1.098263048e-02	1.312502797e-11
-6.200000000e-03	1.842724871e+01	1.082657092e-02	2.069429317e-11
-6.300000000e-03	1.842724902e+01	1.067051136e-02	1.212312154e-11
-6.400000000e-03	1.842724934e+01	1.051445181e-02	3.874197372e-11
-6.500000000e-03	1.842724965e+01	1.035839225e-02	1.293752119e-11
-6.600000000e-03	1.842724996e+01	1.020233270e-02	9.370536742e-12
-6.700000000e-03	1.842725028e+01	1.004627315e-02	2.829724876e-11
-6.800000000e-03	1.842725059e+01	9.890213604e-03	1.438063083e-11
-6.900000000e-03	1.842725091e+01	9.734154058e-03	1.048926683e-11
-7.000000000e-03	1.842725123e+01	9.578094515e-03	1.745465945e-11
-7.100000000e-03	1.842725155e+01	9.422034975e-03	2.021699030e-11
-7.200000000e-03	1.842725187e+01	9.265975435e-03	8.792853552e-12
-7.300000000e-03	1.842725220e+01	9.109915898e-03	9.930944363e-12
-7.400000000e-03	1.842725252e+01	8.953856365e-03	1.385978083e-11
-7.500000000e-03	1.842725285e+01	8.797796833e-03	1.850367098e-11
-7.600000000e-03	1.842725317e+01	8.641737303e-03	1.821625967e-11
-7.700000000e-03	1.842725350e+01	8.485677777e-03	6.887924749e-12
-7.800000000e-03	1.842725383e+01	8.329618253e-03	9.075153009e-12
-7.900000000e-03	1.842725416e+01	8.173558731e-03	8.327802165e-12
-8.000000000e-03	1.842725449e+01	8.017499213e-03	2.236607835e-11
-8.100000000e-03	1.842725483e+01	7.861439697e-03	2.167953607e-11
-8.200000000e-03	1.842725516e+01	7.705380181e-03	1.253658319e-11
-8.300000000e-03	1.842725550e+01	7.549320670e-03	9.320424895e-12
-8.400000000e-03	1.842725584e+01	7.393261162e-03	5.444796231e-12
-8.500000000e-03	1.842725618e+01	7.237201656e-03	1.921947381e-11
-8.600000000e-03	1.842725652e+01	7.081142154e-03	1.292922398e-11
-8.700000000e-03	1.842725686e+01	6.925082654e-03	1.626633392e-11
-8.800000000e-03	1.842725720e+01	6.769023159e-03	6.653590954e-11
-8.900000000e-03	1.842725754e+01	6.612963662e-03	5.762732232e-11
-9.000000000e-03	1.842725789e+01	6.456904169e-03	1.083652634e-11
-9.100000000e-03	1.842725824e+01	6.300844681e-03	2.526453567e-11
-9.200000000e-03	1.842725858e+01	6.144785193e-03	1.945320427e-11
-9.300000000e-03	1.842725893e+01	5.988725712e-03	1.047555391e-11
-9.400000000e-03	1.842725928e+01	5.832666231e-03	1.201835511e-11
-9.500000000e-03	1.842725964e+01	5.676606754e-03	1.136576161e-11
-9.600000000e-03	1.842725999e+01	5.520547281e-03	8.982261433e-12
-9.700000000e-03	1.842726034e+01	5.364487811e-03	1.630704320e-11
-9.800000000e-03	1.842726070e+01	5.208428343e-03	6.501613711e-12
-9.900000000e-03	1.842726106e+01	5.052368879e-03	8.585914206e-12
-1.000000000e-02	1.842726142e+01	4.896309419e-03	1.217327059e-11
-1.010000000e-02	1.842726178e+01	4.740249961e-03	1.302503383e-11
-1.020000000e-02	1.842726214e+01	4.584190505e-03	2.103163399e-11
-1.030000000e-02	1.842726250e+01	4.428131055e-03	1.270157656e-11
-1.040000000e-02	1.842726286e+01	4.272071606e-03	9.840855531e-12
-1.050000000e-02	1.842726323e+01	4.116012164e-03	2.312874315e-11
-1.060000000e-02	1.842726360e+01	3.959952721e-03	1.994964659e-11
-1.070000000e-02	1.842726396e+01	3.803893285e-03	9.685475550e-12
-1.080000000e-02	1.842726433e+01	3.647833851e-03	1.561816946e-11
-1.090000000e-02	1.842726470e+01	3.491774420e-03	1.155908049e-11
-1.100000000e-02	1.842726508e+01	3.335714995e-03	2.186730156e-11
-1.110000000e-02	1.842726545e+01	3.179655570e-03	8.882920993e-12
-1.120000000e-02	1.842726582e+01	3.023596151e-03	1.083065750e-11
-1.130000000e-02	1.842726620e+01	2.867536735e-03	1.062948350e-11
-1.140000000e-02	1.842726658e+01	2.711477321e-03	1.431809496e-11
-1.150000000e-02	1.842726695e+01	2.555417914e-03	1.423086198e-11
-1.160000000e-02	1.842726733e+01	2.399358508e-03	7.846962305e-12
-1.170000000e-02	1.842726772e+01	2.243299109e-03	2.205344218e-11
-1.180000000e-02	1.842726810e+01	2.087239711e-03	1.044805536e-11
-1.190000000e-02	1.842726848e+01	1.931180317e-03	9.618626398e-12
-1.200000000e-02	1.842726887e+01	1.775120928e-03	5.165690597e-12
-1.210000000e-02	1.842726925e+01	1.619061541e-03	3.167572951e-11
-1.220000000e-02	1.842726964e+01	1.463002161e-03	7.493301804e-12
-1.230000000e-02	1.842727003e+01	1.306942782e-03	1.759008765e-11
-1.240000000e-02	1.842727042e+01	1.150883409e-03	1.407053363e-11
-1.250000000e-02	1.842727081e+01	9.948240417e-04	1.709603043e-11
-1.260000000e-02	1.842727120e+01	8.387646757e-04	8.658968528e-12
-1.270000000e-02	1.842727160e+01	6.827053132e-04	1.859071348e-11
-1.280000000e-02	1.842727199e+01	5.266459564e-04	1.247918788e-11
-1.290000000e-02	1.842727239e+01	3.705866060e-04	2.861269285e-11
-1.300000000e-02	1.842727279e+01	2.145272567e-04	2.511352438e-11
-1.310000000e-02	1.842727319e+01	5.846790866e-05	2.772909098e-11
-1.320000000e-02	1.842727359e+01	-9.759142947e-05	3.295140685e-11
-1.330000000e-02	1.842727399e+01	-2.536507647e-04	5.461795297e-12
-1.340000000e-02	1.842727440e+01	-4.097100958e-04	1.479990397e-11
-1.350000000e-02	1.842727480e+01	-5.657694236e-04	7.299596036e-12
-1.360000000e-02	1.842727521e+01	-7.218287465e-04	7.452352846e-12
-1.370000000e-02	1.842727561e+01	-8.778880642e-04	4.523670678e-11
-1.380000000e-02	1.842727602e+01	-1.033947377e-03	8.420701185e-12
-1.390000000e-02	1.842727643e+01	-1.190006687e-03	1.615953053e-11
-1.400000000e-02	1.842727684e+01	-1.346065993e-03	1.748346614e-11
-1.410000000e-02	1.842727726e+01	-1.502125289e-03	2.693084406e-11
-1.420000000e-02	1.842727767e+01	-1.658184586e-03	1.232706106e-11
-1.430000000e-02	1.842727809e+01	-1.814243879e-03	1.638933433e-11
-1.440000000e-02	1.842727850e+01	-1.970303164e-03	3.648121889e-11
-1.450000000e-02	1.842727892e+01	-2.126362445e-03	7.459903552e-12
-1.460000000e-02	1.842727934e+01	-2.282421718e-03	3.711777343e-11
-1.470000000e-02	1.842727976e+01	-2.438480993e-03	3.393036428e-11
-1.480000000e-02	1.842728018e+01	-2.594540261e-03	1.480868325e-11
-1.490000000e-02	1.842728061e+01	-2.750599519e-03	3.896193629e-11
-1.500000000e-02	1.842728103e+01	-2.906658781e-03	2.669688373e-11
-1.510000000e-02	1.842728146e+01	-3.062718032e-03	1.335524175e-11
-1.520000000e-02	1.842728188e+01	-3.218777278e-03	5.938083684e-12
-1.530000000e-02	1.842728231e+01	-3.374836520e-03	1.103581126e-11
-1.540000000e-02	1.842728274e+01	-3.530895758e-03	7.367840023e-12
-1.550000000e-02	1.842728317e+01	-3.686954990e-03	8.714605241e-12
-1.560000000e-02	1.842728361e+01	-3.843014217e-03	1.082199632e-11
-1.570000000e-02	1.842728404e+01	-3.999073438e-03	1.226420907e-11
-1.580000000e-02	1.842728447e+01	-4.155132656e-03	1.160203107e-11
-1.590000000e-02	1.842728491e+01	-4.311191868e-03	9.089641733e-12
-1.600000000e-02	1.842728535e+01	-4.467251077e-03	4.945953315e-11
-1.610000000e-02	1.842728579e+01	-4.623310275e-03	8.686472855e-12
-1.620000000e-02	1.842728623e+01	-4.779369471e-03	1.013189761e-11
-1.630000000e-02	1.842728667e+01	-4.935428661e-03	9.648994916e-12
-1.640000000e-02	1.842728711e+01	-5.091487845e-03	9.811677747e-12
-1.650000000e-02	1.842728756e+01	-5.247547027e-03	3.003062947e-11
-1.660000000e-02	1.842728800e+01	-5.403606201e-03	2.803039586e-11
-1.670000000e-02	1.842728845e+01	-5.559665369e-03	7.000862374e-12
-1.680000000e-02	1.842728890e+01	-5.715724532e-03	2.606792277e-11
-1.690000000e-02	1.842728935e+01	-5.871783689e-03	1.827691310e-11
-1.700000000e-02	1.842728980e+01	-6.027842842e-03	6.835805448e-12
-1.710000000e-02	1.842729025e+01	-6.183901989e-03	2.373584021e-11
-1.720000000e-02	1.842729070e+01	-6.339961129e-03	1.754759757e-11
-1.730000000e-02	1.842729116e+01	-6.496020263e-03	3.153360334e-11
-1.740000000e-02	1.842729162e+01	-6.652079394e-03	1.225502675e-11
-1.750000000e-02	1.842729207e+01	-6.808138520e-03	2.120984686e-11
-1.760000000e-02	1.842729253e+01	-6.964197638e-03	5.685678594e-12
-1.770000000e-02	1.842729299e+01	-7.120256747e-03	3.180731536e-11
-1.780000000e-02	1.842729345e+01	-7.276315857e-03	6.797481258e-12
-1.790000000e-02	1.842729392e+01	-7.432374957e-03	8.035863083e-12
-1.800000000e-02	1.842729438e+01	-7.588434051e-03	1.112313975e-11
-1.810000000e-02	1.842729485e+01	-7.744493141e-03	1.676803678e-11
-1.820000000e-02	1.842729531e+01	-7.900552223e-03	9.581585599e-12
-1.830000000e-02	1.842729578e+01	-8.056611301e-03	6.291019069e-12
-1.840000000e-02	1.842729625e+01	-8.212670371e-03	8.674431199e-12
-1.850000000e-02	1.842729672e+01	-8.368729435e-03	2.321956944e-11
-1.860000000e-02	1.842729719e+01	-8.524788498e-03	3.624832970e-11
-1.870000000e-02	1.842729767e+01	-8.680847548e-03	8.964078195e-12
-1.880000000e-02	1.842729814e+01	-8.836906592e-03	5.246779025e-11
-1.890000000e-02	1.842729862e+01	-8.992965634e-03	6.792349883e-12
-1.900000000e-02	1.842729909e+01	-9.149024668e-03	5.347182726e-12
-1.910000000e-02	1.842729957e+01	-9.305083697e-03	9.090349665e-12
-1.920000000e-02	1.842730005e+01	-9.461142717e-03	8.252841574e-12
-1.930000000e-02	1.842730053e+01	-9.617201734e-03	2.752123800e-11
-1.940000000e-02	1.842730102e+01	-9.773260741e-03	1.577868298e-11
-1.950000000e-02	1.842730150e+01	-9.929319744e-03	2.508052011e-11
-1.960000000e-02	1.842730199e+01	-1.008537874e-02	5.698490174e-12
-1.970000000e-02	1.842730247e+01	-1.024143773e-02	1.792770138e-11
-1.980000000e-02	1.842730296e+01	-1.039749671e-02	1.782792010e-11
-1.990000000e-02	1.842730345e+01	-1.055355569e-02	1.457970821e-11
-2.000000000e-02	1.842730394e+01	-1.070961466e-02	1.211123493e-11
-2.010000000e-02	1.842730443e+01	-1.086567362e-02	4.002244829e-11
-2.020000000e-02	1.842730492e+01	-1.102173258e-02	1.048600304e-11
-2.030000000e-02	1.842730542e+01	-1.117779153e-02	9.326630284e-12
-2.040000000e-02	1.842730591e+01	-1.133385047e-02	8.714383657e-12
-2.050000000e-02	1.842730641e+01	-1.148990941e-02	8.184595703e-12
-2.060000000e-02	1.842730691e+01	-1.164596834e-02	2.913742659e-11
-2.070000000e-02	1.842730741e+01	-1.180202726e-02	1.927234413e-11
-2.080000000e-02	1.842730791e+01	-1.195808618e-02	1.150846836e-11
-2.090000000e-02	1.842730841e+01	-1.211414509e-02	9.363213026e-12
-2.100000000e-02	1.842730892e+01	-1.227020399e-02	6.934593660e-12
-2.110000000e-02	1.842730942e+01	-1.242626289e-02	1.885811021e-11
-2.120000000e-02	1.842730993e+01	-1.258232177e-02	2.900778843e-11
-2.130000000e-02	1.842731044e+01	-1.273838066e-02	1.545579236e-11
-2.140000000e-02	1.842731094e+01	-1.289443953e-02	1.391816059e-11
-2.150000000e-02	1.842731146e+01	-1.305049840e-02	3.337905084e-11
-2.160000000e-02	1.842731197e+01	-1.320655726e-02	1.672407252e-11
-2.170000000e-02	1.842731248e+01	-1.336261611e-02	1.427127142e-11
-2.180000000e-02	1.842731299e+01	-1.351867496e-02	1.176544385e-11
-2.190000000e-02	1.842731351e+01	-1.367473380e-02	1.222125547e-11
-2.200000000e-02	1.842731403e+01	-1.383079263e-02	1.937303370e-11
-2.210000000e-02	1.842731454e+01	-1.398685146e-02	1.538386970e-11
-2.220000000e-02	1.842731506e+01	-1.414291027e-02	9.611810169e-12
-2.230000000e-02	1.842731558e+01	-1.429896908e-02	1.579555211e-11
-2.240000000e-02	1.842731611e+01	-1.445502789e-02	1.605214417e-11
-2.250000000e-02	1.842731663e+01	-1.461108668e-02	1.196743473e-11
-2.260000000e-02	1.842731716e+01	-1.476714547e-02	5.353065156e-12
-2.270000000e-02	1.842731768e+01	-1.492320425e-02	2.570644601e-11
-2.280000000e-02	1.842731821e+01	-1.507926302e-02	1.198788593e-11
-2.290000000e-02	1.842731874e+01	-1.523532179e-02	1.438992109e-11
-2.300000000e-02	1.842731927e+01	-1.539138055e-02	5.231178572e-11
-2.310000000e-02	1.842731980e+01	-1.554743929e-02	5.474871564e-12
-2.320000000e-02	1.842732033e+01	-1.570349803e-02	1.206180055e-11
-2.330000000e-02	1.842732087e+01	-1.585955677e-02	1.303366667e-11
-2.340000000e-02	1.842732140e+01	-1.601561550e-02	1.951337567e-11
-2.350000000e-02	1.842732194e+01	-1.617167421e-02	3.307338174e-11
-2.360000000e-02	1.842732248e+01	-1.632773293e-02	5.373996763e-11
-2.370000000e-02	1.842732301e+01	-1.648379163e-02	6.848351583e-11
-2.380000000e-02	1.842732356e+01	-1.663985033e-02	1.107289956e-11
-2.390000000e-02	1.842732410e+01	-1.679590902e-02	1.519394907e-11
-2.400000000e-02	1.842732464e+01	-1.695196770e-02	1.148312535e-11
-2.410000000e-02	1.842732518e+01	-1.710802637e-02	1.226856782e-11
-2.420000000e-02	1.842732573e+01	-1.726408503e-02	1.221249849e-11
-2.430000000e-02	1.842732628e+01	-1.742014369e-02	1.248745473e-11
-2.440000000e-02	1.842732683e+01	-1.757620234e-02	5.341245714e-11
-2.450000000e-02	1.842732738e+01	-1.773226098e-02	9.324503651e-12
-2.460000000e-02	1.842732793e+01	-1.788831961e-02	1.132160374e-11
-2.470000000e-02	1.842732848e+01	-1.804437823e-02	1.486477787e-11
-2.480000000e-02	1.842732903e+01	-1.820043685e-02	1.076559763e-11
-2.490000000e-02	1.842732959e+01	-1.835649546e-02	8.218933022e-12
-2.500000000e-02	1.842733015e+01	-1.851255406e-02	5.794727054e-11
-2.510000000e-02	1.842733070e+01	-1.866861265e-02	1.794622520e-11
-2.520000000e-02	1.842733126e+01	-1.882467123e-02	1.814754683e-11
-2.530000000e-02	1.842733182e+01	-1.898072981e-02	1.268771294e-11
-2.540000000e-02	1.842733238e+01	-1.913678837e-02	1.663061494e-11
-2.550000000e-02	1.842733295e+01	-1.929284693e-02	1.490990446e-11
-2.560000000e-02	1.842733351e+01	-1.944890548e-02	7.673991331e-12
-2.570000000e-02	1.842733408e+01	-1.960496402e-02	1.576763019e-11
-2.580000000e-02	1.842733464e+01	-1.976102255e-02	2.787461791e-11
-2.590000000e-02	1.842733521e+01	-1.991708108e-02	9.890283906e-12
-2.600000000e-02	1.842733578e+01	-2.007313959e-02	1.903740910e-11
-2.610000000e-02	1.842733635e+01	-2.022919810e-02	8.314456789e-12
-2.620000000e-02	1.842733692e+01	-2.038525660e-02	8.060830890e-12
-2.630000000e-02	1.842733750e+01	-2.054131509e-02	1.342641213e-11
-2.640000000e-02	1.842733807e+01	-2.069737357e-02	1.265157335e-11
-2.650000000e-02	1.842733865e+01	-2.085343204e-02	1.130873591e-11
-2.660000000e-02	1.842733923e+01	-2.100949051e-02	3.624259658e-11
-2.670000000e-02	1.842733981e+01	-2.116554896e-02	1.357997606e-11
-2.680000000e-02	1.842734039e+01	-2.132160740e-02	1.963391153e-11
-2.690000000e-02	1.842734097e+01	-2.147766584e-02	6.599428894e-12
-2.700000000e-02	1.842734155e+01	-2.163372427e-02	1.702127193e-11
-2.710000000e-02	1.842734213e+01	-2.178978269e-02	3.209579996e-11
-2.720000000e-02	1.842734272e+01	-2.194584110e-02	1.759955533e-11
-2.730000000e-02	1.842734331e+01	-2.210189950e-02	1.035253863e-11
-2.740000000e-02	1.842734389e+01	-2.225795789e-02	9.435375780e-12
-2.750000000e-02	1.842734448e+01	-2.241401628e-02	1.984781494e-11
-2.760000000e-02	1.842734507e+01	-2.257007465e-02	7.930677010e-12
-2.770000000e-02	1.842734567e+01	-2.272613301e-02	2.206116171e-11
-2.780000000e-02	1.842734626e+01	-2.288219137e-02	1.455135871e-11
-2.790000000e-02	1.842734685e+01	-2.303824971e-02	1.292962322e-11
-2.800000000e-02	1.842734745e+01	-2.319430805e-02	7.579623047e-12
-2.810000000e-02	1.842734805e+01	-2.335036638e-02	1.101918921e-11
-2.820000000e-02	1.842734865e+01	-2.350642470e-02	4.103669494e-11
-2.830000000e-02	1.842734925e+01	-2.366248301e-02	9.868114166e-12
-2.840000000e-02	1.842734985e+01	-2.381854131e-02	1.176811819e-11
-2.850000000e-02	1.842735045e+01	-2.397459960e-02	1.213382061e-11
-2.860000000e-02	1.842735105e+01	-2.413065788e-02	8.830529972e-12
-2.870000000e-02	1.842735166e+01	-2.428671615e-02	4.963135378e-11
-2.880000000e-02	1.842735227e+01	-2.444277441e-02	1.112020260e-11
-2.890000000e-02	1.842735287e+01	-2.459883266e-02	4.759195562e-11
-2.900000000e-02	1.842735348e+01	-2.475489091e-02	9.561419188e-12
-2.910000000e-02	1.842735409e+01	-2.491094914e-02	1.553584239e-11
-2.920000000e-02	1.842735470e+01	-2.506700737e-02	1.702912892e-11
-2.930000000e-02	1.842735532e+01	-2.522306558e-02	1.808071099e-11
-2.940000000e-02	1.842735593e+01	-2.537912379e-02	7.424170528e-12
-2.950000000e-02	1.842735655e+01	-2.553518198e-02	9.727421530e-12
-2.960000000e-02	1.842735716e+01	-2.569124016e-02	1.530877002e-11
-2.970000000e-02	1.842735778e+01	-2.584729834e-02	1.129601312e-11
-2.980000000e-02	1.842735840e+01	-2.600335651e-02	2.272555459e-11
-2.990000000e-02	1.842735902e+01	-2.615941466e-02	2.462495598e-11
-3.000000000e-02	1.842735965e+01	-2.631547281e-02	6.572857119e-12
-3.010000000e-02	1.842736027e+01	-2.647153094e-02	9.310432523e-12
-3.020000000e-02	1.842736089e+01	-2.662758907e-02	1.724170536e-11
-3.030000000e-02	1.842736152e+01	-2.678364719e-02	9.782036976e-12
-3.040000000e-02	1.842736215e+01	-2.693970529e-02	1.189455018e-11
-3.050000000e-02	1.842736278e+01	-2.709576339e-02	6.065063951e-12
-3.060000000e-02	1.842736341e+01	-2.725182147e-02	9.698347369e-12
-3.070000000e-02	1.842736404e+01	-2.740787955e-02	8.308482687e-12
-3.080000000e-02	1.842736467e+01	-2.756393761e-02	1.828045193e-11
-3.090000000e-02	1.842736531e+01	-2.771999567e-02	8.266904048e-12
-3.100000000e-02	1.842736594e+01	-2.787605371e-02	1.083308581e-11
-3.110000000e-02	1.842736658e+01	-2.803211175e-02	1.139547665e-11
-3.120000000e-02	1.842736722e+01	-2.818816977e-02	2.292040058e-11
-3.130000000e-02	1.842736786e+01	-2.834422779e-02	1.018322413e-11
-3.140000000e-02	1.842736850e+01	-2.850028579e-02	4.762061448e-11
-3.150000000e-02	1.842736914e+01	-2.865634378e-02	2.062805531e-11
-3.160000000e-02	1.842736978e+01	-2.881240177e-02	1.415899439e-11
-3.170000000e-02	1.842737043e+01	-2.896845974e-02	1.421574996e-11
-3.180000000e-02	1.842737107e+01	-2.912451770e-02	7.578540733e-12
-3.190000000e-02	1.842737172e+01	-2.928057565e-02	1.467696809e-11
-3.200000000e-02	1.842737237e+01	-2.943663359e-02	1.546743310e-11
-3.210000000e-02	1.842737302e+01	-2.959269152e-02	1.599792692e-11
-3.220000000e-02	1.842737367e+01	-2.974874944e-02	5.075110323e-12
-3.230000000e-02	1.842737432e+01	-2.990480735e-02	3.213416915e-11
-3.240000000e-02	1.842737498e+01	-3.006086525e-02	1.703411112e-11
-3.250000000e-02	1.842737563e+01	-3.021692314e-02	2.190988958e-11
-3.260000000e-02	1.842737629e+01	-3.037298102e-02	1.170859609e-11
-3.270000000e-02	1.842737695e+01	-3.052903888e-02	1.416373247e-11
-3.280000000e-02	1.842737761e+01	-3.068509674e-02	1.457320491e-11
-3.290000000e-02	1.842737827e+01	-3.084115458e-02	1.743910135e-11
-3.300000000e-02	1.842737893e+01	-3.099721241e-02	1.091838711e-11
-3.310000000e-02	1.842737959e+01	-3.115327024e-02	7.115993266e-12
-3.320000000e-02	1.842738026e+01	-3.130932805e-02	1.416324365e-11
-3.330000000e-02	1.842738092e+01	-3.146538585e-02	9.606163490e-12
-3.340000000e-02	1.842738159e+01	-3.162144364e-02	1.157286462e-11
-3.350000000e-02	1.842738226e+01	-3.177750142e-02	1.309336426e-11
-3.360000000e-02	1.842738293e+01	-3.193355919e-02	2.364225394e-11
-3.370000000e-02	1.842738360e+01	-3.208961694e-02	5.533084685e-12
-3.380000000e-02	1.842738427e+01	-3.224567469e-02	7.926094178e-12
-3.390000000e-02	1.842738495e+01	-3.240173242e-02	1.042961790e-11
-3.400000000e-02	1.842738562e+01	-3.255779014e-02	1.379693281e-11
-3.410000000e-02	1.842738630e+01	-3.271384785e-02	1.065652339e-11
-3.420000000e-02	1.842738697e+01	-3.286990556e-02	1.682126655e-11
-3.430000000e-02	1.842738765e+01	-3.302596324e-02	1.175027180e-11
-3.440000000e-02	1.842738833e+01	-3.318202092e-02	1.222477862e-11
-3.450000000e-02	1.842738902e+01	-3.333807859e-02	7.939395645e-12
-3.460000000e-02	1.842738970e+01	-3.349413624e-02	1.729835444e-11
-3.470000000e-02	1.842739038e+01	-3.365019388e-02	3.501315319e-11
-3.480000000e-02	1.842739107e+01	-3.380625152e-02	2.219348801e-11
-3.490000000e-02	1.842739176e+01	-3.396230914e-02	3.370466721e-11
-3.500000000e-02	1.842739244e+01	-3.411836674e-02	9.056547747e-12
-3.510000000e-02	1.842739313e+01	-3.427442434e-02	7.977112670e-12
-3.520000000e-02	1.842739382e+01	-3.443048193e-02	8.524565565e-12
-3.530000000e-02	1.842739452e+01	-3.458653950e-02	8.922025616e-12
-3.540000000e-02	1.842739521e+01	-3.474259706e-02	1.820856985e-11
-3.550000000e-02	1.842739590e+01	-3.489865461e-02	6.717235785e-12
-3.560000000e-02	1.842739660e+01	-3.505471215e-02	8.683314476e-12
-3.570000000e-02	1.842739730e+01	-3.521076968e-02	1.045248381e-11
-3.580000000e-02	1.842739800e+01	-3.536682719e-02	3.641508106e-11
-3.590000000e-02	1.842739870e+01	-3.552288470e-02	1.203671140e-11
-3.600000000e-02	1.842739940e+01	-3.567894219e-02	8.994501467e-12
-3.610000000e-02	1.842740010e+01	-3.583499967e-02	1.662513016e-11
-3.620000000e-02	1.842740080e+01	-3.599105713e-02	1.008348832e-11
-3.630000000e-02	1.842740151e+01	-3.614711459e-02	5.344482011e-11
-3.640000000e-02	1.842740222e+01	-3.630317203e-02	5.866409806e-12
-3.650000000e-02	1.842740293e+01	-3.645922946e-02	6.414626373e-12
-3.660000000e-02	1.842740363e+01	-3.661528688e-02	8.906299537e-12
-3.670000000e-02	1.842740434e+01	-3.677134429e-02	1.561904520e-11
-3.680000000e-02	1.842740506e+01	-3.692740169e-02	1.313380624e-11
-3.690000000e-02	1.842740577e+01	-3.708345907e-02	3.708153272e-11
-3.700000000e-02	1.842740648e+01	-3.723951644e-02	5.516122984e-11
-3.710000000e-02	1.842740720e+01	-3.739557380e-02	7.997242929e-12
-3.720000000e-02	1.842740792e+01	-3.755163114e-02	1.223956220e-11
-3.730000000e-02	1.842740864e+01	-3.770768847e-02	6.159743471e-11
-3.740000000e-02	1.842740936e+01	-3.786374580e-02	2.018923084e-11
-3.750000000e-02	1.842741008e+01	-3.801980311e-02	2.793791526e-11
-3.760000000e-02	1.842741080e+01	-3.817586040e-02	9.222213206e-12
-3.770000000e-02	1.842741152e+01	-3.833191769e-02	3.461587291e-11
-3.780000000e-02	1.842741225e+01	-3.848797496e-02	1.346844475e-11
-3.790000000e-02	1.842741298e+01	-3.864403222e-02	9.906047707e-12
-3.800000000e-02	1.842741370e+01	-3.880008946e-02	1.492334434e-11
-3.810000000e-02	1.842741443e+01	-3.895614670e-02	5.459125224e-11
-3.820000000e-02	1.842741516e+01	-3.911220392e-02	7.815982217e-12
-3.830000000e-02	1.842741589e+01	-3.926826113e-02	6.403311830e-12
-3.840000000e-02	1.842741663e+01	-3.942431832e-02	1.786697941e-11
-3.850000000e-02	1.842741736e+01	-3.958037551e-02	1.802964893e-11
-3.860000000e-02	1.842741810e+01	-3.973643268e-02	9.310869827e-12
-3.870000000e-02	1.842741883e+01	-3.989248983e-02	1.115603349e-11
-3.880000000e-02	1.842741957e+01	-4.004854698e-02	1.100130562e-11
-3.890000000e-02	1.842742031e+01	-4.020460411e-02	1.052778020e-11
-3.900000000e-02	1.842742105e+01	-4.036066123e-02	2.649128586e-11
-3.910000000e-02	1.842742180e+01	-4.051671834e-02	1.696672822e-11
-3.920000000e-02	1.842742254e+01	-4.067277543e-02	2.133206717e-11
-3.930000000e-02	1.842742328e+01	-4.082883251e-02	2.053531620e-11
-3.940000000e-02	1.842742403e+01	-4.098488958e-02	1.073785803e-11
-3.950000000e-02	1.842742478e+01	-4.114094663e-02	8.466252375e-12
-3.960000000e-02	1.842742553e+01	-4.129700367e-02	6.840991891e-12
-3.970000000e-02	1.842742628e+01	-4.145306070e-02	6.101793824e-12
-3.980000000e-02	1.842742703e+01	-4.160911771e-02	1.057281517e-11
-3.990000000e-02	1.842742778e+01	-4.176517472e-02	7.619897237e-12
-4.000000000e-02	1.842742854e+01	-4.192123171e-02	4.029443321e-11
