# Im(epsi1)     Re(Lambda)      Im(Lambda)      Eq(det).Opt det SIN kz, R=0.5 \mum, Re(epsi1)=4.90solve_det_sinkz_vs_mu.py
0.000000000e+00	1.983569743e+01	2.508088534e-02	1.044094567e-11
-1.000000000e-04	1.983569770e+01	2.491297474e-02	6.346702589e-12
-2.000000000e-04	1.983569796e+01	2.474506414e-02	1.206777435e-11
-3.000000000e-04	1.983569823e+01	2.457715354e-02	7.213293004e-12
-4.000000000e-04	1.983569849e+01	2.440924294e-02	8.123155907e-12
-5.000000000e-04	1.983569876e+01	2.424133234e-02	1.585001163e-11
-6.000000000e-04	1.983569903e+01	2.407342174e-02	2.290263090e-11
-7.000000000e-04	1.983569931e+01	2.390551114e-02	1.065141658e-11
-8.000000000e-04	1.983569958e+01	2.373760054e-02	9.164770002e-12
-9.000000000e-04	1.983569986e+01	2.356968994e-02	1.422369237e-11
-1.000000000e-03	1.983570013e+01	2.340177934e-02	4.677725522e-11
-1.100000000e-03	1.983570041e+01	2.323386874e-02	8.593799804e-12
-1.200000000e-03	1.983570069e+01	2.306595814e-02	9.275778986e-12
-1.300000000e-03	1.983570097e+01	2.289804754e-02	1.983998862e-11
-1.400000000e-03	1.983570125e+01	2.273013694e-02	8.638093447e-12
-1.500000000e-03	1.983570154e+01	2.256222634e-02	2.002394000e-11
-1.600000000e-03	1.983570182e+01	2.239431575e-02	1.157201735e-11
-1.700000000e-03	1.983570211e+01	2.222640515e-02	1.424662398e-11
-1.800000000e-03	1.983570239e+01	2.205849455e-02	2.327351397e-11
-1.900000000e-03	1.983570268e+01	2.189058396e-02	4.323500125e-11
-2.000000000e-03	1.983570297e+01	2.172267336e-02	2.446688077e-11
-2.100000000e-03	1.983570327e+01	2.155476277e-02	1.839492289e-11
-2.200000000e-03	1.983570356e+01	2.138685217e-02	1.216930579e-11
-2.300000000e-03	1.983570385e+01	2.121894158e-02	1.565556407e-11
-2.400000000e-03	1.983570415e+01	2.105103099e-02	1.929864901e-11
-2.500000000e-03	1.983570445e+01	2.088312040e-02	3.936453067e-11
-2.600000000e-03	1.983570475e+01	2.071520981e-02	1.942080617e-11
-2.700000000e-03	1.983570505e+01	2.054729921e-02	1.383599220e-11
-2.800000000e-03	1.983570535e+01	2.037938862e-02	2.154714336e-11
-2.900000000e-03	1.983570565e+01	2.021147803e-02	3.531195800e-11
-3.000000000e-03	1.983570596e+01	2.004356745e-02	8.624711344e-12
-3.100000000e-03	1.983570626e+01	1.987565686e-02	1.914270181e-11
-3.200000000e-03	1.983570657e+01	1.970774628e-02	2.549858043e-11
-3.300000000e-03	1.983570688e+01	1.953983569e-02	1.162632134e-11
-3.400000000e-03	1.983570719e+01	1.937192511e-02	2.671895292e-11
-3.500000000e-03	1.983570750e+01	1.920401453e-02	6.305313069e-12
-3.600000000e-03	1.983570782e+01	1.903610394e-02	1.108314971e-11
-3.700000000e-03	1.983570813e+01	1.886819336e-02	1.241866224e-11
-3.800000000e-03	1.983570845e+01	1.870028279e-02	1.782791742e-11
-3.900000000e-03	1.983570876e+01	1.853237221e-02	3.018367642e-11
-4.000000000e-03	1.983570908e+01	1.836446163e-02	9.208583520e-12
-4.100000000e-03	1.983570940e+01	1.819655106e-02	1.445527689e-11
-4.200000000e-03	1.983570973e+01	1.802864048e-02	1.074313380e-11
-4.300000000e-03	1.983571005e+01	1.786072991e-02	1.818427373e-11
-4.400000000e-03	1.983571037e+01	1.769281934e-02	8.163592626e-12
-4.500000000e-03	1.983571070e+01	1.752490877e-02	1.470027804e-11
-4.600000000e-03	1.983571103e+01	1.735699820e-02	1.781702231e-11
-4.700000000e-03	1.983571136e+01	1.718908764e-02	3.952704128e-11
-4.800000000e-03	1.983571169e+01	1.702117707e-02	4.258909884e-11
-4.900000000e-03	1.983571202e+01	1.685326651e-02	1.099787979e-11
-5.000000000e-03	1.983571235e+01	1.668535595e-02	9.482970667e-12
-5.100000000e-03	1.983571269e+01	1.651744539e-02	1.953331862e-11
-5.200000000e-03	1.983571302e+01	1.634953483e-02	1.201991471e-11
-5.300000000e-03	1.983571336e+01	1.618162427e-02	5.386561957e-11
-5.400000000e-03	1.983571370e+01	1.601371372e-02	7.768657839e-12
-5.500000000e-03	1.983571404e+01	1.584580317e-02	1.148561726e-11
-5.600000000e-03	1.983571438e+01	1.567789262e-02	9.174973508e-12
-5.700000000e-03	1.983571472e+01	1.550998207e-02	1.467650155e-11
-5.800000000e-03	1.983571507e+01	1.534207152e-02	1.154777093e-11
-5.900000000e-03	1.983571541e+01	1.517416097e-02	9.724508018e-12
-6.000000000e-03	1.983571576e+01	1.500625043e-02	4.461344383e-11
-6.100000000e-03	1.983571611e+01	1.483833989e-02	1.537169272e-11
-6.200000000e-03	1.983571646e+01	1.467042935e-02	6.468704454e-12
-6.300000000e-03	1.983571681e+01	1.450251882e-02	1.517340631e-11
-6.400000000e-03	1.983571716e+01	1.433460828e-02	1.299897243e-11
-6.500000000e-03	1.983571752e+01	1.416669775e-02	2.411731862e-11
-6.600000000e-03	1.983571787e+01	1.399878722e-02	6.587461347e-12
-6.700000000e-03	1.983571823e+01	1.383087669e-02	1.425012378e-11
-6.800000000e-03	1.983571859e+01	1.366296617e-02	2.398461840e-11
-6.900000000e-03	1.983571895e+01	1.349505564e-02	1.227573969e-11
-7.000000000e-03	1.983571931e+01	1.332714512e-02	7.109241074e-12
-7.100000000e-03	1.983571967e+01	1.315923460e-02	1.294901734e-11
-7.200000000e-03	1.983572004e+01	1.299132408e-02	3.182981424e-11
-7.300000000e-03	1.983572040e+01	1.282341357e-02	1.096227410e-11
-7.400000000e-03	1.983572077e+01	1.265550306e-02	1.019714642e-11
-7.500000000e-03	1.983572114e+01	1.248759255e-02	8.233327882e-12
-7.600000000e-03	1.983572151e+01	1.231968205e-02	2.612133206e-11
-7.700000000e-03	1.983572188e+01	1.215177154e-02	9.770616615e-12
-7.800000000e-03	1.983572225e+01	1.198386105e-02	9.134792474e-12
-7.900000000e-03	1.983572263e+01	1.181595055e-02	1.051190453e-11
-8.000000000e-03	1.983572300e+01	1.164804005e-02	3.037255495e-11
-8.100000000e-03	1.983572338e+01	1.148012956e-02	1.622412674e-11
-8.200000000e-03	1.983572376e+01	1.131221907e-02	2.484023530e-11
-8.300000000e-03	1.983572414e+01	1.114430858e-02	1.660513549e-11
-8.400000000e-03	1.983572452e+01	1.097639810e-02	7.832758857e-12
-8.500000000e-03	1.983572490e+01	1.080848762e-02	1.102404930e-11
-8.600000000e-03	1.983572529e+01	1.064057714e-02	2.755513643e-11
-8.700000000e-03	1.983572567e+01	1.047266666e-02	2.633793661e-11
-8.800000000e-03	1.983572606e+01	1.030475619e-02	1.199724198e-11
-8.900000000e-03	1.983572645e+01	1.013684572e-02	1.174113808e-11
-9.000000000e-03	1.983572684e+01	9.968935258e-03	8.192917785e-12
-9.100000000e-03	1.983572723e+01	9.801024795e-03	1.492190861e-11
-9.200000000e-03	1.983572762e+01	9.633114334e-03	2.141704986e-11
-9.300000000e-03	1.983572802e+01	9.465203879e-03	9.032797041e-12
-9.400000000e-03	1.983572841e+01	9.297293425e-03	1.390310046e-11
-9.500000000e-03	1.983572881e+01	9.129382976e-03	1.098727880e-11
-9.600000000e-03	1.983572921e+01	8.961472530e-03	7.513336080e-12
-9.700000000e-03	1.983572961e+01	8.793562089e-03	3.982067061e-11
-9.800000000e-03	1.983573001e+01	8.625651648e-03	1.230965282e-11
-9.900000000e-03	1.983573041e+01	8.457741209e-03	1.125111640e-11
-1.000000000e-02	1.983573082e+01	8.289830777e-03	7.146699963e-12
-1.010000000e-02	1.983573122e+01	8.121920347e-03	1.304429393e-11
-1.020000000e-02	1.983573163e+01	7.954009924e-03	3.070342705e-11
-1.030000000e-02	1.983573204e+01	7.786099499e-03	9.644317352e-12
-1.040000000e-02	1.983573245e+01	7.618189080e-03	7.944854860e-12
-1.050000000e-02	1.983573286e+01	7.450278665e-03	9.775657756e-12
-1.060000000e-02	1.983573327e+01	7.282368252e-03	1.260145342e-11
-1.070000000e-02	1.983573368e+01	7.114457846e-03	1.586360402e-11
-1.080000000e-02	1.983573410e+01	6.946547442e-03	8.028923419e-12
-1.090000000e-02	1.983573452e+01	6.778637038e-03	3.494907198e-11
-1.100000000e-02	1.983573493e+01	6.610726644e-03	2.459851262e-11
-1.110000000e-02	1.983573535e+01	6.442816252e-03	2.575974508e-11
-1.120000000e-02	1.983573577e+01	6.274905863e-03	7.585065652e-12
-1.130000000e-02	1.983573620e+01	6.106995477e-03	9.940345742e-12
-1.140000000e-02	1.983573662e+01	5.939085098e-03	1.158798329e-11
-1.150000000e-02	1.983573705e+01	5.771174720e-03	1.075112218e-11
-1.160000000e-02	1.983573747e+01	5.603264346e-03	8.867956319e-12
-1.170000000e-02	1.983573790e+01	5.435353979e-03	1.627459670e-11
-1.180000000e-02	1.983573833e+01	5.267443616e-03	3.814077573e-11
-1.190000000e-02	1.983573876e+01	5.099533252e-03	7.541471642e-12
-1.200000000e-02	1.983573919e+01	4.931622896e-03	1.377751211e-11
-1.210000000e-02	1.983573963e+01	4.763712542e-03	1.749695581e-11
-1.220000000e-02	1.983574006e+01	4.595802195e-03	1.363320590e-11
-1.230000000e-02	1.983574050e+01	4.427891852e-03	1.126181824e-11
-1.240000000e-02	1.983574094e+01	4.259981512e-03	1.525391092e-11
-1.250000000e-02	1.983574138e+01	4.092071177e-03	6.469943791e-12
-1.260000000e-02	1.983574182e+01	3.924160846e-03	5.911489777e-12
-1.270000000e-02	1.983574226e+01	3.756250519e-03	1.299304296e-11
-1.280000000e-02	1.983574270e+01	3.588340196e-03	1.556350900e-11
-1.290000000e-02	1.983574315e+01	3.420429880e-03	1.591021750e-11
-1.300000000e-02	1.983574360e+01	3.252519566e-03	1.510373121e-11
-1.310000000e-02	1.983574404e+01	3.084609258e-03	7.610835371e-12
-1.320000000e-02	1.983574449e+01	2.916698955e-03	6.803838135e-12
-1.330000000e-02	1.983574494e+01	2.748788655e-03	1.280433730e-11
-1.340000000e-02	1.983574540e+01	2.580878362e-03	1.452228385e-11
-1.350000000e-02	1.983574585e+01	2.412968071e-03	5.394081034e-12
-1.360000000e-02	1.983574631e+01	2.245057786e-03	7.894990148e-12
-1.370000000e-02	1.983574676e+01	2.077147506e-03	1.057465333e-11
-1.380000000e-02	1.983574722e+01	1.909237233e-03	3.697541486e-11
-1.390000000e-02	1.983574768e+01	1.741326960e-03	9.614050181e-12
-1.400000000e-02	1.983574814e+01	1.573416695e-03	1.291698076e-11
-1.410000000e-02	1.983574860e+01	1.405506433e-03	1.107501059e-11
-1.420000000e-02	1.983574907e+01	1.237596175e-03	3.089827916e-11
-1.430000000e-02	1.983574953e+01	1.069685927e-03	2.050456012e-11
-1.440000000e-02	1.983575000e+01	9.017756810e-04	1.145571382e-11
-1.450000000e-02	1.983575047e+01	7.338654401e-04	2.499922516e-11
-1.460000000e-02	1.983575094e+01	5.659552032e-04	1.531029463e-11
-1.470000000e-02	1.983575141e+01	3.980449723e-04	1.305420916e-11
-1.480000000e-02	1.983575188e+01	2.301347470e-04	1.344854406e-11
-1.490000000e-02	1.983575235e+01	6.222452698e-05	1.031808076e-11
-1.500000000e-02	1.983575283e+01	-1.056856845e-04	3.779839379e-11
-1.510000000e-02	1.983575330e+01	-2.735958970e-04	7.720136748e-12
-1.520000000e-02	1.983575378e+01	-4.415061027e-04	2.691478874e-11
-1.530000000e-02	1.983575426e+01	-6.094163011e-04	8.278281103e-12
-1.540000000e-02	1.983575474e+01	-7.773264956e-04	2.309625941e-11
-1.550000000e-02	1.983575522e+01	-9.452366835e-04	1.520969173e-11
-1.560000000e-02	1.983575571e+01	-1.113146864e-03	2.667942178e-11
-1.570000000e-02	1.983575619e+01	-1.281057043e-03	2.028716433e-11
-1.580000000e-02	1.983575668e+01	-1.448967216e-03	2.021236935e-11
-1.590000000e-02	1.983575716e+01	-1.616877380e-03	6.636030391e-12
-1.600000000e-02	1.983575765e+01	-1.784787541e-03	7.780211936e-12
-1.610000000e-02	1.983575814e+01	-1.952697695e-03	1.213890017e-11
-1.620000000e-02	1.983575864e+01	-2.120607845e-03	1.261881586e-11
-1.630000000e-02	1.983575913e+01	-2.288517988e-03	3.132802774e-11
-1.640000000e-02	1.983575962e+01	-2.456428126e-03	1.074591069e-11
-1.650000000e-02	1.983576012e+01	-2.624338258e-03	1.676400073e-11
-1.660000000e-02	1.983576062e+01	-2.792248385e-03	9.742917052e-12
-1.670000000e-02	1.983576112e+01	-2.960158509e-03	4.459779977e-11
-1.680000000e-02	1.983576162e+01	-3.128068620e-03	7.391109708e-12
-1.690000000e-02	1.983576212e+01	-3.295978729e-03	8.826374546e-12
-1.700000000e-02	1.983576262e+01	-3.463888832e-03	1.219359535e-11
-1.710000000e-02	1.983576313e+01	-3.631798925e-03	6.954152784e-11
-1.720000000e-02	1.983576363e+01	-3.799709019e-03	1.325376640e-11
-1.730000000e-02	1.983576414e+01	-3.967619104e-03	1.009697729e-11
-1.740000000e-02	1.983576465e+01	-4.135529182e-03	9.884458513e-12
-1.750000000e-02	1.983576516e+01	-4.303439255e-03	8.526081846e-12
-1.760000000e-02	1.983576567e+01	-4.471349320e-03	1.721661620e-11
-1.770000000e-02	1.983576619e+01	-4.639259380e-03	1.776600222e-11
-1.780000000e-02	1.983576670e+01	-4.807169433e-03	1.815762601e-11
-1.790000000e-02	1.983576722e+01	-4.975079482e-03	2.822444992e-11
-1.800000000e-02	1.983576773e+01	-5.142989523e-03	1.007151908e-11
-1.810000000e-02	1.983576825e+01	-5.310899559e-03	3.200276451e-11
-1.820000000e-02	1.983576877e+01	-5.478809586e-03	8.530614406e-12
-1.830000000e-02	1.983576930e+01	-5.646719608e-03	1.162896168e-11
-1.840000000e-02	1.983576982e+01	-5.814629623e-03	8.465322920e-12
-1.850000000e-02	1.983577034e+01	-5.982539631e-03	2.481440051e-11
-1.860000000e-02	1.983577087e+01	-6.150449635e-03	6.782244880e-12
-1.870000000e-02	1.983577140e+01	-6.318359633e-03	4.548114968e-11
-1.880000000e-02	1.983577193e+01	-6.486269622e-03	3.391659483e-11
-1.890000000e-02	1.983577246e+01	-6.654179604e-03	1.020732186e-11
-1.900000000e-02	1.983577299e+01	-6.822089579e-03	5.315557816e-12
-1.910000000e-02	1.983577352e+01	-6.989999549e-03	1.242799477e-11
-1.920000000e-02	1.983577406e+01	-7.157909510e-03	1.747473081e-11
-1.930000000e-02	1.983577459e+01	-7.325819465e-03	1.586587934e-11
-1.940000000e-02	1.983577513e+01	-7.493729416e-03	1.014785137e-11
-1.950000000e-02	1.983577567e+01	-7.661639359e-03	1.821541755e-11
-1.960000000e-02	1.983577621e+01	-7.829549294e-03	1.765279284e-11
-1.970000000e-02	1.983577675e+01	-7.997459221e-03	1.107219238e-11
-1.980000000e-02	1.983577729e+01	-8.165369142e-03	1.041750474e-11
-1.990000000e-02	1.983577784e+01	-8.333279055e-03	1.848432341e-11
-2.000000000e-02	1.983577838e+01	-8.501188964e-03	1.643879807e-11
-2.010000000e-02	1.983577893e+01	-8.669098866e-03	3.011955204e-11
-2.020000000e-02	1.983577948e+01	-8.837008760e-03	3.951380941e-11
-2.030000000e-02	1.983578003e+01	-9.004918643e-03	6.608054023e-12
-2.040000000e-02	1.983578058e+01	-9.172828517e-03	5.917395226e-11
-2.050000000e-02	1.983578113e+01	-9.340738394e-03	1.386986079e-11
-2.060000000e-02	1.983578169e+01	-9.508648259e-03	2.117922927e-11
-2.070000000e-02	1.983578224e+01	-9.676558114e-03	1.279046258e-11
-2.080000000e-02	1.983578280e+01	-9.844467964e-03	2.059081495e-11
-2.090000000e-02	1.983578336e+01	-1.001237781e-02	9.496537498e-12
-2.100000000e-02	1.983578392e+01	-1.018028764e-02	1.032290365e-11
-2.110000000e-02	1.983578448e+01	-1.034819747e-02	1.957291856e-11
-2.120000000e-02	1.983578504e+01	-1.051610729e-02	1.144695963e-11
-2.130000000e-02	1.983578561e+01	-1.068401710e-02	8.143734959e-12
-2.140000000e-02	1.983578617e+01	-1.085192691e-02	9.455529936e-12
-2.150000000e-02	1.983578674e+01	-1.101983670e-02	1.470864314e-11
-2.160000000e-02	1.983578731e+01	-1.118774650e-02	1.697590115e-11
-2.170000000e-02	1.983578788e+01	-1.135565628e-02	5.988803667e-12
-2.180000000e-02	1.983578845e+01	-1.152356605e-02	1.307725119e-11
-2.190000000e-02	1.983578902e+01	-1.169147582e-02	8.171341094e-12
-2.200000000e-02	1.983578960e+01	-1.185938558e-02	1.757131041e-11
-2.210000000e-02	1.983579017e+01	-1.202729533e-02	2.273920531e-11
-2.220000000e-02	1.983579075e+01	-1.219520507e-02	1.008819852e-11
-2.230000000e-02	1.983579133e+01	-1.236311481e-02	1.641826689e-11
-2.240000000e-02	1.983579191e+01	-1.253102454e-02	4.674647179e-11
-2.250000000e-02	1.983579249e+01	-1.269893426e-02	9.123438980e-12
-2.260000000e-02	1.983579307e+01	-1.286684397e-02	2.451529050e-11
-2.270000000e-02	1.983579366e+01	-1.303475367e-02	1.277943460e-11
-2.280000000e-02	1.983579424e+01	-1.320266337e-02	1.628767578e-11
-2.290000000e-02	1.983579483e+01	-1.337057306e-02	8.554844935e-12
-2.300000000e-02	1.983579542e+01	-1.353848274e-02	2.354049133e-11
-2.310000000e-02	1.983579601e+01	-1.370639241e-02	8.467428969e-12
-2.320000000e-02	1.983579660e+01	-1.387430207e-02	6.307607804e-12
-2.330000000e-02	1.983579719e+01	-1.404221172e-02	9.418353613e-12
-2.340000000e-02	1.983579779e+01	-1.421012137e-02	1.119413606e-11
-2.350000000e-02	1.983579838e+01	-1.437803101e-02	1.974231616e-11
-2.360000000e-02	1.983579898e+01	-1.454594064e-02	9.002127151e-12
-2.370000000e-02	1.983579958e+01	-1.471385026e-02	1.904159747e-11
-2.380000000e-02	1.983580018e+01	-1.488175988e-02	1.435190840e-11
-2.390000000e-02	1.983580078e+01	-1.504966948e-02	4.680896248e-11
-2.400000000e-02	1.983580138e+01	-1.521757908e-02	1.672367362e-11
-2.410000000e-02	1.983580198e+01	-1.538548866e-02	1.677516062e-11
-2.420000000e-02	1.983580259e+01	-1.555339824e-02	7.783458659e-12
-2.430000000e-02	1.983580320e+01	-1.572130781e-02	3.345149608e-11
-2.440000000e-02	1.983580381e+01	-1.588921738e-02	3.305899499e-11
-2.450000000e-02	1.983580442e+01	-1.605712693e-02	1.746477057e-11
-2.460000000e-02	1.983580503e+01	-1.622503648e-02	1.909451945e-11
-2.470000000e-02	1.983580564e+01	-1.639294601e-02	3.845565789e-11
-2.480000000e-02	1.983580625e+01	-1.656085554e-02	1.222038190e-11
-2.490000000e-02	1.983580687e+01	-1.672876506e-02	1.054638113e-11
-2.500000000e-02	1.983580748e+01	-1.689667457e-02	1.767122824e-11
-2.510000000e-02	1.983580810e+01	-1.706458407e-02	7.752072564e-12
-2.520000000e-02	1.983580872e+01	-1.723249356e-02	2.665565536e-11
-2.530000000e-02	1.983580934e+01	-1.740040305e-02	5.042702651e-12
-2.540000000e-02	1.983580997e+01	-1.756831252e-02	7.402421284e-12
-2.550000000e-02	1.983581059e+01	-1.773622199e-02	7.708360868e-12
-2.560000000e-02	1.983581122e+01	-1.790413144e-02	1.647129646e-11
-2.570000000e-02	1.983581184e+01	-1.807204089e-02	8.252880851e-12
-2.580000000e-02	1.983581247e+01	-1.823995033e-02	4.923192449e-12
-2.590000000e-02	1.983581310e+01	-1.840785976e-02	1.234202710e-11
-2.600000000e-02	1.983581373e+01	-1.857576918e-02	7.475445795e-12
-2.610000000e-02	1.983581436e+01	-1.874367859e-02	1.842941329e-11
-2.620000000e-02	1.983581500e+01	-1.891158799e-02	1.357640793e-11
-2.630000000e-02	1.983581563e+01	-1.907949738e-02	2.700069631e-11
-2.640000000e-02	1.983581627e+01	-1.924740676e-02	1.546153251e-11
-2.650000000e-02	1.983581691e+01	-1.941531613e-02	1.708062163e-11
-2.660000000e-02	1.983581755e+01	-1.958322550e-02	8.855009294e-12
-2.670000000e-02	1.983581819e+01	-1.975113485e-02	7.063576165e-12
-2.680000000e-02	1.983581883e+01	-1.991904420e-02	2.156318313e-11
-2.690000000e-02	1.983581947e+01	-2.008695354e-02	3.391294352e-11
-2.700000000e-02	1.983582012e+01	-2.025486286e-02	5.615904323e-12
-2.710000000e-02	1.983582077e+01	-2.042277218e-02	1.040717484e-11
-2.720000000e-02	1.983582141e+01	-2.059068148e-02	2.203661523e-11
-2.730000000e-02	1.983582206e+01	-2.075859078e-02	3.781619803e-11
-2.740000000e-02	1.983582271e+01	-2.092650007e-02	1.281110043e-11
-2.750000000e-02	1.983582337e+01	-2.109440935e-02	6.880579263e-12
-2.760000000e-02	1.983582402e+01	-2.126231861e-02	1.262571863e-11
-2.770000000e-02	1.983582467e+01	-2.143022787e-02	1.061119928e-11
-2.780000000e-02	1.983582533e+01	-2.159813712e-02	1.053081635e-11
-2.790000000e-02	1.983582599e+01	-2.176604636e-02	9.054689686e-12
-2.800000000e-02	1.983582665e+01	-2.193395559e-02	1.159079303e-11
-2.810000000e-02	1.983582731e+01	-2.210186481e-02	1.476054935e-11
-2.820000000e-02	1.983582797e+01	-2.226977402e-02	1.908035903e-11
-2.830000000e-02	1.983582863e+01	-2.243768321e-02	1.130562617e-11
-2.840000000e-02	1.983582930e+01	-2.260559240e-02	1.068763999e-11
-2.850000000e-02	1.983582997e+01	-2.277350158e-02	1.865987858e-11
-2.860000000e-02	1.983583063e+01	-2.294141075e-02	4.480953565e-11
-2.870000000e-02	1.983583130e+01	-2.310931991e-02	1.777175716e-11
-2.880000000e-02	1.983583197e+01	-2.327722905e-02	1.357749744e-11
-2.890000000e-02	1.983583265e+01	-2.344513819e-02	1.903404924e-11
-2.900000000e-02	1.983583332e+01	-2.361304732e-02	1.903341733e-11
-2.910000000e-02	1.983583399e+01	-2.378095643e-02	4.485116245e-11
-2.920000000e-02	1.983583467e+01	-2.394886555e-02	2.204803483e-11
-2.930000000e-02	1.983583535e+01	-2.411677464e-02	6.346309029e-11
-2.940000000e-02	1.983583603e+01	-2.428468373e-02	1.095277181e-11
-2.950000000e-02	1.983583671e+01	-2.445259280e-02	2.660967678e-11
-2.960000000e-02	1.983583739e+01	-2.462050187e-02	7.493950678e-12
-2.970000000e-02	1.983583807e+01	-2.478841092e-02	9.662758178e-12
-2.980000000e-02	1.983583876e+01	-2.495631997e-02	9.270113860e-12
-2.990000000e-02	1.983583944e+01	-2.512422900e-02	3.104390807e-11
-3.000000000e-02	1.983584013e+01	-2.529213802e-02	8.182180699e-12
