# Im(epsi1)     Re(Lambda)      Im(Lambda)      Eq(det).Opt det SIN kz, R=0.5 \mum, Re(epsi1)=4.90solve_det_sinkz_vs_mu.py
0.000000000e+00	1.893047245e+01	2.205812842e-02	1.223958474e-11
-1.000000000e-04	1.893047269e+01	2.189783352e-02	1.468447250e-11
-2.000000000e-04	1.893047293e+01	2.173753862e-02	9.624797729e-12
-3.000000000e-04	1.893047318e+01	2.157724371e-02	2.169682356e-11
-4.000000000e-04	1.893047342e+01	2.141694881e-02	8.615908392e-12
-5.000000000e-04	1.893047367e+01	2.125665390e-02	2.102378711e-11
-6.000000000e-04	1.893047391e+01	2.109635900e-02	1.080250622e-11
-7.000000000e-04	1.893047416e+01	2.093606410e-02	1.297415297e-11
-8.000000000e-04	1.893047441e+01	2.077576920e-02	1.407698891e-11
-9.000000000e-04	1.893047466e+01	2.061547430e-02	6.682579947e-12
-1.000000000e-03	1.893047492e+01	2.045517939e-02	6.815063309e-12
-1.100000000e-03	1.893047517e+01	2.029488449e-02	1.937081116e-11
-1.200000000e-03	1.893047543e+01	2.013458959e-02	4.217314063e-11
-1.300000000e-03	1.893047568e+01	1.997429469e-02	5.057273322e-12
-1.400000000e-03	1.893047594e+01	1.981399979e-02	1.233733451e-11
-1.500000000e-03	1.893047620e+01	1.965370489e-02	8.138412409e-12
-1.600000000e-03	1.893047646e+01	1.949340999e-02	9.944237663e-12
-1.700000000e-03	1.893047672e+01	1.933311509e-02	1.089697798e-11
-1.800000000e-03	1.893047699e+01	1.917282019e-02	1.098912589e-11
-1.900000000e-03	1.893047725e+01	1.901252529e-02	9.569200528e-12
-2.000000000e-03	1.893047752e+01	1.885223039e-02	9.719479555e-12
-2.100000000e-03	1.893047779e+01	1.869193550e-02	1.406262604e-11
-2.200000000e-03	1.893047805e+01	1.853164060e-02	9.598385768e-12
-2.300000000e-03	1.893047832e+01	1.837134570e-02	1.246299146e-11
-2.400000000e-03	1.893047860e+01	1.821105081e-02	1.002333695e-11
-2.500000000e-03	1.893047887e+01	1.805075591e-02	1.136267913e-11
-2.600000000e-03	1.893047914e+01	1.789046102e-02	2.294620032e-11
-2.700000000e-03	1.893047942e+01	1.773016613e-02	5.972814743e-12
-2.800000000e-03	1.893047970e+01	1.756987123e-02	1.129927847e-11
-2.900000000e-03	1.893047998e+01	1.740957634e-02	3.859518431e-11
-3.000000000e-03	1.893048026e+01	1.724928145e-02	1.140247389e-11
-3.100000000e-03	1.893048054e+01	1.708898656e-02	6.289351035e-12
-3.200000000e-03	1.893048082e+01	1.692869167e-02	1.648732362e-11
-3.300000000e-03	1.893048110e+01	1.676839679e-02	9.078247434e-12
-3.400000000e-03	1.893048139e+01	1.660810190e-02	1.410015041e-11
-3.500000000e-03	1.893048167e+01	1.644780701e-02	1.859499807e-11
-3.600000000e-03	1.893048196e+01	1.628751213e-02	1.549286728e-11
-3.700000000e-03	1.893048225e+01	1.612721725e-02	9.416233368e-12
-3.800000000e-03	1.893048254e+01	1.596692236e-02	1.058283951e-11
-3.900000000e-03	1.893048283e+01	1.580662748e-02	2.820617955e-11
-4.000000000e-03	1.893048313e+01	1.564633260e-02	1.593721471e-11
-4.100000000e-03	1.893048342e+01	1.548603772e-02	5.424903055e-11
-4.200000000e-03	1.893048372e+01	1.532574285e-02	5.597420543e-12
-4.300000000e-03	1.893048402e+01	1.516544797e-02	6.693285862e-12
-4.400000000e-03	1.893048431e+01	1.500515310e-02	2.362373602e-11
-4.500000000e-03	1.893048462e+01	1.484485823e-02	2.290570804e-11
-4.600000000e-03	1.893048492e+01	1.468456336e-02	1.308143835e-11
-4.700000000e-03	1.893048522e+01	1.452426849e-02	1.628064131e-11
-4.800000000e-03	1.893048552e+01	1.436397362e-02	1.293703128e-11
-4.900000000e-03	1.893048583e+01	1.420367875e-02	2.255749703e-11
-5.000000000e-03	1.893048614e+01	1.404338389e-02	1.127164389e-11
-5.100000000e-03	1.893048644e+01	1.388308902e-02	1.003613699e-11
-5.200000000e-03	1.893048675e+01	1.372279416e-02	1.202604129e-11
-5.300000000e-03	1.893048706e+01	1.356249930e-02	8.035825970e-12
-5.400000000e-03	1.893048738e+01	1.340220444e-02	8.659210839e-12
-5.500000000e-03	1.893048769e+01	1.324190959e-02	6.152835343e-12
-5.600000000e-03	1.893048801e+01	1.308161473e-02	6.658093975e-12
-5.700000000e-03	1.893048832e+01	1.292131988e-02	9.720848481e-12
-5.800000000e-03	1.893048864e+01	1.276102503e-02	5.415005810e-12
-5.900000000e-03	1.893048896e+01	1.260073018e-02	4.497912694e-11
-6.000000000e-03	1.893048928e+01	1.244043533e-02	1.141167182e-11
-6.100000000e-03	1.893048960e+01	1.228014049e-02	2.154635626e-11
-6.200000000e-03	1.893048992e+01	1.211984564e-02	8.673325921e-12
-6.300000000e-03	1.893049025e+01	1.195955080e-02	1.451240168e-11
-6.400000000e-03	1.893049057e+01	1.179925596e-02	1.418247049e-11
-6.500000000e-03	1.893049090e+01	1.163896112e-02	1.192835719e-11
-6.600000000e-03	1.893049123e+01	1.147866629e-02	1.348086007e-11
-6.700000000e-03	1.893049156e+01	1.131837145e-02	6.580763159e-11
-6.800000000e-03	1.893049189e+01	1.115807663e-02	1.078756266e-11
-6.900000000e-03	1.893049222e+01	1.099778180e-02	1.048247145e-11
-7.000000000e-03	1.893049256e+01	1.083748697e-02	2.992051756e-11
-7.100000000e-03	1.893049289e+01	1.067719215e-02	1.847444957e-11
-7.200000000e-03	1.893049323e+01	1.051689733e-02	1.881831567e-11
-7.300000000e-03	1.893049357e+01	1.035660251e-02	1.529369378e-11
-7.400000000e-03	1.893049391e+01	1.019630769e-02	9.935087578e-12
-7.500000000e-03	1.893049425e+01	1.003601288e-02	1.659832177e-11
-7.600000000e-03	1.893049459e+01	9.875718066e-03	8.356588490e-12
-7.700000000e-03	1.893049493e+01	9.715423258e-03	9.146673106e-12
-7.800000000e-03	1.893049528e+01	9.555128451e-03	1.479793534e-11
-7.900000000e-03	1.893049563e+01	9.394833648e-03	1.715513135e-11
-8.000000000e-03	1.893049597e+01	9.234538847e-03	1.242655620e-11
-8.100000000e-03	1.893049632e+01	9.074244047e-03	1.289041855e-11
-8.200000000e-03	1.893049667e+01	8.913949251e-03	2.667976000e-11
-8.300000000e-03	1.893049702e+01	8.753654457e-03	1.591388512e-11
-8.400000000e-03	1.893049738e+01	8.593359668e-03	1.168691060e-11
-8.500000000e-03	1.893049773e+01	8.433064883e-03	3.108774793e-11
-8.600000000e-03	1.893049809e+01	8.272770097e-03	3.717480389e-11
-8.700000000e-03	1.893049844e+01	8.112475313e-03	1.089683343e-11
-8.800000000e-03	1.893049880e+01	7.952180534e-03	1.910165099e-11
-8.900000000e-03	1.893049916e+01	7.791885759e-03	1.602439263e-11
-9.000000000e-03	1.893049952e+01	7.631590986e-03	1.725857186e-11
-9.100000000e-03	1.893049988e+01	7.471296216e-03	1.081713778e-11
-9.200000000e-03	1.893050025e+01	7.311001448e-03	7.188498858e-12
-9.300000000e-03	1.893050061e+01	7.150706685e-03	2.846781897e-11
-9.400000000e-03	1.893050098e+01	6.990411924e-03	1.070703215e-11
-9.500000000e-03	1.893050135e+01	6.830117164e-03	7.079723975e-12
-9.600000000e-03	1.893050172e+01	6.669822410e-03	9.906988631e-12
-9.700000000e-03	1.893050209e+01	6.509527660e-03	1.145395011e-11
-9.800000000e-03	1.893050246e+01	6.349232913e-03	3.706615583e-11
-9.900000000e-03	1.893050283e+01	6.188938167e-03	2.418982404e-11
-1.000000000e-02	1.893050321e+01	6.028643424e-03	8.550477190e-12
-1.010000000e-02	1.893050358e+01	5.868348686e-03	5.218909925e-12
-1.020000000e-02	1.893050396e+01	5.708053951e-03	8.271893661e-12
-1.030000000e-02	1.893050434e+01	5.547759220e-03	1.046783631e-11
-1.040000000e-02	1.893050472e+01	5.387464492e-03	2.285616803e-11
-1.050000000e-02	1.893050510e+01	5.227169766e-03	3.119680724e-11
-1.060000000e-02	1.893050548e+01	5.066875046e-03	1.152908950e-11
-1.070000000e-02	1.893050587e+01	4.906580327e-03	9.152040320e-12
-1.080000000e-02	1.893050625e+01	4.746285613e-03	1.916541283e-11
-1.090000000e-02	1.893050664e+01	4.585990904e-03	1.496399291e-11
-1.100000000e-02	1.893050703e+01	4.425696197e-03	8.152984313e-12
-1.110000000e-02	1.893050742e+01	4.265401494e-03	7.297827098e-12
-1.120000000e-02	1.893050781e+01	4.105106795e-03	2.242657174e-11
-1.130000000e-02	1.893050820e+01	3.944812101e-03	2.696744239e-11
-1.140000000e-02	1.893050859e+01	3.784517407e-03	8.973240467e-12
-1.150000000e-02	1.893050899e+01	3.624222719e-03	7.048131183e-12
-1.160000000e-02	1.893050939e+01	3.463928035e-03	7.964990448e-12
-1.170000000e-02	1.893050978e+01	3.303633355e-03	1.159172401e-11
-1.180000000e-02	1.893051018e+01	3.143338680e-03	1.771722945e-11
-1.190000000e-02	1.893051058e+01	2.983044005e-03	1.488761734e-11
-1.200000000e-02	1.893051098e+01	2.822749339e-03	9.214851624e-12
-1.210000000e-02	1.893051139e+01	2.662454674e-03	6.588004755e-12
-1.220000000e-02	1.893051179e+01	2.502160012e-03	3.345426852e-11
-1.230000000e-02	1.893051220e+01	2.341865357e-03	6.619415633e-12
-1.240000000e-02	1.893051260e+01	2.181570706e-03	1.450545044e-11
-1.250000000e-02	1.893051301e+01	2.021276056e-03	3.027211732e-11
-1.260000000e-02	1.893051342e+01	1.860981415e-03	1.301377233e-11
-1.270000000e-02	1.893051383e+01	1.700686775e-03	1.503971173e-11
-1.280000000e-02	1.893051425e+01	1.540392140e-03	1.313430822e-11
-1.290000000e-02	1.893051466e+01	1.380097508e-03	1.485625300e-11
-1.300000000e-02	1.893051508e+01	1.219802883e-03	1.631958385e-11
-1.310000000e-02	1.893051549e+01	1.059508261e-03	1.897131449e-11
-1.320000000e-02	1.893051591e+01	8.992136384e-04	5.583162352e-11
-1.330000000e-02	1.893051633e+01	7.389190269e-04	2.239943398e-11
-1.340000000e-02	1.893051675e+01	5.786244196e-04	9.584846690e-12
-1.350000000e-02	1.893051717e+01	4.183298151e-04	2.117099399e-11
-1.360000000e-02	1.893051760e+01	2.580352166e-04	2.409318737e-11
-1.370000000e-02	1.893051802e+01	9.774061959e-05	1.009400645e-11
-1.380000000e-02	1.893051845e+01	-6.255397057e-05	1.751935810e-11
-1.390000000e-02	1.893051887e+01	-2.228485573e-04	1.887344487e-11
-1.400000000e-02	1.893051930e+01	-3.831431372e-04	1.634065739e-11
-1.410000000e-02	1.893051973e+01	-5.434377138e-04	6.551491342e-12
-1.420000000e-02	1.893052016e+01	-7.037322864e-04	1.077594462e-11
-1.430000000e-02	1.893052060e+01	-8.640268522e-04	1.326414041e-11
-1.440000000e-02	1.893052103e+01	-1.024321415e-03	2.203422336e-11
-1.450000000e-02	1.893052147e+01	-1.184615972e-03	1.239112582e-11
-1.460000000e-02	1.893052190e+01	-1.344910526e-03	1.383862211e-11
-1.470000000e-02	1.893052234e+01	-1.505205072e-03	1.109096056e-11
-1.480000000e-02	1.893052278e+01	-1.665499617e-03	2.246661495e-11
-1.490000000e-02	1.893052322e+01	-1.825794154e-03	1.047113322e-11
-1.500000000e-02	1.893052366e+01	-1.986088686e-03	1.143652096e-11
-1.510000000e-02	1.893052411e+01	-2.146383214e-03	9.153453231e-12
-1.520000000e-02	1.893052455e+01	-2.306677737e-03	1.007079340e-11
-1.530000000e-02	1.893052500e+01	-2.466972253e-03	1.008850371e-11
-1.540000000e-02	1.893052545e+01	-2.627266765e-03	1.782910468e-11
-1.550000000e-02	1.893052590e+01	-2.787561273e-03	8.499222387e-12
-1.560000000e-02	1.893052635e+01	-2.947855773e-03	3.167135046e-11
-1.570000000e-02	1.893052680e+01	-3.108150271e-03	2.158036715e-11
-1.580000000e-02	1.893052725e+01	-3.268444766e-03	5.431564739e-11
-1.590000000e-02	1.893052771e+01	-3.428739250e-03	1.182717917e-11
-1.600000000e-02	1.893052816e+01	-3.589033731e-03	2.045116411e-11
-1.610000000e-02	1.893052862e+01	-3.749328204e-03	6.468355562e-12
-1.620000000e-02	1.893052908e+01	-3.909622675e-03	8.629026667e-12
-1.630000000e-02	1.893052954e+01	-4.069917138e-03	1.051472851e-11
-1.640000000e-02	1.893053000e+01	-4.230211598e-03	1.208946966e-11
-1.650000000e-02	1.893053046e+01	-4.390506049e-03	2.680106054e-11
-1.660000000e-02	1.893053093e+01	-4.550800497e-03	2.459862856e-11
-1.670000000e-02	1.893053139e+01	-4.711094940e-03	1.027877243e-11
-1.680000000e-02	1.893053186e+01	-4.871389378e-03	2.021375124e-11
-1.690000000e-02	1.893053233e+01	-5.031683809e-03	1.596104377e-11
-1.700000000e-02	1.893053280e+01	-5.191978233e-03	7.385611377e-12
-1.710000000e-02	1.893053327e+01	-5.352272653e-03	9.932410337e-12
-1.720000000e-02	1.893053374e+01	-5.512567066e-03	7.820080282e-12
-1.730000000e-02	1.893053421e+01	-5.672861474e-03	1.618117090e-11
-1.740000000e-02	1.893053469e+01	-5.833155876e-03	9.908811835e-12
-1.750000000e-02	1.893053516e+01	-5.993450271e-03	1.409509446e-11
-1.760000000e-02	1.893053564e+01	-6.153744662e-03	6.319365488e-12
-1.770000000e-02	1.893053612e+01	-6.314039047e-03	1.411562563e-11
-1.780000000e-02	1.893053660e+01	-6.474333424e-03	1.099091568e-11
-1.790000000e-02	1.893053708e+01	-6.634627796e-03	9.615322970e-12
-1.800000000e-02	1.893053756e+01	-6.794922164e-03	9.025121274e-12
-1.810000000e-02	1.893053805e+01	-6.955216523e-03	9.754304971e-12
-1.820000000e-02	1.893053853e+01	-7.115510878e-03	1.173206235e-11
-1.830000000e-02	1.893053902e+01	-7.275805224e-03	2.167836601e-11
-1.840000000e-02	1.893053951e+01	-7.436099566e-03	6.309276415e-12
-1.850000000e-02	1.893054000e+01	-7.596393903e-03	9.612355869e-12
-1.860000000e-02	1.893054049e+01	-7.756688230e-03	3.308740211e-11
-1.870000000e-02	1.893054098e+01	-7.916982555e-03	5.253502944e-12
-1.880000000e-02	1.893054148e+01	-8.077276871e-03	7.009027022e-12
-1.890000000e-02	1.893054197e+01	-8.237571181e-03	1.806717753e-11
-1.900000000e-02	1.893054247e+01	-8.397865486e-03	9.653727240e-12
-1.910000000e-02	1.893054297e+01	-8.558159787e-03	5.809525635e-11
-1.920000000e-02	1.893054346e+01	-8.718454075e-03	1.968581139e-11
-1.930000000e-02	1.893054397e+01	-8.878748357e-03	3.348730778e-11
-1.940000000e-02	1.893054447e+01	-9.039042635e-03	2.911554072e-11
-1.950000000e-02	1.893054497e+01	-9.199336908e-03	1.309540568e-11
-1.960000000e-02	1.893054547e+01	-9.359631172e-03	9.346766520e-12
-1.970000000e-02	1.893054598e+01	-9.519925430e-03	2.433336607e-11
-1.980000000e-02	1.893054649e+01	-9.680219682e-03	1.137623343e-11
-1.990000000e-02	1.893054700e+01	-9.840513927e-03	1.270756844e-11
-2.000000000e-02	1.893054751e+01	-1.000080817e-02	7.476310634e-12
-2.010000000e-02	1.893054802e+01	-1.016110240e-02	1.108375633e-11
-2.020000000e-02	1.893054853e+01	-1.032139662e-02	1.030834007e-11
-2.030000000e-02	1.893054905e+01	-1.048169084e-02	1.428242146e-11
-2.040000000e-02	1.893054956e+01	-1.064198505e-02	4.218930067e-11
-2.050000000e-02	1.893055008e+01	-1.080227925e-02	9.184954957e-12
-2.060000000e-02	1.893055060e+01	-1.096257345e-02	9.038600897e-12
-2.070000000e-02	1.893055111e+01	-1.112286764e-02	1.035835393e-11
-2.080000000e-02	1.893055164e+01	-1.128316182e-02	5.533502783e-12
-2.090000000e-02	1.893055216e+01	-1.144345600e-02	9.307752018e-12
-2.100000000e-02	1.893055268e+01	-1.160375017e-02	1.445233455e-11
-2.110000000e-02	1.893055321e+01	-1.176404433e-02	6.985407946e-12
-2.120000000e-02	1.893055373e+01	-1.192433848e-02	1.955577943e-11
-2.130000000e-02	1.893055426e+01	-1.208463263e-02	8.112723084e-12
-2.140000000e-02	1.893055479e+01	-1.224492677e-02	1.276526069e-11
-2.150000000e-02	1.893055532e+01	-1.240522091e-02	2.208058041e-11
-2.160000000e-02	1.893055585e+01	-1.256551503e-02	9.984055060e-12
-2.170000000e-02	1.893055638e+01	-1.272580915e-02	8.393435836e-12
-2.180000000e-02	1.893055692e+01	-1.288610326e-02	1.124712932e-11
-2.190000000e-02	1.893055745e+01	-1.304639737e-02	1.273247806e-11
-2.200000000e-02	1.893055799e+01	-1.320669146e-02	2.935783179e-11
-2.210000000e-02	1.893055853e+01	-1.336698555e-02	7.657528461e-12
-2.220000000e-02	1.893055907e+01	-1.352727963e-02	5.487574111e-11
-2.230000000e-02	1.893055961e+01	-1.368757371e-02	1.126508803e-11
-2.240000000e-02	1.893056015e+01	-1.384786777e-02	1.647811456e-11
-2.250000000e-02	1.893056070e+01	-1.400816183e-02	9.912822986e-12
-2.260000000e-02	1.893056124e+01	-1.416845588e-02	1.389798479e-11
-2.270000000e-02	1.893056179e+01	-1.432874992e-02	2.664006351e-11
-2.280000000e-02	1.893056234e+01	-1.448904396e-02	1.598954120e-11
-2.290000000e-02	1.893056289e+01	-1.464933799e-02	1.462921630e-11
-2.300000000e-02	1.893056344e+01	-1.480963201e-02	6.098753067e-12
-2.310000000e-02	1.893056399e+01	-1.496992602e-02	9.562929233e-12
-2.320000000e-02	1.893056454e+01	-1.513022003e-02	1.231480758e-11
-2.330000000e-02	1.893056510e+01	-1.529051403e-02	1.676117654e-11
-2.340000000e-02	1.893056565e+01	-1.545080801e-02	1.146619833e-11
-2.350000000e-02	1.893056621e+01	-1.561110199e-02	1.112783090e-11
-2.360000000e-02	1.893056677e+01	-1.577139596e-02	3.448530144e-11
-2.370000000e-02	1.893056733e+01	-1.593168993e-02	1.402427515e-11
-2.380000000e-02	1.893056789e+01	-1.609198389e-02	1.051617667e-11
-2.390000000e-02	1.893056845e+01	-1.625227784e-02	3.491496357e-11
-2.400000000e-02	1.893056902e+01	-1.641257178e-02	9.145916480e-12
-2.410000000e-02	1.893056958e+01	-1.657286571e-02	8.039528532e-12
-2.420000000e-02	1.893057015e+01	-1.673315964e-02	1.006248556e-11
-2.430000000e-02	1.893057072e+01	-1.689345355e-02	9.956970871e-12
-2.440000000e-02	1.893057129e+01	-1.705374746e-02	1.502625038e-11
-2.450000000e-02	1.893057186e+01	-1.721404136e-02	1.668853137e-11
-2.460000000e-02	1.893057243e+01	-1.737433525e-02	1.031026753e-11
-2.470000000e-02	1.893057301e+01	-1.753462913e-02	2.513724654e-11
-2.480000000e-02	1.893057358e+01	-1.769492301e-02	5.938699401e-12
-2.490000000e-02	1.893057416e+01	-1.785521688e-02	1.113690459e-11
-2.500000000e-02	1.893057473e+01	-1.801551073e-02	1.392408015e-11
-2.510000000e-02	1.893057531e+01	-1.817580458e-02	1.691988959e-11
-2.520000000e-02	1.893057589e+01	-1.833609843e-02	2.788634140e-11
-2.530000000e-02	1.893057648e+01	-1.849639226e-02	1.679362629e-11
-2.540000000e-02	1.893057706e+01	-1.865668608e-02	1.156870696e-11
-2.550000000e-02	1.893057764e+01	-1.881697990e-02	1.821686937e-11
-2.560000000e-02	1.893057823e+01	-1.897727370e-02	9.811224533e-12
-2.570000000e-02	1.893057882e+01	-1.913756750e-02	2.063623642e-11
-2.580000000e-02	1.893057940e+01	-1.929786129e-02	1.246726890e-11
-2.590000000e-02	1.893057999e+01	-1.945815507e-02	5.340161401e-11
-2.600000000e-02	1.893058059e+01	-1.961844884e-02	1.184510989e-11
-2.610000000e-02	1.893058118e+01	-1.977874261e-02	9.583360734e-12
-2.620000000e-02	1.893058177e+01	-1.993903636e-02	5.635202375e-11
-2.630000000e-02	1.893058237e+01	-2.009933010e-02	6.665325364e-12
-2.640000000e-02	1.893058296e+01	-2.025962384e-02	1.977579306e-11
-2.650000000e-02	1.893058356e+01	-2.041991757e-02	1.757369146e-11
-2.660000000e-02	1.893058416e+01	-2.058021129e-02	2.406972065e-11
-2.670000000e-02	1.893058476e+01	-2.074050499e-02	1.275010776e-11
-2.680000000e-02	1.893058536e+01	-2.090079870e-02	6.341849931e-12
-2.690000000e-02	1.893058597e+01	-2.106109239e-02	1.208967805e-11
-2.700000000e-02	1.893058657e+01	-2.122138607e-02	2.660670787e-11
-2.710000000e-02	1.893058718e+01	-2.138167974e-02	2.535742006e-11
-2.720000000e-02	1.893058779e+01	-2.154197340e-02	1.915164584e-11
-2.730000000e-02	1.893058840e+01	-2.170226706e-02	6.745533074e-12
-2.740000000e-02	1.893058901e+01	-2.186256070e-02	9.565820066e-12
-2.750000000e-02	1.893058962e+01	-2.202285434e-02	1.409472204e-11
-2.760000000e-02	1.893059023e+01	-2.218314797e-02	2.072592887e-11
-2.770000000e-02	1.893059084e+01	-2.234344158e-02	1.053340427e-11
-2.780000000e-02	1.893059146e+01	-2.250373519e-02	1.251277055e-11
-2.790000000e-02	1.893059208e+01	-2.266402879e-02	1.467977268e-11
-2.800000000e-02	1.893059270e+01	-2.282432238e-02	1.481657251e-11
-2.810000000e-02	1.893059332e+01	-2.298461595e-02	5.890060566e-11
-2.820000000e-02	1.893059394e+01	-2.314490953e-02	1.234815334e-11
-2.830000000e-02	1.893059456e+01	-2.330520309e-02	2.364237865e-11
-2.840000000e-02	1.893059518e+01	-2.346549664e-02	2.103428179e-11
-2.850000000e-02	1.893059581e+01	-2.362579018e-02	9.624878376e-12
-2.860000000e-02	1.893059643e+01	-2.378608371e-02	6.251796542e-12
-2.870000000e-02	1.893059706e+01	-2.394637723e-02	1.151304020e-11
-2.880000000e-02	1.893059769e+01	-2.410667075e-02	1.106987071e-11
-2.890000000e-02	1.893059832e+01	-2.426696425e-02	1.197685074e-11
-2.900000000e-02	1.893059895e+01	-2.442725774e-02	3.385447294e-11
-2.910000000e-02	1.893059959e+01	-2.458755122e-02	3.092625818e-11
-2.920000000e-02	1.893060022e+01	-2.474784470e-02	6.145054736e-11
-2.930000000e-02	1.893060086e+01	-2.490813816e-02	1.264673107e-11
-2.940000000e-02	1.893060149e+01	-2.506843161e-02	9.259955515e-12
-2.950000000e-02	1.893060213e+01	-2.522872505e-02	2.480180706e-11
-2.960000000e-02	1.893060277e+01	-2.538901848e-02	8.071896342e-12
-2.970000000e-02	1.893060341e+01	-2.554931191e-02	1.397762717e-11
-2.980000000e-02	1.893060406e+01	-2.570960532e-02	1.198402988e-11
-2.990000000e-02	1.893060470e+01	-2.586989872e-02	6.606379544e-12
-3.000000000e-02	1.893060535e+01	-2.603019211e-02	1.106156802e-11
