# Im(epsi1)     Re(Lambda)      Im(Lambda)      Eq(det).Opt det SIN kz, R=0.5 \mum, Re(epsi1)=4.90solve_det_sinkz_vs_mu.py
0.000000000e+00	2.202168939e+01	3.369110351e-02	1.786226650e-11
-1.000000000e-04	2.202168971e+01	3.350481792e-02	3.203286180e-11
-2.000000000e-04	2.202169004e+01	3.331853233e-02	6.563142508e-12
-3.000000000e-04	2.202169037e+01	3.313224674e-02	1.308574230e-11
-4.000000000e-04	2.202169069e+01	3.294596115e-02	2.033520304e-11
-5.000000000e-04	2.202169102e+01	3.275967556e-02	2.731351688e-11
-6.000000000e-04	2.202169135e+01	3.257338997e-02	2.399508330e-11
-7.000000000e-04	2.202169169e+01	3.238710438e-02	2.577395138e-11
-8.000000000e-04	2.202169202e+01	3.220081879e-02	1.052463607e-11
-9.000000000e-04	2.202169236e+01	3.201453320e-02	9.227387712e-12
-1.000000000e-03	2.202169269e+01	3.182824761e-02	2.138069546e-11
-1.100000000e-03	2.202169303e+01	3.164196202e-02	6.530282115e-12
-1.200000000e-03	2.202169337e+01	3.145567643e-02	5.435628441e-11
-1.300000000e-03	2.202169371e+01	3.126939084e-02	1.211652133e-11
-1.400000000e-03	2.202169406e+01	3.108310525e-02	2.720780464e-11
-1.500000000e-03	2.202169440e+01	3.089681967e-02	1.893973877e-11
-1.600000000e-03	2.202169475e+01	3.071053408e-02	5.920577510e-11
-1.700000000e-03	2.202169510e+01	3.052424849e-02	1.669539198e-11
-1.800000000e-03	2.202169545e+01	3.033796290e-02	1.166833432e-11
-1.900000000e-03	2.202169580e+01	3.015167732e-02	1.771677463e-11
-2.000000000e-03	2.202169615e+01	2.996539173e-02	2.387501724e-11
-2.100000000e-03	2.202169651e+01	2.977910615e-02	1.494906307e-11
-2.200000000e-03	2.202169686e+01	2.959282056e-02	1.023933942e-11
-2.300000000e-03	2.202169722e+01	2.940653498e-02	8.702338130e-12
-2.400000000e-03	2.202169758e+01	2.922024940e-02	7.640839462e-12
-2.500000000e-03	2.202169794e+01	2.903396381e-02	1.439562010e-11
-2.600000000e-03	2.202169830e+01	2.884767823e-02	1.289647286e-11
-2.700000000e-03	2.202169867e+01	2.866139265e-02	1.204829321e-11
-2.800000000e-03	2.202169903e+01	2.847510707e-02	5.303416873e-11
-2.900000000e-03	2.202169940e+01	2.828882149e-02	6.444218112e-12
-3.000000000e-03	2.202169977e+01	2.810253592e-02	2.898661588e-11
-3.100000000e-03	2.202170014e+01	2.791625034e-02	8.360373645e-12
-3.200000000e-03	2.202170051e+01	2.772996476e-02	2.242424418e-11
-3.300000000e-03	2.202170089e+01	2.754367919e-02	7.343399181e-12
-3.400000000e-03	2.202170126e+01	2.735739362e-02	1.666138708e-11
-3.500000000e-03	2.202170164e+01	2.717110804e-02	1.172701951e-11
-3.600000000e-03	2.202170202e+01	2.698482247e-02	1.617486057e-11
-3.700000000e-03	2.202170240e+01	2.679853690e-02	2.990386307e-11
-3.800000000e-03	2.202170278e+01	2.661225133e-02	1.782734175e-11
-3.900000000e-03	2.202170316e+01	2.642596577e-02	9.068509554e-12
-4.000000000e-03	2.202170354e+01	2.623968020e-02	1.839717235e-11
-4.100000000e-03	2.202170393e+01	2.605339464e-02	7.681789389e-12
-4.200000000e-03	2.202170432e+01	2.586710907e-02	8.395926073e-12
-4.300000000e-03	2.202170471e+01	2.568082351e-02	2.178617658e-11
-4.400000000e-03	2.202170510e+01	2.549453795e-02	1.061429087e-11
-4.500000000e-03	2.202170549e+01	2.530825239e-02	2.003248478e-11
-4.600000000e-03	2.202170589e+01	2.512196684e-02	2.324158092e-11
-4.700000000e-03	2.202170628e+01	2.493568128e-02	1.951718606e-11
-4.800000000e-03	2.202170668e+01	2.474939573e-02	1.654693235e-11
-4.900000000e-03	2.202170708e+01	2.456311018e-02	1.036778988e-11
-5.000000000e-03	2.202170748e+01	2.437682463e-02	1.451137149e-11
-5.100000000e-03	2.202170788e+01	2.419053908e-02	5.908028459e-12
-5.200000000e-03	2.202170828e+01	2.400425353e-02	1.204289317e-11
-5.300000000e-03	2.202170869e+01	2.381796799e-02	1.106567718e-11
-5.400000000e-03	2.202170909e+01	2.363168245e-02	3.111388775e-11
-5.500000000e-03	2.202170950e+01	2.344539691e-02	1.204219274e-11
-5.600000000e-03	2.202170991e+01	2.325911137e-02	4.862596290e-12
-5.700000000e-03	2.202171032e+01	2.307282583e-02	2.113794885e-11
-5.800000000e-03	2.202171074e+01	2.288654030e-02	1.208826278e-11
-5.900000000e-03	2.202171115e+01	2.270025476e-02	6.930277522e-11
-6.000000000e-03	2.202171157e+01	2.251396923e-02	4.604598473e-11
-6.100000000e-03	2.202171198e+01	2.232768371e-02	2.759862262e-11
-6.200000000e-03	2.202171240e+01	2.214139818e-02	1.557865043e-11
-6.300000000e-03	2.202171282e+01	2.195511266e-02	9.456009399e-12
-6.400000000e-03	2.202171325e+01	2.176882714e-02	1.683551014e-11
-6.500000000e-03	2.202171367e+01	2.158254162e-02	9.394199831e-12
-6.600000000e-03	2.202171409e+01	2.139625610e-02	7.847232769e-12
-6.700000000e-03	2.202171452e+01	2.120997059e-02	2.854976254e-11
-6.800000000e-03	2.202171495e+01	2.102368508e-02	9.293811284e-12
-6.900000000e-03	2.202171538e+01	2.083739957e-02	1.404349793e-11
-7.000000000e-03	2.202171581e+01	2.065111407e-02	4.489893204e-11
-7.100000000e-03	2.202171625e+01	2.046482856e-02	1.464134690e-11
-7.200000000e-03	2.202171668e+01	2.027854306e-02	1.105188749e-11
-7.300000000e-03	2.202171712e+01	2.009225756e-02	2.009259033e-11
-7.400000000e-03	2.202171755e+01	1.990597207e-02	1.073295042e-11
-7.500000000e-03	2.202171799e+01	1.971968657e-02	5.854391100e-12
-7.600000000e-03	2.202171844e+01	1.953340108e-02	6.253523730e-12
-7.700000000e-03	2.202171888e+01	1.934711560e-02	1.104696821e-11
-7.800000000e-03	2.202171932e+01	1.916083011e-02	7.909081851e-12
-7.900000000e-03	2.202171977e+01	1.897454463e-02	1.002080043e-11
-8.000000000e-03	2.202172022e+01	1.878825915e-02	1.565909136e-11
-8.100000000e-03	2.202172066e+01	1.860197368e-02	1.127397332e-11
-8.200000000e-03	2.202172112e+01	1.841568821e-02	4.297614300e-11
-8.300000000e-03	2.202172157e+01	1.822940274e-02	2.955546086e-11
-8.400000000e-03	2.202172202e+01	1.804311727e-02	1.238627318e-11
-8.500000000e-03	2.202172248e+01	1.785683181e-02	2.221246591e-11
-8.600000000e-03	2.202172293e+01	1.767054635e-02	1.730212270e-11
-8.700000000e-03	2.202172339e+01	1.748426089e-02	9.111498699e-12
-8.800000000e-03	2.202172385e+01	1.729797544e-02	1.426753332e-11
-8.900000000e-03	2.202172431e+01	1.711168999e-02	1.236608253e-11
-9.000000000e-03	2.202172478e+01	1.692540455e-02	1.426544216e-11
-9.100000000e-03	2.202172524e+01	1.673911910e-02	1.920892659e-11
-9.200000000e-03	2.202172571e+01	1.655283367e-02	2.996628246e-11
-9.300000000e-03	2.202172618e+01	1.636654823e-02	1.747919861e-11
-9.400000000e-03	2.202172665e+01	1.618026280e-02	3.916811229e-11
-9.500000000e-03	2.202172712e+01	1.599397737e-02	6.747264481e-12
-9.600000000e-03	2.202172759e+01	1.580769194e-02	1.303945156e-11
-9.700000000e-03	2.202172806e+01	1.562140652e-02	9.675705095e-12
-9.800000000e-03	2.202172854e+01	1.543512110e-02	2.688970487e-11
-9.900000000e-03	2.202172902e+01	1.524883569e-02	1.115438946e-11
-1.000000000e-02	2.202172950e+01	1.506255028e-02	2.513217858e-11
-1.010000000e-02	2.202172998e+01	1.487626487e-02	1.810225546e-11
-1.020000000e-02	2.202173046e+01	1.468997947e-02	4.811407444e-12
-1.030000000e-02	2.202173094e+01	1.450369407e-02	1.234248867e-11
-1.040000000e-02	2.202173143e+01	1.431740867e-02	1.682938675e-11
-1.050000000e-02	2.202173191e+01	1.413112328e-02	5.395260328e-11
-1.060000000e-02	2.202173240e+01	1.394483790e-02	1.182322229e-11
-1.070000000e-02	2.202173289e+01	1.375855251e-02	1.772516449e-11
-1.080000000e-02	2.202173338e+01	1.357226714e-02	2.280823950e-11
-1.090000000e-02	2.202173388e+01	1.338598176e-02	2.462751398e-11
-1.100000000e-02	2.202173437e+01	1.319969639e-02	3.369295192e-11
-1.110000000e-02	2.202173487e+01	1.301341102e-02	2.530373807e-11
-1.120000000e-02	2.202173536e+01	1.282712566e-02	1.039556330e-11
-1.130000000e-02	2.202173586e+01	1.264084030e-02	9.947312712e-12
-1.140000000e-02	2.202173637e+01	1.245455495e-02	9.344203289e-12
-1.150000000e-02	2.202173687e+01	1.226826960e-02	1.704483284e-11
-1.160000000e-02	2.202173737e+01	1.208198425e-02	2.390798978e-11
-1.170000000e-02	2.202173788e+01	1.189569891e-02	2.294395295e-11
-1.180000000e-02	2.202173838e+01	1.170941358e-02	1.265563359e-11
-1.190000000e-02	2.202173889e+01	1.152312825e-02	1.022994710e-11
-1.200000000e-02	2.202173940e+01	1.133684292e-02	3.428733162e-11
-1.210000000e-02	2.202173992e+01	1.115055760e-02	2.451997623e-11
-1.220000000e-02	2.202174043e+01	1.096427228e-02	1.252255003e-11
-1.230000000e-02	2.202174094e+01	1.077798697e-02	2.480919984e-11
-1.240000000e-02	2.202174146e+01	1.059170166e-02	7.559514992e-12
-1.250000000e-02	2.202174198e+01	1.040541635e-02	1.175914781e-11
-1.260000000e-02	2.202174250e+01	1.021913106e-02	1.018486492e-11
-1.270000000e-02	2.202174302e+01	1.003284576e-02	8.124985508e-12
-1.280000000e-02	2.202174354e+01	9.846560473e-03	1.957186934e-11
-1.290000000e-02	2.202174407e+01	9.660275190e-03	2.813888317e-11
-1.300000000e-02	2.202174459e+01	9.473989912e-03	2.014164298e-11
-1.310000000e-02	2.202174512e+01	9.287704637e-03	1.547833465e-11
-1.320000000e-02	2.202174565e+01	9.101419367e-03	1.752598877e-11
-1.330000000e-02	2.202174618e+01	8.915134105e-03	1.973860865e-11
-1.340000000e-02	2.202174671e+01	8.728848846e-03	1.071253259e-11
-1.350000000e-02	2.202174725e+01	8.542563591e-03	7.361812365e-12
-1.360000000e-02	2.202174778e+01	8.356278343e-03	2.069001352e-11
-1.370000000e-02	2.202174832e+01	8.169993100e-03	1.905818377e-11
-1.380000000e-02	2.202174886e+01	7.983707862e-03	5.906644161e-12
-1.390000000e-02	2.202174940e+01	7.797422629e-03	1.392356718e-11
-1.400000000e-02	2.202174994e+01	7.611137402e-03	7.628949974e-12
-1.410000000e-02	2.202175048e+01	7.424852179e-03	1.602588173e-11
-1.420000000e-02	2.202175103e+01	7.238566965e-03	1.469260952e-11
-1.430000000e-02	2.202175158e+01	7.052281752e-03	9.696679773e-12
-1.440000000e-02	2.202175212e+01	6.865996549e-03	2.652661295e-11
-1.450000000e-02	2.202175267e+01	6.679711347e-03	6.307690077e-12
-1.460000000e-02	2.202175323e+01	6.493426153e-03	1.017397337e-11
-1.470000000e-02	2.202175378e+01	6.307140964e-03	6.491516980e-12
-1.480000000e-02	2.202175433e+01	6.120855782e-03	8.483098936e-12
-1.490000000e-02	2.202175489e+01	5.934570602e-03	1.766658456e-11
-1.500000000e-02	2.202175545e+01	5.748285431e-03	1.443334492e-11
-1.510000000e-02	2.202175601e+01	5.562000267e-03	7.463402740e-12
-1.520000000e-02	2.202175657e+01	5.375715106e-03	8.066385798e-12
-1.530000000e-02	2.202175713e+01	5.189429952e-03	7.072554495e-12
-1.540000000e-02	2.202175769e+01	5.003144805e-03	7.421819449e-12
-1.550000000e-02	2.202175826e+01	4.816859662e-03	6.396726109e-12
-1.560000000e-02	2.202175882e+01	4.630574526e-03	1.245700166e-11
-1.570000000e-02	2.202175939e+01	4.444289396e-03	1.467134456e-11
-1.580000000e-02	2.202175996e+01	4.258004272e-03	1.435894164e-11
-1.590000000e-02	2.202176054e+01	4.071719154e-03	3.233183331e-11
-1.600000000e-02	2.202176111e+01	3.885434041e-03	8.562587793e-12
-1.610000000e-02	2.202176168e+01	3.699148936e-03	5.878453004e-12
-1.620000000e-02	2.202176226e+01	3.512863837e-03	1.040388806e-11
-1.630000000e-02	2.202176284e+01	3.326578742e-03	2.137072296e-11
-1.640000000e-02	2.202176342e+01	3.140293655e-03	1.738019913e-11
-1.650000000e-02	2.202176400e+01	2.954008576e-03	5.666320320e-12
-1.660000000e-02	2.202176458e+01	2.767723502e-03	3.183826290e-11
-1.670000000e-02	2.202176517e+01	2.581438433e-03	1.251813066e-11
-1.680000000e-02	2.202176575e+01	2.395153376e-03	4.446385761e-11
-1.690000000e-02	2.202176634e+01	2.208868317e-03	1.038889503e-11
-1.700000000e-02	2.202176693e+01	2.022583269e-03	7.113432122e-12
-1.710000000e-02	2.202176752e+01	1.836298229e-03	1.243746429e-11
-1.720000000e-02	2.202176811e+01	1.650013193e-03	1.148625350e-11
-1.730000000e-02	2.202176870e+01	1.463728164e-03	1.044755763e-11
-1.740000000e-02	2.202176930e+01	1.277443143e-03	1.274412381e-11
-1.750000000e-02	2.202176990e+01	1.091158127e-03	2.295025876e-11
-1.760000000e-02	2.202177049e+01	9.048731195e-04	8.621895940e-12
-1.770000000e-02	2.202177110e+01	7.185881185e-04	1.041422607e-11
-1.780000000e-02	2.202177170e+01	5.323031270e-04	4.344716597e-11
-1.790000000e-02	2.202177230e+01	3.460181376e-04	1.114979641e-11
-1.800000000e-02	2.202177290e+01	1.597331568e-04	1.645337297e-11
-1.810000000e-02	2.202177351e+01	-2.655181675e-05	5.913778605e-12
-1.820000000e-02	2.202177412e+01	-2.128367846e-04	2.411890428e-11
-1.830000000e-02	2.202177473e+01	-3.991217417e-04	2.267530659e-11
-1.840000000e-02	2.202177534e+01	-5.854066938e-04	2.349374718e-11
-1.850000000e-02	2.202177595e+01	-7.716916412e-04	9.252912808e-12
-1.860000000e-02	2.202177657e+01	-9.579765789e-04	3.682248153e-11
-1.870000000e-02	2.202177718e+01	-1.144261511e-03	2.597117726e-11
-1.880000000e-02	2.202177780e+01	-1.330546432e-03	1.923928493e-11
-1.890000000e-02	2.202177842e+01	-1.516831350e-03	8.702172049e-12
-1.900000000e-02	2.202177904e+01	-1.703116260e-03	3.001850721e-11
-1.910000000e-02	2.202177966e+01	-1.889401161e-03	2.368259661e-11
-1.920000000e-02	2.202178028e+01	-2.075686054e-03	9.882806615e-12
-1.930000000e-02	2.202178091e+01	-2.261970941e-03	7.795877908e-12
-1.940000000e-02	2.202178154e+01	-2.448255820e-03	1.758011369e-11
-1.950000000e-02	2.202178216e+01	-2.634540691e-03	1.355282234e-11
-1.960000000e-02	2.202178279e+01	-2.820825556e-03	2.037624843e-11
-1.970000000e-02	2.202178343e+01	-3.007110412e-03	7.320367667e-12
-1.980000000e-02	2.202178406e+01	-3.193395260e-03	1.080025086e-11
-1.990000000e-02	2.202178469e+01	-3.379680103e-03	2.295189119e-11
-2.000000000e-02	2.202178533e+01	-3.565964935e-03	6.096859924e-12
-2.010000000e-02	2.202178597e+01	-3.752249761e-03	2.157989918e-11
-2.020000000e-02	2.202178661e+01	-3.938534578e-03	1.291510731e-11
-2.030000000e-02	2.202178725e+01	-4.124819388e-03	1.005024053e-11
-2.040000000e-02	2.202178789e+01	-4.311104191e-03	1.467614701e-11
-2.050000000e-02	2.202178853e+01	-4.497388983e-03	1.363558724e-11
-2.060000000e-02	2.202178918e+01	-4.683673770e-03	1.191485200e-11
-2.070000000e-02	2.202178983e+01	-4.869958551e-03	6.104339358e-11
-2.080000000e-02	2.202179048e+01	-5.056243318e-03	7.805940363e-12
-2.090000000e-02	2.202179113e+01	-5.242528080e-03	9.411827538e-12
-2.100000000e-02	2.202179178e+01	-5.428812833e-03	9.194368776e-12
-2.110000000e-02	2.202179243e+01	-5.615097581e-03	3.144023297e-11
-2.120000000e-02	2.202179309e+01	-5.801382316e-03	2.328743061e-11
-2.130000000e-02	2.202179374e+01	-5.987667045e-03	1.372536653e-11
-2.140000000e-02	2.202179440e+01	-6.173951767e-03	1.453538960e-11
-2.150000000e-02	2.202179506e+01	-6.360236477e-03	1.296651182e-11
-2.160000000e-02	2.202179572e+01	-6.546521183e-03	1.003622492e-11
-2.170000000e-02	2.202179639e+01	-6.732805879e-03	9.877549736e-12
-2.180000000e-02	2.202179705e+01	-6.919090566e-03	7.231399438e-12
-2.190000000e-02	2.202179772e+01	-7.105375244e-03	1.047759658e-11
-2.200000000e-02	2.202179838e+01	-7.291659915e-03	2.417329051e-11
-2.210000000e-02	2.202179905e+01	-7.477944576e-03	8.053826498e-12
-2.220000000e-02	2.202179972e+01	-7.664229229e-03	1.064972867e-11
-2.230000000e-02	2.202180040e+01	-7.850513875e-03	2.992705448e-11
-2.240000000e-02	2.202180107e+01	-8.036798507e-03	1.199643048e-11
-2.250000000e-02	2.202180175e+01	-8.223083133e-03	2.436751357e-11
-2.260000000e-02	2.202180242e+01	-8.409367753e-03	5.880118284e-12
-2.270000000e-02	2.202180310e+01	-8.595652364e-03	1.880595283e-11
-2.280000000e-02	2.202180378e+01	-8.781936962e-03	9.275379598e-12
-2.290000000e-02	2.202180446e+01	-8.968221556e-03	2.201012375e-11
-2.300000000e-02	2.202180515e+01	-9.154506139e-03	2.007092065e-11
-2.310000000e-02	2.202180583e+01	-9.340790710e-03	1.212522611e-11
-2.320000000e-02	2.202180652e+01	-9.527075274e-03	1.626888378e-11
-2.330000000e-02	2.202180721e+01	-9.713359833e-03	4.234390235e-11
-2.340000000e-02	2.202180790e+01	-9.899644377e-03	2.068522932e-11
-2.350000000e-02	2.202180859e+01	-1.008592892e-02	1.717328780e-11
-2.360000000e-02	2.202180928e+01	-1.027221344e-02	1.377303519e-11
-2.370000000e-02	2.202180998e+01	-1.045849796e-02	1.622331212e-11
-2.380000000e-02	2.202181067e+01	-1.064478247e-02	1.117894819e-11
-2.390000000e-02	2.202181137e+01	-1.083106697e-02	2.795813673e-11
-2.400000000e-02	2.202181207e+01	-1.101735146e-02	9.239619664e-12
-2.410000000e-02	2.202181277e+01	-1.120363594e-02	1.249924772e-11
-2.420000000e-02	2.202181347e+01	-1.138992042e-02	1.102705372e-11
-2.430000000e-02	2.202181418e+01	-1.157620488e-02	7.430220391e-12
-2.440000000e-02	2.202181488e+01	-1.176248933e-02	8.689824547e-12
-2.450000000e-02	2.202181559e+01	-1.194877378e-02	2.123156421e-11
-2.460000000e-02	2.202181630e+01	-1.213505821e-02	1.808930671e-11
-2.470000000e-02	2.202181701e+01	-1.232134264e-02	1.232468817e-11
-2.480000000e-02	2.202181772e+01	-1.250762705e-02	1.806786494e-11
-2.490000000e-02	2.202181843e+01	-1.269391145e-02	1.981406242e-11
-2.500000000e-02	2.202181915e+01	-1.288019585e-02	1.194756064e-11
-2.510000000e-02	2.202181986e+01	-1.306648024e-02	1.092315827e-11
-2.520000000e-02	2.202182058e+01	-1.325276461e-02	1.177002247e-11
-2.530000000e-02	2.202182130e+01	-1.343904898e-02	1.754041863e-11
-2.540000000e-02	2.202182202e+01	-1.362533334e-02	8.926036539e-12
-2.550000000e-02	2.202182274e+01	-1.381161768e-02	1.160861867e-11
-2.560000000e-02	2.202182347e+01	-1.399790202e-02	1.130609001e-11
-2.570000000e-02	2.202182419e+01	-1.418418635e-02	3.236087306e-11
-2.580000000e-02	2.202182492e+01	-1.437047066e-02	6.939596680e-12
-2.590000000e-02	2.202182565e+01	-1.455675497e-02	5.341736581e-11
-2.600000000e-02	2.202182638e+01	-1.474303926e-02	1.851485017e-11
-2.610000000e-02	2.202182711e+01	-1.492932355e-02	1.169395350e-11
-2.620000000e-02	2.202182785e+01	-1.511560782e-02	1.558180834e-11
-2.630000000e-02	2.202182858e+01	-1.530189209e-02	6.228064395e-12
-2.640000000e-02	2.202182932e+01	-1.548817634e-02	2.455905552e-11
-2.650000000e-02	2.202183006e+01	-1.567446059e-02	1.533745704e-11
-2.660000000e-02	2.202183080e+01	-1.586074483e-02	7.705533099e-12
-2.670000000e-02	2.202183154e+01	-1.604702905e-02	2.055612137e-11
-2.680000000e-02	2.202183228e+01	-1.623331326e-02	2.713686417e-11
-2.690000000e-02	2.202183303e+01	-1.641959746e-02	6.472701496e-11
-2.700000000e-02	2.202183377e+01	-1.660588166e-02	2.245975952e-11
-2.710000000e-02	2.202183452e+01	-1.679216584e-02	1.331157578e-11
-2.720000000e-02	2.202183527e+01	-1.697845001e-02	1.160937302e-11
-2.730000000e-02	2.202183602e+01	-1.716473417e-02	5.878875555e-11
-2.740000000e-02	2.202183677e+01	-1.735101833e-02	3.965584230e-11
-2.750000000e-02	2.202183753e+01	-1.753730246e-02	4.477847500e-12
-2.760000000e-02	2.202183828e+01	-1.772358659e-02	5.154380070e-12
-2.770000000e-02	2.202183904e+01	-1.790987071e-02	4.680357797e-12
-2.780000000e-02	2.202183980e+01	-1.809615481e-02	1.496141624e-11
-2.790000000e-02	2.202184056e+01	-1.828243891e-02	1.991561376e-11
-2.800000000e-02	2.202184132e+01	-1.846872300e-02	1.019966344e-11
-2.810000000e-02	2.202184209e+01	-1.865500707e-02	1.079674553e-11
-2.820000000e-02	2.202184285e+01	-1.884129114e-02	9.781491194e-12
-2.830000000e-02	2.202184362e+01	-1.902757519e-02	1.183217493e-11
-2.840000000e-02	2.202184439e+01	-1.921385923e-02	1.615310399e-11
-2.850000000e-02	2.202184516e+01	-1.940014326e-02	9.213671410e-12
-2.860000000e-02	2.202184593e+01	-1.958642728e-02	5.523328729e-12
-2.870000000e-02	2.202184670e+01	-1.977271128e-02	1.231421196e-11
-2.880000000e-02	2.202184748e+01	-1.995899528e-02	9.309519334e-12
-2.890000000e-02	2.202184825e+01	-2.014527927e-02	1.215784210e-11
-2.900000000e-02	2.202184903e+01	-2.033156324e-02	1.567993820e-11
-2.910000000e-02	2.202184981e+01	-2.051784720e-02	1.165092234e-11
-2.920000000e-02	2.202185059e+01	-2.070413115e-02	1.219963805e-11
-2.930000000e-02	2.202185137e+01	-2.089041509e-02	1.150828706e-11
-2.940000000e-02	2.202185216e+01	-2.107669902e-02	1.142579207e-11
-2.950000000e-02	2.202185294e+01	-2.126298294e-02	8.538967882e-12
-2.960000000e-02	2.202185373e+01	-2.144926684e-02	5.109587858e-12
-2.970000000e-02	2.202185452e+01	-2.163555073e-02	6.406465221e-11
-2.980000000e-02	2.202185531e+01	-2.182183462e-02	8.130775399e-12
-2.990000000e-02	2.202185610e+01	-2.200811849e-02	1.494027814e-11
-3.000000000e-02	2.202185689e+01	-2.219440234e-02	4.830532794e-11
