# Im(epsi1)     Re(Lambda)      Im(Lambda)      Eq(det).Opt det SIN kz, R=0.5 \mum, Re(epsi1)=4.90solve_det_sinkz_vs_mu.py
0.000000000e+00	2.476209475e+01	4.753600366e-02	1.018958743e-11
-1.000000000e-04	2.476209516e+01	4.732671889e-02	1.412738587e-11
-2.000000000e-04	2.476209556e+01	4.711743412e-02	1.284710410e-11
-3.000000000e-04	2.476209597e+01	4.690814934e-02	9.863828923e-12
-4.000000000e-04	2.476209638e+01	4.669886457e-02	2.422000445e-11
-5.000000000e-04	2.476209679e+01	4.648957980e-02	1.419349666e-11
-6.000000000e-04	2.476209721e+01	4.628029502e-02	1.219395676e-11
-7.000000000e-04	2.476209762e+01	4.607101025e-02	5.147981172e-11
-8.000000000e-04	2.476209804e+01	4.586172547e-02	1.058510869e-11
-9.000000000e-04	2.476209846e+01	4.565244070e-02	6.190250442e-12
-1.000000000e-03	2.476209888e+01	4.544315592e-02	1.585161877e-11
-1.100000000e-03	2.476209930e+01	4.523387115e-02	1.114666593e-11
-1.200000000e-03	2.476209973e+01	4.502458638e-02	1.717341637e-11
-1.300000000e-03	2.476210015e+01	4.481530160e-02	2.282704092e-11
-1.400000000e-03	2.476210058e+01	4.460601683e-02	3.081753254e-11
-1.500000000e-03	2.476210101e+01	4.439673206e-02	7.109241752e-12
-1.600000000e-03	2.476210144e+01	4.418744728e-02	9.996279680e-12
-1.700000000e-03	2.476210188e+01	4.397816251e-02	9.927473505e-12
-1.800000000e-03	2.476210231e+01	4.376887774e-02	5.591741381e-12
-1.900000000e-03	2.476210275e+01	4.355959297e-02	1.349464713e-11
-2.000000000e-03	2.476210319e+01	4.335030819e-02	3.509782889e-11
-2.100000000e-03	2.476210363e+01	4.314102343e-02	9.980492846e-12
-2.200000000e-03	2.476210407e+01	4.293173866e-02	2.229605957e-11
-2.300000000e-03	2.476210451e+01	4.272245389e-02	1.436505437e-11
-2.400000000e-03	2.476210496e+01	4.251316912e-02	2.364351392e-11
-2.500000000e-03	2.476210540e+01	4.230388435e-02	1.058188699e-11
-2.600000000e-03	2.476210585e+01	4.209459959e-02	8.942327545e-12
-2.700000000e-03	2.476210630e+01	4.188531482e-02	7.164434044e-12
-2.800000000e-03	2.476210676e+01	4.167603005e-02	4.966101976e-11
-2.900000000e-03	2.476210721e+01	4.146674529e-02	1.046153455e-11
-3.000000000e-03	2.476210767e+01	4.125746053e-02	7.576405240e-12
-3.100000000e-03	2.476210813e+01	4.104817577e-02	1.108010819e-11
-3.200000000e-03	2.476210859e+01	4.083889100e-02	1.569834721e-11
-3.300000000e-03	2.476210905e+01	4.062960624e-02	1.647785917e-11
-3.400000000e-03	2.476210951e+01	4.042032149e-02	1.626150703e-11
-3.500000000e-03	2.476210997e+01	4.021103672e-02	6.539808173e-11
-3.600000000e-03	2.476211044e+01	4.000175197e-02	9.789004004e-12
-3.700000000e-03	2.476211091e+01	3.979246721e-02	3.831759762e-11
-3.800000000e-03	2.476211138e+01	3.958318246e-02	1.751210903e-11
-3.900000000e-03	2.476211185e+01	3.937389771e-02	7.011635658e-12
-4.000000000e-03	2.476211233e+01	3.916461296e-02	1.550622030e-11
-4.100000000e-03	2.476211280e+01	3.895532821e-02	1.238317034e-11
-4.200000000e-03	2.476211328e+01	3.874604346e-02	1.404164060e-11
-4.300000000e-03	2.476211376e+01	3.853675871e-02	4.889999048e-11
-4.400000000e-03	2.476211424e+01	3.832747397e-02	6.989991012e-12
-4.500000000e-03	2.476211472e+01	3.811818923e-02	1.722196598e-11
-4.600000000e-03	2.476211521e+01	3.790890449e-02	1.849183535e-11
-4.700000000e-03	2.476211569e+01	3.769961975e-02	7.581306350e-12
-4.800000000e-03	2.476211618e+01	3.749033501e-02	9.874112342e-12
-4.900000000e-03	2.476211667e+01	3.728105027e-02	1.501578088e-11
-5.000000000e-03	2.476211716e+01	3.707176554e-02	2.282424306e-11
-5.100000000e-03	2.476211765e+01	3.686248080e-02	9.535369306e-12
-5.200000000e-03	2.476211815e+01	3.665319608e-02	1.100925081e-11
-5.300000000e-03	2.476211865e+01	3.644391135e-02	7.221803250e-12
-5.400000000e-03	2.476211914e+01	3.623462662e-02	1.026131221e-11
-5.500000000e-03	2.476211965e+01	3.602534189e-02	2.077766233e-11
-5.600000000e-03	2.476212015e+01	3.581605717e-02	1.188441890e-11
-5.700000000e-03	2.476212065e+01	3.560677245e-02	8.160703677e-12
-5.800000000e-03	2.476212116e+01	3.539748774e-02	2.910058313e-11
-5.900000000e-03	2.476212166e+01	3.518820302e-02	1.498111097e-11
-6.000000000e-03	2.476212217e+01	3.497891831e-02	9.525213808e-12
-6.100000000e-03	2.476212268e+01	3.476963360e-02	1.247791758e-11
-6.200000000e-03	2.476212320e+01	3.456034889e-02	9.452430121e-12
-6.300000000e-03	2.476212371e+01	3.435106418e-02	1.256282483e-11
-6.400000000e-03	2.476212423e+01	3.414177948e-02	9.188279384e-12
-6.500000000e-03	2.476212475e+01	3.393249478e-02	3.859758777e-11
-6.600000000e-03	2.476212527e+01	3.372321008e-02	6.132491945e-12
-6.700000000e-03	2.476212579e+01	3.351392538e-02	1.300987667e-11
-6.800000000e-03	2.476212631e+01	3.330464069e-02	7.439670876e-12
-6.900000000e-03	2.476212683e+01	3.309535600e-02	1.693945987e-11
-7.000000000e-03	2.476212736e+01	3.288607131e-02	2.844896123e-11
-7.100000000e-03	2.476212789e+01	3.267678663e-02	1.099359193e-11
-7.200000000e-03	2.476212842e+01	3.246750195e-02	1.655030864e-11
-7.300000000e-03	2.476212895e+01	3.225821727e-02	1.532695329e-11
-7.400000000e-03	2.476212949e+01	3.204893259e-02	4.391735028e-12
-7.500000000e-03	2.476213002e+01	3.183964792e-02	2.351970337e-11
-7.600000000e-03	2.476213056e+01	3.163036325e-02	6.361530806e-12
-7.700000000e-03	2.476213110e+01	3.142107858e-02	1.538514276e-11
-7.800000000e-03	2.476213164e+01	3.121179392e-02	9.216489199e-12
-7.900000000e-03	2.476213218e+01	3.100250926e-02	8.634163980e-12
-8.000000000e-03	2.476213273e+01	3.079322460e-02	1.042740302e-11
-8.100000000e-03	2.476213327e+01	3.058393995e-02	1.255292349e-11
-8.200000000e-03	2.476213382e+01	3.037465530e-02	2.050938857e-11
-8.300000000e-03	2.476213437e+01	3.016537065e-02	1.317913119e-11
-8.400000000e-03	2.476213492e+01	2.995608601e-02	1.824127669e-11
-8.500000000e-03	2.476213548e+01	2.974680136e-02	6.767477611e-12
-8.600000000e-03	2.476213603e+01	2.953751672e-02	8.577456972e-11
-8.700000000e-03	2.476213659e+01	2.932823209e-02	1.031316415e-11
-8.800000000e-03	2.476213715e+01	2.911894747e-02	3.087053201e-11
-8.900000000e-03	2.476213771e+01	2.890966284e-02	2.595495279e-11
-9.000000000e-03	2.476213827e+01	2.870037822e-02	1.564688671e-11
-9.100000000e-03	2.476213883e+01	2.849109359e-02	9.893864105e-12
-9.200000000e-03	2.476213940e+01	2.828180898e-02	6.562366330e-12
-9.300000000e-03	2.476213997e+01	2.807252437e-02	8.514529219e-12
-9.400000000e-03	2.476214053e+01	2.786323976e-02	1.335022543e-11
-9.500000000e-03	2.476214111e+01	2.765395516e-02	1.577893806e-11
-9.600000000e-03	2.476214168e+01	2.744467056e-02	7.240371998e-12
-9.700000000e-03	2.476214225e+01	2.723538596e-02	6.895544659e-12
-9.800000000e-03	2.476214283e+01	2.702610137e-02	2.392810067e-11
-9.900000000e-03	2.476214341e+01	2.681681678e-02	2.043881549e-11
-1.000000000e-02	2.476214399e+01	2.660753220e-02	2.693387434e-11
-1.010000000e-02	2.476214457e+01	2.639824762e-02	1.225754958e-11
-1.020000000e-02	2.476214515e+01	2.618896304e-02	1.294874718e-11
-1.030000000e-02	2.476214574e+01	2.597967847e-02	1.681881854e-11
-1.040000000e-02	2.476214632e+01	2.577039390e-02	7.383379127e-12
-1.050000000e-02	2.476214691e+01	2.556110934e-02	5.868336037e-11
-1.060000000e-02	2.476214750e+01	2.535182478e-02	1.378747214e-11
-1.070000000e-02	2.476214810e+01	2.514254023e-02	1.016203336e-11
-1.080000000e-02	2.476214869e+01	2.493325568e-02	3.101990321e-11
-1.090000000e-02	2.476214928e+01	2.472397114e-02	1.086719834e-11
-1.100000000e-02	2.476214988e+01	2.451468660e-02	7.329616425e-12
-1.110000000e-02	2.476215048e+01	2.430540206e-02	1.209758724e-11
-1.120000000e-02	2.476215108e+01	2.409611753e-02	2.664691841e-11
-1.130000000e-02	2.476215169e+01	2.388683300e-02	2.397347256e-11
-1.140000000e-02	2.476215229e+01	2.367754848e-02	8.834333417e-12
-1.150000000e-02	2.476215290e+01	2.346826396e-02	1.149816798e-11
-1.160000000e-02	2.476215350e+01	2.325897945e-02	1.588103707e-11
-1.170000000e-02	2.476215411e+01	2.304969494e-02	7.761611583e-12
-1.180000000e-02	2.476215473e+01	2.284041044e-02	1.298960655e-11
-1.190000000e-02	2.476215534e+01	2.263112595e-02	7.682331398e-12
-1.200000000e-02	2.476215595e+01	2.242184145e-02	1.133537352e-11
-1.210000000e-02	2.476215657e+01	2.221255697e-02	5.170769044e-11
-1.220000000e-02	2.476215719e+01	2.200327248e-02	9.659333984e-12
-1.230000000e-02	2.476215781e+01	2.179398801e-02	1.117061546e-11
-1.240000000e-02	2.476215843e+01	2.158470353e-02	1.865857899e-11
-1.250000000e-02	2.476215906e+01	2.137541907e-02	1.420045795e-11
-1.260000000e-02	2.476215968e+01	2.116613460e-02	4.582123422e-11
-1.270000000e-02	2.476216031e+01	2.095685015e-02	9.981581854e-12
-1.280000000e-02	2.476216094e+01	2.074756570e-02	1.270602360e-11
-1.290000000e-02	2.476216157e+01	2.053828126e-02	3.347190213e-11
-1.300000000e-02	2.476216220e+01	2.032899681e-02	1.445261055e-11
-1.310000000e-02	2.476216284e+01	2.011971238e-02	6.638611085e-11
-1.320000000e-02	2.476216347e+01	1.991042795e-02	8.749531469e-12
-1.330000000e-02	2.476216411e+01	1.970114353e-02	1.300437844e-11
-1.340000000e-02	2.476216475e+01	1.949185911e-02	2.140010516e-11
-1.350000000e-02	2.476216539e+01	1.928257470e-02	4.559621496e-11
-1.360000000e-02	2.476216604e+01	1.907329029e-02	6.097749891e-12
-1.370000000e-02	2.476216668e+01	1.886400589e-02	1.996066560e-11
-1.380000000e-02	2.476216733e+01	1.865472150e-02	1.495318404e-11
-1.390000000e-02	2.476216798e+01	1.844543711e-02	1.097615634e-11
-1.400000000e-02	2.476216863e+01	1.823615272e-02	1.378151484e-11
-1.410000000e-02	2.476216928e+01	1.802686835e-02	9.867468322e-12
-1.420000000e-02	2.476216993e+01	1.781758397e-02	8.914350633e-12
-1.430000000e-02	2.476217059e+01	1.760829961e-02	2.148688687e-11
-1.440000000e-02	2.476217125e+01	1.739901525e-02	1.947200096e-11
-1.450000000e-02	2.476217191e+01	1.718973090e-02	8.612987212e-12
-1.460000000e-02	2.476217257e+01	1.698044655e-02	1.077769731e-11
-1.470000000e-02	2.476217323e+01	1.677116221e-02	1.851963714e-11
-1.480000000e-02	2.476217389e+01	1.656187788e-02	4.177734120e-12
-1.490000000e-02	2.476217456e+01	1.635259355e-02	1.456570976e-11
-1.500000000e-02	2.476217523e+01	1.614330923e-02	1.445979595e-11
-1.510000000e-02	2.476217590e+01	1.593402492e-02	6.308928009e-11
-1.520000000e-02	2.476217657e+01	1.572474060e-02	9.978607121e-12
-1.530000000e-02	2.476217724e+01	1.551545630e-02	1.270744866e-11
-1.540000000e-02	2.476217792e+01	1.530617200e-02	1.036382670e-11
-1.550000000e-02	2.476217860e+01	1.509688771e-02	1.328492309e-11
-1.560000000e-02	2.476217927e+01	1.488760343e-02	7.436112349e-12
-1.570000000e-02	2.476217995e+01	1.467831916e-02	7.714601442e-12
-1.580000000e-02	2.476218064e+01	1.446903489e-02	1.324412444e-11
-1.590000000e-02	2.476218132e+01	1.425975062e-02	6.274152538e-11
-1.600000000e-02	2.476218201e+01	1.405046637e-02	4.209881763e-12
-1.610000000e-02	2.476218269e+01	1.384118212e-02	4.276476502e-11
-1.620000000e-02	2.476218338e+01	1.363189788e-02	1.844594095e-11
-1.630000000e-02	2.476218407e+01	1.342261364e-02	1.614843807e-11
-1.640000000e-02	2.476218477e+01	1.321332941e-02	1.032608316e-11
-1.650000000e-02	2.476218546e+01	1.300404519e-02	1.752456413e-11
-1.660000000e-02	2.476218616e+01	1.279476098e-02	3.707082622e-11
-1.670000000e-02	2.476218686e+01	1.258547677e-02	7.808654416e-12
-1.680000000e-02	2.476218756e+01	1.237619257e-02	2.537588096e-11
-1.690000000e-02	2.476218826e+01	1.216690838e-02	9.526132852e-12
-1.700000000e-02	2.476218896e+01	1.195762419e-02	1.593870397e-11
-1.710000000e-02	2.476218967e+01	1.174834002e-02	1.548003674e-11
-1.720000000e-02	2.476219037e+01	1.153905584e-02	7.015915367e-12
-1.730000000e-02	2.476219108e+01	1.132977168e-02	1.301529357e-11
-1.740000000e-02	2.476219179e+01	1.112048752e-02	2.746838255e-11
-1.750000000e-02	2.476219251e+01	1.091120337e-02	1.465684859e-11
-1.760000000e-02	2.476219322e+01	1.070191923e-02	1.042542643e-11
-1.770000000e-02	2.476219394e+01	1.049263510e-02	8.866614169e-12
-1.780000000e-02	2.476219465e+01	1.028335098e-02	4.112587754e-11
-1.790000000e-02	2.476219537e+01	1.007406685e-02	1.394763379e-11
-1.800000000e-02	2.476219609e+01	9.864782746e-03	2.054404350e-11
-1.810000000e-02	2.476219682e+01	9.655498642e-03	1.096436936e-11
-1.820000000e-02	2.476219754e+01	9.446214545e-03	7.029949206e-12
-1.830000000e-02	2.476219827e+01	9.236930459e-03	2.059821915e-11
-1.840000000e-02	2.476219900e+01	9.027646379e-03	6.856345420e-12
-1.850000000e-02	2.476219973e+01	8.818362307e-03	2.232644547e-11
-1.860000000e-02	2.476220046e+01	8.609078243e-03	9.976838894e-12
-1.870000000e-02	2.476220119e+01	8.399794188e-03	3.337934267e-11
-1.880000000e-02	2.476220193e+01	8.190510139e-03	7.822349686e-12
-1.890000000e-02	2.476220266e+01	7.981226099e-03	9.075419264e-12
-1.900000000e-02	2.476220340e+01	7.771942068e-03	6.908440218e-12
-1.910000000e-02	2.476220414e+01	7.562658045e-03	1.346229064e-11
-1.920000000e-02	2.476220488e+01	7.353374030e-03	7.069026637e-12
-1.930000000e-02	2.476220563e+01	7.144090023e-03	1.729054112e-11
-1.940000000e-02	2.476220637e+01	6.934806024e-03	9.310399818e-12
-1.950000000e-02	2.476220712e+01	6.725522031e-03	2.523664893e-11
-1.960000000e-02	2.476220787e+01	6.516238052e-03	1.005607474e-11
-1.970000000e-02	2.476220862e+01	6.306954077e-03	1.701006401e-11
-1.980000000e-02	2.476220938e+01	6.097670114e-03	1.245683102e-11
-1.990000000e-02	2.476221013e+01	5.888386157e-03	1.101125035e-11
-2.000000000e-02	2.476221089e+01	5.679102208e-03	1.402323675e-11
-2.010000000e-02	2.476221164e+01	5.469818270e-03	2.441286395e-11
-2.020000000e-02	2.476221240e+01	5.260534339e-03	7.739142864e-12
-2.030000000e-02	2.476221317e+01	5.051250416e-03	5.730172009e-12
-2.040000000e-02	2.476221393e+01	4.841966502e-03	2.599129719e-11
-2.050000000e-02	2.476221469e+01	4.632682597e-03	3.147093827e-11
-2.060000000e-02	2.476221546e+01	4.423398704e-03	1.452191257e-11
-2.070000000e-02	2.476221623e+01	4.214114817e-03	1.370672901e-11
-2.080000000e-02	2.476221700e+01	4.004830939e-03	1.988483668e-11
-2.090000000e-02	2.476221777e+01	3.795547072e-03	2.721704968e-11
-2.100000000e-02	2.476221855e+01	3.586263210e-03	9.159210022e-12
-2.110000000e-02	2.476221932e+01	3.376979359e-03	1.130165128e-11
-2.120000000e-02	2.476222010e+01	3.167695517e-03	1.334315546e-11
-2.130000000e-02	2.476222088e+01	2.958411684e-03	1.548302187e-11
-2.140000000e-02	2.476222166e+01	2.749127861e-03	9.807544841e-12
-2.150000000e-02	2.476222244e+01	2.539844047e-03	3.357438055e-11
-2.160000000e-02	2.476222323e+01	2.330560239e-03	4.943525501e-11
-2.170000000e-02	2.476222402e+01	2.121276448e-03	1.083639908e-11
-2.180000000e-02	2.476222480e+01	1.911992662e-03	1.418086688e-11
-2.190000000e-02	2.476222559e+01	1.702708885e-03	1.812770251e-11
-2.200000000e-02	2.476222639e+01	1.493425119e-03	1.896644797e-11
-2.210000000e-02	2.476222718e+01	1.284141361e-03	1.194627717e-11
-2.220000000e-02	2.476222797e+01	1.074857613e-03	1.381598852e-11
-2.230000000e-02	2.476222877e+01	8.655738719e-04	2.172632313e-11
-2.240000000e-02	2.476222957e+01	6.562901453e-04	1.236849195e-11
-2.250000000e-02	2.476223037e+01	4.470064252e-04	7.479685615e-12
-2.260000000e-02	2.476223117e+01	2.377227169e-04	1.727476612e-11
-2.270000000e-02	2.476223198e+01	2.843901816e-05	3.981432531e-11
-2.280000000e-02	2.476223278e+01	-1.808446700e-04	4.673712254e-11
-2.290000000e-02	2.476223359e+01	-3.901283538e-04	1.432304698e-11
-2.300000000e-02	2.476223440e+01	-5.994120238e-04	9.211416170e-12
-2.310000000e-02	2.476223521e+01	-8.086956845e-04	1.104013436e-11
-2.320000000e-02	2.476223602e+01	-1.017979336e-03	3.223205642e-11
-2.330000000e-02	2.476223684e+01	-1.227262974e-03	7.213050128e-12
-2.340000000e-02	2.476223766e+01	-1.436546604e-03	1.181859830e-11
-2.350000000e-02	2.476223847e+01	-1.645830224e-03	7.133865105e-12
-2.360000000e-02	2.476223929e+01	-1.855113834e-03	9.316224331e-12
-2.370000000e-02	2.476224012e+01	-2.064397433e-03	1.249499565e-11
-2.380000000e-02	2.476224094e+01	-2.273681021e-03	1.316535610e-11
-2.390000000e-02	2.476224176e+01	-2.482964603e-03	1.629841834e-11
-2.400000000e-02	2.476224259e+01	-2.692248170e-03	4.909799553e-12
-2.410000000e-02	2.476224342e+01	-2.901531728e-03	7.042849688e-12
-2.420000000e-02	2.476224425e+01	-3.110815276e-03	2.378560004e-11
-2.430000000e-02	2.476224508e+01	-3.320098814e-03	1.152010760e-11
-2.440000000e-02	2.476224592e+01	-3.529382339e-03	1.025135436e-11
-2.450000000e-02	2.476224675e+01	-3.738665855e-03	1.357127332e-11
-2.460000000e-02	2.476224759e+01	-3.947949360e-03	2.464734273e-11
-2.470000000e-02	2.476224843e+01	-4.157232856e-03	1.572724842e-11
-2.480000000e-02	2.476224927e+01	-4.366516341e-03	9.928358413e-12
-2.490000000e-02	2.476225011e+01	-4.575799814e-03	7.983454907e-12
-2.500000000e-02	2.476225096e+01	-4.785083275e-03	2.692695148e-11
-2.510000000e-02	2.476225181e+01	-4.994366729e-03	1.363165829e-11
-2.520000000e-02	2.476225265e+01	-5.203650169e-03	8.586162621e-12
-2.530000000e-02	2.476225350e+01	-5.412933600e-03	1.698423679e-11
-2.540000000e-02	2.476225436e+01	-5.622217019e-03	1.923732161e-11
-2.550000000e-02	2.476225521e+01	-5.831500424e-03	2.327155274e-11
-2.560000000e-02	2.476225606e+01	-6.040783818e-03	6.735501174e-11
-2.570000000e-02	2.476225692e+01	-6.250067208e-03	9.173128414e-12
-2.580000000e-02	2.476225778e+01	-6.459350583e-03	1.797170520e-11
-2.590000000e-02	2.476225864e+01	-6.668633946e-03	1.320083307e-11
-2.600000000e-02	2.476225950e+01	-6.877917297e-03	1.522200853e-11
-2.610000000e-02	2.476226037e+01	-7.087200639e-03	9.999903955e-12
-2.620000000e-02	2.476226123e+01	-7.296483970e-03	2.756261587e-11
-2.630000000e-02	2.476226210e+01	-7.505767287e-03	1.028373717e-11
-2.640000000e-02	2.476226297e+01	-7.715050592e-03	9.594950319e-12
-2.650000000e-02	2.476226384e+01	-7.924333888e-03	7.845621801e-12
-2.660000000e-02	2.476226472e+01	-8.133617171e-03	9.712878146e-12
-2.670000000e-02	2.476226559e+01	-8.342900444e-03	9.673805568e-12
-2.680000000e-02	2.476226647e+01	-8.552183703e-03	1.208727902e-11
-2.690000000e-02	2.476226734e+01	-8.761466952e-03	1.140092393e-11
-2.700000000e-02	2.476226822e+01	-8.970750190e-03	2.122048271e-11
-2.710000000e-02	2.476226911e+01	-9.180033415e-03	1.037595204e-11
-2.720000000e-02	2.476226999e+01	-9.389316627e-03	2.066543631e-11
-2.730000000e-02	2.476227088e+01	-9.598599830e-03	1.092028688e-11
-2.740000000e-02	2.476227176e+01	-9.807883019e-03	3.127975473e-11
-2.750000000e-02	2.476227265e+01	-1.001716620e-02	3.349391032e-11
-2.760000000e-02	2.476227354e+01	-1.022644936e-02	1.192236191e-11
-2.770000000e-02	2.476227443e+01	-1.043573252e-02	6.208356496e-12
-2.780000000e-02	2.476227533e+01	-1.064501566e-02	2.583507574e-11
-2.790000000e-02	2.476227622e+01	-1.085429879e-02	1.835406597e-11
-2.800000000e-02	2.476227712e+01	-1.106358191e-02	2.644927220e-11
-2.810000000e-02	2.476227802e+01	-1.127286501e-02	1.600202223e-11
-2.820000000e-02	2.476227892e+01	-1.148214811e-02	1.068827847e-11
-2.830000000e-02	2.476227983e+01	-1.169143119e-02	1.005221000e-11
-2.840000000e-02	2.476228073e+01	-1.190071426e-02	1.638800769e-11
-2.850000000e-02	2.476228164e+01	-1.210999731e-02	1.182510415e-11
-2.860000000e-02	2.476228255e+01	-1.231928036e-02	1.850582638e-11
-2.870000000e-02	2.476228346e+01	-1.252856339e-02	8.034405148e-12
-2.880000000e-02	2.476228437e+01	-1.273784641e-02	1.256384368e-11
-2.890000000e-02	2.476228528e+01	-1.294712941e-02	1.097388630e-11
-2.900000000e-02	2.476228620e+01	-1.315641241e-02	1.295279475e-11
-2.910000000e-02	2.476228711e+01	-1.336569539e-02	3.480024610e-11
-2.920000000e-02	2.476228803e+01	-1.357497836e-02	1.110027794e-11
-2.930000000e-02	2.476228895e+01	-1.378426131e-02	1.139574905e-11
-2.940000000e-02	2.476228988e+01	-1.399354426e-02	8.116945237e-12
-2.950000000e-02	2.476229080e+01	-1.420282719e-02	1.102152644e-11
-2.960000000e-02	2.476229173e+01	-1.441211010e-02	1.115904434e-11
-2.970000000e-02	2.476229265e+01	-1.462139301e-02	2.069342670e-11
-2.980000000e-02	2.476229358e+01	-1.483067590e-02	1.100624079e-11
-2.990000000e-02	2.476229451e+01	-1.503995878e-02	1.006135054e-11
-3.000000000e-02	2.476229545e+01	-1.524924164e-02	7.682449045e-12
