# epsi_ci     Re(Lambda)      Im(Lambda)      Eq(det), R = 0.10 $\mu$m, $E_p$ = 0.900 eV, modo = 1, $\epsilon_\infty$ = 3.9, $\gamma_{DL}$ = 0.01 eV, solve_det_sinkz_vs_mu.py
0.000000000e+00	2.288492630e+00	2.035649750e-02	3.905661336e-13
-5.000000000e-04	2.288496031e+00	2.016077036e-02	6.582750322e-13
-1.000000000e-03	2.288499448e+00	1.996504322e-02	7.895971006e-13
-1.500000000e-03	2.288502881e+00	1.976931610e-02	5.379597051e-13
-2.000000000e-03	2.288506332e+00	1.957358897e-02	7.682948755e-13
-2.500000000e-03	2.288509799e+00	1.937786186e-02	4.315982495e-13
-3.000000000e-03	2.288513283e+00	1.918213477e-02	6.895004356e-13
-3.500000000e-03	2.288516784e+00	1.898640769e-02	1.089444101e-12
-4.000000000e-03	2.288520301e+00	1.879068066e-02	5.395354189e-13
-4.500000000e-03	2.288523835e+00	1.859495363e-02	6.217742186e-13
-5.000000000e-03	2.288527386e+00	1.839922665e-02	7.324636068e-13
-5.500000000e-03	2.288530954e+00	1.820349971e-02	6.297837564e-13
-6.000000000e-03	2.288534538e+00	1.800777281e-02	6.054797327e-13
-6.500000000e-03	2.288538140e+00	1.781204595e-02	3.524309002e-13
-7.000000000e-03	2.288541758e+00	1.761631915e-02	4.486723093e-13
-7.500000000e-03	2.288545392e+00	1.742059240e-02	4.780992866e-13
-8.000000000e-03	2.288549044e+00	1.722486572e-02	8.889409399e-13
-8.500000000e-03	2.288552712e+00	1.702913909e-02	5.520076673e-13
-9.000000000e-03	2.288556397e+00	1.683341253e-02	7.819368611e-13
-9.500000000e-03	2.288560098e+00	1.663768604e-02	8.687528502e-13
-1.000000000e-02	2.288563817e+00	1.644195964e-02	7.298513842e-13
-1.050000000e-02	2.288567552e+00	1.624623331e-02	6.457002062e-13
-1.100000000e-02	2.288571304e+00	1.605050707e-02	3.886112534e-13
-1.150000000e-02	2.288575072e+00	1.585478093e-02	6.925888053e-13
-1.200000000e-02	2.288578858e+00	1.565905487e-02	5.824835681e-13
-1.250000000e-02	2.288582660e+00	1.546332892e-02	8.979982843e-13
-1.300000000e-02	2.288586479e+00	1.526760306e-02	7.924245736e-13
-1.350000000e-02	2.288590314e+00	1.507187731e-02	7.088336631e-13
-1.400000000e-02	2.288594167e+00	1.487615168e-02	6.983523654e-13
-1.450000000e-02	2.288598036e+00	1.468042615e-02	6.562423656e-13
-1.500000000e-02	2.288601922e+00	1.448470075e-02	6.119704839e-13
-1.550000000e-02	2.288605824e+00	1.428897548e-02	8.215159628e-13
-1.600000000e-02	2.288609744e+00	1.409325033e-02	4.719588793e-13
-1.650000000e-02	2.288613680e+00	1.389752531e-02	5.315099282e-13
-1.700000000e-02	2.288617633e+00	1.370180044e-02	6.996698282e-13
-1.750000000e-02	2.288621602e+00	1.350607570e-02	6.030407149e-13
-1.800000000e-02	2.288625588e+00	1.331035111e-02	8.382253832e-13
-1.850000000e-02	2.288629591e+00	1.311462667e-02	4.856992920e-13
-1.900000000e-02	2.288633611e+00	1.291890238e-02	7.171969982e-13
-1.950000000e-02	2.288637648e+00	1.272317826e-02	8.490140590e-13
-2.000000000e-02	2.288641701e+00	1.252745428e-02	7.538902012e-13
-2.050000000e-02	2.288645771e+00	1.233173049e-02	4.648588015e-13
-2.100000000e-02	2.288649858e+00	1.213600686e-02	7.112367233e-13
-2.150000000e-02	2.288653961e+00	1.194028341e-02	6.009617189e-13
-2.200000000e-02	2.288658082e+00	1.174456014e-02	6.489211416e-13
-2.250000000e-02	2.288662219e+00	1.154883705e-02	7.276952890e-13
-2.300000000e-02	2.288666372e+00	1.135311415e-02	7.050759182e-13
-2.350000000e-02	2.288670543e+00	1.115739145e-02	4.948630859e-13
-2.400000000e-02	2.288674730e+00	1.096166895e-02	6.576095035e-13
-2.450000000e-02	2.288678934e+00	1.076594664e-02	7.497858652e-13
-2.500000000e-02	2.288683155e+00	1.057022454e-02	5.977868671e-13
-2.550000000e-02	2.288687392e+00	1.037450265e-02	7.725981629e-13
-2.600000000e-02	2.288691646e+00	1.017878097e-02	3.354972392e-13
-2.650000000e-02	2.288695917e+00	9.983059513e-03	4.104774445e-13
-2.700000000e-02	2.288700205e+00	9.787338278e-03	3.938021406e-13
-2.750000000e-02	2.288704509e+00	9.591617272e-03	6.230253721e-13
-2.800000000e-02	2.288708830e+00	9.395896500e-03	4.367300599e-13
-2.850000000e-02	2.288713168e+00	9.200175956e-03	6.659178883e-13
-2.900000000e-02	2.288717523e+00	9.004455655e-03	6.873505581e-13
-2.950000000e-02	2.288721894e+00	8.808735602e-03	4.699731490e-13
-3.000000000e-02	2.288726283e+00	8.613015797e-03	5.460676339e-13
-3.050000000e-02	2.288730687e+00	8.417296246e-03	3.531779662e-13
-3.100000000e-02	2.288735109e+00	8.221576949e-03	4.691425977e-13
-3.150000000e-02	2.288739547e+00	8.025857915e-03	5.183802106e-13
-3.200000000e-02	2.288744002e+00	7.830139149e-03	5.592138290e-13
-3.250000000e-02	2.288748474e+00	7.634420654e-03	7.006708621e-13
-3.300000000e-02	2.288752963e+00	7.438702425e-03	6.054030634e-13
-3.350000000e-02	2.288757468e+00	7.242984484e-03	7.487232357e-13
-3.400000000e-02	2.288761990e+00	7.047266819e-03	8.194277012e-13
-3.450000000e-02	2.288766529e+00	6.851549450e-03	7.767204089e-13
-3.500000000e-02	2.288771085e+00	6.655832369e-03	4.530838336e-13
-3.550000000e-02	2.288775657e+00	6.460115582e-03	6.809243604e-13
-3.600000000e-02	2.288780246e+00	6.264399100e-03	9.127870834e-13
-3.650000000e-02	2.288784852e+00	6.068682918e-03	7.764263676e-13
-3.700000000e-02	2.288789474e+00	5.872967040e-03	4.656629899e-13
-3.750000000e-02	2.288794113e+00	5.677251484e-03	6.391928810e-13
-3.800000000e-02	2.288798769e+00	5.481536246e-03	7.760862782e-13
-3.850000000e-02	2.288803442e+00	5.285821320e-03	7.595854094e-13
-3.900000000e-02	2.288808131e+00	5.090106725e-03	8.371856033e-13
-3.950000000e-02	2.288812838e+00	4.894392463e-03	6.102150514e-13
-4.000000000e-02	2.288817561e+00	4.698678533e-03	8.386200528e-13
-4.050000000e-02	2.288822300e+00	4.502964946e-03	7.108173163e-13
-4.100000000e-02	2.288827057e+00	4.307251705e-03	7.230715750e-13
-4.150000000e-02	2.288831830e+00	4.111538802e-03	5.298344388e-13
-4.200000000e-02	2.288836620e+00	3.915826259e-03	7.491794761e-13
-4.250000000e-02	2.288841426e+00	3.720114069e-03	9.288409547e-13
-4.300000000e-02	2.288846250e+00	3.524402237e-03	6.436555086e-13
-4.350000000e-02	2.288851090e+00	3.328690769e-03	7.693112225e-13
-4.400000000e-02	2.288855947e+00	3.132979672e-03	6.253903240e-13
-4.450000000e-02	2.288860820e+00	2.937268951e-03	5.817290393e-13
-4.500000000e-02	2.288865711e+00	2.741558599e-03	6.519040548e-13
-4.550000000e-02	2.288870618e+00	2.545848640e-03	5.889758784e-13
-4.600000000e-02	2.288875541e+00	2.350139059e-03	1.009508926e-12
-4.650000000e-02	2.288880482e+00	2.154429874e-03	5.423734110e-13
-4.700000000e-02	2.288885439e+00	1.958721082e-03	3.392385623e-13
-4.750000000e-02	2.288890413e+00	1.763012688e-03	3.712298257e-13
-4.800000000e-02	2.288895404e+00	1.567304697e-03	6.842102315e-13
-4.850000000e-02	2.288900411e+00	1.371597113e-03	6.646186144e-13
-4.900000000e-02	2.288905436e+00	1.175889946e-03	8.731592445e-13
-4.950000000e-02	2.288910477e+00	9.801831853e-04	6.977999109e-13
-5.000000000e-02	2.288915534e+00	7.844768545e-04	5.804407377e-13
-5.050000000e-02	2.288920609e+00	5.887709431e-04	6.025320632e-13
-5.100000000e-02	2.288925700e+00	3.930654615e-04	8.057382310e-13
-5.150000000e-02	2.288930808e+00	1.973604171e-04	4.508620122e-13
-5.200000000e-02	2.288935932e+00	1.655814726e-06	8.566166898e-13
-5.250000000e-02	2.288941074e+00	-1.940483595e-04	9.224454939e-13
-5.300000000e-02	2.288946232e+00	-3.897520790e-04	7.268313064e-13
-5.350000000e-02	2.288951407e+00	-5.854553462e-04	5.362029648e-13
-5.400000000e-02	2.288956598e+00	-7.811581617e-04	5.746525517e-13
-5.450000000e-02	2.288961806e+00	-9.768605181e-04	6.946284297e-13
-5.500000000e-02	2.288967032e+00	-1.172562414e-03	6.662037226e-13
-5.550000000e-02	2.288972273e+00	-1.368263838e-03	5.714785394e-13
-5.600000000e-02	2.288977532e+00	-1.563964791e-03	6.467434100e-13
-5.650000000e-02	2.288982807e+00	-1.759665268e-03	2.847315146e-13
-5.700000000e-02	2.288988099e+00	-1.955365262e-03	4.321225622e-13
-5.750000000e-02	2.288993408e+00	-2.151064775e-03	7.931313346e-13
-5.800000000e-02	2.288998733e+00	-2.346763802e-03	6.938474473e-13
-5.850000000e-02	2.289004075e+00	-2.542462325e-03	4.324703581e-13
-5.900000000e-02	2.289009434e+00	-2.738160356e-03	6.083693316e-13
-5.950000000e-02	2.289014810e+00	-2.933857884e-03	7.204808738e-13
-6.000000000e-02	2.289020202e+00	-3.129554912e-03	3.353855487e-13
-6.050000000e-02	2.289025611e+00	-3.325251420e-03	6.698196001e-13
-6.100000000e-02	2.289031037e+00	-3.520947418e-03	5.284522613e-13
-6.150000000e-02	2.289036480e+00	-3.716642893e-03	9.761901428e-13
-6.200000000e-02	2.289041939e+00	-3.912337857e-03	8.432279014e-13
-6.250000000e-02	2.289047415e+00	-4.108032279e-03	6.456562346e-13
-6.300000000e-02	2.289052908e+00	-4.303726177e-03	6.160288364e-13
-6.350000000e-02	2.289058417e+00	-4.499419535e-03	7.051892678e-13
-6.400000000e-02	2.289063943e+00	-4.695112354e-03	7.103986636e-13
-6.450000000e-02	2.289069486e+00	-4.890804623e-03	3.195169677e-13
-6.500000000e-02	2.289075046e+00	-5.086496348e-03	8.110510662e-13
-6.550000000e-02	2.289080622e+00	-5.282187518e-03	8.360258479e-13
-6.600000000e-02	2.289086215e+00	-5.477878130e-03	5.579413797e-13
-6.650000000e-02	2.289091825e+00	-5.673568187e-03	9.270858279e-13
-6.700000000e-02	2.289097452e+00	-5.869257670e-03	5.330493452e-13
-6.750000000e-02	2.289103095e+00	-6.064946579e-03	8.302673970e-13
-6.800000000e-02	2.289108755e+00	-6.260634921e-03	5.700968126e-13
-6.850000000e-02	2.289114432e+00	-6.456322676e-03	7.156461930e-13
-6.900000000e-02	2.289120126e+00	-6.652009850e-03	8.667909544e-13
-6.950000000e-02	2.289125836e+00	-6.847696442e-03	6.245234196e-13
-7.000000000e-02	2.289131563e+00	-7.043382441e-03	2.492751811e-13
-7.050000000e-02	2.289137306e+00	-7.239067836e-03	9.230658035e-13
-7.100000000e-02	2.289143067e+00	-7.434752639e-03	6.124488796e-13
-7.150000000e-02	2.289148844e+00	-7.630436830e-03	5.439564214e-13
-7.200000000e-02	2.289154638e+00	-7.826120417e-03	3.161974679e-13
-7.250000000e-02	2.289160448e+00	-8.021803388e-03	3.976610072e-13
-7.300000000e-02	2.289166276e+00	-8.217485738e-03	1.157876531e-12
-7.350000000e-02	2.289172120e+00	-8.413167473e-03	8.913706453e-13
-7.400000000e-02	2.289177980e+00	-8.608848578e-03	7.803681858e-13
-7.450000000e-02	2.289183858e+00	-8.804529053e-03	5.657147705e-13
-7.500000000e-02	2.289189752e+00	-9.000208892e-03	9.472123709e-13
-7.550000000e-02	2.289195663e+00	-9.195888095e-03	6.078235969e-13
-7.600000000e-02	2.289201591e+00	-9.391566653e-03	6.953766588e-13
-7.650000000e-02	2.289207535e+00	-9.587244566e-03	6.980418920e-13
-7.700000000e-02	2.289213496e+00	-9.782921817e-03	5.058244678e-13
-7.750000000e-02	2.289219474e+00	-9.978598424e-03	4.599163050e-13
-7.800000000e-02	2.289225469e+00	-1.017427436e-02	6.696892582e-13
-7.850000000e-02	2.289231480e+00	-1.036994964e-02	4.959435539e-13
-7.900000000e-02	2.289237508e+00	-1.056562424e-02	2.850498826e-13
-7.950000000e-02	2.289243553e+00	-1.076129818e-02	8.417900917e-13
-8.000000000e-02	2.289249614e+00	-1.095697143e-02	4.924476449e-13
-8.050000000e-02	2.289255692e+00	-1.115264401e-02	2.989277681e-13
-8.100000000e-02	2.289261787e+00	-1.134831589e-02	8.054661466e-13
-8.150000000e-02	2.289267899e+00	-1.154398708e-02	8.294530625e-13
-8.200000000e-02	2.289274027e+00	-1.173965759e-02	5.324125748e-13
-8.250000000e-02	2.289280172e+00	-1.193532739e-02	4.742921889e-13
-8.300000000e-02	2.289286334e+00	-1.213099649e-02	7.031433411e-13
-8.350000000e-02	2.289292512e+00	-1.232666488e-02	6.866253506e-13
-8.400000000e-02	2.289298708e+00	-1.252233256e-02	1.178628773e-12
-8.450000000e-02	2.289304919e+00	-1.271799952e-02	4.593992562e-13
-8.500000000e-02	2.289311148e+00	-1.291366577e-02	7.914721066e-13
-8.550000000e-02	2.289317393e+00	-1.310933128e-02	9.915062718e-13
-8.600000000e-02	2.289323656e+00	-1.330499607e-02	5.966010536e-13
-8.650000000e-02	2.289329934e+00	-1.350066012e-02	5.659577813e-13
-8.700000000e-02	2.289336230e+00	-1.369632344e-02	5.860818637e-13
-8.750000000e-02	2.289342542e+00	-1.389198602e-02	8.424324685e-13
-8.800000000e-02	2.289348871e+00	-1.408764784e-02	1.047959321e-12
-8.850000000e-02	2.289355217e+00	-1.428330893e-02	5.996184851e-13
-8.900000000e-02	2.289361579e+00	-1.447896925e-02	4.335586531e-13
-8.950000000e-02	2.289367958e+00	-1.467462881e-02	6.767466885e-13
-9.000000000e-02	2.289374354e+00	-1.487028761e-02	5.251792812e-13
-9.050000000e-02	2.289380767e+00	-1.506594564e-02	3.441266895e-13
-9.100000000e-02	2.289387196e+00	-1.526160291e-02	5.103799655e-13
-9.150000000e-02	2.289393642e+00	-1.545725939e-02	8.271237625e-13
-9.200000000e-02	2.289400104e+00	-1.565291509e-02	4.909240070e-13
-9.250000000e-02	2.289406584e+00	-1.584857001e-02	3.696941072e-13
-9.300000000e-02	2.289413080e+00	-1.604422415e-02	6.943781187e-13
-9.350000000e-02	2.289419593e+00	-1.623987748e-02	7.019161608e-13
-9.400000000e-02	2.289426122e+00	-1.643553002e-02	1.865238980e-13
-9.450000000e-02	2.289432668e+00	-1.663118176e-02	7.412424057e-13
-9.500000000e-02	2.289439231e+00	-1.682683269e-02	6.330259119e-13
-9.550000000e-02	2.289445811e+00	-1.702248282e-02	5.374403492e-13
-9.600000000e-02	2.289452407e+00	-1.721813213e-02	6.063636548e-13
-9.650000000e-02	2.289459021e+00	-1.741378061e-02	4.874062285e-13
-9.700000000e-02	2.289465650e+00	-1.760942827e-02	8.509387220e-13
-9.750000000e-02	2.289472297e+00	-1.780507511e-02	5.287471245e-13
-9.800000000e-02	2.289478960e+00	-1.800072112e-02	8.539792270e-13
-9.850000000e-02	2.289485640e+00	-1.819636628e-02	1.002682452e-12
-9.900000000e-02	2.289492337e+00	-1.839201061e-02	5.976731055e-13
-9.950000000e-02	2.289499050e+00	-1.858765410e-02	7.007188794e-13
-1.000000000e-01	2.289505780e+00	-1.878329674e-02	3.056208240e-13
-1.005000000e-01	2.289512527e+00	-1.897893852e-02	4.224011004e-13
-1.010000000e-01	2.289519290e+00	-1.917457944e-02	7.729476183e-13
-1.015000000e-01	2.289526070e+00	-1.937021951e-02	9.550590356e-13
-1.020000000e-01	2.289532867e+00	-1.956585870e-02	6.956761854e-13
-1.025000000e-01	2.289539681e+00	-1.976149702e-02	4.497473642e-13
-1.030000000e-01	2.289546511e+00	-1.995713448e-02	8.475799769e-13
-1.035000000e-01	2.289553358e+00	-2.015277105e-02	6.330201092e-13
-1.040000000e-01	2.289560222e+00	-2.034840674e-02	7.483286096e-13
-1.045000000e-01	2.289567102e+00	-2.054404154e-02	4.170936724e-13
-1.050000000e-01	2.289573999e+00	-2.073967546e-02	4.734983433e-13
-1.055000000e-01	2.289580913e+00	-2.093530847e-02	2.679647621e-13
-1.060000000e-01	2.289587844e+00	-2.113094059e-02	6.620360020e-13
-1.065000000e-01	2.289594791e+00	-2.132657179e-02	4.003744769e-13
-1.070000000e-01	2.289601755e+00	-2.152220210e-02	5.684141333e-13
-1.075000000e-01	2.289608736e+00	-2.171783148e-02	7.432839743e-13
-1.080000000e-01	2.289615733e+00	-2.191345995e-02	3.232187469e-13
-1.085000000e-01	2.289622747e+00	-2.210908751e-02	4.762119132e-13
-1.090000000e-01	2.289629778e+00	-2.230471413e-02	5.870881152e-13
-1.095000000e-01	2.289636825e+00	-2.250033982e-02	5.761307612e-13
-1.100000000e-01	2.289643889e+00	-2.269596458e-02	4.436021916e-13
-1.105000000e-01	2.289650970e+00	-2.289158840e-02	7.114974427e-13
-1.110000000e-01	2.289658068e+00	-2.308721128e-02	8.703139220e-13
-1.115000000e-01	2.289665182e+00	-2.328283321e-02	8.389272741e-13
-1.120000000e-01	2.289672313e+00	-2.347845419e-02	5.745394115e-13
-1.125000000e-01	2.289679461e+00	-2.367407421e-02	8.275068669e-13
-1.130000000e-01	2.289686625e+00	-2.386969327e-02	6.428734854e-13
-1.135000000e-01	2.289693806e+00	-2.406531138e-02	4.641487663e-13
-1.140000000e-01	2.289701004e+00	-2.426092850e-02	3.555305740e-13
-1.145000000e-01	2.289708218e+00	-2.445654466e-02	5.116562146e-13
-1.150000000e-01	2.289715449e+00	-2.465215984e-02	1.740926998e-13
-1.155000000e-01	2.289722697e+00	-2.484777404e-02	6.024775863e-13
-1.160000000e-01	2.289729962e+00	-2.504338725e-02	5.506434416e-13
-1.165000000e-01	2.289737243e+00	-2.523899948e-02	9.719681012e-13
-1.170000000e-01	2.289744541e+00	-2.543461071e-02	6.694805257e-13
-1.175000000e-01	2.289751856e+00	-2.563022094e-02	7.251196236e-13
-1.180000000e-01	2.289759187e+00	-2.582583017e-02	7.119243290e-13
-1.185000000e-01	2.289766535e+00	-2.602143839e-02	8.518388208e-13
-1.190000000e-01	2.289773900e+00	-2.621704560e-02	5.891462946e-13
-1.195000000e-01	2.289781281e+00	-2.641265180e-02	4.946049163e-13
-1.200000000e-01	2.289788679e+00	-2.660825697e-02	5.387764839e-13
-1.205000000e-01	2.289796094e+00	-2.680386112e-02	7.980584508e-13
-1.210000000e-01	2.289803525e+00	-2.699946424e-02	5.786335093e-13
-1.215000000e-01	2.289810974e+00	-2.719506633e-02	7.199647255e-13
-1.220000000e-01	2.289818438e+00	-2.739066739e-02	1.000511955e-12
-1.225000000e-01	2.289825920e+00	-2.758626740e-02	3.405427024e-13
-1.230000000e-01	2.289833418e+00	-2.778186637e-02	7.100499580e-13
-1.235000000e-01	2.289840933e+00	-2.797746428e-02	7.724894588e-13
-1.240000000e-01	2.289848465e+00	-2.817306115e-02	8.250868923e-13
-1.245000000e-01	2.289856013e+00	-2.836865695e-02	7.217284771e-13
-1.250000000e-01	2.289863578e+00	-2.856425170e-02	1.839632568e-13
-1.255000000e-01	2.289871160e+00	-2.875984537e-02	3.704085005e-13
-1.260000000e-01	2.289878758e+00	-2.895543798e-02	5.294218871e-13
-1.265000000e-01	2.289886373e+00	-2.915102951e-02	7.720901169e-13
-1.270000000e-01	2.289894005e+00	-2.934661996e-02	4.743253515e-13
-1.275000000e-01	2.289901653e+00	-2.954220933e-02	5.408799987e-13
-1.280000000e-01	2.289909318e+00	-2.973779761e-02	5.709551532e-13
-1.285000000e-01	2.289917000e+00	-2.993338480e-02	6.572384171e-13
-1.290000000e-01	2.289924699e+00	-3.012897089e-02	9.822919327e-13
-1.295000000e-01	2.289932414e+00	-3.032455588e-02	4.212033946e-13
-1.300000000e-01	2.289940146e+00	-3.052013976e-02	6.486371404e-13
-1.305000000e-01	2.289947894e+00	-3.071572254e-02	6.072119047e-13
-1.310000000e-01	2.289955659e+00	-3.091130420e-02	8.225728983e-13
-1.315000000e-01	2.289963441e+00	-3.110688474e-02	6.619946926e-13
-1.320000000e-01	2.289971240e+00	-3.130246417e-02	7.882206442e-13
-1.325000000e-01	2.289979055e+00	-3.149804246e-02	6.341729578e-13
-1.330000000e-01	2.289986887e+00	-3.169361962e-02	8.283260657e-13
-1.335000000e-01	2.289994736e+00	-3.188919566e-02	7.614315036e-13
-1.340000000e-01	2.290002601e+00	-3.208477054e-02	8.139080486e-13
-1.345000000e-01	2.290010483e+00	-3.228034430e-02	4.347717858e-13
-1.350000000e-01	2.290018382e+00	-3.247591690e-02	6.761656012e-13
-1.355000000e-01	2.290026297e+00	-3.267148834e-02	7.067061377e-13
-1.360000000e-01	2.290034229e+00	-3.286705864e-02	9.463158828e-13
-1.365000000e-01	2.290042178e+00	-3.306262777e-02	7.384233818e-13
-1.370000000e-01	2.290050143e+00	-3.325819574e-02	1.975298459e-13
-1.375000000e-01	2.290058125e+00	-3.345376254e-02	7.060663402e-13
-1.380000000e-01	2.290066124e+00	-3.364932816e-02	4.666744206e-13
-1.385000000e-01	2.290074139e+00	-3.384489261e-02	8.237918557e-13
-1.390000000e-01	2.290082171e+00	-3.404045588e-02	6.593495845e-13
-1.395000000e-01	2.290090220e+00	-3.423601796e-02	6.269043176e-13
-1.400000000e-01	2.290098286e+00	-3.443157885e-02	4.711897453e-13
-1.405000000e-01	2.290106368e+00	-3.462713854e-02	8.469971699e-13
-1.410000000e-01	2.290114467e+00	-3.482269704e-02	7.036374633e-13
-1.415000000e-01	2.290122582e+00	-3.501825434e-02	4.527809969e-13
-1.420000000e-01	2.290130714e+00	-3.521381043e-02	5.547681313e-13
-1.425000000e-01	2.290138863e+00	-3.540936530e-02	5.668061108e-13
-1.430000000e-01	2.290147028e+00	-3.560491896e-02	5.403229422e-13
-1.435000000e-01	2.290155210e+00	-3.580047140e-02	4.298037223e-13
-1.440000000e-01	2.290163409e+00	-3.599602262e-02	6.458279864e-13
-1.445000000e-01	2.290171625e+00	-3.619157261e-02	9.431360501e-13
-1.450000000e-01	2.290179857e+00	-3.638712136e-02	1.094760951e-12
-1.455000000e-01	2.290188106e+00	-3.658266888e-02	5.432015157e-13
-1.460000000e-01	2.290196371e+00	-3.677821516e-02	5.078104773e-13
-1.465000000e-01	2.290204653e+00	-3.697376019e-02	4.363748388e-13
-1.470000000e-01	2.290212952e+00	-3.716930397e-02	5.469884648e-13
-1.475000000e-01	2.290221268e+00	-3.736484650e-02	8.085845885e-13
-1.480000000e-01	2.290229600e+00	-3.756038777e-02	4.204771957e-13
-1.485000000e-01	2.290237949e+00	-3.775592778e-02	4.862467349e-13
-1.490000000e-01	2.290246314e+00	-3.795146651e-02	4.750279557e-13
-1.495000000e-01	2.290254696e+00	-3.814700399e-02	5.433142484e-13
-1.500000000e-01	2.290263095e+00	-3.834254017e-02	8.646423059e-13
