# epsi_ci     Re(Lambda)      Im(Lambda)      Eq(det), R = 0.10 $\mu$m, $E_p$ = 0.900 eV, modo = 1, $\epsilon_\infty$ = 3.9, $\gamma_{DL}$ = 0.01 eV, solve_det_sinkz_vs_mu.py
0.000000000e+00	2.297076831e+00	2.073995470e-02	3.797154391e-13
-5.000000000e-04	2.297080270e+00	2.054362723e-02	5.084805767e-13
-1.000000000e-03	2.297083727e+00	2.034729976e-02	5.235913406e-13
-1.500000000e-03	2.297087200e+00	2.015097229e-02	4.562528971e-13
-2.000000000e-03	2.297090690e+00	1.995464482e-02	8.218692272e-13
-2.500000000e-03	2.297094197e+00	1.975831736e-02	3.708334172e-13
-3.000000000e-03	2.297097720e+00	1.956198992e-02	1.862251112e-13
-3.500000000e-03	2.297101261e+00	1.936566250e-02	4.764209494e-13
-4.000000000e-03	2.297104818e+00	1.916933509e-02	7.074885598e-13
-4.500000000e-03	2.297108392e+00	1.897300772e-02	4.461369438e-13
-5.000000000e-03	2.297111983e+00	1.877668037e-02	9.112455316e-13
-5.500000000e-03	2.297115590e+00	1.858035306e-02	6.646455373e-13
-6.000000000e-03	2.297119214e+00	1.838402580e-02	5.020483680e-13
-6.500000000e-03	2.297122855e+00	1.818769857e-02	6.969813034e-13
-7.000000000e-03	2.297126513e+00	1.799137139e-02	3.898473900e-13
-7.500000000e-03	2.297130188e+00	1.779504427e-02	2.113319129e-13
-8.000000000e-03	2.297133879e+00	1.759871720e-02	4.817194315e-13
-8.500000000e-03	2.297137587e+00	1.740239020e-02	6.250723853e-13
-9.000000000e-03	2.297141312e+00	1.720606326e-02	9.664395805e-13
-9.500000000e-03	2.297145054e+00	1.700973639e-02	3.401074291e-13
-1.000000000e-02	2.297148812e+00	1.681340959e-02	4.740764384e-13
-1.050000000e-02	2.297152587e+00	1.661708287e-02	8.698649923e-13
-1.100000000e-02	2.297156379e+00	1.642075624e-02	6.902531813e-13
-1.150000000e-02	2.297160188e+00	1.622442969e-02	5.609209273e-13
-1.200000000e-02	2.297164014e+00	1.602810323e-02	5.452595826e-13
-1.250000000e-02	2.297167856e+00	1.583177687e-02	2.639798256e-13
-1.300000000e-02	2.297171715e+00	1.563545061e-02	7.123218869e-13
-1.350000000e-02	2.297175591e+00	1.543912445e-02	4.393068317e-13
-1.400000000e-02	2.297179484e+00	1.524279840e-02	5.555128107e-13
-1.450000000e-02	2.297183393e+00	1.504647247e-02	4.336271869e-13
-1.500000000e-02	2.297187320e+00	1.485014665e-02	5.935586787e-13
-1.550000000e-02	2.297191263e+00	1.465382096e-02	3.405163872e-13
-1.600000000e-02	2.297195223e+00	1.445749538e-02	8.259939894e-13
-1.650000000e-02	2.297199199e+00	1.426116995e-02	5.415176315e-13
-1.700000000e-02	2.297203193e+00	1.406484463e-02	6.255347303e-13
-1.750000000e-02	2.297207203e+00	1.386851946e-02	6.029370345e-13
-1.800000000e-02	2.297211230e+00	1.367219445e-02	5.597352503e-13
-1.850000000e-02	2.297215273e+00	1.347586957e-02	7.291073978e-13
-1.900000000e-02	2.297219334e+00	1.327954484e-02	6.247019959e-13
-1.950000000e-02	2.297223411e+00	1.308322026e-02	6.338628300e-13
-2.000000000e-02	2.297227505e+00	1.288689586e-02	7.387813436e-13
-2.050000000e-02	2.297231616e+00	1.269057161e-02	4.683177794e-13
-2.100000000e-02	2.297235743e+00	1.249424753e-02	6.301145117e-13
-2.150000000e-02	2.297239888e+00	1.229792363e-02	2.421610690e-13
-2.200000000e-02	2.297244049e+00	1.210159990e-02	8.362691876e-13
-2.250000000e-02	2.297248227e+00	1.190527636e-02	5.325816331e-13
-2.300000000e-02	2.297252422e+00	1.170895300e-02	6.261361878e-13
-2.350000000e-02	2.297256633e+00	1.151262982e-02	8.145509800e-13
-2.400000000e-02	2.297260861e+00	1.131630686e-02	7.172493612e-13
-2.450000000e-02	2.297265106e+00	1.111998408e-02	5.827809242e-13
-2.500000000e-02	2.297269368e+00	1.092366150e-02	6.918839060e-13
-2.550000000e-02	2.297273647e+00	1.072733914e-02	7.363586884e-13
-2.600000000e-02	2.297277942e+00	1.053101698e-02	7.504721518e-13
-2.650000000e-02	2.297282254e+00	1.033469504e-02	2.856650256e-13
-2.700000000e-02	2.297286583e+00	1.013837333e-02	5.608775140e-13
-2.750000000e-02	2.297290929e+00	9.942051836e-03	5.922768070e-13
-2.800000000e-02	2.297295291e+00	9.745730567e-03	6.196250242e-13
-2.850000000e-02	2.297299671e+00	9.549409537e-03	5.050851684e-13
-2.900000000e-02	2.297304067e+00	9.353088743e-03	6.525712637e-13
-2.950000000e-02	2.297308479e+00	9.156768194e-03	4.964802099e-13
-3.000000000e-02	2.297312909e+00	8.960447888e-03	5.208579989e-13
-3.050000000e-02	2.297317355e+00	8.764127834e-03	6.264715729e-13
-3.100000000e-02	2.297321818e+00	8.567808034e-03	8.222525905e-13
-3.150000000e-02	2.297326298e+00	8.371488492e-03	7.656289891e-13
-3.200000000e-02	2.297330795e+00	8.175169211e-03	3.613285834e-13
-3.250000000e-02	2.297335308e+00	7.978850205e-03	9.870665196e-13
-3.300000000e-02	2.297339839e+00	7.782531462e-03	5.362742706e-13
-3.350000000e-02	2.297344386e+00	7.586212999e-03	6.143895823e-13
-3.400000000e-02	2.297348949e+00	7.389894815e-03	9.694283191e-13
-3.450000000e-02	2.297353530e+00	7.193576914e-03	6.782764075e-13
-3.500000000e-02	2.297358127e+00	6.997259308e-03	1.226417572e-12
-3.550000000e-02	2.297362741e+00	6.800941997e-03	8.226053058e-13
-3.600000000e-02	2.297367372e+00	6.604624978e-03	4.206574185e-13
-3.650000000e-02	2.297372020e+00	6.408308257e-03	5.950913723e-13
-3.700000000e-02	2.297376684e+00	6.211991852e-03	2.701240913e-13
-3.750000000e-02	2.297381365e+00	6.015675754e-03	4.950621277e-13
-3.800000000e-02	2.297386063e+00	5.819359968e-03	6.018722317e-13
-3.850000000e-02	2.297390778e+00	5.623044499e-03	7.224778818e-13
-3.900000000e-02	2.297395510e+00	5.426729363e-03	8.006703161e-13
-3.950000000e-02	2.297400258e+00	5.230414550e-03	6.108720235e-13
-4.000000000e-02	2.297405023e+00	5.034100067e-03	4.594257638e-13
-4.050000000e-02	2.297409805e+00	4.837785924e-03	7.895262363e-13
-4.100000000e-02	2.297414603e+00	4.641472119e-03	9.072985952e-13
-4.150000000e-02	2.297419419e+00	4.445158653e-03	9.298681866e-13
-4.200000000e-02	2.297424251e+00	4.248845546e-03	5.966089342e-13
-4.250000000e-02	2.297429100e+00	4.052532785e-03	6.541643724e-13
-4.300000000e-02	2.297433966e+00	3.856220387e-03	8.212467819e-13
-4.350000000e-02	2.297438848e+00	3.659908351e-03	5.665835941e-13
-4.400000000e-02	2.297443747e+00	3.463596679e-03	4.850603966e-13
-4.450000000e-02	2.297448663e+00	3.267285377e-03	4.616177855e-13
-4.500000000e-02	2.297453596e+00	3.070974449e-03	3.593528922e-13
-4.550000000e-02	2.297458546e+00	2.874663908e-03	7.283453295e-13
-4.600000000e-02	2.297463512e+00	2.678353740e-03	4.978873429e-13
-4.650000000e-02	2.297468495e+00	2.482043964e-03	6.411638432e-13
-4.700000000e-02	2.297473495e+00	2.285734584e-03	9.259830542e-13
-4.750000000e-02	2.297478512e+00	2.089425598e-03	7.630853938e-13
-4.800000000e-02	2.297483545e+00	1.893117007e-03	9.871282241e-13
-4.850000000e-02	2.297488595e+00	1.696808831e-03	4.553493025e-13
-4.900000000e-02	2.297493662e+00	1.500501059e-03	4.184600739e-13
-4.950000000e-02	2.297498746e+00	1.304193705e-03	7.723915000e-13
-5.000000000e-02	2.297503846e+00	1.107886763e-03	9.330792163e-13
-5.050000000e-02	2.297508964e+00	9.115802442e-04	6.793675216e-13
-5.100000000e-02	2.297514098e+00	7.152741490e-04	1.068085612e-12
-5.150000000e-02	2.297519249e+00	5.189684907e-04	4.730987303e-13
-5.200000000e-02	2.297524416e+00	3.226632702e-04	6.935734033e-13
-5.250000000e-02	2.297529601e+00	1.263584790e-04	3.970040675e-13
-5.300000000e-02	2.297534802e+00	-6.994586402e-05	7.656135868e-13
-5.350000000e-02	2.297540020e+00	-2.662497604e-04	1.004501520e-12
-5.400000000e-02	2.297545254e+00	-4.625531953e-04	5.023278595e-13
-5.450000000e-02	2.297550506e+00	-6.588561863e-04	7.011125633e-13
-5.500000000e-02	2.297555774e+00	-8.551587042e-04	6.932662443e-13
-5.550000000e-02	2.297561059e+00	-1.051460764e-03	7.509190274e-13
-5.600000000e-02	2.297566360e+00	-1.247762359e-03	4.411209681e-13
-5.650000000e-02	2.297571679e+00	-1.444063477e-03	4.417956013e-13
-5.700000000e-02	2.297577014e+00	-1.640364111e-03	7.291222133e-13
-5.750000000e-02	2.297582366e+00	-1.836664269e-03	5.614608527e-13
-5.800000000e-02	2.297587735e+00	-2.032963941e-03	8.208458704e-13
-5.850000000e-02	2.297593121e+00	-2.229263120e-03	5.283226874e-13
-5.900000000e-02	2.297598523e+00	-2.425561799e-03	6.324388707e-13
-5.950000000e-02	2.297603942e+00	-2.621859983e-03	5.494374218e-13
-6.000000000e-02	2.297609378e+00	-2.818157664e-03	4.081296559e-13
-6.050000000e-02	2.297614831e+00	-3.014454838e-03	4.691263801e-13
-6.100000000e-02	2.297620300e+00	-3.210751500e-03	7.095778154e-13
-6.150000000e-02	2.297625786e+00	-3.407047638e-03	7.881320160e-13
-6.200000000e-02	2.297631289e+00	-3.603343262e-03	3.570711600e-13
-6.250000000e-02	2.297636809e+00	-3.799638359e-03	2.817860901e-13
-6.300000000e-02	2.297642345e+00	-3.995932927e-03	3.213291531e-13
-6.350000000e-02	2.297647898e+00	-4.192226961e-03	5.236878054e-13
-6.400000000e-02	2.297653468e+00	-4.388520460e-03	6.177236046e-13
-6.450000000e-02	2.297659055e+00	-4.584813413e-03	6.056357542e-13
-6.500000000e-02	2.297664659e+00	-4.781105814e-03	6.435413810e-13
-6.550000000e-02	2.297670279e+00	-4.977397675e-03	4.822563904e-13
-6.600000000e-02	2.297675916e+00	-5.173688978e-03	7.673441343e-13
-6.650000000e-02	2.297681570e+00	-5.369979713e-03	9.378272391e-13
-6.700000000e-02	2.297687240e+00	-5.566269893e-03	4.373768694e-13
-6.750000000e-02	2.297692928e+00	-5.762559503e-03	3.973223089e-13
-6.800000000e-02	2.297698632e+00	-5.958848538e-03	5.873376593e-13
-6.850000000e-02	2.297704353e+00	-6.155137001e-03	6.740366866e-13
-6.900000000e-02	2.297710090e+00	-6.351424874e-03	6.031082779e-13
-6.950000000e-02	2.297715845e+00	-6.547712167e-03	4.480010425e-13
-7.000000000e-02	2.297721616e+00	-6.743998878e-03	7.757650544e-13
-7.050000000e-02	2.297727404e+00	-6.940284980e-03	9.921253306e-13
-7.100000000e-02	2.297733208e+00	-7.136570499e-03	6.420545949e-13
-7.150000000e-02	2.297739030e+00	-7.332855403e-03	4.875835567e-13
-7.200000000e-02	2.297744868e+00	-7.529139707e-03	6.757918873e-13
-7.250000000e-02	2.297750723e+00	-7.725423403e-03	4.489539488e-13
-7.300000000e-02	2.297756595e+00	-7.921706482e-03	7.966929462e-13
-7.350000000e-02	2.297762483e+00	-8.117988934e-03	8.886605844e-13
-7.400000000e-02	2.297768388e+00	-8.314270767e-03	7.731573337e-13
-7.450000000e-02	2.297774310e+00	-8.510551973e-03	3.984281713e-13
-7.500000000e-02	2.297780249e+00	-8.706832549e-03	6.326803598e-13
-7.550000000e-02	2.297786205e+00	-8.903112481e-03	2.472577640e-13
-7.600000000e-02	2.297792177e+00	-9.099391777e-03	4.830078342e-13
-7.650000000e-02	2.297798166e+00	-9.295670427e-03	4.155184151e-13
-7.700000000e-02	2.297804172e+00	-9.491948424e-03	7.364968277e-13
-7.750000000e-02	2.297810194e+00	-9.688225774e-03	7.037377252e-13
-7.800000000e-02	2.297816234e+00	-9.884502460e-03	5.835073321e-13
-7.850000000e-02	2.297822290e+00	-1.008077848e-02	5.258048570e-13
-7.900000000e-02	2.297828362e+00	-1.027705385e-02	4.892152000e-13
-7.950000000e-02	2.297834452e+00	-1.047332853e-02	7.213138466e-13
-8.000000000e-02	2.297840558e+00	-1.066960255e-02	1.059723644e-12
-8.050000000e-02	2.297846681e+00	-1.086587588e-02	6.743079037e-13
-8.100000000e-02	2.297852821e+00	-1.106214853e-02	8.679000230e-13
-8.150000000e-02	2.297858978e+00	-1.125842049e-02	9.313886394e-13
-8.200000000e-02	2.297865151e+00	-1.145469175e-02	5.300816627e-13
-8.250000000e-02	2.297871341e+00	-1.165096233e-02	4.676887313e-13
-8.300000000e-02	2.297877548e+00	-1.184723220e-02	6.410332801e-13
-8.350000000e-02	2.297883772e+00	-1.204350137e-02	6.200037628e-13
-8.400000000e-02	2.297890012e+00	-1.223976982e-02	6.837246806e-13
-8.450000000e-02	2.297896269e+00	-1.243603756e-02	4.829935378e-13
-8.500000000e-02	2.297902543e+00	-1.263230458e-02	8.062442580e-13
-8.550000000e-02	2.297908834e+00	-1.282857088e-02	8.628979327e-13
-8.600000000e-02	2.297915141e+00	-1.302483646e-02	6.850553266e-13
-8.650000000e-02	2.297921465e+00	-1.322110131e-02	8.445802424e-13
-8.700000000e-02	2.297927806e+00	-1.341736541e-02	6.171244926e-13
-8.750000000e-02	2.297934164e+00	-1.361362878e-02	7.362640239e-13
-8.800000000e-02	2.297940538e+00	-1.380989140e-02	7.647142878e-13
-8.850000000e-02	2.297946929e+00	-1.400615328e-02	8.672267717e-13
-8.900000000e-02	2.297953337e+00	-1.420241441e-02	7.463412771e-13
-8.950000000e-02	2.297959762e+00	-1.439867477e-02	4.792486680e-13
-9.000000000e-02	2.297966203e+00	-1.459493438e-02	5.686906004e-13
-9.050000000e-02	2.297972661e+00	-1.479119322e-02	5.130671287e-13
-9.100000000e-02	2.297979136e+00	-1.498745129e-02	4.703239586e-13
-9.150000000e-02	2.297985628e+00	-1.518370859e-02	1.049514915e-12
-9.200000000e-02	2.297992136e+00	-1.537996512e-02	9.430434725e-13
-9.250000000e-02	2.297998661e+00	-1.557622084e-02	1.892226699e-12
-9.300000000e-02	2.298005203e+00	-1.577247580e-02	9.570890197e-13
-9.350000000e-02	2.298011762e+00	-1.596872996e-02	6.435720734e-13
-9.400000000e-02	2.298018337e+00	-1.616498332e-02	5.974023125e-13
-9.450000000e-02	2.298024929e+00	-1.636123589e-02	6.330119296e-13
-9.500000000e-02	2.298031538e+00	-1.655748765e-02	7.996812910e-13
-9.550000000e-02	2.298038164e+00	-1.675373860e-02	8.755720819e-13
-9.600000000e-02	2.298044806e+00	-1.694998874e-02	3.946146294e-13
-9.650000000e-02	2.298051465e+00	-1.714623807e-02	4.486314894e-13
-9.700000000e-02	2.298058141e+00	-1.734248657e-02	5.763839111e-13
-9.750000000e-02	2.298064834e+00	-1.753873425e-02	4.210502838e-13
-9.800000000e-02	2.298071543e+00	-1.773498110e-02	6.312439879e-13
-9.850000000e-02	2.298078269e+00	-1.793122711e-02	4.692153538e-13
-9.900000000e-02	2.298085012e+00	-1.812747229e-02	4.460601647e-13
-9.950000000e-02	2.298091772e+00	-1.832371662e-02	6.746771566e-13
-1.000000000e-01	2.298098548e+00	-1.851996011e-02	5.994071079e-13
-1.005000000e-01	2.298105341e+00	-1.871620275e-02	9.899453846e-13
-1.010000000e-01	2.298112151e+00	-1.891244453e-02	7.202410265e-13
-1.015000000e-01	2.298118977e+00	-1.910868546e-02	8.820099046e-13
-1.020000000e-01	2.298125821e+00	-1.930492551e-02	6.489844213e-13
-1.025000000e-01	2.298132681e+00	-1.950116470e-02	7.614301615e-13
-1.030000000e-01	2.298139557e+00	-1.969740302e-02	6.647669849e-13
-1.035000000e-01	2.298146451e+00	-1.989364047e-02	6.636859576e-13
-1.040000000e-01	2.298153361e+00	-2.008987703e-02	7.359127501e-13
-1.045000000e-01	2.298160288e+00	-2.028611270e-02	6.473728189e-13
-1.050000000e-01	2.298167232e+00	-2.048234749e-02	6.147961146e-13
-1.055000000e-01	2.298174192e+00	-2.067858138e-02	7.174990567e-13
-1.060000000e-01	2.298181170e+00	-2.087481438e-02	7.417417907e-13
-1.065000000e-01	2.298188164e+00	-2.107104647e-02	6.989400962e-13
-1.070000000e-01	2.298195174e+00	-2.126727766e-02	6.408750033e-13
-1.075000000e-01	2.298202202e+00	-2.146350794e-02	4.335610659e-13
-1.080000000e-01	2.298209246e+00	-2.165973730e-02	5.998235278e-13
-1.085000000e-01	2.298216307e+00	-2.185596574e-02	5.720218498e-13
-1.090000000e-01	2.298223384e+00	-2.205219326e-02	5.818192422e-13
-1.095000000e-01	2.298230479e+00	-2.224841984e-02	7.371913659e-13
-1.100000000e-01	2.298237590e+00	-2.244464550e-02	7.208234716e-13
-1.105000000e-01	2.298244718e+00	-2.264087022e-02	8.168960163e-13
-1.110000000e-01	2.298251862e+00	-2.283709401e-02	6.641864872e-13
-1.115000000e-01	2.298259024e+00	-2.303331685e-02	8.782441748e-13
-1.120000000e-01	2.298266202e+00	-2.322953873e-02	8.056234040e-13
-1.125000000e-01	2.298273396e+00	-2.342575967e-02	7.333116720e-13
-1.130000000e-01	2.298280608e+00	-2.362197964e-02	5.157076998e-13
-1.135000000e-01	2.298287836e+00	-2.381819865e-02	2.564515385e-13
-1.140000000e-01	2.298295081e+00	-2.401441670e-02	3.458568995e-13
-1.145000000e-01	2.298302343e+00	-2.421063378e-02	8.332599931e-13
-1.150000000e-01	2.298309621e+00	-2.440684988e-02	6.830774469e-13
-1.155000000e-01	2.298316917e+00	-2.460306500e-02	4.099745115e-13
-1.160000000e-01	2.298324228e+00	-2.479927914e-02	1.196357294e-13
-1.165000000e-01	2.298331557e+00	-2.499549229e-02	6.485816400e-13
-1.170000000e-01	2.298338902e+00	-2.519170446e-02	7.913274625e-13
-1.175000000e-01	2.298346265e+00	-2.538791562e-02	6.396507108e-13
-1.180000000e-01	2.298353643e+00	-2.558412579e-02	6.756328063e-13
-1.185000000e-01	2.298361039e+00	-2.578033494e-02	5.992687839e-13
-1.190000000e-01	2.298368451e+00	-2.597654309e-02	5.771145694e-13
-1.195000000e-01	2.298375880e+00	-2.617275023e-02	6.422028278e-13
-1.200000000e-01	2.298383326e+00	-2.636895635e-02	2.753070421e-13
-1.205000000e-01	2.298390788e+00	-2.656516145e-02	5.232472204e-13
-1.210000000e-01	2.298398268e+00	-2.676136551e-02	9.361506548e-13
-1.215000000e-01	2.298405764e+00	-2.695756856e-02	6.582167138e-13
-1.220000000e-01	2.298413276e+00	-2.715377056e-02	7.635529275e-13
-1.225000000e-01	2.298420806e+00	-2.734997153e-02	4.533455052e-13
-1.230000000e-01	2.298428352e+00	-2.754617145e-02	6.275948497e-13
-1.235000000e-01	2.298435914e+00	-2.774237033e-02	4.744145856e-13
-1.240000000e-01	2.298443494e+00	-2.793856816e-02	5.763891921e-13
-1.245000000e-01	2.298451090e+00	-2.813476493e-02	7.217880371e-13
-1.250000000e-01	2.298458703e+00	-2.833096063e-02	4.939427118e-13
-1.255000000e-01	2.298466333e+00	-2.852715528e-02	4.536959812e-13
-1.260000000e-01	2.298473979e+00	-2.872334886e-02	1.159951101e-12
-1.265000000e-01	2.298481643e+00	-2.891954136e-02	5.628978005e-13
-1.270000000e-01	2.298489322e+00	-2.911573279e-02	5.651521474e-13
-1.275000000e-01	2.298497019e+00	-2.931192313e-02	3.611351512e-13
-1.280000000e-01	2.298504732e+00	-2.950811239e-02	8.836081539e-13
-1.285000000e-01	2.298512462e+00	-2.970430056e-02	6.213032263e-13
-1.290000000e-01	2.298520209e+00	-2.990048763e-02	4.659119212e-13
-1.295000000e-01	2.298527973e+00	-3.009667361e-02	8.484800740e-13
-1.300000000e-01	2.298535753e+00	-3.029285848e-02	6.780678372e-13
-1.305000000e-01	2.298543550e+00	-3.048904225e-02	3.184520125e-13
-1.310000000e-01	2.298551363e+00	-3.068522490e-02	4.928103711e-13
-1.315000000e-01	2.298559194e+00	-3.088140644e-02	2.339889605e-13
-1.320000000e-01	2.298567041e+00	-3.107758686e-02	7.472534257e-13
-1.325000000e-01	2.298574905e+00	-3.127376615e-02	1.101565183e-12
-1.330000000e-01	2.298582785e+00	-3.146994432e-02	6.283292209e-13
-1.335000000e-01	2.298590682e+00	-3.166612136e-02	4.966899762e-13
-1.340000000e-01	2.298598596e+00	-3.186229725e-02	4.359467167e-13
-1.345000000e-01	2.298606527e+00	-3.205847200e-02	6.415881278e-13
-1.350000000e-01	2.298614474e+00	-3.225464562e-02	4.836060317e-13
-1.355000000e-01	2.298622438e+00	-3.245081808e-02	6.981087775e-13
-1.360000000e-01	2.298630419e+00	-3.264698938e-02	8.518248521e-13
-1.365000000e-01	2.298638417e+00	-3.284315953e-02	4.315083544e-13
-1.370000000e-01	2.298646431e+00	-3.303932852e-02	7.327358179e-13
-1.375000000e-01	2.298654462e+00	-3.323549634e-02	8.173005112e-13
-1.380000000e-01	2.298662509e+00	-3.343166298e-02	6.950035018e-13
-1.385000000e-01	2.298670574e+00	-3.362782846e-02	6.363726684e-13
-1.390000000e-01	2.298678655e+00	-3.382399275e-02	5.634755349e-13
-1.395000000e-01	2.298686753e+00	-3.402015586e-02	4.746717370e-13
-1.400000000e-01	2.298694867e+00	-3.421631778e-02	6.476104298e-13
-1.405000000e-01	2.298702998e+00	-3.441247851e-02	9.492856061e-13
-1.410000000e-01	2.298711146e+00	-3.460863804e-02	6.286585092e-13
-1.415000000e-01	2.298719311e+00	-3.480479637e-02	7.591991568e-13
-1.420000000e-01	2.298727492e+00	-3.500095350e-02	2.514578811e-13
-1.425000000e-01	2.298735690e+00	-3.519710941e-02	1.912850095e-13
-1.430000000e-01	2.298743905e+00	-3.539326412e-02	4.032333167e-13
-1.435000000e-01	2.298752136e+00	-3.558941760e-02	7.074065016e-13
-1.440000000e-01	2.298760384e+00	-3.578556987e-02	7.162059539e-13
-1.445000000e-01	2.298768649e+00	-3.598172091e-02	6.357376282e-13
-1.450000000e-01	2.298776931e+00	-3.617787072e-02	4.996342656e-13
-1.455000000e-01	2.298785229e+00	-3.637401929e-02	6.843592422e-13
-1.460000000e-01	2.298793544e+00	-3.657016661e-02	5.765815532e-13
-1.465000000e-01	2.298801875e+00	-3.676631271e-02	6.226550201e-13
-1.470000000e-01	2.298810224e+00	-3.696245755e-02	4.343821096e-13
-1.475000000e-01	2.298818589e+00	-3.715860114e-02	3.182649354e-13
-1.480000000e-01	2.298826970e+00	-3.735474347e-02	7.070518524e-13
-1.485000000e-01	2.298835369e+00	-3.755088455e-02	7.461018298e-13
-1.490000000e-01	2.298843784e+00	-3.774702436e-02	8.264763455e-13
-1.495000000e-01	2.298852216e+00	-3.794316289e-02	5.708117015e-13
-1.500000000e-01	2.298860664e+00	-3.813930016e-02	5.990894061e-13
