# epsi_ci     Re(Lambda)      Im(Lambda)      Eq(det), R = 0.10 $\mu$m, $E_p$ = 0.900 eV, modo = 1, $\epsilon_\infty$ = 3.9, $\gamma_{DL}$ = 0.01 eV, solve_det_sinkz_vs_mu.py
0.000000000e+00	2.312556443e+00	2.154855882e-02	6.580674166e-13
-5.000000000e-04	2.312559930e+00	2.135134064e-02	6.203756766e-13
-1.000000000e-03	2.312563434e+00	2.115412245e-02	7.414458138e-13
-1.500000000e-03	2.312566955e+00	2.095690423e-02	5.782512913e-13
-2.000000000e-03	2.312570492e+00	2.075968601e-02	3.328156068e-13
-2.500000000e-03	2.312574046e+00	2.056246779e-02	6.966291303e-13
-3.000000000e-03	2.312577617e+00	2.036524957e-02	5.779179141e-13
-3.500000000e-03	2.312581204e+00	2.016803135e-02	7.253986424e-13
-4.000000000e-03	2.312584809e+00	1.997081313e-02	4.786639781e-13
-4.500000000e-03	2.312588430e+00	1.977359493e-02	8.106390873e-13
-5.000000000e-03	2.312592068e+00	1.957637675e-02	4.356385916e-13
-5.500000000e-03	2.312595723e+00	1.937915859e-02	5.610191673e-13
-6.000000000e-03	2.312599394e+00	1.918194045e-02	4.011022042e-13
-6.500000000e-03	2.312603083e+00	1.898472234e-02	7.466115925e-13
-7.000000000e-03	2.312606788e+00	1.878750426e-02	4.709596891e-13
-7.500000000e-03	2.312610510e+00	1.859028623e-02	9.769921754e-13
-8.000000000e-03	2.312614248e+00	1.839306824e-02	4.138337256e-13
-8.500000000e-03	2.312618004e+00	1.819585028e-02	4.028799342e-13
-9.000000000e-03	2.312621776e+00	1.799863239e-02	6.629307131e-13
-9.500000000e-03	2.312625565e+00	1.780141455e-02	4.750110770e-13
-1.000000000e-02	2.312629371e+00	1.760419676e-02	6.023478125e-13
-1.050000000e-02	2.312633194e+00	1.740697904e-02	7.456492312e-13
-1.100000000e-02	2.312637033e+00	1.720976140e-02	5.391437734e-13
-1.150000000e-02	2.312640890e+00	1.701254382e-02	6.702428574e-13
-1.200000000e-02	2.312644763e+00	1.681532631e-02	7.247557740e-13
-1.250000000e-02	2.312648652e+00	1.661810889e-02	3.279006485e-13
-1.300000000e-02	2.312652559e+00	1.642089156e-02	6.356370545e-13
-1.350000000e-02	2.312656482e+00	1.622367431e-02	6.722434741e-13
-1.400000000e-02	2.312660423e+00	1.602645716e-02	7.410107273e-13
-1.450000000e-02	2.312664380e+00	1.582924010e-02	3.294992371e-13
-1.500000000e-02	2.312668353e+00	1.563202314e-02	9.344923019e-13
-1.550000000e-02	2.312672344e+00	1.543480630e-02	4.510094211e-13
-1.600000000e-02	2.312676351e+00	1.523758956e-02	5.603217939e-13
-1.650000000e-02	2.312680375e+00	1.504037294e-02	2.363997256e-13
-1.700000000e-02	2.312684416e+00	1.484315644e-02	7.085663311e-13
-1.750000000e-02	2.312688474e+00	1.464594006e-02	9.511152945e-13
-1.800000000e-02	2.312692548e+00	1.444872380e-02	6.259408265e-13
-1.850000000e-02	2.312696640e+00	1.425150769e-02	3.514500409e-13
-1.900000000e-02	2.312700748e+00	1.405429170e-02	8.390134809e-13
-1.950000000e-02	2.312704873e+00	1.385707586e-02	5.205472005e-13
-2.000000000e-02	2.312709014e+00	1.365986017e-02	9.204314194e-13
-2.050000000e-02	2.312713173e+00	1.346264462e-02	6.513121730e-13
-2.100000000e-02	2.312717348e+00	1.326542922e-02	4.092101099e-13
-2.150000000e-02	2.312721540e+00	1.306821398e-02	6.291828887e-13
-2.200000000e-02	2.312725749e+00	1.287099890e-02	7.584543078e-13
-2.250000000e-02	2.312729974e+00	1.267378399e-02	5.745041414e-13
-2.300000000e-02	2.312734217e+00	1.247656926e-02	5.777808821e-13
-2.350000000e-02	2.312738476e+00	1.227935469e-02	4.521859249e-13
-2.400000000e-02	2.312742752e+00	1.208214031e-02	8.588382675e-13
-2.450000000e-02	2.312747044e+00	1.188492610e-02	5.800870202e-13
-2.500000000e-02	2.312751354e+00	1.168771209e-02	4.736506596e-13
-2.550000000e-02	2.312755680e+00	1.149049827e-02	4.444454330e-13
-2.600000000e-02	2.312760023e+00	1.129328464e-02	6.814666471e-13
-2.650000000e-02	2.312764383e+00	1.109607121e-02	6.100466592e-13
-2.700000000e-02	2.312768760e+00	1.089885800e-02	7.690730832e-13
-2.750000000e-02	2.312773153e+00	1.070164498e-02	9.001895133e-13
-2.800000000e-02	2.312777563e+00	1.050443218e-02	7.005334154e-13
-2.850000000e-02	2.312781990e+00	1.030721960e-02	3.062369634e-13
-2.900000000e-02	2.312786434e+00	1.011000724e-02	4.452642047e-13
-2.950000000e-02	2.312790895e+00	9.912795106e-03	7.282957525e-13
-3.000000000e-02	2.312795372e+00	9.715583197e-03	1.052982632e-12
-3.050000000e-02	2.312799866e+00	9.518371530e-03	5.233138942e-13
-3.100000000e-02	2.312804377e+00	9.321160102e-03	2.986459508e-13
-3.150000000e-02	2.312808905e+00	9.123948909e-03	8.102491181e-13
-3.200000000e-02	2.312813449e+00	8.926737970e-03	5.904038003e-13
-3.250000000e-02	2.312818011e+00	8.729527287e-03	7.343567849e-13
-3.300000000e-02	2.312822589e+00	8.532316850e-03	5.474485388e-13
-3.350000000e-02	2.312827184e+00	8.335106679e-03	6.988406431e-13
-3.400000000e-02	2.312831795e+00	8.137896772e-03	1.130898402e-13
-3.450000000e-02	2.312836424e+00	7.940687136e-03	5.915743231e-13
-3.500000000e-02	2.312841069e+00	7.743477770e-03	5.174549939e-13
-3.550000000e-02	2.312845731e+00	7.546268678e-03	6.182938958e-13
-3.600000000e-02	2.312850410e+00	7.349059869e-03	6.086703675e-13
-3.650000000e-02	2.312855105e+00	7.151851351e-03	6.335278800e-13
-3.700000000e-02	2.312859818e+00	6.954643116e-03	5.959446583e-13
-3.750000000e-02	2.312864547e+00	6.757435178e-03	6.075555568e-13
-3.800000000e-02	2.312869293e+00	6.560227539e-03	5.198133753e-13
-3.850000000e-02	2.312874056e+00	6.363020207e-03	6.807072646e-13
-3.900000000e-02	2.312878835e+00	6.165813178e-03	8.251687547e-13
-3.950000000e-02	2.312883631e+00	5.968606459e-03	4.316676756e-13
-4.000000000e-02	2.312888444e+00	5.771400062e-03	5.355162744e-13
-4.050000000e-02	2.312893274e+00	5.574193979e-03	3.698792729e-13
-4.100000000e-02	2.312898121e+00	5.376988221e-03	8.353267932e-13
-4.150000000e-02	2.312902984e+00	5.179782789e-03	6.214562297e-13
-4.200000000e-02	2.312907865e+00	4.982577696e-03	8.642379038e-13
-4.250000000e-02	2.312912762e+00	4.785372935e-03	7.145890998e-13
-4.300000000e-02	2.312917675e+00	4.588168520e-03	2.090176203e-13
-4.350000000e-02	2.312922606e+00	4.390964451e-03	8.715148888e-13
-4.400000000e-02	2.312927553e+00	4.193760729e-03	5.197522378e-13
-4.450000000e-02	2.312932517e+00	3.996557359e-03	7.603964320e-13
-4.500000000e-02	2.312937498e+00	3.799354353e-03	8.586575058e-13
-4.550000000e-02	2.312942496e+00	3.602151705e-03	4.576246947e-13
-4.600000000e-02	2.312947510e+00	3.404949428e-03	6.882319341e-13
-4.650000000e-02	2.312952542e+00	3.207747516e-03	8.062655357e-13
-4.700000000e-02	2.312957590e+00	3.010545984e-03	5.416690085e-13
-4.750000000e-02	2.312962654e+00	2.813344827e-03	5.452268227e-13
-4.800000000e-02	2.312967736e+00	2.616144058e-03	7.308714926e-13
-4.850000000e-02	2.312972834e+00	2.418943683e-03	6.346342723e-13
-4.900000000e-02	2.312977950e+00	2.221743696e-03	6.506437079e-13
-4.950000000e-02	2.312983081e+00	2.024544102e-03	4.459593306e-13
-5.000000000e-02	2.312988230e+00	1.827344910e-03	6.170265302e-13
-5.050000000e-02	2.312993396e+00	1.630146124e-03	8.800356105e-13
-5.100000000e-02	2.312998578e+00	1.432947755e-03	7.438870254e-13
-5.150000000e-02	2.313003777e+00	1.235749790e-03	6.101961724e-13
-5.200000000e-02	2.313008993e+00	1.038552243e-03	5.636924400e-13
-5.250000000e-02	2.313014225e+00	8.413551211e-04	9.153774522e-13
-5.300000000e-02	2.313019475e+00	6.441584332e-04	5.223509028e-13
-5.350000000e-02	2.313024741e+00	4.469621695e-04	6.939339707e-13
-5.400000000e-02	2.313030024e+00	2.497663451e-04	7.930503391e-13
-5.450000000e-02	2.313035324e+00	5.257095631e-05	7.565613981e-13
-5.500000000e-02	2.313040640e+00	-1.446239939e-04	5.049868290e-13
-5.550000000e-02	2.313045974e+00	-3.418184897e-04	8.549289520e-13
-5.600000000e-02	2.313051324e+00	-5.390125280e-04	6.134920073e-13
-5.650000000e-02	2.313056690e+00	-7.362061133e-04	9.239487673e-13
-5.700000000e-02	2.313062074e+00	-9.333992488e-04	1.084733397e-12
-5.750000000e-02	2.313067474e+00	-1.130591902e-03	6.560693230e-13
-5.800000000e-02	2.313072892e+00	-1.327784094e-03	6.974042910e-13
-5.850000000e-02	2.313078326e+00	-1.524975812e-03	9.938806610e-13
-5.900000000e-02	2.313083776e+00	-1.722167055e-03	5.240565117e-13
-5.950000000e-02	2.313089244e+00	-1.919357813e-03	5.010048197e-13
-6.000000000e-02	2.313094728e+00	-2.116548090e-03	7.843422593e-13
-6.050000000e-02	2.313100229e+00	-2.313737872e-03	9.317799533e-13
-6.100000000e-02	2.313105747e+00	-2.510927151e-03	5.373155080e-13
-6.150000000e-02	2.313111282e+00	-2.708115942e-03	7.022846537e-13
-6.200000000e-02	2.313116833e+00	-2.905304219e-03	4.724471581e-13
-6.250000000e-02	2.313122401e+00	-3.102491995e-03	5.590856172e-13
-6.300000000e-02	2.313127986e+00	-3.299679258e-03	3.799355288e-13
-6.350000000e-02	2.313133588e+00	-3.496866009e-03	8.050139835e-13
-6.400000000e-02	2.313139206e+00	-3.694052237e-03	8.768469452e-13
-6.450000000e-02	2.313144842e+00	-3.891237938e-03	7.977177323e-13
-6.500000000e-02	2.313150494e+00	-4.088423111e-03	9.567139630e-13
-6.550000000e-02	2.313156163e+00	-4.285607746e-03	3.934835880e-13
-6.600000000e-02	2.313161848e+00	-4.482791847e-03	4.519354230e-13
-6.650000000e-02	2.313167551e+00	-4.679975407e-03	5.859339750e-13
-6.700000000e-02	2.313173270e+00	-4.877158420e-03	6.359926790e-13
-6.750000000e-02	2.313179006e+00	-5.074340878e-03	4.295438114e-13
-6.800000000e-02	2.313184758e+00	-5.271522784e-03	8.189252589e-13
-6.850000000e-02	2.313190528e+00	-5.468704132e-03	5.017432012e-13
-6.900000000e-02	2.313196314e+00	-5.665884917e-03	5.755078356e-13
-6.950000000e-02	2.313202117e+00	-5.863065138e-03	7.430961101e-13
-7.000000000e-02	2.313207937e+00	-6.060244787e-03	6.428552488e-13
-7.050000000e-02	2.313213774e+00	-6.257423850e-03	7.979214337e-13
-7.100000000e-02	2.313219627e+00	-6.454602343e-03	3.679828296e-13
-7.150000000e-02	2.313225497e+00	-6.651780250e-03	6.448453089e-13
-7.200000000e-02	2.313231384e+00	-6.848957568e-03	7.483371243e-13
-7.250000000e-02	2.313237288e+00	-7.046134289e-03	3.034051720e-13
-7.300000000e-02	2.313243208e+00	-7.243310412e-03	8.082636567e-13
-7.350000000e-02	2.313249145e+00	-7.440485933e-03	6.934143699e-13
-7.400000000e-02	2.313255099e+00	-7.637660852e-03	6.215654680e-13
-7.450000000e-02	2.313261070e+00	-7.834835166e-03	5.967882628e-13
-7.500000000e-02	2.313267057e+00	-8.032008853e-03	5.995808224e-13
-7.550000000e-02	2.313273062e+00	-8.229181933e-03	6.186384435e-13
-7.600000000e-02	2.313279083e+00	-8.426354382e-03	5.301081595e-13
-7.650000000e-02	2.313285120e+00	-8.623526210e-03	5.297674894e-13
-7.700000000e-02	2.313291175e+00	-8.820697398e-03	5.137075237e-13
-7.750000000e-02	2.313297246e+00	-9.017867962e-03	8.287893775e-13
-7.800000000e-02	2.313303335e+00	-9.215037873e-03	3.053154863e-13
-7.850000000e-02	2.313309439e+00	-9.412207150e-03	8.698604426e-13
-7.900000000e-02	2.313315561e+00	-9.609375776e-03	9.905072825e-13
-7.950000000e-02	2.313321700e+00	-9.806543741e-03	5.466697179e-13
-8.000000000e-02	2.313327855e+00	-1.000371106e-02	7.642102468e-13
-8.050000000e-02	2.313334027e+00	-1.020087771e-02	7.902924822e-13
-8.100000000e-02	2.313340215e+00	-1.039804370e-02	5.428995054e-13
-8.150000000e-02	2.313346421e+00	-1.059520901e-02	3.463548862e-13
-8.200000000e-02	2.313352643e+00	-1.079237366e-02	7.166896586e-13
-8.250000000e-02	2.313358882e+00	-1.098953763e-02	5.436992853e-13
-8.300000000e-02	2.313365138e+00	-1.118670091e-02	7.179331194e-13
-8.350000000e-02	2.313371411e+00	-1.138386350e-02	5.135021268e-13
-8.400000000e-02	2.313377700e+00	-1.158102540e-02	8.917371570e-13
-8.450000000e-02	2.313384006e+00	-1.177818662e-02	7.134865427e-13
-8.500000000e-02	2.313390329e+00	-1.197534713e-02	3.938926260e-13
-8.550000000e-02	2.313396668e+00	-1.217250693e-02	6.385910436e-13
-8.600000000e-02	2.313403025e+00	-1.236966603e-02	1.479364934e-13
-8.650000000e-02	2.313409398e+00	-1.256682441e-02	4.666006869e-13
-8.700000000e-02	2.313415788e+00	-1.276398208e-02	9.015461177e-13
-8.750000000e-02	2.313422195e+00	-1.296113903e-02	3.635654874e-13
-8.800000000e-02	2.313428618e+00	-1.315829525e-02	4.676318864e-13
-8.850000000e-02	2.313435058e+00	-1.335545075e-02	7.885351603e-13
-8.900000000e-02	2.313441515e+00	-1.355260551e-02	6.036003045e-13
-8.950000000e-02	2.313447989e+00	-1.374975952e-02	3.234350601e-13
-9.000000000e-02	2.313454479e+00	-1.394691280e-02	3.075517017e-13
-9.050000000e-02	2.313460987e+00	-1.414406534e-02	7.544397666e-13
-9.100000000e-02	2.313467511e+00	-1.434121712e-02	7.682788010e-13
-9.150000000e-02	2.313474051e+00	-1.453836814e-02	4.615674501e-13
-9.200000000e-02	2.313480609e+00	-1.473551841e-02	3.955549717e-13
-9.250000000e-02	2.313487183e+00	-1.493266791e-02	3.433758401e-13
-9.300000000e-02	2.313493774e+00	-1.512981665e-02	7.936001984e-13
-9.350000000e-02	2.313500382e+00	-1.532696461e-02	5.895574282e-13
-9.400000000e-02	2.313507007e+00	-1.552411180e-02	7.515586218e-13
-9.450000000e-02	2.313513648e+00	-1.572125820e-02	6.694509434e-13
-9.500000000e-02	2.313520306e+00	-1.591840383e-02	3.590136779e-13
-9.550000000e-02	2.313526981e+00	-1.611554866e-02	6.393660172e-13
-9.600000000e-02	2.313533673e+00	-1.631269270e-02	6.565973017e-13
-9.650000000e-02	2.313540381e+00	-1.650983594e-02	2.993430983e-13
-9.700000000e-02	2.313547106e+00	-1.670697838e-02	5.810286180e-13
-9.750000000e-02	2.313553848e+00	-1.690412001e-02	3.160626909e-13
-9.800000000e-02	2.313560607e+00	-1.710126084e-02	5.858078005e-13
-9.850000000e-02	2.313567382e+00	-1.729840084e-02	5.294239876e-13
-9.900000000e-02	2.313574174e+00	-1.749554004e-02	8.908837627e-13
-9.950000000e-02	2.313580983e+00	-1.769267840e-02	4.819221198e-13
-1.000000000e-01	2.313587809e+00	-1.788981594e-02	6.180265316e-13
-1.005000000e-01	2.313594651e+00	-1.808695265e-02	4.558744787e-13
-1.010000000e-01	2.313601510e+00	-1.828408852e-02	5.427272898e-13
-1.015000000e-01	2.313608386e+00	-1.848122355e-02	6.689463618e-13
-1.020000000e-01	2.313615279e+00	-1.867835774e-02	5.316904555e-13
-1.025000000e-01	2.313622188e+00	-1.887549107e-02	3.221449011e-13
-1.030000000e-01	2.313629115e+00	-1.907262356e-02	5.427238049e-13
-1.035000000e-01	2.313636058e+00	-1.926975519e-02	6.004638404e-13
-1.040000000e-01	2.313643017e+00	-1.946688596e-02	3.448362603e-13
-1.045000000e-01	2.313649994e+00	-1.966401586e-02	5.154418447e-13
-1.050000000e-01	2.313656987e+00	-1.986114489e-02	8.326398213e-13
-1.055000000e-01	2.313663997e+00	-2.005827305e-02	7.167903190e-13
-1.060000000e-01	2.313671023e+00	-2.025540033e-02	6.673469320e-13
-1.065000000e-01	2.313678067e+00	-2.045252672e-02	6.607666810e-13
-1.070000000e-01	2.313685127e+00	-2.064965223e-02	2.790235038e-13
-1.075000000e-01	2.313692204e+00	-2.084677684e-02	4.737370936e-13
-1.080000000e-01	2.313699298e+00	-2.104390057e-02	8.211161408e-13
-1.085000000e-01	2.313706408e+00	-2.124102339e-02	6.129987221e-13
-1.090000000e-01	2.313713535e+00	-2.143814531e-02	6.910139057e-13
-1.095000000e-01	2.313720679e+00	-2.163526632e-02	5.939544686e-13
-1.100000000e-01	2.313727840e+00	-2.183238642e-02	6.272522596e-13
-1.105000000e-01	2.313735017e+00	-2.202950560e-02	5.149646241e-13
-1.110000000e-01	2.313742212e+00	-2.222662386e-02	5.223446725e-13
-1.115000000e-01	2.313749423e+00	-2.242374119e-02	6.562240089e-13
-1.120000000e-01	2.313756650e+00	-2.262085760e-02	4.724384343e-13
-1.125000000e-01	2.313763895e+00	-2.281797307e-02	7.351431101e-13
-1.130000000e-01	2.313771156e+00	-2.301508760e-02	7.201142361e-13
-1.135000000e-01	2.313778434e+00	-2.321220120e-02	6.633001851e-13
-1.140000000e-01	2.313785728e+00	-2.340931384e-02	4.120458709e-13
-1.145000000e-01	2.313793040e+00	-2.360642554e-02	4.243989144e-13
-1.150000000e-01	2.313800368e+00	-2.380353628e-02	3.598675910e-13
-1.155000000e-01	2.313807713e+00	-2.400064606e-02	6.945213870e-13
-1.160000000e-01	2.313815075e+00	-2.419775488e-02	6.816975928e-13
-1.165000000e-01	2.313822453e+00	-2.439486273e-02	8.225209977e-13
-1.170000000e-01	2.313829848e+00	-2.459196960e-02	5.283780097e-13
-1.175000000e-01	2.313837260e+00	-2.478907550e-02	5.226920479e-13
-1.180000000e-01	2.313844689e+00	-2.498618043e-02	3.987076983e-13
-1.185000000e-01	2.313852134e+00	-2.518328436e-02	6.126978795e-13
-1.190000000e-01	2.313859596e+00	-2.538038731e-02	4.042860340e-13
-1.195000000e-01	2.313867075e+00	-2.557748926e-02	7.034247293e-13
-1.200000000e-01	2.313874570e+00	-2.577459022e-02	6.184209676e-13
-1.205000000e-01	2.313882083e+00	-2.597169017e-02	2.466682144e-13
-1.210000000e-01	2.313889612e+00	-2.616878912e-02	6.391194282e-13
-1.215000000e-01	2.313897158e+00	-2.636588706e-02	4.080541194e-13
-1.220000000e-01	2.313904720e+00	-2.656298399e-02	5.389847631e-13
-1.225000000e-01	2.313912299e+00	-2.676007989e-02	6.038998811e-13
-1.230000000e-01	2.313919895e+00	-2.695717477e-02	7.081927332e-13
-1.235000000e-01	2.313927508e+00	-2.715426863e-02	8.033991294e-13
-1.240000000e-01	2.313935138e+00	-2.735136146e-02	5.588037269e-13
-1.245000000e-01	2.313942784e+00	-2.754845325e-02	4.601745849e-13
-1.250000000e-01	2.313950447e+00	-2.774554399e-02	7.301108828e-13
-1.255000000e-01	2.313958126e+00	-2.794263370e-02	3.691415542e-13
-1.260000000e-01	2.313965823e+00	-2.813972235e-02	5.587304339e-13
-1.265000000e-01	2.313973536e+00	-2.833680996e-02	6.351913476e-13
-1.270000000e-01	2.313981266e+00	-2.853389650e-02	7.867324499e-13
-1.275000000e-01	2.313989012e+00	-2.873098200e-02	6.188556026e-13
-1.280000000e-01	2.313996776e+00	-2.892806641e-02	6.195463913e-13
-1.285000000e-01	2.314004556e+00	-2.912514977e-02	7.694253187e-13
-1.290000000e-01	2.314012353e+00	-2.932223204e-02	6.482214034e-13
-1.295000000e-01	2.314020166e+00	-2.951931324e-02	4.207263650e-13
-1.300000000e-01	2.314027997e+00	-2.971639336e-02	3.190835447e-13
-1.305000000e-01	2.314035844e+00	-2.991347239e-02	9.226162443e-13
-1.310000000e-01	2.314043707e+00	-3.011055033e-02	6.839719114e-13
-1.315000000e-01	2.314051588e+00	-3.030762717e-02	7.872608431e-13
-1.320000000e-01	2.314059485e+00	-3.050470293e-02	8.825580778e-13
-1.325000000e-01	2.314067399e+00	-3.070177756e-02	9.462077531e-13
-1.330000000e-01	2.314075330e+00	-3.089885110e-02	4.732833924e-13
-1.335000000e-01	2.314083277e+00	-3.109592352e-02	6.923984264e-13
-1.340000000e-01	2.314091241e+00	-3.129299483e-02	3.841291584e-13
-1.345000000e-01	2.314099222e+00	-3.149006501e-02	5.973718700e-13
-1.350000000e-01	2.314107220e+00	-3.168713407e-02	3.129607074e-13
-1.355000000e-01	2.314115234e+00	-3.188420201e-02	4.941375218e-13
-1.360000000e-01	2.314123265e+00	-3.208126881e-02	8.355213927e-13
-1.365000000e-01	2.314131313e+00	-3.227833447e-02	3.710816332e-13
-1.370000000e-01	2.314139377e+00	-3.247539899e-02	4.367635494e-13
-1.375000000e-01	2.314147458e+00	-3.267246236e-02	5.946244250e-13
-1.380000000e-01	2.314155556e+00	-3.286952459e-02	5.832352352e-13
-1.385000000e-01	2.314163671e+00	-3.306658565e-02	5.022373123e-13
-1.390000000e-01	2.314171802e+00	-3.326364556e-02	7.525946305e-13
-1.395000000e-01	2.314179950e+00	-3.346070431e-02	4.753039104e-13
-1.400000000e-01	2.314188115e+00	-3.365776189e-02	5.555691511e-13
-1.405000000e-01	2.314196297e+00	-3.385481831e-02	6.271882105e-13
-1.410000000e-01	2.314204495e+00	-3.405187354e-02	5.473940873e-13
-1.415000000e-01	2.314212710e+00	-3.424892760e-02	5.632789045e-13
-1.420000000e-01	2.314220942e+00	-3.444598046e-02	3.052058432e-13
-1.425000000e-01	2.314229190e+00	-3.464303214e-02	6.557331655e-13
-1.430000000e-01	2.314237455e+00	-3.484008264e-02	9.935043281e-13
-1.435000000e-01	2.314245737e+00	-3.503713193e-02	6.117285542e-13
-1.440000000e-01	2.314254036e+00	-3.523418002e-02	9.034337299e-13
-1.445000000e-01	2.314262351e+00	-3.543122691e-02	5.139859996e-13
-1.450000000e-01	2.314270683e+00	-3.562827259e-02	7.969385619e-13
-1.455000000e-01	2.314279032e+00	-3.582531706e-02	6.893987986e-13
-1.460000000e-01	2.314287397e+00	-3.602236030e-02	4.732747239e-13
-1.465000000e-01	2.314295779e+00	-3.621940233e-02	5.379467987e-13
-1.470000000e-01	2.314304178e+00	-3.641644313e-02	1.055212780e-12
-1.475000000e-01	2.314312594e+00	-3.661348269e-02	6.638472792e-13
-1.480000000e-01	2.314321026e+00	-3.681052102e-02	5.982601037e-13
-1.485000000e-01	2.314329475e+00	-3.700755812e-02	6.388980422e-13
-1.490000000e-01	2.314337941e+00	-3.720459397e-02	7.531893152e-13
-1.495000000e-01	2.314346423e+00	-3.740162857e-02	1.084896485e-12
-1.500000000e-01	2.314354922e+00	-3.759866193e-02	7.427860880e-13
