# epsi_ci     Re(Lambda)      Im(Lambda)      Eq(det), R = 0.10 $\mu$m, $E_p$ = 0.900 eV, modo = 1, $\epsilon_\infty$ = 3.9, $\gamma_{DL}$ = 0.01 eV, solve_det_sinkz_vs_mu.py
0.000000000e+00	2.293029812e+00	2.055531138e-02	4.228257679e-13
-5.000000000e-04	2.293033234e+00	2.035926025e-02	6.007012055e-13
-1.000000000e-03	2.293036672e+00	2.016320911e-02	5.689520771e-13
-1.500000000e-03	2.293040128e+00	1.996715797e-02	6.491576016e-13
-2.000000000e-03	2.293043600e+00	1.977110685e-02	3.682847537e-13
-2.500000000e-03	2.293047089e+00	1.957505574e-02	5.564152065e-13
-3.000000000e-03	2.293050594e+00	1.937900464e-02	6.881673102e-13
-3.500000000e-03	2.293054116e+00	1.918295356e-02	6.295357112e-13
-4.000000000e-03	2.293057655e+00	1.898690250e-02	4.073473687e-13
-4.500000000e-03	2.293061211e+00	1.879085148e-02	7.434251426e-13
-5.000000000e-03	2.293064784e+00	1.859480048e-02	4.788086302e-13
-5.500000000e-03	2.293068373e+00	1.839874953e-02	4.900803757e-13
-6.000000000e-03	2.293071979e+00	1.820269861e-02	7.713366723e-13
-6.500000000e-03	2.293075602e+00	1.800664774e-02	9.045912169e-13
-7.000000000e-03	2.293079242e+00	1.781059692e-02	4.932492417e-13
-7.500000000e-03	2.293082898e+00	1.761454616e-02	5.183365665e-13
-8.000000000e-03	2.293086572e+00	1.741849545e-02	6.898357873e-13
-8.500000000e-03	2.293090262e+00	1.722244481e-02	2.608569087e-13
-9.000000000e-03	2.293093968e+00	1.702639423e-02	4.730133878e-13
-9.500000000e-03	2.293097692e+00	1.683034373e-02	7.581109600e-13
-1.000000000e-02	2.293101432e+00	1.663429329e-02	4.373941027e-13
-1.050000000e-02	2.293105189e+00	1.643824294e-02	6.326336456e-13
-1.100000000e-02	2.293108963e+00	1.624219268e-02	5.117659066e-13
-1.150000000e-02	2.293112753e+00	1.604614250e-02	9.083300991e-13
-1.200000000e-02	2.293116561e+00	1.585009241e-02	8.459048870e-13
-1.250000000e-02	2.293120385e+00	1.565404243e-02	7.839320816e-13
-1.300000000e-02	2.293124226e+00	1.545799254e-02	4.770183918e-13
-1.350000000e-02	2.293128083e+00	1.526194277e-02	4.884266474e-13
-1.400000000e-02	2.293131958e+00	1.506589310e-02	5.757223311e-13
-1.450000000e-02	2.293135849e+00	1.486984354e-02	4.051092995e-13
-1.500000000e-02	2.293139757e+00	1.467379410e-02	3.783761755e-13
-1.550000000e-02	2.293143681e+00	1.447774479e-02	5.149513981e-13
-1.600000000e-02	2.293147623e+00	1.428169560e-02	7.684942757e-13
-1.650000000e-02	2.293151581e+00	1.408564654e-02	5.401806180e-13
-1.700000000e-02	2.293155556e+00	1.388959763e-02	6.595165682e-13
-1.750000000e-02	2.293159548e+00	1.369354885e-02	8.128589013e-13
-1.800000000e-02	2.293163556e+00	1.349750022e-02	5.888582967e-13
-1.850000000e-02	2.293167581e+00	1.330145173e-02	7.188690286e-13
-1.900000000e-02	2.293171623e+00	1.310540340e-02	8.060873896e-13
-1.950000000e-02	2.293175682e+00	1.290935522e-02	8.683590630e-13
-2.000000000e-02	2.293179758e+00	1.271330721e-02	5.639707480e-13
-2.050000000e-02	2.293183850e+00	1.251725936e-02	4.289176230e-13
-2.100000000e-02	2.293187959e+00	1.232121168e-02	6.879186832e-13
-2.150000000e-02	2.293192085e+00	1.212516418e-02	6.154103201e-13
-2.200000000e-02	2.293196227e+00	1.192911685e-02	6.376238460e-13
-2.250000000e-02	2.293200387e+00	1.173306972e-02	4.058862607e-13
-2.300000000e-02	2.293204563e+00	1.153702277e-02	5.746452322e-13
-2.350000000e-02	2.293208756e+00	1.134097600e-02	8.995610091e-13
-2.400000000e-02	2.293212965e+00	1.114492944e-02	8.232391587e-13
-2.450000000e-02	2.293217192e+00	1.094888308e-02	8.332108767e-13
-2.500000000e-02	2.293221435e+00	1.075283691e-02	9.953589703e-13
-2.550000000e-02	2.293225695e+00	1.055679096e-02	4.629385234e-13
-2.600000000e-02	2.293229972e+00	1.036074522e-02	6.109036360e-13
-2.650000000e-02	2.293234265e+00	1.016469970e-02	3.717488184e-13
-2.700000000e-02	2.293238575e+00	9.968654406e-03	8.981019310e-13
-2.750000000e-02	2.293242902e+00	9.772609329e-03	4.347286628e-13
-2.800000000e-02	2.293247246e+00	9.576564483e-03	7.350791750e-13
-2.850000000e-02	2.293251606e+00	9.380519881e-03	8.145738181e-13
-2.900000000e-02	2.293255984e+00	9.184475513e-03	4.467073892e-13
-2.950000000e-02	2.293260378e+00	8.988431384e-03	3.079098825e-13
-3.000000000e-02	2.293264788e+00	8.792387507e-03	6.706701976e-13
-3.050000000e-02	2.293269216e+00	8.596343883e-03	6.405791819e-13
-3.100000000e-02	2.293273660e+00	8.400300516e-03	7.078242274e-13
-3.150000000e-02	2.293278121e+00	8.204257400e-03	7.027153632e-13
-3.200000000e-02	2.293282599e+00	8.008214561e-03	4.440592469e-13
-3.250000000e-02	2.293287094e+00	7.812171981e-03	7.585089063e-13
-3.300000000e-02	2.293291605e+00	7.616129685e-03	5.027589660e-13
-3.350000000e-02	2.293296133e+00	7.420087659e-03	5.607597663e-13
-3.400000000e-02	2.293300678e+00	7.224045919e-03	6.580411455e-13
-3.450000000e-02	2.293305240e+00	7.028004462e-03	6.484631823e-13
-3.500000000e-02	2.293309818e+00	6.831963294e-03	7.384070523e-13
-3.550000000e-02	2.293314413e+00	6.635922424e-03	7.287369354e-13
-3.600000000e-02	2.293319025e+00	6.439881858e-03	8.617581095e-13
-3.650000000e-02	2.293323654e+00	6.243841588e-03	4.401885377e-13
-3.700000000e-02	2.293328299e+00	6.047801626e-03	9.535615524e-13
-3.750000000e-02	2.293332961e+00	5.851761977e-03	2.778121944e-13
-3.800000000e-02	2.293337640e+00	5.655722644e-03	5.745591454e-13
-3.850000000e-02	2.293342336e+00	5.459683635e-03	4.462985993e-13
-3.900000000e-02	2.293347048e+00	5.263644953e-03	5.953822232e-13
-3.950000000e-02	2.293351778e+00	5.067606591e-03	4.709517861e-13
-4.000000000e-02	2.293356524e+00	4.871568573e-03	6.353918447e-13
-4.050000000e-02	2.293361286e+00	4.675530889e-03	8.711443230e-13
-4.100000000e-02	2.293366066e+00	4.479493541e-03	5.186318042e-13
-4.150000000e-02	2.293370862e+00	4.283456546e-03	5.843908901e-13
-4.200000000e-02	2.293375675e+00	4.087419896e-03	6.189136394e-13
-4.250000000e-02	2.293380505e+00	3.891383610e-03	7.953436207e-13
-4.300000000e-02	2.293385351e+00	3.695347672e-03	8.085110020e-13
-4.350000000e-02	2.293390215e+00	3.499312110e-03	3.781877177e-13
-4.400000000e-02	2.293395095e+00	3.303276910e-03	3.492386233e-13
-4.450000000e-02	2.293399992e+00	3.107242080e-03	6.891577521e-13
-4.500000000e-02	2.293404905e+00	2.911207630e-03	3.691851248e-13
-4.550000000e-02	2.293409835e+00	2.715173560e-03	8.061846380e-13
-4.600000000e-02	2.293414782e+00	2.519139869e-03	7.106052131e-13
-4.650000000e-02	2.293419746e+00	2.323106573e-03	6.738992523e-13
-4.700000000e-02	2.293424727e+00	2.127073672e-03	6.628282929e-13
-4.750000000e-02	2.293429724e+00	1.931041164e-03	9.471967833e-13
-4.800000000e-02	2.293434738e+00	1.735009062e-03	9.905145915e-13
-4.850000000e-02	2.293439769e+00	1.538977371e-03	9.125552725e-13
-4.900000000e-02	2.293444817e+00	1.342946085e-03	4.980345752e-13
-4.950000000e-02	2.293449881e+00	1.146915217e-03	6.987047631e-13
-5.000000000e-02	2.293454962e+00	9.508847693e-04	6.967969653e-13
-5.050000000e-02	2.293460060e+00	7.548547396e-04	3.019346431e-13
-5.100000000e-02	2.293465175e+00	5.588251404e-04	2.745335723e-13
-5.150000000e-02	2.293470306e+00	3.627959778e-04	7.263601413e-13
-5.200000000e-02	2.293475454e+00	1.667672474e-04	8.834437298e-13
-5.250000000e-02	2.293480619e+00	-2.926104601e-05	5.093257038e-13
-5.300000000e-02	2.293485801e+00	-2.252888861e-04	4.531209211e-13
-5.350000000e-02	2.293490999e+00	-4.213162820e-04	7.341909233e-13
-5.400000000e-02	2.293496214e+00	-6.173432207e-04	4.369893500e-13
-5.450000000e-02	2.293501446e+00	-8.133697031e-04	4.719876096e-13
-5.500000000e-02	2.293506695e+00	-1.009395724e-03	5.938761602e-13
-5.550000000e-02	2.293511960e+00	-1.205421280e-03	3.387897455e-13
-5.600000000e-02	2.293517243e+00	-1.401446361e-03	5.828963119e-13
-5.650000000e-02	2.293522542e+00	-1.597470965e-03	5.940940984e-13
-5.700000000e-02	2.293527857e+00	-1.793495096e-03	7.104962232e-13
-5.750000000e-02	2.293533190e+00	-1.989518743e-03	5.386164450e-13
-5.800000000e-02	2.293538539e+00	-2.185541893e-03	5.551487706e-13
-5.850000000e-02	2.293543905e+00	-2.381564562e-03	6.111447386e-13
-5.900000000e-02	2.293549287e+00	-2.577586723e-03	6.779645584e-13
-5.950000000e-02	2.293554687e+00	-2.773608395e-03	7.849279561e-13
-6.000000000e-02	2.293560103e+00	-2.969629555e-03	6.496556018e-13
-6.050000000e-02	2.293565536e+00	-3.165650200e-03	7.229523605e-13
-6.100000000e-02	2.293570986e+00	-3.361670338e-03	5.428799967e-13
-6.150000000e-02	2.293576452e+00	-3.557689961e-03	5.320965946e-13
-6.200000000e-02	2.293581935e+00	-3.753709055e-03	5.168358826e-13
-6.250000000e-02	2.293587435e+00	-3.949727624e-03	6.139582193e-13
-6.300000000e-02	2.293592952e+00	-4.145745661e-03	8.757023103e-13
-6.350000000e-02	2.293598485e+00	-4.341763163e-03	6.088624035e-13
-6.400000000e-02	2.293604036e+00	-4.537780128e-03	5.834210086e-13
-6.450000000e-02	2.293609603e+00	-4.733796553e-03	7.832142151e-13
-6.500000000e-02	2.293615186e+00	-4.929812422e-03	5.290710110e-13
-6.550000000e-02	2.293620787e+00	-5.125827742e-03	6.134296464e-13
-6.600000000e-02	2.293626404e+00	-5.321842501e-03	4.797272162e-13
-6.650000000e-02	2.293632038e+00	-5.517856707e-03	5.814877286e-13
-6.700000000e-02	2.293637689e+00	-5.713870343e-03	7.655403038e-13
-6.750000000e-02	2.293643356e+00	-5.909883408e-03	6.802595300e-13
-6.800000000e-02	2.293649040e+00	-6.105895897e-03	5.794639458e-13
-6.850000000e-02	2.293654741e+00	-6.301907816e-03	5.909207846e-13
-6.900000000e-02	2.293660459e+00	-6.497919142e-03	6.484262209e-13
-6.950000000e-02	2.293666193e+00	-6.693929889e-03	7.107775422e-13
-7.000000000e-02	2.293671945e+00	-6.889940042e-03	4.232505524e-13
-7.050000000e-02	2.293677712e+00	-7.085949602e-03	5.194243141e-13
-7.100000000e-02	2.293683497e+00	-7.281958561e-03	4.412606221e-13
-7.150000000e-02	2.293689299e+00	-7.477966919e-03	7.397039795e-13
-7.200000000e-02	2.293695117e+00	-7.673974659e-03	7.946579835e-13
-7.250000000e-02	2.293700952e+00	-7.869981794e-03	4.418964006e-13
-7.300000000e-02	2.293706803e+00	-8.065988310e-03	7.740396160e-13
-7.350000000e-02	2.293712672e+00	-8.261994210e-03	3.273779866e-13
-7.400000000e-02	2.293718557e+00	-8.457999485e-03	8.374980902e-13
-7.450000000e-02	2.293724459e+00	-8.654004121e-03	5.862315565e-13
-7.500000000e-02	2.293730377e+00	-8.850008125e-03	7.524619700e-13
-7.550000000e-02	2.293736313e+00	-9.046011495e-03	5.701581098e-13
-7.600000000e-02	2.293742265e+00	-9.242014219e-03	9.765434576e-13
-7.650000000e-02	2.293748234e+00	-9.438016306e-03	3.650770219e-13
-7.700000000e-02	2.293754219e+00	-9.634017736e-03	1.066669981e-12
-7.750000000e-02	2.293760222e+00	-9.830018505e-03	5.908066807e-13
-7.800000000e-02	2.293766241e+00	-1.002601862e-02	7.531201355e-13
-7.850000000e-02	2.293772277e+00	-1.022201807e-02	5.752921076e-13
-7.900000000e-02	2.293778329e+00	-1.041801685e-02	3.847345346e-13
-7.950000000e-02	2.293784399e+00	-1.061401496e-02	6.811654064e-13
-8.000000000e-02	2.293790485e+00	-1.081001240e-02	7.870664817e-13
-8.050000000e-02	2.293796587e+00	-1.100600914e-02	6.534452114e-13
-8.100000000e-02	2.293802707e+00	-1.120200520e-02	5.546326400e-13
-8.150000000e-02	2.293808843e+00	-1.139800058e-02	5.629137371e-13
-8.200000000e-02	2.293814996e+00	-1.159399526e-02	7.219778901e-13
-8.250000000e-02	2.293821166e+00	-1.178998925e-02	7.160990112e-13
-8.300000000e-02	2.293827353e+00	-1.198598253e-02	7.017946256e-13
-8.350000000e-02	2.293833556e+00	-1.218197511e-02	7.730070552e-13
-8.400000000e-02	2.293839776e+00	-1.237796696e-02	8.144078064e-13
-8.450000000e-02	2.293846013e+00	-1.257395811e-02	7.263269427e-13
-8.500000000e-02	2.293852266e+00	-1.276994855e-02	3.581519870e-13
-8.550000000e-02	2.293858536e+00	-1.296593825e-02	4.800706359e-13
-8.600000000e-02	2.293864823e+00	-1.316192722e-02	5.080833396e-13
-8.650000000e-02	2.293871127e+00	-1.335791547e-02	7.807734342e-13
-8.700000000e-02	2.293877447e+00	-1.355390297e-02	1.812207482e-13
-8.750000000e-02	2.293883784e+00	-1.374988974e-02	6.140729951e-13
-8.800000000e-02	2.293890138e+00	-1.394587576e-02	5.732041543e-13
-8.850000000e-02	2.293896509e+00	-1.414186103e-02	8.709164779e-13
-8.900000000e-02	2.293902896e+00	-1.433784555e-02	9.174821259e-13
-8.950000000e-02	2.293909300e+00	-1.453382931e-02	4.380819984e-13
-9.000000000e-02	2.293915721e+00	-1.472981230e-02	9.350645111e-13
-9.050000000e-02	2.293922159e+00	-1.492579453e-02	5.788745304e-13
-9.100000000e-02	2.293928613e+00	-1.512177599e-02	2.802745534e-13
-9.150000000e-02	2.293935084e+00	-1.531775667e-02	4.921818602e-13
-9.200000000e-02	2.293941572e+00	-1.551373658e-02	3.578746574e-13
-9.250000000e-02	2.293948076e+00	-1.570971570e-02	8.951774285e-13
-9.300000000e-02	2.293954598e+00	-1.590569403e-02	6.898856881e-13
-9.350000000e-02	2.293961136e+00	-1.610167157e-02	4.118992873e-13
-9.400000000e-02	2.293967690e+00	-1.629764831e-02	5.946645328e-13
-9.450000000e-02	2.293974262e+00	-1.649362425e-02	4.326122687e-13
-9.500000000e-02	2.293980850e+00	-1.668959938e-02	5.178785590e-13
-9.550000000e-02	2.293987455e+00	-1.688557372e-02	6.326534392e-13
-9.600000000e-02	2.293994077e+00	-1.708154723e-02	6.032217036e-13
-9.650000000e-02	2.294000715e+00	-1.727751992e-02	3.241795534e-13
-9.700000000e-02	2.294007370e+00	-1.747349179e-02	4.542975212e-13
-9.750000000e-02	2.294014042e+00	-1.766946284e-02	5.093904284e-13
-9.800000000e-02	2.294020730e+00	-1.786543305e-02	6.558087022e-13
-9.850000000e-02	2.294027436e+00	-1.806140243e-02	1.025234020e-12
-9.900000000e-02	2.294034158e+00	-1.825737097e-02	6.282309025e-13
-9.950000000e-02	2.294040897e+00	-1.845333867e-02	6.533336933e-13
-1.000000000e-01	2.294047652e+00	-1.864930552e-02	8.354489993e-13
-1.005000000e-01	2.294054424e+00	-1.884527151e-02	4.505435052e-13
-1.010000000e-01	2.294061213e+00	-1.904123665e-02	8.332669188e-13
-1.015000000e-01	2.294068019e+00	-1.923720093e-02	7.056181531e-13
-1.020000000e-01	2.294074841e+00	-1.943316434e-02	6.564414234e-13
-1.025000000e-01	2.294081680e+00	-1.962912688e-02	9.846504892e-13
-1.030000000e-01	2.294088536e+00	-1.982508855e-02	8.405274792e-13
-1.035000000e-01	2.294095409e+00	-2.002104935e-02	8.674300228e-13
-1.040000000e-01	2.294102298e+00	-2.021700925e-02	4.568546317e-13
-1.045000000e-01	2.294109204e+00	-2.041296827e-02	7.015436079e-13
-1.050000000e-01	2.294116127e+00	-2.060892641e-02	7.201203476e-13
-1.055000000e-01	2.294123066e+00	-2.080488365e-02	5.187628197e-13
-1.060000000e-01	2.294130022e+00	-2.100083998e-02	4.351508400e-13
-1.065000000e-01	2.294136995e+00	-2.119679541e-02	3.157774682e-13
-1.070000000e-01	2.294143985e+00	-2.139274994e-02	6.877695054e-13
-1.075000000e-01	2.294150991e+00	-2.158870355e-02	1.078893620e-12
-1.080000000e-01	2.294158014e+00	-2.178465625e-02	7.260006526e-13
-1.085000000e-01	2.294165054e+00	-2.198060803e-02	5.991320153e-13
-1.090000000e-01	2.294172111e+00	-2.217655888e-02	8.575785273e-13
-1.095000000e-01	2.294179184e+00	-2.237250880e-02	5.542927561e-13
-1.100000000e-01	2.294186274e+00	-2.256845779e-02	6.176835361e-13
-1.105000000e-01	2.294193381e+00	-2.276440584e-02	6.492515114e-13
-1.110000000e-01	2.294200504e+00	-2.296035294e-02	8.569673821e-13
-1.115000000e-01	2.294207644e+00	-2.315629911e-02	2.334180127e-13
-1.120000000e-01	2.294214801e+00	-2.335224432e-02	3.228491370e-13
-1.125000000e-01	2.294221975e+00	-2.354818858e-02	5.638012799e-13
-1.130000000e-01	2.294229165e+00	-2.374413187e-02	3.797039087e-13
-1.135000000e-01	2.294236372e+00	-2.394007421e-02	1.251588869e-12
-1.140000000e-01	2.294243596e+00	-2.413601557e-02	6.214685747e-13
-1.145000000e-01	2.294250836e+00	-2.433195597e-02	4.825423621e-13
-1.150000000e-01	2.294258093e+00	-2.452789538e-02	9.639130798e-13
-1.155000000e-01	2.294265367e+00	-2.472383383e-02	3.841150598e-13
-1.160000000e-01	2.294272658e+00	-2.491977128e-02	4.271113489e-13
-1.165000000e-01	2.294279965e+00	-2.511570774e-02	6.481550541e-13
-1.170000000e-01	2.294287289e+00	-2.531164321e-02	5.693024799e-13
-1.175000000e-01	2.294294630e+00	-2.550757768e-02	4.558721121e-13
-1.180000000e-01	2.294301987e+00	-2.570351115e-02	4.562177647e-13
-1.185000000e-01	2.294309361e+00	-2.589944361e-02	5.278245263e-13
-1.190000000e-01	2.294316752e+00	-2.609537507e-02	5.125215706e-13
-1.195000000e-01	2.294324160e+00	-2.629130551e-02	6.362000565e-13
-1.200000000e-01	2.294331584e+00	-2.648723493e-02	9.363877474e-13
-1.205000000e-01	2.294339025e+00	-2.668316332e-02	6.049875386e-13
-1.210000000e-01	2.294346483e+00	-2.687909070e-02	5.822064512e-13
-1.215000000e-01	2.294353957e+00	-2.707501703e-02	5.382211049e-13
-1.220000000e-01	2.294361449e+00	-2.727094233e-02	5.034682514e-13
-1.225000000e-01	2.294368956e+00	-2.746686659e-02	1.590674924e-13
-1.230000000e-01	2.294376481e+00	-2.766278981e-02	6.331577624e-13
-1.235000000e-01	2.294384022e+00	-2.785871198e-02	7.387226653e-13
-1.240000000e-01	2.294391580e+00	-2.805463309e-02	8.372048089e-13
-1.245000000e-01	2.294399155e+00	-2.825055315e-02	8.359461106e-13
-1.250000000e-01	2.294406746e+00	-2.844647215e-02	4.178860632e-13
-1.255000000e-01	2.294414355e+00	-2.864239007e-02	3.007699207e-13
-1.260000000e-01	2.294421979e+00	-2.883830693e-02	6.187968211e-13
-1.265000000e-01	2.294429621e+00	-2.903422272e-02	8.469761941e-13
-1.270000000e-01	2.294437279e+00	-2.923013742e-02	5.582663148e-13
-1.275000000e-01	2.294444954e+00	-2.942605105e-02	6.433402509e-13
-1.280000000e-01	2.294452646e+00	-2.962196358e-02	9.622256710e-13
-1.285000000e-01	2.294460354e+00	-2.981787503e-02	9.334606773e-13
-1.290000000e-01	2.294468079e+00	-3.001378538e-02	4.120761220e-13
-1.295000000e-01	2.294475821e+00	-3.020969462e-02	5.924239630e-13
-1.300000000e-01	2.294483579e+00	-3.040560277e-02	6.704472753e-13
-1.305000000e-01	2.294491355e+00	-3.060150981e-02	6.329335507e-13
-1.310000000e-01	2.294499146e+00	-3.079741573e-02	5.692823214e-13
-1.315000000e-01	2.294506955e+00	-3.099332054e-02	5.672463720e-13
-1.320000000e-01	2.294514780e+00	-3.118922422e-02	6.504781845e-13
-1.325000000e-01	2.294522622e+00	-3.138512678e-02	4.291368421e-13
-1.330000000e-01	2.294530481e+00	-3.158102821e-02	8.836262162e-13
-1.335000000e-01	2.294538356e+00	-3.177692850e-02	6.886670297e-13
-1.340000000e-01	2.294546248e+00	-3.197282766e-02	7.250470664e-13
-1.345000000e-01	2.294554157e+00	-3.216872567e-02	3.441858877e-13
-1.350000000e-01	2.294562083e+00	-3.236462253e-02	1.136424291e-12
-1.355000000e-01	2.294570025e+00	-3.256051825e-02	8.357809729e-13
-1.360000000e-01	2.294577984e+00	-3.275641282e-02	5.693042176e-13
-1.365000000e-01	2.294585959e+00	-3.295230622e-02	4.084385735e-13
-1.370000000e-01	2.294593952e+00	-3.314819845e-02	7.725272800e-13
-1.375000000e-01	2.294601961e+00	-3.334408952e-02	9.392274670e-13
-1.380000000e-01	2.294609986e+00	-3.353997942e-02	6.538349074e-13
-1.385000000e-01	2.294618029e+00	-3.373586814e-02	4.668015682e-13
-1.390000000e-01	2.294626088e+00	-3.393175568e-02	3.290288698e-13
-1.395000000e-01	2.294634163e+00	-3.412764203e-02	8.189156539e-13
-1.400000000e-01	2.294642256e+00	-3.432352720e-02	5.401194818e-13
-1.405000000e-01	2.294650365e+00	-3.451941116e-02	5.037712470e-13
-1.410000000e-01	2.294658491e+00	-3.471529394e-02	8.579581780e-13
-1.415000000e-01	2.294666633e+00	-3.491117551e-02	1.004946875e-12
-1.420000000e-01	2.294674793e+00	-3.510705587e-02	5.488797782e-13
-1.425000000e-01	2.294682968e+00	-3.530293503e-02	6.939644428e-13
-1.430000000e-01	2.294691161e+00	-3.549881296e-02	6.747002346e-13
-1.435000000e-01	2.294699370e+00	-3.569468968e-02	6.508246027e-13
-1.440000000e-01	2.294707596e+00	-3.589056517e-02	5.320886605e-13
-1.445000000e-01	2.294715839e+00	-3.608643944e-02	9.505875035e-13
-1.450000000e-01	2.294724098e+00	-3.628231248e-02	3.711907855e-13
-1.455000000e-01	2.294732374e+00	-3.647818428e-02	7.800843560e-13
-1.460000000e-01	2.294740667e+00	-3.667405483e-02	6.493680247e-13
-1.465000000e-01	2.294748977e+00	-3.686992414e-02	6.358600322e-13
-1.470000000e-01	2.294757303e+00	-3.706579220e-02	7.804954151e-13
-1.475000000e-01	2.294765645e+00	-3.726165902e-02	7.554133660e-13
-1.480000000e-01	2.294774005e+00	-3.745752457e-02	9.714650076e-13
-1.485000000e-01	2.294782381e+00	-3.765338886e-02	7.481541804e-13
-1.490000000e-01	2.294790774e+00	-3.784925189e-02	5.284018563e-13
-1.495000000e-01	2.294799183e+00	-3.804511364e-02	4.463208676e-13
-1.500000000e-01	2.294807610e+00	-3.824097413e-02	4.408044696e-13
