# epsi_ci     Re(Lambda)      Im(Lambda)      Eq(det), R = 0.5 $\mu$m, $E_p$ = 0.600 eV, modo = 4, $\epsilon_\infty$ = 3.9, $\gamma_{DL}$ = 0.01 eV, solve_det_sinkz_vs_mu.py
0.000000000e+00	4.456373715e+00	7.592152937e-02	2.007778755e-14
-1.000000000e-03	4.456388878e+00	7.547487519e-02	1.797602933e-14
-2.000000000e-03	4.456404084e+00	7.502822100e-02	1.002063012e-14
-3.000000000e-03	4.456419334e+00	7.458156682e-02	2.541693827e-14
-4.000000000e-03	4.456434627e+00	7.413491266e-02	2.495551656e-14
-5.000000000e-03	4.456449963e+00	7.368825853e-02	3.451903836e-14
-6.000000000e-03	4.456465343e+00	7.324160444e-02	2.480191443e-14
-7.000000000e-03	4.456480766e+00	7.279495040e-02	1.880480199e-14
-8.000000000e-03	4.456496233e+00	7.234829643e-02	1.106969802e-14
-9.000000000e-03	4.456511743e+00	7.190164255e-02	3.162708798e-14
-1.000000000e-02	4.456527296e+00	7.145498875e-02	7.059358289e-15
-1.100000000e-02	4.456542893e+00	7.100833505e-02	1.596147513e-14
-1.200000000e-02	4.456558533e+00	7.056168148e-02	2.214075796e-14
-1.300000000e-02	4.456574217e+00	7.011502802e-02	3.235283588e-14
-1.400000000e-02	4.456589944e+00	6.966837471e-02	7.323102280e-15
-1.500000000e-02	4.456605715e+00	6.922172156e-02	2.190618428e-14
-1.600000000e-02	4.456621528e+00	6.877506856e-02	1.930680395e-14
-1.700000000e-02	4.456637386e+00	6.832841574e-02	2.651725883e-14
-1.800000000e-02	4.456653286e+00	6.788176311e-02	2.092221314e-14
-1.900000000e-02	4.456669230e+00	6.743511069e-02	2.434986921e-14
-2.000000000e-02	4.456685218e+00	6.698845847e-02	6.226968183e-15
-2.100000000e-02	4.456701248e+00	6.654180648e-02	1.926245642e-14
-2.200000000e-02	4.456717323e+00	6.609515473e-02	7.952941136e-15
-2.300000000e-02	4.456733440e+00	6.564850322e-02	5.693763344e-15
-2.400000000e-02	4.456749601e+00	6.520185198e-02	2.157821549e-14
-2.500000000e-02	4.456765806e+00	6.475520101e-02	9.111928990e-15
-2.600000000e-02	4.456782053e+00	6.430855033e-02	2.901435273e-14
-2.700000000e-02	4.456798345e+00	6.386189995e-02	1.729067786e-14
-2.800000000e-02	4.456814679e+00	6.341524987e-02	1.940092594e-14
-2.900000000e-02	4.456831057e+00	6.296860012e-02	1.987993951e-14
-3.000000000e-02	4.456847479e+00	6.252195071e-02	1.780223648e-14
-3.100000000e-02	4.456863943e+00	6.207530164e-02	2.061533528e-14
-3.200000000e-02	4.456880451e+00	6.162865293e-02	1.747765781e-14
-3.300000000e-02	4.456897003e+00	6.118200459e-02	1.486785236e-14
-3.400000000e-02	4.456913598e+00	6.073535663e-02	1.715017255e-14
-3.500000000e-02	4.456930236e+00	6.028870907e-02	2.337714180e-14
-3.600000000e-02	4.456946918e+00	5.984206192e-02	9.111597737e-15
-3.700000000e-02	4.456963643e+00	5.939541519e-02	1.727522666e-14
-3.800000000e-02	4.456980412e+00	5.894876889e-02	3.911693984e-14
-3.900000000e-02	4.456997224e+00	5.850212303e-02	1.497126081e-14
-4.000000000e-02	4.457014079e+00	5.805547763e-02	2.789323130e-14
-4.100000000e-02	4.457030978e+00	5.760883270e-02	2.840978838e-14
-4.200000000e-02	4.457047920e+00	5.716218825e-02	1.887224128e-14
-4.300000000e-02	4.457064905e+00	5.671554429e-02	1.507736386e-14
-4.400000000e-02	4.457081934e+00	5.626890084e-02	6.884511946e-15
-4.500000000e-02	4.457099006e+00	5.582225790e-02	1.551619203e-14
-4.600000000e-02	4.457116122e+00	5.537561549e-02	3.062592350e-14
-4.700000000e-02	4.457133281e+00	5.492897363e-02	2.776303279e-14
-4.800000000e-02	4.457150484e+00	5.448233232e-02	1.640448641e-14
-4.900000000e-02	4.457167729e+00	5.403569157e-02	2.988004105e-14
-5.000000000e-02	4.457185019e+00	5.358905141e-02	1.465466805e-14
-5.100000000e-02	4.457202351e+00	5.314241183e-02	3.002783990e-14
-5.200000000e-02	4.457219727e+00	5.269577286e-02	2.071997088e-14
-5.300000000e-02	4.457237147e+00	5.224913450e-02	1.913093539e-14
-5.400000000e-02	4.457254609e+00	5.180249676e-02	2.010873189e-14
-5.500000000e-02	4.457272116e+00	5.135585967e-02	2.432699266e-14
-5.600000000e-02	4.457289665e+00	5.090922323e-02	2.883743371e-14
-5.700000000e-02	4.457307258e+00	5.046258745e-02	1.878225932e-14
-5.800000000e-02	4.457324895e+00	5.001595234e-02	2.335280163e-14
-5.900000000e-02	4.457342574e+00	4.956931793e-02	1.027649543e-14
-6.000000000e-02	4.457360297e+00	4.912268421e-02	2.174319767e-14
-6.100000000e-02	4.457378064e+00	4.867605120e-02	1.779375508e-14
-6.200000000e-02	4.457395874e+00	4.822941892e-02	1.816370863e-14
-6.300000000e-02	4.457413727e+00	4.778278738e-02	1.540228884e-14
-6.400000000e-02	4.457431624e+00	4.733615658e-02	2.645494747e-14
-6.500000000e-02	4.457449564e+00	4.688952655e-02	1.418347904e-14
-6.600000000e-02	4.457467547e+00	4.644289728e-02	2.146183683e-14
-6.700000000e-02	4.457485574e+00	4.599626881e-02	2.965002017e-14
-6.800000000e-02	4.457503644e+00	4.554964112e-02	8.171122674e-15
-6.900000000e-02	4.457521758e+00	4.510301425e-02	2.385728941e-14
-7.000000000e-02	4.457539915e+00	4.465638820e-02	2.645253800e-14
-7.100000000e-02	4.457558115e+00	4.420976299e-02	9.626426910e-15
-7.200000000e-02	4.457576359e+00	4.376313862e-02	2.146733608e-14
-7.300000000e-02	4.457594646e+00	4.331651510e-02	1.747427738e-14
-7.400000000e-02	4.457612977e+00	4.286989246e-02	2.161444665e-14
-7.500000000e-02	4.457631351e+00	4.242327070e-02	1.519830125e-14
-7.600000000e-02	4.457649768e+00	4.197664983e-02	1.325915835e-14
-7.700000000e-02	4.457668229e+00	4.153002987e-02	2.127131055e-14
-7.800000000e-02	4.457686733e+00	4.108341083e-02	2.241322566e-14
-7.900000000e-02	4.457705280e+00	4.063679272e-02	1.901528966e-14
-8.000000000e-02	4.457723871e+00	4.019017555e-02	1.653497679e-14
-8.100000000e-02	4.457742505e+00	3.974355934e-02	2.141026362e-14
-8.200000000e-02	4.457761183e+00	3.929694410e-02	1.713752401e-14
-8.300000000e-02	4.457779904e+00	3.885032983e-02	2.011451453e-14
-8.400000000e-02	4.457798668e+00	3.840371656e-02	2.612862683e-14
-8.500000000e-02	4.457817476e+00	3.795710429e-02	1.273087667e-14
-8.600000000e-02	4.457836327e+00	3.751049304e-02	2.041108505e-14
-8.700000000e-02	4.457855221e+00	3.706388281e-02	1.974401929e-14
-8.800000000e-02	4.457874159e+00	3.661727363e-02	1.967960136e-14
-8.900000000e-02	4.457893140e+00	3.617066549e-02	9.715053421e-15
-9.000000000e-02	4.457912165e+00	3.572405843e-02	2.119253972e-14
-9.100000000e-02	4.457931233e+00	3.527745243e-02	2.216796071e-14
-9.200000000e-02	4.457950344e+00	3.483084753e-02	3.851114248e-14
-9.300000000e-02	4.457969499e+00	3.438424373e-02	1.526416753e-14
-9.400000000e-02	4.457988697e+00	3.393764104e-02	2.175786659e-14
-9.500000000e-02	4.458007939e+00	3.349103948e-02	2.554266902e-14
-9.600000000e-02	4.458027223e+00	3.304443906e-02	2.362475407e-14
-9.700000000e-02	4.458046552e+00	3.259783978e-02	1.517614631e-14
-9.800000000e-02	4.458065923e+00	3.215124167e-02	1.358824844e-14
-9.900000000e-02	4.458085338e+00	3.170464473e-02	2.657432457e-14
-1.000000000e-01	4.458104797e+00	3.125804898e-02	2.702487788e-14
-1.010000000e-01	4.458124298e+00	3.081145443e-02	1.480031125e-14
-1.020000000e-01	4.458143843e+00	3.036486108e-02	2.791995048e-14
-1.030000000e-01	4.458163432e+00	2.991826896e-02	1.812410821e-14
-1.040000000e-01	4.458183064e+00	2.947167808e-02	1.234040924e-14
-1.050000000e-01	4.458202739e+00	2.902508844e-02	1.183357273e-14
-1.060000000e-01	4.458222457e+00	2.857850006e-02	2.376901675e-14
-1.070000000e-01	4.458242219e+00	2.813191295e-02	2.924819418e-14
-1.080000000e-01	4.458262025e+00	2.768532712e-02	1.424186866e-14
-1.090000000e-01	4.458281873e+00	2.723874259e-02	2.416756931e-14
-1.100000000e-01	4.458301765e+00	2.679215937e-02	1.646281243e-14
-1.110000000e-01	4.458321701e+00	2.634557747e-02	2.501398644e-14
-1.120000000e-01	4.458341679e+00	2.589899690e-02	2.547392924e-14
-1.130000000e-01	4.458361702e+00	2.545241768e-02	1.931572075e-14
-1.140000000e-01	4.458381767e+00	2.500583981e-02	1.617279861e-14
-1.150000000e-01	4.458401876e+00	2.455926331e-02	2.015805156e-14
-1.160000000e-01	4.458422028e+00	2.411268819e-02	1.287719192e-14
-1.170000000e-01	4.458442224e+00	2.366611446e-02	2.393677147e-14
-1.180000000e-01	4.458462463e+00	2.321954214e-02	2.647036920e-14
-1.190000000e-01	4.458482745e+00	2.277297124e-02	1.407929130e-14
-1.200000000e-01	4.458503071e+00	2.232640176e-02	1.685118851e-14
-1.210000000e-01	4.458523440e+00	2.187983373e-02	8.942127159e-15
-1.220000000e-01	4.458543852e+00	2.143326715e-02	1.872375753e-14
-1.230000000e-01	4.458564308e+00	2.098670204e-02	1.864069486e-14
-1.240000000e-01	4.458584807e+00	2.054013840e-02	1.686028012e-14
-1.250000000e-01	4.458605349e+00	2.009357625e-02	2.567395886e-14
-1.260000000e-01	4.458626407e+00	1.963747965e-02	5.520478116e-06
-1.270000000e-01	4.458648658e+00	1.915805700e-02	2.454532133e-05
-1.280000000e-01	4.458670946e+00	1.867863543e-02	4.357004686e-05
-1.290000000e-01	4.458693273e+00	1.819921499e-02	6.259465266e-05
-1.300000000e-01	4.458715636e+00	1.771979563e-02	8.161913671e-05
-1.310000000e-01	4.458738043e+00	1.724037769e-02	1.006434970e-04
-1.320000000e-01	4.085950662e+00	-1.865261754e-03	2.020332708e-27
-1.330000000e-01	4.085976785e+00	-2.388366724e-03	2.298553014e-27
-1.340000000e-01	4.086002975e+00	-2.911468267e-03	4.002722669e-27
-1.350000000e-01	4.086029231e+00	-3.434566355e-03	1.849257524e-27
-1.360000000e-01	4.086055555e+00	-3.957660964e-03	1.535937508e-27
-1.370000000e-01	4.086081946e+00	-4.480752068e-03	2.459741670e-28
-1.380000000e-01	4.086108403e+00	-5.003839641e-03	1.287365344e-27
-1.390000000e-01	4.086134928e+00	-5.526923657e-03	8.714571351e-28
-1.400000000e-01	4.086161520e+00	-6.050004091e-03	2.865697412e-27
-1.410000000e-01	4.086188178e+00	-6.573080917e-03	3.509472130e-27
-1.420000000e-01	4.086214904e+00	-7.096154110e-03	2.604367755e-27
-1.430000000e-01	4.086241697e+00	-7.619223643e-03	1.961800145e-27
-1.440000000e-01	4.086268556e+00	-8.142289491e-03	1.112525648e-27
-1.450000000e-01	4.086295483e+00	-8.665351629e-03	3.531140781e-27
-1.460000000e-01	4.086322476e+00	-9.188410030e-03	3.329685087e-27
-1.470000000e-01	4.086349537e+00	-9.711464670e-03	2.827575187e-27
-1.480000000e-01	4.086376664e+00	-1.023451552e-02	8.579456760e-28
-1.490000000e-01	4.086403859e+00	-1.075756256e-02	2.524625229e-27
-1.500000000e-01	4.086431120e+00	-1.128060576e-02	1.434469257e-27
-1.510000000e-01	4.086458448e+00	-1.180364510e-02	1.633901273e-27
-1.520000000e-01	4.086485844e+00	-1.232668054e-02	2.447364122e-28
-1.530000000e-01	4.086513306e+00	-1.284971207e-02	1.260511312e-27
-1.540000000e-01	4.086540835e+00	-1.337273966e-02	2.328042711e-27
-1.550000000e-01	4.086568432e+00	-1.389576328e-02	9.227397408e-28
-1.560000000e-01	4.086596095e+00	-1.441878291e-02	1.469846105e-28
-1.570000000e-01	4.086623825e+00	-1.494179852e-02	3.450683307e-27
-1.580000000e-01	4.086651622e+00	-1.546481008e-02	2.037683941e-27
-1.590000000e-01	4.086679486e+00	-1.598781758e-02	2.236889995e-27
-1.600000000e-01	4.086707417e+00	-1.651082098e-02	2.831948465e-27
-1.610000000e-01	4.086735415e+00	-1.703382026e-02	2.110429941e-27
-1.620000000e-01	4.086763479e+00	-1.755681539e-02	8.314954324e-28
-1.630000000e-01	4.086791611e+00	-1.807980635e-02	2.904056929e-28
-1.640000000e-01	4.086819810e+00	-1.860279311e-02	9.573000534e-28
-1.650000000e-01	4.086848075e+00	-1.912577565e-02	1.672332538e-27
-1.660000000e-01	4.086876408e+00	-1.964875394e-02	1.332833121e-27
-1.670000000e-01	4.086904807e+00	-2.017172796e-02	3.393369533e-27
-1.680000000e-01	4.086933274e+00	-2.069469767e-02	2.993358455e-27
-1.690000000e-01	4.086961807e+00	-2.121766306e-02	3.774796502e-28
-1.700000000e-01	4.086990407e+00	-2.174062410e-02	2.147740539e-27
-1.710000000e-01	4.087019074e+00	-2.226358076e-02	1.261791598e-27
-1.720000000e-01	4.087047808e+00	-2.278653302e-02	4.742448552e-28
-1.730000000e-01	4.087076609e+00	-2.330948085e-02	8.936089743e-28
-1.740000000e-01	4.087105477e+00	-2.383242422e-02	1.831690647e-27
-1.750000000e-01	4.087134412e+00	-2.435536312e-02	1.251744038e-27
-1.760000000e-01	4.087163413e+00	-2.487829751e-02	3.719065089e-27
-1.770000000e-01	4.087192482e+00	-2.540122737e-02	3.630246869e-28
-1.780000000e-01	4.087221617e+00	-2.592415267e-02	1.929378904e-27
-1.790000000e-01	4.087250819e+00	-2.644707339e-02	3.344524155e-27
-1.800000000e-01	4.087280088e+00	-2.696998951e-02	1.451369641e-27
-1.810000000e-01	4.087309424e+00	-2.749290099e-02	3.672797448e-27
-1.820000000e-01	4.087338827e+00	-2.801580781e-02	2.182357506e-27
-1.830000000e-01	4.087368297e+00	-2.853870995e-02	9.238062973e-28
-1.840000000e-01	4.087397834e+00	-2.906160738e-02	1.725487053e-27
-1.850000000e-01	4.087427437e+00	-2.958450007e-02	4.364169560e-27
-1.860000000e-01	4.087457108e+00	-3.010738800e-02	9.235700350e-28
-1.870000000e-01	4.087486845e+00	-3.063027115e-02	1.817186371e-27
-1.880000000e-01	4.087516649e+00	-3.115314948e-02	3.241884551e-27
-1.890000000e-01	4.087546520e+00	-3.167602298e-02	1.717193315e-27
-1.900000000e-01	4.087576458e+00	-3.219889161e-02	1.074110055e-27
-1.910000000e-01	4.087606463e+00	-3.272175535e-02	1.712267965e-27
-1.920000000e-01	4.087636534e+00	-3.324461418e-02	3.432841592e-28
-1.930000000e-01	4.087666672e+00	-3.376746807e-02	5.665703695e-28
-1.940000000e-01	4.087696878e+00	-3.429031700e-02	2.168302170e-27
-1.950000000e-01	4.087727150e+00	-3.481316093e-02	1.156744122e-27
-1.960000000e-01	4.087757488e+00	-3.533599985e-02	1.336702573e-27
-1.970000000e-01	4.087787894e+00	-3.585883373e-02	1.365344185e-27
-1.980000000e-01	4.087818367e+00	-3.638166253e-02	2.378636612e-27
-1.990000000e-01	4.087848906e+00	-3.690448625e-02	4.196261198e-27
-2.000000000e-01	4.087879512e+00	-3.742730484e-02	1.597205821e-27
