# epsi_ci     Re(Lambda)      Im(Lambda)      Eq(det), R = 0.5 $\mu$m, $E_p$ = 0.600 eV, modo = 4, $\epsilon_\infty$ = 3.9, $\gamma_{DL}$ = 0.01 eV, solve_det_sinkz_vs_mu.py
0.000000000e+00	4.443971228e+00	7.499237910e-02	1.535440842e-14
-1.000000000e-03	4.443986247e+00	7.454675743e-02	2.162868008e-14
-2.000000000e-03	4.444001309e+00	7.410113576e-02	2.406952196e-14
-3.000000000e-03	4.444016415e+00	7.365551410e-02	1.901771231e-14
-4.000000000e-03	4.444031563e+00	7.320989246e-02	2.102691013e-14
-5.000000000e-03	4.444046755e+00	7.276427085e-02	2.595225640e-14
-6.000000000e-03	4.444061991e+00	7.231864929e-02	9.705652781e-15
-7.000000000e-03	4.444077269e+00	7.187302779e-02	3.323867562e-14
-8.000000000e-03	4.444092591e+00	7.142740636e-02	2.031111329e-14
-9.000000000e-03	4.444107957e+00	7.098178501e-02	1.653830011e-14
-1.000000000e-02	4.444123365e+00	7.053616375e-02	1.723126617e-14
-1.100000000e-02	4.444138817e+00	7.009054261e-02	2.204327409e-14
-1.200000000e-02	4.444154312e+00	6.964492158e-02	1.877207236e-14
-1.300000000e-02	4.444169851e+00	6.919930068e-02	1.220575356e-14
-1.400000000e-02	4.444185433e+00	6.875367993e-02	2.177632853e-14
-1.500000000e-02	4.444201058e+00	6.830805933e-02	2.055812997e-14
-1.600000000e-02	4.444216727e+00	6.786243890e-02	1.825963143e-14
-1.700000000e-02	4.444232438e+00	6.741681865e-02	1.033506236e-14
-1.800000000e-02	4.444248193e+00	6.697119860e-02	1.770149269e-14
-1.900000000e-02	4.444263992e+00	6.652557874e-02	3.437322977e-14
-2.000000000e-02	4.444279834e+00	6.607995911e-02	2.590816011e-14
-2.100000000e-02	4.444295719e+00	6.563433970e-02	1.168400204e-14
-2.200000000e-02	4.444311647e+00	6.518872053e-02	9.147971157e-15
-2.300000000e-02	4.444327619e+00	6.474310161e-02	2.491097124e-14
-2.400000000e-02	4.444343634e+00	6.429748296e-02	1.964583950e-14
-2.500000000e-02	4.444359692e+00	6.385186459e-02	9.825639306e-15
-2.600000000e-02	4.444375794e+00	6.340624650e-02	1.525180284e-14
-2.700000000e-02	4.444391939e+00	6.296062872e-02	2.176238913e-14
-2.800000000e-02	4.444408127e+00	6.251501125e-02	1.834903418e-14
-2.900000000e-02	4.444424358e+00	6.206939411e-02	1.917050762e-14
-3.000000000e-02	4.444440633e+00	6.162377730e-02	1.251949969e-14
-3.100000000e-02	4.444456951e+00	6.117816085e-02	1.998388842e-14
-3.200000000e-02	4.444473313e+00	6.073254475e-02	2.126887501e-14
-3.300000000e-02	4.444489718e+00	6.028692903e-02	1.972024866e-14
-3.400000000e-02	4.444506166e+00	5.984131370e-02	1.276619369e-14
-3.500000000e-02	4.444522657e+00	5.939569877e-02	2.730825070e-14
-3.600000000e-02	4.444539192e+00	5.895008424e-02	2.203875185e-14
-3.700000000e-02	4.444555770e+00	5.850447014e-02	1.635322747e-14
-3.800000000e-02	4.444572391e+00	5.805885648e-02	1.800588954e-14
-3.900000000e-02	4.444589056e+00	5.761324326e-02	1.707755052e-14
-4.000000000e-02	4.444605764e+00	5.716763050e-02	1.442321540e-14
-4.100000000e-02	4.444622515e+00	5.672201821e-02	1.283643332e-14
-4.200000000e-02	4.444639310e+00	5.627640641e-02	1.762394894e-14
-4.300000000e-02	4.444656148e+00	5.583079510e-02	2.543170052e-14
-4.400000000e-02	4.444673029e+00	5.538518430e-02	1.718792596e-14
-4.500000000e-02	4.444689954e+00	5.493957402e-02	2.257389535e-14
-4.600000000e-02	4.444706921e+00	5.449396427e-02	1.764980205e-14
-4.700000000e-02	4.444723933e+00	5.404835507e-02	2.847360724e-14
-4.800000000e-02	4.444740987e+00	5.360274642e-02	2.302134540e-14
-4.900000000e-02	4.444758085e+00	5.315713834e-02	1.257445881e-14
-5.000000000e-02	4.444775226e+00	5.271153085e-02	2.019933694e-14
-5.100000000e-02	4.444792410e+00	5.226592394e-02	1.538572484e-14
-5.200000000e-02	4.444809638e+00	5.182031764e-02	1.328092800e-14
-5.300000000e-02	4.444826909e+00	5.137471196e-02	2.434985989e-14
-5.400000000e-02	4.444844223e+00	5.092910691e-02	1.832080096e-14
-5.500000000e-02	4.444861581e+00	5.048350250e-02	1.583756137e-14
-5.600000000e-02	4.444878982e+00	5.003789874e-02	1.514882375e-14
-5.700000000e-02	4.444896426e+00	4.959229565e-02	1.324183758e-14
-5.800000000e-02	4.444913913e+00	4.914669324e-02	2.284021233e-14
-5.900000000e-02	4.444931444e+00	4.870109151e-02	2.503357003e-14
-6.000000000e-02	4.444949018e+00	4.825549049e-02	1.770984660e-14
-6.100000000e-02	4.444966636e+00	4.780989019e-02	1.806005192e-14
-6.200000000e-02	4.444984297e+00	4.736429061e-02	2.513214694e-14
-6.300000000e-02	4.445002001e+00	4.691869177e-02	1.677628092e-14
-6.400000000e-02	4.445019748e+00	4.647309368e-02	2.021570853e-14
-6.500000000e-02	4.445037539e+00	4.602749635e-02	1.617337559e-14
-6.600000000e-02	4.445055373e+00	4.558189980e-02	2.461456017e-14
-6.700000000e-02	4.445073250e+00	4.513630404e-02	1.599223433e-14
-6.800000000e-02	4.445091170e+00	4.469070907e-02	1.645547882e-14
-6.900000000e-02	4.445109134e+00	4.424511492e-02	1.469173579e-14
-7.000000000e-02	4.445127141e+00	4.379952159e-02	2.005960223e-14
-7.100000000e-02	4.445145192e+00	4.335392910e-02	3.849213101e-14
-7.200000000e-02	4.445163286e+00	4.290833745e-02	1.221667675e-14
-7.300000000e-02	4.445181423e+00	4.246274667e-02	1.276660417e-14
-7.400000000e-02	4.445199603e+00	4.201715675e-02	1.545867780e-14
-7.500000000e-02	4.445217827e+00	4.157156773e-02	2.452713984e-14
-7.600000000e-02	4.445236094e+00	4.112597960e-02	1.800223060e-14
-7.700000000e-02	4.445254404e+00	4.068039237e-02	2.273281683e-14
-7.800000000e-02	4.445272757e+00	4.023480607e-02	2.383247838e-14
-7.900000000e-02	4.445291154e+00	3.978922070e-02	2.028721974e-14
-8.000000000e-02	4.445309595e+00	3.934363628e-02	2.596797979e-14
-8.100000000e-02	4.445328078e+00	3.889805282e-02	1.558557217e-14
-8.200000000e-02	4.445346605e+00	3.845247032e-02	1.687697194e-14
-8.300000000e-02	4.445365175e+00	3.800688881e-02	4.437923187e-15
-8.400000000e-02	4.445383788e+00	3.756130828e-02	1.936062319e-14
-8.500000000e-02	4.445402445e+00	3.711572877e-02	1.746726835e-14
-8.600000000e-02	4.445421145e+00	3.667015027e-02	1.926565010e-14
-8.700000000e-02	4.445439888e+00	3.622457281e-02	2.392416039e-14
-8.800000000e-02	4.445458674e+00	3.577899638e-02	3.623727442e-14
-8.900000000e-02	4.445477504e+00	3.533342102e-02	2.007821263e-14
-9.000000000e-02	4.445496377e+00	3.488784671e-02	9.623500554e-15
-9.100000000e-02	4.445515294e+00	3.444227349e-02	2.441078604e-14
-9.200000000e-02	4.445534253e+00	3.399670136e-02	2.871449492e-14
-9.300000000e-02	4.445553256e+00	3.355113033e-02	1.818148680e-14
-9.400000000e-02	4.445572303e+00	3.310556041e-02	2.106994370e-14
-9.500000000e-02	4.445591392e+00	3.265999163e-02	1.191906283e-14
-9.600000000e-02	4.445610525e+00	3.221442398e-02	1.646885723e-14
-9.700000000e-02	4.445629701e+00	3.176885748e-02	2.319023433e-14
-9.800000000e-02	4.445648921e+00	3.132329215e-02	2.420324215e-14
-9.900000000e-02	4.445668183e+00	3.087772800e-02	1.956582081e-14
-1.000000000e-01	4.445687489e+00	3.043216503e-02	1.846948406e-14
-1.010000000e-01	4.445706839e+00	2.998660326e-02	1.475533203e-14
-1.020000000e-01	4.445726231e+00	2.954104270e-02	1.725812155e-14
-1.030000000e-01	4.445745667e+00	2.909548337e-02	2.153132330e-14
-1.040000000e-01	4.445765146e+00	2.864992528e-02	1.879792812e-14
-1.050000000e-01	4.445784669e+00	2.820436843e-02	1.704134282e-14
-1.060000000e-01	4.445804235e+00	2.775881285e-02	1.541857210e-14
-1.070000000e-01	4.445823844e+00	2.731325854e-02	2.328911285e-14
-1.080000000e-01	4.445843496e+00	2.686770551e-02	1.841908496e-14
-1.090000000e-01	4.445863191e+00	2.642215378e-02	2.252380969e-14
-1.100000000e-01	4.445882930e+00	2.597660336e-02	1.620193086e-14
-1.110000000e-01	4.445902712e+00	2.553105427e-02	2.856090924e-14
-1.120000000e-01	4.445922538e+00	2.508550650e-02	2.163046451e-14
-1.130000000e-01	4.445942407e+00	2.463996008e-02	1.927591440e-14
-1.140000000e-01	4.445962319e+00	2.419441502e-02	1.859097003e-14
-1.150000000e-01	4.445982274e+00	2.374887133e-02	1.621254976e-14
-1.160000000e-01	4.446002272e+00	2.330332903e-02	2.267218292e-14
-1.170000000e-01	4.446022314e+00	2.285778811e-02	2.013081735e-14
-1.180000000e-01	4.446042399e+00	2.241224861e-02	1.249986835e-14
-1.190000000e-01	4.085617165e+00	4.935403132e-03	2.100447792e-27
-1.200000000e-01	4.085642417e+00	4.412255934e-03	8.936154272e-28
-1.210000000e-01	4.085667735e+00	3.889111830e-03	1.378879238e-27
-1.220000000e-01	4.085693121e+00	3.365970846e-03	1.163648777e-28
-1.230000000e-01	4.085718573e+00	2.842833007e-03	1.612997832e-27
-1.240000000e-01	4.085744093e+00	2.319698340e-03	1.764259704e-27
-1.250000000e-01	4.085769680e+00	1.796566869e-03	1.315076788e-27
-1.260000000e-01	4.085795333e+00	1.273438621e-03	9.087585703e-28
-1.270000000e-01	4.085821054e+00	7.503136212e-04	8.706960157e-28
-1.280000000e-01	4.085846842e+00	2.271918954e-04	1.271142071e-27
-1.290000000e-01	4.085872696e+00	-2.959265308e-04	2.597081449e-27
-1.300000000e-01	4.085898618e+00	-8.190416315e-04	3.894200163e-28
-1.310000000e-01	4.085924607e+00	-1.342153381e-03	6.092844885e-28
-1.320000000e-01	4.085950662e+00	-1.865261754e-03	7.072199374e-28
-1.330000000e-01	4.085976785e+00	-2.388366725e-03	4.986669139e-28
-1.340000000e-01	4.086002975e+00	-2.911468267e-03	2.576957694e-27
-1.350000000e-01	4.086029231e+00	-3.434566355e-03	1.631992688e-27
-1.360000000e-01	4.086055555e+00	-3.957660964e-03	9.022240063e-28
-1.370000000e-01	4.086081946e+00	-4.480752068e-03	1.088596909e-27
-1.380000000e-01	4.086108403e+00	-5.003839641e-03	1.699591976e-27
-1.390000000e-01	4.086134928e+00	-5.526923657e-03	1.423338239e-27
-1.400000000e-01	4.086161520e+00	-6.050004091e-03	7.551435887e-28
-1.410000000e-01	4.086188178e+00	-6.573080917e-03	2.334715809e-27
-1.420000000e-01	4.086214904e+00	-7.096154110e-03	1.053168758e-27
-1.430000000e-01	4.086241697e+00	-7.619223643e-03	1.482818413e-27
-1.440000000e-01	4.086268556e+00	-8.142289491e-03	2.010810463e-27
-1.450000000e-01	4.086295483e+00	-8.665351629e-03	1.657537563e-27
-1.460000000e-01	4.086322476e+00	-9.188410031e-03	2.344322562e-27
-1.470000000e-01	4.086349537e+00	-9.711464670e-03	5.015169094e-28
-1.480000000e-01	4.086376664e+00	-1.023451552e-02	4.636123025e-28
-1.490000000e-01	4.086403859e+00	-1.075756256e-02	4.150035060e-27
-1.500000000e-01	4.086431120e+00	-1.128060576e-02	2.295812732e-27
-1.510000000e-01	4.086458448e+00	-1.180364510e-02	8.084648683e-28
-1.520000000e-01	4.086485844e+00	-1.232668054e-02	5.124633378e-28
-1.530000000e-01	4.086513306e+00	-1.284971207e-02	2.704771234e-27
-1.540000000e-01	4.086540835e+00	-1.337273966e-02	1.309388975e-27
-1.550000000e-01	4.086568432e+00	-1.389576328e-02	2.064270173e-27
-1.560000000e-01	4.086596095e+00	-1.441878291e-02	2.486197005e-27
-1.570000000e-01	4.086623825e+00	-1.494179852e-02	1.433652284e-27
-1.580000000e-01	4.086651622e+00	-1.546481008e-02	1.552480112e-27
-1.590000000e-01	4.086679486e+00	-1.598781758e-02	1.471072579e-27
-1.600000000e-01	4.086707417e+00	-1.651082098e-02	2.466788656e-27
-1.610000000e-01	4.086735415e+00	-1.703382026e-02	2.245271341e-27
-1.620000000e-01	4.086763479e+00	-1.755681539e-02	1.864071050e-27
-1.630000000e-01	4.086791611e+00	-1.807980635e-02	8.489854950e-28
-1.640000000e-01	4.086819810e+00	-1.860279311e-02	1.798354389e-27
-1.650000000e-01	4.086848075e+00	-1.912577565e-02	1.196255489e-27
-1.660000000e-01	4.086876408e+00	-1.964875394e-02	8.503149115e-28
-1.670000000e-01	4.086904807e+00	-2.017172796e-02	1.486098941e-27
-1.680000000e-01	4.086933274e+00	-2.069469767e-02	5.450584756e-28
-1.690000000e-01	4.086961807e+00	-2.121766306e-02	1.651319308e-27
-1.700000000e-01	4.086990407e+00	-2.174062410e-02	2.602588604e-27
-1.710000000e-01	4.087019074e+00	-2.226358076e-02	4.837632932e-28
-1.720000000e-01	4.087047808e+00	-2.278653302e-02	3.481491662e-27
-1.730000000e-01	4.087076609e+00	-2.330948085e-02	8.687022922e-28
-1.740000000e-01	4.087105477e+00	-2.383242422e-02	1.202623702e-27
-1.750000000e-01	4.087134412e+00	-2.435536312e-02	2.177028378e-27
-1.760000000e-01	4.087163413e+00	-2.487829751e-02	4.404176251e-27
-1.770000000e-01	4.087192482e+00	-2.540122737e-02	2.741935788e-27
-1.780000000e-01	4.087221617e+00	-2.592415267e-02	3.004764300e-28
-1.790000000e-01	4.087250819e+00	-2.644707339e-02	1.485616994e-27
-1.800000000e-01	4.087280088e+00	-2.696998951e-02	1.503443440e-27
-1.810000000e-01	4.087309424e+00	-2.749290099e-02	1.748170891e-27
-1.820000000e-01	4.087338827e+00	-2.801580781e-02	2.889866669e-27
-1.830000000e-01	4.087368297e+00	-2.853870995e-02	1.682016645e-27
-1.840000000e-01	4.087397834e+00	-2.906160738e-02	2.360638365e-27
-1.850000000e-01	4.087427437e+00	-2.958450007e-02	3.449835873e-27
-1.860000000e-01	4.087457108e+00	-3.010738800e-02	1.100795570e-27
-1.870000000e-01	4.087486845e+00	-3.063027115e-02	2.356456781e-27
-1.880000000e-01	4.087516649e+00	-3.115314948e-02	3.598079084e-27
-1.890000000e-01	4.087546520e+00	-3.167602298e-02	2.396817510e-27
-1.900000000e-01	4.087576458e+00	-3.219889161e-02	1.196398856e-27
-1.910000000e-01	4.087606463e+00	-3.272175535e-02	1.251189712e-27
-1.920000000e-01	4.087636534e+00	-3.324461418e-02	1.299384366e-27
-1.930000000e-01	4.087666672e+00	-3.376746807e-02	6.704667567e-28
-1.940000000e-01	4.087696878e+00	-3.429031700e-02	1.612023609e-27
-1.950000000e-01	4.087727150e+00	-3.481316093e-02	3.316893181e-27
-1.960000000e-01	4.087757488e+00	-3.533599985e-02	1.551545334e-27
-1.970000000e-01	4.087787894e+00	-3.585883373e-02	1.072272383e-27
-1.980000000e-01	4.087818367e+00	-3.638166253e-02	3.902858108e-28
-1.990000000e-01	4.087848906e+00	-3.690448625e-02	4.045743738e-27
-2.000000000e-01	4.087879512e+00	-3.742730484e-02	4.126995572e-28
