# epsi_ci     Re(Lambda)      Im(Lambda)      Eq(det), R = 0.1 $\mu$m, $E_p$ = 0.600 eV, modo = 1, $\epsilon_\infty$ = 3.9, $\gamma_{DL}$ = 0.01 eV, solve_det_sinkz_vs_mu.py
0.000000000e+00	4.170750818e+00	6.325757950e-02	1.021295791e-13
-1.000000000e-03	4.170761266e+00	6.283816523e-02	1.193018614e-13
-2.000000000e-03	4.170771755e+00	6.241875037e-02	5.788419065e-14
-3.000000000e-03	4.170782286e+00	6.199933493e-02	2.013687868e-13
-4.000000000e-03	4.170792859e+00	6.157991894e-02	6.873082501e-14
-5.000000000e-03	4.170803473e+00	6.116050239e-02	1.287319343e-13
-6.000000000e-03	4.170814129e+00	6.074108531e-02	1.526982206e-13
-7.000000000e-03	4.170824827e+00	6.032166770e-02	1.379373219e-13
-8.000000000e-03	4.170835567e+00	5.990224957e-02	8.160103579e-14
-9.000000000e-03	4.170846348e+00	5.948283095e-02	9.642527748e-14
-1.000000000e-02	4.170857171e+00	5.906341183e-02	2.097308364e-13
-1.100000000e-02	4.170868036e+00	5.864399224e-02	1.531144521e-13
-1.200000000e-02	4.170878942e+00	5.822457219e-02	7.635822631e-14
-1.300000000e-02	4.170889891e+00	5.780515168e-02	9.861783202e-14
-1.400000000e-02	4.170900880e+00	5.738573074e-02	7.161141299e-14
-1.500000000e-02	4.170911912e+00	5.696630936e-02	1.608469737e-13
-1.600000000e-02	4.170922985e+00	5.654688758e-02	1.083471380e-13
-1.700000000e-02	4.170934101e+00	5.612746539e-02	1.140252338e-13
-1.800000000e-02	4.170945257e+00	5.570804281e-02	5.926463666e-14
-1.900000000e-02	4.170956456e+00	5.528861985e-02	1.886740677e-13
-2.000000000e-02	4.170967696e+00	5.486919652e-02	2.003750332e-13
-2.100000000e-02	4.170978978e+00	5.444977285e-02	9.381910213e-14
-2.200000000e-02	4.170990302e+00	5.403034883e-02	1.303982479e-13
-2.300000000e-02	4.171001668e+00	5.361092448e-02	2.180287063e-13
-2.400000000e-02	4.171013075e+00	5.319149982e-02	1.936571852e-13
-2.500000000e-02	4.171024524e+00	5.277207486e-02	8.676280910e-14
-2.600000000e-02	4.171036014e+00	5.235264960e-02	6.519142260e-14
-2.700000000e-02	4.171047547e+00	5.193322406e-02	8.035573285e-14
-2.800000000e-02	4.171059121e+00	5.151379826e-02	9.645183058e-14
-2.900000000e-02	4.171070737e+00	5.109437220e-02	9.056263938e-14
-3.000000000e-02	4.171082394e+00	5.067494590e-02	9.472568716e-14
-3.100000000e-02	4.171094094e+00	5.025551937e-02	7.124957374e-14
-3.200000000e-02	4.171105835e+00	4.983609262e-02	1.839761261e-13
-3.300000000e-02	4.171117618e+00	4.941666567e-02	1.897075289e-13
-3.400000000e-02	4.171129442e+00	4.899723852e-02	7.581645669e-14
-3.500000000e-02	4.171141308e+00	4.857781120e-02	7.772050304e-14
-3.600000000e-02	4.171153216e+00	4.815838370e-02	1.327011254e-13
-3.700000000e-02	4.171165166e+00	4.773895605e-02	1.014884757e-13
-3.800000000e-02	4.171177157e+00	4.731952826e-02	9.105324878e-14
-3.900000000e-02	4.171189191e+00	4.690010034e-02	6.222621781e-14
-4.000000000e-02	4.171201265e+00	4.648067229e-02	1.015321882e-13
-4.100000000e-02	4.171213382e+00	4.606124414e-02	1.938313564e-13
-4.200000000e-02	4.171225540e+00	4.564181590e-02	1.523718494e-13
-4.300000000e-02	4.171237741e+00	4.522238758e-02	7.662869772e-14
-4.400000000e-02	4.171249982e+00	4.480295918e-02	1.167154646e-13
-4.500000000e-02	4.171262266e+00	4.438353073e-02	1.563883210e-13
-4.600000000e-02	4.171274591e+00	4.396410223e-02	1.899497266e-13
-4.700000000e-02	4.171286958e+00	4.354467370e-02	1.536431600e-13
-4.800000000e-02	4.171299367e+00	4.312524515e-02	8.102972200e-14
-4.900000000e-02	4.171311818e+00	4.270581660e-02	9.972062078e-14
-5.000000000e-02	4.171324310e+00	4.228638805e-02	1.187594696e-13
-5.100000000e-02	4.171336844e+00	4.186695951e-02	1.666595863e-13
-5.200000000e-02	4.171349419e+00	4.144753101e-02	1.082320197e-13
-5.300000000e-02	4.171362037e+00	4.102810254e-02	1.721831717e-13
-5.400000000e-02	4.171374696e+00	4.060867413e-02	8.196733159e-14
-5.500000000e-02	4.171387397e+00	4.018924579e-02	1.102475729e-13
-5.600000000e-02	4.171400140e+00	3.976981752e-02	8.534863224e-14
-5.700000000e-02	4.171412924e+00	3.935038935e-02	1.054059933e-13
-5.800000000e-02	4.171425750e+00	3.893096128e-02	1.671594135e-13
-5.900000000e-02	4.171438618e+00	3.851153332e-02	1.240129206e-13
-6.000000000e-02	4.171451528e+00	3.809210550e-02	9.658956521e-14
-6.100000000e-02	4.171464479e+00	3.767267781e-02	9.019276073e-14
-6.200000000e-02	4.171477472e+00	3.725325027e-02	1.854955973e-13
-6.300000000e-02	4.171490507e+00	3.683382291e-02	9.599495072e-14
-6.400000000e-02	4.171503583e+00	3.641439571e-02	1.056857849e-13
-6.500000000e-02	4.171516701e+00	3.599496871e-02	9.575173270e-14
-6.600000000e-02	4.171529861e+00	3.557554191e-02	1.025105382e-13
-6.700000000e-02	4.171543063e+00	3.515611533e-02	1.075998758e-13
-6.800000000e-02	4.171556307e+00	3.473668897e-02	1.690728109e-13
-6.900000000e-02	4.171569592e+00	3.431726285e-02	1.565141416e-13
-7.000000000e-02	4.171582919e+00	3.389783698e-02	9.049558645e-14
-7.100000000e-02	4.171596287e+00	3.347841138e-02	1.501034630e-13
-7.200000000e-02	4.171609698e+00	3.305898605e-02	1.395149187e-13
-7.300000000e-02	4.171623150e+00	3.263956101e-02	1.374416961e-13
-7.400000000e-02	4.171636644e+00	3.222013627e-02	9.246452095e-14
-7.500000000e-02	4.171650179e+00	3.180071185e-02	1.024124664e-13
-7.600000000e-02	4.171663757e+00	3.138128775e-02	1.381103763e-13
-7.700000000e-02	4.171677376e+00	3.096186399e-02	7.898388796e-14
-7.800000000e-02	4.171691037e+00	3.054244057e-02	5.728915914e-14
-7.900000000e-02	4.171704739e+00	3.012301753e-02	1.466159416e-13
-8.000000000e-02	4.171718483e+00	2.970359485e-02	1.624562473e-13
-8.100000000e-02	4.171732269e+00	2.928417256e-02	1.028879693e-13
-8.200000000e-02	4.171746097e+00	2.886475068e-02	1.228902747e-13
-8.300000000e-02	4.171759967e+00	2.844532920e-02	1.979188018e-13
-8.400000000e-02	4.171773878e+00	2.802590815e-02	7.638335954e-14
-8.500000000e-02	4.171787831e+00	2.760648754e-02	1.094988296e-13
-8.600000000e-02	4.171801826e+00	2.718706737e-02	1.179208004e-13
-8.700000000e-02	4.171815862e+00	2.676764767e-02	1.967162588e-13
-8.800000000e-02	4.171829940e+00	2.634822843e-02	1.615511164e-13
-8.900000000e-02	4.171844060e+00	2.592880969e-02	1.314825548e-13
-9.000000000e-02	4.171858222e+00	2.550939144e-02	1.467978330e-13
-9.100000000e-02	4.171872425e+00	2.508997371e-02	8.415200169e-14
-9.200000000e-02	4.171886670e+00	2.467055650e-02	1.236672370e-13
-9.300000000e-02	4.171900957e+00	2.425113982e-02	1.666152669e-13
-9.400000000e-02	4.171915285e+00	2.383172369e-02	1.572281237e-13
-9.500000000e-02	4.171929656e+00	2.341230812e-02	1.193087939e-13
-9.600000000e-02	4.171944068e+00	2.299289312e-02	1.483363535e-13
-9.700000000e-02	4.171958522e+00	2.257347871e-02	9.100211502e-14
-9.800000000e-02	4.171973017e+00	2.215406489e-02	7.092293196e-14
-9.900000000e-02	4.171987554e+00	2.173465169e-02	1.138183552e-13
-1.000000000e-01	4.172002133e+00	2.131523910e-02	1.116835536e-13
-1.010000000e-01	4.172016754e+00	2.089582715e-02	1.043067277e-13
-1.020000000e-01	4.172031416e+00	2.047641585e-02	1.741394006e-13
-1.030000000e-01	4.172046120e+00	2.005700521e-02	1.069371880e-13
-1.040000000e-01	4.172060866e+00	1.963759523e-02	5.421914808e-14
-1.050000000e-01	4.172075654e+00	1.921818594e-02	7.904654061e-14
-1.060000000e-01	4.172090483e+00	1.879877735e-02	1.748752170e-13
-1.070000000e-01	4.172105354e+00	1.837936946e-02	1.122409931e-13
-1.080000000e-01	4.172120267e+00	1.795996230e-02	1.125001465e-13
-1.090000000e-01	4.172135222e+00	1.754055587e-02	1.278332143e-13
-1.100000000e-01	4.172150218e+00	1.712115018e-02	1.408321736e-13
-1.110000000e-01	4.172165256e+00	1.670174525e-02	1.093061825e-13
-1.120000000e-01	4.172180336e+00	1.628234109e-02	1.167756802e-13
-1.130000000e-01	4.172195457e+00	1.586293771e-02	8.363055035e-14
-1.140000000e-01	4.172210620e+00	1.544353513e-02	7.831921158e-14
-1.150000000e-01	4.172225825e+00	1.502413335e-02	1.069924780e-13
-1.160000000e-01	4.172241072e+00	1.460473240e-02	1.436339441e-13
-1.170000000e-01	4.172256360e+00	1.418533227e-02	1.343793655e-13
-1.180000000e-01	4.172271690e+00	1.376593299e-02	2.361361971e-13
-1.190000000e-01	4.172287062e+00	1.334653456e-02	6.817231713e-14
-1.200000000e-01	4.172302476e+00	1.292713701e-02	7.929479900e-14
-1.210000000e-01	4.172317931e+00	1.250774033e-02	1.026146416e-13
-1.220000000e-01	4.172333428e+00	1.208834455e-02	1.170371533e-13
-1.230000000e-01	4.172348967e+00	1.166894968e-02	8.284451674e-14
-1.240000000e-01	4.172364547e+00	1.124955572e-02	8.703376732e-14
-1.250000000e-01	4.172380169e+00	1.083016269e-02	8.379830284e-14
-1.260000000e-01	4.172395833e+00	1.041077060e-02	1.505291999e-13
-1.270000000e-01	4.172411539e+00	9.991379474e-03	8.554173957e-14
-1.280000000e-01	4.172427286e+00	9.571989311e-03	1.111675668e-13
-1.290000000e-01	4.172443075e+00	9.152600128e-03	1.086788377e-13
-1.300000000e-01	4.172458906e+00	8.733211937e-03	7.092149195e-14
-1.310000000e-01	4.172474779e+00	8.313824751e-03	7.560669521e-14
-1.320000000e-01	4.172490693e+00	7.894438581e-03	1.183351284e-13
-1.330000000e-01	4.172506649e+00	7.475053440e-03	1.216150382e-13
-1.340000000e-01	4.172522647e+00	7.055669341e-03	8.344779701e-14
-1.350000000e-01	4.172538686e+00	6.636286296e-03	1.027102754e-13
-1.360000000e-01	4.172554767e+00	6.216904316e-03	9.271750034e-14
-1.370000000e-01	4.172570890e+00	5.797523416e-03	1.950448152e-13
-1.380000000e-01	4.172587055e+00	5.378143605e-03	1.020385771e-13
-1.390000000e-01	4.172603261e+00	4.958764899e-03	1.263174390e-13
-1.400000000e-01	4.172619509e+00	4.539387307e-03	1.965747102e-13
-1.410000000e-01	4.172635799e+00	4.120010843e-03	1.725816685e-13
-1.420000000e-01	4.172652130e+00	3.700635520e-03	1.280710962e-13
-1.430000000e-01	4.172668504e+00	3.281261349e-03	9.897460899e-14
-1.440000000e-01	4.172684918e+00	2.861888343e-03	2.504996548e-13
-1.450000000e-01	4.172701375e+00	2.442516514e-03	1.675811691e-13
-1.460000000e-01	4.172717873e+00	2.023145874e-03	7.023920126e-14
-1.470000000e-01	4.172734414e+00	1.603776437e-03	8.238115076e-14
-1.480000000e-01	4.172750995e+00	1.184408213e-03	1.481246837e-13
-1.490000000e-01	4.172767619e+00	7.650412161e-04	7.921920503e-14
-1.500000000e-01	4.172784284e+00	3.456754580e-04	9.441293969e-14
-1.510000000e-01	4.172800991e+00	-7.368904893e-05	2.009574290e-13
-1.520000000e-01	4.172817740e+00	-4.930522923e-04	5.871371882e-14
-1.530000000e-01	4.172834530e+00	-9.124142598e-04	1.226667862e-13
-1.540000000e-01	4.172851362e+00	-1.331774939e-03	1.395566240e-13
-1.550000000e-01	4.172868236e+00	-1.751134318e-03	1.110426457e-13
-1.560000000e-01	4.172885151e+00	-2.170492384e-03	7.578927257e-14
-1.570000000e-01	4.172902109e+00	-2.589849124e-03	1.669238330e-13
-1.580000000e-01	4.172919107e+00	-3.009204528e-03	1.353122777e-13
-1.590000000e-01	4.172936148e+00	-3.428558581e-03	9.328214190e-14
-1.600000000e-01	4.172953230e+00	-3.847911272e-03	9.246686000e-14
-1.610000000e-01	4.172970355e+00	-4.267262588e-03	9.780755408e-14
-1.620000000e-01	4.172987520e+00	-4.686612518e-03	1.455724748e-13
-1.630000000e-01	4.173004728e+00	-5.105961048e-03	8.333107901e-14
-1.640000000e-01	4.173021977e+00	-5.525308167e-03	1.098312328e-13
-1.650000000e-01	4.173039268e+00	-5.944653862e-03	1.613609872e-13
-1.660000000e-01	4.173056600e+00	-6.363998121e-03	1.191178995e-13
-1.670000000e-01	4.173073975e+00	-6.783340931e-03	1.440459532e-13
-1.680000000e-01	4.173091391e+00	-7.202682280e-03	4.010027551e-14
-1.690000000e-01	4.173108848e+00	-7.622022156e-03	1.573931750e-13
-1.700000000e-01	4.173126348e+00	-8.041360547e-03	8.244961134e-14
-1.710000000e-01	4.173143889e+00	-8.460697439e-03	9.195924540e-14
-1.720000000e-01	4.173161472e+00	-8.880032822e-03	9.492924727e-14
-1.730000000e-01	4.173179096e+00	-9.299366681e-03	2.201832784e-13
-1.740000000e-01	4.173196763e+00	-9.718699006e-03	1.057853237e-13
-1.750000000e-01	4.173214471e+00	-1.013802978e-02	8.903141696e-14
-1.760000000e-01	4.173232220e+00	-1.055735900e-02	1.470042301e-13
-1.770000000e-01	4.173250012e+00	-1.097668665e-02	8.371854603e-14
-1.780000000e-01	4.173267845e+00	-1.139601271e-02	9.505098201e-14
-1.790000000e-01	4.173285719e+00	-1.181533718e-02	1.065565993e-13
-1.800000000e-01	4.173303636e+00	-1.223466003e-02	1.358671334e-13
-1.810000000e-01	4.173321594e+00	-1.265398127e-02	8.564222133e-14
-1.820000000e-01	4.173339594e+00	-1.307330087e-02	1.677169740e-13
-1.830000000e-01	4.173357635e+00	-1.349261883e-02	1.430360807e-13
-1.840000000e-01	4.173375719e+00	-1.391193513e-02	1.269294519e-13
-1.850000000e-01	4.173393843e+00	-1.433124975e-02	1.216612152e-13
-1.860000000e-01	4.173412010e+00	-1.475056270e-02	6.022765648e-14
-1.870000000e-01	4.173430218e+00	-1.516987395e-02	6.766868677e-14
-1.880000000e-01	4.173448468e+00	-1.558918349e-02	6.434967581e-14
-1.890000000e-01	4.173466760e+00	-1.600849131e-02	3.970704538e-14
-1.900000000e-01	4.173485094e+00	-1.642779740e-02	5.857337361e-14
-1.910000000e-01	4.173503469e+00	-1.684710175e-02	9.014160676e-14
-1.920000000e-01	4.173521885e+00	-1.726640434e-02	8.914465350e-14
-1.930000000e-01	4.173540344e+00	-1.768570516e-02	9.002697550e-14
-1.940000000e-01	4.173558844e+00	-1.810500420e-02	7.629846820e-14
-1.950000000e-01	4.173577386e+00	-1.852430144e-02	9.765018291e-14
-1.960000000e-01	4.173595969e+00	-1.894359688e-02	5.355509385e-14
-1.970000000e-01	4.173614595e+00	-1.936289050e-02	8.404803778e-14
-1.980000000e-01	4.173633262e+00	-1.978218229e-02	1.843180403e-13
-1.990000000e-01	4.173651970e+00	-2.020147224e-02	9.604755182e-14
-2.000000000e-01	4.173670720e+00	-2.062076033e-02	1.106108148e-13
-2.010000000e-01	4.173689512e+00	-2.104004655e-02	8.791512309e-14
-2.020000000e-01	4.173708346e+00	-2.145933089e-02	8.046276266e-14
-2.030000000e-01	4.173727221e+00	-2.187861335e-02	1.824046303e-13
-2.040000000e-01	4.173746138e+00	-2.229789389e-02	9.533424087e-14
-2.050000000e-01	4.173765097e+00	-2.271717252e-02	1.471924318e-13
-2.060000000e-01	4.173784097e+00	-2.313644922e-02	1.157253240e-13
-2.070000000e-01	4.173803139e+00	-2.355572398e-02	7.228666850e-14
-2.080000000e-01	4.173822223e+00	-2.397499679e-02	9.469041610e-14
-2.090000000e-01	4.173841348e+00	-2.439426762e-02	3.473092120e-14
-2.100000000e-01	4.173860516e+00	-2.481353649e-02	1.068785915e-13
-2.110000000e-01	4.173879724e+00	-2.523280335e-02	1.284046432e-13
-2.120000000e-01	4.173898975e+00	-2.565206822e-02	1.434887138e-13
-2.130000000e-01	4.173918267e+00	-2.607133107e-02	5.398992602e-14
-2.140000000e-01	4.173937601e+00	-2.649059189e-02	1.025156243e-13
-2.150000000e-01	4.173956976e+00	-2.690985068e-02	6.647677650e-14
-2.160000000e-01	4.173976393e+00	-2.732910741e-02	7.254983741e-14
-2.170000000e-01	4.173995852e+00	-2.774836207e-02	7.392506864e-14
-2.180000000e-01	4.174015352e+00	-2.816761466e-02	6.190492109e-14
-2.190000000e-01	4.174034894e+00	-2.858686516e-02	1.205093908e-13
-2.200000000e-01	4.174054478e+00	-2.900611356e-02	7.771906251e-14
-2.210000000e-01	4.174074104e+00	-2.942535984e-02	7.126735893e-14
-2.220000000e-01	4.174093771e+00	-2.984460400e-02	9.271578767e-14
-2.230000000e-01	4.174113480e+00	-3.026384602e-02	1.706537409e-13
-2.240000000e-01	4.174133230e+00	-3.068308589e-02	1.366115898e-13
-2.250000000e-01	4.174153022e+00	-3.110232359e-02	2.078807275e-13
-2.260000000e-01	4.174172856e+00	-3.152155912e-02	1.315413780e-13
-2.270000000e-01	4.174192731e+00	-3.194079246e-02	1.257773431e-13
-2.280000000e-01	4.174212648e+00	-3.236002360e-02	1.067903851e-13
-2.290000000e-01	4.174232607e+00	-3.277925253e-02	1.018770171e-13
-2.300000000e-01	4.174252608e+00	-3.319847924e-02	1.557361588e-13
-2.310000000e-01	4.174272650e+00	-3.361770370e-02	1.723395521e-14
-2.320000000e-01	4.174292733e+00	-3.403692592e-02	1.217359198e-13
-2.330000000e-01	4.174312859e+00	-3.445614588e-02	1.025653810e-13
-2.340000000e-01	4.174333026e+00	-3.487536356e-02	8.503657936e-14
-2.350000000e-01	4.174353234e+00	-3.529457896e-02	2.139926602e-13
-2.360000000e-01	4.174373485e+00	-3.571379205e-02	1.734410948e-13
-2.370000000e-01	4.174393777e+00	-3.613300284e-02	1.474891076e-13
-2.380000000e-01	4.174414110e+00	-3.655221130e-02	7.017510306e-14
-2.390000000e-01	4.174434486e+00	-3.697141743e-02	1.531949535e-13
-2.400000000e-01	4.174454903e+00	-3.739062121e-02	1.511924094e-13
-2.410000000e-01	4.174475361e+00	-3.780982263e-02	1.083363796e-13
-2.420000000e-01	4.174495862e+00	-3.822902168e-02	8.918097955e-14
-2.430000000e-01	4.174516403e+00	-3.864821834e-02	6.309119063e-14
-2.440000000e-01	4.174536987e+00	-3.906741261e-02	9.523715883e-14
-2.450000000e-01	4.174557612e+00	-3.948660446e-02	5.960699044e-14
-2.460000000e-01	4.174578279e+00	-3.990579390e-02	1.105182628e-13
-2.470000000e-01	4.174598987e+00	-4.032498090e-02	1.641966374e-13
-2.480000000e-01	4.174619737e+00	-4.074416546e-02	5.513148890e-14
-2.490000000e-01	4.174640529e+00	-4.116334755e-02	1.375507746e-13
-2.500000000e-01	4.174661362e+00	-4.158252718e-02	4.046620385e-14
-2.510000000e-01	4.174682237e+00	-4.200170432e-02	1.606169914e-13
-2.520000000e-01	4.174703154e+00	-4.242087897e-02	1.229179670e-13
-2.530000000e-01	4.174724112e+00	-4.284005111e-02	1.119281021e-13
-2.540000000e-01	4.174745112e+00	-4.325922073e-02	5.676607788e-14
-2.550000000e-01	4.174766154e+00	-4.367838782e-02	9.332848620e-14
-2.560000000e-01	4.174787237e+00	-4.409755236e-02	1.200070088e-13
-2.570000000e-01	4.174808362e+00	-4.451671435e-02	1.192940839e-13
-2.580000000e-01	4.174829528e+00	-4.493587377e-02	5.967214444e-14
-2.590000000e-01	4.174850736e+00	-4.535503060e-02	5.618937881e-14
-2.600000000e-01	4.174871986e+00	-4.577418485e-02	1.174836436e-13
-2.610000000e-01	4.174893277e+00	-4.619333648e-02	7.742390953e-14
-2.620000000e-01	4.174914610e+00	-4.661248550e-02	1.969798790e-13
-2.630000000e-01	4.174935985e+00	-4.703163189e-02	1.911931061e-13
-2.640000000e-01	4.174957401e+00	-4.745077563e-02	1.325528713e-13
-2.650000000e-01	4.174978859e+00	-4.786991672e-02	1.862118424e-13
-2.660000000e-01	4.175000358e+00	-4.828905515e-02	1.044884440e-13
-2.670000000e-01	4.175021899e+00	-4.870819089e-02	1.809477256e-13
-2.680000000e-01	4.175043482e+00	-4.912732394e-02	1.125858662e-13
-2.690000000e-01	4.175065106e+00	-4.954645429e-02	1.647394547e-13
-2.700000000e-01	4.175086772e+00	-4.996558192e-02	1.365396746e-13
-2.710000000e-01	4.175108479e+00	-5.038470682e-02	1.108379712e-13
-2.720000000e-01	4.175130229e+00	-5.080382898e-02	1.482475389e-13
-2.730000000e-01	4.175152019e+00	-5.122294839e-02	2.101950692e-13
-2.740000000e-01	4.175173852e+00	-5.164206503e-02	9.840058926e-14
-2.750000000e-01	4.175195726e+00	-5.206117890e-02	1.147455108e-13
-2.760000000e-01	4.175217641e+00	-5.248028997e-02	7.313317799e-14
-2.770000000e-01	4.175239598e+00	-5.289939824e-02	1.352759375e-13
-2.780000000e-01	4.175261597e+00	-5.331850370e-02	1.225849632e-13
-2.790000000e-01	4.175283637e+00	-5.373760633e-02	1.775172062e-13
-2.800000000e-01	4.175305719e+00	-5.415670612e-02	5.945327226e-14
-2.810000000e-01	4.175327843e+00	-5.457580306e-02	9.963331959e-14
-2.820000000e-01	4.175350008e+00	-5.499489714e-02	6.747103698e-14
-2.830000000e-01	4.175372215e+00	-5.541398834e-02	1.337648745e-13
-2.840000000e-01	4.175394463e+00	-5.583307665e-02	2.156539300e-13
-2.850000000e-01	4.175416753e+00	-5.625216206e-02	1.509927249e-13
-2.860000000e-01	4.175439085e+00	-5.667124456e-02	1.252814010e-13
-2.870000000e-01	4.175461458e+00	-5.709032413e-02	9.542741485e-14
-2.880000000e-01	4.175483873e+00	-5.750940076e-02	6.932545103e-14
-2.890000000e-01	4.175506329e+00	-5.792847445e-02	2.231159983e-13
-2.900000000e-01	4.175528827e+00	-5.834754517e-02	1.085476322e-13
-2.910000000e-01	4.175551366e+00	-5.876661292e-02	7.020990109e-14
-2.920000000e-01	4.175573947e+00	-5.918567769e-02	1.290050969e-13
-2.930000000e-01	4.175596570e+00	-5.960473945e-02	1.410225180e-13
-2.940000000e-01	4.175619234e+00	-6.002379820e-02	1.884760837e-13
-2.950000000e-01	4.175641940e+00	-6.044285394e-02	1.483223162e-13
-2.960000000e-01	4.175664688e+00	-6.086190663e-02	7.384248180e-14
-2.970000000e-01	4.175687477e+00	-6.128095628e-02	7.046554686e-14
-2.980000000e-01	4.175710307e+00	-6.170000286e-02	1.203162561e-13
-2.990000000e-01	4.175733179e+00	-6.211904638e-02	1.443686382e-13
-3.000000000e-01	4.175756093e+00	-6.253808681e-02	1.091670648e-13
