# epsi_ci     Re(Lambda)      Im(Lambda)      Eq(det), R = 0.1 $\mu$m, $E_p$ = 0.600 eV, modo = 1, $\epsilon_\infty$ = 3.9, $\gamma_{DL}$ = 0.01 eV, solve_det_sinkz_vs_mu.py
0.000000000e+00	4.091156411e+00	5.870368511e-02	4.892699462e-14
-1.000000000e-03	4.091166028e+00	5.829164013e-02	5.142217599e-14
-2.000000000e-03	4.091175685e+00	5.787959457e-02	5.488447345e-14
-3.000000000e-03	4.091185384e+00	5.746754842e-02	4.329517499e-14
-4.000000000e-03	4.091195123e+00	5.705550170e-02	6.881173144e-14
-5.000000000e-03	4.091204904e+00	5.664345443e-02	4.902927176e-14
-6.000000000e-03	4.091214725e+00	5.623140661e-02	2.960656170e-14
-7.000000000e-03	4.091224588e+00	5.581935825e-02	4.695393590e-14
-8.000000000e-03	4.091234491e+00	5.540730938e-02	3.907133362e-14
-9.000000000e-03	4.091244436e+00	5.499525999e-02	7.263680804e-14
-1.000000000e-02	4.091254422e+00	5.458321011e-02	7.922175009e-14
-1.100000000e-02	4.091264449e+00	5.417115975e-02	6.503872302e-14
-1.200000000e-02	4.091274516e+00	5.375910891e-02	3.404948540e-14
-1.300000000e-02	4.091284625e+00	5.334705761e-02	5.895185600e-14
-1.400000000e-02	4.091294775e+00	5.293500587e-02	5.343071583e-14
-1.500000000e-02	4.091304966e+00	5.252295368e-02	4.054238413e-14
-1.600000000e-02	4.091315198e+00	5.211090108e-02	2.791681128e-14
-1.700000000e-02	4.091325471e+00	5.169884806e-02	5.550299743e-14
-1.800000000e-02	4.091335786e+00	5.128679464e-02	4.820928562e-14
-1.900000000e-02	4.091346141e+00	5.087474084e-02	4.683470270e-14
-2.000000000e-02	4.091356537e+00	5.046268665e-02	6.887258489e-14
-2.100000000e-02	4.091366974e+00	5.005063211e-02	3.681138609e-14
-2.200000000e-02	4.091377453e+00	4.963857722e-02	5.710622503e-14
-2.300000000e-02	4.091387972e+00	4.922652198e-02	6.606611220e-14
-2.400000000e-02	4.091398532e+00	4.881446642e-02	4.664684316e-14
-2.500000000e-02	4.091409134e+00	4.840241055e-02	5.235311530e-14
-2.600000000e-02	4.091419776e+00	4.799035437e-02	3.414820254e-14
-2.700000000e-02	4.091430460e+00	4.757829790e-02	4.953585721e-14
-2.800000000e-02	4.091441185e+00	4.716624116e-02	6.233286835e-14
-2.900000000e-02	4.091451950e+00	4.675418415e-02	3.918477865e-14
-3.000000000e-02	4.091462757e+00	4.634212688e-02	4.210908686e-14
-3.100000000e-02	4.091473605e+00	4.593006937e-02	4.771285977e-14
-3.200000000e-02	4.091484494e+00	4.551801164e-02	3.810770789e-14
-3.300000000e-02	4.091495424e+00	4.510595368e-02	5.291665822e-14
-3.400000000e-02	4.091506395e+00	4.469389553e-02	5.473883664e-14
-3.500000000e-02	4.091517407e+00	4.428183717e-02	4.496273893e-14
-3.600000000e-02	4.091528460e+00	4.386977864e-02	2.614475042e-14
-3.700000000e-02	4.091539554e+00	4.345771994e-02	5.864037849e-14
-3.800000000e-02	4.091550689e+00	4.304566108e-02	5.902540805e-14
-3.900000000e-02	4.091561865e+00	4.263360208e-02	4.900116978e-14
-4.000000000e-02	4.091573083e+00	4.222154295e-02	7.177512429e-14
-4.100000000e-02	4.091584341e+00	4.180948369e-02	7.178906662e-14
-4.200000000e-02	4.091595640e+00	4.139742433e-02	4.902473850e-14
-4.300000000e-02	4.091606981e+00	4.098536487e-02	6.324171248e-14
-4.400000000e-02	4.091618362e+00	4.057330533e-02	5.395134364e-14
-4.500000000e-02	4.091629785e+00	4.016124572e-02	4.218212902e-14
-4.600000000e-02	4.091641249e+00	3.974918604e-02	4.839111180e-14
-4.700000000e-02	4.091652753e+00	3.933712633e-02	7.091232356e-14
-4.800000000e-02	4.091664299e+00	3.892506657e-02	1.851879378e-14
-4.900000000e-02	4.091675886e+00	3.851300679e-02	5.194369958e-14
-5.000000000e-02	4.091687514e+00	3.810094701e-02	5.020614615e-14
-5.100000000e-02	4.091699183e+00	3.768888722e-02	4.173213014e-14
-5.200000000e-02	4.091710893e+00	3.727682745e-02	3.298752497e-14
-5.300000000e-02	4.091722644e+00	3.686476770e-02	3.356198878e-14
-5.400000000e-02	4.091734436e+00	3.645270799e-02	5.731109008e-14
-5.500000000e-02	4.091746269e+00	3.604064833e-02	4.194753916e-14
-5.600000000e-02	4.091758143e+00	3.562858874e-02	3.560085382e-14
-5.700000000e-02	4.091770058e+00	3.521652921e-02	5.802171639e-14
-5.800000000e-02	4.091782015e+00	3.480446978e-02	4.053006207e-14
-5.900000000e-02	4.091794012e+00	3.439241044e-02	3.350502673e-14
-6.000000000e-02	4.091806050e+00	3.398035122e-02	5.158034520e-14
-6.100000000e-02	4.091818130e+00	3.356829212e-02	5.412784207e-14
-6.200000000e-02	4.091830250e+00	3.315623315e-02	3.916363416e-14
-6.300000000e-02	4.091842412e+00	3.274417433e-02	4.211025370e-14
-6.400000000e-02	4.091854615e+00	3.233211567e-02	4.009766811e-14
-6.500000000e-02	4.091866858e+00	3.192005718e-02	3.570900765e-14
-6.600000000e-02	4.091879143e+00	3.150799888e-02	4.104037587e-14
-6.700000000e-02	4.091891469e+00	3.109594077e-02	5.743292975e-14
-6.800000000e-02	4.091903836e+00	3.068388287e-02	4.054731476e-14
-6.900000000e-02	4.091916244e+00	3.027182519e-02	1.509789946e-14
-7.000000000e-02	4.091928693e+00	2.985976774e-02	3.300012339e-14
-7.100000000e-02	4.091941183e+00	2.944771054e-02	3.830078123e-14
-7.200000000e-02	4.091953714e+00	2.903565359e-02	4.613142948e-14
-7.300000000e-02	4.091966286e+00	2.862359692e-02	4.788580153e-14
-7.400000000e-02	4.091978899e+00	2.821154052e-02	3.654038725e-14
-7.500000000e-02	4.091991554e+00	2.779948442e-02	2.711195896e-14
-7.600000000e-02	4.092004249e+00	2.738742862e-02	3.826037452e-14
-7.700000000e-02	4.092016985e+00	2.697537315e-02	4.544943103e-14
-7.800000000e-02	4.092029763e+00	2.656331800e-02	2.846542404e-14
-7.900000000e-02	4.092042581e+00	2.615126319e-02	5.547733684e-14
-8.000000000e-02	4.092055441e+00	2.573920874e-02	3.819890290e-14
-8.100000000e-02	4.092068342e+00	2.532715465e-02	6.014776857e-14
-8.200000000e-02	4.092081283e+00	2.491510095e-02	3.051615273e-14
-8.300000000e-02	4.092094266e+00	2.450304763e-02	6.017505061e-14
-8.400000000e-02	4.092107290e+00	2.409099471e-02	6.984916324e-14
-8.500000000e-02	4.092120355e+00	2.367894222e-02	4.234512423e-14
-8.600000000e-02	4.092133461e+00	2.326689014e-02	2.382327525e-14
-8.700000000e-02	4.092146608e+00	2.285483851e-02	2.768743878e-14
-8.800000000e-02	4.092159796e+00	2.244278733e-02	5.514488117e-14
-8.900000000e-02	4.092173025e+00	2.203073661e-02	4.020650268e-14
-9.000000000e-02	4.092186295e+00	2.161868637e-02	4.540160860e-14
-9.100000000e-02	4.092199606e+00	2.120663662e-02	5.708672548e-14
-9.200000000e-02	4.092212959e+00	2.079458736e-02	7.830778372e-14
-9.300000000e-02	4.092226352e+00	2.038253862e-02	4.226280684e-14
-9.400000000e-02	4.092239786e+00	1.997049041e-02	2.034262166e-14
-9.500000000e-02	4.092253262e+00	1.955844273e-02	5.782459863e-14
-9.600000000e-02	4.092266778e+00	1.914639560e-02	4.118295438e-14
-9.700000000e-02	4.092280336e+00	1.873434903e-02	2.518151271e-14
-9.800000000e-02	4.092293934e+00	1.832230303e-02	5.186964058e-14
-9.900000000e-02	4.092307574e+00	1.791025762e-02	4.684023120e-14
-1.000000000e-01	4.092321255e+00	1.749821280e-02	3.714276806e-14
-1.010000000e-01	4.092334977e+00	1.708616860e-02	2.468471496e-14
-1.020000000e-01	4.092348739e+00	1.667412502e-02	3.026316303e-14
-1.030000000e-01	4.092362543e+00	1.626208207e-02	3.355295528e-14
-1.040000000e-01	4.092376388e+00	1.585003976e-02	4.345378250e-14
-1.050000000e-01	4.092390274e+00	1.543799812e-02	3.744325137e-14
-1.060000000e-01	4.092404201e+00	1.502595714e-02	3.484654763e-14
-1.070000000e-01	4.092418170e+00	1.461391685e-02	4.863233082e-14
-1.080000000e-01	4.092432179e+00	1.420187726e-02	3.652813283e-14
-1.090000000e-01	4.092446229e+00	1.378983837e-02	2.956681827e-14
-1.100000000e-01	4.092460320e+00	1.337780020e-02	3.456010550e-14
-1.110000000e-01	4.092474452e+00	1.296576276e-02	4.194369838e-14
-1.120000000e-01	4.092488626e+00	1.255372606e-02	4.780187240e-14
-1.130000000e-01	4.092502840e+00	1.214169012e-02	3.161823028e-14
-1.140000000e-01	4.092517096e+00	1.172965495e-02	3.485481488e-14
-1.150000000e-01	4.092531392e+00	1.131762055e-02	5.301132566e-14
-1.160000000e-01	4.092545730e+00	1.090558695e-02	5.817113763e-14
-1.170000000e-01	4.092560109e+00	1.049355416e-02	3.142383504e-14
-1.180000000e-01	4.092574528e+00	1.008152218e-02	2.185109583e-14
-1.190000000e-01	4.092588989e+00	9.669491023e-03	4.098407506e-14
-1.200000000e-01	4.092603491e+00	9.257460712e-03	3.985020241e-14
-1.210000000e-01	4.092618034e+00	8.845431254e-03	3.182247857e-14
-1.220000000e-01	4.092632618e+00	8.433402661e-03	7.762686712e-14
-1.230000000e-01	4.092647243e+00	8.021374945e-03	5.506197653e-14
-1.240000000e-01	4.092661909e+00	7.609348118e-03	4.151061385e-14
-1.250000000e-01	4.092676616e+00	7.197322193e-03	5.129213102e-14
-1.260000000e-01	4.092691364e+00	6.785297182e-03	2.959511055e-14
-1.270000000e-01	4.092706153e+00	6.373273096e-03	4.583104493e-14
-1.280000000e-01	4.092720983e+00	5.961249948e-03	3.052963182e-14
-1.290000000e-01	4.092735854e+00	5.549227751e-03	5.737791131e-14
-1.300000000e-01	4.092750767e+00	5.137206516e-03	3.525443246e-14
-1.310000000e-01	4.092765720e+00	4.725186255e-03	4.859432989e-14
-1.320000000e-01	4.092780714e+00	4.313166981e-03	3.755180651e-14
-1.330000000e-01	4.092795750e+00	3.901148706e-03	3.382657757e-14
-1.340000000e-01	4.092810826e+00	3.489131441e-03	3.228956553e-14
-1.350000000e-01	4.092825944e+00	3.077115200e-03	4.854964316e-14
-1.360000000e-01	4.092841102e+00	2.665099994e-03	2.697295064e-14
-1.370000000e-01	4.092856302e+00	2.253085836e-03	4.378506933e-14
-1.380000000e-01	4.092871543e+00	1.841072737e-03	4.702394968e-14
-1.390000000e-01	4.092886824e+00	1.429060709e-03	3.829625773e-14
-1.400000000e-01	4.092902147e+00	1.017049766e-03	3.780814753e-14
-1.410000000e-01	4.092917511e+00	6.050399191e-04	3.862076395e-14
-1.420000000e-01	4.092932916e+00	1.930311801e-04	6.708977357e-14
-1.430000000e-01	4.092948362e+00	-2.189764384e-04	5.006017193e-14
-1.440000000e-01	4.092963849e+00	-6.309829245e-04	3.428505722e-14
-1.450000000e-01	4.092979377e+00	-1.042988266e-03	3.016694000e-14
-1.460000000e-01	4.092994946e+00	-1.454992450e-03	3.816270530e-14
-1.470000000e-01	4.093010556e+00	-1.866995466e-03	3.767306925e-14
-1.480000000e-01	4.093026207e+00	-2.278997300e-03	6.170236135e-14
-1.490000000e-01	4.093041899e+00	-2.690997941e-03	5.380416722e-14
-1.500000000e-01	4.093057632e+00	-3.102997376e-03	5.942027304e-14
-1.510000000e-01	4.093073406e+00	-3.514995594e-03	5.175735429e-14
-1.520000000e-01	4.093089222e+00	-3.926992582e-03	7.405953726e-14
-1.530000000e-01	4.093105078e+00	-4.338988328e-03	3.308773124e-14
-1.540000000e-01	4.093120975e+00	-4.750982820e-03	5.556009743e-14
-1.550000000e-01	4.093136914e+00	-5.162976045e-03	2.647317432e-14
-1.560000000e-01	4.093152893e+00	-5.574967993e-03	4.488021649e-14
-1.570000000e-01	4.093168913e+00	-5.986958649e-03	3.806191214e-14
-1.580000000e-01	4.093184975e+00	-6.398948003e-03	7.554641446e-14
-1.590000000e-01	4.093201077e+00	-6.810936042e-03	5.518168629e-14
-1.600000000e-01	4.093217221e+00	-7.222922754e-03	4.616942907e-14
-1.610000000e-01	4.093233406e+00	-7.634908127e-03	3.946542253e-14
-1.620000000e-01	4.093249631e+00	-8.046892148e-03	3.925501978e-14
-1.630000000e-01	4.093265898e+00	-8.458874806e-03	3.872375311e-14
-1.640000000e-01	4.093282206e+00	-8.870856088e-03	4.761501153e-14
-1.650000000e-01	4.093298554e+00	-9.282835982e-03	5.120186820e-14
-1.660000000e-01	4.093314944e+00	-9.694814477e-03	6.316505573e-14
-1.670000000e-01	4.093331375e+00	-1.010679156e-02	7.657062600e-14
-1.680000000e-01	4.093347847e+00	-1.051876722e-02	4.692580592e-14
-1.690000000e-01	4.093364359e+00	-1.093074144e-02	4.742056136e-14
-1.700000000e-01	4.093380913e+00	-1.134271421e-02	8.147737982e-14
-1.710000000e-01	4.093397508e+00	-1.175468552e-02	4.188955481e-14
-1.720000000e-01	4.093414144e+00	-1.216665536e-02	1.880484800e-14
-1.730000000e-01	4.093430821e+00	-1.257862372e-02	5.112878383e-14
-1.740000000e-01	4.093447539e+00	-1.299059057e-02	6.516699438e-14
-1.750000000e-01	4.093464298e+00	-1.340255592e-02	4.345771584e-14
-1.760000000e-01	4.093481098e+00	-1.381451975e-02	7.726236981e-14
-1.770000000e-01	4.093497939e+00	-1.422648204e-02	6.934451590e-14
-1.780000000e-01	4.093514821e+00	-1.463844279e-02	3.786352920e-14
-1.790000000e-01	4.093531745e+00	-1.505040198e-02	7.222092511e-14
-1.800000000e-01	4.093548709e+00	-1.546235960e-02	4.284903570e-14
-1.810000000e-01	4.093565714e+00	-1.587431563e-02	5.649729060e-14
-1.820000000e-01	4.093582760e+00	-1.628627008e-02	7.947694580e-14
-1.830000000e-01	4.093599847e+00	-1.669822291e-02	6.133710929e-14
-1.840000000e-01	4.093616975e+00	-1.711017413e-02	4.145237374e-14
-1.850000000e-01	4.093634145e+00	-1.752212371e-02	8.363430602e-14
-1.860000000e-01	4.093651355e+00	-1.793407166e-02	1.633433901e-14
-1.870000000e-01	4.093668606e+00	-1.834601795e-02	3.627695143e-14
-1.880000000e-01	4.093685899e+00	-1.875796257e-02	8.809051279e-14
-1.890000000e-01	4.093703232e+00	-1.916990551e-02	6.306164510e-14
-1.900000000e-01	4.093720606e+00	-1.958184676e-02	5.315548541e-14
-1.910000000e-01	4.093738022e+00	-1.999378630e-02	5.261862759e-14
-1.920000000e-01	4.093755478e+00	-2.040572413e-02	7.858599006e-14
-1.930000000e-01	4.093772975e+00	-2.081766024e-02	4.867311946e-14
-1.940000000e-01	4.093790514e+00	-2.122959460e-02	5.443685698e-14
-1.950000000e-01	4.093808093e+00	-2.164152721e-02	8.206403322e-14
-1.960000000e-01	4.093825714e+00	-2.205345806e-02	9.577668563e-14
-1.970000000e-01	4.093843375e+00	-2.246538712e-02	7.265983490e-14
-1.980000000e-01	4.093861077e+00	-2.287731440e-02	5.990918677e-14
-1.990000000e-01	4.093878821e+00	-2.328923988e-02	4.285752083e-14
-2.000000000e-01	4.093896605e+00	-2.370116355e-02	5.197815332e-14
-2.010000000e-01	4.093914431e+00	-2.411308539e-02	8.147715290e-14
-2.020000000e-01	4.093932297e+00	-2.452500540e-02	5.847240179e-14
-2.030000000e-01	4.093950205e+00	-2.493692355e-02	4.269673676e-14
-2.040000000e-01	4.093968153e+00	-2.534883984e-02	2.385281290e-14
-2.050000000e-01	4.093986143e+00	-2.576075426e-02	3.587450828e-14
-2.060000000e-01	4.094004173e+00	-2.617266680e-02	3.753099862e-14
-2.070000000e-01	4.094022245e+00	-2.658457743e-02	5.473579666e-14
-2.080000000e-01	4.094040357e+00	-2.699648616e-02	5.611386670e-14
-2.090000000e-01	4.094058511e+00	-2.740839296e-02	4.546793663e-14
-2.100000000e-01	4.094076705e+00	-2.782029783e-02	5.176809964e-14
-2.110000000e-01	4.094094941e+00	-2.823220075e-02	5.158727475e-14
-2.120000000e-01	4.094113217e+00	-2.864410172e-02	6.168108274e-14
-2.130000000e-01	4.094131535e+00	-2.905600071e-02	7.431707623e-14
-2.140000000e-01	4.094149894e+00	-2.946789772e-02	7.994230253e-14
-2.150000000e-01	4.094168293e+00	-2.987979274e-02	8.908571301e-14
-2.160000000e-01	4.094186734e+00	-3.029168575e-02	5.952185618e-14
-2.170000000e-01	4.094205215e+00	-3.070357673e-02	6.948586043e-14
-2.180000000e-01	4.094223738e+00	-3.111546569e-02	5.783100476e-14
-2.190000000e-01	4.094242301e+00	-3.152735261e-02	4.474684313e-14
-2.200000000e-01	4.094260906e+00	-3.193923746e-02	6.726888856e-14
-2.210000000e-01	4.094279551e+00	-3.235112025e-02	7.050790344e-14
-2.220000000e-01	4.094298237e+00	-3.276300096e-02	9.302218124e-14
-2.230000000e-01	4.094316965e+00	-3.317487958e-02	7.177669131e-14
-2.240000000e-01	4.094335733e+00	-3.358675610e-02	6.416812961e-14
-2.250000000e-01	4.094354543e+00	-3.399863049e-02	4.429845518e-14
-2.260000000e-01	4.094373393e+00	-3.441050276e-02	4.103716061e-14
-2.270000000e-01	4.094392285e+00	-3.482237289e-02	6.760538086e-14
-2.280000000e-01	4.094411217e+00	-3.523424087e-02	5.558573587e-14
-2.290000000e-01	4.094430191e+00	-3.564610668e-02	3.858851599e-14
-2.300000000e-01	4.094449205e+00	-3.605797031e-02	1.017114723e-13
-2.310000000e-01	4.094468260e+00	-3.646983176e-02	7.005896556e-14
-2.320000000e-01	4.094487357e+00	-3.688169100e-02	8.126811686e-14
-2.330000000e-01	4.094506494e+00	-3.729354803e-02	1.122449205e-13
-2.340000000e-01	4.094525672e+00	-3.770540284e-02	7.116445152e-14
-2.350000000e-01	4.094544891e+00	-3.811725540e-02	4.995599597e-14
-2.360000000e-01	4.094564152e+00	-3.852910572e-02	3.767256825e-14
-2.370000000e-01	4.094583453e+00	-3.894095378e-02	3.899511198e-14
-2.380000000e-01	4.094602795e+00	-3.935279956e-02	6.561831344e-14
-2.390000000e-01	4.094622178e+00	-3.976464305e-02	3.702360749e-14
-2.400000000e-01	4.094641603e+00	-4.017648425e-02	5.374041403e-14
-2.410000000e-01	4.094661068e+00	-4.058832314e-02	9.661702716e-14
-2.420000000e-01	4.094680574e+00	-4.100015970e-02	6.882185130e-14
-2.430000000e-01	4.094700121e+00	-4.141199393e-02	7.128677980e-14
-2.440000000e-01	4.094719709e+00	-4.182382582e-02	6.817745719e-14
-2.450000000e-01	4.094739338e+00	-4.223565534e-02	6.947299862e-14
-2.460000000e-01	4.094759008e+00	-4.264748249e-02	7.870888138e-14
-2.470000000e-01	4.094778719e+00	-4.305930726e-02	8.292860656e-14
-2.480000000e-01	4.094798471e+00	-4.347112964e-02	5.390118492e-14
-2.490000000e-01	4.094818264e+00	-4.388294961e-02	6.252352334e-14
-2.500000000e-01	4.094838097e+00	-4.429476716e-02	5.598706219e-14
-2.510000000e-01	4.094857972e+00	-4.470658227e-02	4.954210864e-14
-2.520000000e-01	4.094877888e+00	-4.511839495e-02	4.655330759e-14
-2.530000000e-01	4.094897845e+00	-4.553020516e-02	8.520822483e-14
-2.540000000e-01	4.094917842e+00	-4.594201291e-02	7.454105928e-14
-2.550000000e-01	4.094937881e+00	-4.635381818e-02	7.479437054e-14
-2.560000000e-01	4.094957961e+00	-4.676562096e-02	1.274625002e-13
-2.570000000e-01	4.094978081e+00	-4.717742123e-02	1.253869610e-13
-2.580000000e-01	4.094998243e+00	-4.758921899e-02	6.567314073e-14
-2.590000000e-01	4.095018445e+00	-4.800101422e-02	7.016453608e-14
-2.600000000e-01	4.095038689e+00	-4.841280691e-02	9.081502189e-14
-2.610000000e-01	4.095058973e+00	-4.882459704e-02	5.733861255e-14
-2.620000000e-01	4.095079298e+00	-4.923638462e-02	5.787268475e-14
-2.630000000e-01	4.095099665e+00	-4.964816961e-02	7.948483553e-14
-2.640000000e-01	4.095120072e+00	-5.005995201e-02	8.610645644e-14
-2.650000000e-01	4.095140520e+00	-5.047173182e-02	7.210033134e-14
-2.660000000e-01	4.095161009e+00	-5.088350901e-02	4.083025363e-14
-2.670000000e-01	4.095181539e+00	-5.129528358e-02	7.202209811e-14
-2.680000000e-01	4.095202110e+00	-5.170705550e-02	5.382761512e-14
-2.690000000e-01	4.095222722e+00	-5.211882478e-02	7.470788407e-14
-2.700000000e-01	4.095243375e+00	-5.253059140e-02	9.207022713e-14
-2.710000000e-01	4.095264069e+00	-5.294235534e-02	8.955213350e-14
-2.720000000e-01	4.095284804e+00	-5.335411660e-02	1.299017991e-13
-2.730000000e-01	4.095305580e+00	-5.376587516e-02	5.324433898e-14
-2.740000000e-01	4.095326396e+00	-5.417763101e-02	8.585744862e-14
-2.750000000e-01	4.095347254e+00	-5.458938414e-02	7.205783637e-14
-2.760000000e-01	4.095368152e+00	-5.500113454e-02	4.460637925e-14
-2.770000000e-01	4.095389092e+00	-5.541288218e-02	3.280070269e-14
-2.780000000e-01	4.095410072e+00	-5.582462707e-02	7.310125222e-14
-2.790000000e-01	4.095431093e+00	-5.623636919e-02	9.886018623e-14
-2.800000000e-01	4.095452156e+00	-5.664810853e-02	4.666203448e-14
-2.810000000e-01	4.095473259e+00	-5.705984507e-02	8.088165230e-14
-2.820000000e-01	4.095494403e+00	-5.747157880e-02	8.150256415e-14
-2.830000000e-01	4.095515588e+00	-5.788330972e-02	6.745498020e-14
-2.840000000e-01	4.095536814e+00	-5.829503781e-02	2.824230405e-14
-2.850000000e-01	4.095558081e+00	-5.870676305e-02	8.654414578e-14
-2.860000000e-01	4.095579389e+00	-5.911848544e-02	7.345140634e-14
-2.870000000e-01	4.095600737e+00	-5.953020496e-02	6.683874560e-14
-2.880000000e-01	4.095622127e+00	-5.994192160e-02	9.117168783e-14
-2.890000000e-01	4.095643558e+00	-6.035363535e-02	9.998875908e-14
-2.900000000e-01	4.095665029e+00	-6.076534619e-02	7.581002469e-14
-2.910000000e-01	4.095686541e+00	-6.117705412e-02	2.390771904e-14
-2.920000000e-01	4.095708095e+00	-6.158875913e-02	4.478659497e-14
-2.930000000e-01	4.095729689e+00	-6.200046119e-02	4.486633639e-14
-2.940000000e-01	4.095751324e+00	-6.241216030e-02	7.695215194e-14
-2.950000000e-01	4.095773000e+00	-6.282385645e-02	9.891738252e-14
-2.960000000e-01	4.095794717e+00	-6.323554962e-02	6.619508689e-14
-2.970000000e-01	4.095816475e+00	-6.364723980e-02	1.009805670e-13
-2.980000000e-01	4.095838274e+00	-6.405892699e-02	7.126248228e-14
-2.990000000e-01	4.095860113e+00	-6.447061116e-02	6.595603167e-14
-3.000000000e-01	4.095881994e+00	-6.488229231e-02	9.371439835e-14
