# epsi_ci     Re(Lambda)      Im(Lambda)      Eq(det), R = 0.10 $\mu$m, $E_p$ = 0.300 eV, modo = 2, $\epsilon_\infty$ = 3.9, $\gamma_{DL}$ = 0.01 eV, solve_det_sinkz_vs_mu.py
0.000000000e+00	7.369848908e+00	1.498373845e-01	9.507911156e-12
-1.000000000e-03	7.369877072e+00	1.490955351e-01	2.105133341e-11
-2.000000000e-03	7.369905310e+00	1.483536856e-01	1.463846791e-11
-3.000000000e-03	7.369933623e+00	1.476118360e-01	6.006875758e-12
-4.000000000e-03	7.369962009e+00	1.468699865e-01	6.282522946e-12
-5.000000000e-03	7.369990471e+00	1.461281369e-01	4.896010874e-12
-6.000000000e-03	7.370019006e+00	1.453862874e-01	8.259333666e-12
-7.000000000e-03	7.370047616e+00	1.446444379e-01	1.005719021e-11
-8.000000000e-03	7.370076300e+00	1.439025886e-01	5.689785263e-12
-9.000000000e-03	7.370105059e+00	1.431607393e-01	1.876681891e-11
-1.000000000e-02	7.370133892e+00	1.424188901e-01	7.305785496e-12
-1.100000000e-02	7.370162799e+00	1.416770410e-01	3.045235290e-12
-1.200000000e-02	7.370191780e+00	1.409351922e-01	9.035207677e-12
-1.300000000e-02	7.370220836e+00	1.401933435e-01	6.018091259e-12
-1.400000000e-02	7.370249966e+00	1.394514950e-01	7.776444779e-12
-1.500000000e-02	7.370279171e+00	1.387096468e-01	1.104398238e-11
-1.600000000e-02	7.370308450e+00	1.379677988e-01	1.217063002e-11
-1.700000000e-02	7.370337803e+00	1.372259510e-01	8.246279785e-12
-1.800000000e-02	7.370367231e+00	1.364841036e-01	4.321080668e-12
-1.900000000e-02	7.370396732e+00	1.357422565e-01	7.789414072e-12
-2.000000000e-02	7.370426309e+00	1.350004098e-01	1.835685539e-11
-2.100000000e-02	7.370455959e+00	1.342585634e-01	1.127796773e-11
-2.200000000e-02	7.370485684e+00	1.335167174e-01	7.501295112e-12
-2.300000000e-02	7.370515483e+00	1.327748718e-01	6.081310503e-12
-2.400000000e-02	7.370545357e+00	1.320330266e-01	1.426997983e-11
-2.500000000e-02	7.370575305e+00	1.312911819e-01	1.400358473e-11
-2.600000000e-02	7.370605327e+00	1.305493377e-01	1.781693082e-11
-2.700000000e-02	7.370635424e+00	1.298074939e-01	1.170041457e-11
-2.800000000e-02	7.370665595e+00	1.290656507e-01	7.116240516e-12
-2.900000000e-02	7.370695840e+00	1.283238080e-01	5.079487666e-12
-3.000000000e-02	7.370726160e+00	1.275819659e-01	8.856856962e-12
-3.100000000e-02	7.370756554e+00	1.268401244e-01	1.480766371e-11
-3.200000000e-02	7.370787022e+00	1.260982835e-01	1.789559879e-11
-3.300000000e-02	7.370817564e+00	1.253564432e-01	1.148587527e-11
-3.400000000e-02	7.370848181e+00	1.246146036e-01	8.041390248e-12
-3.500000000e-02	7.370878873e+00	1.238727647e-01	1.285224164e-11
-3.600000000e-02	7.370909638e+00	1.231309264e-01	1.137062440e-11
-3.700000000e-02	7.370940478e+00	1.223890889e-01	9.344709970e-12
-3.800000000e-02	7.370971392e+00	1.216472521e-01	1.098550719e-11
-3.900000000e-02	7.371002381e+00	1.209054161e-01	1.491540246e-11
-4.000000000e-02	7.371033444e+00	1.201635809e-01	6.339157396e-12
-4.100000000e-02	7.371064581e+00	1.194217465e-01	1.270573596e-11
-4.200000000e-02	7.371095793e+00	1.186799129e-01	1.054711765e-11
-4.300000000e-02	7.371127079e+00	1.179380802e-01	1.140745737e-11
-4.400000000e-02	7.371158439e+00	1.171962484e-01	1.341686218e-11
-4.500000000e-02	7.371189874e+00	1.164544174e-01	8.947870078e-12
-4.600000000e-02	7.371221382e+00	1.157125874e-01	7.060522845e-12
-4.700000000e-02	7.371252966e+00	1.149707583e-01	7.899050442e-12
-4.800000000e-02	7.371284623e+00	1.142289302e-01	8.681474322e-12
-4.900000000e-02	7.371316355e+00	1.134871031e-01	4.090849108e-12
-5.000000000e-02	7.371348161e+00	1.127452770e-01	1.043388357e-11
-5.100000000e-02	7.371380042e+00	1.120034519e-01	5.671914549e-12
-5.200000000e-02	7.371411997e+00	1.112616279e-01	1.071798999e-11
-5.300000000e-02	7.371444026e+00	1.105198050e-01	8.786024232e-12
-5.400000000e-02	7.371476130e+00	1.097779831e-01	1.517373554e-11
-5.500000000e-02	7.371508307e+00	1.090361624e-01	6.850366874e-12
-5.600000000e-02	7.371540560e+00	1.082943429e-01	9.532276250e-12
-5.700000000e-02	7.371572886e+00	1.075525245e-01	6.434328507e-12
-5.800000000e-02	7.371605287e+00	1.068107073e-01	7.723413974e-12
-5.900000000e-02	7.371637762e+00	1.060688913e-01	1.972703142e-11
-6.000000000e-02	7.371670312e+00	1.053270765e-01	1.361864902e-11
-6.100000000e-02	7.371702935e+00	1.045852630e-01	1.574133710e-11
-6.200000000e-02	7.371735634e+00	1.038434508e-01	1.318499931e-11
-6.300000000e-02	7.371768406e+00	1.031016399e-01	7.482385647e-12
-6.400000000e-02	7.371801253e+00	1.023598303e-01	1.160028005e-11
-6.500000000e-02	7.371834174e+00	1.016180220e-01	9.192299266e-12
-6.600000000e-02	7.371867169e+00	1.008762152e-01	5.231710211e-12
-6.700000000e-02	7.371900239e+00	1.001344097e-01	1.584173428e-11
-6.800000000e-02	7.371933383e+00	9.939260561e-02	4.501102242e-12
-6.900000000e-02	7.371966601e+00	9.865080298e-02	2.432172439e-11
-7.000000000e-02	7.371999894e+00	9.790900180e-02	9.309578437e-12
-7.100000000e-02	7.372033261e+00	9.716720210e-02	1.571288588e-11
-7.200000000e-02	7.372066702e+00	9.642540392e-02	1.596529593e-11
-7.300000000e-02	7.372100218e+00	9.568360725e-02	5.557750824e-12
-7.400000000e-02	7.372133808e+00	9.494181212e-02	4.741794355e-12
-7.500000000e-02	7.372167472e+00	9.420001858e-02	1.191784491e-11
-7.600000000e-02	7.372201210e+00	9.345822662e-02	1.074574232e-11
-7.700000000e-02	7.372235023e+00	9.271643627e-02	1.049731939e-11
-7.800000000e-02	7.372268910e+00	9.197464757e-02	9.974634897e-12
-7.900000000e-02	7.372302872e+00	9.123286052e-02	6.892743541e-12
-8.000000000e-02	7.372336908e+00	9.049107515e-02	1.016001785e-11
-8.100000000e-02	7.372371018e+00	8.974929149e-02	3.460093778e-12
-8.200000000e-02	7.372405202e+00	8.900750955e-02	7.973567764e-12
-8.300000000e-02	7.372439461e+00	8.826572936e-02	5.414800089e-12
-8.400000000e-02	7.372473794e+00	8.752395094e-02	7.679755829e-12
-8.500000000e-02	7.372508201e+00	8.678217432e-02	7.032004793e-12
-8.600000000e-02	7.372542683e+00	8.604039951e-02	8.989360338e-12
-8.700000000e-02	7.372577239e+00	8.529862653e-02	1.597444950e-11
-8.800000000e-02	7.372611869e+00	8.455685542e-02	4.443663307e-12
-8.900000000e-02	7.372646573e+00	8.381508619e-02	4.003913651e-12
-9.000000000e-02	7.372681352e+00	8.307331886e-02	1.685444032e-11
-9.100000000e-02	7.372716205e+00	8.233155347e-02	9.781142991e-12
-9.200000000e-02	7.372751133e+00	8.158979002e-02	7.075322091e-12
-9.300000000e-02	7.372786134e+00	8.084802854e-02	1.122583801e-11
-9.400000000e-02	7.372821210e+00	8.010626905e-02	1.486987084e-11
-9.500000000e-02	7.372856360e+00	7.936451158e-02	6.959946201e-12
-9.600000000e-02	7.372891585e+00	7.862275615e-02	6.282033445e-12
-9.700000000e-02	7.372926884e+00	7.788100278e-02	8.849839438e-12
-9.800000000e-02	7.372962257e+00	7.713925150e-02	1.426659769e-11
-9.900000000e-02	7.372997704e+00	7.639750231e-02	5.892279528e-12
-1.000000000e-01	7.373033226e+00	7.565575525e-02	6.731073498e-12
-1.010000000e-01	7.373068822e+00	7.491401035e-02	7.860815241e-12
-1.020000000e-01	7.373104493e+00	7.417226761e-02	8.735044760e-12
-1.030000000e-01	7.373140237e+00	7.343052707e-02	1.048806252e-11
-1.040000000e-01	7.373176056e+00	7.268878875e-02	1.085363789e-11
-1.050000000e-01	7.373211949e+00	7.194705266e-02	9.575223472e-12
-1.060000000e-01	7.373247917e+00	7.120531884e-02	7.198444909e-12
-1.070000000e-01	7.373283958e+00	7.046358730e-02	5.857920724e-12
-1.080000000e-01	7.373320074e+00	6.972185806e-02	1.026501034e-11
-1.090000000e-01	7.373356265e+00	6.898013115e-02	1.652205912e-11
-1.100000000e-01	7.373392529e+00	6.823840660e-02	1.597686929e-11
-1.110000000e-01	7.373428868e+00	6.749668441e-02	1.290711805e-11
-1.120000000e-01	7.373465281e+00	6.675496462e-02	1.025731551e-11
-1.130000000e-01	7.373501768e+00	6.601324725e-02	7.298558015e-12
-1.140000000e-01	7.373538330e+00	6.527153232e-02	6.142761346e-12
-1.150000000e-01	7.373574966e+00	6.452981984e-02	6.206248796e-12
-1.160000000e-01	7.373611676e+00	6.378810986e-02	8.230107802e-12
-1.170000000e-01	7.373648461e+00	6.304640237e-02	9.007702096e-12
-1.180000000e-01	7.373685319e+00	6.230469742e-02	1.143177415e-11
-1.190000000e-01	7.373722252e+00	6.156299502e-02	1.014342807e-11
-1.200000000e-01	7.373759260e+00	6.082129519e-02	1.638922042e-11
-1.210000000e-01	7.373796341e+00	6.007959796e-02	1.091921201e-11
-1.220000000e-01	7.373833497e+00	5.933790333e-02	8.203158110e-12
-1.230000000e-01	7.373870727e+00	5.859621136e-02	1.575325130e-11
-1.240000000e-01	7.373908031e+00	5.785452205e-02	1.558520517e-11
-1.250000000e-01	7.373945410e+00	5.711283541e-02	9.437399599e-12
-1.260000000e-01	7.373982863e+00	5.637115149e-02	1.256226414e-11
-1.270000000e-01	7.374020390e+00	5.562947029e-02	1.002100863e-11
-1.280000000e-01	7.374057991e+00	5.488779185e-02	8.026664583e-12
-1.290000000e-01	7.374095667e+00	5.414611618e-02	8.336970175e-12
-1.300000000e-01	7.374133416e+00	5.340444330e-02	1.495609589e-11
-1.310000000e-01	7.374171240e+00	5.266277324e-02	1.506983880e-11
-1.320000000e-01	7.374209139e+00	5.192110602e-02	1.393467875e-11
-1.330000000e-01	7.374247111e+00	5.117944167e-02	1.019617440e-11
-1.340000000e-01	7.374285158e+00	5.043778020e-02	1.203450860e-11
-1.350000000e-01	7.374323279e+00	4.969612163e-02	8.905626997e-12
-1.360000000e-01	7.374361475e+00	4.895446600e-02	6.423186604e-12
-1.370000000e-01	7.374399744e+00	4.821281332e-02	9.745809475e-12
-1.380000000e-01	7.374438088e+00	4.747116361e-02	6.004263143e-12
-1.390000000e-01	7.374476506e+00	4.672951690e-02	1.684317283e-11
-1.400000000e-01	7.374514998e+00	4.598787320e-02	8.545827073e-12
-1.410000000e-01	7.374553565e+00	4.524623255e-02	1.367586579e-11
-1.420000000e-01	7.374592206e+00	4.450459496e-02	1.035247240e-11
-1.430000000e-01	7.374630921e+00	4.376296045e-02	7.244864360e-12
-1.440000000e-01	7.374669710e+00	4.302132905e-02	1.286312847e-11
-1.450000000e-01	7.374708573e+00	4.227970078e-02	8.382513509e-12
-1.460000000e-01	7.374747511e+00	4.153807566e-02	9.514101719e-12
-1.470000000e-01	7.374786523e+00	4.079645372e-02	1.149141687e-11
-1.480000000e-01	7.374825609e+00	4.005483497e-02	1.325412196e-11
-1.490000000e-01	7.374864769e+00	3.931321944e-02	1.475954738e-11
-1.500000000e-01	7.374904004e+00	3.857160715e-02	8.007350157e-12
-1.510000000e-01	7.374943313e+00	3.782999813e-02	7.928087070e-12
-1.520000000e-01	7.374982696e+00	3.708839239e-02	1.321529556e-11
-1.530000000e-01	7.375022153e+00	3.634678995e-02	7.231911619e-12
-1.540000000e-01	7.375061684e+00	3.560519085e-02	7.709893296e-12
-1.550000000e-01	7.375101290e+00	3.486359510e-02	1.523450522e-11
-1.560000000e-01	7.375140970e+00	3.412200272e-02	1.180316615e-11
-1.570000000e-01	7.375180724e+00	3.338041374e-02	6.307666960e-12
-1.580000000e-01	7.375220552e+00	3.263882818e-02	6.886772652e-12
-1.590000000e-01	7.375260455e+00	3.189724605e-02	5.716549158e-12
-1.600000000e-01	7.375300431e+00	3.115566739e-02	7.299090583e-12
-1.610000000e-01	7.375340482e+00	3.041409222e-02	1.388853648e-11
-1.620000000e-01	7.375380607e+00	2.967252056e-02	7.961757789e-12
-1.630000000e-01	7.375420806e+00	2.893095242e-02	9.831983321e-12
-1.640000000e-01	7.375461080e+00	2.818938784e-02	9.337636247e-12
-1.650000000e-01	7.375501428e+00	2.744782683e-02	1.284144490e-11
-1.660000000e-01	7.375541850e+00	2.670626942e-02	8.485906311e-12
-1.670000000e-01	7.375582346e+00	2.596471562e-02	1.409389003e-11
-1.680000000e-01	7.375622916e+00	2.522316547e-02	1.044870809e-11
-1.690000000e-01	7.375663560e+00	2.448161898e-02	6.801342405e-12
-1.700000000e-01	7.375704279e+00	2.374007617e-02	1.088360794e-11
-1.710000000e-01	7.375745072e+00	2.299853708e-02	6.947907338e-12
-1.720000000e-01	7.375785939e+00	2.225700171e-02	9.820482773e-12
-1.730000000e-01	7.375826880e+00	2.151547009e-02	6.470535898e-12
-1.740000000e-01	7.375867895e+00	2.077394225e-02	1.498127599e-11
-1.750000000e-01	7.375908985e+00	2.003241821e-02	1.303514191e-11
-1.760000000e-01	7.375950149e+00	1.929089798e-02	1.214176207e-11
-1.770000000e-01	7.375991387e+00	1.854938160e-02	1.224798042e-11
-1.780000000e-01	7.376032699e+00	1.780786907e-02	9.360340866e-12
-1.790000000e-01	7.376074085e+00	1.706636044e-02	4.580230955e-12
-1.800000000e-01	7.376115545e+00	1.632485571e-02	1.240838291e-11
-1.810000000e-01	7.376157080e+00	1.558335491e-02	1.179993314e-11
-1.820000000e-01	7.376198689e+00	1.484185806e-02	8.139479479e-12
-1.830000000e-01	7.376240372e+00	1.410036519e-02	8.981408978e-12
-1.840000000e-01	7.376282129e+00	1.335887631e-02	6.535935269e-12
-1.850000000e-01	7.376323960e+00	1.261739145e-02	1.050924126e-11
-1.860000000e-01	7.376365865e+00	1.187591063e-02	1.028228880e-11
-1.870000000e-01	7.376407845e+00	1.113443387e-02	7.573980698e-12
-1.880000000e-01	7.376449898e+00	1.039296120e-02	8.057907247e-12
-1.890000000e-01	7.376492026e+00	9.651492636e-03	2.159892606e-11
-1.900000000e-01	7.376534228e+00	8.910028209e-03	9.056008993e-12
-1.910000000e-01	7.376576504e+00	8.168567924e-03	9.817174508e-12
-1.920000000e-01	7.376618855e+00	7.427111823e-03	1.647596438e-11
-1.930000000e-01	7.376661279e+00	6.685659909e-03	7.114867247e-12
-1.940000000e-01	7.376703778e+00	5.944212210e-03	1.288381826e-11
-1.950000000e-01	7.376746350e+00	5.202768760e-03	7.826772065e-12
-1.960000000e-01	7.376788997e+00	4.461329568e-03	6.663671957e-12
-1.970000000e-01	7.376831718e+00	3.719894666e-03	1.321167683e-11
-1.980000000e-01	7.376874513e+00	2.978464064e-03	1.221281019e-11
-1.990000000e-01	7.376917383e+00	2.237037796e-03	5.797898550e-12
-2.000000000e-01	7.376960326e+00	1.495615875e-03	6.241910117e-12
-2.010000000e-01	7.377003343e+00	7.541983298e-04	7.008358521e-12
-2.020000000e-01	7.377046435e+00	1.278518523e-05	1.118496202e-11
-2.030000000e-01	7.377089601e+00	-7.286235495e-04	5.344676170e-12
-2.040000000e-01	7.377132841e+00	-1.470027838e-03	9.442694042e-12
-2.050000000e-01	7.377176154e+00	-2.211427672e-03	1.397785749e-11
-2.060000000e-01	7.377219543e+00	-2.952823011e-03	1.228331798e-11
-2.070000000e-01	7.377263005e+00	-3.694213853e-03	7.327008133e-12
-2.080000000e-01	7.377306541e+00	-4.435600164e-03	8.337025680e-12
-2.090000000e-01	7.377350151e+00	-5.176981922e-03	5.828508831e-12
-2.100000000e-01	7.377393836e+00	-5.918359109e-03	1.279897096e-11
-2.110000000e-01	7.377437595e+00	-6.659731695e-03	1.175227383e-11
-2.120000000e-01	7.377481427e+00	-7.401099666e-03	1.488068158e-11
-2.130000000e-01	7.377525334e+00	-8.142463005e-03	1.329348005e-11
-2.140000000e-01	7.377569315e+00	-8.883821677e-03	1.162361024e-11
-2.150000000e-01	7.377613370e+00	-9.625175664e-03	1.213272512e-11
-2.160000000e-01	7.377657499e+00	-1.036652494e-02	1.189229235e-11
-2.170000000e-01	7.377701702e+00	-1.110786950e-02	1.372028988e-11
-2.180000000e-01	7.377745980e+00	-1.184920930e-02	1.711833466e-11
-2.190000000e-01	7.377790331e+00	-1.259054433e-02	6.755065875e-12
-2.200000000e-01	7.377834756e+00	-1.333187457e-02	1.418825509e-11
-2.210000000e-01	7.377879256e+00	-1.407319999e-02	7.603334588e-12
-2.220000000e-01	7.377923829e+00	-1.481452057e-02	1.358791815e-11
-2.230000000e-01	7.377968477e+00	-1.555583629e-02	2.290749406e-11
-2.240000000e-01	7.378013199e+00	-1.629714713e-02	1.101658448e-11
-2.250000000e-01	7.378057995e+00	-1.703845306e-02	9.755496794e-12
-2.260000000e-01	7.378102865e+00	-1.777975406e-02	1.761243303e-11
-2.270000000e-01	7.378147808e+00	-1.852105011e-02	1.140481185e-11
-2.280000000e-01	7.378192826e+00	-1.926234120e-02	7.537512349e-12
-2.290000000e-01	7.378237919e+00	-2.000362729e-02	5.913183999e-12
-2.300000000e-01	7.378283085e+00	-2.074490836e-02	9.002440202e-12
-2.310000000e-01	7.378328325e+00	-2.148618440e-02	1.327834616e-11
-2.320000000e-01	7.378373639e+00	-2.222745537e-02	7.634718081e-12
-2.330000000e-01	7.378419027e+00	-2.296872126e-02	7.513848214e-12
-2.340000000e-01	7.378464490e+00	-2.370998205e-02	1.383919486e-11
-2.350000000e-01	7.378510026e+00	-2.445123771e-02	1.202449590e-11
-2.360000000e-01	7.378555636e+00	-2.519248823e-02	1.222761017e-11
-2.370000000e-01	7.378601321e+00	-2.593373356e-02	1.259625430e-11
-2.380000000e-01	7.378647079e+00	-2.667497371e-02	1.014396231e-11
-2.390000000e-01	7.378692912e+00	-2.741620865e-02	1.464768872e-11
-2.400000000e-01	7.378738818e+00	-2.815743835e-02	5.003968635e-12
-2.410000000e-01	7.378784799e+00	-2.889866278e-02	1.598152892e-11
-2.420000000e-01	7.378830854e+00	-2.963988194e-02	1.225012322e-11
-2.430000000e-01	7.378876982e+00	-3.038109579e-02	1.035081362e-11
-2.440000000e-01	7.378923185e+00	-3.112230432e-02	1.090758413e-11
-2.450000000e-01	7.378969462e+00	-3.186350750e-02	1.521518652e-11
-2.460000000e-01	7.379015812e+00	-3.260470531e-02	1.281616265e-11
-2.470000000e-01	7.379062237e+00	-3.334589772e-02	8.783976934e-12
-2.480000000e-01	7.379108736e+00	-3.408708473e-02	1.022804954e-11
-2.490000000e-01	7.379155309e+00	-3.482826629e-02	8.553054965e-12
-2.500000000e-01	7.379201955e+00	-3.556944240e-02	7.565146331e-12
-2.510000000e-01	7.379248676e+00	-3.631061303e-02	5.659555285e-12
-2.520000000e-01	7.379295471e+00	-3.705177816e-02	6.668266660e-12
-2.530000000e-01	7.379342339e+00	-3.779293776e-02	8.555938090e-12
-2.540000000e-01	7.379389282e+00	-3.853409181e-02	1.166684194e-11
-2.550000000e-01	7.379436299e+00	-3.927524030e-02	8.899599222e-12
-2.560000000e-01	7.379483390e+00	-4.001638319e-02	8.815655159e-12
-2.570000000e-01	7.379530554e+00	-4.075752048e-02	7.786462916e-12
-2.580000000e-01	7.379577793e+00	-4.149865213e-02	8.081569118e-12
-2.590000000e-01	7.379625106e+00	-4.223977812e-02	1.223634548e-11
-2.600000000e-01	7.379672492e+00	-4.298089843e-02	7.844605699e-12
-2.610000000e-01	7.379719953e+00	-4.372201304e-02	1.580175459e-11
-2.620000000e-01	7.379767487e+00	-4.446312193e-02	8.578479839e-12
-2.630000000e-01	7.379815096e+00	-4.520422507e-02	8.349965288e-12
-2.640000000e-01	7.379862779e+00	-4.594532245e-02	1.017983758e-11
-2.650000000e-01	7.379910535e+00	-4.668641403e-02	4.885511136e-12
-2.660000000e-01	7.379958365e+00	-4.742749981e-02	9.048952322e-12
-2.670000000e-01	7.380006270e+00	-4.816857975e-02	8.472179864e-12
-2.680000000e-01	7.380054248e+00	-4.890965383e-02	5.400415122e-12
-2.690000000e-01	7.380102301e+00	-4.965072204e-02	1.617810386e-11
-2.700000000e-01	7.380150427e+00	-5.039178435e-02	8.034859807e-12
-2.710000000e-01	7.380198627e+00	-5.113284074e-02	1.018533639e-11
-2.720000000e-01	7.380246901e+00	-5.187389117e-02	1.127452121e-11
-2.730000000e-01	7.380295249e+00	-5.261493565e-02	8.996673373e-12
-2.740000000e-01	7.380343671e+00	-5.335597414e-02	7.630078042e-12
-2.750000000e-01	7.380392167e+00	-5.409700662e-02	9.009272245e-12
-2.760000000e-01	7.380440737e+00	-5.483803307e-02	6.655082846e-12
-2.770000000e-01	7.380489381e+00	-5.557905346e-02	8.511624364e-12
-2.780000000e-01	7.380538099e+00	-5.632006778e-02	6.103834484e-12
-2.790000000e-01	7.380586890e+00	-5.706107599e-02	5.522125598e-12
-2.800000000e-01	7.380635756e+00	-5.780207810e-02	1.714161090e-11
-2.810000000e-01	7.380684695e+00	-5.854307405e-02	1.011063143e-11
-2.820000000e-01	7.380733709e+00	-5.928406384e-02	1.206890867e-11
-2.830000000e-01	7.380782796e+00	-6.002504745e-02	1.148436150e-11
-2.840000000e-01	7.380831957e+00	-6.076602485e-02	9.306201797e-12
-2.850000000e-01	7.380881193e+00	-6.150699602e-02	9.645521570e-12
-2.860000000e-01	7.380930502e+00	-6.224796093e-02	1.627891575e-11
-2.870000000e-01	7.380979884e+00	-6.298891957e-02	1.301592701e-11
-2.880000000e-01	7.381029341e+00	-6.372987192e-02	7.634601561e-12
-2.890000000e-01	7.381078872e+00	-6.447081794e-02	9.231872070e-12
-2.900000000e-01	7.381128477e+00	-6.521175762e-02	1.314538088e-11
-2.910000000e-01	7.381178155e+00	-6.595269095e-02	1.230208456e-11
-2.920000000e-01	7.381227907e+00	-6.669361789e-02	1.066002524e-11
-2.930000000e-01	7.381277734e+00	-6.743453842e-02	8.006867945e-12
-2.940000000e-01	7.381327634e+00	-6.817545252e-02	7.891413631e-12
-2.950000000e-01	7.381377608e+00	-6.891636018e-02	8.278085498e-12
-2.960000000e-01	7.381427656e+00	-6.965726136e-02	1.683440562e-11
-2.970000000e-01	7.381477777e+00	-7.039815605e-02	4.672793206e-12
-2.980000000e-01	7.381527973e+00	-7.113904422e-02	1.323605543e-11
-2.990000000e-01	7.381578243e+00	-7.187992585e-02	1.328126322e-11
-3.000000000e-01	7.381628586e+00	-7.262080092e-02	6.229542405e-12
