# epsi_ci     Re(Lambda)      Im(Lambda)      Eq(det), R = 0.10 $\mu$m, $E_p$ = 0.300 eV, modo = 2, $\epsilon_\infty$ = 3.9, $\gamma_{DL}$ = 0.01 eV, solve_det_sinkz_vs_mu.py
0.000000000e+00	7.741953934e+00	1.846621267e-01	3.305279469e-12
-1.000000000e-03	7.741987699e+00	1.838865492e-01	5.844918420e-12
-2.000000000e-03	7.742021540e+00	1.831109716e-01	6.262840824e-12
-3.000000000e-03	7.742055459e+00	1.823353938e-01	7.933571043e-12
-4.000000000e-03	7.742089456e+00	1.815598160e-01	6.237457993e-12
-5.000000000e-03	7.742123530e+00	1.807842380e-01	3.389202498e-12
-6.000000000e-03	7.742157681e+00	1.800086600e-01	8.073164317e-12
-7.000000000e-03	7.742191909e+00	1.792330820e-01	2.421947450e-12
-8.000000000e-03	7.742226215e+00	1.784575040e-01	4.228108358e-12
-9.000000000e-03	7.742260598e+00	1.776819259e-01	9.136212426e-12
-1.000000000e-02	7.742295058e+00	1.769063480e-01	1.142020152e-11
-1.100000000e-02	7.742329596e+00	1.761307700e-01	8.364692630e-12
-1.200000000e-02	7.742364211e+00	1.753551922e-01	1.013554783e-11
-1.300000000e-02	7.742398904e+00	1.745796144e-01	9.777445680e-12
-1.400000000e-02	7.742433673e+00	1.738040368e-01	8.568443087e-12
-1.500000000e-02	7.742468520e+00	1.730284593e-01	8.467122686e-12
-1.600000000e-02	7.742503445e+00	1.722528821e-01	9.836348740e-12
-1.700000000e-02	7.742538447e+00	1.714773050e-01	7.970712887e-12
-1.800000000e-02	7.742573526e+00	1.707017281e-01	2.926752376e-12
-1.900000000e-02	7.742608682e+00	1.699261515e-01	5.224599097e-12
-2.000000000e-02	7.742643916e+00	1.691505751e-01	6.088821673e-12
-2.100000000e-02	7.742679227e+00	1.683749990e-01	6.148723431e-12
-2.200000000e-02	7.742714616e+00	1.675994233e-01	6.052027235e-12
-2.300000000e-02	7.742750081e+00	1.668238478e-01	2.837560329e-12
-2.400000000e-02	7.742785624e+00	1.660482728e-01	5.671129745e-12
-2.500000000e-02	7.742821245e+00	1.652726981e-01	6.708795962e-12
-2.600000000e-02	7.742856943e+00	1.644971238e-01	9.086198473e-12
-2.700000000e-02	7.742892718e+00	1.637215500e-01	7.589662376e-12
-2.800000000e-02	7.742928570e+00	1.629459765e-01	7.650525013e-12
-2.900000000e-02	7.742964500e+00	1.621704036e-01	3.917482170e-12
-3.000000000e-02	7.743000507e+00	1.613948312e-01	7.291943509e-12
-3.100000000e-02	7.743036591e+00	1.606192593e-01	7.082920750e-12
-3.200000000e-02	7.743072753e+00	1.598436879e-01	5.225500751e-12
-3.300000000e-02	7.743108992e+00	1.590681171e-01	3.483507447e-12
-3.400000000e-02	7.743145309e+00	1.582925469e-01	7.962262044e-12
-3.500000000e-02	7.743181703e+00	1.575169773e-01	1.451459068e-12
-3.600000000e-02	7.743218174e+00	1.567414084e-01	9.423694071e-12
-3.700000000e-02	7.743254722e+00	1.559658401e-01	5.759239867e-12
-3.800000000e-02	7.743291348e+00	1.551902725e-01	7.671421548e-12
-3.900000000e-02	7.743328051e+00	1.544147056e-01	1.139692118e-11
-4.000000000e-02	7.743364831e+00	1.536391394e-01	5.999325134e-12
-4.100000000e-02	7.743401689e+00	1.528635739e-01	8.663518262e-12
-4.200000000e-02	7.743438624e+00	1.520880093e-01	7.438686101e-12
-4.300000000e-02	7.743475637e+00	1.513124454e-01	6.357781188e-12
-4.400000000e-02	7.743512726e+00	1.505368824e-01	5.716673430e-12
-4.500000000e-02	7.743549893e+00	1.497613202e-01	9.457906449e-12
-4.600000000e-02	7.743587138e+00	1.489857589e-01	7.700281548e-12
-4.700000000e-02	7.743624459e+00	1.482101984e-01	9.539852264e-12
-4.800000000e-02	7.743661858e+00	1.474346389e-01	9.102644947e-12
-4.900000000e-02	7.743699335e+00	1.466590803e-01	8.135404598e-12
-5.000000000e-02	7.743736889e+00	1.458835227e-01	9.984423655e-12
-5.100000000e-02	7.743774520e+00	1.451079660e-01	6.415101270e-12
-5.200000000e-02	7.743812228e+00	1.443324104e-01	8.610358370e-12
-5.300000000e-02	7.743850014e+00	1.435568558e-01	1.057686648e-11
-5.400000000e-02	7.743887877e+00	1.427813022e-01	7.600099714e-12
-5.500000000e-02	7.743925817e+00	1.420057497e-01	8.178103922e-12
-5.600000000e-02	7.743963834e+00	1.412301983e-01	1.003727230e-11
-5.700000000e-02	7.744001929e+00	1.404546480e-01	7.224659807e-12
-5.800000000e-02	7.744040102e+00	1.396790989e-01	6.747442156e-12
-5.900000000e-02	7.744078351e+00	1.389035510e-01	6.910874337e-12
-6.000000000e-02	7.744116678e+00	1.381280042e-01	5.658724504e-12
-6.100000000e-02	7.744155082e+00	1.373524586e-01	8.744547664e-12
-6.200000000e-02	7.744193564e+00	1.365769143e-01	3.969433786e-12
-6.300000000e-02	7.744232123e+00	1.358013712e-01	1.124863578e-11
-6.400000000e-02	7.744270759e+00	1.350258295e-01	6.804957358e-12
-6.500000000e-02	7.744309473e+00	1.342502890e-01	6.005147954e-12
-6.600000000e-02	7.744348263e+00	1.334747498e-01	6.796000675e-12
-6.700000000e-02	7.744387132e+00	1.326992120e-01	1.013419554e-11
-6.800000000e-02	7.744426077e+00	1.319236756e-01	5.836613397e-12
-6.900000000e-02	7.744465100e+00	1.311481406e-01	1.002601525e-11
-7.000000000e-02	7.744504200e+00	1.303726070e-01	8.808645026e-12
-7.100000000e-02	7.744543377e+00	1.295970748e-01	9.348341722e-12
-7.200000000e-02	7.744582632e+00	1.288215441e-01	4.148644902e-12
-7.300000000e-02	7.744621964e+00	1.280460149e-01	6.880603791e-12
-7.400000000e-02	7.744661373e+00	1.272704872e-01	4.049427552e-12
-7.500000000e-02	7.744700860e+00	1.264949611e-01	4.858842107e-12
-7.600000000e-02	7.744740424e+00	1.257194365e-01	8.246607093e-12
-7.700000000e-02	7.744780065e+00	1.249439135e-01	5.771307127e-12
-7.800000000e-02	7.744819784e+00	1.241683921e-01	5.044820231e-12
-7.900000000e-02	7.744859580e+00	1.233928723e-01	5.875592841e-12
-8.000000000e-02	7.744899453e+00	1.226173542e-01	1.074410554e-11
-8.100000000e-02	7.744939403e+00	1.218418377e-01	7.812887639e-12
-8.200000000e-02	7.744979431e+00	1.210663229e-01	9.247396873e-12
-8.300000000e-02	7.745019536e+00	1.202908099e-01	5.820323424e-12
-8.400000000e-02	7.745059719e+00	1.195152986e-01	6.881503942e-12
-8.500000000e-02	7.745099978e+00	1.187397891e-01	3.647234901e-12
-8.600000000e-02	7.745140315e+00	1.179642813e-01	5.919292867e-12
-8.700000000e-02	7.745180730e+00	1.171887754e-01	8.265013974e-12
-8.800000000e-02	7.745221221e+00	1.164132713e-01	5.188519856e-12
-8.900000000e-02	7.745261790e+00	1.156377691e-01	7.630900108e-12
-9.000000000e-02	7.745302436e+00	1.148622687e-01	7.874675597e-12
-9.100000000e-02	7.745343160e+00	1.140867703e-01	4.455162470e-12
-9.200000000e-02	7.745383961e+00	1.133112738e-01	4.718463607e-12
-9.300000000e-02	7.745424839e+00	1.125357792e-01	9.273143482e-12
-9.400000000e-02	7.745465794e+00	1.117602866e-01	7.651676148e-12
-9.500000000e-02	7.745506827e+00	1.109847960e-01	6.678476522e-12
-9.600000000e-02	7.745547937e+00	1.102093074e-01	6.068185022e-12
-9.700000000e-02	7.745589124e+00	1.094338209e-01	5.466482864e-12
-9.800000000e-02	7.745630388e+00	1.086583364e-01	5.429990312e-12
-9.900000000e-02	7.745671730e+00	1.078828541e-01	5.773468002e-12
-1.000000000e-01	7.745713149e+00	1.071073738e-01	4.516813563e-12
-1.010000000e-01	7.745754646e+00	1.063318957e-01	7.021047320e-12
-1.020000000e-01	7.745796220e+00	1.055564197e-01	4.483994320e-12
-1.030000000e-01	7.745837871e+00	1.047809459e-01	6.663138654e-12
-1.040000000e-01	7.745879599e+00	1.040054743e-01	7.820241324e-12
-1.050000000e-01	7.745921404e+00	1.032300050e-01	4.626452396e-12
-1.060000000e-01	7.745963287e+00	1.024545379e-01	5.936295301e-12
-1.070000000e-01	7.746005247e+00	1.016790730e-01	7.123888222e-12
-1.080000000e-01	7.746047285e+00	1.009036105e-01	5.215133648e-12
-1.090000000e-01	7.746089399e+00	1.001281503e-01	6.240623318e-12
-1.100000000e-01	7.746131591e+00	9.935269239e-02	9.238648301e-12
-1.110000000e-01	7.746173861e+00	9.857723688e-02	9.324161540e-12
-1.120000000e-01	7.746216207e+00	9.780178376e-02	7.304132965e-12
-1.130000000e-01	7.746258631e+00	9.702633306e-02	7.543994520e-12
-1.140000000e-01	7.746301132e+00	9.625088479e-02	6.809738100e-12
-1.150000000e-01	7.746343710e+00	9.547543897e-02	7.086928895e-12
-1.160000000e-01	7.746386366e+00	9.469999564e-02	5.587216561e-12
-1.170000000e-01	7.746429099e+00	9.392455481e-02	1.137118104e-11
-1.180000000e-01	7.746471909e+00	9.314911651e-02	7.136541337e-12
-1.190000000e-01	7.746514796e+00	9.237368075e-02	9.738157585e-12
-1.200000000e-01	7.746557761e+00	9.159824758e-02	7.480992363e-12
-1.210000000e-01	7.746600803e+00	9.082281700e-02	7.697043224e-12
-1.220000000e-01	7.746643922e+00	9.004738903e-02	5.883928741e-12
-1.230000000e-01	7.746687118e+00	8.927196370e-02	1.005355892e-11
-1.240000000e-01	7.746730392e+00	8.849654105e-02	6.707767986e-12
-1.250000000e-01	7.746773743e+00	8.772112108e-02	9.303817569e-12
-1.260000000e-01	7.746817171e+00	8.694570383e-02	6.554965709e-12
-1.270000000e-01	7.746860677e+00	8.617028931e-02	4.020964292e-12
-1.280000000e-01	7.746904259e+00	8.539487754e-02	3.138247204e-12
-1.290000000e-01	7.746947919e+00	8.461946856e-02	5.785734148e-12
-1.300000000e-01	7.746991657e+00	8.384406238e-02	4.308670515e-12
-1.310000000e-01	7.747035471e+00	8.306865902e-02	7.333166395e-12
-1.320000000e-01	7.747079363e+00	8.229325852e-02	5.262533654e-12
-1.330000000e-01	7.747123332e+00	8.151786089e-02	4.107153708e-12
-1.340000000e-01	7.747167378e+00	8.074246615e-02	4.393962343e-12
-1.350000000e-01	7.747211501e+00	7.996707433e-02	3.924283303e-12
-1.360000000e-01	7.747255702e+00	7.919168545e-02	8.091984546e-12
-1.370000000e-01	7.747299980e+00	7.841629955e-02	1.035726101e-11
-1.380000000e-01	7.747344335e+00	7.764091662e-02	3.276515837e-12
-1.390000000e-01	7.747388768e+00	7.686553671e-02	6.943200376e-12
-1.400000000e-01	7.747433277e+00	7.609015983e-02	6.694542005e-12
-1.410000000e-01	7.747477864e+00	7.531478600e-02	6.152100641e-12
-1.420000000e-01	7.747522528e+00	7.453941526e-02	5.907744556e-12
-1.430000000e-01	7.747567270e+00	7.376404763e-02	4.925652765e-12
-1.440000000e-01	7.747612088e+00	7.298868311e-02	5.600606911e-12
-1.450000000e-01	7.747656984e+00	7.221332174e-02	1.065021527e-11
-1.460000000e-01	7.747701957e+00	7.143796355e-02	4.817762838e-12
-1.470000000e-01	7.747747008e+00	7.066260855e-02	6.634243279e-12
-1.480000000e-01	7.747792135e+00	6.988725677e-02	7.745269211e-12
-1.490000000e-01	7.747837340e+00	6.911190823e-02	6.035009547e-12
-1.500000000e-01	7.747882622e+00	6.833656295e-02	1.210322673e-11
-1.510000000e-01	7.747927981e+00	6.756122097e-02	5.305520091e-12
-1.520000000e-01	7.747973417e+00	6.678588229e-02	1.067008396e-11
-1.530000000e-01	7.748018931e+00	6.601054694e-02	5.280512582e-12
-1.540000000e-01	7.748064522e+00	6.523521494e-02	7.388531923e-12
-1.550000000e-01	7.748110190e+00	6.445988633e-02	7.357875761e-12
-1.560000000e-01	7.748155935e+00	6.368456113e-02	7.370160923e-12
-1.570000000e-01	7.748201758e+00	6.290923933e-02	8.252886213e-12
-1.580000000e-01	7.748247657e+00	6.213392100e-02	6.248906093e-12
-1.590000000e-01	7.748293634e+00	6.135860613e-02	5.163389222e-12
-1.600000000e-01	7.748339688e+00	6.058329475e-02	1.125289691e-11
-1.610000000e-01	7.748385820e+00	5.980798690e-02	7.282400420e-12
-1.620000000e-01	7.748432028e+00	5.903268259e-02	8.928401500e-12
-1.630000000e-01	7.748478314e+00	5.825738183e-02	3.033183720e-12
-1.640000000e-01	7.748524677e+00	5.748208466e-02	6.056603349e-12
-1.650000000e-01	7.748571117e+00	5.670679110e-02	5.361558013e-12
-1.660000000e-01	7.748617634e+00	5.593150118e-02	8.593178561e-12
-1.670000000e-01	7.748664228e+00	5.515621490e-02	6.577909502e-12
-1.680000000e-01	7.748710900e+00	5.438093231e-02	6.390777426e-12
-1.690000000e-01	7.748757649e+00	5.360565341e-02	6.894789162e-12
-1.700000000e-01	7.748804475e+00	5.283037824e-02	5.543578370e-12
-1.710000000e-01	7.748851378e+00	5.205510682e-02	7.534816225e-12
-1.720000000e-01	7.748898359e+00	5.127983916e-02	7.020653194e-12
-1.730000000e-01	7.748945416e+00	5.050457530e-02	2.943021215e-12
-1.740000000e-01	7.748992551e+00	4.972931526e-02	5.572460230e-12
-1.750000000e-01	7.749039763e+00	4.895405905e-02	9.428798217e-12
-1.760000000e-01	7.749087052e+00	4.817880670e-02	1.096645572e-11
-1.770000000e-01	7.749134418e+00	4.740355825e-02	8.126978519e-12
-1.780000000e-01	7.749181862e+00	4.662831369e-02	6.254430998e-12
-1.790000000e-01	7.749229383e+00	4.585307307e-02	4.351098429e-12
-1.800000000e-01	7.749276980e+00	4.507783640e-02	8.704502438e-12
-1.810000000e-01	7.749324655e+00	4.430260370e-02	7.597466029e-12
-1.820000000e-01	7.749372408e+00	4.352737501e-02	2.693093984e-12
-1.830000000e-01	7.749420237e+00	4.275215034e-02	8.640301040e-12
-1.840000000e-01	7.749468143e+00	4.197692971e-02	8.261232234e-12
-1.850000000e-01	7.749516127e+00	4.120171315e-02	6.848180498e-12
-1.860000000e-01	7.749564188e+00	4.042650069e-02	8.647366926e-12
-1.870000000e-01	7.749612326e+00	3.965129233e-02	3.745787974e-12
-1.880000000e-01	7.749660541e+00	3.887608812e-02	5.387928823e-12
-1.890000000e-01	7.749708833e+00	3.810088806e-02	5.501226976e-12
-1.900000000e-01	7.749757202e+00	3.732569219e-02	6.818549703e-12
-1.910000000e-01	7.749805649e+00	3.655050052e-02	6.695212556e-12
-1.920000000e-01	7.749854173e+00	3.577531309e-02	6.542340162e-12
-1.930000000e-01	7.749902774e+00	3.500012990e-02	7.622483951e-12
-1.940000000e-01	7.749951452e+00	3.422495099e-02	4.955056663e-12
-1.950000000e-01	7.750000207e+00	3.344977638e-02	7.290701518e-12
-1.960000000e-01	7.750049039e+00	3.267460609e-02	7.248870462e-12
-1.970000000e-01	7.750097948e+00	3.189944014e-02	6.712057335e-12
-1.980000000e-01	7.750146935e+00	3.112427855e-02	6.542385308e-12
-1.990000000e-01	7.750195998e+00	3.034912136e-02	5.802117985e-12
-2.000000000e-01	7.750245139e+00	2.957396859e-02	3.266662782e-12
-2.010000000e-01	7.750294357e+00	2.879882024e-02	5.081183735e-12
-2.020000000e-01	7.750343652e+00	2.802367636e-02	6.734225470e-12
-2.030000000e-01	7.750393024e+00	2.724853695e-02	5.343128083e-12
-2.040000000e-01	7.750442474e+00	2.647340206e-02	6.194307246e-12
-2.050000000e-01	7.750492000e+00	2.569827168e-02	1.017657486e-11
-2.060000000e-01	7.750541603e+00	2.492314586e-02	8.271025074e-12
-2.070000000e-01	7.750591284e+00	2.414802461e-02	6.792167728e-12
-2.080000000e-01	7.750641042e+00	2.337290796e-02	8.419177847e-12
-2.090000000e-01	7.750690877e+00	2.259779593e-02	5.394148662e-12
-2.100000000e-01	7.750740788e+00	2.182268854e-02	6.088842892e-12
-2.110000000e-01	7.750790777e+00	2.104758581e-02	5.081799654e-12
-2.120000000e-01	7.750840844e+00	2.027248777e-02	5.492205290e-12
-2.130000000e-01	7.750890987e+00	1.949739444e-02	1.966776538e-12
-2.140000000e-01	7.750941207e+00	1.872230584e-02	6.861885195e-12
-2.150000000e-01	7.750991505e+00	1.794722201e-02	4.287451796e-12
-2.160000000e-01	7.751041879e+00	1.717214295e-02	8.353593587e-12
-2.170000000e-01	7.751092331e+00	1.639706869e-02	9.041817090e-12
-2.180000000e-01	7.751142859e+00	1.562199926e-02	6.445117689e-12
-2.190000000e-01	7.751193465e+00	1.484693468e-02	5.268683588e-12
-2.200000000e-01	7.751244148e+00	1.407187496e-02	4.470207479e-12
-2.210000000e-01	7.751294908e+00	1.329682015e-02	6.214217843e-12
-2.220000000e-01	7.751345745e+00	1.252177025e-02	8.362542500e-12
-2.230000000e-01	7.751396659e+00	1.174672529e-02	6.240525503e-12
-2.240000000e-01	7.751447650e+00	1.097168529e-02	7.539089306e-12
-2.250000000e-01	7.751498718e+00	1.019665027e-02	2.927451823e-12
-2.260000000e-01	7.751549864e+00	9.421620272e-03	3.535805921e-12
-2.270000000e-01	7.751601086e+00	8.646595300e-03	7.487482420e-12
-2.280000000e-01	7.751652385e+00	7.871575379e-03	5.780408555e-12
-2.290000000e-01	7.751703762e+00	7.096560540e-03	6.187896846e-12
-2.300000000e-01	7.751755215e+00	6.321550795e-03	3.870252526e-12
-2.310000000e-01	7.751806746e+00	5.546546181e-03	6.968522202e-12
-2.320000000e-01	7.751858354e+00	4.771546705e-03	3.178641515e-12
-2.330000000e-01	7.751910038e+00	3.996552402e-03	5.317801578e-12
-2.340000000e-01	7.751961800e+00	3.221563292e-03	6.852785536e-12
-2.350000000e-01	7.752013639e+00	2.446579392e-03	3.612464691e-12
-2.360000000e-01	7.752065555e+00	1.671600735e-03	4.561390397e-12
-2.370000000e-01	7.752117548e+00	8.966273311e-04	6.546036350e-12
-2.380000000e-01	7.752169618e+00	1.216592187e-04	4.027079115e-12
-2.390000000e-01	7.752221764e+00	-6.533035904e-04	6.565725225e-12
-2.400000000e-01	7.752273988e+00	-1.428261073e-03	3.761871833e-12
-2.410000000e-01	7.752326289e+00	-2.203213204e-03	8.612681612e-12
-2.420000000e-01	7.752378667e+00	-2.978159960e-03	6.125845907e-12
-2.430000000e-01	7.752431122e+00	-3.753101318e-03	9.673432635e-12
-2.440000000e-01	7.752483655e+00	-4.528037254e-03	1.803950107e-12
-2.450000000e-01	7.752536264e+00	-5.302967748e-03	8.007182028e-12
-2.460000000e-01	7.752588950e+00	-6.077892772e-03	6.677949312e-12
-2.470000000e-01	7.752641713e+00	-6.852812311e-03	5.741331823e-12
-2.480000000e-01	7.752694553e+00	-7.627726341e-03	5.890543048e-12
-2.490000000e-01	7.752747470e+00	-8.402634831e-03	5.502734505e-12
-2.500000000e-01	7.752800464e+00	-9.177537765e-03	6.673120604e-12
-2.510000000e-01	7.752853535e+00	-9.952435120e-03	6.180781323e-12
-2.520000000e-01	7.752906684e+00	-1.072732686e-02	6.328931345e-12
-2.530000000e-01	7.752959909e+00	-1.150221300e-02	1.110288643e-11
-2.540000000e-01	7.753013211e+00	-1.227709347e-02	9.570680455e-12
-2.550000000e-01	7.753066590e+00	-1.305196826e-02	1.118879683e-11
-2.560000000e-01	7.753120046e+00	-1.382683737e-02	8.949700759e-12
-2.570000000e-01	7.753173579e+00	-1.460170077e-02	5.963036313e-12
-2.580000000e-01	7.753227189e+00	-1.537655842e-02	7.384904630e-12
-2.590000000e-01	7.753280876e+00	-1.615141030e-02	7.762322369e-12
-2.600000000e-01	7.753334640e+00	-1.692625641e-02	5.912723511e-12
-2.610000000e-01	7.753388481e+00	-1.770109670e-02	7.234423535e-12
-2.620000000e-01	7.753442399e+00	-1.847593116e-02	8.882733065e-12
-2.630000000e-01	7.753496394e+00	-1.925075976e-02	8.763187297e-12
-2.640000000e-01	7.753550466e+00	-2.002558249e-02	1.100583830e-11
-2.650000000e-01	7.753604615e+00	-2.080039932e-02	8.352549215e-12
-2.660000000e-01	7.753658841e+00	-2.157521023e-02	7.434774096e-12
-2.670000000e-01	7.753713144e+00	-2.235001518e-02	5.551160292e-12
-2.680000000e-01	7.753767523e+00	-2.312481418e-02	7.461197530e-12
-2.690000000e-01	7.753821980e+00	-2.389960717e-02	7.816810923e-12
-2.700000000e-01	7.753876514e+00	-2.467439416e-02	3.083064369e-12
-2.710000000e-01	7.753931124e+00	-2.544917510e-02	1.082650150e-11
-2.720000000e-01	7.753985812e+00	-2.622394999e-02	6.884112510e-12
-2.730000000e-01	7.754040576e+00	-2.699871880e-02	8.291814334e-12
-2.740000000e-01	7.754095418e+00	-2.777348149e-02	6.931857033e-12
-2.750000000e-01	7.754150336e+00	-2.854823806e-02	8.531846878e-12
-2.760000000e-01	7.754205331e+00	-2.932298848e-02	8.201349394e-12
-2.770000000e-01	7.754260404e+00	-3.009773273e-02	6.695561076e-12
-2.780000000e-01	7.754315553e+00	-3.087247078e-02	7.136251084e-12
-2.790000000e-01	7.754370779e+00	-3.164720260e-02	8.175337687e-12
-2.800000000e-01	7.754426082e+00	-3.242192819e-02	6.254625687e-12
-2.810000000e-01	7.754481462e+00	-3.319664751e-02	6.661381596e-12
-2.820000000e-01	7.754536918e+00	-3.397136055e-02	9.784858529e-12
-2.830000000e-01	7.754592452e+00	-3.474606726e-02	4.903349112e-12
-2.840000000e-01	7.754648063e+00	-3.552076766e-02	9.402890867e-12
-2.850000000e-01	7.754703750e+00	-3.629546168e-02	5.348354333e-12
-2.860000000e-01	7.754759515e+00	-3.707014934e-02	9.910897032e-12
-2.870000000e-01	7.754815356e+00	-3.784483058e-02	6.965790318e-12
-2.880000000e-01	7.754871274e+00	-3.861950541e-02	7.975073721e-12
-2.890000000e-01	7.754927269e+00	-3.939417379e-02	8.221036446e-12
-2.900000000e-01	7.754983341e+00	-4.016883570e-02	1.106964709e-11
-2.910000000e-01	7.755039490e+00	-4.094349111e-02	5.955649581e-12
-2.920000000e-01	7.755095716e+00	-4.171814001e-02	7.265139049e-12
-2.930000000e-01	7.755152018e+00	-4.249278237e-02	3.513127203e-12
-2.940000000e-01	7.755208398e+00	-4.326741816e-02	7.434953195e-12
-2.950000000e-01	7.755264854e+00	-4.404204738e-02	7.949002559e-12
-2.960000000e-01	7.755321387e+00	-4.481666999e-02	9.197397927e-12
-2.970000000e-01	7.755377997e+00	-4.559128597e-02	7.503368461e-12
-2.980000000e-01	7.755434684e+00	-4.636589529e-02	5.105265744e-12
-2.990000000e-01	7.755491448e+00	-4.714049795e-02	7.374065482e-12
-3.000000000e-01	7.755548289e+00	-4.791509390e-02	4.271789908e-12
