# epsi_ci     Re(Lambda)      Im(Lambda)      Eq(det), R = 0.10 $\mu$m, $E_p$ = 0.300 eV, modo = 2, $\epsilon_\infty$ = 3.9, $\gamma_{DL}$ = 0.01 eV, solve_det_sinkz_vs_mu.py
0.000000000e+00	6.739640734e+00	1.038166180e-01	1.103177287e-11
-1.000000000e-03	6.739660746e+00	1.031349142e-01	1.503473424e-11
-2.000000000e-03	6.739680828e+00	1.024532104e-01	1.114961145e-11
-3.000000000e-03	6.739700977e+00	1.017715065e-01	1.414852290e-11
-4.000000000e-03	6.739721196e+00	1.010898028e-01	1.875071562e-11
-5.000000000e-03	6.739741483e+00	1.004080990e-01	1.395197460e-11
-6.000000000e-03	6.739761839e+00	9.972639535e-02	1.025611785e-11
-7.000000000e-03	6.739782263e+00	9.904469178e-02	1.769025938e-11
-8.000000000e-03	6.739802756e+00	9.836298833e-02	8.262615257e-12
-9.000000000e-03	6.739823318e+00	9.768128501e-02	1.057511620e-11
-1.000000000e-02	6.739843948e+00	9.699958185e-02	2.988735523e-11
-1.100000000e-02	6.739864647e+00	9.631787887e-02	8.128604567e-12
-1.200000000e-02	6.739885414e+00	9.563617608e-02	8.402003853e-12
-1.300000000e-02	6.739906251e+00	9.495447352e-02	1.218056628e-11
-1.400000000e-02	6.739927155e+00	9.427277119e-02	8.462284064e-12
-1.500000000e-02	6.739948129e+00	9.359106913e-02	9.821135760e-12
-1.600000000e-02	6.739969171e+00	9.290936734e-02	7.074930935e-12
-1.700000000e-02	6.739990281e+00	9.222766586e-02	2.337101904e-11
-1.800000000e-02	6.740011461e+00	9.154596470e-02	1.635388221e-11
-1.900000000e-02	6.740032709e+00	9.086426389e-02	8.659059238e-12
-2.000000000e-02	6.740054025e+00	9.018256344e-02	2.339569897e-11
-2.100000000e-02	6.740075410e+00	8.950086337e-02	1.477584105e-11
-2.200000000e-02	6.740096864e+00	8.881916371e-02	1.629435656e-11
-2.300000000e-02	6.740118387e+00	8.813746447e-02	1.701755142e-11
-2.400000000e-02	6.740139978e+00	8.745576569e-02	8.108042057e-12
-2.500000000e-02	6.740161637e+00	8.677406737e-02	2.012801904e-11
-2.600000000e-02	6.740183366e+00	8.609236953e-02	1.305512054e-11
-2.700000000e-02	6.740205163e+00	8.541067221e-02	1.349445309e-11
-2.800000000e-02	6.740227028e+00	8.472897542e-02	1.400890220e-11
-2.900000000e-02	6.740248962e+00	8.404727918e-02	1.045546596e-11
-3.000000000e-02	6.740270965e+00	8.336558351e-02	1.256224531e-11
-3.100000000e-02	6.740293037e+00	8.268388843e-02	1.499068839e-11
-3.200000000e-02	6.740315177e+00	8.200219396e-02	1.045138797e-11
-3.300000000e-02	6.740337385e+00	8.132050012e-02	7.672646077e-12
-3.400000000e-02	6.740359663e+00	8.063880695e-02	1.751152326e-11
-3.500000000e-02	6.740382009e+00	7.995711444e-02	6.983053735e-12
-3.600000000e-02	6.740404423e+00	7.927542263e-02	7.635795573e-12
-3.700000000e-02	6.740426906e+00	7.859373154e-02	8.717949565e-12
-3.800000000e-02	6.740449458e+00	7.791204118e-02	1.194861223e-11
-3.900000000e-02	6.740472079e+00	7.723035159e-02	1.549878239e-11
-4.000000000e-02	6.740494768e+00	7.654866276e-02	2.390231751e-11
-4.100000000e-02	6.740517525e+00	7.586697474e-02	1.114695998e-11
-4.200000000e-02	6.740540352e+00	7.518528754e-02	1.715192592e-11
-4.300000000e-02	6.740563246e+00	7.450360118e-02	8.976776195e-12
-4.400000000e-02	6.740586210e+00	7.382191568e-02	1.441267100e-11
-4.500000000e-02	6.740609242e+00	7.314023107e-02	2.375346372e-11
-4.600000000e-02	6.740632343e+00	7.245854735e-02	1.134743486e-11
-4.700000000e-02	6.740655512e+00	7.177686456e-02	1.073944674e-11
-4.800000000e-02	6.740678750e+00	7.109518271e-02	8.212747987e-12
-4.900000000e-02	6.740702057e+00	7.041350183e-02	9.519976966e-12
-5.000000000e-02	6.740725432e+00	6.973182193e-02	1.641879276e-11
-5.100000000e-02	6.740748876e+00	6.905014304e-02	2.916169127e-11
-5.200000000e-02	6.740772388e+00	6.836846517e-02	9.162386598e-12
-5.300000000e-02	6.740795970e+00	6.768678835e-02	9.486896623e-12
-5.400000000e-02	6.740819619e+00	6.700511260e-02	2.349100647e-11
-5.500000000e-02	6.740843338e+00	6.632343794e-02	1.826932396e-11
-5.600000000e-02	6.740867124e+00	6.564176439e-02	8.867904669e-12
-5.700000000e-02	6.740890980e+00	6.496009197e-02	9.756524321e-12
-5.800000000e-02	6.740914904e+00	6.427842070e-02	2.262430313e-11
-5.900000000e-02	6.740938897e+00	6.359675060e-02	1.329753772e-11
-6.000000000e-02	6.740962958e+00	6.291508169e-02	7.980204081e-12
-6.100000000e-02	6.740987088e+00	6.223341400e-02	5.859519519e-12
-6.200000000e-02	6.741011287e+00	6.155174754e-02	1.588394555e-11
-6.300000000e-02	6.741035554e+00	6.087008234e-02	9.160664882e-12
-6.400000000e-02	6.741059890e+00	6.018841841e-02	2.424275010e-11
-6.500000000e-02	6.741084294e+00	5.950675577e-02	1.084248574e-11
-6.600000000e-02	6.741108767e+00	5.882509446e-02	1.013934322e-11
-6.700000000e-02	6.741133309e+00	5.814343448e-02	1.330911996e-11
-6.800000000e-02	6.741157919e+00	5.746177585e-02	2.533709400e-11
-6.900000000e-02	6.741182598e+00	5.678011862e-02	1.103269455e-11
-7.000000000e-02	6.741207346e+00	5.609846277e-02	1.437104457e-11
-7.100000000e-02	6.741232162e+00	5.541680835e-02	1.889958530e-11
-7.200000000e-02	6.741257046e+00	5.473515536e-02	8.102349552e-12
-7.300000000e-02	6.741282000e+00	5.405350384e-02	3.218398524e-11
-7.400000000e-02	6.741307022e+00	5.337185381e-02	1.829945535e-11
-7.500000000e-02	6.741332112e+00	5.269020527e-02	6.520062826e-12
-7.600000000e-02	6.741357271e+00	5.200855825e-02	6.577588785e-12
-7.700000000e-02	6.741382499e+00	5.132691279e-02	8.712973050e-12
-7.800000000e-02	6.741407795e+00	5.064526888e-02	1.489144320e-11
-7.900000000e-02	6.741433160e+00	4.996362656e-02	9.652827371e-12
-8.000000000e-02	6.741458594e+00	4.928198585e-02	1.429889232e-11
-8.100000000e-02	6.741484096e+00	4.860034677e-02	7.568454371e-12
-8.200000000e-02	6.741509666e+00	4.791870933e-02	1.708891952e-11
-8.300000000e-02	6.741535306e+00	4.723707356e-02	2.026780496e-11
-8.400000000e-02	6.741561013e+00	4.655543948e-02	9.588310190e-12
-8.500000000e-02	6.741586790e+00	4.587380711e-02	1.611240215e-11
-8.600000000e-02	6.741612635e+00	4.519217647e-02	9.789043847e-12
-8.700000000e-02	6.741638549e+00	4.451054758e-02	8.990498222e-12
-8.800000000e-02	6.741664531e+00	4.382892047e-02	8.149049419e-12
-8.900000000e-02	6.741690582e+00	4.314729514e-02	1.789509159e-11
-9.000000000e-02	6.741716701e+00	4.246567163e-02	1.652703059e-11
-9.100000000e-02	6.741742889e+00	4.178404995e-02	2.062812782e-11
-9.200000000e-02	6.741769146e+00	4.110243013e-02	1.205867347e-11
-9.300000000e-02	6.741795471e+00	4.042081219e-02	7.985938115e-12
-9.400000000e-02	6.741821865e+00	3.973919614e-02	2.940158082e-11
-9.500000000e-02	6.741848327e+00	3.905758200e-02	2.205107211e-11
-9.600000000e-02	6.741874858e+00	3.837596980e-02	5.737724726e-12
-9.700000000e-02	6.741901457e+00	3.769435956e-02	2.066584452e-11
-9.800000000e-02	6.741928126e+00	3.701275131e-02	3.351024940e-11
-9.900000000e-02	6.741954862e+00	3.633114504e-02	2.303882553e-11
-1.000000000e-01	6.741981667e+00	3.564954080e-02	1.343535458e-11
-1.010000000e-01	6.742008541e+00	3.496793860e-02	6.876128597e-12
-1.020000000e-01	6.742035484e+00	3.428633846e-02	2.013380086e-11
-1.030000000e-01	6.742062495e+00	3.360474040e-02	1.011455711e-11
-1.040000000e-01	6.742089574e+00	3.292314445e-02	1.846813728e-11
-1.050000000e-01	6.742116722e+00	3.224155062e-02	1.437814497e-11
-1.060000000e-01	6.742143939e+00	3.155995893e-02	1.774409889e-11
-1.070000000e-01	6.742171224e+00	3.087836941e-02	2.039764439e-11
-1.080000000e-01	6.742198578e+00	3.019678207e-02	1.886697422e-11
-1.090000000e-01	6.742226001e+00	2.951519694e-02	9.843026994e-12
-1.100000000e-01	6.742253492e+00	2.883361404e-02	8.492426003e-12
-1.110000000e-01	6.742281051e+00	2.815203337e-02	2.325167950e-11
-1.120000000e-01	6.742308679e+00	2.747045499e-02	1.247731348e-11
-1.130000000e-01	6.742336376e+00	2.678887889e-02	7.967336191e-12
-1.140000000e-01	6.742364141e+00	2.610730510e-02	9.839240915e-12
-1.150000000e-01	6.742391975e+00	2.542573364e-02	1.299737386e-11
-1.160000000e-01	6.742419878e+00	2.474416453e-02	8.835657757e-12
-1.170000000e-01	6.742447849e+00	2.406259779e-02	1.087378001e-11
-1.180000000e-01	6.742475888e+00	2.338103344e-02	1.641575707e-11
-1.190000000e-01	6.742503996e+00	2.269947151e-02	2.471632053e-11
-1.200000000e-01	6.742532173e+00	2.201791201e-02	9.324874688e-12
-1.210000000e-01	6.742560418e+00	2.133635496e-02	1.185931968e-11
-1.220000000e-01	6.742588732e+00	2.065480040e-02	1.230806466e-11
-1.230000000e-01	6.742617114e+00	1.997324832e-02	1.097840541e-11
-1.240000000e-01	6.742645565e+00	1.929169876e-02	1.201031784e-11
-1.250000000e-01	6.742674084e+00	1.861015174e-02	1.944932015e-11
-1.260000000e-01	6.742702672e+00	1.792860727e-02	1.612955033e-11
-1.270000000e-01	6.742731329e+00	1.724706538e-02	7.868890098e-12
-1.280000000e-01	6.742760054e+00	1.656552609e-02	1.574630045e-11
-1.290000000e-01	6.742788847e+00	1.588398942e-02	1.349882813e-11
-1.300000000e-01	6.742817710e+00	1.520245539e-02	8.202732622e-12
-1.310000000e-01	6.742846640e+00	1.452092403e-02	9.442593700e-12
-1.320000000e-01	6.742875639e+00	1.383939534e-02	7.217973564e-12
-1.330000000e-01	6.742904707e+00	1.315786935e-02	9.507036340e-12
-1.340000000e-01	6.742933843e+00	1.247634609e-02	8.546154942e-12
-1.350000000e-01	6.742963048e+00	1.179482557e-02	1.141205390e-11
-1.360000000e-01	6.742992322e+00	1.111330781e-02	6.354510693e-12
-1.370000000e-01	6.743021664e+00	1.043179284e-02	2.484058927e-11
-1.380000000e-01	6.743051074e+00	9.750280672e-03	1.761983381e-11
-1.390000000e-01	6.743080553e+00	9.068771337e-03	1.710277564e-11
-1.400000000e-01	6.743110101e+00	8.387264838e-03	1.371925482e-11
-1.410000000e-01	6.743139717e+00	7.705761213e-03	2.166094225e-11
-1.420000000e-01	6.743169401e+00	7.024260473e-03	1.136732845e-11
-1.430000000e-01	6.743199154e+00	6.342762644e-03	7.263154703e-12
-1.440000000e-01	6.743228976e+00	5.661267742e-03	1.346670295e-11
-1.450000000e-01	6.743258866e+00	4.979775792e-03	1.015633377e-11
-1.460000000e-01	6.743288825e+00	4.298286807e-03	2.044438542e-11
-1.470000000e-01	6.743318852e+00	3.616800820e-03	8.423427496e-12
-1.480000000e-01	6.743348948e+00	2.935317836e-03	2.887040414e-11
-1.490000000e-01	6.743379112e+00	2.253837894e-03	2.616686632e-11
-1.500000000e-01	6.743409345e+00	1.572360998e-03	9.993132030e-12
-1.510000000e-01	6.743439646e+00	8.908871794e-04	2.408690599e-11
-1.520000000e-01	6.743470016e+00	2.094164539e-04	1.208244741e-11
-1.530000000e-01	6.743500454e+00	-4.720511583e-04	2.081907176e-11
-1.540000000e-01	6.743530961e+00	-1.153515632e-03	2.051263299e-11
-1.550000000e-01	6.743561536e+00	-1.834976952e-03	1.907769079e-11
-1.560000000e-01	6.743592180e+00	-2.516435093e-03	2.144495367e-11
-1.570000000e-01	6.743622892e+00	-3.197890042e-03	8.351226339e-12
-1.580000000e-01	6.743653673e+00	-3.879341769e-03	1.213954596e-11
-1.590000000e-01	6.743684522e+00	-4.560790261e-03	2.033690156e-11
-1.600000000e-01	6.743715440e+00	-5.242235491e-03	4.840261313e-12
-1.610000000e-01	6.743746426e+00	-5.923677443e-03	1.113170557e-11
-1.620000000e-01	6.743777481e+00	-6.605116091e-03	1.299630561e-11
-1.630000000e-01	6.743808605e+00	-7.286551420e-03	2.013005649e-11
-1.640000000e-01	6.743839796e+00	-7.967983406e-03	1.315389772e-11
-1.650000000e-01	6.743871057e+00	-8.649412030e-03	1.879959525e-11
-1.660000000e-01	6.743902385e+00	-9.330837273e-03	1.414693908e-11
-1.670000000e-01	6.743933783e+00	-1.001225911e-02	2.127562164e-11
-1.680000000e-01	6.743965249e+00	-1.069367753e-02	5.874604749e-12
-1.690000000e-01	6.743996783e+00	-1.137509250e-02	1.553176228e-11
-1.700000000e-01	6.744028385e+00	-1.205650400e-02	1.673639095e-11
-1.710000000e-01	6.744060057e+00	-1.273791202e-02	2.139348422e-11
-1.720000000e-01	6.744091796e+00	-1.341931653e-02	8.575825879e-12
-1.730000000e-01	6.744123605e+00	-1.410071752e-02	2.031144355e-11
-1.740000000e-01	6.744155481e+00	-1.478211496e-02	2.488761080e-11
-1.750000000e-01	6.744187426e+00	-1.546350883e-02	1.798134408e-11
-1.760000000e-01	6.744219440e+00	-1.614489910e-02	5.001243121e-12
-1.770000000e-01	6.744251522e+00	-1.682628578e-02	7.592248868e-12
-1.780000000e-01	6.744283673e+00	-1.750766882e-02	1.177461609e-11
-1.790000000e-01	6.744315892e+00	-1.818904820e-02	8.559891473e-12
-1.800000000e-01	6.744348179e+00	-1.887042392e-02	5.366184913e-12
-1.810000000e-01	6.744380535e+00	-1.955179595e-02	1.502617196e-11
-1.820000000e-01	6.744412959e+00	-2.023316426e-02	3.299055855e-11
-1.830000000e-01	6.744445452e+00	-2.091452884e-02	7.969282192e-12
-1.840000000e-01	6.744478014e+00	-2.159588967e-02	2.346077508e-11
-1.850000000e-01	6.744510643e+00	-2.227724672e-02	1.609557558e-11
-1.860000000e-01	6.744543342e+00	-2.295859998e-02	1.957289345e-11
-1.870000000e-01	6.744576108e+00	-2.363994942e-02	1.362970256e-11
-1.880000000e-01	6.744608943e+00	-2.432129502e-02	8.573584011e-12
-1.890000000e-01	6.744641847e+00	-2.500263677e-02	1.628370721e-11
-1.900000000e-01	6.744674819e+00	-2.568397464e-02	1.159371323e-11
-1.910000000e-01	6.744707860e+00	-2.636530861e-02	2.652280985e-11
-1.920000000e-01	6.744740968e+00	-2.704663867e-02	7.004938274e-12
-1.930000000e-01	6.744774146e+00	-2.772796479e-02	9.062105964e-12
-1.940000000e-01	6.744807392e+00	-2.840928694e-02	5.339002870e-12
-1.950000000e-01	6.744840706e+00	-2.909060512e-02	1.150743150e-11
-1.960000000e-01	6.744874089e+00	-2.977191930e-02	7.271886150e-12
-1.970000000e-01	6.744907540e+00	-3.045322945e-02	1.449986061e-11
-1.980000000e-01	6.744941059e+00	-3.113453556e-02	1.299551136e-11
-1.990000000e-01	6.744974647e+00	-3.181583761e-02	7.417870039e-12
-2.000000000e-01	6.745008304e+00	-3.249713558e-02	2.161419291e-11
-2.010000000e-01	6.745042028e+00	-3.317842944e-02	1.294250815e-11
-2.020000000e-01	6.745075822e+00	-3.385971917e-02	1.544735892e-11
-2.030000000e-01	6.745109683e+00	-3.454100477e-02	1.102467553e-11
-2.040000000e-01	6.745143613e+00	-3.522228620e-02	4.234751166e-11
-2.050000000e-01	6.745177612e+00	-3.590356344e-02	2.603562337e-11
-2.060000000e-01	6.745211679e+00	-3.658483648e-02	1.456804302e-11
-2.070000000e-01	6.745245814e+00	-3.726610528e-02	7.479327873e-12
-2.080000000e-01	6.745280018e+00	-3.794736985e-02	1.494955780e-11
-2.090000000e-01	6.745314290e+00	-3.862863014e-02	7.174283713e-12
-2.100000000e-01	6.745348631e+00	-3.930988614e-02	1.941874731e-11
-2.110000000e-01	6.745383040e+00	-3.999113784e-02	1.567424119e-11
-2.120000000e-01	6.745417517e+00	-4.067238520e-02	4.344087603e-12
-2.130000000e-01	6.745452063e+00	-4.135362822e-02	2.638210838e-11
-2.140000000e-01	6.745486677e+00	-4.203486686e-02	2.011960855e-11
-2.150000000e-01	6.745521359e+00	-4.271610111e-02	6.280299299e-12
-2.160000000e-01	6.745556110e+00	-4.339733096e-02	2.254945001e-11
-2.170000000e-01	6.745590930e+00	-4.407855636e-02	1.429514847e-11
-2.180000000e-01	6.745625817e+00	-4.475977731e-02	1.349130460e-11
-2.190000000e-01	6.745660774e+00	-4.544099380e-02	1.606739931e-11
-2.200000000e-01	6.745695798e+00	-4.612220578e-02	3.369897894e-11
-2.210000000e-01	6.745730891e+00	-4.680341325e-02	9.057083094e-12
-2.220000000e-01	6.745766052e+00	-4.748461619e-02	1.601017203e-11
-2.230000000e-01	6.745801282e+00	-4.816581457e-02	8.039212622e-12
-2.240000000e-01	6.745836580e+00	-4.884700837e-02	8.011297145e-12
-2.250000000e-01	6.745871946e+00	-4.952819758e-02	1.342514652e-11
-2.260000000e-01	6.745907381e+00	-5.020938217e-02	1.456874973e-11
-2.270000000e-01	6.745942884e+00	-5.089056212e-02	8.801259287e-12
-2.280000000e-01	6.745978456e+00	-5.157173742e-02	5.229762141e-12
-2.290000000e-01	6.746014095e+00	-5.225290803e-02	7.300461113e-12
-2.300000000e-01	6.746049804e+00	-5.293407395e-02	1.078753940e-11
-2.310000000e-01	6.746085580e+00	-5.361523514e-02	1.630806057e-11
-2.320000000e-01	6.746121425e+00	-5.429639159e-02	8.805984121e-12
-2.330000000e-01	6.746157338e+00	-5.497754329e-02	1.831239685e-11
-2.340000000e-01	6.746193320e+00	-5.565869020e-02	1.232452429e-11
-2.350000000e-01	6.746229370e+00	-5.633983230e-02	1.869640987e-11
-2.360000000e-01	6.746265488e+00	-5.702096959e-02	9.163681159e-12
-2.370000000e-01	6.746301675e+00	-5.770210204e-02	1.062663868e-11
-2.380000000e-01	6.746337930e+00	-5.838322962e-02	4.183409706e-11
-2.390000000e-01	6.746374253e+00	-5.906435231e-02	9.957244446e-12
-2.400000000e-01	6.746410645e+00	-5.974547010e-02	2.209392005e-11
-2.410000000e-01	6.746447105e+00	-6.042658297e-02	6.741241440e-12
-2.420000000e-01	6.746483634e+00	-6.110769089e-02	1.264214696e-11
-2.430000000e-01	6.746520230e+00	-6.178879384e-02	1.731179348e-11
-2.440000000e-01	6.746556895e+00	-6.246989180e-02	6.356717153e-12
-2.450000000e-01	6.746593629e+00	-6.315098476e-02	8.689318143e-12
-2.460000000e-01	6.746630430e+00	-6.383207269e-02	8.093753173e-12
-2.470000000e-01	6.746667300e+00	-6.451315558e-02	1.159643301e-11
-2.480000000e-01	6.746704239e+00	-6.519423339e-02	6.678514159e-12
-2.490000000e-01	6.746741245e+00	-6.587530612e-02	1.012059113e-11
-2.500000000e-01	6.746778320e+00	-6.655637373e-02	1.358703644e-11
-2.510000000e-01	6.746815463e+00	-6.723743621e-02	1.332991761e-11
-2.520000000e-01	6.746852675e+00	-6.791849355e-02	1.454968116e-11
-2.530000000e-01	6.746889955e+00	-6.859954571e-02	1.149619791e-11
-2.540000000e-01	6.746927303e+00	-6.928059269e-02	1.407759355e-11
-2.550000000e-01	6.746964719e+00	-6.996163444e-02	9.564852037e-12
-2.560000000e-01	6.747002204e+00	-7.064267097e-02	1.213695054e-11
-2.570000000e-01	6.747039757e+00	-7.132370224e-02	9.810476394e-12
-2.580000000e-01	6.747077379e+00	-7.200472824e-02	7.222550752e-12
-2.590000000e-01	6.747115068e+00	-7.268574895e-02	1.020635792e-11
-2.600000000e-01	6.747152826e+00	-7.336676434e-02	6.600176661e-12
-2.610000000e-01	6.747190652e+00	-7.404777439e-02	1.352403478e-11
-2.620000000e-01	6.747228547e+00	-7.472877909e-02	2.687688972e-11
-2.630000000e-01	6.747266510e+00	-7.540977842e-02	1.015658281e-11
-2.640000000e-01	6.747304541e+00	-7.609077235e-02	8.459514701e-12
-2.650000000e-01	6.747342640e+00	-7.677176086e-02	9.489313216e-12
-2.660000000e-01	6.747380807e+00	-7.745274393e-02	1.805722237e-11
-2.670000000e-01	6.747419043e+00	-7.813372154e-02	1.199593397e-11
-2.680000000e-01	6.747457347e+00	-7.881469368e-02	7.319105312e-12
-2.690000000e-01	6.747495720e+00	-7.949566032e-02	9.425020923e-12
-2.700000000e-01	6.747534160e+00	-8.017662144e-02	3.283580408e-11
-2.710000000e-01	6.747572669e+00	-8.085757702e-02	2.076839974e-11
-2.720000000e-01	6.747611246e+00	-8.153852704e-02	2.245368451e-11
-2.730000000e-01	6.747649892e+00	-8.221947148e-02	1.227130209e-11
-2.740000000e-01	6.747688605e+00	-8.290041032e-02	2.266908954e-11
-2.750000000e-01	6.747727387e+00	-8.358134353e-02	8.557432511e-12
-2.760000000e-01	6.747766238e+00	-8.426227111e-02	1.053387983e-11
-2.770000000e-01	6.747805156e+00	-8.494319302e-02	5.252423766e-12
-2.780000000e-01	6.747844142e+00	-8.562410925e-02	9.681154553e-12
-2.790000000e-01	6.747883197e+00	-8.630501978e-02	9.035972601e-12
-2.800000000e-01	6.747922320e+00	-8.698592458e-02	1.494697947e-11
-2.810000000e-01	6.747961512e+00	-8.766682364e-02	1.658553364e-11
-2.820000000e-01	6.748000771e+00	-8.834771693e-02	9.984063828e-12
-2.830000000e-01	6.748040099e+00	-8.902860444e-02	7.694477606e-12
-2.840000000e-01	6.748079495e+00	-8.970948614e-02	1.220572836e-11
-2.850000000e-01	6.748118959e+00	-9.039036202e-02	1.472731900e-11
-2.860000000e-01	6.748158491e+00	-9.107123205e-02	6.641889752e-12
-2.870000000e-01	6.748198092e+00	-9.175209622e-02	1.310705175e-11
-2.880000000e-01	6.748237761e+00	-9.243295449e-02	1.004114938e-11
-2.890000000e-01	6.748277498e+00	-9.311380686e-02	8.942183332e-12
-2.900000000e-01	6.748317303e+00	-9.379465331e-02	1.071517448e-11
-2.910000000e-01	6.748357177e+00	-9.447549380e-02	3.620613389e-12
-2.920000000e-01	6.748397118e+00	-9.515632833e-02	5.176259329e-12
-2.930000000e-01	6.748437128e+00	-9.583715686e-02	3.323607308e-11
-2.940000000e-01	6.748477206e+00	-9.651797939e-02	1.872708008e-11
-2.950000000e-01	6.748517352e+00	-9.719879589e-02	1.483214998e-11
-2.960000000e-01	6.748557567e+00	-9.787960633e-02	2.350634121e-11
-2.970000000e-01	6.748597849e+00	-9.856041071e-02	1.230128394e-11
-2.980000000e-01	6.748638200e+00	-9.924120899e-02	8.851697021e-12
-2.990000000e-01	6.748678619e+00	-9.992200116e-02	8.061193368e-12
-3.000000000e-01	6.748719106e+00	-1.006027872e-01	1.258901016e-11
