# Im(epsi1)     Re(Lambda)      Im(Lambda)      Eq(det).Opt det SIN kz, R=0.5 \mum, Re(epsi1)=4.90solve_det_sinkz_vs_mu.py
0.000000000e+00	2.262490241e+01	3.629176970e-02	4.172581643e-16
-1.000000000e-04	2.262490292e+01	3.600344527e-02	3.464812866e-16
-2.000000000e-04	2.262490344e+01	3.571512083e-02	6.761511875e-16
-3.000000000e-04	2.262490396e+01	3.542679639e-02	5.402147630e-16
-4.000000000e-04	2.262490449e+01	3.513847196e-02	7.389724733e-16
-5.000000000e-04	2.262490502e+01	3.485014753e-02	5.994413790e-16
-6.000000000e-04	2.262490555e+01	3.456182309e-02	4.687129262e-16
-7.000000000e-04	2.262490608e+01	3.427349866e-02	6.826175518e-16
-8.000000000e-04	2.262490662e+01	3.398517423e-02	4.866826129e-16
-9.000000000e-04	2.262490717e+01	3.369684980e-02	4.101222912e-16
-1.000000000e-03	2.262490772e+01	3.340852536e-02	4.285194969e-16
-1.100000000e-03	2.262490827e+01	3.312020093e-02	3.589756030e-16
-1.200000000e-03	2.262490882e+01	3.283187651e-02	3.970038693e-16
-1.300000000e-03	2.262490938e+01	3.254355208e-02	5.120291297e-16
-1.400000000e-03	2.262490994e+01	3.225522765e-02	4.746470126e-16
-1.500000000e-03	2.262491051e+01	3.196690323e-02	3.707822625e-16
-1.600000000e-03	2.262491108e+01	3.167857880e-02	5.164712844e-16
-1.700000000e-03	2.262491165e+01	3.139025438e-02	6.213616701e-16
-1.800000000e-03	2.262491223e+01	3.110192996e-02	4.858940316e-16
-1.900000000e-03	2.262491281e+01	3.081360555e-02	1.477952986e-16
-2.000000000e-03	2.262491339e+01	3.052528113e-02	4.128470869e-16
-2.100000000e-03	2.262491398e+01	3.023695673e-02	2.834293677e-16
-2.200000000e-03	2.262491457e+01	2.994863232e-02	4.784868397e-16
-2.300000000e-03	2.262491516e+01	2.966030791e-02	6.759890488e-16
-2.400000000e-03	2.262491576e+01	2.937198350e-02	6.238951088e-16
-2.500000000e-03	2.262491637e+01	2.908365910e-02	3.131971667e-16
-2.600000000e-03	2.262491697e+01	2.879533471e-02	5.741123423e-16
-2.700000000e-03	2.262491758e+01	2.850701031e-02	6.520367319e-16
-2.800000000e-03	2.262491820e+01	2.821868592e-02	4.910438471e-16
-2.900000000e-03	2.262491881e+01	2.793036153e-02	4.976282043e-16
-3.000000000e-03	2.262491943e+01	2.764203714e-02	3.808545739e-16
-3.100000000e-03	2.262492006e+01	2.735371276e-02	6.757279490e-16
-3.200000000e-03	2.262492069e+01	2.706538839e-02	4.889274751e-16
-3.300000000e-03	2.262492132e+01	2.677706402e-02	6.711681998e-16
-3.400000000e-03	2.262492195e+01	2.648873965e-02	4.408989194e-16
-3.500000000e-03	2.262492259e+01	2.620041529e-02	5.711352093e-16
-3.600000000e-03	2.262492324e+01	2.591209093e-02	3.211081620e-16
-3.700000000e-03	2.262492388e+01	2.562376657e-02	3.410007567e-16
-3.800000000e-03	2.262492453e+01	2.533544222e-02	7.296744074e-16
-3.900000000e-03	2.262492519e+01	2.504711788e-02	1.117728844e-16
-4.000000000e-03	2.262492584e+01	2.475879354e-02	4.246358786e-16
-4.100000000e-03	2.262492650e+01	2.447046921e-02	5.235771017e-16
-4.200000000e-03	2.262492717e+01	2.418214488e-02	1.358392367e-16
-4.300000000e-03	2.262492784e+01	2.389382055e-02	6.830635363e-16
-4.400000000e-03	2.262492851e+01	2.360549623e-02	7.170870398e-16
-4.500000000e-03	2.262492919e+01	2.331717192e-02	5.777983360e-16
-4.600000000e-03	2.262492987e+01	2.302884762e-02	3.581529105e-16
-4.700000000e-03	2.262493055e+01	2.274052332e-02	6.270076249e-16
-4.800000000e-03	2.262493124e+01	2.245219903e-02	4.352091118e-16
-4.900000000e-03	2.262493193e+01	2.216387474e-02	6.385702324e-16
-5.000000000e-03	2.262493262e+01	2.187555047e-02	9.505441466e-16
-5.100000000e-03	2.262493332e+01	2.158722618e-02	5.216050248e-16
-5.200000000e-03	2.262493402e+01	2.129890192e-02	4.703676131e-16
-5.300000000e-03	2.262493473e+01	2.101057765e-02	6.299975345e-16
-5.400000000e-03	2.262493544e+01	2.072225341e-02	3.350332890e-16
-5.500000000e-03	2.262493615e+01	2.043392916e-02	6.285527800e-16
-5.600000000e-03	2.262493686e+01	2.014560492e-02	1.868191829e-16
-5.700000000e-03	2.262493758e+01	1.985728069e-02	5.263485082e-16
-5.800000000e-03	2.262493831e+01	1.956895646e-02	6.224949187e-16
-5.900000000e-03	2.262493904e+01	1.928063225e-02	6.254215016e-16
-6.000000000e-03	2.262493977e+01	1.899230804e-02	3.593726556e-16
-6.100000000e-03	2.262494050e+01	1.870398384e-02	6.879258148e-16
-6.200000000e-03	2.262494124e+01	1.841565965e-02	4.849174603e-16
-6.300000000e-03	2.262494198e+01	1.812733547e-02	7.100497055e-16
-6.400000000e-03	2.262494273e+01	1.783901130e-02	6.092176748e-16
-6.500000000e-03	2.262494348e+01	1.755068713e-02	2.898421223e-16
-6.600000000e-03	2.262494423e+01	1.726236297e-02	5.496966897e-16
-6.700000000e-03	2.262494499e+01	1.697403882e-02	9.116302328e-16
-6.800000000e-03	2.262494575e+01	1.668571469e-02	5.959797325e-16
-6.900000000e-03	2.262494651e+01	1.639739055e-02	5.139525402e-16
-7.000000000e-03	2.262494728e+01	1.610906643e-02	1.557178285e-16
-7.100000000e-03	2.262494805e+01	1.582074232e-02	1.607508248e-16
-7.200000000e-03	2.262494883e+01	1.553241822e-02	4.106935219e-16
-7.300000000e-03	2.262494960e+01	1.524409412e-02	3.534963284e-16
-7.400000000e-03	2.262495039e+01	1.495577004e-02	5.482338808e-16
-7.500000000e-03	2.262495117e+01	1.466744597e-02	4.846089470e-16
-7.600000000e-03	2.262495196e+01	1.437912191e-02	4.387238979e-16
-7.700000000e-03	2.262495276e+01	1.409079785e-02	4.091681384e-16
-7.800000000e-03	2.262495355e+01	1.380247381e-02	5.315373268e-16
-7.900000000e-03	2.262495435e+01	1.351414978e-02	4.096318449e-16
-8.000000000e-03	2.262495516e+01	1.322582576e-02	5.749213794e-16
-8.100000000e-03	2.262495597e+01	1.293750176e-02	7.523760146e-16
-8.200000000e-03	2.262495678e+01	1.264917776e-02	5.075479864e-16
-8.300000000e-03	2.262495759e+01	1.236085377e-02	3.819567126e-16
-8.400000000e-03	2.262495841e+01	1.207252979e-02	5.550257742e-16
-8.500000000e-03	2.262495924e+01	1.178420582e-02	4.940350016e-16
-8.600000000e-03	2.262496006e+01	1.149588187e-02	3.454904381e-16
-8.700000000e-03	2.262496089e+01	1.120755794e-02	4.416630808e-16
-8.800000000e-03	2.262496173e+01	1.091923401e-02	4.909575070e-16
-8.900000000e-03	2.262496257e+01	1.063091009e-02	5.519393887e-16
-9.000000000e-03	2.262496341e+01	1.034258618e-02	1.250372711e-16
-9.100000000e-03	2.262496425e+01	1.005426229e-02	4.796347144e-16
-9.200000000e-03	2.262496510e+01	9.765938411e-03	4.127778548e-16
-9.300000000e-03	2.262496595e+01	9.477614541e-03	4.558561124e-16
-9.400000000e-03	2.262496681e+01	9.189290685e-03	7.511244946e-16
-9.500000000e-03	2.262496767e+01	8.900966840e-03	3.880430009e-16
-9.600000000e-03	2.262496853e+01	8.612643015e-03	6.339922758e-16
-9.700000000e-03	2.262496940e+01	8.324319197e-03	2.841203149e-16
-9.800000000e-03	2.262497027e+01	8.035995388e-03	5.940276910e-16
-9.900000000e-03	2.262497114e+01	7.747671600e-03	4.958943877e-16
-1.000000000e-02	2.262497202e+01	7.459347819e-03	1.032152104e-15
-1.010000000e-02	2.262497290e+01	7.171024068e-03	6.445442448e-16
-1.020000000e-02	2.262497379e+01	6.882700317e-03	4.699828166e-16
-1.030000000e-02	2.262497468e+01	6.594376583e-03	6.194745496e-16
-1.040000000e-02	2.262497557e+01	6.306052860e-03	7.151412723e-16
-1.050000000e-02	2.262497647e+01	6.017729156e-03	5.492550797e-16
-1.060000000e-02	2.262497737e+01	5.729405458e-03	4.271161640e-16
-1.070000000e-02	2.262497827e+01	5.441081780e-03	6.485839401e-16
-1.080000000e-02	2.262497918e+01	5.152758124e-03	8.104663601e-16
-1.090000000e-02	2.262498009e+01	4.864434473e-03	5.323403825e-16
-1.100000000e-02	2.262498100e+01	4.576110841e-03	5.683107521e-16
-1.110000000e-02	2.262498192e+01	4.287787223e-03	6.599894766e-16
-1.120000000e-02	2.262498284e+01	3.999463619e-03	7.372714360e-16
-1.130000000e-02	2.262498377e+01	3.711140027e-03	3.030729484e-16
-1.140000000e-02	2.262498470e+01	3.422816456e-03	4.161155456e-16
-1.150000000e-02	2.262498563e+01	3.134492903e-03	5.956027694e-16
-1.160000000e-02	2.262498657e+01	2.846169356e-03	6.496561275e-16
-1.170000000e-02	2.262498751e+01	2.557845830e-03	4.468396225e-16
-1.180000000e-02	2.262498845e+01	2.269522327e-03	4.936374994e-16
-1.190000000e-02	2.262498940e+01	1.981198829e-03	4.123962724e-16
-1.200000000e-02	2.262499035e+01	1.692875353e-03	6.217941349e-16
-1.210000000e-02	2.262499131e+01	1.404551895e-03	5.638669929e-16
-1.220000000e-02	2.262499227e+01	1.116228455e-03	4.544131635e-16
-1.230000000e-02	2.262499323e+01	8.279050315e-04	8.914842542e-16
-1.240000000e-02	2.262499420e+01	5.395816141e-04	4.656964991e-16
-1.250000000e-02	2.262499517e+01	2.512582261e-04	4.426103917e-16
-1.260000000e-02	2.262499614e+01	-3.706515643e-05	6.365571553e-16
-1.270000000e-02	2.262499712e+01	-3.253885067e-04	4.759271911e-16
-1.280000000e-02	2.262499810e+01	-6.137118541e-04	5.330012859e-16
-1.290000000e-02	2.262499908e+01	-9.020351706e-04	6.430002985e-16
-1.300000000e-02	2.262500007e+01	-1.190358483e-03	6.103224840e-16
-1.310000000e-02	2.262500106e+01	-1.478681763e-03	4.719249859e-16
-1.320000000e-02	2.262500206e+01	-1.767005034e-03	5.552576099e-16
-1.330000000e-02	2.262500306e+01	-2.055328287e-03	3.219761931e-16
-1.340000000e-02	2.262500406e+01	-2.343651516e-03	5.833213422e-16
-1.350000000e-02	2.262500507e+01	-2.631974735e-03	4.158301086e-16
-1.360000000e-02	2.262500608e+01	-2.920297935e-03	7.221728356e-16
-1.370000000e-02	2.262500709e+01	-3.208621108e-03	6.274827619e-16
-1.380000000e-02	2.262500811e+01	-3.496944264e-03	4.068273973e-16
-1.390000000e-02	2.262500913e+01	-3.785267403e-03	6.603337325e-16
-1.400000000e-02	2.262501015e+01	-4.073590527e-03	3.555629131e-16
-1.410000000e-02	2.262501118e+01	-4.361913624e-03	2.546526052e-16
-1.420000000e-02	2.262501222e+01	-4.650236705e-03	7.217900246e-16
-1.430000000e-02	2.262501325e+01	-4.938559766e-03	4.796178081e-16
-1.440000000e-02	2.262501429e+01	-5.226882813e-03	5.199115526e-16
-1.450000000e-02	2.262501533e+01	-5.515205837e-03	4.926809791e-16
-1.460000000e-02	2.262501638e+01	-5.803528832e-03	6.450149703e-16
-1.470000000e-02	2.262501743e+01	-6.091851820e-03	3.207627422e-16
-1.480000000e-02	2.262501849e+01	-6.380174778e-03	5.063477566e-16
-1.490000000e-02	2.262501955e+01	-6.668497723e-03	2.875989152e-16
-1.500000000e-02	2.262502061e+01	-6.956820641e-03	3.016751734e-16
-1.510000000e-02	2.262502167e+01	-7.245143542e-03	3.449664492e-16
-1.520000000e-02	2.262502274e+01	-7.533466424e-03	2.948967902e-16
-1.530000000e-02	2.262502381e+01	-7.821789279e-03	2.672172473e-16
-1.540000000e-02	2.262502489e+01	-8.110112121e-03	4.591830201e-16
-1.550000000e-02	2.262502597e+01	-8.398434936e-03	4.523596350e-16
-1.560000000e-02	2.262502705e+01	-8.686757731e-03	4.699094644e-16
-1.570000000e-02	2.262502814e+01	-8.975080502e-03	3.819522593e-16
-1.580000000e-02	2.262502923e+01	-9.263403252e-03	4.115312725e-16
-1.590000000e-02	2.262503033e+01	-9.551725984e-03	6.660625409e-16
-1.600000000e-02	2.262503143e+01	-9.840048689e-03	4.546651166e-16
-1.610000000e-02	2.262503253e+01	-1.012837138e-02	8.187488153e-16
-1.620000000e-02	2.262503363e+01	-1.041669404e-02	6.299910977e-16
-1.630000000e-02	2.262503474e+01	-1.070501668e-02	3.753701151e-16
-1.640000000e-02	2.262503586e+01	-1.099333930e-02	3.613954010e-16
-1.650000000e-02	2.262503697e+01	-1.128166190e-02	6.879127071e-16
-1.660000000e-02	2.262503809e+01	-1.156998447e-02	5.175062665e-16
-1.670000000e-02	2.262503922e+01	-1.185830702e-02	5.866597774e-16
-1.680000000e-02	2.262504035e+01	-1.214662955e-02	5.710561986e-16
-1.690000000e-02	2.262504148e+01	-1.243495205e-02	2.397196044e-16
-1.700000000e-02	2.262504261e+01	-1.272327453e-02	6.869465009e-16
-1.710000000e-02	2.262504375e+01	-1.301159699e-02	5.320667534e-16
-1.720000000e-02	2.262504489e+01	-1.329991942e-02	5.725370960e-16
-1.730000000e-02	2.262504604e+01	-1.358824183e-02	6.175229344e-16
-1.740000000e-02	2.262504719e+01	-1.387656422e-02	5.613376300e-16
-1.750000000e-02	2.262504834e+01	-1.416488657e-02	6.331823885e-16
-1.760000000e-02	2.262504950e+01	-1.445320892e-02	5.973207600e-16
-1.770000000e-02	2.262505066e+01	-1.474153123e-02	4.033735634e-16
-1.780000000e-02	2.262505183e+01	-1.502985352e-02	4.562575697e-16
-1.790000000e-02	2.262505300e+01	-1.531817578e-02	4.814128519e-16
-1.800000000e-02	2.262505417e+01	-1.560649802e-02	3.410216021e-16
-1.810000000e-02	2.262505534e+01	-1.589482024e-02	3.776108432e-16
-1.820000000e-02	2.262505652e+01	-1.618314242e-02	5.257203639e-16
-1.830000000e-02	2.262505771e+01	-1.647146459e-02	4.804481562e-16
-1.840000000e-02	2.262505889e+01	-1.675978672e-02	3.984011851e-16
-1.850000000e-02	2.262506008e+01	-1.704810884e-02	3.703052996e-16
-1.860000000e-02	2.262506128e+01	-1.733643093e-02	3.353170547e-16
-1.870000000e-02	2.262506247e+01	-1.762475299e-02	5.036482147e-16
-1.880000000e-02	2.262506368e+01	-1.791307502e-02	4.033558958e-16
-1.890000000e-02	2.262506488e+01	-1.820139703e-02	4.460015811e-16
-1.900000000e-02	2.262506609e+01	-1.848971902e-02	3.744707212e-16
-1.910000000e-02	2.262506730e+01	-1.877804098e-02	4.511635489e-16
-1.920000000e-02	2.262506852e+01	-1.906636290e-02	4.829675324e-16
-1.930000000e-02	2.262506974e+01	-1.935468481e-02	5.913300864e-16
-1.940000000e-02	2.262507096e+01	-1.964300669e-02	6.306955780e-16
-1.950000000e-02	2.262507219e+01	-1.993132854e-02	3.297071939e-16
-1.960000000e-02	2.262507342e+01	-2.021965036e-02	2.737676856e-16
-1.970000000e-02	2.262507465e+01	-2.050797216e-02	6.106122933e-16
-1.980000000e-02	2.262507589e+01	-2.079629393e-02	2.248829396e-16
-1.990000000e-02	2.262507713e+01	-2.108461568e-02	5.900939508e-16
-2.000000000e-02	2.262507838e+01	-2.137293738e-02	5.392796716e-16
-2.010000000e-02	2.262507963e+01	-2.166125907e-02	5.453071893e-16
-2.020000000e-02	2.262508088e+01	-2.194958073e-02	5.567947462e-16
-2.030000000e-02	2.262508214e+01	-2.223790236e-02	4.837737992e-16
-2.040000000e-02	2.262508340e+01	-2.252622397e-02	3.611828419e-16
-2.050000000e-02	2.262508466e+01	-2.281454554e-02	4.301447877e-16
-2.060000000e-02	2.262508593e+01	-2.310286708e-02	3.873120965e-16
-2.070000000e-02	2.262508720e+01	-2.339118860e-02	5.494338684e-16
-2.080000000e-02	2.262508847e+01	-2.367951009e-02	6.736968131e-16
-2.090000000e-02	2.262508975e+01	-2.396783155e-02	3.211407238e-16
-2.100000000e-02	2.262509103e+01	-2.425615298e-02	5.090642021e-16
-2.110000000e-02	2.262509232e+01	-2.454447439e-02	4.560472567e-16
-2.120000000e-02	2.262509361e+01	-2.483279576e-02	5.103632114e-16
-2.130000000e-02	2.262509490e+01	-2.512111710e-02	7.134638996e-16
-2.140000000e-02	2.262509620e+01	-2.540943841e-02	3.599300696e-16
-2.150000000e-02	2.262509750e+01	-2.569775969e-02	5.491130144e-16
-2.160000000e-02	2.262509881e+01	-2.598608096e-02	7.578709234e-16
-2.170000000e-02	2.262510011e+01	-2.627440218e-02	4.562334735e-16
-2.180000000e-02	2.262510142e+01	-2.656272337e-02	4.487655596e-16
-2.190000000e-02	2.262510274e+01	-2.685104454e-02	6.176062930e-16
-2.200000000e-02	2.262510406e+01	-2.713936567e-02	8.271033141e-16
-2.210000000e-02	2.262510538e+01	-2.742768677e-02	3.091398129e-16
-2.220000000e-02	2.262510671e+01	-2.771600784e-02	5.242754763e-16
-2.230000000e-02	2.262510804e+01	-2.800432888e-02	5.545385694e-16
-2.240000000e-02	2.262510937e+01	-2.829264990e-02	7.801543436e-16
-2.250000000e-02	2.262511071e+01	-2.858097087e-02	5.401538476e-16
-2.260000000e-02	2.262511205e+01	-2.886929182e-02	4.957277865e-16
-2.270000000e-02	2.262511339e+01	-2.915761274e-02	4.319490871e-16
-2.280000000e-02	2.262511474e+01	-2.944593362e-02	3.444031938e-16
-2.290000000e-02	2.262511609e+01	-2.973425448e-02	2.067845331e-16
-2.300000000e-02	2.262511745e+01	-3.002257530e-02	4.447403558e-16
-2.310000000e-02	2.262511881e+01	-3.031089609e-02	3.452319515e-16
-2.320000000e-02	2.262512017e+01	-3.059921685e-02	3.335521102e-16
-2.330000000e-02	2.262512154e+01	-3.088753757e-02	4.569092756e-16
-2.340000000e-02	2.262512291e+01	-3.117585826e-02	6.359550396e-16
-2.350000000e-02	2.262512428e+01	-3.146417893e-02	4.824974272e-16
-2.360000000e-02	2.262512566e+01	-3.175249955e-02	3.806272692e-16
-2.370000000e-02	2.262512704e+01	-3.204082015e-02	2.334029468e-16
-2.380000000e-02	2.262512843e+01	-3.232914072e-02	5.454677368e-16
-2.390000000e-02	2.262512982e+01	-3.261746124e-02	8.421222821e-16
-2.400000000e-02	2.262513121e+01	-3.290578174e-02	6.088846489e-16
-2.410000000e-02	2.262513261e+01	-3.319410220e-02	3.127223122e-16
-2.420000000e-02	2.262513400e+01	-3.348242263e-02	6.066222098e-16
-2.430000000e-02	2.262513541e+01	-3.377074303e-02	3.392940637e-16
-2.440000000e-02	2.262513682e+01	-3.405906339e-02	7.520652351e-16
-2.450000000e-02	2.262513823e+01	-3.434738371e-02	6.045521685e-16
-2.460000000e-02	2.262513964e+01	-3.463570401e-02	4.142492861e-16
-2.470000000e-02	2.262514106e+01	-3.492402427e-02	8.168778769e-16
-2.480000000e-02	2.262514248e+01	-3.521234450e-02	4.969237401e-16
-2.490000000e-02	2.262514391e+01	-3.550066469e-02	2.189928380e-16
-2.500000000e-02	2.262514534e+01	-3.578898485e-02	2.667720473e-16
