# Im(epsi1)     Re(Lambda)      Im(Lambda)      Eq(det).Opt det SIN kz, R=0.5 \mum, Re(epsi1)=4.90solve_det_sinkz_vs_mu.py
0.000000000e+00	2.021980919e+01	2.627814997e-02	7.669354692e-16
-1.000000000e-04	2.021980961e+01	2.602053650e-02	8.447707611e-16
-2.000000000e-04	2.021981002e+01	2.576292303e-02	7.950590802e-16
-3.000000000e-04	2.021981044e+01	2.550530957e-02	8.741043276e-16
-4.000000000e-04	2.021981087e+01	2.524769610e-02	2.881928376e-16
-5.000000000e-04	2.021981129e+01	2.499008264e-02	9.760521107e-16
-6.000000000e-04	2.021981172e+01	2.473246916e-02	1.191727153e-15
-7.000000000e-04	2.021981215e+01	2.447485570e-02	1.365657130e-15
-8.000000000e-04	2.021981259e+01	2.421724224e-02	1.278347631e-15
-9.000000000e-04	2.021981303e+01	2.395962877e-02	9.142980970e-16
-1.000000000e-03	2.021981347e+01	2.370201531e-02	2.768476521e-16
-1.100000000e-03	2.021981392e+01	2.344440185e-02	7.959571976e-16
-1.200000000e-03	2.021981437e+01	2.318678839e-02	9.256299350e-16
-1.300000000e-03	2.021981482e+01	2.292917493e-02	7.092566557e-16
-1.400000000e-03	2.021981527e+01	2.267156148e-02	1.049747629e-15
-1.500000000e-03	2.021981573e+01	2.241394802e-02	7.023446799e-16
-1.600000000e-03	2.021981619e+01	2.215633457e-02	9.018978793e-16
-1.700000000e-03	2.021981666e+01	2.189872111e-02	7.385800350e-16
-1.800000000e-03	2.021981713e+01	2.164110766e-02	4.122639361e-16
-1.900000000e-03	2.021981760e+01	2.138349421e-02	4.929843855e-16
-2.000000000e-03	2.021981808e+01	2.112588077e-02	9.728392604e-16
-2.100000000e-03	2.021981855e+01	2.086826732e-02	6.047462681e-16
-2.200000000e-03	2.021981904e+01	2.061065388e-02	9.681059666e-16
-2.300000000e-03	2.021981952e+01	2.035304044e-02	8.441008768e-16
-2.400000000e-03	2.021982001e+01	2.009542700e-02	4.011619889e-16
-2.500000000e-03	2.021982050e+01	1.983781357e-02	9.654794751e-16
-2.600000000e-03	2.021982100e+01	1.958020013e-02	8.904027776e-16
-2.700000000e-03	2.021982149e+01	1.932258670e-02	7.003502073e-16
-2.800000000e-03	2.021982199e+01	1.906497329e-02	6.341197848e-16
-2.900000000e-03	2.021982250e+01	1.880735986e-02	8.463361470e-16
-3.000000000e-03	2.021982301e+01	1.854974645e-02	8.168540736e-16
-3.100000000e-03	2.021982352e+01	1.829213303e-02	7.154127686e-16
-3.200000000e-03	2.021982403e+01	1.803451962e-02	8.329473581e-16
-3.300000000e-03	2.021982455e+01	1.777690621e-02	7.713073957e-16
-3.400000000e-03	2.021982507e+01	1.751929281e-02	7.054926674e-16
-3.500000000e-03	2.021982560e+01	1.726167941e-02	9.434322765e-16
-3.600000000e-03	2.021982612e+01	1.700406602e-02	5.835712567e-16
-3.700000000e-03	2.021982666e+01	1.674645263e-02	1.281014187e-15
-3.800000000e-03	2.021982719e+01	1.648883924e-02	6.950005107e-16
-3.900000000e-03	2.021982773e+01	1.623122585e-02	1.315934931e-15
-4.000000000e-03	2.021982827e+01	1.597361248e-02	4.956547885e-16
-4.100000000e-03	2.021982881e+01	1.571599911e-02	1.080975679e-15
-4.200000000e-03	2.021982936e+01	1.545838575e-02	7.952024381e-16
-4.300000000e-03	2.021982991e+01	1.520077238e-02	5.640175621e-16
-4.400000000e-03	2.021983046e+01	1.494315902e-02	5.937609083e-16
-4.500000000e-03	2.021983102e+01	1.468554567e-02	4.701312979e-16
-4.600000000e-03	2.021983158e+01	1.442793233e-02	4.193129323e-16
-4.700000000e-03	2.021983215e+01	1.417031899e-02	7.174150859e-16
-4.800000000e-03	2.021983271e+01	1.391270565e-02	7.145992879e-16
-4.900000000e-03	2.021983328e+01	1.365509233e-02	9.297193689e-16
-5.000000000e-03	2.021983386e+01	1.339747900e-02	9.591783803e-16
-5.100000000e-03	2.021983443e+01	1.313986568e-02	2.604978651e-16
-5.200000000e-03	2.021983501e+01	1.288225238e-02	5.641285600e-16
-5.300000000e-03	2.021983560e+01	1.262463907e-02	1.152488701e-15
-5.400000000e-03	2.021983618e+01	1.236702578e-02	8.818789542e-16
-5.500000000e-03	2.021983677e+01	1.210941248e-02	6.275368381e-16
-5.600000000e-03	2.021983737e+01	1.185179920e-02	5.215753881e-16
-5.700000000e-03	2.021983796e+01	1.159418592e-02	6.587104847e-16
-5.800000000e-03	2.021983856e+01	1.133657265e-02	6.833743856e-16
-5.900000000e-03	2.021983917e+01	1.107895938e-02	9.068238611e-16
-6.000000000e-03	2.021983977e+01	1.082134613e-02	7.022318325e-16
-6.100000000e-03	2.021984038e+01	1.056373288e-02	8.996673190e-16
-6.200000000e-03	2.021984100e+01	1.030611964e-02	1.096200517e-15
-6.300000000e-03	2.021984161e+01	1.004850640e-02	1.040741943e-15
-6.400000000e-03	2.021984223e+01	9.790893180e-03	6.340701538e-16
-6.500000000e-03	2.021984286e+01	9.533279963e-03	7.981101704e-16
-6.600000000e-03	2.021984348e+01	9.275666754e-03	7.822824060e-16
-6.700000000e-03	2.021984411e+01	9.018053544e-03	9.198076603e-16
-6.800000000e-03	2.021984474e+01	8.760440348e-03	1.325776065e-15
-6.900000000e-03	2.021984538e+01	8.502827165e-03	1.218667924e-15
-7.000000000e-03	2.021984602e+01	8.245213991e-03	1.135420971e-15
-7.100000000e-03	2.021984666e+01	7.987600818e-03	1.195177356e-15
-7.200000000e-03	2.021984731e+01	7.729987659e-03	6.593241176e-16
-7.300000000e-03	2.021984796e+01	7.472374506e-03	1.005497897e-15
-7.400000000e-03	2.021984861e+01	7.214761371e-03	8.386422933e-16
-7.500000000e-03	2.021984927e+01	6.957148233e-03	5.883273139e-16
-7.600000000e-03	2.021984992e+01	6.699535114e-03	8.349756878e-16
-7.700000000e-03	2.021985059e+01	6.441921999e-03	4.862400763e-16
-7.800000000e-03	2.021985125e+01	6.184308891e-03	1.063942913e-15
-7.900000000e-03	2.021985192e+01	5.926695796e-03	6.191417339e-16
-8.000000000e-03	2.021985259e+01	5.669082713e-03	6.487029789e-16
-8.100000000e-03	2.021985327e+01	5.411469638e-03	8.724489420e-16
-8.200000000e-03	2.021985395e+01	5.153856567e-03	3.470471192e-16
-8.300000000e-03	2.021985463e+01	4.896243510e-03	1.042836536e-15
-8.400000000e-03	2.021985531e+01	4.638630470e-03	8.028354710e-16
-8.500000000e-03	2.021985600e+01	4.381017431e-03	5.565230244e-16
-8.600000000e-03	2.021985670e+01	4.123404404e-03	6.986100599e-16
-8.700000000e-03	2.021985739e+01	3.865791393e-03	1.020323804e-15
-8.800000000e-03	2.021985809e+01	3.608178390e-03	5.329026389e-16
-8.900000000e-03	2.021985879e+01	3.350565392e-03	8.702860896e-16
-9.000000000e-03	2.021985950e+01	3.092952409e-03	9.806305370e-16
-9.100000000e-03	2.021986020e+01	2.835339446e-03	7.180828870e-16
-9.200000000e-03	2.021986092e+01	2.577726481e-03	6.374283904e-16
-9.300000000e-03	2.021986163e+01	2.320113538e-03	7.455835728e-16
-9.400000000e-03	2.021986235e+01	2.062500596e-03	6.538669624e-16
-9.500000000e-03	2.021986307e+01	1.804887671e-03	6.691398797e-16
-9.600000000e-03	2.021986379e+01	1.547274757e-03	8.609191432e-16
-9.700000000e-03	2.021986452e+01	1.289661861e-03	6.554875459e-16
-9.800000000e-03	2.021986525e+01	1.032048975e-03	1.313347004e-15
-9.900000000e-03	2.021986599e+01	7.744360883e-04	7.952502398e-16
-1.000000000e-02	2.021986673e+01	5.168232291e-04	6.043671869e-16
-1.010000000e-02	2.021986747e+01	2.592103740e-04	7.753855062e-16
-1.020000000e-02	2.021986821e+01	1.597530839e-06	7.681574949e-16
-1.030000000e-02	2.021986896e+01	-2.560152953e-04	5.412590318e-16
-1.040000000e-02	2.021986971e+01	-5.136281111e-04	7.178704247e-16
-1.050000000e-02	2.021987046e+01	-7.712409139e-04	5.591663365e-16
-1.060000000e-02	2.021987122e+01	-1.028853701e-03	2.953198380e-16
-1.070000000e-02	2.021987198e+01	-1.286466474e-03	7.543083335e-16
-1.080000000e-02	2.021987275e+01	-1.544079245e-03	1.084691792e-15
-1.090000000e-02	2.021987351e+01	-1.801691988e-03	6.503674282e-16
-1.100000000e-02	2.021987428e+01	-2.059304725e-03	7.848046331e-16
-1.110000000e-02	2.021987506e+01	-2.316917450e-03	1.276880067e-15
-1.120000000e-02	2.021987583e+01	-2.574530158e-03	6.556900649e-16
-1.130000000e-02	2.021987662e+01	-2.832142855e-03	7.327593812e-16
-1.140000000e-02	2.021987740e+01	-3.089755535e-03	7.491152431e-16
-1.150000000e-02	2.021987819e+01	-3.347368202e-03	5.674024815e-16
-1.160000000e-02	2.021987898e+01	-3.604980851e-03	6.087502615e-16
-1.170000000e-02	2.021987977e+01	-3.862593493e-03	5.907163484e-16
-1.180000000e-02	2.021988057e+01	-4.120206111e-03	7.348461669e-16
-1.190000000e-02	2.021988137e+01	-4.377818721e-03	6.759645549e-16
-1.200000000e-02	2.021988217e+01	-4.635431314e-03	9.334602424e-16
-1.210000000e-02	2.021988298e+01	-4.893043899e-03	9.572618986e-16
-1.220000000e-02	2.021988379e+01	-5.150656459e-03	5.378064800e-16
-1.230000000e-02	2.021988460e+01	-5.408269007e-03	9.703148805e-16
-1.240000000e-02	2.021988542e+01	-5.665881542e-03	6.768091798e-16
-1.250000000e-02	2.021988624e+01	-5.923494063e-03	1.091551462e-15
-1.260000000e-02	2.021988706e+01	-6.181106571e-03	9.836730798e-16
-1.270000000e-02	2.021988789e+01	-6.438719054e-03	1.017638420e-15
-1.280000000e-02	2.021988872e+01	-6.696331525e-03	4.041573062e-16
-1.290000000e-02	2.021988955e+01	-6.953943979e-03	1.060054535e-15
-1.300000000e-02	2.021989038e+01	-7.211556422e-03	8.022817734e-16
-1.310000000e-02	2.021989122e+01	-7.469168846e-03	5.318882994e-16
-1.320000000e-02	2.021989207e+01	-7.726781258e-03	7.825468875e-16
-1.330000000e-02	2.021989291e+01	-7.984393649e-03	1.248241394e-15
-1.340000000e-02	2.021989376e+01	-8.242006024e-03	1.272340827e-15
-1.350000000e-02	2.021989462e+01	-8.499618379e-03	2.575944927e-16
-1.360000000e-02	2.021989547e+01	-8.757230723e-03	9.149429729e-16
-1.370000000e-02	2.021989633e+01	-9.014843050e-03	9.166733420e-16
-1.380000000e-02	2.021989719e+01	-9.272455353e-03	5.265197825e-16
-1.390000000e-02	2.021989806e+01	-9.530067646e-03	7.536502761e-16
-1.400000000e-02	2.021989893e+01	-9.787679919e-03	8.180527537e-16
-1.410000000e-02	2.021989980e+01	-1.004529217e-02	9.831994434e-16
-1.420000000e-02	2.021990068e+01	-1.030290442e-02	7.554573627e-16
-1.430000000e-02	2.021990155e+01	-1.056051663e-02	7.896351270e-16
-1.440000000e-02	2.021990244e+01	-1.081812884e-02	8.477893523e-16
-1.450000000e-02	2.021990332e+01	-1.107574102e-02	9.697003264e-16
-1.460000000e-02	2.021990421e+01	-1.133335319e-02	8.575089498e-16
-1.470000000e-02	2.021990510e+01	-1.159096534e-02	5.659140233e-16
-1.480000000e-02	2.021990600e+01	-1.184857747e-02	7.183519035e-16
-1.490000000e-02	2.021990690e+01	-1.210618958e-02	7.074037350e-16
-1.500000000e-02	2.021990780e+01	-1.236380167e-02	8.371276849e-16
-1.510000000e-02	2.021990870e+01	-1.262141375e-02	5.787132159e-16
-1.520000000e-02	2.021990961e+01	-1.287902581e-02	8.998912827e-16
-1.530000000e-02	2.021991052e+01	-1.313663785e-02	1.172830767e-15
-1.540000000e-02	2.021991144e+01	-1.339424986e-02	7.955775838e-16
-1.550000000e-02	2.021991236e+01	-1.365186186e-02	9.888854526e-16
-1.560000000e-02	2.021991328e+01	-1.390947384e-02	5.825414820e-16
-1.570000000e-02	2.021991420e+01	-1.416708581e-02	5.259591209e-16
-1.580000000e-02	2.021991513e+01	-1.442469774e-02	8.891143281e-16
-1.590000000e-02	2.021991606e+01	-1.468230967e-02	1.049657483e-15
-1.600000000e-02	2.021991700e+01	-1.493992157e-02	7.950890380e-16
-1.610000000e-02	2.021991794e+01	-1.519753345e-02	3.437338838e-16
-1.620000000e-02	2.021991888e+01	-1.545514532e-02	5.759031864e-16
-1.630000000e-02	2.021991982e+01	-1.571275716e-02	4.950766945e-16
-1.640000000e-02	2.021992077e+01	-1.597036898e-02	6.591109255e-16
-1.650000000e-02	2.021992172e+01	-1.622798079e-02	8.432235103e-16
-1.660000000e-02	2.021992268e+01	-1.648559256e-02	8.119743447e-16
-1.670000000e-02	2.021992363e+01	-1.674320432e-02	1.048715609e-15
-1.680000000e-02	2.021992459e+01	-1.700081607e-02	1.527168067e-15
-1.690000000e-02	2.021992556e+01	-1.725842778e-02	8.775424394e-16
-1.700000000e-02	2.021992653e+01	-1.751603948e-02	8.038328155e-16
-1.710000000e-02	2.021992750e+01	-1.777365116e-02	6.709826093e-16
-1.720000000e-02	2.021992847e+01	-1.803126281e-02	5.203025660e-16
-1.730000000e-02	2.021992945e+01	-1.828887445e-02	7.626323411e-16
-1.740000000e-02	2.021993043e+01	-1.854648606e-02	3.794797166e-16
-1.750000000e-02	2.021993141e+01	-1.880409765e-02	7.001849110e-16
-1.760000000e-02	2.021993240e+01	-1.906170922e-02	5.492019864e-16
-1.770000000e-02	2.021993339e+01	-1.931932077e-02	4.315637975e-16
-1.780000000e-02	2.021993438e+01	-1.957693229e-02	9.349172700e-16
-1.790000000e-02	2.021993538e+01	-1.983454379e-02	5.335068751e-16
-1.800000000e-02	2.021993638e+01	-2.009215528e-02	4.737986198e-16
-1.810000000e-02	2.021993739e+01	-2.034976674e-02	6.230996241e-16
-1.820000000e-02	2.021993839e+01	-2.060737817e-02	1.009866308e-15
-1.830000000e-02	2.021993940e+01	-2.086498958e-02	6.985702438e-16
-1.840000000e-02	2.021994042e+01	-2.112260097e-02	5.959475437e-16
-1.850000000e-02	2.021994143e+01	-2.138021234e-02	5.941796556e-16
-1.860000000e-02	2.021994245e+01	-2.163782369e-02	7.597345280e-16
-1.870000000e-02	2.021994348e+01	-2.189543501e-02	9.382371693e-16
-1.880000000e-02	2.021994450e+01	-2.215304631e-02	6.431974517e-16
-1.890000000e-02	2.021994553e+01	-2.241065758e-02	4.390906874e-16
-1.900000000e-02	2.021994657e+01	-2.266826883e-02	5.482283734e-16
-1.910000000e-02	2.021994760e+01	-2.292588006e-02	7.667226351e-16
-1.920000000e-02	2.021994864e+01	-2.318349126e-02	4.056769336e-16
-1.930000000e-02	2.021994969e+01	-2.344110244e-02	8.161142437e-16
-1.940000000e-02	2.021995073e+01	-2.369871360e-02	9.836922797e-16
-1.950000000e-02	2.021995178e+01	-2.395632473e-02	4.055088221e-16
-1.960000000e-02	2.021995283e+01	-2.421393584e-02	8.096142348e-16
-1.970000000e-02	2.021995389e+01	-2.447154692e-02	4.638639598e-16
-1.980000000e-02	2.021995495e+01	-2.472915798e-02	8.681471461e-16
-1.990000000e-02	2.021995601e+01	-2.498676902e-02	7.397797469e-16
-2.000000000e-02	2.021995708e+01	-2.524438002e-02	9.720167562e-16
-2.010000000e-02	2.021995815e+01	-2.550199101e-02	4.775347545e-16
-2.020000000e-02	2.021995922e+01	-2.575960196e-02	7.480027496e-16
-2.030000000e-02	2.021996030e+01	-2.601721290e-02	3.445143231e-16
-2.040000000e-02	2.021996137e+01	-2.627482381e-02	3.667268062e-16
-2.050000000e-02	2.021996246e+01	-2.653243469e-02	6.011169264e-16
-2.060000000e-02	2.021996354e+01	-2.679004556e-02	8.907495978e-16
-2.070000000e-02	2.021996463e+01	-2.704765639e-02	8.700509282e-16
-2.080000000e-02	2.021996572e+01	-2.730526719e-02	7.729197695e-16
-2.090000000e-02	2.021996682e+01	-2.756287798e-02	1.082575991e-15
-2.100000000e-02	2.021996792e+01	-2.782048873e-02	8.257339385e-16
-2.110000000e-02	2.021996902e+01	-2.807809945e-02	1.096387190e-15
-2.120000000e-02	2.021997013e+01	-2.833571016e-02	1.324975334e-15
-2.130000000e-02	2.021997123e+01	-2.859332083e-02	1.181150017e-15
-2.140000000e-02	2.021997235e+01	-2.885093148e-02	6.772715798e-16
-2.150000000e-02	2.021997346e+01	-2.910854211e-02	9.099282576e-16
-2.160000000e-02	2.021997458e+01	-2.936615270e-02	1.022064194e-15
-2.170000000e-02	2.021997570e+01	-2.962376327e-02	6.328039477e-16
-2.180000000e-02	2.021997683e+01	-2.988137381e-02	2.120578367e-16
-2.190000000e-02	2.021997796e+01	-3.013898433e-02	9.158153943e-16
-2.200000000e-02	2.021997909e+01	-3.039659481e-02	7.280829498e-16
-2.210000000e-02	2.021998022e+01	-3.065420528e-02	4.643345954e-16
-2.220000000e-02	2.021998136e+01	-3.091181571e-02	9.655193358e-16
-2.230000000e-02	2.021998250e+01	-3.116942611e-02	4.746054097e-16
-2.240000000e-02	2.021998365e+01	-3.142703649e-02	9.053726601e-16
-2.250000000e-02	2.021998479e+01	-3.168464684e-02	3.357286265e-16
-2.260000000e-02	2.021998595e+01	-3.194225716e-02	6.569384936e-16
-2.270000000e-02	2.021998710e+01	-3.219986745e-02	3.615962934e-16
-2.280000000e-02	2.021998826e+01	-3.245747772e-02	5.292452751e-16
-2.290000000e-02	2.021998942e+01	-3.271508795e-02	7.188206812e-16
-2.300000000e-02	2.021999058e+01	-3.297269817e-02	4.200930052e-16
-2.310000000e-02	2.021999175e+01	-3.323030834e-02	5.173578916e-16
-2.320000000e-02	2.021999292e+01	-3.348791849e-02	8.150102240e-16
-2.330000000e-02	2.021999410e+01	-3.374552862e-02	6.946141990e-16
-2.340000000e-02	2.021999527e+01	-3.400313870e-02	8.625350015e-16
-2.350000000e-02	2.021999646e+01	-3.426074877e-02	7.000089839e-16
-2.360000000e-02	2.021999764e+01	-3.451835881e-02	9.004294760e-16
-2.370000000e-02	2.021999883e+01	-3.477596881e-02	5.252685391e-16
-2.380000000e-02	2.022000002e+01	-3.503357879e-02	5.057765616e-16
-2.390000000e-02	2.022000121e+01	-3.529118873e-02	8.800868366e-16
-2.400000000e-02	2.022000241e+01	-3.554879865e-02	8.808594709e-16
-2.410000000e-02	2.022000361e+01	-3.580640853e-02	7.750223879e-16
-2.420000000e-02	2.022000481e+01	-3.606401839e-02	1.342234721e-15
-2.430000000e-02	2.022000602e+01	-3.632162821e-02	4.256744245e-16
-2.440000000e-02	2.022000723e+01	-3.657923801e-02	7.259510350e-16
-2.450000000e-02	2.022000844e+01	-3.683684777e-02	6.636485690e-16
-2.460000000e-02	2.022000966e+01	-3.709445750e-02	7.771252330e-16
-2.470000000e-02	2.022001088e+01	-3.735206721e-02	6.326585052e-16
-2.480000000e-02	2.022001211e+01	-3.760967689e-02	1.001171737e-15
-2.490000000e-02	2.022001333e+01	-3.786728653e-02	5.965282576e-16
-2.500000000e-02	2.022001456e+01	-3.812489614e-02	8.845679537e-16
