# Im(epsi1)     Re(Lambda)      Im(Lambda)      Eq(det).Opt det SIN kz, R=0.5 \mum, Re(epsi1)=4.90solve_det_sinkz_vs_mu.py
0.000000000e+00	2.166508939e+01	3.199557589e-02	6.031818658e-16
-1.000000000e-04	2.166508987e+01	3.171949830e-02	8.957527224e-16
-2.000000000e-04	2.166509034e+01	3.144342070e-02	4.000856922e-16
-3.000000000e-04	2.166509082e+01	3.116734310e-02	6.733866020e-16
-4.000000000e-04	2.166509131e+01	3.089126550e-02	7.849961778e-16
-5.000000000e-04	2.166509179e+01	3.061518791e-02	5.714256268e-16
-6.000000000e-04	2.166509228e+01	3.033911031e-02	5.830542532e-16
-7.000000000e-04	2.166509278e+01	3.006303272e-02	8.783484685e-16
-8.000000000e-04	2.166509327e+01	2.978695512e-02	4.678251454e-16
-9.000000000e-04	2.166509377e+01	2.951087753e-02	7.517907515e-16
-1.000000000e-03	2.166509428e+01	2.923479994e-02	7.339217216e-16
-1.100000000e-03	2.166509479e+01	2.895872234e-02	5.607412301e-16
-1.200000000e-03	2.166509530e+01	2.868264475e-02	2.626060000e-16
-1.300000000e-03	2.166509581e+01	2.840656717e-02	4.936908503e-16
-1.400000000e-03	2.166509633e+01	2.813048958e-02	5.689966868e-16
-1.500000000e-03	2.166509685e+01	2.785441199e-02	2.998718107e-16
-1.600000000e-03	2.166509738e+01	2.757833440e-02	8.697405479e-16
-1.700000000e-03	2.166509791e+01	2.730225682e-02	5.948566422e-16
-1.800000000e-03	2.166509844e+01	2.702617924e-02	4.283078577e-16
-1.900000000e-03	2.166509898e+01	2.675010166e-02	4.531147517e-16
-2.000000000e-03	2.166509952e+01	2.647402409e-02	2.877114151e-16
-2.100000000e-03	2.166510006e+01	2.619794651e-02	7.652729478e-16
-2.200000000e-03	2.166510060e+01	2.592186894e-02	8.655659445e-16
-2.300000000e-03	2.166510115e+01	2.564579137e-02	5.270905030e-16
-2.400000000e-03	2.166510171e+01	2.536971380e-02	2.696369606e-16
-2.500000000e-03	2.166510227e+01	2.509363624e-02	6.348634800e-16
-2.600000000e-03	2.166510283e+01	2.481755868e-02	4.958632657e-16
-2.700000000e-03	2.166510339e+01	2.454148113e-02	8.125979813e-16
-2.800000000e-03	2.166510396e+01	2.426540357e-02	3.720040241e-16
-2.900000000e-03	2.166510453e+01	2.398932602e-02	5.423636248e-16
-3.000000000e-03	2.166510510e+01	2.371324847e-02	4.840684446e-16
-3.100000000e-03	2.166510568e+01	2.343717093e-02	5.964005174e-16
-3.200000000e-03	2.166510626e+01	2.316109339e-02	8.205905277e-16
-3.300000000e-03	2.166510685e+01	2.288501586e-02	6.573936878e-16
-3.400000000e-03	2.166510744e+01	2.260893832e-02	6.683538934e-16
-3.500000000e-03	2.166510803e+01	2.233286080e-02	5.585000196e-16
-3.600000000e-03	2.166510863e+01	2.205678328e-02	5.148084725e-16
-3.700000000e-03	2.166510922e+01	2.178070576e-02	4.460770214e-16
-3.800000000e-03	2.166510983e+01	2.150462825e-02	5.361820446e-16
-3.900000000e-03	2.166511043e+01	2.122855073e-02	5.600729095e-16
-4.000000000e-03	2.166511104e+01	2.095247324e-02	8.164649096e-16
-4.100000000e-03	2.166511166e+01	2.067639573e-02	8.163306687e-16
-4.200000000e-03	2.166511227e+01	2.040031824e-02	6.726724139e-16
-4.300000000e-03	2.166511289e+01	2.012424076e-02	4.564788071e-16
-4.400000000e-03	2.166511352e+01	1.984816327e-02	5.405518262e-16
-4.500000000e-03	2.166511415e+01	1.957208580e-02	8.159588991e-16
-4.600000000e-03	2.166511478e+01	1.929600833e-02	6.872944778e-16
-4.700000000e-03	2.166511541e+01	1.901993086e-02	7.080547654e-16
-4.800000000e-03	2.166511605e+01	1.874385341e-02	7.102344697e-16
-4.900000000e-03	2.166511669e+01	1.846777595e-02	7.060102629e-16
-5.000000000e-03	2.166511734e+01	1.819169851e-02	2.397847406e-16
-5.100000000e-03	2.166511798e+01	1.791562106e-02	5.213336207e-16
-5.200000000e-03	2.166511864e+01	1.763954363e-02	6.466507274e-16
-5.300000000e-03	2.166511929e+01	1.736346621e-02	8.077454587e-16
-5.400000000e-03	2.166511995e+01	1.708738879e-02	3.476649701e-16
-5.500000000e-03	2.166512061e+01	1.681131138e-02	9.757514085e-16
-5.600000000e-03	2.166512128e+01	1.653523397e-02	5.197756866e-16
-5.700000000e-03	2.166512195e+01	1.625915657e-02	7.275735399e-16
-5.800000000e-03	2.166512262e+01	1.598307917e-02	5.658999742e-16
-5.900000000e-03	2.166512330e+01	1.570700179e-02	6.265818631e-16
-6.000000000e-03	2.166512398e+01	1.543092442e-02	6.267349265e-16
-6.100000000e-03	2.166512466e+01	1.515484705e-02	6.639988650e-16
-6.200000000e-03	2.166512535e+01	1.487876969e-02	4.453724626e-16
-6.300000000e-03	2.166512604e+01	1.460269233e-02	7.390083678e-16
-6.400000000e-03	2.166512674e+01	1.432661499e-02	6.173466745e-16
-6.500000000e-03	2.166512743e+01	1.405053766e-02	5.388387977e-16
-6.600000000e-03	2.166512814e+01	1.377446033e-02	5.642872240e-16
-6.700000000e-03	2.166512884e+01	1.349838301e-02	6.567106192e-16
-6.800000000e-03	2.166512955e+01	1.322230570e-02	4.805462728e-16
-6.900000000e-03	2.166513026e+01	1.294622840e-02	5.864204922e-16
-7.000000000e-03	2.166513098e+01	1.267015110e-02	3.872363041e-16
-7.100000000e-03	2.166513169e+01	1.239407382e-02	3.930310019e-16
-7.200000000e-03	2.166513242e+01	1.211799655e-02	2.495475764e-16
-7.300000000e-03	2.166513314e+01	1.184191928e-02	7.019252090e-16
-7.400000000e-03	2.166513387e+01	1.156584203e-02	5.743619133e-16
-7.500000000e-03	2.166513461e+01	1.128976479e-02	2.862645181e-16
-7.600000000e-03	2.166513534e+01	1.101368755e-02	7.985184728e-16
-7.700000000e-03	2.166513608e+01	1.073761032e-02	2.991188818e-16
-7.800000000e-03	2.166513683e+01	1.046153311e-02	4.784566798e-16
-7.900000000e-03	2.166513757e+01	1.018545591e-02	6.263186812e-16
-8.000000000e-03	2.166513832e+01	9.909378711e-03	6.069627388e-16
-8.100000000e-03	2.166513908e+01	9.633301527e-03	4.760304727e-16
-8.200000000e-03	2.166513983e+01	9.357224355e-03	7.033717307e-16
-8.300000000e-03	2.166514060e+01	9.081147190e-03	4.549434907e-16
-8.400000000e-03	2.166514136e+01	8.805070036e-03	5.899254406e-16
-8.500000000e-03	2.166514213e+01	8.528992894e-03	4.804458808e-16
-8.600000000e-03	2.166514290e+01	8.252915767e-03	4.677264656e-16
-8.700000000e-03	2.166514368e+01	7.976838643e-03	5.505408144e-16
-8.800000000e-03	2.166514445e+01	7.700761540e-03	4.949804083e-16
-8.900000000e-03	2.166514524e+01	7.424684440e-03	3.465539409e-16
-9.000000000e-03	2.166514602e+01	7.148607353e-03	6.641817405e-16
-9.100000000e-03	2.166514681e+01	6.872530285e-03	5.312649068e-16
-9.200000000e-03	2.166514760e+01	6.596453227e-03	4.592993411e-16
-9.300000000e-03	2.166514840e+01	6.320376176e-03	3.093475492e-16
-9.400000000e-03	2.166514920e+01	6.044299143e-03	9.040536457e-16
-9.500000000e-03	2.166515000e+01	5.768222112e-03	6.412585015e-16
-9.600000000e-03	2.166515081e+01	5.492145103e-03	5.832412862e-16
-9.700000000e-03	2.166515162e+01	5.216068104e-03	3.813467243e-16
-9.800000000e-03	2.166515243e+01	4.939991118e-03	7.079250445e-16
-9.900000000e-03	2.166515325e+01	4.663914148e-03	7.456912660e-16
-1.000000000e-02	2.166515407e+01	4.387837189e-03	7.586154256e-16
-1.010000000e-02	2.166515490e+01	4.111760241e-03	3.145156925e-16
-1.020000000e-02	2.166515573e+01	3.835683302e-03	6.741369411e-16
-1.030000000e-02	2.166515656e+01	3.559606384e-03	6.114970780e-16
-1.040000000e-02	2.166515739e+01	3.283529479e-03	3.530528572e-16
-1.050000000e-02	2.166515823e+01	3.007452584e-03	3.363140823e-16
-1.060000000e-02	2.166515907e+01	2.731375702e-03	7.834896192e-16
-1.070000000e-02	2.166515992e+01	2.455298841e-03	3.971476364e-16
-1.080000000e-02	2.166516077e+01	2.179221988e-03	4.642002537e-16
-1.090000000e-02	2.166516162e+01	1.903145151e-03	6.546302242e-16
-1.100000000e-02	2.166516248e+01	1.627068331e-03	5.482265097e-16
-1.110000000e-02	2.166516334e+01	1.350991524e-03	4.541963503e-16
-1.120000000e-02	2.166516420e+01	1.074914732e-03	6.110951409e-16
-1.130000000e-02	2.166516507e+01	7.988379539e-04	1.058628743e-15
-1.140000000e-02	2.166516594e+01	5.227611898e-04	5.357278031e-16
-1.150000000e-02	2.166516681e+01	2.466844391e-04	4.486223088e-16
-1.160000000e-02	2.166516769e+01	-2.939229692e-05	6.112526582e-16
-1.170000000e-02	2.166516857e+01	-3.054690140e-04	4.278082641e-16
-1.180000000e-02	2.166516945e+01	-5.815457179e-04	5.955247608e-16
-1.190000000e-02	2.166517034e+01	-8.576224021e-04	4.522378121e-16
-1.200000000e-02	2.166517123e+01	-1.133699077e-03	6.609352572e-16
-1.210000000e-02	2.166517213e+01	-1.409775729e-03	4.278882045e-16
-1.220000000e-02	2.166517302e+01	-1.685852371e-03	4.599638552e-16
-1.230000000e-02	2.166517393e+01	-1.961928992e-03	6.344335683e-16
-1.240000000e-02	2.166517483e+01	-2.238005598e-03	5.914178761e-16
-1.250000000e-02	2.166517574e+01	-2.514082196e-03	6.178702707e-16
-1.260000000e-02	2.166517665e+01	-2.790158767e-03	8.498030731e-16
-1.270000000e-02	2.166517757e+01	-3.066235322e-03	5.142066327e-16
-1.280000000e-02	2.166517849e+01	-3.342311861e-03	7.356275305e-16
-1.290000000e-02	2.166517941e+01	-3.618388385e-03	8.371345174e-16
-1.300000000e-02	2.166518034e+01	-3.894464894e-03	5.459816794e-16
-1.310000000e-02	2.166518127e+01	-4.170541388e-03	3.092213015e-16
-1.320000000e-02	2.166518220e+01	-4.446617863e-03	6.619956188e-16
-1.330000000e-02	2.166518314e+01	-4.722694317e-03	4.487598862e-16
-1.340000000e-02	2.166518408e+01	-4.998770754e-03	5.889079808e-16
-1.350000000e-02	2.166518502e+01	-5.274847168e-03	5.364399623e-16
-1.360000000e-02	2.166518597e+01	-5.550923573e-03	6.046333268e-16
-1.370000000e-02	2.166518692e+01	-5.826999957e-03	4.026286152e-16
-1.380000000e-02	2.166518788e+01	-6.103076327e-03	7.538541266e-16
-1.390000000e-02	2.166518883e+01	-6.379152668e-03	4.796232146e-16
-1.400000000e-02	2.166518980e+01	-6.655228997e-03	3.602996518e-16
-1.410000000e-02	2.166519076e+01	-6.931305307e-03	5.976259786e-16
-1.420000000e-02	2.166519173e+01	-7.207381605e-03	5.328114142e-16
-1.430000000e-02	2.166519270e+01	-7.483457878e-03	4.912294306e-16
-1.440000000e-02	2.166519368e+01	-7.759534128e-03	7.960484891e-16
-1.450000000e-02	2.166519466e+01	-8.035610361e-03	5.649646019e-16
-1.460000000e-02	2.166519564e+01	-8.311686584e-03	7.048218545e-16
-1.470000000e-02	2.166519663e+01	-8.587762781e-03	8.776176141e-16
-1.480000000e-02	2.166519762e+01	-8.863838955e-03	4.140816893e-16
-1.490000000e-02	2.166519861e+01	-9.139915112e-03	5.151620279e-16
-1.500000000e-02	2.166519961e+01	-9.415991248e-03	2.231750362e-16
-1.510000000e-02	2.166520061e+01	-9.692067371e-03	6.397853262e-16
-1.520000000e-02	2.166520161e+01	-9.968143461e-03	5.721232645e-16
-1.530000000e-02	2.166520262e+01	-1.024421954e-02	6.813962425e-16
-1.540000000e-02	2.166520363e+01	-1.052029560e-02	5.888808849e-16
-1.550000000e-02	2.166520464e+01	-1.079637164e-02	6.666066968e-16
-1.560000000e-02	2.166520566e+01	-1.107244765e-02	6.733857282e-16
-1.570000000e-02	2.166520668e+01	-1.134852364e-02	7.171593885e-16
-1.580000000e-02	2.166520771e+01	-1.162459962e-02	7.621334238e-16
-1.590000000e-02	2.166520874e+01	-1.190067558e-02	8.087679043e-16
-1.600000000e-02	2.166520977e+01	-1.217675151e-02	4.151660939e-16
-1.610000000e-02	2.166521080e+01	-1.245282742e-02	7.627122090e-16
-1.620000000e-02	2.166521184e+01	-1.272890331e-02	3.433817552e-16
-1.630000000e-02	2.166521289e+01	-1.300497918e-02	6.027441939e-16
-1.640000000e-02	2.166521393e+01	-1.328105503e-02	7.775151786e-16
-1.650000000e-02	2.166521498e+01	-1.355713085e-02	5.175345428e-16
-1.660000000e-02	2.166521603e+01	-1.383320666e-02	8.087931530e-16
-1.670000000e-02	2.166521709e+01	-1.410928244e-02	3.558370452e-16
-1.680000000e-02	2.166521815e+01	-1.438535820e-02	5.995719577e-16
-1.690000000e-02	2.166521921e+01	-1.466143393e-02	8.360618437e-16
-1.700000000e-02	2.166522028e+01	-1.493750965e-02	2.301099172e-16
-1.710000000e-02	2.166522135e+01	-1.521358534e-02	5.952356206e-16
-1.720000000e-02	2.166522243e+01	-1.548966101e-02	5.668882100e-16
-1.730000000e-02	2.166522350e+01	-1.576573666e-02	6.000875195e-16
-1.740000000e-02	2.166522459e+01	-1.604181229e-02	8.009167598e-16
-1.750000000e-02	2.166522567e+01	-1.631788788e-02	2.611130332e-16
-1.760000000e-02	2.166522676e+01	-1.659396346e-02	4.693828770e-16
-1.770000000e-02	2.166522785e+01	-1.687003901e-02	9.309396735e-16
-1.780000000e-02	2.166522895e+01	-1.714611454e-02	8.154271070e-16
-1.790000000e-02	2.166523004e+01	-1.742219005e-02	5.516665529e-16
-1.800000000e-02	2.166523115e+01	-1.769826553e-02	9.353609282e-16
-1.810000000e-02	2.166523225e+01	-1.797434099e-02	6.490776925e-16
-1.820000000e-02	2.166523336e+01	-1.825041643e-02	5.763077397e-16
-1.830000000e-02	2.166523448e+01	-1.852649183e-02	8.119092183e-16
-1.840000000e-02	2.166523559e+01	-1.880256722e-02	5.681946080e-16
-1.850000000e-02	2.166523671e+01	-1.907864259e-02	5.596719987e-16
-1.860000000e-02	2.166523784e+01	-1.935471792e-02	3.735096769e-16
-1.870000000e-02	2.166523896e+01	-1.963079323e-02	3.550142625e-16
-1.880000000e-02	2.166524009e+01	-1.990686852e-02	5.776321296e-16
-1.890000000e-02	2.166524123e+01	-2.018294379e-02	5.676216477e-16
-1.900000000e-02	2.166524236e+01	-2.045901903e-02	4.558168733e-16
-1.910000000e-02	2.166524351e+01	-2.073509423e-02	4.167752895e-16
-1.920000000e-02	2.166524465e+01	-2.101116942e-02	5.618631602e-16
-1.930000000e-02	2.166524580e+01	-2.128724459e-02	6.207289448e-16
-1.940000000e-02	2.166524695e+01	-2.156331972e-02	7.863945476e-16
-1.950000000e-02	2.166524811e+01	-2.183939483e-02	2.940625088e-16
-1.960000000e-02	2.166524926e+01	-2.211546992e-02	8.867131619e-16
-1.970000000e-02	2.166525043e+01	-2.239154497e-02	4.426747887e-16
-1.980000000e-02	2.166525159e+01	-2.266762001e-02	6.155541711e-16
-1.990000000e-02	2.166525276e+01	-2.294369501e-02	6.240382400e-16
-2.000000000e-02	2.166525393e+01	-2.321976999e-02	8.259586177e-16
-2.010000000e-02	2.166525511e+01	-2.349584494e-02	5.679797307e-16
-2.020000000e-02	2.166525629e+01	-2.377191987e-02	2.821419071e-16
-2.030000000e-02	2.166525747e+01	-2.404799477e-02	2.782550869e-16
-2.040000000e-02	2.166525866e+01	-2.432406964e-02	6.677026174e-16
-2.050000000e-02	2.166525985e+01	-2.460014448e-02	4.183076285e-16
-2.060000000e-02	2.166526104e+01	-2.487621930e-02	3.266478374e-16
-2.070000000e-02	2.166526224e+01	-2.515229409e-02	7.560003791e-16
-2.080000000e-02	2.166526344e+01	-2.542836885e-02	8.144192818e-16
-2.090000000e-02	2.166526465e+01	-2.570444359e-02	5.966082479e-16
-2.100000000e-02	2.166526585e+01	-2.598051830e-02	9.240580114e-16
-2.110000000e-02	2.166526707e+01	-2.625659297e-02	5.756040038e-16
-2.120000000e-02	2.166526828e+01	-2.653266762e-02	7.291962584e-16
-2.130000000e-02	2.166526950e+01	-2.680874225e-02	8.148310806e-16
-2.140000000e-02	2.166527072e+01	-2.708481684e-02	6.087259372e-16
-2.150000000e-02	2.166527195e+01	-2.736089141e-02	3.502832430e-16
-2.160000000e-02	2.166527318e+01	-2.763696595e-02	4.716110285e-16
-2.170000000e-02	2.166527441e+01	-2.791304046e-02	6.000333783e-16
-2.180000000e-02	2.166527564e+01	-2.818911494e-02	9.043318603e-16
-2.190000000e-02	2.166527688e+01	-2.846518939e-02	5.187885868e-16
-2.200000000e-02	2.166527813e+01	-2.874126380e-02	5.004014409e-16
-2.210000000e-02	2.166527937e+01	-2.901733820e-02	7.502620026e-16
-2.220000000e-02	2.166528062e+01	-2.929341256e-02	4.874863041e-16
-2.230000000e-02	2.166528188e+01	-2.956948689e-02	5.807590908e-16
-2.240000000e-02	2.166528313e+01	-2.984556119e-02	6.865507973e-16
-2.250000000e-02	2.166528440e+01	-3.012163547e-02	8.458528021e-16
-2.260000000e-02	2.166528566e+01	-3.039770972e-02	6.417343194e-16
-2.270000000e-02	2.166528693e+01	-3.067378393e-02	7.143295131e-16
-2.280000000e-02	2.166528820e+01	-3.094985811e-02	6.060707765e-16
-2.290000000e-02	2.166528947e+01	-3.122593227e-02	8.309328521e-16
-2.300000000e-02	2.166529075e+01	-3.150200639e-02	7.494467511e-16
-2.310000000e-02	2.166529203e+01	-3.177808048e-02	6.713227468e-16
-2.320000000e-02	2.166529332e+01	-3.205415454e-02	3.531802947e-16
-2.330000000e-02	2.166529461e+01	-3.233022857e-02	2.774493077e-16
-2.340000000e-02	2.166529590e+01	-3.260630257e-02	6.864873086e-16
-2.350000000e-02	2.166529720e+01	-3.288237654e-02	3.757556547e-16
-2.360000000e-02	2.166529850e+01	-3.315845048e-02	6.683363126e-16
-2.370000000e-02	2.166529980e+01	-3.343452438e-02	4.158547750e-16
-2.380000000e-02	2.166530110e+01	-3.371059825e-02	4.866193960e-16
-2.390000000e-02	2.166530241e+01	-3.398667210e-02	5.424502464e-16
-2.400000000e-02	2.166530373e+01	-3.426274590e-02	6.249522210e-16
-2.410000000e-02	2.166530504e+01	-3.453881968e-02	7.001558149e-16
-2.420000000e-02	2.166530637e+01	-3.481489343e-02	7.332546621e-16
-2.430000000e-02	2.166530769e+01	-3.509096714e-02	4.155506156e-16
-2.440000000e-02	2.166530902e+01	-3.536704082e-02	4.288200517e-16
-2.450000000e-02	2.166531035e+01	-3.564311448e-02	7.329867177e-16
-2.460000000e-02	2.166531168e+01	-3.591918809e-02	4.341979687e-16
-2.470000000e-02	2.166531302e+01	-3.619526167e-02	7.463408526e-16
-2.480000000e-02	2.166531436e+01	-3.647133522e-02	6.665620439e-16
-2.490000000e-02	2.166531571e+01	-3.674740874e-02	3.638787800e-16
-2.500000000e-02	2.166531706e+01	-3.702348223e-02	4.175781460e-16
