# Im(epsi1)     Re(Lambda)      Im(Lambda)      Eq(det).Opt det SIN kz, R=0.5 \mum, Re(epsi1)=4.90solve_det_sinkz_vs_mu.py
0.000000000e+00	2.454950750e+01	4.624714227e-02	2.032586330e-16
-1.000000000e-04	2.454950810e+01	4.593429658e-02	2.569584834e-16
-2.000000000e-04	2.454950870e+01	4.562145090e-02	3.381876559e-16
-3.000000000e-04	2.454950931e+01	4.530860521e-02	3.113021665e-16
-4.000000000e-04	2.454950993e+01	4.499575952e-02	2.896536079e-16
-5.000000000e-04	2.454951055e+01	4.468291383e-02	3.817708870e-16
-6.000000000e-04	2.454951117e+01	4.437006814e-02	4.090941774e-16
-7.000000000e-04	2.454951179e+01	4.405722245e-02	3.665775187e-16
-8.000000000e-04	2.454951242e+01	4.374437676e-02	3.969919002e-16
-9.000000000e-04	2.454951306e+01	4.343153107e-02	5.485925722e-16
-1.000000000e-03	2.454951369e+01	4.311868539e-02	2.526042711e-16
-1.100000000e-03	2.454951434e+01	4.280583970e-02	4.511570846e-16
-1.200000000e-03	2.454951498e+01	4.249299402e-02	1.322023523e-16
-1.300000000e-03	2.454951563e+01	4.218014834e-02	2.633914115e-16
-1.400000000e-03	2.454951629e+01	4.186730265e-02	6.010213213e-16
-1.500000000e-03	2.454951694e+01	4.155445698e-02	1.893096960e-16
-1.600000000e-03	2.454951761e+01	4.124161129e-02	3.277938054e-16
-1.700000000e-03	2.454951827e+01	4.092876562e-02	5.386063981e-16
-1.800000000e-03	2.454951894e+01	4.061591994e-02	2.728467834e-16
-1.900000000e-03	2.454951961e+01	4.030307427e-02	3.009028819e-16
-2.000000000e-03	2.454952029e+01	3.999022860e-02	3.413659870e-16
-2.100000000e-03	2.454952097e+01	3.967738293e-02	5.167157742e-16
-2.200000000e-03	2.454952166e+01	3.936453726e-02	2.528477567e-16
-2.300000000e-03	2.454952235e+01	3.905169160e-02	3.037256818e-16
-2.400000000e-03	2.454952304e+01	3.873884594e-02	3.814709378e-16
-2.500000000e-03	2.454952374e+01	3.842600028e-02	2.183179050e-16
-2.600000000e-03	2.454952444e+01	3.811315463e-02	1.502765617e-16
-2.700000000e-03	2.454952515e+01	3.780030899e-02	4.566913445e-16
-2.800000000e-03	2.454952586e+01	3.748746333e-02	6.429999752e-16
-2.900000000e-03	2.454952657e+01	3.717461769e-02	3.975722384e-16
-3.000000000e-03	2.454952729e+01	3.686177205e-02	3.646955971e-16
-3.100000000e-03	2.454952801e+01	3.654892642e-02	2.751589243e-16
-3.200000000e-03	2.454952874e+01	3.623608078e-02	3.218098310e-16
-3.300000000e-03	2.454952947e+01	3.592323516e-02	1.997511222e-16
-3.400000000e-03	2.454953020e+01	3.561038954e-02	3.375531011e-16
-3.500000000e-03	2.454953094e+01	3.529754391e-02	3.671864687e-16
-3.600000000e-03	2.454953168e+01	3.498469830e-02	4.167340588e-16
-3.700000000e-03	2.454953242e+01	3.467185270e-02	2.434104937e-16
-3.800000000e-03	2.454953317e+01	3.435900709e-02	4.200072149e-16
-3.900000000e-03	2.454953393e+01	3.404616150e-02	4.533921659e-16
-4.000000000e-03	2.454953468e+01	3.373331590e-02	3.660114238e-16
-4.100000000e-03	2.454953545e+01	3.342047031e-02	4.499009368e-16
-4.200000000e-03	2.454953621e+01	3.310762473e-02	3.797773286e-16
-4.300000000e-03	2.454953698e+01	3.279477916e-02	2.677316116e-16
-4.400000000e-03	2.454953775e+01	3.248193358e-02	2.638278414e-16
-4.500000000e-03	2.454953853e+01	3.216908802e-02	2.888725655e-16
-4.600000000e-03	2.454953931e+01	3.185624246e-02	3.878518998e-16
-4.700000000e-03	2.454954010e+01	3.154339691e-02	5.669002937e-16
-4.800000000e-03	2.454954089e+01	3.123055136e-02	4.629579392e-16
-4.900000000e-03	2.454954168e+01	3.091770583e-02	3.987644381e-16
-5.000000000e-03	2.454954248e+01	3.060486030e-02	2.329342725e-16
-5.100000000e-03	2.454954328e+01	3.029201477e-02	2.155813236e-16
-5.200000000e-03	2.454954408e+01	2.997916926e-02	3.265611578e-16
-5.300000000e-03	2.454954489e+01	2.966632375e-02	3.594676987e-16
-5.400000000e-03	2.454954571e+01	2.935347824e-02	5.379258660e-16
-5.500000000e-03	2.454954652e+01	2.904063275e-02	3.530101080e-16
-5.600000000e-03	2.454954735e+01	2.872778727e-02	4.272896538e-16
-5.700000000e-03	2.454954817e+01	2.841494178e-02	2.891491087e-16
-5.800000000e-03	2.454954900e+01	2.810209632e-02	4.337739802e-16
-5.900000000e-03	2.454954983e+01	2.778925085e-02	2.959437129e-16
-6.000000000e-03	2.454955067e+01	2.747640539e-02	3.248048097e-16
-6.100000000e-03	2.454955151e+01	2.716355995e-02	2.565837376e-16
-6.200000000e-03	2.454955236e+01	2.685071452e-02	2.918747909e-16
-6.300000000e-03	2.454955321e+01	2.653786909e-02	3.080015759e-16
-6.400000000e-03	2.454955406e+01	2.622502366e-02	6.259524825e-16
-6.500000000e-03	2.454955492e+01	2.591217826e-02	1.697243252e-16
-6.600000000e-03	2.454955578e+01	2.559933285e-02	5.770691395e-16
-6.700000000e-03	2.454955664e+01	2.528648746e-02	3.026674284e-16
-6.800000000e-03	2.454955751e+01	2.497364208e-02	1.703465020e-16
-6.900000000e-03	2.454955838e+01	2.466079672e-02	2.752566986e-16
-7.000000000e-03	2.454955926e+01	2.434795135e-02	4.268576623e-16
-7.100000000e-03	2.454956014e+01	2.403510600e-02	2.149423710e-16
-7.200000000e-03	2.454956103e+01	2.372226066e-02	3.945571043e-16
-7.300000000e-03	2.454956192e+01	2.340941533e-02	3.388807138e-16
-7.400000000e-03	2.454956281e+01	2.309657001e-02	1.973460336e-16
-7.500000000e-03	2.454956371e+01	2.278372470e-02	4.701684311e-16
-7.600000000e-03	2.454956461e+01	2.247087939e-02	4.423704055e-16
-7.700000000e-03	2.454956551e+01	2.215803411e-02	3.253821309e-16
-7.800000000e-03	2.454956642e+01	2.184518883e-02	4.080937410e-16
-7.900000000e-03	2.454956733e+01	2.153234356e-02	5.129342084e-16
-8.000000000e-03	2.454956825e+01	2.121949831e-02	3.136597670e-16
-8.100000000e-03	2.454956917e+01	2.090665307e-02	3.973754829e-16
-8.200000000e-03	2.454957010e+01	2.059380784e-02	5.634209150e-16
-8.300000000e-03	2.454957103e+01	2.028096262e-02	4.098457183e-16
-8.400000000e-03	2.454957196e+01	1.996811741e-02	3.872086553e-16
-8.500000000e-03	2.454957290e+01	1.965527222e-02	3.486332028e-16
-8.600000000e-03	2.454957384e+01	1.934242703e-02	4.564589223e-16
-8.700000000e-03	2.454957478e+01	1.902958186e-02	3.600651716e-16
-8.800000000e-03	2.454957573e+01	1.871673671e-02	2.704122431e-16
-8.900000000e-03	2.454957668e+01	1.840389156e-02	3.681067353e-16
-9.000000000e-03	2.454957764e+01	1.809104643e-02	1.971084283e-16
-9.100000000e-03	2.454957860e+01	1.777820131e-02	2.931832483e-16
-9.200000000e-03	2.454957957e+01	1.746535621e-02	2.173824566e-16
-9.300000000e-03	2.454958053e+01	1.715251111e-02	1.479865117e-16
-9.400000000e-03	2.454958151e+01	1.683966603e-02	4.654278925e-16
-9.500000000e-03	2.454958248e+01	1.652682097e-02	3.852919885e-16
-9.600000000e-03	2.454958346e+01	1.621397592e-02	4.368231613e-16
-9.700000000e-03	2.454958445e+01	1.590113089e-02	3.952673978e-16
-9.800000000e-03	2.454958544e+01	1.558828587e-02	4.172195920e-16
-9.900000000e-03	2.454958643e+01	1.527544085e-02	3.099523537e-16
-1.000000000e-02	2.454958743e+01	1.496259586e-02	2.407074415e-16
-1.010000000e-02	2.454958843e+01	1.464975088e-02	2.841035285e-16
-1.020000000e-02	2.454958943e+01	1.433690592e-02	3.900227025e-16
-1.030000000e-02	2.454959044e+01	1.402406097e-02	2.555100095e-16
-1.040000000e-02	2.454959145e+01	1.371121603e-02	2.617493865e-16
-1.050000000e-02	2.454959247e+01	1.339837112e-02	3.278769825e-16
-1.060000000e-02	2.454959349e+01	1.308552621e-02	5.478577790e-16
-1.070000000e-02	2.454959452e+01	1.277268132e-02	2.976812518e-16
-1.080000000e-02	2.454959554e+01	1.245983645e-02	4.578083778e-16
-1.090000000e-02	2.454959658e+01	1.214699159e-02	3.307590255e-16
-1.100000000e-02	2.454959761e+01	1.183414675e-02	1.833661815e-16
-1.110000000e-02	2.454959865e+01	1.152130193e-02	5.166499550e-16
-1.120000000e-02	2.454959970e+01	1.120845712e-02	2.053088384e-16
-1.130000000e-02	2.454960075e+01	1.089561233e-02	3.029923758e-16
-1.140000000e-02	2.454960180e+01	1.058276755e-02	3.875707964e-16
-1.150000000e-02	2.454960286e+01	1.026992280e-02	4.193405232e-16
-1.160000000e-02	2.454960392e+01	9.957078055e-03	1.495710833e-16
-1.170000000e-02	2.454960498e+01	9.644233332e-03	2.477409113e-16
-1.180000000e-02	2.454960605e+01	9.331388623e-03	3.606063049e-16
-1.190000000e-02	2.454960712e+01	9.018543933e-03	2.034706655e-16
-1.200000000e-02	2.454960820e+01	8.705699259e-03	3.126227798e-16
-1.210000000e-02	2.454960928e+01	8.392854608e-03	4.057891156e-16
-1.220000000e-02	2.454961036e+01	8.080009974e-03	4.529971851e-16
-1.230000000e-02	2.454961145e+01	7.767165351e-03	2.501316091e-16
-1.240000000e-02	2.454961254e+01	7.454320750e-03	1.946805038e-16
-1.250000000e-02	2.454961364e+01	7.141476173e-03	4.720867586e-16
-1.260000000e-02	2.454961474e+01	6.828631607e-03	3.154764018e-16
-1.270000000e-02	2.454961584e+01	6.515787065e-03	5.663944791e-16
-1.280000000e-02	2.454961695e+01	6.202942534e-03	2.498636698e-16
-1.290000000e-02	2.454961807e+01	5.890098026e-03	2.225848472e-16
-1.300000000e-02	2.454961918e+01	5.577253543e-03	4.424114578e-16
-1.310000000e-02	2.454962030e+01	5.264409073e-03	3.639299713e-16
-1.320000000e-02	2.454962143e+01	4.951564624e-03	3.601493076e-16
-1.330000000e-02	2.454962255e+01	4.638720192e-03	2.952347281e-16
-1.340000000e-02	2.454962369e+01	4.325875776e-03	3.771208731e-16
-1.350000000e-02	2.454962482e+01	4.013031390e-03	1.371750422e-16
-1.360000000e-02	2.454962596e+01	3.700187015e-03	3.690785467e-16
-1.370000000e-02	2.454962711e+01	3.387342665e-03	4.108866160e-16
-1.380000000e-02	2.454962826e+01	3.074498335e-03	2.834224802e-16
-1.390000000e-02	2.454962941e+01	2.761654033e-03	5.493216140e-16
-1.400000000e-02	2.454963056e+01	2.448809742e-03	4.627260216e-16
-1.410000000e-02	2.454963172e+01	2.135965466e-03	3.483235679e-16
-1.420000000e-02	2.454963289e+01	1.823121223e-03	2.835557828e-16
-1.430000000e-02	2.454963406e+01	1.510276996e-03	3.592876474e-16
-1.440000000e-02	2.454963523e+01	1.197432790e-03	5.319810619e-16
-1.450000000e-02	2.454963640e+01	8.845886009e-04	4.734482131e-16
-1.460000000e-02	2.454963758e+01	5.717444433e-04	6.309601803e-16
-1.470000000e-02	2.454963877e+01	2.589003032e-04	3.338457548e-16
-1.480000000e-02	2.454963996e+01	-5.394381528e-05	4.010262788e-16
-1.490000000e-02	2.454964115e+01	-3.667879144e-04	2.626838512e-16
-1.500000000e-02	2.454964234e+01	-6.796319884e-04	2.679123119e-16
-1.510000000e-02	2.454964354e+01	-9.924760444e-04	2.529292709e-16
-1.520000000e-02	2.454964475e+01	-1.305320077e-03	3.709407856e-16
-1.530000000e-02	2.454964596e+01	-1.618164080e-03	2.235520572e-16
-1.540000000e-02	2.454964717e+01	-1.931008069e-03	2.324037382e-16
-1.550000000e-02	2.454964838e+01	-2.243852027e-03	3.091496425e-16
-1.560000000e-02	2.454964960e+01	-2.556695969e-03	3.167770330e-16
-1.570000000e-02	2.454965083e+01	-2.869539885e-03	3.230000254e-16
-1.580000000e-02	2.454965206e+01	-3.182383781e-03	3.457819586e-16
-1.590000000e-02	2.454965329e+01	-3.495227650e-03	3.259344721e-16
-1.600000000e-02	2.454965452e+01	-3.808071496e-03	4.582560616e-16
-1.610000000e-02	2.454965576e+01	-4.120915311e-03	4.281518152e-16
-1.620000000e-02	2.454965701e+01	-4.433759109e-03	4.653946141e-16
-1.630000000e-02	2.454965825e+01	-4.746602884e-03	3.873933051e-16
-1.640000000e-02	2.454965951e+01	-5.059446634e-03	3.687773894e-16
-1.650000000e-02	2.454966076e+01	-5.372290362e-03	2.823648094e-16
-1.660000000e-02	2.454966202e+01	-5.685134061e-03	2.440771278e-16
-1.670000000e-02	2.454966329e+01	-5.997977736e-03	3.601775518e-16
-1.680000000e-02	2.454966455e+01	-6.310821389e-03	3.290614953e-16
-1.690000000e-02	2.454966583e+01	-6.623665017e-03	2.819063092e-16
-1.700000000e-02	2.454966710e+01	-6.936508616e-03	2.502171437e-16
-1.710000000e-02	2.454966838e+01	-7.249352192e-03	3.594185367e-16
-1.720000000e-02	2.454966966e+01	-7.562195740e-03	4.662976223e-16
-1.730000000e-02	2.454967095e+01	-7.875039267e-03	4.388141255e-16
-1.740000000e-02	2.454967224e+01	-8.187882767e-03	1.440781706e-16
-1.750000000e-02	2.454967354e+01	-8.500726240e-03	3.559601860e-16
-1.760000000e-02	2.454967484e+01	-8.813569691e-03	3.176385174e-16
-1.770000000e-02	2.454967614e+01	-9.126413105e-03	4.651373151e-16
-1.780000000e-02	2.454967745e+01	-9.439256505e-03	3.111261890e-16
-1.790000000e-02	2.454967876e+01	-9.752099868e-03	3.103222440e-16
-1.800000000e-02	2.454968008e+01	-1.006494321e-02	5.917650520e-17
-1.810000000e-02	2.454968140e+01	-1.037778653e-02	3.678043770e-16
-1.820000000e-02	2.454968272e+01	-1.069062982e-02	3.650147234e-16
-1.830000000e-02	2.454968405e+01	-1.100347307e-02	2.360605956e-16
-1.840000000e-02	2.454968538e+01	-1.131631631e-02	4.593156389e-16
-1.850000000e-02	2.454968672e+01	-1.162915951e-02	2.310853050e-16
-1.860000000e-02	2.454968806e+01	-1.194200269e-02	4.568824559e-16
-1.870000000e-02	2.454968940e+01	-1.225484584e-02	2.168797782e-16
-1.880000000e-02	2.454969075e+01	-1.256768896e-02	4.855249953e-16
-1.890000000e-02	2.454969210e+01	-1.288053205e-02	3.167676750e-16
-1.900000000e-02	2.454969345e+01	-1.319337512e-02	1.637356627e-16
-1.910000000e-02	2.454969481e+01	-1.350621816e-02	5.313624476e-16
-1.920000000e-02	2.454969618e+01	-1.381906117e-02	1.661471942e-16
-1.930000000e-02	2.454969754e+01	-1.413190415e-02	4.378123283e-16
-1.940000000e-02	2.454969891e+01	-1.444474711e-02	3.634874503e-16
-1.950000000e-02	2.454970029e+01	-1.475759003e-02	2.398723927e-16
-1.960000000e-02	2.454970167e+01	-1.507043292e-02	4.264801447e-16
-1.970000000e-02	2.454970305e+01	-1.538327579e-02	2.899669934e-16
-1.980000000e-02	2.454970444e+01	-1.569611862e-02	3.948793820e-16
-1.990000000e-02	2.454970583e+01	-1.600896142e-02	4.087335679e-16
-2.000000000e-02	2.454970723e+01	-1.632180420e-02	2.366328187e-16
-2.010000000e-02	2.454970863e+01	-1.663464694e-02	4.248924513e-16
-2.020000000e-02	2.454971003e+01	-1.694748966e-02	3.560739228e-16
-2.030000000e-02	2.454971144e+01	-1.726033234e-02	3.774029036e-16
-2.040000000e-02	2.454971285e+01	-1.757317500e-02	3.868594966e-16
-2.050000000e-02	2.454971426e+01	-1.788601763e-02	3.574245549e-16
-2.060000000e-02	2.454971568e+01	-1.819886022e-02	2.354078750e-16
-2.070000000e-02	2.454971711e+01	-1.851170278e-02	3.119973660e-16
-2.080000000e-02	2.454971853e+01	-1.882454532e-02	4.433308654e-16
-2.090000000e-02	2.454971996e+01	-1.913738782e-02	4.666396067e-16
-2.100000000e-02	2.454972140e+01	-1.945023029e-02	3.001198603e-16
-2.110000000e-02	2.454972284e+01	-1.976307273e-02	3.515168955e-16
-2.120000000e-02	2.454972428e+01	-2.007591514e-02	4.142675708e-16
-2.130000000e-02	2.454972573e+01	-2.038875751e-02	4.174098585e-16
-2.140000000e-02	2.454972718e+01	-2.070159985e-02	1.290727090e-16
-2.150000000e-02	2.454972864e+01	-2.101444217e-02	2.921806241e-16
-2.160000000e-02	2.454973009e+01	-2.132728444e-02	7.066824459e-17
-2.170000000e-02	2.454973156e+01	-2.164012669e-02	2.999035623e-16
-2.180000000e-02	2.454973302e+01	-2.195296891e-02	4.718159300e-16
-2.190000000e-02	2.454973450e+01	-2.226581109e-02	4.269850907e-16
-2.200000000e-02	2.454973597e+01	-2.257865324e-02	5.387305377e-16
-2.210000000e-02	2.454973745e+01	-2.289149536e-02	5.149027166e-16
-2.220000000e-02	2.454973893e+01	-2.320433744e-02	2.332528264e-16
-2.230000000e-02	2.454974042e+01	-2.351717949e-02	3.845121800e-16
-2.240000000e-02	2.454974191e+01	-2.383002151e-02	5.381575669e-16
-2.250000000e-02	2.454974341e+01	-2.414286348e-02	2.678713091e-16
-2.260000000e-02	2.454974490e+01	-2.445570544e-02	3.001765128e-16
-2.270000000e-02	2.454974641e+01	-2.476854736e-02	4.769601559e-16
-2.280000000e-02	2.454974791e+01	-2.508138923e-02	2.776194606e-16
-2.290000000e-02	2.454974943e+01	-2.539423108e-02	4.331816248e-16
-2.300000000e-02	2.454975094e+01	-2.570707289e-02	3.485981292e-16
-2.310000000e-02	2.454975246e+01	-2.601991467e-02	2.307004913e-16
-2.320000000e-02	2.454975398e+01	-2.633275642e-02	3.813313298e-16
-2.330000000e-02	2.454975551e+01	-2.664559813e-02	2.889790838e-16
-2.340000000e-02	2.454975704e+01	-2.695843980e-02	3.111106808e-16
-2.350000000e-02	2.454975857e+01	-2.727128144e-02	3.104337105e-16
-2.360000000e-02	2.454976011e+01	-2.758412304e-02	2.494616962e-16
-2.370000000e-02	2.454976166e+01	-2.789696461e-02	2.123088871e-16
-2.380000000e-02	2.454976320e+01	-2.820980614e-02	8.686920445e-17
-2.390000000e-02	2.454976475e+01	-2.852264764e-02	4.464420178e-16
-2.400000000e-02	2.454976631e+01	-2.883548910e-02	3.093760453e-16
-2.410000000e-02	2.454976787e+01	-2.914833053e-02	2.737132735e-16
-2.420000000e-02	2.454976943e+01	-2.946117192e-02	2.673490444e-16
-2.430000000e-02	2.454977100e+01	-2.977401327e-02	2.949778789e-16
-2.440000000e-02	2.454977257e+01	-3.008685459e-02	1.535569779e-16
-2.450000000e-02	2.454977414e+01	-3.039969588e-02	4.939222527e-16
-2.460000000e-02	2.454977572e+01	-3.071253711e-02	1.672191106e-16
-2.470000000e-02	2.454977730e+01	-3.102537832e-02	2.987213464e-16
-2.480000000e-02	2.454977889e+01	-3.133821949e-02	1.804749374e-16
-2.490000000e-02	2.454978048e+01	-3.165106062e-02	4.159614651e-16
-2.500000000e-02	2.454978208e+01	-3.196390171e-02	3.639741978e-16
