# Im(epsi1)     Re(Lambda)      Im(Lambda)      Eq(det).Opt det SIN kz, R=0.5 \mum, Re(epsi1)=4.90solve_det_sinkz_vs_mu.py
0.000000000e+00	1.967002488e+01	2.432264326e-02	8.801045482e-16
-1.000000000e-04	1.967002527e+01	2.407206093e-02	9.661269532e-16
-2.000000000e-04	1.967002566e+01	2.382147859e-02	9.398150160e-16
-3.000000000e-04	1.967002606e+01	2.357089626e-02	9.766299413e-16
-4.000000000e-04	1.967002646e+01	2.332031393e-02	9.187199308e-16
-5.000000000e-04	1.967002687e+01	2.306973160e-02	6.360972264e-16
-6.000000000e-04	1.967002727e+01	2.281914926e-02	9.148407425e-16
-7.000000000e-04	1.967002768e+01	2.256856693e-02	8.237168836e-16
-8.000000000e-04	1.967002810e+01	2.231798460e-02	7.465290292e-16
-9.000000000e-04	1.967002851e+01	2.206740227e-02	2.956610765e-16
-1.000000000e-03	1.967002893e+01	2.181681994e-02	9.315232011e-16
-1.100000000e-03	1.967002936e+01	2.156623761e-02	8.376836094e-16
-1.200000000e-03	1.967002978e+01	2.131565529e-02	7.585851882e-16
-1.300000000e-03	1.967003021e+01	2.106507296e-02	6.392059033e-16
-1.400000000e-03	1.967003064e+01	2.081449064e-02	6.712259698e-16
-1.500000000e-03	1.967003108e+01	2.056390831e-02	7.435331629e-16
-1.600000000e-03	1.967003152e+01	2.031332599e-02	1.000684183e-15
-1.700000000e-03	1.967003196e+01	2.006274367e-02	1.009507587e-15
-1.800000000e-03	1.967003241e+01	1.981216135e-02	1.008929712e-15
-1.900000000e-03	1.967003285e+01	1.956157904e-02	3.052800906e-16
-2.000000000e-03	1.967003331e+01	1.931099672e-02	7.924802508e-16
-2.100000000e-03	1.967003376e+01	1.906041441e-02	7.807202960e-16
-2.200000000e-03	1.967003422e+01	1.880983210e-02	5.156977595e-16
-2.300000000e-03	1.967003468e+01	1.855924980e-02	8.983800738e-16
-2.400000000e-03	1.967003514e+01	1.830866749e-02	1.085835250e-15
-2.500000000e-03	1.967003561e+01	1.805808520e-02	1.024154661e-15
-2.600000000e-03	1.967003608e+01	1.780750289e-02	1.075399740e-15
-2.700000000e-03	1.967003656e+01	1.755692060e-02	7.353227973e-16
-2.800000000e-03	1.967003703e+01	1.730633831e-02	1.441027624e-15
-2.900000000e-03	1.967003751e+01	1.705575602e-02	4.455688808e-16
-3.000000000e-03	1.967003800e+01	1.680517373e-02	9.370252413e-16
-3.100000000e-03	1.967003848e+01	1.655459145e-02	1.113282019e-15
-3.200000000e-03	1.967003897e+01	1.630400918e-02	8.473132925e-16
-3.300000000e-03	1.967003947e+01	1.605342691e-02	1.139226077e-15
-3.400000000e-03	1.967003996e+01	1.580284463e-02	4.497683810e-16
-3.500000000e-03	1.967004046e+01	1.555226236e-02	7.831539440e-16
-3.600000000e-03	1.967004097e+01	1.530168011e-02	5.925923332e-16
-3.700000000e-03	1.967004147e+01	1.505109784e-02	9.193265524e-16
-3.800000000e-03	1.967004198e+01	1.480051559e-02	1.252914091e-15
-3.900000000e-03	1.967004249e+01	1.454993334e-02	1.018727062e-15
-4.000000000e-03	1.967004301e+01	1.429935110e-02	9.234917883e-16
-4.100000000e-03	1.967004353e+01	1.404876886e-02	6.144606235e-16
-4.200000000e-03	1.967004405e+01	1.379818662e-02	8.540695701e-16
-4.300000000e-03	1.967004458e+01	1.354760439e-02	1.128045521e-15
-4.400000000e-03	1.967004510e+01	1.329702217e-02	8.677787377e-16
-4.500000000e-03	1.967004564e+01	1.304643995e-02	1.040046105e-15
-4.600000000e-03	1.967004617e+01	1.279585774e-02	1.059955804e-15
-4.700000000e-03	1.967004671e+01	1.254527553e-02	4.278346158e-16
-4.800000000e-03	1.967004725e+01	1.229469332e-02	8.972265933e-16
-4.900000000e-03	1.967004779e+01	1.204411113e-02	6.826975857e-16
-5.000000000e-03	1.967004834e+01	1.179352893e-02	6.313748241e-16
-5.100000000e-03	1.967004889e+01	1.154294674e-02	8.356481022e-16
-5.200000000e-03	1.967004944e+01	1.129236457e-02	1.225837078e-15
-5.300000000e-03	1.967005000e+01	1.104178239e-02	1.124235030e-15
-5.400000000e-03	1.967005056e+01	1.079120022e-02	8.194527492e-16
-5.500000000e-03	1.967005113e+01	1.054061806e-02	5.952278738e-16
-5.600000000e-03	1.967005169e+01	1.029003591e-02	7.540986165e-16
-5.700000000e-03	1.967005226e+01	1.003945376e-02	1.096363113e-15
-5.800000000e-03	1.967005283e+01	9.788871619e-03	4.800632144e-16
-5.900000000e-03	1.967005341e+01	9.538289487e-03	8.579724904e-16
-6.000000000e-03	1.967005399e+01	9.287707355e-03	1.102963897e-15
-6.100000000e-03	1.967005457e+01	9.037125239e-03	6.278713777e-16
-6.200000000e-03	1.967005516e+01	8.786543121e-03	1.520832409e-15
-6.300000000e-03	1.967005575e+01	8.535961020e-03	7.827565555e-16
-6.400000000e-03	1.967005634e+01	8.285378919e-03	6.830205468e-16
-6.500000000e-03	1.967005693e+01	8.034796831e-03	3.392662700e-16
-6.600000000e-03	1.967005753e+01	7.784214751e-03	5.493400676e-16
-6.700000000e-03	1.967005814e+01	7.533632673e-03	6.717833922e-16
-6.800000000e-03	1.967005874e+01	7.283050605e-03	8.564383928e-16
-6.900000000e-03	1.967005935e+01	7.032468551e-03	7.749447004e-16
-7.000000000e-03	1.967005996e+01	6.781886499e-03	8.695398441e-16
-7.100000000e-03	1.967006057e+01	6.531304463e-03	1.297282417e-15
-7.200000000e-03	1.967006119e+01	6.280722428e-03	7.292069560e-16
-7.300000000e-03	1.967006181e+01	6.030140400e-03	7.986723485e-16
-7.400000000e-03	1.967006244e+01	5.779558381e-03	1.289001544e-15
-7.500000000e-03	1.967006306e+01	5.528976381e-03	8.897536601e-16
-7.600000000e-03	1.967006369e+01	5.278394375e-03	1.255060896e-15
-7.700000000e-03	1.967006433e+01	5.027812386e-03	1.209499957e-15
-7.800000000e-03	1.967006496e+01	4.777230412e-03	7.093300038e-16
-7.900000000e-03	1.967006560e+01	4.526648442e-03	9.224336604e-16
-8.000000000e-03	1.967006625e+01	4.276066481e-03	8.168842638e-16
-8.100000000e-03	1.967006689e+01	4.025484528e-03	7.815996437e-16
-8.200000000e-03	1.967006754e+01	3.774902586e-03	6.229560316e-16
-8.300000000e-03	1.967006820e+01	3.524320657e-03	7.646461855e-16
-8.400000000e-03	1.967006885e+01	3.273738730e-03	6.630103560e-16
-8.500000000e-03	1.967006951e+01	3.023156820e-03	1.185559545e-15
-8.600000000e-03	1.967007017e+01	2.772574920e-03	1.234859099e-15
-8.700000000e-03	1.967007084e+01	2.521993028e-03	6.529224334e-16
-8.800000000e-03	1.967007151e+01	2.271411151e-03	8.741816857e-16
-8.900000000e-03	1.967007218e+01	2.020829281e-03	9.738294846e-16
-9.000000000e-03	1.967007286e+01	1.770247419e-03	5.904965198e-16
-9.100000000e-03	1.967007353e+01	1.519665567e-03	8.040506609e-16
-9.200000000e-03	1.967007422e+01	1.269083730e-03	5.450636011e-16
-9.300000000e-03	1.967007490e+01	1.018501901e-03	9.834523327e-16
-9.400000000e-03	1.967007559e+01	7.679200882e-04	7.742383522e-16
-9.500000000e-03	1.967007628e+01	5.173382848e-04	5.889221502e-16
-9.600000000e-03	1.967007697e+01	2.667564953e-04	8.302342020e-16
-9.700000000e-03	1.967007767e+01	1.617470949e-05	8.722163035e-16
-9.800000000e-03	1.967007837e+01	-2.344070557e-04	6.794492552e-16
-9.900000000e-03	1.967007908e+01	-4.849888126e-04	7.986300555e-16
-1.000000000e-02	1.967007978e+01	-7.355705642e-04	9.713173126e-16
-1.010000000e-02	1.967008049e+01	-9.861522932e-04	5.105606521e-16
-1.020000000e-02	1.967008121e+01	-1.236734021e-03	1.142034808e-15
-1.030000000e-02	1.967008192e+01	-1.487315725e-03	7.863230641e-16
-1.040000000e-02	1.967008264e+01	-1.737897420e-03	1.083936691e-15
-1.050000000e-02	1.967008337e+01	-1.988479104e-03	1.028438976e-15
-1.060000000e-02	1.967008409e+01	-2.239060778e-03	9.754866124e-16
-1.070000000e-02	1.967008482e+01	-2.489642441e-03	9.620923745e-16
-1.080000000e-02	1.967008555e+01	-2.740224085e-03	7.478882958e-16
-1.090000000e-02	1.967008629e+01	-2.990805719e-03	8.984571988e-16
-1.100000000e-02	1.967008703e+01	-3.241387342e-03	1.040830145e-15
-1.110000000e-02	1.967008777e+01	-3.491968942e-03	5.981370508e-16
-1.120000000e-02	1.967008852e+01	-3.742550539e-03	8.641662424e-16
-1.130000000e-02	1.967008926e+01	-3.993132118e-03	8.211392504e-16
-1.140000000e-02	1.967009002e+01	-4.243713680e-03	1.329149478e-15
-1.150000000e-02	1.967009077e+01	-4.494295237e-03	1.463965152e-15
-1.160000000e-02	1.967009153e+01	-4.744876777e-03	8.514267247e-16
-1.170000000e-02	1.967009229e+01	-4.995458302e-03	8.809943215e-16
-1.180000000e-02	1.967009306e+01	-5.246039808e-03	5.721222547e-16
-1.190000000e-02	1.967009382e+01	-5.496621307e-03	4.206686512e-16
-1.200000000e-02	1.967009459e+01	-5.747202789e-03	1.067965179e-15
-1.210000000e-02	1.967009537e+01	-5.997784254e-03	4.827135659e-16
-1.220000000e-02	1.967009615e+01	-6.248365709e-03	1.224558418e-15
-1.230000000e-02	1.967009693e+01	-6.498947151e-03	1.143529605e-15
-1.240000000e-02	1.967009771e+01	-6.749528567e-03	9.894671226e-16
-1.250000000e-02	1.967009850e+01	-7.000109981e-03	6.358765235e-16
-1.260000000e-02	1.967009929e+01	-7.250691374e-03	5.072071585e-16
-1.270000000e-02	1.967010008e+01	-7.501272753e-03	6.937918086e-16
-1.280000000e-02	1.967010088e+01	-7.751854112e-03	9.303940175e-16
-1.290000000e-02	1.967010168e+01	-8.002435461e-03	7.557776148e-16
-1.300000000e-02	1.967010248e+01	-8.253016793e-03	8.955388029e-16
-1.310000000e-02	1.967010328e+01	-8.503598105e-03	6.718543821e-16
-1.320000000e-02	1.967010409e+01	-8.754179411e-03	8.758856853e-16
-1.330000000e-02	1.967010491e+01	-9.004760689e-03	1.028008076e-15
-1.340000000e-02	1.967010572e+01	-9.255341957e-03	9.822020710e-16
-1.350000000e-02	1.967010654e+01	-9.505923212e-03	5.944270574e-16
-1.360000000e-02	1.967010736e+01	-9.756504443e-03	1.522043420e-15
-1.370000000e-02	1.967010819e+01	-1.000708567e-02	4.136865848e-16
-1.380000000e-02	1.967010902e+01	-1.025766687e-02	7.160464296e-16
-1.390000000e-02	1.967010985e+01	-1.050824806e-02	9.519885128e-16
-1.400000000e-02	1.967011068e+01	-1.075882923e-02	8.289969135e-16
-1.410000000e-02	1.967011152e+01	-1.100941037e-02	1.363555689e-15
-1.420000000e-02	1.967011236e+01	-1.125999151e-02	7.161388456e-16
-1.430000000e-02	1.967011321e+01	-1.151057263e-02	8.658077826e-16
-1.440000000e-02	1.967011405e+01	-1.176115373e-02	7.000111132e-16
-1.450000000e-02	1.967011490e+01	-1.201173481e-02	9.550912907e-16
-1.460000000e-02	1.967011576e+01	-1.226231588e-02	4.442029334e-16
-1.470000000e-02	1.967011661e+01	-1.251289693e-02	2.994276561e-16
-1.480000000e-02	1.967011747e+01	-1.276347796e-02	1.419757703e-15
-1.490000000e-02	1.967011834e+01	-1.301405897e-02	6.808807179e-16
-1.500000000e-02	1.967011921e+01	-1.326463997e-02	8.153064943e-16
-1.510000000e-02	1.967012007e+01	-1.351522094e-02	4.864432651e-16
-1.520000000e-02	1.967012095e+01	-1.376580190e-02	7.340020486e-16
-1.530000000e-02	1.967012182e+01	-1.401638284e-02	9.763539853e-16
-1.540000000e-02	1.967012270e+01	-1.426696377e-02	7.108337376e-16
-1.550000000e-02	1.967012359e+01	-1.451754467e-02	5.482833569e-16
-1.560000000e-02	1.967012447e+01	-1.476812555e-02	7.366422277e-16
-1.570000000e-02	1.967012536e+01	-1.501870642e-02	7.939425797e-16
-1.580000000e-02	1.967012625e+01	-1.526928726e-02	7.764465225e-16
-1.590000000e-02	1.967012715e+01	-1.551986809e-02	7.395353733e-16
-1.600000000e-02	1.967012805e+01	-1.577044890e-02	8.516546506e-16
-1.610000000e-02	1.967012895e+01	-1.602102969e-02	4.537507039e-16
-1.620000000e-02	1.967012985e+01	-1.627161046e-02	6.970169758e-16
-1.630000000e-02	1.967013076e+01	-1.652219120e-02	7.928580477e-16
-1.640000000e-02	1.967013167e+01	-1.677277193e-02	4.808683688e-16
-1.650000000e-02	1.967013259e+01	-1.702335264e-02	6.587690575e-16
-1.660000000e-02	1.967013351e+01	-1.727393333e-02	9.102700908e-16
-1.670000000e-02	1.967013443e+01	-1.752451400e-02	7.355302337e-16
-1.680000000e-02	1.967013535e+01	-1.777509466e-02	8.635541732e-16
-1.690000000e-02	1.967013628e+01	-1.802567528e-02	6.415939569e-16
-1.700000000e-02	1.967013721e+01	-1.827625589e-02	7.395824128e-16
-1.710000000e-02	1.967013814e+01	-1.852683648e-02	4.314551002e-16
-1.720000000e-02	1.967013908e+01	-1.877741704e-02	6.595121535e-16
-1.730000000e-02	1.967014002e+01	-1.902799760e-02	8.045248630e-16
-1.740000000e-02	1.967014096e+01	-1.927857812e-02	7.779488021e-16
-1.750000000e-02	1.967014191e+01	-1.952915862e-02	7.294886876e-16
-1.760000000e-02	1.967014286e+01	-1.977973911e-02	4.473654964e-16
-1.770000000e-02	1.967014381e+01	-2.003031957e-02	9.217943874e-16
-1.780000000e-02	1.967014477e+01	-2.028090001e-02	1.076740617e-15
-1.790000000e-02	1.967014573e+01	-2.053148043e-02	8.754028189e-16
-1.800000000e-02	1.967014669e+01	-2.078206082e-02	8.801726832e-16
-1.810000000e-02	1.967014766e+01	-2.103264120e-02	9.507985801e-16
-1.820000000e-02	1.967014862e+01	-2.128322155e-02	7.959945079e-16
-1.830000000e-02	1.967014960e+01	-2.153380189e-02	9.636444407e-16
-1.840000000e-02	1.967015057e+01	-2.178438219e-02	6.834429965e-16
-1.850000000e-02	1.967015155e+01	-2.203496248e-02	8.783576272e-16
-1.860000000e-02	1.967015253e+01	-2.228554275e-02	4.832639537e-16
-1.870000000e-02	1.967015352e+01	-2.253612299e-02	9.347057020e-16
-1.880000000e-02	1.967015450e+01	-2.278670321e-02	4.863109954e-16
-1.890000000e-02	1.967015550e+01	-2.303728341e-02	2.869499123e-16
-1.900000000e-02	1.967015649e+01	-2.328786358e-02	6.943091430e-16
-1.910000000e-02	1.967015749e+01	-2.353844374e-02	6.461898246e-16
-1.920000000e-02	1.967015849e+01	-2.378902387e-02	1.137424321e-15
-1.930000000e-02	1.967015949e+01	-2.403960397e-02	1.331766416e-15
-1.940000000e-02	1.967016050e+01	-2.429018404e-02	1.005205074e-15
-1.950000000e-02	1.967016151e+01	-2.454076410e-02	5.026390292e-16
-1.960000000e-02	1.967016252e+01	-2.479134414e-02	4.157415611e-16
-1.970000000e-02	1.967016354e+01	-2.504192415e-02	4.816849033e-16
-1.980000000e-02	1.967016456e+01	-2.529250413e-02	1.143047601e-15
-1.990000000e-02	1.967016558e+01	-2.554308410e-02	8.472332376e-16
-2.000000000e-02	1.967016661e+01	-2.579366404e-02	8.999157212e-16
-2.010000000e-02	1.967016764e+01	-2.604424395e-02	9.219656959e-16
-2.020000000e-02	1.967016867e+01	-2.629482384e-02	1.075767399e-15
-2.030000000e-02	1.967016971e+01	-2.654540370e-02	1.075575565e-15
-2.040000000e-02	1.967017075e+01	-2.679598355e-02	1.162984106e-15
-2.050000000e-02	1.967017179e+01	-2.704656337e-02	1.308925473e-15
-2.060000000e-02	1.967017283e+01	-2.729714316e-02	9.791252346e-16
-2.070000000e-02	1.967017388e+01	-2.754772292e-02	1.330321138e-15
-2.080000000e-02	1.967017493e+01	-2.779830266e-02	7.024704069e-16
-2.090000000e-02	1.967017599e+01	-2.804888238e-02	1.265093351e-15
-2.100000000e-02	1.967017705e+01	-2.829946206e-02	9.753112374e-16
-2.110000000e-02	1.967017811e+01	-2.855004173e-02	1.274425378e-15
-2.120000000e-02	1.967017917e+01	-2.880062137e-02	7.460955475e-16
-2.130000000e-02	1.967018024e+01	-2.905120098e-02	1.038552347e-15
-2.140000000e-02	1.967018131e+01	-2.930178057e-02	8.838771512e-16
-2.150000000e-02	1.967018239e+01	-2.955236013e-02	1.123409007e-15
-2.160000000e-02	1.967018346e+01	-2.980293967e-02	6.492742857e-16
-2.170000000e-02	1.967018454e+01	-3.005351918e-02	1.013129947e-15
-2.180000000e-02	1.967018563e+01	-3.030409867e-02	6.592411151e-16
-2.190000000e-02	1.967018671e+01	-3.055467813e-02	8.271758046e-16
-2.200000000e-02	1.967018780e+01	-3.080525756e-02	1.048215485e-15
-2.210000000e-02	1.967018890e+01	-3.105583696e-02	6.505561233e-16
-2.220000000e-02	1.967018999e+01	-3.130641634e-02	1.119055914e-15
-2.230000000e-02	1.967019109e+01	-3.155699568e-02	1.372478391e-15
-2.240000000e-02	1.967019220e+01	-3.180757501e-02	9.546665783e-16
-2.250000000e-02	1.967019330e+01	-3.205815430e-02	6.196512614e-16
-2.260000000e-02	1.967019441e+01	-3.230873357e-02	9.631294730e-16
-2.270000000e-02	1.967019552e+01	-3.255931282e-02	1.038104026e-15
-2.280000000e-02	1.967019664e+01	-3.280989203e-02	9.270636386e-16
-2.290000000e-02	1.967019776e+01	-3.306047122e-02	5.452236912e-16
-2.300000000e-02	1.967019888e+01	-3.331105037e-02	1.069822589e-15
-2.310000000e-02	1.967020001e+01	-3.356162951e-02	6.945492816e-16
-2.320000000e-02	1.967020113e+01	-3.381220860e-02	4.274809586e-16
-2.330000000e-02	1.967020227e+01	-3.406278768e-02	7.699538905e-16
-2.340000000e-02	1.967020340e+01	-3.431336673e-02	1.112559484e-15
-2.350000000e-02	1.967020454e+01	-3.456394575e-02	1.059521670e-15
-2.360000000e-02	1.967020568e+01	-3.481452473e-02	5.422744715e-16
-2.370000000e-02	1.967020682e+01	-3.506510369e-02	6.788203644e-16
-2.380000000e-02	1.967020797e+01	-3.531568262e-02	9.921947356e-16
-2.390000000e-02	1.967020912e+01	-3.556626153e-02	9.547974024e-16
-2.400000000e-02	1.967021028e+01	-3.581684040e-02	7.447318763e-16
-2.410000000e-02	1.967021143e+01	-3.606741924e-02	4.857454974e-16
-2.420000000e-02	1.967021259e+01	-3.631799807e-02	1.000318850e-15
-2.430000000e-02	1.967021376e+01	-3.656857685e-02	5.893696548e-16
-2.440000000e-02	1.967021492e+01	-3.681915560e-02	7.933289168e-16
-2.450000000e-02	1.967021609e+01	-3.706973433e-02	8.307574663e-16
-2.460000000e-02	1.967021727e+01	-3.732031303e-02	8.117333333e-16
-2.470000000e-02	1.967021844e+01	-3.757089170e-02	1.094679854e-15
-2.480000000e-02	1.967021962e+01	-3.782147033e-02	3.771172836e-16
-2.490000000e-02	1.967022081e+01	-3.807204894e-02	1.080428404e-15
-2.500000000e-02	1.967022199e+01	-3.832262752e-02	9.040949472e-16
