# Im(epsi1)     Re(Lambda)      Im(Lambda)      Eq(det).Opt det SIN kz, R=0.5 \mum, Re(epsi1)=4.90solve_det_sinkz_vs_mu.py
0.000000000e+00	2.932171895e+01	8.022754787e-02	2.213467917e-16
-1.000000000e-04	2.932171979e+01	7.985410529e-02	1.719323001e-16
-2.000000000e-04	2.932172064e+01	7.948066271e-02	1.836201668e-16
-3.000000000e-04	2.932172149e+01	7.910722013e-02	2.157067161e-16
-4.000000000e-04	2.932172234e+01	7.873377755e-02	1.623699341e-16
-5.000000000e-04	2.932172320e+01	7.836033497e-02	1.657286771e-16
-6.000000000e-04	2.932172407e+01	7.798689238e-02	2.286971068e-16
-7.000000000e-04	2.932172494e+01	7.761344980e-02	2.056022378e-16
-8.000000000e-04	2.932172581e+01	7.724000722e-02	7.705564944e-17
-9.000000000e-04	2.932172669e+01	7.686656464e-02	1.545935188e-16
-1.000000000e-03	2.932172758e+01	7.649312205e-02	1.406848201e-16
-1.100000000e-03	2.932172846e+01	7.611967946e-02	1.380772213e-16
-1.200000000e-03	2.932172936e+01	7.574623688e-02	1.272737111e-16
-1.300000000e-03	2.932173025e+01	7.537279430e-02	1.653410433e-16
-1.400000000e-03	2.932173116e+01	7.499935172e-02	1.700914218e-16
-1.500000000e-03	2.932173207e+01	7.462590913e-02	1.539931741e-16
-1.600000000e-03	2.932173298e+01	7.425246656e-02	2.083866845e-16
-1.700000000e-03	2.932173389e+01	7.387902398e-02	1.925509741e-16
-1.800000000e-03	2.932173482e+01	7.350558140e-02	2.153472714e-16
-1.900000000e-03	2.932173574e+01	7.313213882e-02	1.464145419e-16
-2.000000000e-03	2.932173667e+01	7.275869625e-02	1.906396289e-16
-2.100000000e-03	2.932173761e+01	7.238525368e-02	1.427749230e-16
-2.200000000e-03	2.932173855e+01	7.201181111e-02	2.282730927e-16
-2.300000000e-03	2.932173950e+01	7.163836855e-02	1.394004758e-16
-2.400000000e-03	2.932174045e+01	7.126492598e-02	1.668271521e-16
-2.500000000e-03	2.932174140e+01	7.089148341e-02	1.672611212e-16
-2.600000000e-03	2.932174236e+01	7.051804086e-02	1.789167481e-16
-2.700000000e-03	2.932174333e+01	7.014459831e-02	1.346925435e-16
-2.800000000e-03	2.932174430e+01	6.977115575e-02	1.084441001e-16
-2.900000000e-03	2.932174527e+01	6.939771321e-02	2.344596164e-16
-3.000000000e-03	2.932174625e+01	6.902427065e-02	1.685796759e-16
-3.100000000e-03	2.932174723e+01	6.865082811e-02	9.812404221e-17
-3.200000000e-03	2.932174822e+01	6.827738558e-02	2.227722257e-16
-3.300000000e-03	2.932174921e+01	6.790394304e-02	1.825234143e-16
-3.400000000e-03	2.932175021e+01	6.753050052e-02	1.062078429e-16
-3.500000000e-03	2.932175121e+01	6.715705799e-02	5.542649982e-17
-3.600000000e-03	2.932175222e+01	6.678361547e-02	1.433469686e-16
-3.700000000e-03	2.932175323e+01	6.641017296e-02	8.737019455e-17
-3.800000000e-03	2.932175425e+01	6.603673045e-02	1.640065998e-16
-3.900000000e-03	2.932175527e+01	6.566328794e-02	1.956023911e-16
-4.000000000e-03	2.932175630e+01	6.528984545e-02	1.328345192e-16
-4.100000000e-03	2.932175733e+01	6.491640295e-02	1.796857135e-16
-4.200000000e-03	2.932175836e+01	6.454296047e-02	1.825115205e-16
-4.300000000e-03	2.932175941e+01	6.416951799e-02	2.396426230e-16
-4.400000000e-03	2.932176045e+01	6.379607551e-02	2.168637061e-16
-4.500000000e-03	2.932176150e+01	6.342263304e-02	1.432646031e-16
-4.600000000e-03	2.932176256e+01	6.304919058e-02	8.352070149e-17
-4.700000000e-03	2.932176362e+01	6.267574812e-02	1.529875771e-16
-4.800000000e-03	2.932176468e+01	6.230230568e-02	2.189269899e-16
-4.900000000e-03	2.932176575e+01	6.192886324e-02	2.156607911e-16
-5.000000000e-03	2.932176682e+01	6.155542081e-02	1.459692402e-16
-5.100000000e-03	2.932176790e+01	6.118197838e-02	1.991179999e-16
-5.200000000e-03	2.932176899e+01	6.080853596e-02	1.973620034e-16
-5.300000000e-03	2.932177007e+01	6.043509355e-02	2.161815089e-16
-5.400000000e-03	2.932177117e+01	6.006165115e-02	1.736745319e-16
-5.500000000e-03	2.932177226e+01	5.968820875e-02	1.740350635e-16
-5.600000000e-03	2.932177337e+01	5.931476636e-02	1.580148847e-16
-5.700000000e-03	2.932177447e+01	5.894132399e-02	1.392923509e-16
-5.800000000e-03	2.932177559e+01	5.856788162e-02	3.107776394e-16
-5.900000000e-03	2.932177670e+01	5.819443926e-02	7.069318674e-17
-6.000000000e-03	2.932177782e+01	5.782099691e-02	1.239075569e-16
-6.100000000e-03	2.932177895e+01	5.744755457e-02	1.719419519e-16
-6.200000000e-03	2.932178008e+01	5.707411223e-02	2.009413784e-16
-6.300000000e-03	2.932178122e+01	5.670066991e-02	1.217557737e-16
-6.400000000e-03	2.932178236e+01	5.632722760e-02	1.079337558e-16
-6.500000000e-03	2.932178350e+01	5.595378530e-02	2.469326178e-16
-6.600000000e-03	2.932178465e+01	5.558034300e-02	1.096119066e-16
-6.700000000e-03	2.932178581e+01	5.520690072e-02	1.912614883e-16
-6.800000000e-03	2.932178697e+01	5.483345845e-02	1.330936107e-16
-6.900000000e-03	2.932178813e+01	5.446001619e-02	9.245628080e-17
-7.000000000e-03	2.932178930e+01	5.408657394e-02	1.268312540e-16
-7.100000000e-03	2.932179047e+01	5.371313170e-02	1.790730282e-16
-7.200000000e-03	2.932179165e+01	5.333968948e-02	1.560924163e-16
-7.300000000e-03	2.932179284e+01	5.296624726e-02	9.689527372e-17
-7.400000000e-03	2.932179402e+01	5.259280506e-02	1.052253150e-16
-7.500000000e-03	2.932179522e+01	5.221936286e-02	1.485231023e-16
-7.600000000e-03	2.932179641e+01	5.184592068e-02	1.843020618e-16
-7.700000000e-03	2.932179762e+01	5.147247851e-02	1.217922402e-16
-7.800000000e-03	2.932179882e+01	5.109903636e-02	2.539049236e-16
-7.900000000e-03	2.932180004e+01	5.072559421e-02	1.976187865e-16
-8.000000000e-03	2.932180125e+01	5.035215209e-02	1.146732204e-16
-8.100000000e-03	2.932180247e+01	4.997870997e-02	1.175861853e-16
-8.200000000e-03	2.932180370e+01	4.960526787e-02	1.850767005e-16
-8.300000000e-03	2.932180493e+01	4.923182578e-02	6.588878077e-17
-8.400000000e-03	2.932180617e+01	4.885838370e-02	1.060111113e-16
-8.500000000e-03	2.932180741e+01	4.848494164e-02	2.001471113e-16
-8.600000000e-03	2.932180865e+01	4.811149958e-02	1.278306192e-16
-8.700000000e-03	2.932180990e+01	4.773805755e-02	9.905025940e-17
-8.800000000e-03	2.932181116e+01	4.736461553e-02	2.332023900e-16
-8.900000000e-03	2.932181242e+01	4.699117352e-02	1.886867966e-16
-9.000000000e-03	2.932181368e+01	4.661773153e-02	2.073745686e-16
-9.100000000e-03	2.932181495e+01	4.624428954e-02	2.094480482e-16
-9.200000000e-03	2.932181622e+01	4.587084759e-02	2.173152939e-16
-9.300000000e-03	2.932181750e+01	4.549740564e-02	1.532223702e-16
-9.400000000e-03	2.932181878e+01	4.512396370e-02	1.445340091e-16
-9.500000000e-03	2.932182007e+01	4.475052179e-02	1.889607391e-16
-9.600000000e-03	2.932182136e+01	4.437707989e-02	1.768366171e-16
-9.700000000e-03	2.932182266e+01	4.400363800e-02	1.513941796e-16
-9.800000000e-03	2.932182396e+01	4.363019613e-02	1.896081890e-16
-9.900000000e-03	2.932182527e+01	4.325675428e-02	1.775163352e-16
-1.000000000e-02	2.932182658e+01	4.288331244e-02	1.907129932e-16
-1.010000000e-02	2.932182790e+01	4.250987062e-02	7.129559496e-17
-1.020000000e-02	2.932182922e+01	4.213642882e-02	1.705185423e-16
-1.030000000e-02	2.932183055e+01	4.176298703e-02	2.471122005e-16
-1.040000000e-02	2.932183188e+01	4.138954526e-02	1.606511110e-16
-1.050000000e-02	2.932183321e+01	4.101610351e-02	2.240099195e-16
-1.060000000e-02	2.932183455e+01	4.064266177e-02	2.484968789e-16
-1.070000000e-02	2.932183590e+01	4.026922005e-02	2.007843965e-16
-1.080000000e-02	2.932183725e+01	3.989577835e-02	1.805642972e-16
-1.090000000e-02	2.932183860e+01	3.952233667e-02	2.045953896e-16
-1.100000000e-02	2.932183996e+01	3.914889501e-02	1.388962534e-16
-1.110000000e-02	2.932184133e+01	3.877545337e-02	2.449600475e-16
-1.120000000e-02	2.932184270e+01	3.840201174e-02	2.016792303e-16
-1.130000000e-02	2.932184407e+01	3.802857013e-02	1.582598006e-16
-1.140000000e-02	2.932184545e+01	3.765512855e-02	2.170927266e-16
-1.150000000e-02	2.932184683e+01	3.728168697e-02	1.686517323e-16
-1.160000000e-02	2.932184822e+01	3.690824542e-02	2.471787866e-16
-1.170000000e-02	2.932184961e+01	3.653480390e-02	1.465478148e-16
-1.180000000e-02	2.932185101e+01	3.616136238e-02	1.195250149e-16
-1.190000000e-02	2.932185241e+01	3.578792089e-02	1.511188387e-16
-1.200000000e-02	2.932185382e+01	3.541447942e-02	1.225353473e-16
-1.210000000e-02	2.932185523e+01	3.504103797e-02	1.445929567e-16
-1.220000000e-02	2.932185664e+01	3.466759653e-02	1.971644342e-16
-1.230000000e-02	2.932185807e+01	3.429415513e-02	1.441601529e-16
-1.240000000e-02	2.932185949e+01	3.392071373e-02	2.214486028e-16
-1.250000000e-02	2.932186092e+01	3.354727237e-02	1.629622953e-16
-1.260000000e-02	2.932186236e+01	3.317383102e-02	1.494042648e-16
-1.270000000e-02	2.932186380e+01	3.280038969e-02	1.979960897e-16
-1.280000000e-02	2.932186524e+01	3.242694839e-02	9.625321077e-17
-1.290000000e-02	2.932186669e+01	3.205350711e-02	1.080453686e-16
-1.300000000e-02	2.932186815e+01	3.168006585e-02	1.218389102e-16
-1.310000000e-02	2.932186961e+01	3.130662461e-02	2.246917208e-16
-1.320000000e-02	2.932187107e+01	3.093318339e-02	1.362108738e-16
-1.330000000e-02	2.932187254e+01	3.055974220e-02	1.658150154e-16
-1.340000000e-02	2.932187401e+01	3.018630103e-02	2.042101494e-16
-1.350000000e-02	2.932187549e+01	2.981285988e-02	1.461256469e-16
-1.360000000e-02	2.932187697e+01	2.943941875e-02	7.670801911e-17
-1.370000000e-02	2.932187846e+01	2.906597765e-02	8.399819327e-17
-1.380000000e-02	2.932187995e+01	2.869253657e-02	1.159201980e-16
-1.390000000e-02	2.932188145e+01	2.831909551e-02	2.264778599e-16
-1.400000000e-02	2.932188295e+01	2.794565448e-02	1.742388875e-16
-1.410000000e-02	2.932188446e+01	2.757221347e-02	2.134040379e-16
-1.420000000e-02	2.932188597e+01	2.719877248e-02	1.857531926e-16
-1.430000000e-02	2.932188749e+01	2.682533152e-02	1.541749249e-16
-1.440000000e-02	2.932188901e+01	2.645189058e-02	2.665195837e-16
-1.450000000e-02	2.932189053e+01	2.607844967e-02	1.466568184e-16
-1.460000000e-02	2.932189206e+01	2.570500878e-02	1.876674239e-16
-1.470000000e-02	2.932189360e+01	2.533156793e-02	9.825998622e-17
-1.480000000e-02	2.932189514e+01	2.495812709e-02	2.223106864e-16
-1.490000000e-02	2.932189668e+01	2.458468628e-02	2.062588929e-16
-1.500000000e-02	2.932189823e+01	2.421124549e-02	1.152575132e-16
-1.510000000e-02	2.932189979e+01	2.383780473e-02	9.191939079e-17
-1.520000000e-02	2.932190135e+01	2.346436399e-02	3.298356650e-16
-1.530000000e-02	2.932190291e+01	2.309092328e-02	1.788499641e-16
-1.540000000e-02	2.932190448e+01	2.271748260e-02	1.274562251e-16
-1.550000000e-02	2.932190605e+01	2.234404195e-02	2.149088817e-16
-1.560000000e-02	2.932190763e+01	2.197060132e-02	2.562933992e-16
-1.570000000e-02	2.932190921e+01	2.159716072e-02	2.288211921e-16
-1.580000000e-02	2.932191080e+01	2.122372014e-02	1.501001551e-16
-1.590000000e-02	2.932191239e+01	2.085027959e-02	3.169752446e-16
-1.600000000e-02	2.932191399e+01	2.047683907e-02	2.181246758e-16
-1.610000000e-02	2.932191559e+01	2.010339858e-02	1.519760107e-16
-1.620000000e-02	2.932191720e+01	1.972995811e-02	1.147520451e-16
-1.630000000e-02	2.932191881e+01	1.935651767e-02	1.379682177e-16
-1.640000000e-02	2.932192043e+01	1.898307726e-02	2.342420989e-16
-1.650000000e-02	2.932192205e+01	1.860963687e-02	9.598585181e-17
-1.660000000e-02	2.932192367e+01	1.823619653e-02	2.470459836e-16
-1.670000000e-02	2.932192530e+01	1.786275619e-02	1.602742591e-16
-1.680000000e-02	2.932192694e+01	1.748931590e-02	1.613154376e-16
-1.690000000e-02	2.932192858e+01	1.711587563e-02	1.857911628e-16
-1.700000000e-02	2.932193022e+01	1.674243540e-02	2.402100832e-16
-1.710000000e-02	2.932193187e+01	1.636899519e-02	1.674780579e-16
-1.720000000e-02	2.932193353e+01	1.599555500e-02	1.937894365e-16
-1.730000000e-02	2.932193519e+01	1.562211486e-02	1.855589653e-16
-1.740000000e-02	2.932193685e+01	1.524867473e-02	1.662471654e-16
-1.750000000e-02	2.932193852e+01	1.487523464e-02	9.839002386e-17
-1.760000000e-02	2.932194019e+01	1.450179458e-02	1.205406968e-16
-1.770000000e-02	2.932194187e+01	1.412835455e-02	1.365859394e-16
-1.780000000e-02	2.932194355e+01	1.375491456e-02	1.387237110e-16
-1.790000000e-02	2.932194524e+01	1.338147458e-02	1.393696750e-16
-1.800000000e-02	2.932194693e+01	1.300803465e-02	1.705145644e-16
-1.810000000e-02	2.932194863e+01	1.263459474e-02	1.600167884e-16
-1.820000000e-02	2.932195033e+01	1.226115487e-02	9.625553710e-17
-1.830000000e-02	2.932195204e+01	1.188771502e-02	1.658676916e-16
-1.840000000e-02	2.932195375e+01	1.151427521e-02	1.396314329e-16
-1.850000000e-02	2.932195546e+01	1.114083543e-02	2.328948122e-16
-1.860000000e-02	2.932195718e+01	1.076739568e-02	2.182311820e-16
-1.870000000e-02	2.932195891e+01	1.039395596e-02	2.382873542e-16
-1.880000000e-02	2.932196064e+01	1.002051628e-02	1.673625749e-16
-1.890000000e-02	2.932196237e+01	9.647076628e-03	2.269351439e-16
-1.900000000e-02	2.932196411e+01	9.273637015e-03	2.230565882e-16
-1.910000000e-02	2.932196586e+01	8.900197428e-03	1.685926196e-16
-1.920000000e-02	2.932196761e+01	8.526757876e-03	2.198346842e-16
-1.930000000e-02	2.932196936e+01	8.153318353e-03	9.725158506e-17
-1.940000000e-02	2.932197112e+01	7.779878867e-03	2.093191161e-16
-1.950000000e-02	2.932197288e+01	7.406439414e-03	7.021735478e-17
-1.960000000e-02	2.932197465e+01	7.032999995e-03	1.684911430e-16
-1.970000000e-02	2.932197643e+01	6.659560611e-03	1.620808886e-16
-1.980000000e-02	2.932197820e+01	6.286121258e-03	2.204878501e-16
-1.990000000e-02	2.932197999e+01	5.912681947e-03	1.931263824e-16
-2.000000000e-02	2.932198177e+01	5.539242667e-03	2.270872872e-16
-2.010000000e-02	2.932198357e+01	5.165803417e-03	1.232604431e-16
-2.020000000e-02	2.932198536e+01	4.792364212e-03	2.616815300e-16
-2.030000000e-02	2.932198716e+01	4.418925029e-03	1.783099598e-16
-2.040000000e-02	2.932198897e+01	4.045485891e-03	2.093519550e-16
-2.050000000e-02	2.932199078e+01	3.672046789e-03	1.897582120e-16
-2.060000000e-02	2.932199260e+01	3.298607711e-03	2.125892602e-16
-2.070000000e-02	2.932199442e+01	2.925168681e-03	5.768580619e-17
-2.080000000e-02	2.932199624e+01	2.551729685e-03	1.432898417e-16
-2.090000000e-02	2.932199807e+01	2.178290724e-03	2.093256261e-16
-2.100000000e-02	2.932199991e+01	1.804851795e-03	1.788231585e-16
-2.110000000e-02	2.932200175e+01	1.431412907e-03	1.450538173e-16
-2.120000000e-02	2.932200359e+01	1.057974056e-03	2.122661717e-16
-2.130000000e-02	2.932200544e+01	6.845352402e-04	1.405624328e-16
-2.140000000e-02	2.932200729e+01	3.110964572e-04	2.024076820e-16
-2.150000000e-02	2.932200915e+01	-6.234227996e-05	1.482701112e-16
-2.160000000e-02	2.932201102e+01	-4.357809816e-04	1.598294489e-16
-2.170000000e-02	2.932201289e+01	-8.092196495e-04	1.008196223e-16
-2.180000000e-02	2.932201476e+01	-1.182658283e-03	2.698804526e-16
-2.190000000e-02	2.932201664e+01	-1.556096868e-03	1.446699973e-16
-2.200000000e-02	2.932201852e+01	-1.929535420e-03	1.781616716e-16
-2.210000000e-02	2.932202041e+01	-2.302973934e-03	1.729006385e-16
-2.220000000e-02	2.932202230e+01	-2.676412413e-03	1.690675690e-16
-2.230000000e-02	2.932202419e+01	-3.049850846e-03	2.106361512e-16
-2.240000000e-02	2.932202610e+01	-3.423289241e-03	1.218943923e-16
-2.250000000e-02	2.932202800e+01	-3.796727600e-03	6.659390711e-17
-2.260000000e-02	2.932202991e+01	-4.170165923e-03	1.507148744e-16
-2.270000000e-02	2.932203183e+01	-4.543604203e-03	2.140424249e-16
-2.280000000e-02	2.932203375e+01	-4.917042437e-03	1.484126531e-16
-2.290000000e-02	2.932203567e+01	-5.290480641e-03	2.174348366e-16
-2.300000000e-02	2.932203760e+01	-5.663918800e-03	1.894956023e-16
-2.310000000e-02	2.932203954e+01	-6.037356923e-03	1.709203361e-16
-2.320000000e-02	2.932204148e+01	-6.410794999e-03	2.628741486e-16
-2.330000000e-02	2.932204342e+01	-6.784233038e-03	1.457099667e-16
-2.340000000e-02	2.932204537e+01	-7.157671034e-03	2.285646130e-16
-2.350000000e-02	2.932204733e+01	-7.531108994e-03	6.675048021e-17
-2.360000000e-02	2.932204928e+01	-7.904546910e-03	4.861857181e-17
-2.370000000e-02	2.932205125e+01	-8.277984787e-03	1.719097942e-16
-2.380000000e-02	2.932205322e+01	-8.651422623e-03	2.183414124e-16
-2.390000000e-02	2.932205519e+01	-9.024860408e-03	1.564823521e-16
-2.400000000e-02	2.932205717e+01	-9.398298165e-03	2.355595987e-16
-2.410000000e-02	2.932205915e+01	-9.771735866e-03	2.521846593e-16
-2.420000000e-02	2.932206113e+01	-1.014517353e-02	7.444353822e-17
-2.430000000e-02	2.932206313e+01	-1.051861116e-02	9.986612589e-17
-2.440000000e-02	2.932206512e+01	-1.089204874e-02	1.521671761e-16
-2.450000000e-02	2.932206712e+01	-1.126548628e-02	2.579214994e-16
-2.460000000e-02	2.932206913e+01	-1.163892377e-02	1.337930986e-16
-2.470000000e-02	2.932207114e+01	-1.201236122e-02	3.027350192e-16
-2.480000000e-02	2.932207316e+01	-1.238579864e-02	1.694109377e-16
-2.490000000e-02	2.932207518e+01	-1.275923600e-02	7.771327001e-17
-2.500000000e-02	2.932207720e+01	-1.313267332e-02	1.326367068e-16
