# Im(epsi1)     Re(Lambda)      Im(Lambda)      Eq(det).Opt det SIN kz, R=0.5 \mum, Re(epsi1)=4.90solve_det_sinkz_vs_mu.py
0.000000000e+00	2.218036516e+01	3.424990466e-02	2.620793170e-16
-1.000000000e-04	2.218036566e+01	3.396725085e-02	4.713577359e-16
-2.000000000e-04	2.218036616e+01	3.368459704e-02	4.535992856e-16
-3.000000000e-04	2.218036666e+01	3.340194323e-02	6.480584503e-16
-4.000000000e-04	2.218036716e+01	3.311928943e-02	7.493889429e-16
-5.000000000e-04	2.218036767e+01	3.283663562e-02	6.522919282e-16
-6.000000000e-04	2.218036819e+01	3.255398181e-02	2.699742989e-16
-7.000000000e-04	2.218036870e+01	3.227132800e-02	7.998977139e-16
-8.000000000e-04	2.218036922e+01	3.198867420e-02	4.834973517e-16
-9.000000000e-04	2.218036975e+01	3.170602039e-02	2.024549859e-16
-1.000000000e-03	2.218037027e+01	3.142336658e-02	6.793407174e-16
-1.100000000e-03	2.218037080e+01	3.114071278e-02	4.060270799e-16
-1.200000000e-03	2.218037134e+01	3.085805899e-02	6.573265901e-16
-1.300000000e-03	2.218037188e+01	3.057540518e-02	6.789880191e-16
-1.400000000e-03	2.218037242e+01	3.029275138e-02	4.198316284e-16
-1.500000000e-03	2.218037296e+01	3.001009758e-02	5.582471611e-16
-1.600000000e-03	2.218037351e+01	2.972744378e-02	3.280528578e-16
-1.700000000e-03	2.218037407e+01	2.944478999e-02	2.738409856e-16
-1.800000000e-03	2.218037462e+01	2.916213620e-02	6.046989004e-16
-1.900000000e-03	2.218037518e+01	2.887948241e-02	2.108261598e-16
-2.000000000e-03	2.218037574e+01	2.859682862e-02	6.216967049e-16
-2.100000000e-03	2.218037631e+01	2.831417484e-02	5.010513133e-16
-2.200000000e-03	2.218037688e+01	2.803152105e-02	8.652734095e-16
-2.300000000e-03	2.218037746e+01	2.774886727e-02	1.020135205e-15
-2.400000000e-03	2.218037803e+01	2.746621349e-02	6.823431223e-16
-2.500000000e-03	2.218037861e+01	2.718355972e-02	5.164733127e-16
-2.600000000e-03	2.218037920e+01	2.690090595e-02	5.787175341e-16
-2.700000000e-03	2.218037979e+01	2.661825218e-02	6.719181127e-16
-2.800000000e-03	2.218038038e+01	2.633559841e-02	4.610638285e-16
-2.900000000e-03	2.218038098e+01	2.605294465e-02	5.192845680e-16
-3.000000000e-03	2.218038157e+01	2.577029090e-02	7.072897762e-16
-3.100000000e-03	2.218038218e+01	2.548763714e-02	5.291178137e-16
-3.200000000e-03	2.218038278e+01	2.520498339e-02	3.988233634e-16
-3.300000000e-03	2.218038339e+01	2.492232965e-02	5.919866776e-16
-3.400000000e-03	2.218038401e+01	2.463967590e-02	5.800188742e-16
-3.500000000e-03	2.218038463e+01	2.435702217e-02	5.210771130e-16
-3.600000000e-03	2.218038525e+01	2.407436843e-02	5.938375021e-16
-3.700000000e-03	2.218038587e+01	2.379171470e-02	3.887063416e-16
-3.800000000e-03	2.218038650e+01	2.350906098e-02	3.056266341e-16
-3.900000000e-03	2.218038713e+01	2.322640726e-02	3.981285886e-16
-4.000000000e-03	2.218038777e+01	2.294375355e-02	3.385021212e-16
-4.100000000e-03	2.218038840e+01	2.266109984e-02	5.749706820e-16
-4.200000000e-03	2.218038905e+01	2.237844613e-02	8.107300146e-16
-4.300000000e-03	2.218038969e+01	2.209579244e-02	3.171114249e-16
-4.400000000e-03	2.218039034e+01	2.181313875e-02	2.704170653e-16
-4.500000000e-03	2.218039100e+01	2.153048506e-02	6.888646525e-16
-4.600000000e-03	2.218039165e+01	2.124783138e-02	5.530032273e-16
-4.700000000e-03	2.218039231e+01	2.096517771e-02	4.521390992e-16
-4.800000000e-03	2.218039298e+01	2.068252403e-02	6.129440221e-16
-4.900000000e-03	2.218039365e+01	2.039987037e-02	6.045636490e-16
-5.000000000e-03	2.218039432e+01	2.011721672e-02	5.006156859e-16
-5.100000000e-03	2.218039499e+01	1.983456307e-02	4.540252585e-16
-5.200000000e-03	2.218039567e+01	1.955190943e-02	5.915179819e-16
-5.300000000e-03	2.218039635e+01	1.926925579e-02	7.693146826e-16
-5.400000000e-03	2.218039704e+01	1.898660216e-02	5.523123168e-16
-5.500000000e-03	2.218039773e+01	1.870394854e-02	2.478786851e-16
-5.600000000e-03	2.218039842e+01	1.842129493e-02	2.449470522e-16
-5.700000000e-03	2.218039912e+01	1.813864132e-02	2.418735740e-16
-5.800000000e-03	2.218039982e+01	1.785598772e-02	4.460441355e-16
-5.900000000e-03	2.218040052e+01	1.757333413e-02	6.559361294e-16
-6.000000000e-03	2.218040123e+01	1.729068054e-02	2.919276682e-16
-6.100000000e-03	2.218040194e+01	1.700802696e-02	4.634938183e-16
-6.200000000e-03	2.218040265e+01	1.672537340e-02	5.326101654e-16
-6.300000000e-03	2.218040337e+01	1.644271984e-02	5.223701906e-16
-6.400000000e-03	2.218040409e+01	1.616006629e-02	5.192966240e-16
-6.500000000e-03	2.218040482e+01	1.587741274e-02	4.222672144e-16
-6.600000000e-03	2.218040555e+01	1.559475921e-02	5.920171447e-16
-6.700000000e-03	2.218040628e+01	1.531210569e-02	4.365811088e-16
-6.800000000e-03	2.218040702e+01	1.502945217e-02	3.205712094e-16
-6.900000000e-03	2.218040776e+01	1.474679866e-02	4.457413380e-16
-7.000000000e-03	2.218040850e+01	1.446414516e-02	5.108689422e-16
-7.100000000e-03	2.218040925e+01	1.418149167e-02	4.742453742e-16
-7.200000000e-03	2.218041000e+01	1.389883819e-02	7.793080879e-16
-7.300000000e-03	2.218041075e+01	1.361618472e-02	2.896339982e-16
-7.400000000e-03	2.218041151e+01	1.333353126e-02	6.694560111e-16
-7.500000000e-03	2.218041227e+01	1.305087781e-02	2.532434301e-16
-7.600000000e-03	2.218041303e+01	1.276822436e-02	5.314186838e-16
-7.700000000e-03	2.218041380e+01	1.248557094e-02	5.795323481e-16
-7.800000000e-03	2.218041458e+01	1.220291751e-02	3.770774392e-16
-7.900000000e-03	2.218041535e+01	1.192026411e-02	6.861243846e-16
-8.000000000e-03	2.218041613e+01	1.163761071e-02	4.620043044e-16
-8.100000000e-03	2.218041691e+01	1.135495732e-02	6.870197851e-16
-8.200000000e-03	2.218041770e+01	1.107230394e-02	8.216869271e-16
-8.300000000e-03	2.218041849e+01	1.078965058e-02	6.785598411e-16
-8.400000000e-03	2.218041928e+01	1.050699721e-02	5.271345851e-16
-8.500000000e-03	2.218042008e+01	1.022434387e-02	5.865645721e-16
-8.600000000e-03	2.218042088e+01	9.941690542e-03	6.232599905e-16
-8.700000000e-03	2.218042169e+01	9.659037218e-03	7.518475649e-16
-8.800000000e-03	2.218042250e+01	9.376383906e-03	3.629721382e-16
-8.900000000e-03	2.218042331e+01	9.093730611e-03	5.313598508e-16
-9.000000000e-03	2.218042412e+01	8.811077321e-03	5.283875630e-16
-9.100000000e-03	2.218042494e+01	8.528424046e-03	5.956317578e-16
-9.200000000e-03	2.218042576e+01	8.245770788e-03	4.951930770e-16
-9.300000000e-03	2.218042659e+01	7.963117538e-03	5.370695162e-16
-9.400000000e-03	2.218042742e+01	7.680464300e-03	3.706106006e-16
-9.500000000e-03	2.218042825e+01	7.397811068e-03	7.528678559e-16
-9.600000000e-03	2.218042909e+01	7.115157865e-03	7.483022157e-16
-9.700000000e-03	2.218042993e+01	6.832504663e-03	4.058804059e-16
-9.800000000e-03	2.218043077e+01	6.549851476e-03	5.932726459e-16
-9.900000000e-03	2.218043162e+01	6.267198303e-03	3.814789731e-16
-1.000000000e-02	2.218043247e+01	5.984545145e-03	5.614683594e-16
-1.010000000e-02	2.218043333e+01	5.701891997e-03	5.371133705e-16
-1.020000000e-02	2.218043419e+01	5.419238866e-03	6.790501109e-16
-1.030000000e-02	2.218043505e+01	5.136585741e-03	3.698949844e-16
-1.040000000e-02	2.218043592e+01	4.853932642e-03	7.022349436e-16
-1.050000000e-02	2.218043679e+01	4.571279544e-03	5.767281621e-16
-1.060000000e-02	2.218043766e+01	4.288626468e-03	4.742166492e-16
-1.070000000e-02	2.218043853e+01	4.005973409e-03	5.406235262e-16
-1.080000000e-02	2.218043942e+01	3.723320354e-03	6.219702742e-16
-1.090000000e-02	2.218044030e+01	3.440667324e-03	5.640080313e-16
-1.100000000e-02	2.218044119e+01	3.158014302e-03	5.416403407e-16
-1.110000000e-02	2.218044208e+01	2.875361304e-03	8.610200894e-16
-1.120000000e-02	2.218044297e+01	2.592708310e-03	3.733128769e-16
-1.130000000e-02	2.218044387e+01	2.310055335e-03	4.836493490e-16
-1.140000000e-02	2.218044477e+01	2.027402375e-03	6.027555918e-16
-1.150000000e-02	2.218044568e+01	1.744749435e-03	5.895474001e-16
-1.160000000e-02	2.218044659e+01	1.462096507e-03	6.127830904e-16
-1.170000000e-02	2.218044750e+01	1.179443589e-03	3.512656175e-16
-1.180000000e-02	2.218044842e+01	8.967906917e-04	4.415907673e-16
-1.190000000e-02	2.218044934e+01	6.141378094e-04	6.169613116e-16
-1.200000000e-02	2.218045026e+01	3.314849448e-04	6.647854679e-16
-1.210000000e-02	2.218045119e+01	4.883209663e-05	4.560582278e-16
-1.220000000e-02	2.218045212e+01	-2.338207337e-04	6.561632836e-16
-1.230000000e-02	2.218045305e+01	-5.164735479e-04	4.273969938e-16
-1.240000000e-02	2.218045399e+01	-7.991263526e-04	5.903909207e-16
-1.250000000e-02	2.218045493e+01	-1.081779133e-03	6.111094208e-16
-1.260000000e-02	2.218045587e+01	-1.364431893e-03	6.340927712e-16
-1.270000000e-02	2.218045682e+01	-1.647084651e-03	7.238937090e-16
-1.280000000e-02	2.218045778e+01	-1.929737373e-03	7.635490473e-16
-1.290000000e-02	2.218045873e+01	-2.212390093e-03	3.957319083e-16
-1.300000000e-02	2.218045969e+01	-2.495042792e-03	5.312578373e-16
-1.310000000e-02	2.218046065e+01	-2.777695465e-03	5.546342780e-16
-1.320000000e-02	2.218046162e+01	-3.060348134e-03	5.873559634e-16
-1.330000000e-02	2.218046259e+01	-3.343000772e-03	9.382329037e-16
-1.340000000e-02	2.218046357e+01	-3.625653397e-03	5.954618842e-16
-1.350000000e-02	2.218046454e+01	-3.908306007e-03	6.973304540e-16
-1.360000000e-02	2.218046552e+01	-4.190958594e-03	6.697070662e-16
-1.370000000e-02	2.218046651e+01	-4.473611169e-03	4.628007530e-16
-1.380000000e-02	2.218046750e+01	-4.756263724e-03	4.057509316e-16
-1.390000000e-02	2.218046849e+01	-5.038916253e-03	4.933807650e-16
-1.400000000e-02	2.218046948e+01	-5.321568770e-03	6.663262904e-16
-1.410000000e-02	2.218047048e+01	-5.604221264e-03	5.788289471e-16
-1.420000000e-02	2.218047149e+01	-5.886873747e-03	4.725701146e-16
-1.430000000e-02	2.218047249e+01	-6.169526201e-03	5.074027514e-16
-1.440000000e-02	2.218047350e+01	-6.452178644e-03	5.182027111e-16
-1.450000000e-02	2.218047452e+01	-6.734831065e-03	7.805415022e-16
-1.460000000e-02	2.218047553e+01	-7.017483462e-03	4.560551199e-16
-1.470000000e-02	2.218047655e+01	-7.300135843e-03	5.844146150e-16
-1.480000000e-02	2.218047758e+01	-7.582788202e-03	4.666622412e-16
-1.490000000e-02	2.218047861e+01	-7.865440539e-03	4.438256686e-16
-1.500000000e-02	2.218047964e+01	-8.148092856e-03	5.887453320e-16
-1.510000000e-02	2.218048067e+01	-8.430745158e-03	3.647256114e-16
-1.520000000e-02	2.218048171e+01	-8.713397435e-03	4.722614923e-16
-1.530000000e-02	2.218048275e+01	-8.996049692e-03	4.687975215e-16
-1.540000000e-02	2.218048380e+01	-9.278701928e-03	7.036169043e-16
-1.550000000e-02	2.218048485e+01	-9.561354145e-03	6.358744334e-16
-1.560000000e-02	2.218048590e+01	-9.844006346e-03	4.330684365e-16
-1.570000000e-02	2.218048696e+01	-1.012665852e-02	3.215648784e-16
-1.580000000e-02	2.218048802e+01	-1.040931067e-02	3.407604244e-16
-1.590000000e-02	2.218048908e+01	-1.069196280e-02	3.489288315e-16
-1.600000000e-02	2.218049015e+01	-1.097461491e-02	3.318257591e-16
-1.610000000e-02	2.218049122e+01	-1.125726700e-02	3.295195148e-16
-1.620000000e-02	2.218049230e+01	-1.153991907e-02	2.873501506e-16
-1.630000000e-02	2.218049337e+01	-1.182257112e-02	6.578956975e-16
-1.640000000e-02	2.218049446e+01	-1.210522314e-02	4.650731210e-16
-1.650000000e-02	2.218049554e+01	-1.238787513e-02	5.913279558e-16
-1.660000000e-02	2.218049663e+01	-1.267052711e-02	3.735461063e-16
-1.670000000e-02	2.218049772e+01	-1.295317907e-02	5.157119760e-16
-1.680000000e-02	2.218049882e+01	-1.323583100e-02	5.440398432e-16
-1.690000000e-02	2.218049992e+01	-1.351848291e-02	5.444130155e-16
-1.700000000e-02	2.218050102e+01	-1.380113480e-02	5.673622245e-16
-1.710000000e-02	2.218050213e+01	-1.408378667e-02	3.862366117e-16
-1.720000000e-02	2.218050324e+01	-1.436643851e-02	4.446984554e-16
-1.730000000e-02	2.218050436e+01	-1.464909033e-02	4.209529886e-16
-1.740000000e-02	2.218050547e+01	-1.493174212e-02	3.904315930e-16
-1.750000000e-02	2.218050660e+01	-1.521439389e-02	7.163692445e-16
-1.760000000e-02	2.218050772e+01	-1.549704563e-02	5.543839309e-16
-1.770000000e-02	2.218050885e+01	-1.577969736e-02	7.641329901e-16
-1.780000000e-02	2.218050998e+01	-1.606234906e-02	6.073307432e-16
-1.790000000e-02	2.218051112e+01	-1.634500073e-02	6.384767202e-16
-1.800000000e-02	2.218051226e+01	-1.662765238e-02	5.326043526e-16
-1.810000000e-02	2.218051340e+01	-1.691030401e-02	6.583468872e-16
-1.820000000e-02	2.218051455e+01	-1.719295560e-02	5.169082868e-16
-1.830000000e-02	2.218051570e+01	-1.747560719e-02	3.855626814e-16
-1.840000000e-02	2.218051685e+01	-1.775825874e-02	5.087125816e-16
-1.850000000e-02	2.218051801e+01	-1.804091026e-02	3.719370946e-16
-1.860000000e-02	2.218051917e+01	-1.832356176e-02	6.733219274e-16
-1.870000000e-02	2.218052033e+01	-1.860621324e-02	3.984652610e-16
-1.880000000e-02	2.218052150e+01	-1.888886469e-02	5.495630871e-16
-1.890000000e-02	2.218052268e+01	-1.917151611e-02	4.562953464e-16
-1.900000000e-02	2.218052385e+01	-1.945416752e-02	7.068432171e-16
-1.910000000e-02	2.218052503e+01	-1.973681889e-02	7.279525016e-16
-1.920000000e-02	2.218052621e+01	-2.001947024e-02	3.019628089e-16
-1.930000000e-02	2.218052740e+01	-2.030212156e-02	5.453026020e-16
-1.940000000e-02	2.218052859e+01	-2.058477285e-02	4.624243511e-16
-1.950000000e-02	2.218052978e+01	-2.086742412e-02	6.263063608e-16
-1.960000000e-02	2.218053098e+01	-2.115007537e-02	4.964239372e-16
-1.970000000e-02	2.218053218e+01	-2.143272658e-02	6.878713645e-16
-1.980000000e-02	2.218053338e+01	-2.171537777e-02	3.758396950e-16
-1.990000000e-02	2.218053459e+01	-2.199802893e-02	6.698355412e-16
-2.000000000e-02	2.218053580e+01	-2.228068007e-02	4.729104966e-16
-2.010000000e-02	2.218053702e+01	-2.256333118e-02	6.268537141e-16
-2.020000000e-02	2.218053824e+01	-2.284598226e-02	4.907039525e-16
-2.030000000e-02	2.218053946e+01	-2.312863331e-02	6.643745451e-16
-2.040000000e-02	2.218054069e+01	-2.341128433e-02	6.783625065e-16
-2.050000000e-02	2.218054192e+01	-2.369393533e-02	5.068751387e-16
-2.060000000e-02	2.218054315e+01	-2.397658631e-02	3.921339084e-16
-2.070000000e-02	2.218054439e+01	-2.425923724e-02	5.372255899e-16
-2.080000000e-02	2.218054563e+01	-2.454188816e-02	5.828583633e-16
-2.090000000e-02	2.218054687e+01	-2.482453905e-02	5.156174884e-16
-2.100000000e-02	2.218054812e+01	-2.510718990e-02	6.130585702e-16
-2.110000000e-02	2.218054937e+01	-2.538984073e-02	3.214624337e-16
-2.120000000e-02	2.218055062e+01	-2.567249152e-02	6.667731551e-16
-2.130000000e-02	2.218055188e+01	-2.595514230e-02	7.576507849e-16
-2.140000000e-02	2.218055315e+01	-2.623779304e-02	3.520094831e-16
-2.150000000e-02	2.218055441e+01	-2.652044375e-02	5.304957806e-16
-2.160000000e-02	2.218055568e+01	-2.680309444e-02	6.415799221e-16
-2.170000000e-02	2.218055695e+01	-2.708574509e-02	4.741705026e-16
-2.180000000e-02	2.218055823e+01	-2.736839571e-02	3.861348722e-16
-2.190000000e-02	2.218055951e+01	-2.765104631e-02	3.904805581e-16
-2.200000000e-02	2.218056079e+01	-2.793369687e-02	7.574866006e-16
-2.210000000e-02	2.218056208e+01	-2.821634741e-02	5.269287811e-16
-2.220000000e-02	2.218056337e+01	-2.849899791e-02	7.426101234e-16
-2.230000000e-02	2.218056467e+01	-2.878164839e-02	5.209453806e-16
-2.240000000e-02	2.218056596e+01	-2.906429883e-02	5.699453062e-16
-2.250000000e-02	2.218056727e+01	-2.934694925e-02	6.441325711e-16
-2.260000000e-02	2.218056857e+01	-2.962959963e-02	7.719121958e-16
-2.270000000e-02	2.218056988e+01	-2.991224999e-02	6.344124598e-16
-2.280000000e-02	2.218057119e+01	-3.019490030e-02	6.991985356e-16
-2.290000000e-02	2.218057251e+01	-3.047755060e-02	7.984415694e-16
-2.300000000e-02	2.218057383e+01	-3.076020086e-02	3.149348324e-16
-2.310000000e-02	2.218057515e+01	-3.104285108e-02	4.482140368e-16
-2.320000000e-02	2.218057648e+01	-3.132550128e-02	7.439925387e-16
-2.330000000e-02	2.218057781e+01	-3.160815144e-02	3.360593276e-16
-2.340000000e-02	2.218057914e+01	-3.189080157e-02	4.735485826e-16
-2.350000000e-02	2.218058048e+01	-3.217345167e-02	7.337257770e-16
-2.360000000e-02	2.218058182e+01	-3.245610175e-02	6.878091424e-16
-2.370000000e-02	2.218058317e+01	-3.273875178e-02	8.165730591e-16
-2.380000000e-02	2.218058451e+01	-3.302140179e-02	4.761235560e-16
-2.390000000e-02	2.218058587e+01	-3.330405176e-02	5.978451892e-16
-2.400000000e-02	2.218058722e+01	-3.358670170e-02	4.635072926e-16
-2.410000000e-02	2.218058858e+01	-3.386935160e-02	4.881240281e-16
-2.420000000e-02	2.218058994e+01	-3.415200148e-02	1.765991625e-16
-2.430000000e-02	2.218059131e+01	-3.443465132e-02	4.511830213e-16
-2.440000000e-02	2.218059268e+01	-3.471730113e-02	5.439082151e-16
-2.450000000e-02	2.218059405e+01	-3.499995091e-02	3.636477432e-16
-2.460000000e-02	2.218059543e+01	-3.528260064e-02	5.360796251e-16
-2.470000000e-02	2.218059681e+01	-3.556525035e-02	2.820957277e-16
-2.480000000e-02	2.218059820e+01	-3.584790003e-02	5.987088721e-16
-2.490000000e-02	2.218059959e+01	-3.613054967e-02	5.503077753e-16
-2.500000000e-02	2.218060098e+01	-3.641319928e-02	4.875217586e-16
