# Im(epsi1)     Re(Lambda)      Im(Lambda)      Eq(det).Opt det SIN kz, R=0.5 \mum, Re(epsi1)=4.90solve_det_sinkz_vs_mu.py
0.000000000e+00	2.178076540e+01	3.249137267e-02	7.169172688e-16
-1.000000000e-04	2.178076588e+01	3.221381846e-02	7.020978967e-16
-2.000000000e-04	2.178076636e+01	3.193626424e-02	7.885286510e-16
-3.000000000e-04	2.178076684e+01	3.165871002e-02	4.863559398e-16
-4.000000000e-04	2.178076733e+01	3.138115581e-02	9.711822604e-16
-5.000000000e-04	2.178076782e+01	3.110360159e-02	5.982045971e-16
-6.000000000e-04	2.178076832e+01	3.082604738e-02	9.560613549e-16
-7.000000000e-04	2.178076882e+01	3.054849316e-02	1.909024179e-16
-8.000000000e-04	2.178076932e+01	3.027093896e-02	7.400225325e-16
-9.000000000e-04	2.178076982e+01	2.999338474e-02	8.856763544e-16
-1.000000000e-03	2.178077033e+01	2.971583052e-02	4.658437000e-16
-1.100000000e-03	2.178077085e+01	2.943827631e-02	7.990177922e-16
-1.200000000e-03	2.178077136e+01	2.916072211e-02	8.604307596e-16
-1.300000000e-03	2.178077188e+01	2.888316789e-02	5.455450720e-16
-1.400000000e-03	2.178077241e+01	2.860561369e-02	5.260961456e-16
-1.500000000e-03	2.178077293e+01	2.832805949e-02	4.669728277e-16
-1.600000000e-03	2.178077346e+01	2.805050528e-02	5.069934584e-16
-1.700000000e-03	2.178077400e+01	2.777295108e-02	5.359507415e-16
-1.800000000e-03	2.178077454e+01	2.749539688e-02	4.616130200e-16
-1.900000000e-03	2.178077508e+01	2.721784269e-02	7.462682529e-16
-2.000000000e-03	2.178077562e+01	2.694028849e-02	6.710945816e-16
-2.100000000e-03	2.178077617e+01	2.666273429e-02	7.989123779e-16
-2.200000000e-03	2.178077672e+01	2.638518011e-02	8.647201352e-16
-2.300000000e-03	2.178077728e+01	2.610762591e-02	9.500529915e-16
-2.400000000e-03	2.178077784e+01	2.583007173e-02	5.866627199e-16
-2.500000000e-03	2.178077840e+01	2.555251755e-02	5.014528853e-16
-2.600000000e-03	2.178077896e+01	2.527496337e-02	6.076313256e-16
-2.700000000e-03	2.178077953e+01	2.499740919e-02	5.600967796e-16
-2.800000000e-03	2.178078011e+01	2.471985502e-02	5.786082455e-16
-2.900000000e-03	2.178078068e+01	2.444230086e-02	9.544576552e-16
-3.000000000e-03	2.178078126e+01	2.416474668e-02	8.717010114e-16
-3.100000000e-03	2.178078185e+01	2.388719253e-02	6.933583903e-16
-3.200000000e-03	2.178078244e+01	2.360963837e-02	8.399451937e-16
-3.300000000e-03	2.178078303e+01	2.333208422e-02	6.519279605e-16
-3.400000000e-03	2.178078362e+01	2.305453007e-02	3.334888542e-16
-3.500000000e-03	2.178078422e+01	2.277697592e-02	5.068173326e-16
-3.600000000e-03	2.178078482e+01	2.249942178e-02	5.848106522e-16
-3.700000000e-03	2.178078542e+01	2.222186765e-02	6.140765224e-16
-3.800000000e-03	2.178078603e+01	2.194431351e-02	2.798846844e-16
-3.900000000e-03	2.178078664e+01	2.166675939e-02	5.677901567e-16
-4.000000000e-03	2.178078726e+01	2.138920526e-02	7.195987437e-16
-4.100000000e-03	2.178078788e+01	2.111165115e-02	5.400242578e-16
-4.200000000e-03	2.178078850e+01	2.083409704e-02	7.816592894e-16
-4.300000000e-03	2.178078913e+01	2.055654293e-02	3.631523973e-16
-4.400000000e-03	2.178078976e+01	2.027898883e-02	4.601510268e-16
-4.500000000e-03	2.178079039e+01	2.000143474e-02	7.094901375e-16
-4.600000000e-03	2.178079103e+01	1.972388065e-02	5.136574241e-16
-4.700000000e-03	2.178079167e+01	1.944632656e-02	4.102808438e-16
-4.800000000e-03	2.178079231e+01	1.916877248e-02	5.417489300e-16
-4.900000000e-03	2.178079296e+01	1.889121842e-02	5.411957847e-16
-5.000000000e-03	2.178079361e+01	1.861366435e-02	7.010096237e-16
-5.100000000e-03	2.178079426e+01	1.833611029e-02	5.631911770e-16
-5.200000000e-03	2.178079492e+01	1.805855624e-02	6.757989481e-16
-5.300000000e-03	2.178079558e+01	1.778100219e-02	8.044653017e-16
-5.400000000e-03	2.178079625e+01	1.750344816e-02	6.102416743e-16
-5.500000000e-03	2.178079692e+01	1.722589413e-02	4.064111902e-16
-5.600000000e-03	2.178079759e+01	1.694834010e-02	7.566286502e-16
-5.700000000e-03	2.178079827e+01	1.667078608e-02	8.823997379e-16
-5.800000000e-03	2.178079894e+01	1.639323208e-02	5.337039646e-16
-5.900000000e-03	2.178079963e+01	1.611567808e-02	7.544215092e-16
-6.000000000e-03	2.178080031e+01	1.583812408e-02	5.821562475e-16
-6.100000000e-03	2.178080100e+01	1.556057009e-02	5.098642438e-16
-6.200000000e-03	2.178080170e+01	1.528301611e-02	6.957057009e-16
-6.300000000e-03	2.178080239e+01	1.500546214e-02	4.926172575e-16
-6.400000000e-03	2.178080309e+01	1.472790818e-02	8.475751954e-16
-6.500000000e-03	2.178080380e+01	1.445035423e-02	6.990792104e-16
-6.600000000e-03	2.178080451e+01	1.417280029e-02	5.666996993e-16
-6.700000000e-03	2.178080522e+01	1.389524635e-02	4.361975264e-16
-6.800000000e-03	2.178080593e+01	1.361769242e-02	6.648762004e-16
-6.900000000e-03	2.178080665e+01	1.334013850e-02	3.759104814e-16
-7.000000000e-03	2.178080737e+01	1.306258459e-02	8.305387652e-16
-7.100000000e-03	2.178080810e+01	1.278503069e-02	5.911191757e-16
-7.200000000e-03	2.178080882e+01	1.250747680e-02	6.313136358e-16
-7.300000000e-03	2.178080956e+01	1.222992292e-02	2.652715634e-16
-7.400000000e-03	2.178081029e+01	1.195236904e-02	5.322875934e-16
-7.500000000e-03	2.178081103e+01	1.167481518e-02	5.395870664e-16
-7.600000000e-03	2.178081178e+01	1.139726133e-02	4.234632719e-16
-7.700000000e-03	2.178081252e+01	1.111970749e-02	3.556267686e-16
-7.800000000e-03	2.178081327e+01	1.084215366e-02	7.809390522e-16
-7.900000000e-03	2.178081402e+01	1.056459983e-02	4.625135663e-16
-8.000000000e-03	2.178081478e+01	1.028704602e-02	5.076424736e-16
-8.100000000e-03	2.178081554e+01	1.000949222e-02	5.015351708e-16
-8.200000000e-03	2.178081631e+01	9.731938430e-03	4.855328208e-16
-8.300000000e-03	2.178081707e+01	9.454384652e-03	6.741455842e-16
-8.400000000e-03	2.178081785e+01	9.176830882e-03	5.847102345e-16
-8.500000000e-03	2.178081862e+01	8.899277122e-03	6.895297256e-16
-8.600000000e-03	2.178081940e+01	8.621723375e-03	6.021310035e-16
-8.700000000e-03	2.178082018e+01	8.344169635e-03	6.796369155e-16
-8.800000000e-03	2.178082097e+01	8.066615913e-03	6.066002004e-16
-8.900000000e-03	2.178082175e+01	7.789062199e-03	6.906208954e-16
-9.000000000e-03	2.178082255e+01	7.511508500e-03	5.144738077e-16
-9.100000000e-03	2.178082334e+01	7.233954809e-03	3.570251092e-16
-9.200000000e-03	2.178082414e+01	6.956401129e-03	7.089747168e-16
-9.300000000e-03	2.178082494e+01	6.678847470e-03	4.120762155e-16
-9.400000000e-03	2.178082575e+01	6.401293813e-03	5.614489675e-16
-9.500000000e-03	2.178082656e+01	6.123740180e-03	8.282874726e-16
-9.600000000e-03	2.178082737e+01	5.846186546e-03	6.344036306e-16
-9.700000000e-03	2.178082819e+01	5.568632936e-03	7.259483262e-16
-9.800000000e-03	2.178082901e+01	5.291079332e-03	5.220774969e-16
-9.900000000e-03	2.178082984e+01	5.013525737e-03	6.399474578e-16
-1.000000000e-02	2.178083066e+01	4.735972164e-03	4.498515174e-16
-1.010000000e-02	2.178083150e+01	4.458418602e-03	2.073157449e-16
-1.020000000e-02	2.178083233e+01	4.180865049e-03	6.263317239e-16
-1.030000000e-02	2.178083317e+01	3.903311519e-03	5.614332150e-16
-1.040000000e-02	2.178083401e+01	3.625757991e-03	5.352383070e-16
-1.050000000e-02	2.178083486e+01	3.348204486e-03	6.530843405e-16
-1.060000000e-02	2.178083571e+01	3.070650989e-03	5.517284987e-16
-1.070000000e-02	2.178083656e+01	2.793097508e-03	7.108607823e-16
-1.080000000e-02	2.178083741e+01	2.515544037e-03	8.422107479e-16
-1.090000000e-02	2.178083827e+01	2.237990590e-03	8.560498072e-16
-1.100000000e-02	2.178083914e+01	1.960437148e-03	6.721715114e-16
-1.110000000e-02	2.178084000e+01	1.682883722e-03	1.059488658e-15
-1.120000000e-02	2.178084087e+01	1.405330317e-03	8.131785176e-16
-1.130000000e-02	2.178084175e+01	1.127776930e-03	6.823603421e-16
-1.140000000e-02	2.178084262e+01	8.502235440e-04	5.913051162e-16
-1.150000000e-02	2.178084351e+01	5.726701828e-04	1.202719664e-16
-1.160000000e-02	2.178084439e+01	2.951168358e-04	2.255760495e-16
-1.170000000e-02	2.178084528e+01	1.756350341e-05	7.745636460e-16
-1.180000000e-02	2.178084617e+01	-2.599898208e-04	8.006468710e-16
-1.190000000e-02	2.178084706e+01	-5.375431188e-04	4.199519589e-16
-1.200000000e-02	2.178084796e+01	-8.150964047e-04	6.843221549e-16
-1.210000000e-02	2.178084886e+01	-1.092649679e-03	7.995058281e-16
-1.220000000e-02	2.178084977e+01	-1.370202932e-03	1.061338737e-15
-1.230000000e-02	2.178085068e+01	-1.647756170e-03	6.596394251e-16
-1.240000000e-02	2.178085159e+01	-1.925309393e-03	7.931166401e-16
-1.250000000e-02	2.178085251e+01	-2.202862596e-03	6.653408531e-16
-1.260000000e-02	2.178085343e+01	-2.480415783e-03	2.179582461e-16
-1.270000000e-02	2.178085435e+01	-2.757968952e-03	7.242944099e-16
-1.280000000e-02	2.178085528e+01	-3.035522104e-03	8.708367679e-16
-1.290000000e-02	2.178085621e+01	-3.313075249e-03	2.215496412e-16
-1.300000000e-02	2.178085714e+01	-3.590628363e-03	8.481600131e-16
-1.310000000e-02	2.178085808e+01	-3.868181475e-03	4.402128132e-16
-1.320000000e-02	2.178085902e+01	-4.145734555e-03	5.185367860e-16
-1.330000000e-02	2.178085996e+01	-4.423287624e-03	5.713036960e-16
-1.340000000e-02	2.178086091e+01	-4.700840678e-03	5.163389550e-16
-1.350000000e-02	2.178086186e+01	-4.978393713e-03	3.930026366e-16
-1.360000000e-02	2.178086282e+01	-5.255946728e-03	5.863508238e-16
-1.370000000e-02	2.178086378e+01	-5.533499721e-03	5.323158871e-16
-1.380000000e-02	2.178086474e+01	-5.811052706e-03	6.680211342e-16
-1.390000000e-02	2.178086571e+01	-6.088605660e-03	6.735491109e-16
-1.400000000e-02	2.178086667e+01	-6.366158605e-03	3.133092764e-16
-1.410000000e-02	2.178086765e+01	-6.643711533e-03	7.441362109e-16
-1.420000000e-02	2.178086862e+01	-6.921264430e-03	7.544599181e-16
-1.430000000e-02	2.178086960e+01	-7.198817320e-03	3.873215424e-16
-1.440000000e-02	2.178087059e+01	-7.476370189e-03	7.583297731e-16
-1.450000000e-02	2.178087157e+01	-7.753923033e-03	7.788854104e-16
-1.460000000e-02	2.178087256e+01	-8.031475858e-03	6.481100872e-16
-1.470000000e-02	2.178087356e+01	-8.309028674e-03	5.603384759e-16
-1.480000000e-02	2.178087456e+01	-8.586581462e-03	2.680594715e-16
-1.490000000e-02	2.178087556e+01	-8.864134227e-03	4.396838132e-16
-1.500000000e-02	2.178087656e+01	-9.141686980e-03	8.310326260e-16
-1.510000000e-02	2.178087757e+01	-9.419239708e-03	6.459337821e-16
-1.520000000e-02	2.178087858e+01	-9.696792419e-03	4.855854936e-16
-1.530000000e-02	2.178087960e+01	-9.974345111e-03	7.902552128e-16
-1.540000000e-02	2.178088062e+01	-1.025189778e-02	5.367382316e-16
-1.550000000e-02	2.178088164e+01	-1.052945042e-02	3.116425743e-16
-1.560000000e-02	2.178088266e+01	-1.080700305e-02	7.588305939e-16
-1.570000000e-02	2.178088369e+01	-1.108455566e-02	6.470291806e-16
-1.580000000e-02	2.178088473e+01	-1.136210825e-02	6.710525048e-16
-1.590000000e-02	2.178088576e+01	-1.163966081e-02	7.058262444e-16
-1.600000000e-02	2.178088680e+01	-1.191721336e-02	8.302976167e-16
-1.610000000e-02	2.178088785e+01	-1.219476588e-02	6.563926723e-16
-1.620000000e-02	2.178088889e+01	-1.247231838e-02	4.116542902e-16
-1.630000000e-02	2.178088994e+01	-1.274987086e-02	6.425931956e-16
-1.640000000e-02	2.178089100e+01	-1.302742332e-02	5.777984483e-16
-1.650000000e-02	2.178089205e+01	-1.330497575e-02	3.426971935e-16
-1.660000000e-02	2.178089312e+01	-1.358252817e-02	5.323001264e-16
-1.670000000e-02	2.178089418e+01	-1.386008056e-02	5.679659572e-16
-1.680000000e-02	2.178089525e+01	-1.413763293e-02	3.913200178e-16
-1.690000000e-02	2.178089632e+01	-1.441518527e-02	5.318846570e-16
-1.700000000e-02	2.178089740e+01	-1.469273760e-02	6.893270748e-16
-1.710000000e-02	2.178089847e+01	-1.497028991e-02	6.470454159e-16
-1.720000000e-02	2.178089956e+01	-1.524784218e-02	6.272924284e-16
-1.730000000e-02	2.178090064e+01	-1.552539444e-02	9.925833876e-16
-1.740000000e-02	2.178090173e+01	-1.580294667e-02	5.391282937e-16
-1.750000000e-02	2.178090283e+01	-1.608049888e-02	6.488548935e-16
-1.760000000e-02	2.178090392e+01	-1.635805107e-02	3.401406461e-16
-1.770000000e-02	2.178090502e+01	-1.663560323e-02	3.001674443e-16
-1.780000000e-02	2.178090613e+01	-1.691315537e-02	1.975098025e-16
-1.790000000e-02	2.178090723e+01	-1.719070748e-02	6.362269594e-16
-1.800000000e-02	2.178090834e+01	-1.746825957e-02	7.470136459e-16
-1.810000000e-02	2.178090946e+01	-1.774581164e-02	5.623563219e-16
-1.820000000e-02	2.178091058e+01	-1.802336369e-02	4.684962292e-16
-1.830000000e-02	2.178091170e+01	-1.830091571e-02	4.627547873e-16
-1.840000000e-02	2.178091282e+01	-1.857846770e-02	6.960928133e-16
-1.850000000e-02	2.178091395e+01	-1.885601967e-02	6.048596280e-16
-1.860000000e-02	2.178091508e+01	-1.913357161e-02	5.389287083e-16
-1.870000000e-02	2.178091622e+01	-1.941112354e-02	4.465700458e-16
-1.880000000e-02	2.178091736e+01	-1.968867543e-02	3.606723180e-16
-1.890000000e-02	2.178091850e+01	-1.996622730e-02	3.936201552e-16
-1.900000000e-02	2.178091965e+01	-2.024377915e-02	5.323835959e-16
-1.910000000e-02	2.178092079e+01	-2.052133097e-02	9.526404798e-16
-1.920000000e-02	2.178092195e+01	-2.079888276e-02	3.019962076e-16
-1.930000000e-02	2.178092310e+01	-2.107643453e-02	4.399136206e-16
-1.940000000e-02	2.178092426e+01	-2.135398628e-02	6.102804882e-16
-1.950000000e-02	2.178092543e+01	-2.163153799e-02	3.442689062e-16
-1.960000000e-02	2.178092660e+01	-2.190908968e-02	6.886669010e-16
-1.970000000e-02	2.178092777e+01	-2.218664135e-02	3.909406246e-16
-1.980000000e-02	2.178092894e+01	-2.246419299e-02	3.682359845e-16
-1.990000000e-02	2.178093012e+01	-2.274174460e-02	5.511021699e-16
-2.000000000e-02	2.178093130e+01	-2.301929619e-02	4.808345762e-16
-2.010000000e-02	2.178093249e+01	-2.329684775e-02	7.988412454e-16
-2.020000000e-02	2.178093367e+01	-2.357439927e-02	7.465639571e-16
-2.030000000e-02	2.178093487e+01	-2.385195078e-02	5.876038809e-16
-2.040000000e-02	2.178093606e+01	-2.412950226e-02	6.062680594e-16
-2.050000000e-02	2.178093726e+01	-2.440705371e-02	5.329787235e-16
-2.060000000e-02	2.178093846e+01	-2.468460513e-02	5.323133102e-16
-2.070000000e-02	2.178093967e+01	-2.496215652e-02	3.376249498e-16
-2.080000000e-02	2.178094088e+01	-2.523970789e-02	5.071402652e-16
-2.090000000e-02	2.178094209e+01	-2.551725923e-02	4.315837272e-16
-2.100000000e-02	2.178094331e+01	-2.579481054e-02	6.919264754e-16
-2.110000000e-02	2.178094453e+01	-2.607236183e-02	7.378711888e-16
-2.120000000e-02	2.178094575e+01	-2.634991308e-02	3.183284782e-16
-2.130000000e-02	2.178094698e+01	-2.662746431e-02	4.590017943e-16
-2.140000000e-02	2.178094821e+01	-2.690501551e-02	4.503095148e-16
-2.150000000e-02	2.178094945e+01	-2.718256668e-02	3.991630990e-16
-2.160000000e-02	2.178095068e+01	-2.746011782e-02	5.729492828e-16
-2.170000000e-02	2.178095193e+01	-2.773766893e-02	4.028706279e-16
-2.180000000e-02	2.178095317e+01	-2.801522002e-02	6.602142422e-16
-2.190000000e-02	2.178095442e+01	-2.829277107e-02	6.302061392e-16
-2.200000000e-02	2.178095567e+01	-2.857032210e-02	6.700957703e-16
-2.210000000e-02	2.178095693e+01	-2.884787309e-02	5.133950152e-16
-2.220000000e-02	2.178095819e+01	-2.912542406e-02	6.256714558e-16
-2.230000000e-02	2.178095945e+01	-2.940297499e-02	4.826556920e-16
-2.240000000e-02	2.178096072e+01	-2.968052590e-02	2.740958187e-16
-2.250000000e-02	2.178096199e+01	-2.995807677e-02	4.020106532e-16
-2.260000000e-02	2.178096326e+01	-3.023562762e-02	6.676112833e-16
-2.270000000e-02	2.178096454e+01	-3.051317843e-02	8.189629993e-16
-2.280000000e-02	2.178096582e+01	-3.079072922e-02	5.155577692e-16
-2.290000000e-02	2.178096710e+01	-3.106827998e-02	6.150411253e-16
-2.300000000e-02	2.178096839e+01	-3.134583070e-02	8.579341823e-16
-2.310000000e-02	2.178096968e+01	-3.162338139e-02	4.642876823e-16
-2.320000000e-02	2.178097097e+01	-3.190093206e-02	9.019918184e-16
-2.330000000e-02	2.178097227e+01	-3.217848269e-02	4.488035220e-16
-2.340000000e-02	2.178097357e+01	-3.245603329e-02	7.053720362e-16
-2.350000000e-02	2.178097488e+01	-3.273358386e-02	5.463848732e-16
-2.360000000e-02	2.178097619e+01	-3.301113440e-02	3.838487524e-16
-2.370000000e-02	2.178097750e+01	-3.328868490e-02	6.442161332e-16
-2.380000000e-02	2.178097882e+01	-3.356623538e-02	4.528890863e-16
-2.390000000e-02	2.178098013e+01	-3.384378582e-02	4.204533848e-16
-2.400000000e-02	2.178098146e+01	-3.412133623e-02	5.494154182e-16
-2.410000000e-02	2.178098278e+01	-3.439888661e-02	3.741451613e-16
-2.420000000e-02	2.178098411e+01	-3.467643695e-02	4.138635337e-16
-2.430000000e-02	2.178098545e+01	-3.495398727e-02	6.029283545e-16
-2.440000000e-02	2.178098678e+01	-3.523153755e-02	2.102783345e-16
-2.450000000e-02	2.178098813e+01	-3.550908780e-02	3.358595024e-16
-2.460000000e-02	2.178098947e+01	-3.578663801e-02	2.874847209e-16
-2.470000000e-02	2.178099082e+01	-3.606418820e-02	5.836953797e-16
-2.480000000e-02	2.178099217e+01	-3.634173835e-02	3.944886787e-16
-2.490000000e-02	2.178099352e+01	-3.661928846e-02	6.544573266e-16
-2.500000000e-02	2.178099488e+01	-3.689683854e-02	6.029275619e-16
