# Im(epsi1)     Re(Lambda)      Im(Lambda)      Eq(det).Opt det SIN kz, R=0.5 \mum, Re(epsi1)=4.90solve_det_sinkz_vs_mu.py
0.000000000e+00	1.786416028e+01	1.866675104e-02	1.080700574e-15
-1.000000000e-04	1.786416061e+01	1.843929352e-02	9.423949053e-16
-2.000000000e-04	1.786416093e+01	1.821183599e-02	6.048655626e-16
-3.000000000e-04	1.786416126e+01	1.798437847e-02	1.127398773e-15
-4.000000000e-04	1.786416159e+01	1.775692095e-02	1.150660618e-15
-5.000000000e-04	1.786416193e+01	1.752946342e-02	1.637634408e-15
-6.000000000e-04	1.786416227e+01	1.730200590e-02	1.106200730e-15
-7.000000000e-04	1.786416261e+01	1.707454837e-02	9.827480091e-16
-8.000000000e-04	1.786416295e+01	1.684709085e-02	1.123088509e-15
-9.000000000e-04	1.786416330e+01	1.661963333e-02	1.481488515e-15
-1.000000000e-03	1.786416365e+01	1.639217581e-02	6.618368267e-16
-1.100000000e-03	1.786416400e+01	1.616471829e-02	1.634026410e-15
-1.200000000e-03	1.786416435e+01	1.593726077e-02	1.733696456e-15
-1.300000000e-03	1.786416471e+01	1.570980325e-02	1.374091240e-15
-1.400000000e-03	1.786416507e+01	1.548234574e-02	1.332846858e-15
-1.500000000e-03	1.786416543e+01	1.525488822e-02	1.054643047e-15
-1.600000000e-03	1.786416580e+01	1.502743070e-02	1.304208696e-15
-1.700000000e-03	1.786416617e+01	1.479997319e-02	1.403860344e-15
-1.800000000e-03	1.786416654e+01	1.457251568e-02	7.094006659e-16
-1.900000000e-03	1.786416692e+01	1.434505817e-02	1.378311066e-15
-2.000000000e-03	1.786416730e+01	1.411760067e-02	8.579985147e-16
-2.100000000e-03	1.786416768e+01	1.389014317e-02	1.293425259e-15
-2.200000000e-03	1.786416806e+01	1.366268567e-02	1.031242596e-15
-2.300000000e-03	1.786416845e+01	1.343522816e-02	2.006712570e-15
-2.400000000e-03	1.786416884e+01	1.320777067e-02	1.162202232e-15
-2.500000000e-03	1.786416923e+01	1.298031317e-02	1.740273104e-15
-2.600000000e-03	1.786416963e+01	1.275285568e-02	1.427514109e-15
-2.700000000e-03	1.786417002e+01	1.252539819e-02	1.436630313e-15
-2.800000000e-03	1.786417043e+01	1.229794071e-02	9.534722807e-16
-2.900000000e-03	1.786417083e+01	1.207048323e-02	6.582903694e-16
-3.000000000e-03	1.786417124e+01	1.184302574e-02	1.262237623e-15
-3.100000000e-03	1.786417165e+01	1.161556827e-02	6.779450016e-16
-3.200000000e-03	1.786417206e+01	1.138811080e-02	4.349020903e-16
-3.300000000e-03	1.786417247e+01	1.116065333e-02	1.132596178e-15
-3.400000000e-03	1.786417289e+01	1.093319586e-02	7.742466433e-16
-3.500000000e-03	1.786417332e+01	1.070573840e-02	1.841379200e-15
-3.600000000e-03	1.786417374e+01	1.047828094e-02	1.266459046e-15
-3.700000000e-03	1.786417417e+01	1.025082349e-02	1.858757957e-15
-3.800000000e-03	1.786417460e+01	1.002336604e-02	7.617800598e-16
-3.900000000e-03	1.786417503e+01	9.795908585e-03	1.351583365e-15
-4.000000000e-03	1.786417547e+01	9.568451144e-03	9.403891738e-16
-4.100000000e-03	1.786417591e+01	9.340993706e-03	1.154545868e-15
-4.200000000e-03	1.786417635e+01	9.113536277e-03	1.241205821e-15
-4.300000000e-03	1.786417679e+01	8.886078844e-03	1.767832997e-15
-4.400000000e-03	1.786417724e+01	8.658621421e-03	1.131579640e-15
-4.500000000e-03	1.786417769e+01	8.431164002e-03	1.139223230e-15
-4.600000000e-03	1.786417814e+01	8.203706588e-03	1.110415911e-15
-4.700000000e-03	1.786417860e+01	7.976249178e-03	1.487637829e-15
-4.800000000e-03	1.786417906e+01	7.748791775e-03	1.633064507e-15
-4.900000000e-03	1.786417952e+01	7.521334377e-03	1.307698727e-15
-5.000000000e-03	1.786417999e+01	7.293876976e-03	1.407922392e-15
-5.100000000e-03	1.786418045e+01	7.066419588e-03	1.254416074e-15
-5.200000000e-03	1.786418092e+01	6.838962207e-03	1.341578951e-15
-5.300000000e-03	1.786418140e+01	6.611504831e-03	9.894253339e-16
-5.400000000e-03	1.786418187e+01	6.384047460e-03	6.207662977e-16
-5.500000000e-03	1.786418235e+01	6.156590091e-03	9.688130841e-16
-5.600000000e-03	1.786418284e+01	5.929132732e-03	7.928976208e-16
-5.700000000e-03	1.786418332e+01	5.701675381e-03	9.374987772e-16
-5.800000000e-03	1.786418381e+01	5.474218034e-03	1.056263381e-15
-5.900000000e-03	1.786418430e+01	5.246760690e-03	1.154775952e-15
-6.000000000e-03	1.786418480e+01	5.019303354e-03	9.358138277e-16
-6.100000000e-03	1.786418529e+01	4.791846031e-03	1.133617737e-15
-6.200000000e-03	1.786418579e+01	4.564388705e-03	1.006300618e-15
-6.300000000e-03	1.786418629e+01	4.336931389e-03	1.389654787e-15
-6.400000000e-03	1.786418680e+01	4.109474083e-03	1.795689393e-15
-6.500000000e-03	1.786418731e+01	3.882016786e-03	8.853901928e-16
-6.600000000e-03	1.786418782e+01	3.654559486e-03	1.645783033e-15
-6.700000000e-03	1.786418833e+01	3.427102204e-03	1.318992314e-15
-6.800000000e-03	1.786418885e+01	3.199644928e-03	1.327317608e-15
-6.900000000e-03	1.786418937e+01	2.972187656e-03	1.060628952e-15
-7.000000000e-03	1.786418989e+01	2.744730386e-03	1.429339501e-15
-7.100000000e-03	1.786419042e+01	2.517273136e-03	1.378480436e-15
-7.200000000e-03	1.786419095e+01	2.289815884e-03	8.813572543e-16
-7.300000000e-03	1.786419148e+01	2.062358640e-03	1.079742768e-15
-7.400000000e-03	1.786419201e+01	1.834901412e-03	1.092714905e-15
-7.500000000e-03	1.786419255e+01	1.607444186e-03	1.429619190e-15
-7.600000000e-03	1.786419309e+01	1.379986969e-03	1.856346774e-15
-7.700000000e-03	1.786419364e+01	1.152529757e-03	1.962741814e-15
-7.800000000e-03	1.786419418e+01	9.250725619e-04	1.282292929e-15
-7.900000000e-03	1.786419473e+01	6.976153701e-04	1.235234384e-15
-8.000000000e-03	1.786419528e+01	4.701581886e-04	9.309736082e-16
-8.100000000e-03	1.786419584e+01	2.427010125e-04	9.815485425e-16
-8.200000000e-03	1.786419639e+01	1.524385028e-05	1.169319311e-15
-8.300000000e-03	1.786419696e+01	-2.122133106e-04	1.823804507e-15
-8.400000000e-03	1.786419752e+01	-4.396704531e-04	1.711900495e-15
-8.500000000e-03	1.786419809e+01	-6.671275916e-04	1.357785078e-15
-8.600000000e-03	1.786419865e+01	-8.945847228e-04	1.675426164e-15
-8.700000000e-03	1.786419923e+01	-1.122041839e-03	8.963708578e-16
-8.800000000e-03	1.786419980e+01	-1.349498952e-03	9.604262569e-16
-8.900000000e-03	1.786420038e+01	-1.576956044e-03	2.580262116e-15
-9.000000000e-03	1.786420096e+01	-1.804413139e-03	1.313164641e-15
-9.100000000e-03	1.786420154e+01	-2.031870224e-03	1.847179942e-15
-9.200000000e-03	1.786420213e+01	-2.259327291e-03	8.504271494e-16
-9.300000000e-03	1.786420272e+01	-2.486784353e-03	9.300550762e-16
-9.400000000e-03	1.786420331e+01	-2.714241399e-03	1.286081588e-15
-9.500000000e-03	1.786420391e+01	-2.941698439e-03	6.999938203e-16
-9.600000000e-03	1.786420451e+01	-3.169155472e-03	1.194362112e-15
-9.700000000e-03	1.786420511e+01	-3.396612490e-03	1.080372485e-15
-9.800000000e-03	1.786420571e+01	-3.624069495e-03	6.321984089e-16
-9.900000000e-03	1.786420632e+01	-3.851526494e-03	1.209732688e-15
-1.000000000e-02	1.786420693e+01	-4.078983482e-03	1.329407326e-15
-1.010000000e-02	1.786420754e+01	-4.306440459e-03	1.450655959e-15
-1.020000000e-02	1.786420816e+01	-4.533897420e-03	5.930090304e-16
-1.030000000e-02	1.786420877e+01	-4.761354371e-03	7.163658273e-16
-1.040000000e-02	1.786420940e+01	-4.988811315e-03	7.405799410e-16
-1.050000000e-02	1.786421002e+01	-5.216268244e-03	7.750991345e-16
-1.060000000e-02	1.786421065e+01	-5.443725163e-03	9.203180845e-16
-1.070000000e-02	1.786421128e+01	-5.671182072e-03	8.187072212e-16
-1.080000000e-02	1.786421191e+01	-5.898638972e-03	1.918790374e-15
-1.090000000e-02	1.786421255e+01	-6.126095850e-03	4.946206819e-16
-1.100000000e-02	1.786421319e+01	-6.353552722e-03	1.603159848e-15
-1.110000000e-02	1.786421383e+01	-6.581009586e-03	1.354805724e-15
-1.120000000e-02	1.786421447e+01	-6.808466429e-03	1.387196261e-15
-1.130000000e-02	1.786421512e+01	-7.035923262e-03	9.812139723e-16
-1.140000000e-02	1.786421577e+01	-7.263380088e-03	1.602642886e-15
-1.150000000e-02	1.786421642e+01	-7.490836900e-03	1.299833566e-15
-1.160000000e-02	1.786421708e+01	-7.718293693e-03	1.142586446e-15
-1.170000000e-02	1.786421774e+01	-7.945750478e-03	1.672236220e-15
-1.180000000e-02	1.786421840e+01	-8.173207251e-03	8.899699193e-16
-1.190000000e-02	1.786421906e+01	-8.400664014e-03	1.294298395e-15
-1.200000000e-02	1.786421973e+01	-8.628120755e-03	1.072038089e-15
-1.210000000e-02	1.786422040e+01	-8.855577493e-03	1.006816489e-15
-1.220000000e-02	1.786422108e+01	-9.083034210e-03	1.308854473e-15
-1.230000000e-02	1.786422175e+01	-9.310490917e-03	1.527282482e-15
-1.240000000e-02	1.786422243e+01	-9.537947610e-03	8.346225795e-16
-1.250000000e-02	1.786422311e+01	-9.765404287e-03	1.893018826e-15
-1.260000000e-02	1.786422380e+01	-9.992860955e-03	1.206578407e-15
-1.270000000e-02	1.786422449e+01	-1.022031760e-02	7.301345148e-16
-1.280000000e-02	1.786422518e+01	-1.044777424e-02	7.677903070e-16
-1.290000000e-02	1.786422587e+01	-1.067523087e-02	1.241508655e-15
-1.300000000e-02	1.786422657e+01	-1.090268748e-02	1.823275342e-15
-1.310000000e-02	1.786422727e+01	-1.113014407e-02	7.625438405e-16
-1.320000000e-02	1.786422797e+01	-1.135760065e-02	1.169221940e-15
-1.330000000e-02	1.786422868e+01	-1.158505722e-02	1.349860384e-15
-1.340000000e-02	1.786422938e+01	-1.181251377e-02	9.895614198e-16
-1.350000000e-02	1.786423010e+01	-1.203997030e-02	1.023579362e-15
-1.360000000e-02	1.786423081e+01	-1.226742682e-02	1.717975010e-15
-1.370000000e-02	1.786423153e+01	-1.249488333e-02	9.030114962e-16
-1.380000000e-02	1.786423225e+01	-1.272233982e-02	9.990914319e-16
-1.390000000e-02	1.786423297e+01	-1.294979630e-02	1.579541705e-15
-1.400000000e-02	1.786423369e+01	-1.317725276e-02	1.054255688e-15
-1.410000000e-02	1.786423442e+01	-1.340470920e-02	1.580799889e-15
-1.420000000e-02	1.786423515e+01	-1.363216564e-02	1.233162050e-15
-1.430000000e-02	1.786423589e+01	-1.385962205e-02	1.320291344e-15
-1.440000000e-02	1.786423663e+01	-1.408707845e-02	1.422486230e-15
-1.450000000e-02	1.786423737e+01	-1.431453484e-02	2.064165305e-15
-1.460000000e-02	1.786423811e+01	-1.454199120e-02	1.529554802e-15
-1.470000000e-02	1.786423886e+01	-1.476944755e-02	1.451691093e-15
-1.480000000e-02	1.786423960e+01	-1.499690389e-02	2.217592869e-15
-1.490000000e-02	1.786424036e+01	-1.522436021e-02	1.856718535e-15
-1.500000000e-02	1.786424111e+01	-1.545181651e-02	1.398399384e-15
-1.510000000e-02	1.786424187e+01	-1.567927280e-02	1.990464609e-15
-1.520000000e-02	1.786424263e+01	-1.590672906e-02	5.751691328e-16
-1.530000000e-02	1.786424339e+01	-1.613418531e-02	9.512808999e-16
-1.540000000e-02	1.786424416e+01	-1.636164155e-02	1.024461889e-15
-1.550000000e-02	1.786424493e+01	-1.658909777e-02	9.670523360e-16
-1.560000000e-02	1.786424570e+01	-1.681655397e-02	1.043662836e-15
-1.570000000e-02	1.786424647e+01	-1.704401015e-02	1.448016991e-15
-1.580000000e-02	1.786424725e+01	-1.727146632e-02	1.323404959e-15
-1.590000000e-02	1.786424803e+01	-1.749892247e-02	1.111091644e-15
-1.600000000e-02	1.786424882e+01	-1.772637860e-02	1.622588419e-15
-1.610000000e-02	1.786424960e+01	-1.795383472e-02	1.920082008e-15
-1.620000000e-02	1.786425039e+01	-1.818129081e-02	9.073053956e-16
-1.630000000e-02	1.786425118e+01	-1.840874689e-02	1.681436801e-15
-1.640000000e-02	1.786425198e+01	-1.863620296e-02	1.139779409e-15
-1.650000000e-02	1.786425278e+01	-1.886365900e-02	7.993310628e-16
-1.660000000e-02	1.786425358e+01	-1.909111502e-02	1.338411031e-15
-1.670000000e-02	1.786425438e+01	-1.931857103e-02	1.444076406e-15
-1.680000000e-02	1.786425519e+01	-1.954602701e-02	1.508101898e-15
-1.690000000e-02	1.786425600e+01	-1.977348298e-02	1.286269391e-15
-1.700000000e-02	1.786425681e+01	-2.000093894e-02	1.157780496e-15
-1.710000000e-02	1.786425763e+01	-2.022839487e-02	1.325447660e-15
-1.720000000e-02	1.786425844e+01	-2.045585079e-02	1.439634479e-15
-1.730000000e-02	1.786425927e+01	-2.068330668e-02	9.956124502e-16
-1.740000000e-02	1.786426009e+01	-2.091076255e-02	1.126652153e-15
-1.750000000e-02	1.786426092e+01	-2.113821841e-02	1.890438195e-15
-1.760000000e-02	1.786426175e+01	-2.136567425e-02	1.277761515e-15
-1.770000000e-02	1.786426258e+01	-2.159313006e-02	1.051722604e-15
-1.780000000e-02	1.786426342e+01	-2.182058586e-02	1.177970641e-15
-1.790000000e-02	1.786426425e+01	-2.204804164e-02	1.763912989e-15
-1.800000000e-02	1.786426510e+01	-2.227549740e-02	1.352497510e-15
-1.810000000e-02	1.786426594e+01	-2.250295314e-02	1.662656198e-15
-1.820000000e-02	1.786426679e+01	-2.273040886e-02	5.973413380e-16
-1.830000000e-02	1.786426764e+01	-2.295786455e-02	1.103413793e-15
-1.840000000e-02	1.786426849e+01	-2.318532024e-02	1.103867713e-15
-1.850000000e-02	1.786426935e+01	-2.341277590e-02	1.171844026e-15
-1.860000000e-02	1.786427021e+01	-2.364023154e-02	1.753827573e-15
-1.870000000e-02	1.786427107e+01	-2.386768715e-02	8.396141496e-16
-1.880000000e-02	1.786427193e+01	-2.409514275e-02	1.566377775e-15
-1.890000000e-02	1.786427280e+01	-2.432259833e-02	1.543159819e-15
-1.900000000e-02	1.786427367e+01	-2.455005388e-02	1.492946132e-15
-1.910000000e-02	1.786427454e+01	-2.477750941e-02	1.502559715e-15
-1.920000000e-02	1.786427542e+01	-2.500496493e-02	2.113303394e-15
-1.930000000e-02	1.786427630e+01	-2.523242042e-02	9.009803636e-16
-1.940000000e-02	1.786427718e+01	-2.545987589e-02	8.957161654e-16
-1.950000000e-02	1.786427807e+01	-2.568733134e-02	7.411425362e-16
-1.960000000e-02	1.786427895e+01	-2.591478677e-02	8.096475911e-16
-1.970000000e-02	1.786427984e+01	-2.614224218e-02	1.131039327e-15
-1.980000000e-02	1.786428074e+01	-2.636969756e-02	1.241939272e-15
-1.990000000e-02	1.786428163e+01	-2.659715293e-02	1.260048922e-15
-2.000000000e-02	1.786428253e+01	-2.682460827e-02	9.148537048e-16
-2.010000000e-02	1.786428344e+01	-2.705206359e-02	1.139408847e-15
-2.020000000e-02	1.786428434e+01	-2.727951888e-02	1.018384399e-15
-2.030000000e-02	1.786428525e+01	-2.750697416e-02	9.603446580e-16
-2.040000000e-02	1.786428616e+01	-2.773442942e-02	1.671560195e-15
-2.050000000e-02	1.786428707e+01	-2.796188465e-02	1.137220785e-15
-2.060000000e-02	1.786428799e+01	-2.818933986e-02	1.674125107e-15
-2.070000000e-02	1.786428891e+01	-2.841679504e-02	4.135286991e-16
-2.080000000e-02	1.786428983e+01	-2.864425019e-02	1.295588049e-15
-2.090000000e-02	1.786429076e+01	-2.887170533e-02	9.757479207e-16
-2.100000000e-02	1.786429169e+01	-2.909916045e-02	1.181452284e-15
-2.110000000e-02	1.786429262e+01	-2.932661555e-02	9.608571317e-16
-2.120000000e-02	1.786429355e+01	-2.955407062e-02	8.090951430e-16
-2.130000000e-02	1.786429449e+01	-2.978152566e-02	1.790841118e-15
-2.140000000e-02	1.786429543e+01	-3.000898069e-02	1.109429469e-15
-2.150000000e-02	1.786429637e+01	-3.023643569e-02	1.510357482e-15
-2.160000000e-02	1.786429732e+01	-3.046389066e-02	1.142297088e-15
-2.170000000e-02	1.786429827e+01	-3.069134561e-02	1.876036403e-15
-2.180000000e-02	1.786429922e+01	-3.091880054e-02	7.885056657e-16
-2.190000000e-02	1.786430017e+01	-3.114625544e-02	5.329416526e-16
-2.200000000e-02	1.786430113e+01	-3.137371032e-02	6.921554172e-16
-2.210000000e-02	1.786430209e+01	-3.160116518e-02	1.551496433e-15
-2.220000000e-02	1.786430305e+01	-3.182862001e-02	1.171436650e-15
-2.230000000e-02	1.786430402e+01	-3.205607482e-02	1.172757019e-15
-2.240000000e-02	1.786430499e+01	-3.228352960e-02	1.351079069e-15
-2.250000000e-02	1.786430596e+01	-3.251098436e-02	2.154024489e-15
-2.260000000e-02	1.786430694e+01	-3.273843909e-02	1.230084567e-15
-2.270000000e-02	1.786430791e+01	-3.296589380e-02	1.104357636e-15
-2.280000000e-02	1.786430889e+01	-3.319334848e-02	1.108441301e-15
-2.290000000e-02	1.786430988e+01	-3.342080314e-02	9.220540914e-16
-2.300000000e-02	1.786431086e+01	-3.364825777e-02	4.785339763e-16
-2.310000000e-02	1.786431185e+01	-3.387571238e-02	1.840114686e-15
-2.320000000e-02	1.786431284e+01	-3.410316695e-02	1.846011358e-15
-2.330000000e-02	1.786431384e+01	-3.433062151e-02	9.166377103e-16
-2.340000000e-02	1.786431484e+01	-3.455807604e-02	1.761001640e-15
-2.350000000e-02	1.786431584e+01	-3.478553054e-02	1.293472549e-15
-2.360000000e-02	1.786431684e+01	-3.501298502e-02	6.229464849e-16
-2.370000000e-02	1.786431785e+01	-3.524043948e-02	8.311597762e-16
-2.380000000e-02	1.786431886e+01	-3.546789390e-02	1.489922753e-15
-2.390000000e-02	1.786431987e+01	-3.569534830e-02	1.195517952e-15
-2.400000000e-02	1.786432089e+01	-3.592280268e-02	1.262238014e-15
-2.410000000e-02	1.786432190e+01	-3.615025702e-02	8.401479207e-16
-2.420000000e-02	1.786432292e+01	-3.637771135e-02	1.286610082e-15
-2.430000000e-02	1.786432395e+01	-3.660516564e-02	1.460439922e-15
-2.440000000e-02	1.786432498e+01	-3.683261991e-02	9.682981151e-16
-2.450000000e-02	1.786432600e+01	-3.706007415e-02	4.847413126e-16
-2.460000000e-02	1.786432704e+01	-3.728752836e-02	9.410748345e-16
-2.470000000e-02	1.786432807e+01	-3.751498254e-02	1.858841260e-15
-2.480000000e-02	1.786432911e+01	-3.774243671e-02	1.425787339e-15
-2.490000000e-02	1.786433015e+01	-3.796989084e-02	1.170481374e-15
-2.500000000e-02	1.786433120e+01	-3.819734494e-02	2.035586329e-15
