# kz [1/micrones]     Omega [THz]    log10(|det|)     , $\mu_c$ = 0.4000 eV, modo = 2, R = 0.50$\mu$m, $\eta$ = 0.95, plot_det_conkz.py
1.00000000000e-02	1.03341120520e+03	-1.55287841869e+00
2.00000000000e-02	1.03341201769e+03	-1.55283829898e+00
3.00000000000e-02	1.03341337165e+03	-1.55277143211e+00
4.00000000000e-02	1.03341526641e+03	-1.55267781704e+00
5.00000000000e-02	1.03341770141e+03	-1.55255745231e+00
6.00000000000e-02	1.03342067844e+03	-1.55241033607e+00
7.00000000000e-02	1.03342419484e+03	-1.55223646601e+00
8.00000000000e-02	1.03342825294e+03	-1.55203583943e+00
9.00000000000e-02	1.03343285116e+03	-1.55180845322e+00
1.00000000000e-01	1.03343798761e+03	-1.55155430383e+00
1.10000000000e-01	1.03344366379e+03	-1.55127338728e+00
1.20000000000e-01	1.03344987942e+03	-1.55096569921e+00
1.30000000000e-01	1.03345663214e+03	-1.55063123478e+00
1.40000000000e-01	1.03346392312e+03	-1.55026998877e+00
1.50000000000e-01	1.03347175008e+03	-1.54988195550e+00
1.60000000000e-01	1.03348011532e+03	-1.54946712887e+00
1.70000000000e-01	1.03348901556e+03	-1.54902550236e+00
1.80000000000e-01	1.03349845028e+03	-1.54855706899e+00
1.90000000000e-01	1.03350841891e+03	-1.54806182136e+00
2.00000000000e-01	1.03351892251e+03	-1.54753975162e+00
2.10000000000e-01	1.03352995706e+03	-1.54699085148e+00
2.20000000000e-01	1.03354152382e+03	-1.54641511221e+00
2.30000000000e-01	1.03355362128e+03	-1.54581252460e+00
2.40000000000e-01	1.03356624907e+03	-1.54518307902e+00
2.50000000000e-01	1.03357940335e+03	-1.54452676536e+00
2.60000000000e-01	1.03359308665e+03	-1.54384357306e+00
2.70000000000e-01	1.03360729630e+03	-1.54313349109e+00
2.80000000000e-01	1.03362203134e+03	-1.54239650794e+00
2.90000000000e-01	1.03363728874e+03	-1.54163261165e+00
3.00000000000e-01	1.03365306960e+03	-1.54084178977e+00
3.10000000000e-01	1.03366937170e+03	-1.54002402934e+00
3.20000000000e-01	1.03368619356e+03	-1.53917931695e+00
3.30000000000e-01	1.03370353300e+03	-1.53830763867e+00
3.40000000000e-01	1.03372138937e+03	-1.53740898009e+00
3.50000000000e-01	1.03373976188e+03	-1.53648332628e+00
3.60000000000e-01	1.03375864709e+03	-1.53553066181e+00
3.70000000000e-01	1.03377804368e+03	-1.53455097072e+00
3.80000000000e-01	1.03379795090e+03	-1.53354423656e+00
3.90000000000e-01	1.03381836918e+03	-1.53251044230e+00
4.00000000000e-01	1.03383929154e+03	-1.53144957043e+00
4.10000000000e-01	1.03386071930e+03	-1.53036160286e+00
4.20000000000e-01	1.03388264926e+03	-1.52924652097e+00
4.30000000000e-01	1.03390508124e+03	-1.52810430559e+00
4.40000000000e-01	1.03392801076e+03	-1.52693493697e+00
4.50000000000e-01	1.03395143832e+03	-1.52573839480e+00
4.60000000000e-01	1.03397535935e+03	-1.52451465819e+00
4.70000000000e-01	1.03399977315e+03	-1.52326370569e+00
4.80000000000e-01	1.03402467875e+03	-1.52198551521e+00
4.90000000000e-01	1.03405006997e+03	-1.52068006411e+00
5.00000000000e-01	1.03407594704e+03	-1.51934732910e+00
5.10000000000e-01	1.03410230787e+03	-1.51798728630e+00
5.20000000000e-01	1.03412914899e+03	-1.51659991118e+00
5.30000000000e-01	1.03415646809e+03	-1.51518517861e+00
5.40000000000e-01	1.03418426185e+03	-1.51374306278e+00
5.50000000000e-01	1.03421252836e+03	-1.51227353724e+00
5.60000000000e-01	1.03424126519e+03	-1.51077657488e+00
5.70000000000e-01	1.03427046863e+03	-1.50925214792e+00
5.80000000000e-01	1.03430013678e+03	-1.50770022788e+00
5.90000000000e-01	1.03433026541e+03	-1.50612078560e+00
6.00000000000e-01	1.03436085196e+03	-1.50451379121e+00
6.10000000000e-01	1.03439189448e+03	-1.50287921414e+00
6.20000000000e-01	1.03442338884e+03	-1.50121702306e+00
6.30000000000e-01	1.03445533210e+03	-1.49952718595e+00
6.40000000000e-01	1.03448771968e+03	-1.49780966999e+00
6.50000000000e-01	1.03452055048e+03	-1.49606444164e+00
6.60000000000e-01	1.03455381918e+03	-1.49429146657e+00
6.70000000000e-01	1.03458752310e+03	-1.49249070966e+00
6.80000000000e-01	1.03462165940e+03	-1.49066213501e+00
6.90000000000e-01	1.03465622282e+03	-1.48880570590e+00
7.00000000000e-01	1.03469120993e+03	-1.48692138478e+00
7.10000000000e-01	1.03472661807e+03	-1.48500913326e+00
7.20000000000e-01	1.03476244268e+03	-1.48306891213e+00
7.30000000000e-01	1.03479867964e+03	-1.48110068128e+00
7.40000000000e-01	1.03483532533e+03	-1.47910439975e+00
7.50000000000e-01	1.03487237556e+03	-1.47708002565e+00
7.60000000000e-01	1.03490982430e+03	-1.47502751623e+00
7.70000000000e-01	1.03494767064e+03	-1.47294682779e+00
7.80000000000e-01	1.03498590659e+03	-1.47083791568e+00
7.90000000000e-01	1.03502453069e+03	-1.46870073432e+00
8.00000000000e-01	1.03506353563e+03	-1.46653523714e+00
8.10000000000e-01	1.03510292069e+03	-1.46434137661e+00
8.20000000000e-01	1.03514267723e+03	-1.46211910417e+00
8.30000000000e-01	1.03518280261e+03	-1.45986837025e+00
8.40000000000e-01	1.03522329010e+03	-1.45758912425e+00
8.50000000000e-01	1.03526413512e+03	-1.45528131449e+00
8.60000000000e-01	1.03530533505e+03	-1.45294488825e+00
8.70000000000e-01	1.03534688237e+03	-1.45057979169e+00
8.80000000000e-01	1.03538877059e+03	-1.44818596987e+00
8.90000000000e-01	1.03543099876e+03	-1.44576336672e+00
9.00000000000e-01	1.03547355692e+03	-1.44331192501e+00
9.10000000000e-01	1.03551644104e+03	-1.44083158636e+00
9.20000000000e-01	1.03555964615e+03	-1.43832229119e+00
9.30000000000e-01	1.03560316468e+03	-1.43578397868e+00
9.40000000000e-01	1.03564699183e+03	-1.43321658682e+00
9.50000000000e-01	1.03569112196e+03	-1.43062005233e+00
9.60000000000e-01	1.03573554769e+03	-1.42799431064e+00
9.70000000000e-01	1.03578026373e+03	-1.42533929589e+00
9.80000000000e-01	1.03582526363e+03	-1.42265494090e+00
9.90000000000e-01	1.03587053969e+03	-1.41994117714e+00
1.00000000000e+00	1.03591608689e+03	-1.41719793470e+00
1.01000000000e+00	1.03596189769e+03	-1.41442514228e+00
1.02000000000e+00	1.03600796480e+03	-1.41162272717e+00
1.03000000000e+00	1.03605428182e+03	-1.40879061521e+00
1.04000000000e+00	1.03610084252e+03	-1.40592873075e+00
1.05000000000e+00	1.03614763806e+03	-1.40303699665e+00
1.06000000000e+00	1.03619466142e+03	-1.40011533425e+00
1.07000000000e+00	1.03624190512e+03	-1.39716366332e+00
1.08000000000e+00	1.03628936135e+03	-1.39418190207e+00
1.09000000000e+00	1.03633702243e+03	-1.39116996706e+00
1.10000000000e+00	1.03638488114e+03	-1.38812777325e+00
1.11000000000e+00	1.03643292884e+03	-1.38505523389e+00
1.12000000000e+00	1.03648115791e+03	-1.38195226055e+00
1.13000000000e+00	1.03652955874e+03	-1.37881876304e+00
1.14000000000e+00	1.03657812391e+03	-1.37565464943e+00
1.15000000000e+00	1.03662684384e+03	-1.37245982596e+00
1.16000000000e+00	1.03667571111e+03	-1.36923419705e+00
1.17000000000e+00	1.03672471421e+03	-1.36597766525e+00
1.18000000000e+00	1.03677384747e+03	-1.36269013119e+00
1.19000000000e+00	1.03682309931e+03	-1.35937149356e+00
1.20000000000e+00	1.03687246010e+03	-1.35602164908e+00
1.21000000000e+00	1.03692191902e+03	-1.35264049245e+00
1.22000000000e+00	1.03697147147e+03	-1.34922791630e+00
1.23000000000e+00	1.03702110200e+03	-1.34578381117e+00
1.24000000000e+00	1.03707080281e+03	-1.34230806548e+00
1.25000000000e+00	1.03712056486e+03	-1.33880056544e+00
1.26000000000e+00	1.03717037369e+03	-1.33526119505e+00
1.27000000000e+00	1.03722022319e+03	-1.33168983606e+00
1.28000000000e+00	1.03727009975e+03	-1.32808636789e+00
1.29000000000e+00	1.03731999130e+03	-1.32445066762e+00
1.30000000000e+00	1.03736989047e+03	-1.32078260991e+00
1.31000000000e+00	1.03741978218e+03	-1.31708206697e+00
1.32000000000e+00	1.03746965678e+03	-1.31334890854e+00
1.33000000000e+00	1.03751950138e+03	-1.30958300178e+00
1.34000000000e+00	1.03756930443e+03	-1.30578421126e+00
1.35000000000e+00	1.03761905364e+03	-1.30195239889e+00
1.36000000000e+00	1.03766873739e+03	-1.29808742389e+00
1.37000000000e+00	1.03771834017e+03	-1.29418914269e+00
1.38000000000e+00	1.03776785337e+03	-1.29025740892e+00
1.39000000000e+00	1.03781725911e+03	-1.28629207334e+00
1.40000000000e+00	1.03786654775e+03	-1.28229298374e+00
1.41000000000e+00	1.03791570477e+03	-1.27825998495e+00
1.42000000000e+00	1.03796471618e+03	-1.27419291871e+00
1.43000000000e+00	1.03801356763e+03	-1.27009162365e+00
1.44000000000e+00	1.03806224573e+03	-1.26595593521e+00
1.45000000000e+00	1.03811073267e+03	-1.26178568556e+00
1.46000000000e+00	1.03815902088e+03	-1.25758070357e+00
1.47000000000e+00	1.03820708663e+03	-1.25334081467e+00
1.48000000000e+00	1.03825492139e+03	-1.24906584085e+00
1.49000000000e+00	1.03830250617e+03	-1.24475560054e+00
1.50000000000e+00	1.03834982576e+03	-1.24040990856e+00
1.51000000000e+00	1.03839686522e+03	-1.23602857601e+00
1.52000000000e+00	1.03844360703e+03	-1.23161141023e+00
1.53000000000e+00	1.03849003758e+03	-1.22715821467e+00
1.54000000000e+00	1.03853613596e+03	-1.22266878885e+00
1.55000000000e+00	1.03858188587e+03	-1.21814292823e+00
1.56000000000e+00	1.03862727256e+03	-1.21358042416e+00
1.57000000000e+00	1.03867227664e+03	-1.20898106375e+00
1.58000000000e+00	1.03871688025e+03	-1.20434462981e+00
1.59000000000e+00	1.03876106409e+03	-1.19967090072e+00
1.60000000000e+00	1.03880481109e+03	-1.19495965036e+00
1.61000000000e+00	1.03884810155e+03	-1.19021064798e+00
1.62000000000e+00	1.03889091780e+03	-1.18542365811e+00
1.63000000000e+00	1.03893323986e+03	-1.18059844043e+00
1.64000000000e+00	1.03897504559e+03	-1.17573474969e+00
1.65000000000e+00	1.03901631965e+03	-1.17083233558e+00
1.66000000000e+00	1.03905703721e+03	-1.16589094258e+00
1.67000000000e+00	1.03909717768e+03	-1.16091030990e+00
1.68000000000e+00	1.03913672353e+03	-1.15589017128e+00
1.69000000000e+00	1.03917565310e+03	-1.15083025494e+00
1.70000000000e+00	1.03921393764e+03	-1.14573028336e+00
1.71000000000e+00	1.03925156574e+03	-1.14058997322e+00
1.72000000000e+00	1.03928850870e+03	-1.13540903521e+00
1.73000000000e+00	1.03932474580e+03	-1.13018717389e+00
1.74000000000e+00	1.03936025192e+03	-1.12492408755e+00
1.75000000000e+00	1.03939500627e+03	-1.11961946806e+00
1.76000000000e+00	1.03942898242e+03	-1.11427300068e+00
1.77000000000e+00	1.03946216052e+03	-1.10888436394e+00
1.78000000000e+00	1.03949451125e+03	-1.10345322941e+00
1.79000000000e+00	1.03952601492e+03	-1.09797926159e+00
1.80000000000e+00	1.03955664165e+03	-1.09246211766e+00
1.81000000000e+00	1.03958637097e+03	-1.08690144735e+00
1.82000000000e+00	1.03961517192e+03	-1.08129689272e+00
1.83000000000e+00	1.03964302191e+03	-1.07564808795e+00
1.84000000000e+00	1.03966989414e+03	-1.06995465916e+00
1.85000000000e+00	1.03969576084e+03	-1.06421622417e+00
1.86000000000e+00	1.03972059414e+03	-1.05843239231e+00
1.87000000000e+00	1.03974436890e+03	-1.05260276414e+00
1.88000000000e+00	1.03976705396e+03	-1.04672693129e+00
1.89000000000e+00	1.03978862782e+03	-1.04080447613e+00
1.90000000000e+00	1.03980905267e+03	-1.03483497161e+00
1.91000000000e+00	1.03982830441e+03	-1.02881798090e+00
1.92000000000e+00	1.03984635626e+03	-1.02275305721e+00
1.93000000000e+00	1.03986317285e+03	-1.01663974345e+00
1.94000000000e+00	1.03987872990e+03	-1.01047757199e+00
1.95000000000e+00	1.03989299495e+03	-1.00426606430e+00
1.96000000000e+00	1.03990593535e+03	-9.98004730691e-01
1.97000000000e+00	1.03991752548e+03	-9.91693069985e-01
1.98000000000e+00	1.03992772801e+03	-9.85330569164e-01
1.99000000000e+00	1.03993651635e+03	-9.78916703038e-01
2.00000000000e+00	1.03994385770e+03	-9.72450933890e-01
2.01000000000e+00	1.03994971940e+03	-9.65932711097e-01
2.02000000000e+00	1.03995406848e+03	-9.59361470755e-01
2.03000000000e+00	1.03995687318e+03	-9.52736635271e-01
2.04000000000e+00	1.03995810272e+03	-9.46057612959e-01
2.05000000000e+00	1.03995772171e+03	-9.39323797603e-01
2.06000000000e+00	1.03995569902e+03	-9.32534568015e-01
2.07000000000e+00	1.03995199883e+03	-9.25689287572e-01
2.08000000000e+00	1.03994658979e+03	-9.18787303732e-01
2.09000000000e+00	1.03993944129e+03	-9.11827947539e-01
2.10000000000e+00	1.03993051271e+03	-9.04810533100e-01
2.11000000000e+00	1.03991977657e+03	-8.97734357046e-01
2.12000000000e+00	1.03990719265e+03	-8.90598697970e-01
2.13000000000e+00	1.03989273349e+03	-8.83402815844e-01
2.14000000000e+00	1.03987636007e+03	-8.76145951409e-01
2.15000000000e+00	1.03985804518e+03	-8.68827325542e-01
2.16000000000e+00	1.03983774666e+03	-8.61446138600e-01
2.17000000000e+00	1.03981544036e+03	-8.54001569730e-01
2.18000000000e+00	1.03979108676e+03	-8.46492776153e-01
2.19000000000e+00	1.03976464909e+03	-8.38918892425e-01
2.20000000000e+00	1.03973610485e+03	-8.31279029651e-01
2.21000000000e+00	1.03970541073e+03	-8.23572274683e-01
2.22000000000e+00	1.03967253740e+03	-8.15797689268e-01
2.23000000000e+00	1.03963745809e+03	-8.07954309169e-01
2.24000000000e+00	1.03960013214e+03	-8.00041143246e-01
2.25000000000e+00	1.03956053166e+03	-7.92057172489e-01
2.26000000000e+00	1.03951863136e+03	-7.84001349019e-01
2.27000000000e+00	1.03947439473e+03	-7.75872595035e-01
2.28000000000e+00	1.03942779659e+03	-7.67669801719e-01
2.29000000000e+00	1.03937880047e+03	-7.59391828088e-01
2.30000000000e+00	1.03932738434e+03	-7.51037499796e-01
2.31000000000e+00	1.03927352146e+03	-7.42605607876e-01
2.32000000000e+00	1.03921718527e+03	-7.34094907429e-01
2.33000000000e+00	1.03915834756e+03	-7.25504116247e-01
2.34000000000e+00	1.03909698416e+03	-7.16831913370e-01
2.35000000000e+00	1.03903307939e+03	-7.08076937582e-01
2.36000000000e+00	1.03896660224e+03	-6.99237785821e-01
2.37000000000e+00	1.03889753614e+03	-6.90313011524e-01
2.38000000000e+00	1.03882586076e+03	-6.81301122887e-01
2.39000000000e+00	1.03875156128e+03	-6.72200581033e-01
2.40000000000e+00	1.03867462352e+03	-6.63009798099e-01
2.41000000000e+00	1.03859502643e+03	-6.53727135218e-01
2.42000000000e+00	1.03851276008e+03	-6.44350900404e-01
2.43000000000e+00	1.03842781732e+03	-6.34879346327e-01
2.44000000000e+00	1.03834018843e+03	-6.25310667973e-01
2.45000000000e+00	1.03824986399e+03	-6.15643000182e-01
2.46000000000e+00	1.03815684843e+03	-6.05874415060e-01
2.47000000000e+00	1.03806113017e+03	-5.96002919247e-01
2.48000000000e+00	1.03796271388e+03	-5.86026451047e-01
2.49000000000e+00	1.03786160437e+03	-5.75942877397e-01
2.50000000000e+00	1.03775780563e+03	-5.65749990676e-01
