# epsi_ci     Re(Lambda)      Im(Lambda)      Eq(det), R = 0.10 $\mu$m, $E_p$ = 0.300 eV, modo = 4, $\epsilon_\infty$ = 3.9, $\gamma_{DL}$ = 0.01 eV, solve_det_sinkz_vs_mu.py
0.000000000e+00	4.785093337e+00	5.392355940e-02	4.248971982e-22
-5.000000000e-04	4.785099838e+00	5.352782360e-02	7.605959051e-22
-1.000000000e-03	4.785106373e+00	5.313208768e-02	2.513392760e-22
-1.500000000e-03	4.785112939e+00	5.273635168e-02	5.277258424e-22
-2.000000000e-03	4.785119539e+00	5.234061560e-02	2.730550769e-22
-2.500000000e-03	4.785126171e+00	5.194487943e-02	2.388014120e-22
-3.000000000e-03	4.785132835e+00	5.154914319e-02	5.258544916e-22
-3.500000000e-03	4.785139532e+00	5.115340689e-02	7.196788115e-22
-4.000000000e-03	4.785146262e+00	5.075767054e-02	4.275650977e-22
-4.500000000e-03	4.785153024e+00	5.036193414e-02	5.822941233e-22
-5.000000000e-03	4.785159819e+00	4.996619770e-02	4.530402992e-22
-5.500000000e-03	4.785166646e+00	4.957046124e-02	4.453832007e-22
-6.000000000e-03	4.785173506e+00	4.917472475e-02	7.647266320e-22
-6.500000000e-03	4.785180398e+00	4.877898824e-02	5.366708165e-22
-7.000000000e-03	4.785187323e+00	4.838325173e-02	9.743554335e-22
-7.500000000e-03	4.785194281e+00	4.798751523e-02	4.605680248e-22
-8.000000000e-03	4.785201271e+00	4.759177873e-02	4.388076585e-22
-8.500000000e-03	4.785208294e+00	4.719604224e-02	4.174829406e-22
-9.000000000e-03	4.785215349e+00	4.680030579e-02	5.573833371e-22
-9.500000000e-03	4.785222437e+00	4.640456937e-02	6.479843343e-22
-1.000000000e-02	4.785229557e+00	4.600883298e-02	6.035965474e-22
-1.050000000e-02	4.785236710e+00	4.561309666e-02	3.645169535e-22
-1.100000000e-02	4.785243895e+00	4.521736038e-02	4.421993540e-22
-1.150000000e-02	4.785251114e+00	4.482162418e-02	2.868454623e-22
-1.200000000e-02	4.785258364e+00	4.442588805e-02	3.587323916e-22
-1.250000000e-02	4.785265647e+00	4.403015200e-02	3.396195956e-22
-1.300000000e-02	4.785272963e+00	4.363441603e-02	6.641514664e-22
-1.350000000e-02	4.785280311e+00	4.323868017e-02	5.114568257e-22
-1.400000000e-02	4.785287692e+00	4.284294442e-02	5.293184239e-22
-1.450000000e-02	4.785295106e+00	4.244720877e-02	6.602857619e-22
-1.500000000e-02	4.785302552e+00	4.205147326e-02	3.517120999e-22
-1.550000000e-02	4.785310030e+00	4.165573787e-02	4.504452319e-22
-1.600000000e-02	4.785317541e+00	4.126000261e-02	3.886840675e-22
-1.650000000e-02	4.785325085e+00	4.086426750e-02	7.610367732e-22
-1.700000000e-02	4.785332661e+00	4.046853255e-02	3.798601720e-22
-1.750000000e-02	4.785340270e+00	4.007279776e-02	6.588079352e-22
-1.800000000e-02	4.785347911e+00	3.967706314e-02	2.867324373e-22
-1.850000000e-02	4.785355585e+00	3.928132870e-02	6.628632751e-22
-1.900000000e-02	4.785363292e+00	3.888559445e-02	5.196277176e-22
-1.950000000e-02	4.785371031e+00	3.848986038e-02	3.707374761e-22
-2.000000000e-02	4.785378802e+00	3.809412652e-02	4.724031753e-22
-2.050000000e-02	4.785386606e+00	3.769839287e-02	4.388774099e-22
-2.100000000e-02	4.785394443e+00	3.730265944e-02	5.942694166e-22
-2.150000000e-02	4.785402312e+00	3.690692623e-02	5.851514994e-22
-2.200000000e-02	4.785410214e+00	3.651119326e-02	7.176741461e-22
-2.250000000e-02	4.785418149e+00	3.611546053e-02	4.380979333e-22
-2.300000000e-02	4.785426116e+00	3.571972805e-02	5.652725018e-22
-2.350000000e-02	4.785434115e+00	3.532399583e-02	2.699631896e-22
-2.400000000e-02	4.785442147e+00	3.492826387e-02	8.273165821e-22
-2.450000000e-02	4.785450212e+00	3.453253219e-02	8.265671078e-22
-2.500000000e-02	4.785458309e+00	3.413680079e-02	8.663123241e-22
-2.550000000e-02	4.785466439e+00	3.374106969e-02	6.033618677e-22
-2.600000000e-02	4.785474601e+00	3.334533888e-02	3.850826184e-22
-2.650000000e-02	4.785482796e+00	3.294960838e-02	5.845297063e-22
-2.700000000e-02	4.785491023e+00	3.255387818e-02	3.523912994e-22
-2.750000000e-02	4.785499283e+00	3.215814832e-02	4.775468293e-22
-2.800000000e-02	4.785507576e+00	3.176241878e-02	3.139856373e-22
-2.850000000e-02	4.785515901e+00	3.136668958e-02	5.773292886e-22
-2.900000000e-02	4.785524259e+00	3.097096073e-02	5.697421413e-22
-2.950000000e-02	4.785532649e+00	3.057523223e-02	4.748722119e-22
-3.000000000e-02	4.785541072e+00	3.017950409e-02	5.000754671e-22
-3.050000000e-02	4.785549527e+00	2.978377633e-02	3.794281424e-22
-3.100000000e-02	4.785558015e+00	2.938804894e-02	7.164827949e-22
-3.150000000e-02	4.785566536e+00	2.899232194e-02	4.054567999e-22
-3.200000000e-02	4.785575089e+00	2.859659534e-02	5.044518195e-22
-3.250000000e-02	4.785583674e+00	2.820086913e-02	4.265954843e-22
-3.300000000e-02	4.785592292e+00	2.780514334e-02	4.416869493e-22
-3.350000000e-02	4.785600943e+00	2.740941796e-02	5.929693096e-22
-3.400000000e-02	4.785609626e+00	2.701369301e-02	6.058993209e-22
-3.450000000e-02	4.785618342e+00	2.661796849e-02	6.386292387e-22
-3.500000000e-02	4.785627090e+00	2.622224442e-02	3.476815554e-22
-3.550000000e-02	4.785635871e+00	2.582652080e-02	7.283760640e-22
-3.600000000e-02	4.785644685e+00	2.543079764e-02	5.536564096e-22
-3.650000000e-02	4.785653531e+00	2.503507494e-02	3.994827285e-22
-3.700000000e-02	4.785662410e+00	2.463935272e-02	8.473766558e-22
-3.750000000e-02	4.785671321e+00	2.424363098e-02	5.767834000e-22
-3.800000000e-02	4.785680264e+00	2.384790973e-02	5.733905908e-22
-3.850000000e-02	4.785689241e+00	2.345218898e-02	6.057368041e-22
-3.900000000e-02	4.785698250e+00	2.305646874e-02	5.140606025e-22
-3.950000000e-02	4.785707291e+00	2.266074900e-02	4.890324277e-22
-4.000000000e-02	4.785716365e+00	2.226502980e-02	4.960557146e-22
-4.050000000e-02	4.785725471e+00	2.186931112e-02	5.261748854e-22
-4.100000000e-02	4.785734610e+00	2.147359298e-02	2.978594510e-22
-4.150000000e-02	4.785743782e+00	2.107787539e-02	3.780236844e-22
-4.200000000e-02	4.785752986e+00	2.068215836e-02	6.589083477e-22
-4.250000000e-02	4.785762223e+00	2.028644188e-02	4.735284439e-22
-4.300000000e-02	4.785771492e+00	1.989072597e-02	6.728868484e-22
-4.350000000e-02	4.785780794e+00	1.949501065e-02	2.161302016e-22
-4.400000000e-02	4.785790128e+00	1.909929591e-02	4.572110497e-22
-4.450000000e-02	4.785799495e+00	1.870358177e-02	6.356420907e-22
-4.500000000e-02	4.785808895e+00	1.830786822e-02	4.920881116e-22
-4.550000000e-02	4.785818327e+00	1.791215530e-02	6.805115316e-22
-4.600000000e-02	4.785827791e+00	1.751644298e-02	5.582628358e-22
-4.650000000e-02	4.785837289e+00	1.712073130e-02	3.526390672e-22
-4.700000000e-02	4.785846818e+00	1.672502025e-02	5.600966420e-22
-4.750000000e-02	4.785856380e+00	1.632930984e-02	5.057349743e-22
-4.800000000e-02	4.785865975e+00	1.593360008e-02	6.818683219e-22
-4.850000000e-02	4.785875603e+00	1.553789098e-02	6.630214844e-22
-4.900000000e-02	4.785885263e+00	1.514218255e-02	4.226673629e-22
-4.950000000e-02	4.785894955e+00	1.474647479e-02	2.768011047e-22
-5.000000000e-02	4.785904680e+00	1.435076772e-02	4.962138169e-22
-5.050000000e-02	4.785914438e+00	1.395506133e-02	3.415860729e-22
-5.100000000e-02	4.785924228e+00	1.355935564e-02	6.257991260e-22
-5.150000000e-02	4.785934050e+00	1.316365067e-02	3.392622836e-22
-5.200000000e-02	4.785943906e+00	1.276794641e-02	5.775010930e-22
-5.250000000e-02	4.785953793e+00	1.237224286e-02	7.786002349e-22
-5.300000000e-02	4.785963714e+00	1.197654005e-02	2.840439773e-22
-5.350000000e-02	4.785973666e+00	1.158083798e-02	3.899334806e-22
-5.400000000e-02	4.785983652e+00	1.118513665e-02	4.121263708e-22
-5.450000000e-02	4.785993670e+00	1.078943608e-02	3.394692639e-22
-5.500000000e-02	4.786003720e+00	1.039373628e-02	4.263512751e-22
-5.550000000e-02	4.786013803e+00	9.998037237e-03	3.957781926e-22
-5.600000000e-02	4.786023919e+00	9.602338976e-03	3.314872304e-22
-5.650000000e-02	4.786034067e+00	9.206641504e-03	4.922999319e-22
-5.700000000e-02	4.786044248e+00	8.810944825e-03	7.329052485e-22
-5.750000000e-02	4.786054461e+00	8.415248954e-03	3.745472335e-22
-5.800000000e-02	4.786064707e+00	8.019553889e-03	5.957023916e-22
-5.850000000e-02	4.786074985e+00	7.623859648e-03	7.075183842e-22
-5.900000000e-02	4.786085296e+00	7.228166229e-03	2.494908360e-22
-5.950000000e-02	4.786095639e+00	6.832473649e-03	4.615414631e-22
-6.000000000e-02	4.786106015e+00	6.436781907e-03	4.464632765e-22
-6.050000000e-02	4.786116424e+00	6.041091021e-03	3.536099916e-22
-6.100000000e-02	4.786126865e+00	5.645400989e-03	5.736351970e-22
-6.150000000e-02	4.786137338e+00	5.249711823e-03	2.961879970e-22
-6.200000000e-02	4.786147845e+00	4.854023535e-03	1.611233081e-22
-6.250000000e-02	4.786158383e+00	4.458336129e-03	2.979224469e-22
-6.300000000e-02	4.786168954e+00	4.062649612e-03	5.242189871e-22
-6.350000000e-02	4.786179558e+00	3.666963995e-03	4.445965013e-22
-6.400000000e-02	4.786190195e+00	3.271279286e-03	4.841223104e-22
-6.450000000e-02	4.786200863e+00	2.875595495e-03	4.167229214e-22
-6.500000000e-02	4.786211565e+00	2.479912621e-03	5.127951048e-22
-6.550000000e-02	4.786222299e+00	2.084230680e-03	4.754916202e-22
-6.600000000e-02	4.786233065e+00	1.688549679e-03	4.180219103e-22
-6.650000000e-02	4.786243864e+00	1.292869623e-03	5.261022953e-22
-6.700000000e-02	4.786254696e+00	8.971905225e-04	4.038532579e-22
-6.750000000e-02	4.786265560e+00	5.015123878e-04	6.601993936e-22
-6.800000000e-02	4.786276456e+00	1.058352183e-04	5.488032577e-22
-6.850000000e-02	4.786287386e+00	-2.898409670e-04	6.998992498e-22
-6.900000000e-02	4.786298347e+00	-6.855161753e-04	3.907225028e-22
-6.950000000e-02	4.786309342e+00	-1.081190379e-03	1.647582378e-22
-7.000000000e-02	4.786320368e+00	-1.476863585e-03	9.270414242e-22
-7.050000000e-02	4.786331428e+00	-1.872535778e-03	5.437387651e-22
-7.100000000e-02	4.786342520e+00	-2.268206951e-03	7.441166549e-22
-7.150000000e-02	4.786353644e+00	-2.663877096e-03	5.176333160e-22
-7.200000000e-02	4.786364801e+00	-3.059546215e-03	6.865536788e-22
-7.250000000e-02	4.786375990e+00	-3.455214281e-03	2.400599497e-22
-7.300000000e-02	4.786387212e+00	-3.850881297e-03	7.211617509e-22
-7.350000000e-02	4.786398467e+00	-4.246547255e-03	8.404796931e-22
-7.400000000e-02	4.786409754e+00	-4.642212153e-03	3.699463108e-22
-7.450000000e-02	4.786421073e+00	-5.037875971e-03	6.921065590e-22
-7.500000000e-02	4.786432426e+00	-5.433538708e-03	6.457380391e-22
-7.550000000e-02	4.786443810e+00	-5.829200354e-03	3.591228164e-22
-7.600000000e-02	4.786455227e+00	-6.224860897e-03	1.752506170e-22
-7.650000000e-02	4.786466677e+00	-6.620520340e-03	4.408292369e-22
-7.700000000e-02	4.786478159e+00	-7.016178664e-03	4.614040411e-22
-7.750000000e-02	4.786489674e+00	-7.411835866e-03	5.305643093e-22
-7.800000000e-02	4.786501222e+00	-7.807491935e-03	6.187568534e-22
-7.850000000e-02	4.786512801e+00	-8.203146868e-03	2.463578463e-22
-7.900000000e-02	4.786524414e+00	-8.598800653e-03	5.835621084e-22
-7.950000000e-02	4.786536059e+00	-8.994453285e-03	4.006912806e-22
-8.000000000e-02	4.786547736e+00	-9.390104746e-03	8.442134603e-22
-8.050000000e-02	4.786559446e+00	-9.785755049e-03	5.467873523e-22
-8.100000000e-02	4.786571189e+00	-1.018140417e-02	5.147649334e-22
-8.150000000e-02	4.786582964e+00	-1.057705210e-02	3.423757199e-22
-8.200000000e-02	4.786594771e+00	-1.097269884e-02	4.523415767e-22
-8.250000000e-02	4.786606611e+00	-1.136834437e-02	3.849991629e-22
-8.300000000e-02	4.786618484e+00	-1.176398869e-02	4.737699699e-22
-8.350000000e-02	4.786630389e+00	-1.215963179e-02	6.190438434e-22
-8.400000000e-02	4.786642327e+00	-1.255527367e-02	4.446051545e-22
-8.450000000e-02	4.786654297e+00	-1.295091432e-02	5.750162464e-22
-8.500000000e-02	4.786666299e+00	-1.334655372e-02	4.321097813e-22
-8.550000000e-02	4.786678335e+00	-1.374219187e-02	4.425363499e-22
-8.600000000e-02	4.786690402e+00	-1.413782876e-02	4.642101932e-22
-8.650000000e-02	4.786702503e+00	-1.453346438e-02	3.980017786e-22
-8.700000000e-02	4.786714636e+00	-1.492909873e-02	4.998933613e-22
-8.750000000e-02	4.786726801e+00	-1.532473180e-02	2.999209922e-22
-8.800000000e-02	4.786738999e+00	-1.572036358e-02	4.266405533e-22
-8.850000000e-02	4.786751229e+00	-1.611599406e-02	4.872015326e-22
-8.900000000e-02	4.786763492e+00	-1.651162323e-02	4.528920953e-22
-8.950000000e-02	4.786775787e+00	-1.690725109e-02	3.244585958e-22
-9.000000000e-02	4.786788115e+00	-1.730287762e-02	8.756760653e-22
-9.050000000e-02	4.786800476e+00	-1.769850282e-02	5.365720672e-22
-9.100000000e-02	4.786812869e+00	-1.809412669e-02	4.882508475e-22
-9.150000000e-02	4.786825294e+00	-1.848974921e-02	5.404034002e-22
-9.200000000e-02	4.786837752e+00	-1.888537037e-02	3.780525264e-22
-9.250000000e-02	4.786850243e+00	-1.928099017e-02	4.063924847e-22
-9.300000000e-02	4.786862766e+00	-1.967660860e-02	2.723571813e-22
-9.350000000e-02	4.786875321e+00	-2.007222565e-02	3.282198298e-22
-9.400000000e-02	4.786887909e+00	-2.046784132e-02	5.822366763e-22
-9.450000000e-02	4.786900530e+00	-2.086345559e-02	2.828566995e-22
-9.500000000e-02	4.786913183e+00	-2.125906846e-02	3.027800289e-22
-9.550000000e-02	4.786925868e+00	-2.165467992e-02	4.791894621e-22
-9.600000000e-02	4.786938586e+00	-2.205028996e-02	2.321441691e-22
-9.650000000e-02	4.786951337e+00	-2.244589857e-02	5.586907259e-22
-9.700000000e-02	4.786964120e+00	-2.284150576e-02	7.303329098e-22
-9.750000000e-02	4.786976936e+00	-2.323711149e-02	5.646086375e-22
-9.800000000e-02	4.786989784e+00	-2.363271578e-02	7.046780591e-22
-9.850000000e-02	4.787002665e+00	-2.402831861e-02	3.684157732e-22
-9.900000000e-02	4.787015578e+00	-2.442391997e-02	2.476012770e-22
-9.950000000e-02	4.787028523e+00	-2.481951986e-02	8.391875236e-22
-1.000000000e-01	4.787041502e+00	-2.521511826e-02	5.424342684e-22
-1.005000000e-01	4.787054512e+00	-2.561071517e-02	5.046392734e-22
-1.010000000e-01	4.787067555e+00	-2.600631059e-02	6.948741564e-22
-1.015000000e-01	4.787080631e+00	-2.640190450e-02	6.698422489e-22
-1.020000000e-01	4.787093739e+00	-2.679749690e-02	6.466103144e-22
-1.025000000e-01	4.787106880e+00	-2.719308777e-02	6.778790740e-22
-1.030000000e-01	4.787120053e+00	-2.758867712e-02	4.215034136e-22
-1.035000000e-01	4.787133259e+00	-2.798426492e-02	4.744603411e-22
-1.040000000e-01	4.787146497e+00	-2.837985118e-02	7.047404313e-22
-1.045000000e-01	4.787159768e+00	-2.877543588e-02	3.175788480e-22
-1.050000000e-01	4.787173071e+00	-2.917101902e-02	6.997778816e-22
-1.055000000e-01	4.787186407e+00	-2.956660060e-02	4.492268946e-22
-1.060000000e-01	4.787199775e+00	-2.996218059e-02	3.630434784e-22
-1.065000000e-01	4.787213176e+00	-3.035775900e-02	3.952145270e-22
-1.070000000e-01	4.787226609e+00	-3.075333582e-02	4.423536407e-22
-1.075000000e-01	4.787240075e+00	-3.114891103e-02	5.473631312e-22
-1.080000000e-01	4.787253573e+00	-3.154448463e-02	6.649265400e-22
-1.085000000e-01	4.787267103e+00	-3.194005661e-02	5.941394847e-22
-1.090000000e-01	4.787280667e+00	-3.233562698e-02	4.956192597e-22
-1.095000000e-01	4.787294262e+00	-3.273119570e-02	6.180676826e-22
-1.100000000e-01	4.787307891e+00	-3.312676279e-02	5.604308020e-22
-1.105000000e-01	4.787321551e+00	-3.352232822e-02	3.670963461e-22
-1.110000000e-01	4.787335244e+00	-3.391789199e-02	3.717610118e-22
-1.115000000e-01	4.787348970e+00	-3.431345410e-02	5.524513207e-22
-1.120000000e-01	4.787362728e+00	-3.470901454e-02	3.321954895e-22
-1.125000000e-01	4.787376519e+00	-3.510457329e-02	5.924089960e-22
-1.130000000e-01	4.787390342e+00	-3.550013035e-02	8.487440012e-22
-1.135000000e-01	4.787404198e+00	-3.589568572e-02	6.786074311e-22
-1.140000000e-01	4.787418086e+00	-3.629123938e-02	6.208422393e-22
-1.145000000e-01	4.787432006e+00	-3.668679133e-02	6.010410786e-22
-1.150000000e-01	4.787445960e+00	-3.708234155e-02	4.780218444e-22
-1.155000000e-01	4.787459945e+00	-3.747789005e-02	4.904194384e-22
-1.160000000e-01	4.787473963e+00	-3.787343681e-02	6.346046440e-22
-1.165000000e-01	4.787488014e+00	-3.826898182e-02	5.205745812e-22
-1.170000000e-01	4.787502097e+00	-3.866452508e-02	6.376117966e-22
-1.175000000e-01	4.787516212e+00	-3.906006658e-02	4.344966274e-22
-1.180000000e-01	4.787530360e+00	-3.945560630e-02	4.662142559e-22
-1.185000000e-01	4.787544541e+00	-3.985114426e-02	4.349954288e-22
-1.190000000e-01	4.787558754e+00	-4.024668042e-02	2.050366175e-22
-1.195000000e-01	4.787572999e+00	-4.064221479e-02	7.605218311e-22
-1.200000000e-01	4.787587277e+00	-4.103774737e-02	5.275849774e-22
-1.205000000e-01	4.787601588e+00	-4.143327813e-02	3.557186433e-22
-1.210000000e-01	4.787615931e+00	-4.182880707e-02	4.645264283e-22
-1.215000000e-01	4.787630306e+00	-4.222433419e-02	6.844341779e-22
-1.220000000e-01	4.787644714e+00	-4.261985948e-02	8.555966527e-22
-1.225000000e-01	4.787659154e+00	-4.301538292e-02	6.530670237e-22
-1.230000000e-01	4.787673627e+00	-4.341090452e-02	5.786495813e-22
-1.235000000e-01	4.787688132e+00	-4.380642425e-02	4.018019913e-22
-1.240000000e-01	4.787702670e+00	-4.420194213e-02	3.294502000e-22
-1.245000000e-01	4.787717240e+00	-4.459745812e-02	4.768944392e-22
-1.250000000e-01	4.787731843e+00	-4.499297224e-02	3.889353385e-22
-1.255000000e-01	4.787746478e+00	-4.538848448e-02	4.973121531e-22
-1.260000000e-01	4.787761146e+00	-4.578399481e-02	6.090166169e-22
-1.265000000e-01	4.787775846e+00	-4.617950324e-02	4.570786664e-22
-1.270000000e-01	4.787790579e+00	-4.657500976e-02	3.205177941e-22
-1.275000000e-01	4.787805344e+00	-4.697051435e-02	7.836156869e-22
-1.280000000e-01	4.787820141e+00	-4.736601701e-02	6.289989064e-22
-1.285000000e-01	4.787834971e+00	-4.776151774e-02	3.325709177e-22
-1.290000000e-01	4.787849834e+00	-4.815701653e-02	3.354475037e-22
-1.295000000e-01	4.787864729e+00	-4.855251336e-02	4.362560106e-22
-1.300000000e-01	4.787879656e+00	-4.894800823e-02	5.421927313e-22
-1.305000000e-01	4.787894616e+00	-4.934350113e-02	8.836952928e-22
-1.310000000e-01	4.787909608e+00	-4.973899206e-02	4.515184452e-22
-1.315000000e-01	4.787924633e+00	-5.013448100e-02	4.871715340e-22
-1.320000000e-01	4.787939690e+00	-5.052996795e-02	4.320237849e-22
-1.325000000e-01	4.787954780e+00	-5.092545290e-02	3.159544456e-22
-1.330000000e-01	4.787969902e+00	-5.132093584e-02	6.359071425e-22
-1.335000000e-01	4.787985057e+00	-5.171641677e-02	5.177917667e-22
-1.340000000e-01	4.788000244e+00	-5.211189566e-02	3.957346587e-22
-1.345000000e-01	4.788015464e+00	-5.250737253e-02	8.573433263e-22
-1.350000000e-01	4.788030716e+00	-5.290284736e-02	8.343112031e-22
-1.355000000e-01	4.788046000e+00	-5.329832014e-02	5.240069512e-22
-1.360000000e-01	4.788061317e+00	-5.369379086e-02	6.399974244e-22
-1.365000000e-01	4.788076667e+00	-5.408925952e-02	7.028738061e-22
-1.370000000e-01	4.788092048e+00	-5.448472611e-02	4.265267554e-22
-1.375000000e-01	4.788107463e+00	-5.488019061e-02	5.023739664e-22
-1.380000000e-01	4.788122909e+00	-5.527565304e-02	5.600539839e-22
-1.385000000e-01	4.788138389e+00	-5.567111336e-02	6.325810413e-22
-1.390000000e-01	4.788153900e+00	-5.606657158e-02	7.158986184e-22
-1.395000000e-01	4.788169444e+00	-5.646202769e-02	2.762628893e-22
-1.400000000e-01	4.788185021e+00	-5.685748168e-02	5.034767421e-22
-1.405000000e-01	4.788200630e+00	-5.725293353e-02	4.309169609e-22
-1.410000000e-01	4.788216271e+00	-5.764838326e-02	7.549383651e-22
-1.415000000e-01	4.788231945e+00	-5.804383084e-02	3.057313781e-22
-1.420000000e-01	4.788247652e+00	-5.843927627e-02	3.181405948e-22
-1.425000000e-01	4.788263390e+00	-5.883471954e-02	4.263181639e-22
-1.430000000e-01	4.788279162e+00	-5.923016065e-02	4.954420356e-22
-1.435000000e-01	4.788294965e+00	-5.962559958e-02	3.457118988e-22
-1.440000000e-01	4.788310802e+00	-6.002103632e-02	8.480272184e-22
-1.445000000e-01	4.788326670e+00	-6.041647087e-02	4.134741815e-22
-1.450000000e-01	4.788342571e+00	-6.081190323e-02	4.559834516e-22
-1.455000000e-01	4.788358505e+00	-6.120733337e-02	5.405842582e-22
-1.460000000e-01	4.788374470e+00	-6.160276131e-02	5.658397737e-22
-1.465000000e-01	4.788390469e+00	-6.199818701e-02	3.395418750e-22
-1.470000000e-01	4.788406500e+00	-6.239361049e-02	3.533309729e-22
-1.475000000e-01	4.788422563e+00	-6.278903173e-02	2.787946061e-22
-1.480000000e-01	4.788438658e+00	-6.318445072e-02	7.805137034e-22
-1.485000000e-01	4.788454786e+00	-6.357986746e-02	3.784793117e-22
-1.490000000e-01	4.788470947e+00	-6.397528194e-02	5.380855246e-22
-1.495000000e-01	4.788487140e+00	-6.437069414e-02	6.169785549e-22
-1.500000000e-01	4.788503365e+00	-6.476610407e-02	5.852079347e-22
-1.505000000e-01	4.788519623e+00	-6.516151170e-02	3.934980213e-22
-1.510000000e-01	4.788535913e+00	-6.555691705e-02	3.280807896e-22
-1.515000000e-01	4.788552236e+00	-6.595232009e-02	5.076839162e-22
-1.520000000e-01	4.788568591e+00	-6.634772082e-02	8.574775641e-22
-1.525000000e-01	4.788584978e+00	-6.674311923e-02	6.592590058e-22
-1.530000000e-01	4.788601398e+00	-6.713851533e-02	4.811727428e-22
-1.535000000e-01	4.788617851e+00	-6.753390907e-02	4.320575155e-22
-1.540000000e-01	4.788634336e+00	-6.792930048e-02	5.444572626e-22
-1.545000000e-01	4.788650853e+00	-6.832468955e-02	4.763414168e-22
-1.550000000e-01	4.788667402e+00	-6.872007625e-02	7.354829667e-22
-1.555000000e-01	4.788683984e+00	-6.911546059e-02	6.572014354e-22
-1.560000000e-01	4.788700599e+00	-6.951084255e-02	1.848042549e-22
-1.565000000e-01	4.788717246e+00	-6.990622213e-02	1.759293273e-22
-1.570000000e-01	4.788733925e+00	-7.030159932e-02	4.966611579e-22
-1.575000000e-01	4.788750637e+00	-7.069697412e-02	5.921330845e-22
-1.580000000e-01	4.788767381e+00	-7.109234650e-02	5.684523729e-22
-1.585000000e-01	4.788784158e+00	-7.148771648e-02	4.872735994e-22
-1.590000000e-01	4.788800967e+00	-7.188308403e-02	3.819000863e-22
-1.595000000e-01	4.788817808e+00	-7.227844916e-02	5.272759159e-22
-1.600000000e-01	4.788834682e+00	-7.267381184e-02	4.997675697e-22
-1.605000000e-01	4.788851588e+00	-7.306917208e-02	4.540264877e-22
-1.610000000e-01	4.788868527e+00	-7.346452987e-02	2.458515962e-22
-1.615000000e-01	4.788885498e+00	-7.385988520e-02	5.019601850e-22
-1.620000000e-01	4.788902501e+00	-7.425523806e-02	4.335594233e-22
-1.625000000e-01	4.788919537e+00	-7.465058844e-02	3.622210036e-22
-1.630000000e-01	4.788936605e+00	-7.504593634e-02	3.500426270e-22
-1.635000000e-01	4.788953706e+00	-7.544128174e-02	2.947117604e-22
-1.640000000e-01	4.788970839e+00	-7.583662464e-02	4.283162514e-22
-1.645000000e-01	4.788988004e+00	-7.623196503e-02	5.209744248e-22
-1.650000000e-01	4.789005202e+00	-7.662730291e-02	4.724574276e-22
-1.655000000e-01	4.789022433e+00	-7.702263826e-02	3.461085863e-22
-1.660000000e-01	4.789039695e+00	-7.741797109e-02	8.944116562e-22
-1.665000000e-01	4.789056990e+00	-7.781330137e-02	4.452447477e-22
-1.670000000e-01	4.789074318e+00	-7.820862910e-02	2.431782865e-22
-1.675000000e-01	4.789091678e+00	-7.860395427e-02	5.182349348e-22
-1.680000000e-01	4.789109070e+00	-7.899927689e-02	6.660434852e-22
-1.685000000e-01	4.789126495e+00	-7.939459692e-02	5.243043581e-22
-1.690000000e-01	4.789143952e+00	-7.978991438e-02	5.358737897e-22
-1.695000000e-01	4.789161441e+00	-8.018522925e-02	9.021759070e-22
-1.700000000e-01	4.789178963e+00	-8.058054153e-02	5.160929943e-22
-1.705000000e-01	4.789196517e+00	-8.097585121e-02	7.844463037e-22
-1.710000000e-01	4.789214104e+00	-8.137115827e-02	4.520908590e-22
-1.715000000e-01	4.789231723e+00	-8.176646270e-02	6.269527946e-22
-1.720000000e-01	4.789249374e+00	-8.216176452e-02	3.032769963e-22
-1.725000000e-01	4.789267058e+00	-8.255706370e-02	5.352590278e-22
-1.730000000e-01	4.789284774e+00	-8.295236023e-02	4.316045188e-22
-1.735000000e-01	4.789302523e+00	-8.334765411e-02	6.217851550e-22
-1.740000000e-01	4.789320304e+00	-8.374294534e-02	5.027550239e-22
-1.745000000e-01	4.789338117e+00	-8.413823389e-02	3.722720729e-22
-1.750000000e-01	4.789355963e+00	-8.453351978e-02	5.940018466e-22
-1.755000000e-01	4.789373841e+00	-8.492880298e-02	5.801573527e-22
-1.760000000e-01	4.789391751e+00	-8.532408349e-02	5.206228035e-22
-1.765000000e-01	4.789409694e+00	-8.571936130e-02	2.750492859e-22
-1.770000000e-01	4.789427669e+00	-8.611463640e-02	3.912825013e-22
-1.775000000e-01	4.789445677e+00	-8.650990879e-02	4.395669935e-22
-1.780000000e-01	4.789463717e+00	-8.690517846e-02	5.855989396e-22
-1.785000000e-01	4.789481789e+00	-8.730044540e-02	5.959915367e-22
-1.790000000e-01	4.789499894e+00	-8.769570959e-02	5.175343897e-22
-1.795000000e-01	4.789518031e+00	-8.809097105e-02	6.157035818e-22
-1.800000000e-01	4.789536201e+00	-8.848622974e-02	4.139866205e-22
-1.805000000e-01	4.789554403e+00	-8.888148568e-02	6.399324025e-22
-1.810000000e-01	4.789572637e+00	-8.927673885e-02	3.553009703e-22
-1.815000000e-01	4.789590903e+00	-8.967198924e-02	4.149655183e-22
-1.820000000e-01	4.789609202e+00	-9.006723684e-02	4.797606192e-22
-1.825000000e-01	4.789627534e+00	-9.046248165e-02	4.509562085e-22
-1.830000000e-01	4.789645897e+00	-9.085772366e-02	6.155937586e-22
-1.835000000e-01	4.789664293e+00	-9.125296285e-02	4.703574785e-22
-1.840000000e-01	4.789682722e+00	-9.164819924e-02	6.004886881e-22
-1.845000000e-01	4.789701182e+00	-9.204343280e-02	6.857201635e-22
-1.850000000e-01	4.789719676e+00	-9.243866352e-02	1.693080690e-22
-1.855000000e-01	4.789738201e+00	-9.283389140e-02	5.868833362e-22
-1.860000000e-01	4.789756759e+00	-9.322911643e-02	1.249049876e-22
-1.865000000e-01	4.789775349e+00	-9.362433862e-02	1.054232585e-21
-1.870000000e-01	4.789793972e+00	-9.401955792e-02	1.777680538e-22
-1.875000000e-01	4.789812626e+00	-9.441477436e-02	3.427736817e-22
-1.880000000e-01	4.789831314e+00	-9.480998792e-02	4.283820531e-22
-1.885000000e-01	4.789850033e+00	-9.520519859e-02	7.405396367e-22
-1.890000000e-01	4.789868785e+00	-9.560040637e-02	6.126504641e-22
-1.895000000e-01	4.789887570e+00	-9.599561124e-02	3.792654605e-22
-1.900000000e-01	4.789906386e+00	-9.639081319e-02	3.155356168e-22
-1.905000000e-01	4.789925235e+00	-9.678601223e-02	7.790698424e-22
-1.910000000e-01	4.789944117e+00	-9.718120834e-02	6.158909831e-22
-1.915000000e-01	4.789963030e+00	-9.757640151e-02	3.965746753e-22
-1.920000000e-01	4.789981976e+00	-9.797159175e-02	5.852768794e-22
-1.925000000e-01	4.790000955e+00	-9.836677902e-02	6.464042960e-22
-1.930000000e-01	4.790019965e+00	-9.876196335e-02	2.513914490e-22
-1.935000000e-01	4.790039008e+00	-9.915714470e-02	7.222513607e-22
-1.940000000e-01	4.790058084e+00	-9.955232308e-02	5.245125957e-22
-1.945000000e-01	4.790077192e+00	-9.994749847e-02	4.332634463e-22
-1.950000000e-01	4.790096332e+00	-1.003426709e-01	4.435085333e-22
-1.955000000e-01	4.790115504e+00	-1.007378403e-01	5.573762881e-22
-1.960000000e-01	4.790134709e+00	-1.011330067e-01	4.345595798e-22
-1.965000000e-01	4.790153946e+00	-1.015281701e-01	5.313131874e-22
-1.970000000e-01	4.790173215e+00	-1.019233304e-01	3.202456249e-22
-1.975000000e-01	4.790192517e+00	-1.023184878e-01	5.474612267e-22
-1.980000000e-01	4.790211851e+00	-1.027136421e-01	5.851784625e-22
-1.985000000e-01	4.790231217e+00	-1.031087933e-01	7.450746842e-22
-1.990000000e-01	4.790250616e+00	-1.035039415e-01	4.130784114e-22
-1.995000000e-01	4.790270047e+00	-1.038990866e-01	5.324468198e-22
-2.000000000e-01	4.790289510e+00	-1.042942287e-01	2.728930052e-22
