# epsi_ci     Re(Lambda)      Im(Lambda)      Eq(det), R = 0.10 $\mu$m, $E_p$ = 0.300 eV, modo = 4, $\epsilon_\infty$ = 3.9, $\gamma_{DL}$ = 0.01 eV, solve_det_sinkz_vs_mu.py
0.000000000e+00	4.931533228e+00	6.151782212e-02	5.116189074e-22
-5.000000000e-04	4.931540415e+00	6.111186237e-02	2.943308998e-22
-1.000000000e-03	4.931547636e+00	6.070590249e-02	3.726902597e-22
-1.500000000e-03	4.931554889e+00	6.029994247e-02	3.086427434e-22
-2.000000000e-03	4.931562176e+00	5.989398232e-02	5.762229899e-22
-2.500000000e-03	4.931569496e+00	5.948802206e-02	2.543378054e-22
-3.000000000e-03	4.931576849e+00	5.908206170e-02	3.582937340e-22
-3.500000000e-03	4.931584235e+00	5.867610123e-02	3.014500776e-22
-4.000000000e-03	4.931591655e+00	5.827014067e-02	4.987178989e-22
-4.500000000e-03	4.931599107e+00	5.786418004e-02	2.349371711e-22
-5.000000000e-03	4.931606593e+00	5.745821932e-02	5.186581559e-22
-5.500000000e-03	4.931614112e+00	5.705225854e-02	2.733339223e-22
-6.000000000e-03	4.931621665e+00	5.664629770e-02	4.008746610e-22
-6.500000000e-03	4.931629250e+00	5.624033682e-02	3.352359647e-22
-7.000000000e-03	4.931636869e+00	5.583437588e-02	3.762135840e-22
-7.500000000e-03	4.931644521e+00	5.542841492e-02	4.091321922e-22
-8.000000000e-03	4.931652206e+00	5.502245393e-02	3.850341646e-22
-8.500000000e-03	4.931659925e+00	5.461649291e-02	3.061780155e-22
-9.000000000e-03	4.931667676e+00	5.421053189e-02	3.817151691e-22
-9.500000000e-03	4.931675461e+00	5.380457087e-02	5.437358617e-22
-1.000000000e-02	4.931683279e+00	5.339860985e-02	4.635891957e-22
-1.050000000e-02	4.931691130e+00	5.299264885e-02	5.032975882e-22
-1.100000000e-02	4.931699015e+00	5.258668787e-02	4.076566244e-22
-1.150000000e-02	4.931706932e+00	5.218072691e-02	4.033471541e-22
-1.200000000e-02	4.931714883e+00	5.177476600e-02	3.624002499e-22
-1.250000000e-02	4.931722867e+00	5.136880515e-02	6.068083492e-22
-1.300000000e-02	4.931730885e+00	5.096284433e-02	4.131942736e-22
-1.350000000e-02	4.931738935e+00	5.055688359e-02	4.234311294e-22
-1.400000000e-02	4.931747019e+00	5.015092291e-02	3.497691766e-22
-1.450000000e-02	4.931755136e+00	4.974496232e-02	3.371470338e-22
-1.500000000e-02	4.931763286e+00	4.933900181e-02	1.956037122e-22
-1.550000000e-02	4.931771469e+00	4.893304140e-02	4.829999984e-22
-1.600000000e-02	4.931779686e+00	4.852708108e-02	3.650009761e-22
-1.650000000e-02	4.931787935e+00	4.812112089e-02	5.075510354e-22
-1.700000000e-02	4.931796218e+00	4.771516081e-02	3.426148900e-22
-1.750000000e-02	4.931804534e+00	4.730920086e-02	3.964816695e-22
-1.800000000e-02	4.931812884e+00	4.690324104e-02	3.554480176e-22
-1.850000000e-02	4.931821266e+00	4.649728137e-02	3.266404945e-22
-1.900000000e-02	4.931829682e+00	4.609132186e-02	3.019311747e-22
-1.950000000e-02	4.931838131e+00	4.568536250e-02	4.110048963e-22
-2.000000000e-02	4.931846613e+00	4.527940331e-02	2.640304196e-22
-2.050000000e-02	4.931855128e+00	4.487344430e-02	3.085109213e-22
-2.100000000e-02	4.931863677e+00	4.446748547e-02	3.837627864e-22
-2.150000000e-02	4.931872259e+00	4.406152684e-02	3.064145320e-22
-2.200000000e-02	4.931880874e+00	4.365556840e-02	1.896921090e-22
-2.250000000e-02	4.931889522e+00	4.324961017e-02	4.425854371e-22
-2.300000000e-02	4.931898203e+00	4.284365217e-02	3.138002171e-22
-2.350000000e-02	4.931906918e+00	4.243769439e-02	2.655589249e-22
-2.400000000e-02	4.931915666e+00	4.203173683e-02	5.115791801e-22
-2.450000000e-02	4.931924447e+00	4.162577953e-02	3.189392848e-22
-2.500000000e-02	4.931933261e+00	4.121982248e-02	5.091409092e-22
-2.550000000e-02	4.931942108e+00	4.081386567e-02	1.594509900e-22
-2.600000000e-02	4.931950989e+00	4.040790913e-02	3.333920123e-22
-2.650000000e-02	4.931959903e+00	4.000195288e-02	5.138716313e-22
-2.700000000e-02	4.931968850e+00	3.959599690e-02	2.740081139e-22
-2.750000000e-02	4.931977830e+00	3.919004121e-02	2.874436569e-22
-2.800000000e-02	4.931986844e+00	3.878408582e-02	3.136042085e-22
-2.850000000e-02	4.931995890e+00	3.837813074e-02	3.945925387e-22
-2.900000000e-02	4.932004970e+00	3.797217597e-02	4.483657579e-22
-2.950000000e-02	4.932014083e+00	3.756622152e-02	3.394761039e-22
-3.000000000e-02	4.932023229e+00	3.716026740e-02	4.828195800e-22
-3.050000000e-02	4.932032409e+00	3.675431363e-02	2.691940988e-22
-3.100000000e-02	4.932041621e+00	3.634836020e-02	6.069373877e-22
-3.150000000e-02	4.932050867e+00	3.594240712e-02	4.325647719e-22
-3.200000000e-02	4.932060146e+00	3.553645441e-02	3.638796108e-22
-3.250000000e-02	4.932069459e+00	3.513050206e-02	5.458168173e-22
-3.300000000e-02	4.932078804e+00	3.472455010e-02	3.957904204e-22
-3.350000000e-02	4.932088183e+00	3.431859853e-02	4.456117638e-22
-3.400000000e-02	4.932097595e+00	3.391264735e-02	3.693888451e-22
-3.450000000e-02	4.932107040e+00	3.350669658e-02	2.472454566e-22
-3.500000000e-02	4.932116518e+00	3.310074622e-02	3.081476304e-22
-3.550000000e-02	4.932126030e+00	3.269479628e-02	3.375694498e-22
-3.600000000e-02	4.932135574e+00	3.228884676e-02	2.520672294e-22
-3.650000000e-02	4.932145152e+00	3.188289768e-02	5.766615670e-22
-3.700000000e-02	4.932154764e+00	3.147694905e-02	3.860895704e-22
-3.750000000e-02	4.932164408e+00	3.107100086e-02	2.915190387e-22
-3.800000000e-02	4.932174085e+00	3.066505314e-02	2.749251434e-22
-3.850000000e-02	4.932183796e+00	3.025910589e-02	2.982225605e-22
-3.900000000e-02	4.932193540e+00	2.985315911e-02	1.512657449e-22
-3.950000000e-02	4.932203317e+00	2.944721282e-02	5.029913042e-22
-4.000000000e-02	4.932213128e+00	2.904126702e-02	3.873236998e-22
-4.050000000e-02	4.932222971e+00	2.863532173e-02	4.196926432e-22
-4.100000000e-02	4.932232848e+00	2.822937693e-02	5.796361321e-22
-4.150000000e-02	4.932242758e+00	2.782343266e-02	2.130974755e-22
-4.200000000e-02	4.932252701e+00	2.741748891e-02	5.006926787e-22
-4.250000000e-02	4.932262677e+00	2.701154570e-02	4.488911017e-22
-4.300000000e-02	4.932272687e+00	2.660560303e-02	3.874478797e-22
-4.350000000e-02	4.932282729e+00	2.619966091e-02	4.710501520e-22
-4.400000000e-02	4.932292805e+00	2.579371935e-02	3.738226630e-22
-4.450000000e-02	4.932302915e+00	2.538777835e-02	3.538206725e-22
-4.500000000e-02	4.932313057e+00	2.498183793e-02	3.427617702e-22
-4.550000000e-02	4.932323232e+00	2.457589809e-02	5.853460393e-22
-4.600000000e-02	4.932333441e+00	2.416995883e-02	4.111353970e-22
-4.650000000e-02	4.932343683e+00	2.376402018e-02	4.671827702e-22
-4.700000000e-02	4.932353958e+00	2.335808213e-02	3.670716509e-22
-4.750000000e-02	4.932364267e+00	2.295214471e-02	2.946255407e-22
-4.800000000e-02	4.932374608e+00	2.254620790e-02	4.749056485e-22
-4.850000000e-02	4.932384983e+00	2.214027172e-02	4.043404868e-22
-4.900000000e-02	4.932395391e+00	2.173433618e-02	4.607415221e-22
-4.950000000e-02	4.932405832e+00	2.132840128e-02	3.258477238e-22
-5.000000000e-02	4.932416306e+00	2.092246705e-02	4.526214345e-22
-5.050000000e-02	4.932426814e+00	2.051653347e-02	3.891381084e-22
-5.100000000e-02	4.932437354e+00	2.011060057e-02	2.240665175e-22
-5.150000000e-02	4.932447928e+00	1.970466835e-02	2.692716198e-22
-5.200000000e-02	4.932458535e+00	1.929873681e-02	2.711236037e-22
-5.250000000e-02	4.932469176e+00	1.889280598e-02	5.199509913e-22
-5.300000000e-02	4.932479849e+00	1.848687583e-02	5.464480710e-22
-5.350000000e-02	4.932490556e+00	1.808094641e-02	2.462328652e-22
-5.400000000e-02	4.932501296e+00	1.767501771e-02	3.826014259e-22
-5.450000000e-02	4.932512069e+00	1.726908973e-02	3.456390302e-22
-5.500000000e-02	4.932522875e+00	1.686316249e-02	3.629791343e-22
-5.550000000e-02	4.932533715e+00	1.645723599e-02	4.460556069e-22
-5.600000000e-02	4.932544587e+00	1.605131025e-02	5.357552241e-22
-5.650000000e-02	4.932555493e+00	1.564538527e-02	4.316289889e-22
-5.700000000e-02	4.932566432e+00	1.523946105e-02	2.404780859e-22
-5.750000000e-02	4.932577405e+00	1.483353762e-02	4.655458607e-22
-5.800000000e-02	4.932588410e+00	1.442761496e-02	4.162935455e-22
-5.850000000e-02	4.932599449e+00	1.402169310e-02	5.685462583e-22
-5.900000000e-02	4.932610520e+00	1.361577204e-02	3.333711402e-22
-5.950000000e-02	4.932621625e+00	1.320985179e-02	3.896025188e-22
-6.000000000e-02	4.932632764e+00	1.280393236e-02	6.250346712e-22
-6.050000000e-02	4.932643935e+00	1.239801375e-02	4.808625259e-22
-6.100000000e-02	4.932655140e+00	1.199209598e-02	2.966233471e-22
-6.150000000e-02	4.932666377e+00	1.158617904e-02	4.170068091e-22
-6.200000000e-02	4.932677648e+00	1.118026295e-02	5.098570180e-22
-6.250000000e-02	4.932688953e+00	1.077434773e-02	2.739274140e-22
-6.300000000e-02	4.932700290e+00	1.036843337e-02	5.034438459e-22
-6.350000000e-02	4.932711661e+00	9.962519891e-03	3.961834246e-22
-6.400000000e-02	4.932723064e+00	9.556607284e-03	3.181461500e-22
-6.450000000e-02	4.932734501e+00	9.150695572e-03	1.577954344e-22
-6.500000000e-02	4.932745971e+00	8.744784753e-03	2.798897963e-22
-6.550000000e-02	4.932757475e+00	8.338874843e-03	3.305437498e-22
-6.600000000e-02	4.932769011e+00	7.932965852e-03	3.224536854e-22
-6.650000000e-02	4.932780581e+00	7.527057780e-03	3.803212262e-22
-6.700000000e-02	4.932792184e+00	7.121150637e-03	2.585353477e-22
-6.750000000e-02	4.932803820e+00	6.715244435e-03	4.689976020e-22
-6.800000000e-02	4.932815489e+00	6.309339177e-03	4.407713584e-22
-6.850000000e-02	4.932827191e+00	5.903434877e-03	3.589466912e-22
-6.900000000e-02	4.932838927e+00	5.497531545e-03	3.952137632e-22
-6.950000000e-02	4.932850696e+00	5.091629179e-03	2.793447433e-22
-7.000000000e-02	4.932862498e+00	4.685727787e-03	4.446282469e-22
-7.050000000e-02	4.932874333e+00	4.279827387e-03	3.696388796e-22
-7.100000000e-02	4.932886201e+00	3.873927986e-03	3.110254371e-22
-7.150000000e-02	4.932898103e+00	3.468029584e-03	4.757483353e-22
-7.200000000e-02	4.932910037e+00	3.062132194e-03	3.613377151e-22
-7.250000000e-02	4.932922005e+00	2.656235822e-03	5.871301153e-22
-7.300000000e-02	4.932934006e+00	2.250340482e-03	4.015893987e-22
-7.350000000e-02	4.932946041e+00	1.844446179e-03	4.243869343e-22
-7.400000000e-02	4.932958108e+00	1.438552918e-03	2.529537486e-22
-7.450000000e-02	4.932970209e+00	1.032660711e-03	2.906994740e-22
-7.500000000e-02	4.932982342e+00	6.267695573e-04	4.180629379e-22
-7.550000000e-02	4.932994509e+00	2.208794840e-04	4.243460647e-22
-7.600000000e-02	4.933006710e+00	-1.850095233e-04	1.988282611e-22
-7.650000000e-02	4.933018943e+00	-5.908974464e-04	3.744668153e-22
-7.700000000e-02	4.933031209e+00	-9.967842719e-04	3.229331414e-22
-7.750000000e-02	4.933043509e+00	-1.402669998e-03	2.896948013e-22
-7.800000000e-02	4.933055842e+00	-1.808554616e-03	3.920063692e-22
-7.850000000e-02	4.933068208e+00	-2.214438118e-03	4.919345366e-22
-7.900000000e-02	4.933080607e+00	-2.620320484e-03	6.350129173e-22
-7.950000000e-02	4.933093040e+00	-3.026201732e-03	2.984694067e-22
-8.000000000e-02	4.933105505e+00	-3.432081834e-03	3.047657611e-22
-8.050000000e-02	4.933118004e+00	-3.837960784e-03	5.314020373e-22
-8.100000000e-02	4.933130536e+00	-4.243838580e-03	3.585848380e-22
-8.150000000e-02	4.933143101e+00	-4.649715206e-03	4.094759530e-22
-8.200000000e-02	4.933155699e+00	-5.055590663e-03	3.617925092e-22
-8.250000000e-02	4.933168331e+00	-5.461464937e-03	3.706372084e-22
-8.300000000e-02	4.933180995e+00	-5.867338016e-03	4.173322083e-22
-8.350000000e-02	4.933193693e+00	-6.273209906e-03	5.267346611e-22
-8.400000000e-02	4.933206424e+00	-6.679080585e-03	3.557867829e-22
-8.450000000e-02	4.933219188e+00	-7.084950044e-03	3.862843431e-22
-8.500000000e-02	4.933231986e+00	-7.490818291e-03	3.592625387e-22
-8.550000000e-02	4.933244816e+00	-7.896685305e-03	2.658300480e-22
-8.600000000e-02	4.933257680e+00	-8.302551082e-03	5.613873535e-22
-8.650000000e-02	4.933270577e+00	-8.708415606e-03	1.997889950e-22
-8.700000000e-02	4.933283507e+00	-9.114278876e-03	3.979196571e-22
-8.750000000e-02	4.933296470e+00	-9.520140893e-03	4.392658796e-22
-8.800000000e-02	4.933309466e+00	-9.926001626e-03	4.940433886e-22
-8.850000000e-02	4.933322496e+00	-1.033186109e-02	3.204926176e-22
-8.900000000e-02	4.933335558e+00	-1.073771926e-02	5.961814485e-22
-8.950000000e-02	4.933348654e+00	-1.114357614e-02	3.512731524e-22
-9.000000000e-02	4.933361783e+00	-1.154943172e-02	2.390911987e-22
-9.050000000e-02	4.933374945e+00	-1.195528598e-02	4.814529377e-22
-9.100000000e-02	4.933388141e+00	-1.236113893e-02	2.294874411e-22
-9.150000000e-02	4.933401369e+00	-1.276699055e-02	3.335967691e-22
-9.200000000e-02	4.933414631e+00	-1.317284084e-02	3.564625368e-22
-9.250000000e-02	4.933427926e+00	-1.357868977e-02	3.638062149e-22
-9.300000000e-02	4.933441254e+00	-1.398453736e-02	3.744258663e-22
-9.350000000e-02	4.933454615e+00	-1.439038359e-02	4.205023049e-22
-9.400000000e-02	4.933468009e+00	-1.479622845e-02	3.439500749e-22
-9.450000000e-02	4.933481437e+00	-1.520207193e-02	3.268030316e-22
-9.500000000e-02	4.933494897e+00	-1.560791403e-02	3.300092247e-22
-9.550000000e-02	4.933508391e+00	-1.601375474e-02	4.269542498e-22
-9.600000000e-02	4.933521918e+00	-1.641959404e-02	6.110564444e-22
-9.650000000e-02	4.933535478e+00	-1.682543195e-02	4.835395074e-22
-9.700000000e-02	4.933549071e+00	-1.723126843e-02	2.729612753e-22
-9.750000000e-02	4.933562698e+00	-1.763710348e-02	4.467045522e-22
-9.800000000e-02	4.933576358e+00	-1.804293711e-02	2.987291838e-22
-9.850000000e-02	4.933590050e+00	-1.844876930e-02	4.517038474e-22
-9.900000000e-02	4.933603776e+00	-1.885460003e-02	4.001517075e-22
-9.950000000e-02	4.933617535e+00	-1.926042931e-02	6.082115958e-22
-1.000000000e-01	4.933631327e+00	-1.966625713e-02	5.164723510e-22
-1.005000000e-01	4.933645153e+00	-2.007208347e-02	4.179368859e-22
-1.010000000e-01	4.933659011e+00	-2.047790834e-02	3.823229732e-22
-1.015000000e-01	4.933672903e+00	-2.088373170e-02	4.726605109e-22
-1.020000000e-01	4.933686828e+00	-2.128955358e-02	4.427899765e-22
-1.025000000e-01	4.933700786e+00	-2.169537395e-02	3.563132180e-22
-1.030000000e-01	4.933714777e+00	-2.210119280e-02	5.559999796e-22
-1.035000000e-01	4.933728801e+00	-2.250701014e-02	3.181602199e-22
-1.040000000e-01	4.933742859e+00	-2.291282595e-02	4.186318456e-22
-1.045000000e-01	4.933756949e+00	-2.331864021e-02	5.172729525e-22
-1.050000000e-01	4.933771073e+00	-2.372445293e-02	5.008985150e-22
-1.055000000e-01	4.933785230e+00	-2.413026410e-02	2.764043744e-22
-1.060000000e-01	4.933799420e+00	-2.453607371e-02	4.831480197e-22
-1.065000000e-01	4.933813643e+00	-2.494188175e-02	2.653914323e-22
-1.070000000e-01	4.933827900e+00	-2.534768820e-02	4.579153361e-22
-1.075000000e-01	4.933842189e+00	-2.575349308e-02	2.614066127e-22
-1.080000000e-01	4.933856512e+00	-2.615929635e-02	6.050564567e-22
-1.085000000e-01	4.933870868e+00	-2.656509803e-02	4.376036493e-22
-1.090000000e-01	4.933885257e+00	-2.697089809e-02	4.022301852e-22
-1.095000000e-01	4.933899679e+00	-2.737669654e-02	3.475353191e-22
-1.100000000e-01	4.933914134e+00	-2.778249336e-02	4.058247393e-22
-1.105000000e-01	4.933928622e+00	-2.818828854e-02	3.211879879e-22
-1.110000000e-01	4.933943144e+00	-2.859408209e-02	4.598906256e-22
-1.115000000e-01	4.933957698e+00	-2.899987398e-02	4.618125539e-22
-1.120000000e-01	4.933972286e+00	-2.940566421e-02	3.515632966e-22
-1.125000000e-01	4.933986907e+00	-2.981145278e-02	4.377720437e-22
-1.130000000e-01	4.934001561e+00	-3.021723967e-02	4.085261829e-22
-1.135000000e-01	4.934016248e+00	-3.062302488e-02	2.870652302e-22
-1.140000000e-01	4.934030969e+00	-3.102880840e-02	4.033980930e-22
-1.145000000e-01	4.934045722e+00	-3.143459022e-02	3.976691726e-22
-1.150000000e-01	4.934060509e+00	-3.184037033e-02	4.711074861e-22
-1.155000000e-01	4.934075328e+00	-3.224614872e-02	4.453480341e-22
-1.160000000e-01	4.934090181e+00	-3.265192539e-02	4.541292076e-22
-1.165000000e-01	4.934105067e+00	-3.305770034e-02	5.339621652e-22
-1.170000000e-01	4.934119987e+00	-3.346347354e-02	4.531530591e-22
-1.175000000e-01	4.934134939e+00	-3.386924499e-02	2.229380079e-22
-1.180000000e-01	4.934149924e+00	-3.427501469e-02	5.517360628e-22
-1.185000000e-01	4.934164943e+00	-3.468078262e-02	3.904597347e-22
-1.190000000e-01	4.934179994e+00	-3.508654879e-02	3.876261715e-22
-1.195000000e-01	4.934195079e+00	-3.549231317e-02	4.509388714e-22
-1.200000000e-01	4.934210197e+00	-3.589807576e-02	5.067568395e-22
-1.205000000e-01	4.934225348e+00	-3.630383656e-02	4.936166045e-22
-1.210000000e-01	4.934240532e+00	-3.670959555e-02	2.176473605e-22
-1.215000000e-01	4.934255750e+00	-3.711535274e-02	4.850562142e-22
-1.220000000e-01	4.934271000e+00	-3.752110810e-02	2.776194784e-22
-1.225000000e-01	4.934286284e+00	-3.792686163e-02	2.627636510e-22
-1.230000000e-01	4.934301601e+00	-3.833261332e-02	6.570090165e-22
-1.235000000e-01	4.934316950e+00	-3.873836317e-02	7.643664333e-22
-1.240000000e-01	4.934332333e+00	-3.914411117e-02	3.328965436e-22
-1.245000000e-01	4.934347749e+00	-3.954985731e-02	2.890242392e-22
-1.250000000e-01	4.934363199e+00	-3.995560158e-02	3.752312550e-22
-1.255000000e-01	4.934378681e+00	-4.036134398e-02	2.919960815e-22
-1.260000000e-01	4.934394196e+00	-4.076708449e-02	2.490499668e-22
-1.265000000e-01	4.934409745e+00	-4.117282310e-02	2.996404942e-22
-1.270000000e-01	4.934425327e+00	-4.157855982e-02	6.261933410e-22
-1.275000000e-01	4.934440941e+00	-4.198429463e-02	2.830465299e-22
-1.280000000e-01	4.934456589e+00	-4.239002751e-02	3.260908305e-22
-1.285000000e-01	4.934472270e+00	-4.279575847e-02	5.193498731e-22
-1.290000000e-01	4.934487985e+00	-4.320148751e-02	3.338693770e-22
-1.295000000e-01	4.934503732e+00	-4.360721459e-02	2.090795803e-22
-1.300000000e-01	4.934519512e+00	-4.401293974e-02	2.177230713e-22
-1.305000000e-01	4.934535326e+00	-4.441866291e-02	5.105787677e-22
-1.310000000e-01	4.934551172e+00	-4.482438413e-02	2.006283657e-22
-1.315000000e-01	4.934567052e+00	-4.523010338e-02	5.053662345e-22
-1.320000000e-01	4.934582965e+00	-4.563582064e-02	2.972396950e-22
-1.325000000e-01	4.934598911e+00	-4.604153591e-02	3.126595496e-22
-1.330000000e-01	4.934614890e+00	-4.644724919e-02	3.345845184e-22
-1.335000000e-01	4.934630902e+00	-4.685296045e-02	3.381809182e-22
-1.340000000e-01	4.934646947e+00	-4.725866971e-02	3.027491619e-22
-1.345000000e-01	4.934663026e+00	-4.766437694e-02	3.869298459e-22
-1.350000000e-01	4.934679137e+00	-4.807008214e-02	3.709620299e-22
-1.355000000e-01	4.934695282e+00	-4.847578531e-02	4.196910926e-22
-1.360000000e-01	4.934711460e+00	-4.888148643e-02	3.709865805e-22
-1.365000000e-01	4.934727670e+00	-4.928718549e-02	6.729889982e-22
-1.370000000e-01	4.934743914e+00	-4.969288250e-02	5.739696775e-22
-1.375000000e-01	4.934760191e+00	-5.009857743e-02	2.233337619e-22
-1.380000000e-01	4.934776502e+00	-5.050427028e-02	3.285785833e-22
-1.385000000e-01	4.934792845e+00	-5.090996105e-02	3.986098758e-22
-1.390000000e-01	4.934809221e+00	-5.131564973e-02	4.850101754e-22
-1.395000000e-01	4.934825631e+00	-5.172133629e-02	3.384640487e-22
-1.400000000e-01	4.934842073e+00	-5.212702076e-02	5.885562905e-22
-1.405000000e-01	4.934858549e+00	-5.253270310e-02	5.660672257e-22
-1.410000000e-01	4.934875057e+00	-5.293838331e-02	3.637105487e-22
-1.415000000e-01	4.934891599e+00	-5.334406139e-02	5.724725289e-22
-1.420000000e-01	4.934908174e+00	-5.374973733e-02	4.671502109e-22
-1.425000000e-01	4.934924782e+00	-5.415541112e-02	3.517641707e-22
-1.430000000e-01	4.934941423e+00	-5.456108274e-02	5.489211136e-22
-1.435000000e-01	4.934958097e+00	-5.496675221e-02	4.789837446e-22
-1.440000000e-01	4.934974805e+00	-5.537241950e-02	5.573173972e-22
-1.445000000e-01	4.934991545e+00	-5.577808460e-02	5.222329370e-22
-1.450000000e-01	4.935008319e+00	-5.618374750e-02	5.062866276e-22
-1.455000000e-01	4.935025125e+00	-5.658940822e-02	3.273591425e-22
-1.460000000e-01	4.935041965e+00	-5.699506673e-02	1.914565364e-22
-1.465000000e-01	4.935058838e+00	-5.740072302e-02	4.578994230e-22
-1.470000000e-01	4.935075743e+00	-5.780637708e-02	3.666175939e-22
-1.475000000e-01	4.935092682e+00	-5.821202892e-02	3.021794238e-22
-1.480000000e-01	4.935109654e+00	-5.861767852e-02	4.646098198e-22
-1.485000000e-01	4.935126659e+00	-5.902332587e-02	3.812757156e-22
-1.490000000e-01	4.935143697e+00	-5.942897096e-02	5.915635606e-22
-1.495000000e-01	4.935160769e+00	-5.983461380e-02	3.764965272e-22
-1.500000000e-01	4.935177873e+00	-6.024025436e-02	1.463766739e-22
-1.505000000e-01	4.935195010e+00	-6.064589263e-02	4.461702303e-22
-1.510000000e-01	4.935212181e+00	-6.105152863e-02	2.615605514e-22
-1.515000000e-01	4.935229384e+00	-6.145716233e-02	6.256160015e-22
-1.520000000e-01	4.935246621e+00	-6.186279372e-02	3.632591044e-22
-1.525000000e-01	4.935263891e+00	-6.226842280e-02	4.394353130e-22
-1.530000000e-01	4.935281194e+00	-6.267404956e-02	1.647975968e-22
-1.535000000e-01	4.935298530e+00	-6.307967399e-02	2.268794123e-22
-1.540000000e-01	4.935315898e+00	-6.348529609e-02	3.813061718e-22
-1.545000000e-01	4.935333300e+00	-6.389091584e-02	4.033310738e-22
-1.550000000e-01	4.935350736e+00	-6.429653325e-02	5.516772265e-22
-1.555000000e-01	4.935368204e+00	-6.470214829e-02	3.361272930e-22
-1.560000000e-01	4.935385705e+00	-6.510776097e-02	3.203496963e-22
-1.565000000e-01	4.935403239e+00	-6.551337127e-02	3.599326069e-22
-1.570000000e-01	4.935420807e+00	-6.591897918e-02	4.312086505e-22
-1.575000000e-01	4.935438407e+00	-6.632458470e-02	4.362490252e-22
-1.580000000e-01	4.935456041e+00	-6.673018782e-02	4.612347025e-22
-1.585000000e-01	4.935473707e+00	-6.713578854e-02	3.265761162e-22
-1.590000000e-01	4.935491407e+00	-6.754138684e-02	2.156860106e-22
-1.595000000e-01	4.935509139e+00	-6.794698271e-02	4.174192682e-22
-1.600000000e-01	4.935526905e+00	-6.835257615e-02	3.958437461e-22
-1.605000000e-01	4.935544704e+00	-6.875816715e-02	5.520012599e-22
-1.610000000e-01	4.935562536e+00	-6.916375570e-02	4.376879242e-22
-1.615000000e-01	4.935580401e+00	-6.956934180e-02	1.337877692e-22
-1.620000000e-01	4.935598299e+00	-6.997492543e-02	3.483780159e-22
-1.625000000e-01	4.935616230e+00	-7.038050659e-02	4.415026076e-22
-1.630000000e-01	4.935634194e+00	-7.078608527e-02	3.497153517e-22
-1.635000000e-01	4.935652191e+00	-7.119166146e-02	2.769527463e-22
-1.640000000e-01	4.935670221e+00	-7.159723516e-02	3.608102533e-22
-1.645000000e-01	4.935688285e+00	-7.200280635e-02	2.764670344e-22
-1.650000000e-01	4.935706381e+00	-7.240837502e-02	2.938074086e-22
-1.655000000e-01	4.935724510e+00	-7.281394118e-02	5.139128271e-22
-1.660000000e-01	4.935742673e+00	-7.321950481e-02	5.088126795e-22
-1.665000000e-01	4.935760868e+00	-7.362506590e-02	4.342323232e-22
-1.670000000e-01	4.935779097e+00	-7.403062444e-02	3.998741521e-22
-1.675000000e-01	4.935797359e+00	-7.443618044e-02	3.032249675e-22
-1.680000000e-01	4.935815653e+00	-7.484173387e-02	3.068487552e-22
-1.685000000e-01	4.935833981e+00	-7.524728474e-02	5.141682043e-22
-1.690000000e-01	4.935852342e+00	-7.565283302e-02	4.082945781e-22
-1.695000000e-01	4.935870735e+00	-7.605837873e-02	4.043904606e-22
-1.700000000e-01	4.935889162e+00	-7.646392183e-02	1.723171595e-22
-1.705000000e-01	4.935907622e+00	-7.686946235e-02	4.379181411e-22
-1.710000000e-01	4.935926115e+00	-7.727500024e-02	2.893188955e-22
-1.715000000e-01	4.935944641e+00	-7.768053553e-02	4.422352009e-22
-1.720000000e-01	4.935963200e+00	-7.808606818e-02	3.126612451e-22
-1.725000000e-01	4.935981792e+00	-7.849159821e-02	3.235240055e-22
-1.730000000e-01	4.936000417e+00	-7.889712559e-02	4.468444668e-22
-1.735000000e-01	4.936019075e+00	-7.930265033e-02	1.427466660e-22
-1.740000000e-01	4.936037766e+00	-7.970817241e-02	1.755932406e-22
-1.745000000e-01	4.936056490e+00	-8.011369182e-02	2.467866282e-22
-1.750000000e-01	4.936075247e+00	-8.051920856e-02	3.867736181e-22
-1.755000000e-01	4.936094038e+00	-8.092472262e-02	4.333665174e-22
-1.760000000e-01	4.936112861e+00	-8.133023399e-02	4.055456407e-22
-1.765000000e-01	4.936131717e+00	-8.173574266e-02	4.576512457e-22
-1.770000000e-01	4.936150606e+00	-8.214124863e-02	5.463480178e-22
-1.775000000e-01	4.936169529e+00	-8.254675188e-02	7.117283730e-22
-1.780000000e-01	4.936188484e+00	-8.295225242e-02	3.161280530e-22
-1.785000000e-01	4.936207472e+00	-8.335775022e-02	3.290247471e-22
-1.790000000e-01	4.936226494e+00	-8.376324529e-02	4.987219375e-22
-1.795000000e-01	4.936245548e+00	-8.416873761e-02	2.382935355e-22
-1.800000000e-01	4.936264636e+00	-8.457422718e-02	4.819596947e-22
-1.805000000e-01	4.936283756e+00	-8.497971399e-02	2.009790851e-22
-1.810000000e-01	4.936302910e+00	-8.538519802e-02	4.479037732e-22
-1.815000000e-01	4.936322096e+00	-8.579067929e-02	3.676641698e-22
-1.820000000e-01	4.936341316e+00	-8.619615777e-02	3.961171483e-22
-1.825000000e-01	4.936360568e+00	-8.660163345e-02	2.727516498e-22
-1.830000000e-01	4.936379854e+00	-8.700710633e-02	3.326109232e-22
-1.835000000e-01	4.936399172e+00	-8.741257640e-02	2.373513217e-22
-1.840000000e-01	4.936418524e+00	-8.781804365e-02	4.461666944e-22
-1.845000000e-01	4.936437908e+00	-8.822350809e-02	6.117725128e-23
-1.850000000e-01	4.936457326e+00	-8.862896969e-02	2.821144787e-22
-1.855000000e-01	4.936476777e+00	-8.903442844e-02	4.444591889e-22
-1.860000000e-01	4.936496260e+00	-8.943988435e-02	4.390369690e-22
-1.865000000e-01	4.936515777e+00	-8.984533740e-02	3.629291057e-22
-1.870000000e-01	4.936535327e+00	-9.025078757e-02	5.015662765e-22
-1.875000000e-01	4.936554909e+00	-9.065623489e-02	1.893063180e-22
-1.880000000e-01	4.936574525e+00	-9.106167932e-02	4.395574592e-22
-1.885000000e-01	4.936594173e+00	-9.146712086e-02	3.567397774e-22
-1.890000000e-01	4.936613855e+00	-9.187255950e-02	4.850868676e-22
-1.895000000e-01	4.936633570e+00	-9.227799524e-02	2.563684510e-22
-1.900000000e-01	4.936653317e+00	-9.268342806e-02	4.128330214e-22
-1.905000000e-01	4.936673098e+00	-9.308885796e-02	7.673549883e-23
-1.910000000e-01	4.936692912e+00	-9.349428494e-02	3.504391306e-22
-1.915000000e-01	4.936712758e+00	-9.389970898e-02	3.405115513e-22
-1.920000000e-01	4.936732638e+00	-9.430513006e-02	3.529849002e-22
-1.925000000e-01	4.936752550e+00	-9.471054821e-02	2.562738469e-22
-1.930000000e-01	4.936772496e+00	-9.511596338e-02	2.462276639e-22
-1.935000000e-01	4.936792475e+00	-9.552137559e-02	3.977826791e-22
-1.940000000e-01	4.936812486e+00	-9.592678482e-02	3.545196107e-22
-1.945000000e-01	4.936832531e+00	-9.633219106e-02	3.313684805e-22
-1.950000000e-01	4.936852608e+00	-9.673759432e-02	3.355654147e-22
-1.955000000e-01	4.936872719e+00	-9.714299456e-02	7.001860306e-22
-1.960000000e-01	4.936892862e+00	-9.754839181e-02	3.660975181e-22
-1.965000000e-01	4.936913039e+00	-9.795378603e-02	4.693842870e-22
-1.970000000e-01	4.936933248e+00	-9.835917722e-02	4.254410009e-22
-1.975000000e-01	4.936953491e+00	-9.876456539e-02	4.687904848e-22
-1.980000000e-01	4.936973766e+00	-9.916995052e-02	1.311452475e-22
-1.985000000e-01	4.936994075e+00	-9.957533259e-02	2.824090735e-22
-1.990000000e-01	4.937014416e+00	-9.998071161e-02	2.249636464e-22
-1.995000000e-01	4.937034791e+00	-1.003860876e-01	4.131899344e-22
-2.000000000e-01	4.937055198e+00	-1.007914604e-01	3.191123830e-22
