# epsi_ci     Re(Lambda)      Im(Lambda)      Eq(det), R = 0.10 $\mu$m, $E_p$ = 0.300 eV, modo = 4, $\epsilon_\infty$ = 3.9, $\gamma_{DL}$ = 0.01 eV, solve_det_sinkz_vs_mu.py
0.000000000e+00	4.481433508e+00	4.073428877e-02	8.785168818e-22
-5.000000000e-04	4.481438682e+00	4.036068851e-02	8.455600304e-22
-1.000000000e-03	4.481443887e+00	3.998708819e-02	1.108887081e-21
-1.500000000e-03	4.481449123e+00	3.961348782e-02	1.148227587e-21
-2.000000000e-03	4.481454391e+00	3.923988742e-02	1.612927316e-21
-2.500000000e-03	4.481459689e+00	3.886628699e-02	1.352553046e-21
-3.000000000e-03	4.481465018e+00	3.849268654e-02	8.227727085e-22
-3.500000000e-03	4.481470379e+00	3.811908607e-02	1.120490582e-21
-4.000000000e-03	4.481475770e+00	3.774548559e-02	1.097078187e-21
-4.500000000e-03	4.481481193e+00	3.737188511e-02	1.045944569e-21
-5.000000000e-03	4.481486646e+00	3.699828464e-02	1.266127469e-21
-5.500000000e-03	4.481492131e+00	3.662468420e-02	1.135851230e-21
-6.000000000e-03	4.481497647e+00	3.625108377e-02	8.839063747e-22
-6.500000000e-03	4.481503193e+00	3.587748337e-02	7.083651608e-22
-7.000000000e-03	4.481508771e+00	3.550388301e-02	9.938256342e-22
-7.500000000e-03	4.481514380e+00	3.513028270e-02	3.035496972e-22
-8.000000000e-03	4.481520019e+00	3.475668245e-02	1.174010129e-21
-8.500000000e-03	4.481525690e+00	3.438308226e-02	8.834383108e-22
-9.000000000e-03	4.481531392e+00	3.400948214e-02	9.515279826e-22
-9.500000000e-03	4.481537125e+00	3.363588209e-02	1.254313429e-21
-1.000000000e-02	4.481542889e+00	3.326228213e-02	9.823197226e-22
-1.050000000e-02	4.481548684e+00	3.288868227e-02	8.046080271e-22
-1.100000000e-02	4.481554510e+00	3.251508250e-02	4.350501657e-22
-1.150000000e-02	4.481560367e+00	3.214148285e-02	1.074301179e-21
-1.200000000e-02	4.481566255e+00	3.176788332e-02	1.669746662e-21
-1.250000000e-02	4.481572175e+00	3.139428390e-02	1.282383213e-21
-1.300000000e-02	4.481578125e+00	3.102068462e-02	5.865821926e-22
-1.350000000e-02	4.481584106e+00	3.064708548e-02	8.947838394e-22
-1.400000000e-02	4.481590118e+00	3.027348648e-02	6.743634517e-22
-1.450000000e-02	4.481596162e+00	2.989988764e-02	6.774823928e-22
-1.500000000e-02	4.481602236e+00	2.952628897e-02	8.265182940e-22
-1.550000000e-02	4.481608342e+00	2.915269046e-02	1.076618417e-21
-1.600000000e-02	4.481614478e+00	2.877909214e-02	7.317353802e-22
-1.650000000e-02	4.481620646e+00	2.840549399e-02	8.983100473e-22
-1.700000000e-02	4.481626844e+00	2.803189604e-02	9.698994283e-22
-1.750000000e-02	4.481633074e+00	2.765829830e-02	9.362566713e-22
-1.800000000e-02	4.481639334e+00	2.728470077e-02	6.315622028e-22
-1.850000000e-02	4.481645626e+00	2.691110345e-02	1.173460020e-21
-1.900000000e-02	4.481651949e+00	2.653750635e-02	5.811775111e-22
-1.950000000e-02	4.481658303e+00	2.616390949e-02	1.466303686e-21
-2.000000000e-02	4.481664687e+00	2.579031287e-02	1.268337916e-21
-2.050000000e-02	4.481671103e+00	2.541671650e-02	4.989312027e-22
-2.100000000e-02	4.481677550e+00	2.504312038e-02	9.522530820e-22
-2.150000000e-02	4.481684028e+00	2.466952452e-02	1.300347340e-21
-2.200000000e-02	4.481690537e+00	2.429592894e-02	9.294115834e-22
-2.250000000e-02	4.481697077e+00	2.392233363e-02	1.527712167e-21
-2.300000000e-02	4.481703648e+00	2.354873862e-02	1.025162381e-21
-2.350000000e-02	4.481710250e+00	2.317514389e-02	1.196942042e-21
-2.400000000e-02	4.481716883e+00	2.280154948e-02	9.624059263e-22
-2.450000000e-02	4.481723548e+00	2.242795537e-02	3.728965898e-22
-2.500000000e-02	4.481730243e+00	2.205436157e-02	8.682514827e-22
-2.550000000e-02	4.481736969e+00	2.168076810e-02	3.269442617e-22
-2.600000000e-02	4.481743726e+00	2.130717497e-02	1.447879599e-21
-2.650000000e-02	4.481750515e+00	2.093358217e-02	1.103334368e-21
-2.700000000e-02	4.481757334e+00	2.055998973e-02	6.161308139e-22
-2.750000000e-02	4.481764185e+00	2.018639764e-02	8.055189634e-22
-2.800000000e-02	4.481771066e+00	1.981280591e-02	1.371546687e-21
-2.850000000e-02	4.481777979e+00	1.943921456e-02	3.722042599e-22
-2.900000000e-02	4.481784922e+00	1.906562358e-02	1.087559631e-21
-2.950000000e-02	4.481791897e+00	1.869203299e-02	7.150581497e-22
-3.000000000e-02	4.481798902e+00	1.831844280e-02	7.702856021e-22
-3.050000000e-02	4.481805939e+00	1.794485301e-02	9.693764209e-22
-3.100000000e-02	4.481813007e+00	1.757126362e-02	8.206663698e-22
-3.150000000e-02	4.481820105e+00	1.719767467e-02	1.081683250e-21
-3.200000000e-02	4.481827235e+00	1.682408613e-02	1.004774594e-21
-3.250000000e-02	4.481834396e+00	1.645049802e-02	1.231137492e-21
-3.300000000e-02	4.481841588e+00	1.607691036e-02	1.248498895e-21
-3.350000000e-02	4.481848811e+00	1.570332315e-02	6.419912752e-22
-3.400000000e-02	4.481856065e+00	1.532973639e-02	9.567549339e-22
-3.450000000e-02	4.481863350e+00	1.495615009e-02	1.394613804e-21
-3.500000000e-02	4.481870666e+00	1.458256428e-02	1.412000141e-21
-3.550000000e-02	4.481878013e+00	1.420897894e-02	9.096546405e-22
-3.600000000e-02	4.481885391e+00	1.383539408e-02	1.085463483e-21
-3.650000000e-02	4.481892800e+00	1.346180973e-02	1.328286705e-21
-3.700000000e-02	4.481900240e+00	1.308822587e-02	3.472872221e-22
-3.750000000e-02	4.481907711e+00	1.271464252e-02	1.256095839e-21
-3.800000000e-02	4.481915213e+00	1.234105969e-02	9.600307832e-22
-3.850000000e-02	4.481922747e+00	1.196747740e-02	5.613789392e-22
-3.900000000e-02	4.481930311e+00	1.159389563e-02	9.299156957e-22
-3.950000000e-02	4.481937906e+00	1.122031440e-02	1.209007820e-21
-4.000000000e-02	4.481945533e+00	1.084673373e-02	3.998633032e-22
-4.050000000e-02	4.481953190e+00	1.047315361e-02	1.139632453e-21
-4.100000000e-02	4.481960878e+00	1.009957405e-02	1.101769208e-21
-4.150000000e-02	4.481968598e+00	9.725995070e-03	1.139279453e-21
-4.200000000e-02	4.481976348e+00	9.352416674e-03	9.327305058e-22
-4.250000000e-02	4.481984130e+00	8.978838861e-03	1.412630002e-21
-4.300000000e-02	4.481991942e+00	8.605261640e-03	1.225306628e-21
-4.350000000e-02	4.481999786e+00	8.231685020e-03	1.076553133e-21
-4.400000000e-02	4.482007661e+00	7.858109017e-03	9.746716420e-22
-4.450000000e-02	4.482015566e+00	7.484533636e-03	1.055228555e-21
-4.500000000e-02	4.482023503e+00	7.110958874e-03	1.219097390e-21
-4.550000000e-02	4.482031471e+00	6.737384754e-03	5.372913644e-22
-4.600000000e-02	4.482039469e+00	6.363811269e-03	9.612705040e-22
-4.650000000e-02	4.482047499e+00	5.990238435e-03	6.598947600e-22
-4.700000000e-02	4.482055560e+00	5.616666258e-03	1.046303356e-21
-4.750000000e-02	4.482063652e+00	5.243094748e-03	1.195368103e-21
-4.800000000e-02	4.482071775e+00	4.869523915e-03	1.212973208e-21
-4.850000000e-02	4.482079929e+00	4.495953755e-03	1.378097645e-21
-4.900000000e-02	4.482088114e+00	4.122384291e-03	1.339811078e-21
-4.950000000e-02	4.482096330e+00	3.748815511e-03	1.040503887e-21
-5.000000000e-02	4.482104577e+00	3.375247443e-03	9.464312253e-22
-5.050000000e-02	4.482112855e+00	3.001680086e-03	6.210898546e-22
-5.100000000e-02	4.482121164e+00	2.628113454e-03	1.349975107e-21
-5.150000000e-02	4.482129504e+00	2.254547537e-03	7.254246866e-22
-5.200000000e-02	4.482137875e+00	1.880982361e-03	8.426132020e-22
-5.250000000e-02	4.482146277e+00	1.507417923e-03	8.907411459e-22
-5.300000000e-02	4.482154710e+00	1.133854239e-03	1.332397812e-21
-5.350000000e-02	4.482163175e+00	7.602913123e-04	9.030102016e-22
-5.400000000e-02	4.482171670e+00	3.867291531e-04	6.204128977e-22
-5.450000000e-02	4.482180196e+00	1.316776424e-05	1.187590614e-21
-5.500000000e-02	4.482188753e+00	-3.603928471e-04	7.300272811e-22
-5.550000000e-02	4.482197342e+00	-7.339526646e-04	1.773550201e-21
-5.600000000e-02	4.482205961e+00	-1.107511687e-03	7.717887118e-22
-5.650000000e-02	4.482214611e+00	-1.481069906e-03	1.021535237e-21
-5.700000000e-02	4.482223293e+00	-1.854627307e-03	1.620809401e-21
-5.750000000e-02	4.482232005e+00	-2.228183905e-03	1.389253973e-21
-5.800000000e-02	4.482240749e+00	-2.601739664e-03	1.299096446e-21
-5.850000000e-02	4.482249523e+00	-2.975294583e-03	1.148759917e-21
-5.900000000e-02	4.482258329e+00	-3.348848665e-03	1.005386029e-21
-5.950000000e-02	4.482267165e+00	-3.722401905e-03	1.194973458e-21
-6.000000000e-02	4.482276033e+00	-4.095954277e-03	8.165795869e-22
-6.050000000e-02	4.482284931e+00	-4.469505783e-03	7.570227212e-22
-6.100000000e-02	4.482293861e+00	-4.843056419e-03	6.720514190e-22
-6.150000000e-02	4.482302821e+00	-5.216606176e-03	9.577517051e-22
-6.200000000e-02	4.482311813e+00	-5.590155043e-03	1.316744107e-21
-6.250000000e-02	4.482320836e+00	-5.963703009e-03	1.103522256e-21
-6.300000000e-02	4.482329889e+00	-6.337250073e-03	7.643398696e-22
-6.350000000e-02	4.482338974e+00	-6.710796219e-03	1.212991942e-21
-6.400000000e-02	4.482348090e+00	-7.084341457e-03	9.241615569e-22
-6.450000000e-02	4.482357237e+00	-7.457885761e-03	1.092542367e-21
-6.500000000e-02	4.482366414e+00	-7.831429133e-03	1.281882524e-21
-6.550000000e-02	4.482375623e+00	-8.204971554e-03	1.429478594e-21
-6.600000000e-02	4.482384863e+00	-8.578513033e-03	1.314221447e-21
-6.650000000e-02	4.482394134e+00	-8.952053553e-03	8.267316003e-22
-6.700000000e-02	4.482403436e+00	-9.325593099e-03	1.125411422e-21
-6.750000000e-02	4.482412768e+00	-9.699131677e-03	7.810909438e-22
-6.800000000e-02	4.482422132e+00	-1.007266927e-02	9.366574958e-22
-6.850000000e-02	4.482431527e+00	-1.044620589e-02	1.499486644e-21
-6.900000000e-02	4.482440953e+00	-1.081974149e-02	1.079759748e-21
-6.950000000e-02	4.482450410e+00	-1.119327610e-02	8.678199233e-22
-7.000000000e-02	4.482459898e+00	-1.156680969e-02	1.166574046e-21
-7.050000000e-02	4.482469417e+00	-1.194034226e-02	8.625922985e-22
-7.100000000e-02	4.482478967e+00	-1.231387381e-02	1.319658355e-21
-7.150000000e-02	4.482488548e+00	-1.268740432e-02	1.240629564e-21
-7.200000000e-02	4.482498160e+00	-1.306093379e-02	1.248791272e-21
-7.250000000e-02	4.482507803e+00	-1.343446221e-02	1.229549075e-21
-7.300000000e-02	4.482517477e+00	-1.380798956e-02	7.639758412e-22
-7.350000000e-02	4.482527182e+00	-1.418151585e-02	7.171133926e-22
-7.400000000e-02	4.482536918e+00	-1.455504106e-02	1.611118462e-21
-7.450000000e-02	4.482546685e+00	-1.492856521e-02	1.309793341e-21
-7.500000000e-02	4.482556483e+00	-1.530208825e-02	8.902968806e-22
-7.550000000e-02	4.482566312e+00	-1.567561020e-02	8.601231535e-22
-7.600000000e-02	4.482576172e+00	-1.604913104e-02	6.110698152e-22
-7.650000000e-02	4.482586063e+00	-1.642265077e-02	1.222322831e-21
-7.700000000e-02	4.482595985e+00	-1.679616939e-02	1.086668404e-21
-7.750000000e-02	4.482605939e+00	-1.716968687e-02	1.106619706e-21
-7.800000000e-02	4.482615923e+00	-1.754320321e-02	7.826215702e-22
-7.850000000e-02	4.482625938e+00	-1.791671842e-02	6.642115998e-22
-7.900000000e-02	4.482635984e+00	-1.829023247e-02	1.167763011e-21
-7.950000000e-02	4.482646061e+00	-1.866374537e-02	1.080231200e-21
-8.000000000e-02	4.482656169e+00	-1.903725709e-02	9.560303181e-22
-8.050000000e-02	4.482666308e+00	-1.941076765e-02	9.955374625e-22
-8.100000000e-02	4.482676479e+00	-1.978427702e-02	8.431410532e-22
-8.150000000e-02	4.482686680e+00	-2.015778520e-02	1.290056741e-21
-8.200000000e-02	4.482696912e+00	-2.053129218e-02	8.153258369e-22
-8.250000000e-02	4.482707175e+00	-2.090479796e-02	8.650206154e-22
-8.300000000e-02	4.482717469e+00	-2.127830253e-02	1.204002151e-21
-8.350000000e-02	4.482727795e+00	-2.165180587e-02	6.138341512e-22
-8.400000000e-02	4.482738151e+00	-2.202530799e-02	1.184033935e-21
-8.450000000e-02	4.482748538e+00	-2.239880888e-02	1.253808082e-21
-8.500000000e-02	4.482758956e+00	-2.277230851e-02	1.409349993e-21
-8.550000000e-02	4.482769405e+00	-2.314580689e-02	9.609598580e-22
-8.600000000e-02	4.482779886e+00	-2.351930402e-02	6.159778510e-22
-8.650000000e-02	4.482790397e+00	-2.389279988e-02	1.016951341e-21
-8.700000000e-02	4.482800939e+00	-2.426629447e-02	1.233732655e-21
-8.750000000e-02	4.482811512e+00	-2.463978778e-02	1.270194474e-21
-8.800000000e-02	4.482822116e+00	-2.501327980e-02	1.133317794e-21
-8.850000000e-02	4.482832752e+00	-2.538677051e-02	9.968434444e-22
-8.900000000e-02	4.482843418e+00	-2.576025992e-02	9.571699090e-22
-8.950000000e-02	4.482854115e+00	-2.613374802e-02	1.190645782e-21
-9.000000000e-02	4.482864843e+00	-2.650723480e-02	5.152164532e-22
-9.050000000e-02	4.482875602e+00	-2.688072025e-02	9.743889236e-22
-9.100000000e-02	4.482886393e+00	-2.725420437e-02	6.382756849e-22
-9.150000000e-02	4.482897214e+00	-2.762768714e-02	1.168025377e-21
-9.200000000e-02	4.482908066e+00	-2.800116856e-02	1.057938308e-21
-9.250000000e-02	4.482918949e+00	-2.837464861e-02	6.294798646e-22
-9.300000000e-02	4.482929863e+00	-2.874812730e-02	2.815207557e-21
-9.350000000e-02	4.482940809e+00	-2.912160463e-02	5.877135165e-22
-9.400000000e-02	4.482951785e+00	-2.949508056e-02	7.224446842e-22
-9.450000000e-02	4.482962792e+00	-2.986855512e-02	1.416061898e-21
-9.500000000e-02	4.482973830e+00	-3.024202826e-02	8.099555086e-22
-9.550000000e-02	4.482984899e+00	-3.061550001e-02	1.000492443e-21
-9.600000000e-02	4.482995999e+00	-3.098897033e-02	8.438714155e-22
-9.650000000e-02	4.483007130e+00	-3.136243924e-02	7.954524029e-22
-9.700000000e-02	4.483018292e+00	-3.173590673e-02	8.422572342e-22
-9.750000000e-02	4.483029486e+00	-3.210937277e-02	6.149605165e-22
-9.800000000e-02	4.483040710e+00	-3.248283737e-02	1.345580154e-21
-9.850000000e-02	4.483051965e+00	-3.285630053e-02	1.146284407e-21
-9.900000000e-02	4.483063251e+00	-3.322976222e-02	7.401858869e-22
-9.950000000e-02	4.483074568e+00	-3.360322244e-02	9.408875348e-22
-1.000000000e-01	4.483085916e+00	-3.397668119e-02	1.113303206e-21
-1.005000000e-01	4.483097295e+00	-3.435013845e-02	9.798656556e-22
-1.010000000e-01	4.483108705e+00	-3.472359423e-02	6.818325629e-22
-1.015000000e-01	4.483120146e+00	-3.509704851e-02	1.430817162e-21
-1.020000000e-01	4.483131618e+00	-3.547050129e-02	1.227615356e-21
-1.025000000e-01	4.483143121e+00	-3.584395255e-02	8.918662780e-22
-1.030000000e-01	4.483154654e+00	-3.621740229e-02	7.955670902e-22
-1.035000000e-01	4.483166219e+00	-3.659085050e-02	9.377794164e-22
-1.040000000e-01	4.483177815e+00	-3.696429718e-02	8.864332267e-22
-1.045000000e-01	4.483189442e+00	-3.733774231e-02	9.851351857e-22
-1.050000000e-01	4.483201100e+00	-3.771118589e-02	8.383106328e-22
-1.055000000e-01	4.483212789e+00	-3.808462791e-02	6.458923033e-22
-1.060000000e-01	4.483224509e+00	-3.845806837e-02	1.335760958e-21
-1.065000000e-01	4.483236259e+00	-3.883150725e-02	1.363986767e-21
-1.070000000e-01	4.483248041e+00	-3.920494454e-02	1.446717595e-21
-1.075000000e-01	4.483259854e+00	-3.957838026e-02	1.007393714e-21
-1.080000000e-01	4.483271698e+00	-3.995181437e-02	1.133038128e-21
-1.085000000e-01	4.483283572e+00	-4.032524687e-02	6.620557764e-22
-1.090000000e-01	4.483295478e+00	-4.069867776e-02	4.000630066e-22
-1.095000000e-01	4.483307414e+00	-4.107210703e-02	1.409091950e-21
-1.100000000e-01	4.483319382e+00	-4.144553468e-02	7.874231331e-22
-1.105000000e-01	4.483331381e+00	-4.181896069e-02	1.044260300e-21
-1.110000000e-01	4.483343410e+00	-4.219238505e-02	1.276162915e-21
-1.115000000e-01	4.483355471e+00	-4.256580776e-02	1.235753764e-21
-1.120000000e-01	4.483367562e+00	-4.293922881e-02	1.130424430e-21
-1.125000000e-01	4.483379685e+00	-4.331264820e-02	8.947377087e-22
-1.130000000e-01	4.483391838e+00	-4.368606591e-02	7.635212738e-22
-1.135000000e-01	4.483404022e+00	-4.405948194e-02	6.685561442e-22
-1.140000000e-01	4.483416238e+00	-4.443289628e-02	7.944468074e-22
-1.145000000e-01	4.483428484e+00	-4.480630891e-02	1.361021664e-21
-1.150000000e-01	4.483440761e+00	-4.517971986e-02	1.027067144e-21
-1.155000000e-01	4.483453070e+00	-4.555312908e-02	1.318059461e-21
-1.160000000e-01	4.483465409e+00	-4.592653658e-02	8.580251412e-22
-1.165000000e-01	4.483477779e+00	-4.629994236e-02	1.085493094e-21
-1.170000000e-01	4.483490180e+00	-4.667334640e-02	6.077586004e-22
-1.175000000e-01	4.483502612e+00	-4.704674869e-02	7.862853328e-22
-1.180000000e-01	4.483515075e+00	-4.742014924e-02	7.664049413e-22
-1.185000000e-01	4.483527569e+00	-4.779354802e-02	1.509001247e-21
-1.190000000e-01	4.483540094e+00	-4.816694504e-02	9.962186255e-22
-1.195000000e-01	4.483552650e+00	-4.854034028e-02	1.077049854e-21
-1.200000000e-01	4.483565237e+00	-4.891373374e-02	6.389782857e-22
-1.205000000e-01	4.483577855e+00	-4.928712541e-02	8.915010976e-22
-1.210000000e-01	4.483590504e+00	-4.966051529e-02	1.269671885e-21
-1.215000000e-01	4.483603183e+00	-5.003390336e-02	1.096702453e-21
-1.220000000e-01	4.483615894e+00	-5.040728961e-02	1.157175969e-21
-1.225000000e-01	4.483628636e+00	-5.078067405e-02	6.701062807e-22
-1.230000000e-01	4.483641409e+00	-5.115405666e-02	7.057961624e-22
-1.235000000e-01	4.483654212e+00	-5.152743743e-02	1.164886542e-21
-1.240000000e-01	4.483667047e+00	-5.190081636e-02	8.380621419e-22
-1.245000000e-01	4.483679912e+00	-5.227419344e-02	9.715925920e-22
-1.250000000e-01	4.483692809e+00	-5.264756866e-02	7.155678238e-22
-1.255000000e-01	4.483705736e+00	-5.302094201e-02	8.359792822e-22
-1.260000000e-01	4.483718694e+00	-5.339431349e-02	1.383808338e-21
-1.265000000e-01	4.483731684e+00	-5.376768308e-02	8.363179893e-22
-1.270000000e-01	4.483744704e+00	-5.414105079e-02	1.512481139e-21
-1.275000000e-01	4.483757755e+00	-5.451441660e-02	8.066862735e-22
-1.280000000e-01	4.483770837e+00	-5.488778050e-02	9.223229008e-22
-1.285000000e-01	4.483783950e+00	-5.526114249e-02	1.169625540e-21
-1.290000000e-01	4.483797094e+00	-5.563450257e-02	1.296770675e-21
-1.295000000e-01	4.483810269e+00	-5.600786071e-02	1.231597964e-21
-1.300000000e-01	4.483823475e+00	-5.638121692e-02	9.325813605e-22
-1.305000000e-01	4.483836712e+00	-5.675457118e-02	1.338083265e-21
-1.310000000e-01	4.483849980e+00	-5.712792350e-02	6.301609769e-22
-1.315000000e-01	4.483863279e+00	-5.750127386e-02	1.110258606e-21
-1.320000000e-01	4.483876608e+00	-5.787462225e-02	1.279385455e-21
-1.325000000e-01	4.483889969e+00	-5.824796866e-02	1.308452450e-21
-1.330000000e-01	4.483903360e+00	-5.862131310e-02	1.123052683e-21
-1.335000000e-01	4.483916783e+00	-5.899465554e-02	1.094175290e-21
-1.340000000e-01	4.483930236e+00	-5.936799599e-02	8.042626744e-22
-1.345000000e-01	4.483943721e+00	-5.974133444e-02	1.170424164e-21
-1.350000000e-01	4.483957236e+00	-6.011467087e-02	9.395278852e-22
-1.355000000e-01	4.483970782e+00	-6.048800528e-02	1.022854625e-21
-1.360000000e-01	4.483984359e+00	-6.086133766e-02	1.185096684e-21
-1.365000000e-01	4.483997968e+00	-6.123466801e-02	1.527377214e-21
-1.370000000e-01	4.484011607e+00	-6.160799631e-02	6.304797849e-22
-1.375000000e-01	4.484025277e+00	-6.198132257e-02	7.947134984e-22
-1.380000000e-01	4.484038977e+00	-6.235464676e-02	1.327474628e-21
-1.385000000e-01	4.484052709e+00	-6.272796890e-02	7.353566140e-22
-1.390000000e-01	4.484066472e+00	-6.310128896e-02	7.380660818e-22
-1.395000000e-01	4.484080266e+00	-6.347460693e-02	5.898921085e-22
-1.400000000e-01	4.484094090e+00	-6.384792282e-02	8.368724371e-22
-1.405000000e-01	4.484107946e+00	-6.422123661e-02	9.509982465e-22
-1.410000000e-01	4.484121832e+00	-6.459454830e-02	1.039071636e-21
-1.415000000e-01	4.484135750e+00	-6.496785787e-02	8.032386906e-22
-1.420000000e-01	4.484149698e+00	-6.534116532e-02	9.741113139e-22
-1.425000000e-01	4.484163677e+00	-6.571447065e-02	7.693820467e-22
-1.430000000e-01	4.484177687e+00	-6.608777385e-02	1.066758702e-21
-1.435000000e-01	4.484191728e+00	-6.646107490e-02	1.008294080e-21
-1.440000000e-01	4.484205800e+00	-6.683437380e-02	1.152009403e-21
-1.445000000e-01	4.484219903e+00	-6.720767054e-02	1.216951051e-21
-1.450000000e-01	4.484234037e+00	-6.758096512e-02	1.291104139e-21
-1.455000000e-01	4.484248202e+00	-6.795425752e-02	1.419219885e-21
-1.460000000e-01	4.484262398e+00	-6.832754775e-02	1.156981510e-21
-1.465000000e-01	4.484276624e+00	-6.870083578e-02	9.471191465e-22
-1.470000000e-01	4.484290882e+00	-6.907412162e-02	1.076923545e-21
-1.475000000e-01	4.484305170e+00	-6.944740525e-02	1.689265353e-21
-1.480000000e-01	4.484319489e+00	-6.982068668e-02	9.019627569e-22
-1.485000000e-01	4.484333840e+00	-7.019396589e-02	9.035147164e-22
-1.490000000e-01	4.484348221e+00	-7.056724286e-02	9.707335311e-22
-1.495000000e-01	4.484362633e+00	-7.094051761e-02	1.353328509e-21
-1.500000000e-01	4.484377076e+00	-7.131379011e-02	1.351906471e-21
-1.505000000e-01	4.484391550e+00	-7.168706037e-02	6.972071970e-22
-1.510000000e-01	4.484406054e+00	-7.206032836e-02	1.536611673e-21
-1.515000000e-01	4.484420590e+00	-7.243359409e-02	9.660783748e-22
-1.520000000e-01	4.484435157e+00	-7.280685755e-02	1.058753853e-21
-1.525000000e-01	4.484449754e+00	-7.318011872e-02	5.502382581e-22
-1.530000000e-01	4.484464382e+00	-7.355337761e-02	5.965499757e-22
-1.535000000e-01	4.484479042e+00	-7.392663421e-02	1.189531360e-21
-1.540000000e-01	4.484493732e+00	-7.429988850e-02	9.038477352e-22
-1.545000000e-01	4.484508453e+00	-7.467314048e-02	7.791511325e-22
-1.550000000e-01	4.484523205e+00	-7.504639014e-02	9.760181175e-22
-1.555000000e-01	4.484537988e+00	-7.541963747e-02	1.238168164e-21
-1.560000000e-01	4.484552802e+00	-7.579288248e-02	6.789026474e-22
-1.565000000e-01	4.484567646e+00	-7.616612514e-02	7.873663686e-22
-1.570000000e-01	4.484582522e+00	-7.653936545e-02	9.212778483e-22
-1.575000000e-01	4.484597428e+00	-7.691260340e-02	9.428541213e-22
-1.580000000e-01	4.484612366e+00	-7.728583899e-02	7.357941256e-22
-1.585000000e-01	4.484627334e+00	-7.765907221e-02	3.905488904e-22
-1.590000000e-01	4.484642333e+00	-7.803230305e-02	7.869893615e-22
-1.595000000e-01	4.484657363e+00	-7.840553150e-02	9.949596726e-22
-1.600000000e-01	4.484672424e+00	-7.877875756e-02	1.130623003e-21
-1.605000000e-01	4.484687516e+00	-7.915198121e-02	4.279121002e-22
-1.610000000e-01	4.484702639e+00	-7.952520246e-02	1.372092256e-21
-1.615000000e-01	4.484717792e+00	-7.989842128e-02	9.658134603e-22
-1.620000000e-01	4.484732977e+00	-8.027163768e-02	1.052791933e-21
-1.625000000e-01	4.484748192e+00	-8.064485165e-02	9.447242281e-22
-1.630000000e-01	4.484763439e+00	-8.101806318e-02	1.606029850e-21
-1.635000000e-01	4.484778716e+00	-8.139127226e-02	1.102038512e-21
-1.640000000e-01	4.484794024e+00	-8.176447888e-02	7.013514840e-22
-1.645000000e-01	4.484809363e+00	-8.213768304e-02	3.457527076e-22
-1.650000000e-01	4.484824732e+00	-8.251088473e-02	1.247896771e-21
-1.655000000e-01	4.484840133e+00	-8.288408393e-02	1.156128843e-21
-1.660000000e-01	4.484855565e+00	-8.325728066e-02	1.346275080e-21
-1.665000000e-01	4.484871027e+00	-8.363047488e-02	6.934383360e-22
-1.670000000e-01	4.484886520e+00	-8.400366661e-02	9.597416458e-22
-1.675000000e-01	4.484902044e+00	-8.437685582e-02	1.122480080e-21
-1.680000000e-01	4.484917600e+00	-8.475004253e-02	8.647722199e-22
-1.685000000e-01	4.484933185e+00	-8.512322670e-02	1.057914213e-21
-1.690000000e-01	4.484948802e+00	-8.549640834e-02	1.036703907e-21
-1.695000000e-01	4.484964450e+00	-8.586958745e-02	1.216780755e-21
-1.700000000e-01	4.484980128e+00	-8.624276401e-02	1.093516568e-21
-1.705000000e-01	4.484995838e+00	-8.661593800e-02	5.807748586e-22
-1.710000000e-01	4.485011578e+00	-8.698910944e-02	6.185759674e-22
-1.715000000e-01	4.485027349e+00	-8.736227831e-02	5.676269791e-22
-1.720000000e-01	4.485043151e+00	-8.773544459e-02	1.449841568e-21
-1.725000000e-01	4.485058984e+00	-8.810860830e-02	1.011269705e-21
-1.730000000e-01	4.485074848e+00	-8.848176941e-02	6.114159874e-22
-1.735000000e-01	4.485090742e+00	-8.885492792e-02	8.431970207e-22
-1.740000000e-01	4.485106668e+00	-8.922808382e-02	1.223177015e-21
-1.745000000e-01	4.485122624e+00	-8.960123711e-02	1.450159234e-21
-1.750000000e-01	4.485138611e+00	-8.997438776e-02	9.624482630e-22
-1.755000000e-01	4.485154629e+00	-9.034753579e-02	1.687616753e-21
-1.760000000e-01	4.485170678e+00	-9.072068118e-02	1.043587594e-21
-1.765000000e-01	4.485186758e+00	-9.109382392e-02	1.107765068e-21
-1.770000000e-01	4.485202869e+00	-9.146696402e-02	1.307267802e-21
-1.775000000e-01	4.485219010e+00	-9.184010144e-02	7.750089533e-22
-1.780000000e-01	4.485235182e+00	-9.221323619e-02	1.419837232e-21
-1.785000000e-01	4.485251385e+00	-9.258636828e-02	1.195181345e-21
-1.790000000e-01	4.485267619e+00	-9.295949767e-02	9.772829799e-22
-1.795000000e-01	4.485283884e+00	-9.333262437e-02	2.990036882e-22
-1.800000000e-01	4.485300180e+00	-9.370574837e-02	1.492833140e-21
-1.805000000e-01	4.485316507e+00	-9.407886967e-02	3.812807844e-22
-1.810000000e-01	4.485332864e+00	-9.445198825e-02	7.516840525e-22
-1.815000000e-01	4.485349252e+00	-9.482510410e-02	9.329447031e-22
-1.820000000e-01	4.485365671e+00	-9.519821724e-02	1.272584673e-21
-1.825000000e-01	4.485382121e+00	-9.557132762e-02	8.343950742e-22
-1.830000000e-01	4.485398602e+00	-9.594443526e-02	1.255741784e-21
-1.835000000e-01	4.485415113e+00	-9.631754015e-02	9.753421199e-22
-1.840000000e-01	4.485431656e+00	-9.669064228e-02	9.874282323e-22
-1.845000000e-01	4.485448229e+00	-9.706374164e-02	1.099905814e-21
-1.850000000e-01	4.485464833e+00	-9.743683823e-02	7.147120653e-22
-1.855000000e-01	4.485481468e+00	-9.780993203e-02	1.324537697e-21
-1.860000000e-01	4.485498134e+00	-9.818302303e-02	9.564675078e-22
-1.865000000e-01	4.485514831e+00	-9.855611125e-02	9.437718118e-22
-1.870000000e-01	4.485531558e+00	-9.892919665e-02	8.710050658e-22
-1.875000000e-01	4.485548316e+00	-9.930227924e-02	9.737082837e-22
-1.880000000e-01	4.485565106e+00	-9.967535901e-02	9.910088169e-22
-1.885000000e-01	4.485581925e+00	-1.000484359e-01	1.001467698e-21
-1.890000000e-01	4.485598776e+00	-1.004215100e-01	1.090283955e-21
-1.895000000e-01	4.485615658e+00	-1.007945813e-01	1.245143391e-21
-1.900000000e-01	4.485632570e+00	-1.011676497e-01	1.294580065e-21
-1.905000000e-01	4.485649513e+00	-1.015407152e-01	8.025666488e-22
-1.910000000e-01	4.485666488e+00	-1.019137779e-01	1.682028405e-21
-1.915000000e-01	4.485683492e+00	-1.022868377e-01	7.306980428e-22
-1.920000000e-01	4.485700528e+00	-1.026598946e-01	3.270016536e-22
-1.925000000e-01	4.485717595e+00	-1.030329487e-01	1.092359753e-21
-1.930000000e-01	4.485734692e+00	-1.034059998e-01	8.141188890e-22
-1.935000000e-01	4.485751820e+00	-1.037790480e-01	1.373678393e-21
-1.940000000e-01	4.485768979e+00	-1.041520933e-01	1.043968732e-21
-1.945000000e-01	4.485786169e+00	-1.045251357e-01	1.240445972e-21
-1.950000000e-01	4.485803390e+00	-1.048981752e-01	1.163217921e-21
-1.955000000e-01	4.485820641e+00	-1.052712117e-01	1.460514473e-21
-1.960000000e-01	4.485837923e+00	-1.056442453e-01	1.285049001e-21
-1.965000000e-01	4.485855236e+00	-1.060172760e-01	1.032075727e-21
-1.970000000e-01	4.485872580e+00	-1.063903036e-01	1.379748272e-21
-1.975000000e-01	4.485889955e+00	-1.067633283e-01	1.342116297e-21
-1.980000000e-01	4.485907360e+00	-1.071363501e-01	5.929948385e-22
-1.985000000e-01	4.485924797e+00	-1.075093688e-01	9.128795774e-22
-1.990000000e-01	4.485942264e+00	-1.078823846e-01	9.232395798e-22
-1.995000000e-01	4.485959761e+00	-1.082553974e-01	8.809754147e-22
-2.000000000e-01	4.485977290e+00	-1.086284071e-01	8.722420162e-22
