# epsi_ci     Re(Lambda)      Im(Lambda)      Eq(det), R = 0.10 $\mu$m, $E_p$ = 0.300 eV, modo = 4, $\epsilon_\infty$ = 3.9, $\gamma_{DL}$ = 0.01 eV, solve_det_sinkz_vs_mu.py
0.000000000e+00	4.802636596e+00	5.478704966e-02	6.668719472e-22
-5.000000000e-04	4.802643179e+00	5.439007177e-02	5.136029187e-22
-1.000000000e-03	4.802649794e+00	5.399309377e-02	8.318114194e-22
-1.500000000e-03	4.802656442e+00	5.359611567e-02	7.168470412e-22
-2.000000000e-03	4.802663122e+00	5.319913749e-02	6.784693182e-22
-2.500000000e-03	4.802669835e+00	5.280215922e-02	5.176711042e-22
-3.000000000e-03	4.802676581e+00	5.240518087e-02	4.625445670e-22
-3.500000000e-03	4.802683360e+00	5.200820246e-02	5.776778190e-22
-4.000000000e-03	4.802690171e+00	5.161122400e-02	4.356422529e-22
-4.500000000e-03	4.802697014e+00	5.121424548e-02	4.208169314e-22
-5.000000000e-03	4.802703891e+00	5.081726692e-02	5.790939665e-22
-5.500000000e-03	4.802710800e+00	5.042028832e-02	6.067315263e-22
-6.000000000e-03	4.802717741e+00	5.002330971e-02	5.375713126e-22
-6.500000000e-03	4.802724716e+00	4.962633107e-02	6.085926559e-22
-7.000000000e-03	4.802731723e+00	4.922935242e-02	2.989405856e-22
-7.500000000e-03	4.802738762e+00	4.883237377e-02	5.027233996e-22
-8.000000000e-03	4.802745834e+00	4.843539512e-02	6.474974098e-22
-8.500000000e-03	4.802752939e+00	4.803841650e-02	4.718802080e-22
-9.000000000e-03	4.802760077e+00	4.764143789e-02	3.669087508e-22
-9.500000000e-03	4.802767247e+00	4.724445931e-02	3.186418112e-22
-1.000000000e-02	4.802774450e+00	4.684748078e-02	4.462319955e-22
-1.050000000e-02	4.802781685e+00	4.645050228e-02	3.433472339e-22
-1.100000000e-02	4.802788953e+00	4.605352384e-02	5.447568902e-22
-1.150000000e-02	4.802796254e+00	4.565654546e-02	4.677552894e-22
-1.200000000e-02	4.802803587e+00	4.525956716e-02	4.433384927e-22
-1.250000000e-02	4.802810953e+00	4.486258893e-02	5.062703732e-22
-1.300000000e-02	4.802818352e+00	4.446561079e-02	7.260794932e-22
-1.350000000e-02	4.802825783e+00	4.406863274e-02	4.854743633e-22
-1.400000000e-02	4.802833247e+00	4.367165480e-02	4.618722737e-22
-1.450000000e-02	4.802840744e+00	4.327467697e-02	6.067979695e-22
-1.500000000e-02	4.802848273e+00	4.287769925e-02	5.353791121e-22
-1.550000000e-02	4.802855835e+00	4.248072166e-02	6.125934273e-22
-1.600000000e-02	4.802863429e+00	4.208374421e-02	5.571873150e-22
-1.650000000e-02	4.802871056e+00	4.168676689e-02	3.838100772e-22
-1.700000000e-02	4.802878716e+00	4.128978973e-02	5.949090487e-22
-1.750000000e-02	4.802886409e+00	4.089281272e-02	4.796005681e-22
-1.800000000e-02	4.802894134e+00	4.049583589e-02	2.469804435e-22
-1.850000000e-02	4.802901891e+00	4.009885923e-02	4.913061198e-22
-1.900000000e-02	4.802909682e+00	3.970188275e-02	8.919936300e-22
-1.950000000e-02	4.802917505e+00	3.930490646e-02	3.828697685e-22
-2.000000000e-02	4.802925360e+00	3.890793037e-02	7.095205615e-22
-2.050000000e-02	4.802933249e+00	3.851095449e-02	3.077321716e-22
-2.100000000e-02	4.802941169e+00	3.811397882e-02	4.547641305e-22
-2.150000000e-02	4.802949123e+00	3.771700337e-02	6.027162539e-22
-2.200000000e-02	4.802957109e+00	3.732002816e-02	2.653648261e-22
-2.250000000e-02	4.802965128e+00	3.692305318e-02	2.840752617e-22
-2.300000000e-02	4.802973180e+00	3.652607845e-02	7.473313408e-22
-2.350000000e-02	4.802981264e+00	3.612910397e-02	4.957297296e-22
-2.400000000e-02	4.802989380e+00	3.573212977e-02	3.072446821e-22
-2.450000000e-02	4.802997530e+00	3.533515583e-02	4.760193392e-22
-2.500000000e-02	4.803005712e+00	3.493818216e-02	5.717717576e-22
-2.550000000e-02	4.803013927e+00	3.454120879e-02	4.924662778e-22
-2.600000000e-02	4.803022174e+00	3.414423571e-02	3.954666860e-22
-2.650000000e-02	4.803030454e+00	3.374726293e-02	5.032897760e-22
-2.700000000e-02	4.803038766e+00	3.335029047e-02	3.752672552e-22
-2.750000000e-02	4.803047112e+00	3.295331832e-02	4.467596377e-22
-2.800000000e-02	4.803055490e+00	3.255634650e-02	8.187330389e-22
-2.850000000e-02	4.803063900e+00	3.215937502e-02	4.611539415e-22
-2.900000000e-02	4.803072343e+00	3.176240388e-02	6.653704712e-22
-2.950000000e-02	4.803080819e+00	3.136543309e-02	5.267337328e-22
-3.000000000e-02	4.803089328e+00	3.096846266e-02	6.770387967e-22
-3.050000000e-02	4.803097869e+00	3.057149260e-02	3.968396662e-22
-3.100000000e-02	4.803106442e+00	3.017452291e-02	5.711849692e-22
-3.150000000e-02	4.803115049e+00	2.977755360e-02	4.181696377e-22
-3.200000000e-02	4.803123688e+00	2.938058469e-02	5.814297853e-22
-3.250000000e-02	4.803132359e+00	2.898361617e-02	5.231134162e-22
-3.300000000e-02	4.803141064e+00	2.858664807e-02	7.507970643e-22
-3.350000000e-02	4.803149801e+00	2.818968037e-02	4.545627866e-22
-3.400000000e-02	4.803158570e+00	2.779271311e-02	4.557414157e-22
-3.450000000e-02	4.803167372e+00	2.739574627e-02	7.265200839e-22
-3.500000000e-02	4.803176207e+00	2.699877988e-02	4.135647785e-22
-3.550000000e-02	4.803185075e+00	2.660181392e-02	3.306986674e-22
-3.600000000e-02	4.803193975e+00	2.620484843e-02	6.360018200e-22
-3.650000000e-02	4.803202908e+00	2.580788340e-02	6.689579501e-22
-3.700000000e-02	4.803211873e+00	2.541091884e-02	2.844153618e-22
-3.750000000e-02	4.803220871e+00	2.501395476e-02	6.230833545e-22
-3.800000000e-02	4.803229902e+00	2.461699117e-02	5.411562260e-22
-3.850000000e-02	4.803238965e+00	2.422002807e-02	4.282640280e-22
-3.900000000e-02	4.803248061e+00	2.382306548e-02	6.534423459e-22
-3.950000000e-02	4.803257189e+00	2.342610340e-02	6.195402296e-22
-4.000000000e-02	4.803266351e+00	2.302914184e-02	6.882191046e-22
-4.050000000e-02	4.803275544e+00	2.263218080e-02	4.778593771e-22
-4.100000000e-02	4.803284771e+00	2.223522030e-02	4.684057515e-22
-4.150000000e-02	4.803294030e+00	2.183826035e-02	4.322080143e-22
-4.200000000e-02	4.803303322e+00	2.144130095e-02	6.118105735e-22
-4.250000000e-02	4.803312646e+00	2.104434211e-02	4.332911395e-22
-4.300000000e-02	4.803322003e+00	2.064738383e-02	6.393128473e-22
-4.350000000e-02	4.803331393e+00	2.025042613e-02	5.783167711e-22
-4.400000000e-02	4.803340815e+00	1.985346902e-02	4.559094239e-22
-4.450000000e-02	4.803350270e+00	1.945651249e-02	6.784236978e-22
-4.500000000e-02	4.803359758e+00	1.905955657e-02	4.440915980e-22
-4.550000000e-02	4.803369278e+00	1.866260126e-02	4.019172910e-22
-4.600000000e-02	4.803378831e+00	1.826564656e-02	4.975182296e-22
-4.650000000e-02	4.803388416e+00	1.786869249e-02	4.664947864e-22
-4.700000000e-02	4.803398034e+00	1.747173904e-02	4.452848636e-22
-4.750000000e-02	4.803407685e+00	1.707478624e-02	5.425604915e-22
-4.800000000e-02	4.803417368e+00	1.667783408e-02	5.586078641e-22
-4.850000000e-02	4.803427084e+00	1.628088259e-02	7.260226592e-22
-4.900000000e-02	4.803436833e+00	1.588393175e-02	6.326750554e-22
-4.950000000e-02	4.803446614e+00	1.548698159e-02	3.879399760e-22
-5.000000000e-02	4.803456428e+00	1.509003210e-02	3.597398862e-22
-5.050000000e-02	4.803466275e+00	1.469308331e-02	4.412692032e-22
-5.100000000e-02	4.803476154e+00	1.429613521e-02	5.471650161e-22
-5.150000000e-02	4.803486066e+00	1.389918781e-02	4.718325858e-22
-5.200000000e-02	4.803496010e+00	1.350224113e-02	2.901744626e-22
-5.250000000e-02	4.803505987e+00	1.310529517e-02	2.186446513e-22
-5.300000000e-02	4.803515997e+00	1.270834994e-02	3.710096232e-22
-5.350000000e-02	4.803526039e+00	1.231140544e-02	4.405894579e-22
-5.400000000e-02	4.803536114e+00	1.191446169e-02	3.349451752e-22
-5.450000000e-02	4.803546221e+00	1.151751869e-02	5.184638757e-22
-5.500000000e-02	4.803556362e+00	1.112057644e-02	4.771814259e-22
-5.550000000e-02	4.803566534e+00	1.072363497e-02	6.058627774e-22
-5.600000000e-02	4.803576740e+00	1.032669428e-02	5.807468442e-22
-5.650000000e-02	4.803586978e+00	9.929754365e-03	6.688900025e-22
-5.700000000e-02	4.803597249e+00	9.532815251e-03	5.952813870e-22
-5.750000000e-02	4.803607552e+00	9.135876923e-03	7.455011435e-22
-5.800000000e-02	4.803617888e+00	8.738939415e-03	5.863182343e-22
-5.850000000e-02	4.803628257e+00	8.342002725e-03	4.796509167e-22
-5.900000000e-02	4.803638658e+00	7.945066853e-03	8.142996556e-22
-5.950000000e-02	4.803649092e+00	7.548131814e-03	5.481419036e-22
-6.000000000e-02	4.803659558e+00	7.151197622e-03	6.409039082e-22
-6.050000000e-02	4.803670057e+00	6.754264274e-03	3.476896050e-22
-6.100000000e-02	4.803680589e+00	6.357331784e-03	3.256531999e-22
-6.150000000e-02	4.803691153e+00	5.960400155e-03	3.694359789e-22
-6.200000000e-02	4.803701750e+00	5.563469403e-03	3.971871016e-22
-6.250000000e-02	4.803712380e+00	5.166539527e-03	4.831682695e-22
-6.300000000e-02	4.803723042e+00	4.769610545e-03	5.232354285e-22
-6.350000000e-02	4.803733737e+00	4.372682454e-03	4.154929674e-22
-6.400000000e-02	4.803744464e+00	3.975755267e-03	5.969396842e-22
-6.450000000e-02	4.803755224e+00	3.578828996e-03	5.304374985e-22
-6.500000000e-02	4.803766017e+00	3.181903644e-03	6.466606385e-22
-6.550000000e-02	4.803776842e+00	2.784979230e-03	4.938595753e-22
-6.600000000e-02	4.803787700e+00	2.388055739e-03	5.198823122e-22
-6.650000000e-02	4.803798591e+00	1.991133197e-03	7.839432011e-22
-6.700000000e-02	4.803809514e+00	1.594211617e-03	5.278760580e-22
-6.750000000e-02	4.803820470e+00	1.197290982e-03	5.566496955e-22
-6.800000000e-02	4.803831458e+00	8.003713276e-04	2.741213650e-22
-6.850000000e-02	4.803842479e+00	4.034526437e-04	6.038340986e-22
-6.900000000e-02	4.803853533e+00	6.534945548e-06	6.073604331e-22
-6.950000000e-02	4.803864619e+00	-3.903817560e-04	5.267176924e-22
-7.000000000e-02	4.803875738e+00	-7.872974552e-04	3.780581461e-22
-7.050000000e-02	4.803886890e+00	-1.184212153e-03	3.008032575e-22
-7.100000000e-02	4.803898074e+00	-1.581125830e-03	7.815308446e-22
-7.150000000e-02	4.803909290e+00	-1.978038482e-03	4.130153751e-22
-7.200000000e-02	4.803920540e+00	-2.374950103e-03	4.719496168e-22
-7.250000000e-02	4.803931822e+00	-2.771860681e-03	4.938509138e-22
-7.300000000e-02	4.803943136e+00	-3.168770208e-03	6.752129740e-22
-7.350000000e-02	4.803954484e+00	-3.565678682e-03	6.588088975e-22
-7.400000000e-02	4.803965863e+00	-3.962586095e-03	5.237571970e-22
-7.450000000e-02	4.803977276e+00	-4.359492431e-03	4.780851826e-22
-7.500000000e-02	4.803988721e+00	-4.756397679e-03	7.279299524e-22
-7.550000000e-02	4.804000199e+00	-5.153301852e-03	4.410467273e-22
-7.600000000e-02	4.804011709e+00	-5.550204914e-03	6.978286378e-22
-7.650000000e-02	4.804023252e+00	-5.947106884e-03	4.323618220e-22
-7.700000000e-02	4.804034827e+00	-6.344007736e-03	5.997722947e-22
-7.750000000e-02	4.804046435e+00	-6.740907459e-03	4.920713936e-22
-7.800000000e-02	4.804058076e+00	-7.137806062e-03	3.863195625e-22
-7.850000000e-02	4.804069750e+00	-7.534703533e-03	8.282185036e-22
-7.900000000e-02	4.804081456e+00	-7.931599844e-03	4.465214924e-22
-7.950000000e-02	4.804093194e+00	-8.328495012e-03	7.953373765e-22
-8.000000000e-02	4.804104965e+00	-8.725389020e-03	8.002915347e-22
-8.050000000e-02	4.804116769e+00	-9.122281850e-03	4.785437447e-22
-8.100000000e-02	4.804128605e+00	-9.519173512e-03	5.961885167e-22
-8.150000000e-02	4.804140474e+00	-9.916063984e-03	4.078516635e-22
-8.200000000e-02	4.804152376e+00	-1.031295327e-02	5.347030365e-22
-8.250000000e-02	4.804164310e+00	-1.070984134e-02	5.042702318e-22
-8.300000000e-02	4.804176277e+00	-1.110672822e-02	2.596185228e-22
-8.350000000e-02	4.804188277e+00	-1.150361387e-02	5.526562436e-22
-8.400000000e-02	4.804200309e+00	-1.190049830e-02	2.242672472e-22
-8.450000000e-02	4.804212373e+00	-1.229738149e-02	5.543936720e-22
-8.500000000e-02	4.804224470e+00	-1.269426345e-02	1.120438859e-21
-8.550000000e-02	4.804236600e+00	-1.309114415e-02	5.281427753e-22
-8.600000000e-02	4.804248763e+00	-1.348802360e-02	4.429866106e-22
-8.650000000e-02	4.804260958e+00	-1.388490178e-02	5.879937020e-22
-8.700000000e-02	4.804273185e+00	-1.428177870e-02	2.947513488e-22
-8.750000000e-02	4.804285446e+00	-1.467865432e-02	3.914212743e-22
-8.800000000e-02	4.804297739e+00	-1.507552867e-02	4.599740363e-22
-8.850000000e-02	4.804310064e+00	-1.547240171e-02	4.767807974e-22
-8.900000000e-02	4.804322422e+00	-1.586927345e-02	2.183626780e-22
-8.950000000e-02	4.804334813e+00	-1.626614387e-02	6.363602353e-22
-9.000000000e-02	4.804347236e+00	-1.666301298e-02	3.748004888e-22
-9.050000000e-02	4.804359692e+00	-1.705988075e-02	3.140826471e-22
-9.100000000e-02	4.804372180e+00	-1.745674719e-02	6.206620691e-22
-9.150000000e-02	4.804384701e+00	-1.785361228e-02	7.664304082e-22
-9.200000000e-02	4.804397255e+00	-1.825047601e-02	5.378833554e-22
-9.250000000e-02	4.804409841e+00	-1.864733839e-02	5.532684368e-22
-9.300000000e-02	4.804422460e+00	-1.904419940e-02	5.278797915e-22
-9.350000000e-02	4.804435112e+00	-1.944105903e-02	6.625225290e-22
-9.400000000e-02	4.804447796e+00	-1.983791728e-02	4.623138501e-22
-9.450000000e-02	4.804460512e+00	-2.023477413e-02	6.249464666e-22
-9.500000000e-02	4.804473262e+00	-2.063162959e-02	4.252358149e-22
-9.550000000e-02	4.804486043e+00	-2.102848363e-02	5.347784036e-22
-9.600000000e-02	4.804498858e+00	-2.142533626e-02	1.957437863e-22
-9.650000000e-02	4.804511705e+00	-2.182218746e-02	3.080107940e-22
-9.700000000e-02	4.804524584e+00	-2.221903722e-02	6.612283518e-22
-9.750000000e-02	4.804537497e+00	-2.261588555e-02	8.788368739e-22
-9.800000000e-02	4.804550441e+00	-2.301273243e-02	3.278966690e-22
-9.850000000e-02	4.804563419e+00	-2.340957785e-02	4.595789643e-22
-9.900000000e-02	4.804576429e+00	-2.380642180e-02	6.433739020e-22
-9.950000000e-02	4.804589471e+00	-2.420326429e-02	6.132059315e-22
-1.000000000e-01	4.804602546e+00	-2.460010529e-02	3.484650142e-22
-1.005000000e-01	4.804615654e+00	-2.499694480e-02	3.566473136e-22
-1.010000000e-01	4.804628795e+00	-2.539378281e-02	4.126372757e-22
-1.015000000e-01	4.804641967e+00	-2.579061932e-02	2.739663989e-22
-1.020000000e-01	4.804655173e+00	-2.618745432e-02	4.383472670e-22
-1.025000000e-01	4.804668411e+00	-2.658428779e-02	3.739095291e-22
-1.030000000e-01	4.804681682e+00	-2.698111974e-02	5.287872333e-22
-1.035000000e-01	4.804694985e+00	-2.737795015e-02	7.176591583e-22
-1.040000000e-01	4.804708321e+00	-2.777477901e-02	6.215204499e-22
-1.045000000e-01	4.804721689e+00	-2.817160632e-02	6.230134626e-22
-1.050000000e-01	4.804735090e+00	-2.856843208e-02	4.043479690e-22
-1.055000000e-01	4.804748524e+00	-2.896525626e-02	1.906349257e-22
-1.060000000e-01	4.804761990e+00	-2.936207886e-02	4.202024491e-22
-1.065000000e-01	4.804775489e+00	-2.975889988e-02	3.706650841e-22
-1.070000000e-01	4.804789020e+00	-3.015571930e-02	6.442929941e-22
-1.075000000e-01	4.804802584e+00	-3.055253713e-02	2.113294768e-22
-1.080000000e-01	4.804816180e+00	-3.094935335e-02	3.973731767e-22
-1.085000000e-01	4.804829809e+00	-3.134616795e-02	7.734112347e-22
-1.090000000e-01	4.804843471e+00	-3.174298092e-02	1.811671144e-22
-1.095000000e-01	4.804857165e+00	-3.213979226e-02	6.504756351e-22
-1.100000000e-01	4.804870892e+00	-3.253660196e-02	1.605123927e-22
-1.105000000e-01	4.804884651e+00	-3.293341001e-02	4.085964693e-22
-1.110000000e-01	4.804898443e+00	-3.333021641e-02	8.356588793e-22
-1.115000000e-01	4.804912268e+00	-3.372702114e-02	2.754225017e-22
-1.120000000e-01	4.804926125e+00	-3.412382419e-02	3.263777808e-22
-1.125000000e-01	4.804940015e+00	-3.452062557e-02	4.277710168e-22
-1.130000000e-01	4.804953937e+00	-3.491742526e-02	3.127643083e-22
-1.135000000e-01	4.804967892e+00	-3.531422325e-02	5.441957591e-22
-1.140000000e-01	4.804981879e+00	-3.571101953e-02	6.051020954e-22
-1.145000000e-01	4.804995899e+00	-3.610781411e-02	7.195917671e-22
-1.150000000e-01	4.805009951e+00	-3.650460696e-02	5.321682585e-22
-1.155000000e-01	4.805024036e+00	-3.690139808e-02	3.457568011e-22
-1.160000000e-01	4.805038154e+00	-3.729818746e-02	5.507441404e-22
-1.165000000e-01	4.805052304e+00	-3.769497511e-02	4.033062253e-22
-1.170000000e-01	4.805066487e+00	-3.809176099e-02	3.874465995e-22
-1.175000000e-01	4.805080702e+00	-3.848854511e-02	5.443561313e-22
-1.180000000e-01	4.805094950e+00	-3.888532748e-02	5.686620507e-22
-1.185000000e-01	4.805109231e+00	-3.928210806e-02	5.505618011e-22
-1.190000000e-01	4.805123544e+00	-3.967888685e-02	3.838623779e-22
-1.195000000e-01	4.805137889e+00	-4.007566386e-02	3.160606278e-22
-1.200000000e-01	4.805152268e+00	-4.047243906e-02	3.048575597e-22
-1.205000000e-01	4.805166678e+00	-4.086921246e-02	1.757419317e-22
-1.210000000e-01	4.805181122e+00	-4.126598403e-02	9.305885054e-22
-1.215000000e-01	4.805195597e+00	-4.166275379e-02	1.083176531e-21
-1.220000000e-01	4.805210106e+00	-4.205952171e-02	3.389911896e-22
-1.225000000e-01	4.805224647e+00	-4.245628779e-02	2.151128151e-22
-1.230000000e-01	4.805239220e+00	-4.285305202e-02	4.765553866e-22
-1.235000000e-01	4.805253826e+00	-4.324981440e-02	5.141641369e-22
-1.240000000e-01	4.805268465e+00	-4.364657491e-02	5.266610528e-22
-1.245000000e-01	4.805283136e+00	-4.404333354e-02	7.857360753e-22
-1.250000000e-01	4.805297840e+00	-4.444009030e-02	6.482379631e-22
-1.255000000e-01	4.805312576e+00	-4.483684518e-02	1.833751995e-22
-1.260000000e-01	4.805327345e+00	-4.523359815e-02	7.570477322e-22
-1.265000000e-01	4.805342147e+00	-4.563034922e-02	4.222099471e-22
-1.270000000e-01	4.805356981e+00	-4.602709837e-02	5.575128031e-22
-1.275000000e-01	4.805371847e+00	-4.642384561e-02	2.771198880e-22
-1.280000000e-01	4.805386746e+00	-4.682059092e-02	3.533825661e-22
-1.285000000e-01	4.805401678e+00	-4.721733429e-02	5.314756163e-22
-1.290000000e-01	4.805416642e+00	-4.761407572e-02	6.904536055e-22
-1.295000000e-01	4.805431639e+00	-4.801081519e-02	2.353617630e-22
-1.300000000e-01	4.805446668e+00	-4.840755270e-02	4.202131823e-22
-1.305000000e-01	4.805461730e+00	-4.880428825e-02	3.127861136e-22
-1.310000000e-01	4.805476824e+00	-4.920102182e-02	4.218280314e-22
-1.315000000e-01	4.805491951e+00	-4.959775341e-02	4.611479033e-22
-1.320000000e-01	4.805507110e+00	-4.999448300e-02	4.967318465e-22
-1.325000000e-01	4.805522302e+00	-5.039121060e-02	6.694413737e-22
-1.330000000e-01	4.805537527e+00	-5.078793618e-02	4.191993032e-22
-1.335000000e-01	4.805552784e+00	-5.118465975e-02	4.866475844e-22
-1.340000000e-01	4.805568073e+00	-5.158138130e-02	4.326292935e-22
-1.345000000e-01	4.805583395e+00	-5.197810081e-02	6.318190769e-22
-1.350000000e-01	4.805598750e+00	-5.237481828e-02	5.058852469e-22
-1.355000000e-01	4.805614137e+00	-5.277153371e-02	4.532530964e-22
-1.360000000e-01	4.805629557e+00	-5.316824708e-02	4.981704230e-22
-1.365000000e-01	4.805645009e+00	-5.356495839e-02	4.060453987e-22
-1.370000000e-01	4.805660494e+00	-5.396166763e-02	5.532007590e-22
-1.375000000e-01	4.805676012e+00	-5.435837478e-02	4.456792360e-22
-1.380000000e-01	4.805691561e+00	-5.475507984e-02	4.880148439e-22
-1.385000000e-01	4.805707144e+00	-5.515178282e-02	6.220570087e-22
-1.390000000e-01	4.805722759e+00	-5.554848369e-02	9.170021159e-22
-1.395000000e-01	4.805738406e+00	-5.594518244e-02	5.071128155e-22
-1.400000000e-01	4.805754086e+00	-5.634187908e-02	6.534666408e-22
-1.405000000e-01	4.805769799e+00	-5.673857358e-02	4.495762188e-22
-1.410000000e-01	4.805785544e+00	-5.713526595e-02	3.716068030e-22
-1.415000000e-01	4.805801322e+00	-5.753195619e-02	5.164259097e-22
-1.420000000e-01	4.805817132e+00	-5.792864427e-02	4.622564624e-22
-1.425000000e-01	4.805832974e+00	-5.832533019e-02	5.807692166e-22
-1.430000000e-01	4.805848850e+00	-5.872201393e-02	3.352412085e-22
-1.435000000e-01	4.805864757e+00	-5.911869551e-02	2.465800521e-22
-1.440000000e-01	4.805880698e+00	-5.951537491e-02	3.257570954e-22
-1.445000000e-01	4.805896670e+00	-5.991205211e-02	4.697615906e-22
-1.450000000e-01	4.805912676e+00	-6.030872710e-02	5.691586311e-22
-1.455000000e-01	4.805928713e+00	-6.070539990e-02	7.024933188e-22
-1.460000000e-01	4.805944784e+00	-6.110207048e-02	6.431928772e-22
-1.465000000e-01	4.805960886e+00	-6.149873884e-02	6.247267332e-22
-1.470000000e-01	4.805977022e+00	-6.189540497e-02	6.608977862e-22
-1.475000000e-01	4.805993190e+00	-6.229206885e-02	3.551295580e-22
-1.480000000e-01	4.806009390e+00	-6.268873049e-02	7.740937660e-22
-1.485000000e-01	4.806025623e+00	-6.308538988e-02	3.514938670e-22
-1.490000000e-01	4.806041888e+00	-6.348204700e-02	2.546019225e-22
-1.495000000e-01	4.806058186e+00	-6.387870185e-02	4.279479299e-22
-1.500000000e-01	4.806074517e+00	-6.427535442e-02	4.909006659e-22
-1.505000000e-01	4.806090880e+00	-6.467200471e-02	4.946379642e-22
-1.510000000e-01	4.806107275e+00	-6.506865270e-02	5.720495790e-22
-1.515000000e-01	4.806123703e+00	-6.546529839e-02	5.740446553e-22
-1.520000000e-01	4.806140164e+00	-6.586194177e-02	4.238255432e-22
-1.525000000e-01	4.806156657e+00	-6.625858283e-02	3.608139668e-22
-1.530000000e-01	4.806173182e+00	-6.665522156e-02	3.123008581e-22
-1.535000000e-01	4.806189740e+00	-6.705185796e-02	3.847099830e-22
-1.540000000e-01	4.806206331e+00	-6.744849201e-02	6.192666335e-22
-1.545000000e-01	4.806222954e+00	-6.784512372e-02	5.829351075e-22
-1.550000000e-01	4.806239609e+00	-6.824175306e-02	6.347444094e-22
-1.555000000e-01	4.806256297e+00	-6.863838005e-02	3.937317636e-22
-1.560000000e-01	4.806273018e+00	-6.903500465e-02	5.931581647e-22
-1.565000000e-01	4.806289771e+00	-6.943162688e-02	6.477819442e-22
-1.570000000e-01	4.806306556e+00	-6.982824671e-02	2.609282712e-22
-1.575000000e-01	4.806323374e+00	-7.022486415e-02	3.856511446e-22
-1.580000000e-01	4.806340225e+00	-7.062147918e-02	3.308337716e-22
-1.585000000e-01	4.806357108e+00	-7.101809180e-02	5.309496671e-22
-1.590000000e-01	4.806374023e+00	-7.141470200e-02	3.387261802e-22
-1.595000000e-01	4.806390971e+00	-7.181130976e-02	3.762568379e-22
-1.600000000e-01	4.806407952e+00	-7.220791508e-02	5.355409301e-22
-1.605000000e-01	4.806424965e+00	-7.260451797e-02	5.418455169e-22
-1.610000000e-01	4.806442010e+00	-7.300111840e-02	5.655917862e-22
-1.615000000e-01	4.806459088e+00	-7.339771637e-02	8.411663214e-22
-1.620000000e-01	4.806476199e+00	-7.379431185e-02	7.596644699e-22
-1.625000000e-01	4.806493342e+00	-7.419090488e-02	4.347293347e-22
-1.630000000e-01	4.806510517e+00	-7.458749541e-02	4.313230005e-22
-1.635000000e-01	4.806527725e+00	-7.498408346e-02	8.000983464e-22
-1.640000000e-01	4.806544966e+00	-7.538066900e-02	3.445885008e-22
-1.645000000e-01	4.806562239e+00	-7.577725203e-02	6.192832869e-22
-1.650000000e-01	4.806579544e+00	-7.617383254e-02	6.762770085e-22
-1.655000000e-01	4.806596882e+00	-7.657041053e-02	4.691166070e-22
-1.660000000e-01	4.806614252e+00	-7.696698598e-02	7.259504640e-22
-1.665000000e-01	4.806631655e+00	-7.736355889e-02	4.220418262e-22
-1.670000000e-01	4.806649090e+00	-7.776012925e-02	5.118928057e-22
-1.675000000e-01	4.806666558e+00	-7.815669707e-02	6.762771537e-22
-1.680000000e-01	4.806684058e+00	-7.855326231e-02	4.628149564e-22
-1.685000000e-01	4.806701591e+00	-7.894982498e-02	3.846750234e-22
-1.690000000e-01	4.806719156e+00	-7.934638507e-02	3.219988350e-22
-1.695000000e-01	4.806736754e+00	-7.974294257e-02	4.310397259e-22
-1.700000000e-01	4.806754384e+00	-8.013949748e-02	4.556652216e-22
-1.705000000e-01	4.806772047e+00	-8.053604978e-02	5.256374158e-22
-1.710000000e-01	4.806789742e+00	-8.093259946e-02	5.833437323e-22
-1.715000000e-01	4.806807470e+00	-8.132914654e-02	6.339931967e-22
-1.720000000e-01	4.806825230e+00	-8.172569097e-02	5.585377065e-22
-1.725000000e-01	4.806843022e+00	-8.212223278e-02	3.802285347e-22
-1.730000000e-01	4.806860847e+00	-8.251877193e-02	4.798235314e-22
-1.735000000e-01	4.806878705e+00	-8.291530844e-02	4.517202305e-22
-1.740000000e-01	4.806896595e+00	-8.331184229e-02	3.672961725e-22
-1.745000000e-01	4.806914517e+00	-8.370837347e-02	5.130307677e-22
-1.750000000e-01	4.806932472e+00	-8.410490197e-02	4.825348771e-22
-1.755000000e-01	4.806950459e+00	-8.450142779e-02	4.561239871e-22
-1.760000000e-01	4.806968479e+00	-8.489795092e-02	4.980609341e-22
-1.765000000e-01	4.806986531e+00	-8.529447135e-02	4.888756433e-22
-1.770000000e-01	4.807004616e+00	-8.569098907e-02	3.193777829e-22
-1.775000000e-01	4.807022733e+00	-8.608750407e-02	7.144317494e-22
-1.780000000e-01	4.807040883e+00	-8.648401636e-02	6.105525151e-22
-1.785000000e-01	4.807059065e+00	-8.688052591e-02	2.762514046e-22
-1.790000000e-01	4.807077279e+00	-8.727703272e-02	4.511160726e-22
-1.795000000e-01	4.807095526e+00	-8.767353679e-02	6.255001199e-22
-1.800000000e-01	4.807113806e+00	-8.807003810e-02	5.598041532e-22
-1.805000000e-01	4.807132117e+00	-8.846653665e-02	4.871494483e-22
-1.810000000e-01	4.807150462e+00	-8.886303242e-02	4.928250648e-22
-1.815000000e-01	4.807168838e+00	-8.925952541e-02	6.592217973e-22
-1.820000000e-01	4.807187248e+00	-8.965601563e-02	4.055191398e-22
-1.825000000e-01	4.807205689e+00	-9.005250304e-02	5.237176936e-22
-1.830000000e-01	4.807224163e+00	-9.044898765e-02	6.607971329e-22
-1.835000000e-01	4.807242670e+00	-9.084546946e-02	5.959466954e-22
-1.840000000e-01	4.807261209e+00	-9.124194844e-02	4.100725758e-22
-1.845000000e-01	4.807279780e+00	-9.163842460e-02	5.095112578e-22
-1.850000000e-01	4.807298384e+00	-9.203489792e-02	6.403124676e-22
-1.855000000e-01	4.807317021e+00	-9.243136841e-02	6.179917259e-22
-1.860000000e-01	4.807335689e+00	-9.282783604e-02	2.843655428e-22
-1.865000000e-01	4.807354391e+00	-9.322430082e-02	5.504249691e-22
-1.870000000e-01	4.807373124e+00	-9.362076272e-02	2.825066297e-22
-1.875000000e-01	4.807391890e+00	-9.401722175e-02	6.194568504e-22
-1.880000000e-01	4.807410689e+00	-9.441367791e-02	4.715530657e-22
-1.885000000e-01	4.807429520e+00	-9.481013117e-02	4.330247924e-22
-1.890000000e-01	4.807448383e+00	-9.520658153e-02	6.195846478e-22
-1.895000000e-01	4.807467279e+00	-9.560302900e-02	6.546396958e-22
-1.900000000e-01	4.807486207e+00	-9.599947354e-02	6.474317765e-22
-1.905000000e-01	4.807505168e+00	-9.639591517e-02	3.664411721e-22
-1.910000000e-01	4.807524161e+00	-9.679235386e-02	6.224705061e-22
-1.915000000e-01	4.807543186e+00	-9.718878963e-02	4.359357702e-22
-1.920000000e-01	4.807562244e+00	-9.758522244e-02	7.174221435e-22
-1.925000000e-01	4.807581335e+00	-9.798165230e-02	3.800795096e-22
-1.930000000e-01	4.807600457e+00	-9.837807920e-02	3.281518936e-22
-1.935000000e-01	4.807619613e+00	-9.877450313e-02	5.846573563e-22
-1.940000000e-01	4.807638800e+00	-9.917092409e-02	5.372465286e-22
-1.945000000e-01	4.807658020e+00	-9.956734206e-02	3.188046459e-22
-1.950000000e-01	4.807677273e+00	-9.996375704e-02	6.677997009e-22
-1.955000000e-01	4.807696558e+00	-1.003601690e-01	5.965385816e-22
-1.960000000e-01	4.807715875e+00	-1.007565780e-01	8.765593375e-22
-1.965000000e-01	4.807735225e+00	-1.011529839e-01	3.183143442e-22
-1.970000000e-01	4.807754607e+00	-1.015493869e-01	6.053752853e-22
-1.975000000e-01	4.807774021e+00	-1.019457868e-01	6.759679368e-22
-1.980000000e-01	4.807793468e+00	-1.023421836e-01	5.537767248e-22
-1.985000000e-01	4.807812947e+00	-1.027385774e-01	5.433438644e-22
-1.990000000e-01	4.807832459e+00	-1.031349682e-01	5.130921039e-22
-1.995000000e-01	4.807852003e+00	-1.035313559e-01	5.822112594e-22
-2.000000000e-01	4.807871580e+00	-1.039277405e-01	4.165017076e-22
