# epsi_ci     Re(Lambda)      Im(Lambda)      Eq(det), R = 0.10 $\mu$m, $E_p$ = 0.300 eV, modo = 4, $\epsilon_\infty$ = 3.9, $\gamma_{DL}$ = 0.01 eV, solve_det_sinkz_vs_mu.py
0.000000000e+00	4.847415009e+00	5.704675332e-02	1.249758226e-22
-5.000000000e-04	4.847421800e+00	5.664662571e-02	3.856391107e-22
-1.000000000e-03	4.847428623e+00	5.624649799e-02	2.675560471e-22
-1.500000000e-03	4.847435479e+00	5.584637016e-02	7.001693267e-22
-2.000000000e-03	4.847442369e+00	5.544624223e-02	6.477411866e-22
-2.500000000e-03	4.847449291e+00	5.504611421e-02	5.364564284e-22
-3.000000000e-03	4.847456246e+00	5.464598610e-02	4.554503057e-22
-3.500000000e-03	4.847463233e+00	5.424585792e-02	5.013322923e-22
-4.000000000e-03	4.847470254e+00	5.384572966e-02	5.893979922e-22
-4.500000000e-03	4.847477307e+00	5.344560135e-02	4.851930460e-22
-5.000000000e-03	4.847484394e+00	5.304547299e-02	3.897027592e-22
-5.500000000e-03	4.847491513e+00	5.264534458e-02	3.408068519e-22
-6.000000000e-03	4.847498665e+00	5.224521613e-02	2.951554775e-22
-6.500000000e-03	4.847505850e+00	5.184508765e-02	4.589061509e-22
-7.000000000e-03	4.847513067e+00	5.144495916e-02	7.146914247e-22
-7.500000000e-03	4.847520318e+00	5.104483065e-02	4.518019595e-22
-8.000000000e-03	4.847527601e+00	5.064470214e-02	3.201985126e-22
-8.500000000e-03	4.847534917e+00	5.024457364e-02	5.862843439e-22
-9.000000000e-03	4.847542267e+00	4.984444514e-02	5.299569596e-22
-9.500000000e-03	4.847549648e+00	4.944431666e-02	2.595150373e-22
-1.000000000e-02	4.847557063e+00	4.904418822e-02	4.175199808e-22
-1.050000000e-02	4.847564511e+00	4.864405981e-02	5.058602060e-22
-1.100000000e-02	4.847571991e+00	4.824393144e-02	5.314583326e-22
-1.150000000e-02	4.847579504e+00	4.784380313e-02	5.703781516e-22
-1.200000000e-02	4.847587051e+00	4.744367487e-02	3.991689979e-22
-1.250000000e-02	4.847594629e+00	4.704354669e-02	3.538633108e-22
-1.300000000e-02	4.847602241e+00	4.664341858e-02	5.934653881e-22
-1.350000000e-02	4.847609886e+00	4.624329056e-02	5.189216081e-22
-1.400000000e-02	4.847617563e+00	4.584316263e-02	5.414335515e-22
-1.450000000e-02	4.847625274e+00	4.544303480e-02	3.327537886e-22
-1.500000000e-02	4.847633017e+00	4.504290707e-02	6.884105531e-22
-1.550000000e-02	4.847640793e+00	4.464277947e-02	1.609338221e-22
-1.600000000e-02	4.847648602e+00	4.424265198e-02	5.440544750e-22
-1.650000000e-02	4.847656444e+00	4.384252464e-02	2.528474056e-22
-1.700000000e-02	4.847664318e+00	4.344239743e-02	4.899189760e-22
-1.750000000e-02	4.847672225e+00	4.304227038e-02	5.177467813e-22
-1.800000000e-02	4.847680166e+00	4.264214348e-02	5.465531197e-22
-1.850000000e-02	4.847688139e+00	4.224201674e-02	5.181885044e-22
-1.900000000e-02	4.847696145e+00	4.184189018e-02	3.742979924e-22
-1.950000000e-02	4.847704184e+00	4.144176379e-02	8.604613450e-22
-2.000000000e-02	4.847712255e+00	4.104163761e-02	4.844731937e-22
-2.050000000e-02	4.847720360e+00	4.064151162e-02	3.533467736e-22
-2.100000000e-02	4.847728497e+00	4.024138583e-02	4.300933860e-22
-2.150000000e-02	4.847736667e+00	3.984126025e-02	3.313976015e-22
-2.200000000e-02	4.847744870e+00	3.944113490e-02	3.677041523e-22
-2.250000000e-02	4.847753106e+00	3.904100977e-02	3.248784585e-22
-2.300000000e-02	4.847761375e+00	3.864088489e-02	5.711308710e-22
-2.350000000e-02	4.847769676e+00	3.824076025e-02	4.089777881e-22
-2.400000000e-02	4.847778010e+00	3.784063586e-02	4.132896493e-22
-2.450000000e-02	4.847786378e+00	3.744051174e-02	4.636550397e-22
-2.500000000e-02	4.847794778e+00	3.704038788e-02	4.589847863e-22
-2.550000000e-02	4.847803211e+00	3.664026430e-02	4.345108897e-22
-2.600000000e-02	4.847811676e+00	3.624014102e-02	4.169129203e-22
-2.650000000e-02	4.847820175e+00	3.584001802e-02	5.953534538e-22
-2.700000000e-02	4.847828706e+00	3.543989532e-02	5.172421913e-22
-2.750000000e-02	4.847837271e+00	3.503977294e-02	3.350400821e-22
-2.800000000e-02	4.847845868e+00	3.463965088e-02	5.653796312e-22
-2.850000000e-02	4.847854498e+00	3.423952914e-02	5.595753671e-22
-2.900000000e-02	4.847863160e+00	3.383940773e-02	5.594836186e-22
-2.950000000e-02	4.847871856e+00	3.343928667e-02	5.118242161e-22
-3.000000000e-02	4.847880585e+00	3.303916596e-02	3.679926428e-22
-3.050000000e-02	4.847889346e+00	3.263904560e-02	4.253811980e-22
-3.100000000e-02	4.847898140e+00	3.223892562e-02	4.331977885e-22
-3.150000000e-02	4.847906967e+00	3.183880600e-02	7.383740850e-22
-3.200000000e-02	4.847915827e+00	3.143868677e-02	5.389409554e-22
-3.250000000e-02	4.847924720e+00	3.103856794e-02	4.721021917e-22
-3.300000000e-02	4.847933645e+00	3.063844950e-02	4.057506315e-22
-3.350000000e-02	4.847942603e+00	3.023833146e-02	4.912133408e-22
-3.400000000e-02	4.847951595e+00	2.983821384e-02	4.688764673e-22
-3.450000000e-02	4.847960619e+00	2.943809665e-02	3.080982478e-22
-3.500000000e-02	4.847969676e+00	2.903797988e-02	4.492622062e-22
-3.550000000e-02	4.847978765e+00	2.863786356e-02	6.131247854e-22
-3.600000000e-02	4.847987888e+00	2.823774768e-02	5.869313297e-22
-3.650000000e-02	4.847997043e+00	2.783763225e-02	3.839222609e-22
-3.700000000e-02	4.848006232e+00	2.743751729e-02	4.617567621e-22
-3.750000000e-02	4.848015453e+00	2.703740281e-02	2.700818119e-22
-3.800000000e-02	4.848024707e+00	2.663728880e-02	3.961295515e-22
-3.850000000e-02	4.848033993e+00	2.623717528e-02	3.369653510e-22
-3.900000000e-02	4.848043313e+00	2.583706226e-02	4.003284810e-22
-3.950000000e-02	4.848052665e+00	2.543694973e-02	3.061965157e-22
-4.000000000e-02	4.848062051e+00	2.503683772e-02	3.770222998e-22
-4.050000000e-02	4.848071469e+00	2.463672623e-02	4.910117145e-22
-4.100000000e-02	4.848080920e+00	2.423661526e-02	5.743582060e-22
-4.150000000e-02	4.848090404e+00	2.383650484e-02	5.109738614e-22
-4.200000000e-02	4.848099920e+00	2.343639495e-02	6.217796247e-22
-4.250000000e-02	4.848109470e+00	2.303628562e-02	4.998566328e-22
-4.300000000e-02	4.848119052e+00	2.263617685e-02	5.619766772e-22
-4.350000000e-02	4.848128667e+00	2.223606865e-02	4.003728525e-22
-4.400000000e-02	4.848138315e+00	2.183596102e-02	4.697326404e-22
-4.450000000e-02	4.848147996e+00	2.143585397e-02	5.525066717e-22
-4.500000000e-02	4.848157710e+00	2.103574753e-02	1.957697468e-22
-4.550000000e-02	4.848167456e+00	2.063564168e-02	4.877985484e-22
-4.600000000e-02	4.848177235e+00	2.023553643e-02	5.802989193e-22
-4.650000000e-02	4.848187048e+00	1.983543181e-02	3.265544754e-22
-4.700000000e-02	4.848196893e+00	1.943532780e-02	4.034862534e-22
-4.750000000e-02	4.848206770e+00	1.903522444e-02	4.590954667e-22
-4.800000000e-02	4.848216681e+00	1.863512170e-02	4.738751366e-22
-4.850000000e-02	4.848226625e+00	1.823501962e-02	5.074720787e-22
-4.900000000e-02	4.848236601e+00	1.783491820e-02	5.189189085e-22
-4.950000000e-02	4.848246610e+00	1.743481744e-02	2.999350622e-22
-5.000000000e-02	4.848256652e+00	1.703471736e-02	7.466934626e-22
-5.050000000e-02	4.848266727e+00	1.663461795e-02	5.190552710e-22
-5.100000000e-02	4.848276835e+00	1.623451924e-02	6.742790906e-22
-5.150000000e-02	4.848286975e+00	1.583442121e-02	4.720502290e-22
-5.200000000e-02	4.848297148e+00	1.543432389e-02	3.597583408e-22
-5.250000000e-02	4.848307355e+00	1.503422729e-02	3.047132512e-22
-5.300000000e-02	4.848317594e+00	1.463413141e-02	3.206242455e-22
-5.350000000e-02	4.848327865e+00	1.423403626e-02	3.756314229e-22
-5.400000000e-02	4.848338170e+00	1.383394184e-02	6.521284023e-22
-5.450000000e-02	4.848348508e+00	1.343384818e-02	6.200485350e-22
-5.500000000e-02	4.848358878e+00	1.303375526e-02	6.530698771e-22
-5.550000000e-02	4.848369281e+00	1.263366310e-02	3.811866612e-22
-5.600000000e-02	4.848379717e+00	1.223357172e-02	4.552751753e-22
-5.650000000e-02	4.848390186e+00	1.183348111e-02	5.421380834e-22
-5.700000000e-02	4.848400688e+00	1.143339129e-02	7.181821501e-22
-5.750000000e-02	4.848411222e+00	1.103330226e-02	6.226731716e-22
-5.800000000e-02	4.848421789e+00	1.063321402e-02	5.987751515e-22
-5.850000000e-02	4.848432389e+00	1.023312661e-02	5.965776717e-22
-5.900000000e-02	4.848443022e+00	9.833040010e-03	1.826536229e-22
-5.950000000e-02	4.848453688e+00	9.432954239e-03	6.273734728e-22
-6.000000000e-02	4.848464387e+00	9.032869290e-03	4.312065664e-22
-6.050000000e-02	4.848475118e+00	8.632785197e-03	4.974533857e-22
-6.100000000e-02	4.848485883e+00	8.232701939e-03	5.802546517e-22
-6.150000000e-02	4.848496680e+00	7.832619555e-03	4.913059696e-22
-6.200000000e-02	4.848507510e+00	7.432538028e-03	7.371749969e-22
-6.250000000e-02	4.848518372e+00	7.032457375e-03	4.069105715e-22
-6.300000000e-02	4.848529268e+00	6.632377605e-03	1.974932173e-22
-6.350000000e-02	4.848540196e+00	6.232298719e-03	6.670144020e-22
-6.400000000e-02	4.848551158e+00	5.832220745e-03	5.250543238e-22
-6.450000000e-02	4.848562152e+00	5.432143663e-03	3.895965219e-22
-6.500000000e-02	4.848573179e+00	5.032067503e-03	4.870714601e-22
-6.550000000e-02	4.848584238e+00	4.631992269e-03	5.086084216e-22
-6.600000000e-02	4.848595331e+00	4.231917954e-03	4.588851133e-22
-6.650000000e-02	4.848606456e+00	3.831844586e-03	6.331106544e-22
-6.700000000e-02	4.848617614e+00	3.431772165e-03	3.118224349e-22
-6.750000000e-02	4.848628805e+00	3.031700692e-03	3.033892491e-22
-6.800000000e-02	4.848640029e+00	2.631630184e-03	4.657562802e-22
-6.850000000e-02	4.848651286e+00	2.231560647e-03	4.897937741e-22
-6.900000000e-02	4.848662575e+00	1.831492094e-03	2.187733883e-22
-6.950000000e-02	4.848673897e+00	1.431424518e-03	5.055834414e-22
-7.000000000e-02	4.848685253e+00	1.031357949e-03	5.591662320e-22
-7.050000000e-02	4.848696641e+00	6.312923715e-04	2.784972898e-22
-7.100000000e-02	4.848708061e+00	2.312278100e-04	4.602223578e-22
-7.150000000e-02	4.848719515e+00	-1.688357344e-04	2.946055161e-22
-7.200000000e-02	4.848731001e+00	-5.688982558e-04	4.159946888e-22
-7.250000000e-02	4.848742520e+00	-9.689597372e-04	5.799999641e-22
-7.300000000e-02	4.848754072e+00	-1.369020172e-03	3.475419176e-22
-7.350000000e-02	4.848765657e+00	-1.769079562e-03	2.790551624e-22
-7.400000000e-02	4.848777275e+00	-2.169137888e-03	5.816840504e-22
-7.450000000e-02	4.848788925e+00	-2.569195154e-03	3.271216438e-22
-7.500000000e-02	4.848800609e+00	-2.969251342e-03	3.073769931e-22
-7.550000000e-02	4.848812325e+00	-3.369306448e-03	5.905846279e-22
-7.600000000e-02	4.848824074e+00	-3.769360456e-03	5.100943844e-22
-7.650000000e-02	4.848835856e+00	-4.169413368e-03	4.870191101e-22
-7.700000000e-02	4.848847670e+00	-4.569465175e-03	3.794667003e-22
-7.750000000e-02	4.848859517e+00	-4.969515866e-03	4.589702481e-22
-7.800000000e-02	4.848871398e+00	-5.369565436e-03	2.827273613e-22
-7.850000000e-02	4.848883311e+00	-5.769613870e-03	4.152498274e-22
-7.900000000e-02	4.848895256e+00	-6.169661162e-03	3.913382646e-22
-7.950000000e-02	4.848907235e+00	-6.569707312e-03	5.373867116e-22
-8.000000000e-02	4.848919247e+00	-6.969752310e-03	6.365708641e-22
-8.050000000e-02	4.848931291e+00	-7.369796133e-03	4.635522270e-22
-8.100000000e-02	4.848943368e+00	-7.769838796e-03	3.705176146e-22
-8.150000000e-02	4.848955478e+00	-8.169880272e-03	2.885770211e-22
-8.200000000e-02	4.848967620e+00	-8.569920562e-03	2.227606715e-22
-8.250000000e-02	4.848979796e+00	-8.969959654e-03	5.147368721e-22
-8.300000000e-02	4.848992004e+00	-9.369997551e-03	7.237350040e-22
-8.350000000e-02	4.849004245e+00	-9.770034229e-03	5.008026838e-22
-8.400000000e-02	4.849016519e+00	-1.017006969e-02	4.702299452e-22
-8.450000000e-02	4.849028826e+00	-1.057010392e-02	5.142133756e-22
-8.500000000e-02	4.849041165e+00	-1.097013691e-02	4.666368866e-22
-8.550000000e-02	4.849053538e+00	-1.137016867e-02	3.525021843e-22
-8.600000000e-02	4.849065943e+00	-1.177019916e-02	4.294598072e-22
-8.650000000e-02	4.849078381e+00	-1.217022840e-02	2.554387918e-22
-8.700000000e-02	4.849090852e+00	-1.257025637e-02	5.743725966e-22
-8.750000000e-02	4.849103355e+00	-1.297028307e-02	5.477506011e-22
-8.800000000e-02	4.849115892e+00	-1.337030848e-02	4.513706122e-22
-8.850000000e-02	4.849128461e+00	-1.377033259e-02	3.910618889e-22
-8.900000000e-02	4.849141063e+00	-1.417035542e-02	5.792038774e-22
-8.950000000e-02	4.849153697e+00	-1.457037692e-02	3.095399458e-22
-9.000000000e-02	4.849166365e+00	-1.497039711e-02	4.609962792e-22
-9.050000000e-02	4.849179065e+00	-1.537041598e-02	2.740310154e-22
-9.100000000e-02	4.849191799e+00	-1.577043352e-02	4.586745735e-22
-9.150000000e-02	4.849204565e+00	-1.617044972e-02	5.946302734e-22
-9.200000000e-02	4.849217363e+00	-1.657046457e-02	5.031141352e-22
-9.250000000e-02	4.849230195e+00	-1.697047806e-02	4.379659913e-22
-9.300000000e-02	4.849243059e+00	-1.737049018e-02	4.065628295e-22
-9.350000000e-02	4.849255957e+00	-1.777050093e-02	4.252755157e-22
-9.400000000e-02	4.849268887e+00	-1.817051031e-02	5.005062136e-22
-9.450000000e-02	4.849281849e+00	-1.857051830e-02	5.888555516e-22
-9.500000000e-02	4.849294845e+00	-1.897052489e-02	5.012455464e-22
-9.550000000e-02	4.849307873e+00	-1.937053007e-02	6.928146371e-22
-9.600000000e-02	4.849320934e+00	-1.977053384e-02	3.136395108e-22
-9.650000000e-02	4.849334028e+00	-2.017053619e-02	4.850562604e-22
-9.700000000e-02	4.849347155e+00	-2.057053711e-02	6.897731693e-22
-9.750000000e-02	4.849360315e+00	-2.097053659e-02	5.896430892e-22
-9.800000000e-02	4.849373507e+00	-2.137053463e-02	3.871413761e-22
-9.850000000e-02	4.849386732e+00	-2.177053121e-02	5.076949357e-22
-9.900000000e-02	4.849399990e+00	-2.217052634e-02	5.066058249e-22
-9.950000000e-02	4.849413281e+00	-2.257052000e-02	5.772823428e-22
-1.000000000e-01	4.849426604e+00	-2.297051217e-02	3.765517150e-22
-1.005000000e-01	4.849439961e+00	-2.337050287e-02	6.292638019e-22
-1.010000000e-01	4.849453350e+00	-2.377049207e-02	6.111950581e-22
-1.015000000e-01	4.849466772e+00	-2.417047978e-02	5.019158405e-22
-1.020000000e-01	4.849480226e+00	-2.457046596e-02	5.313467239e-22
-1.025000000e-01	4.849493714e+00	-2.497045064e-02	2.699935986e-22
-1.030000000e-01	4.849507234e+00	-2.537043379e-02	4.165416046e-22
-1.035000000e-01	4.849520787e+00	-2.577041540e-02	5.161857033e-22
-1.040000000e-01	4.849534373e+00	-2.617039548e-02	1.746328928e-22
-1.045000000e-01	4.849547991e+00	-2.657037400e-02	6.892447026e-22
-1.050000000e-01	4.849561643e+00	-2.697035097e-02	5.124559245e-22
-1.055000000e-01	4.849575327e+00	-2.737032637e-02	3.673579621e-22
-1.060000000e-01	4.849589044e+00	-2.777030020e-02	5.871139569e-22
-1.065000000e-01	4.849602794e+00	-2.817027245e-02	3.642501338e-22
-1.070000000e-01	4.849616576e+00	-2.857024311e-02	6.642791864e-22
-1.075000000e-01	4.849630392e+00	-2.897021216e-02	5.475177957e-22
-1.080000000e-01	4.849644240e+00	-2.937017962e-02	5.741561453e-22
-1.085000000e-01	4.849658120e+00	-2.977014547e-02	4.417469516e-22
-1.090000000e-01	4.849672034e+00	-3.017010969e-02	4.510602806e-22
-1.095000000e-01	4.849685981e+00	-3.057007228e-02	6.307580601e-22
-1.100000000e-01	4.849699960e+00	-3.097003324e-02	8.155436233e-22
-1.105000000e-01	4.849713972e+00	-3.136999254e-02	4.211571901e-22
-1.110000000e-01	4.849728017e+00	-3.176995019e-02	7.106568652e-22
-1.115000000e-01	4.849742094e+00	-3.216990619e-02	2.896642589e-22
-1.120000000e-01	4.849756204e+00	-3.256986051e-02	4.642876722e-22
-1.125000000e-01	4.849770347e+00	-3.296981316e-02	4.539948096e-22
-1.130000000e-01	4.849784523e+00	-3.336976411e-02	1.764825145e-22
-1.135000000e-01	4.849798732e+00	-3.376971338e-02	3.126270562e-22
-1.140000000e-01	4.849812973e+00	-3.416966095e-02	4.907610304e-22
-1.145000000e-01	4.849827248e+00	-3.456960680e-02	3.289944789e-22
-1.150000000e-01	4.849841555e+00	-3.496955094e-02	6.692649466e-22
-1.155000000e-01	4.849855894e+00	-3.536949334e-02	5.326380529e-22
-1.160000000e-01	4.849870267e+00	-3.576943403e-02	5.397362734e-22
-1.165000000e-01	4.849884672e+00	-3.616937296e-02	3.199512154e-22
-1.170000000e-01	4.849899110e+00	-3.656931015e-02	4.804027062e-22
-1.175000000e-01	4.849913581e+00	-3.696924557e-02	4.209978258e-22
-1.180000000e-01	4.849928084e+00	-3.736917924e-02	2.755141961e-22
-1.185000000e-01	4.849942621e+00	-3.776911113e-02	4.208247745e-22
-1.190000000e-01	4.849957190e+00	-3.816904124e-02	3.711560025e-22
-1.195000000e-01	4.849971792e+00	-3.856896955e-02	4.777843646e-22
-1.200000000e-01	4.849986426e+00	-3.896889607e-02	3.348810343e-22
-1.205000000e-01	4.850001094e+00	-3.936882078e-02	3.506685623e-22
-1.210000000e-01	4.850015794e+00	-3.976874368e-02	3.812212498e-22
-1.215000000e-01	4.850030527e+00	-4.016866476e-02	6.329503547e-22
-1.220000000e-01	4.850045293e+00	-4.056858401e-02	3.885035445e-22
-1.225000000e-01	4.850060091e+00	-4.096850141e-02	4.485581463e-22
-1.230000000e-01	4.850074922e+00	-4.136841698e-02	5.930500074e-22
-1.235000000e-01	4.850089786e+00	-4.176833069e-02	2.641318410e-22
-1.240000000e-01	4.850104683e+00	-4.216824253e-02	6.667063967e-22
-1.245000000e-01	4.850119613e+00	-4.256815251e-02	3.661680932e-22
-1.250000000e-01	4.850134575e+00	-4.296806061e-02	6.030326188e-22
-1.255000000e-01	4.850149570e+00	-4.336796682e-02	3.865387721e-22
-1.260000000e-01	4.850164598e+00	-4.376787114e-02	4.381986570e-22
-1.265000000e-01	4.850179658e+00	-4.416777356e-02	3.421552478e-22
-1.270000000e-01	4.850194751e+00	-4.456767406e-02	2.362694545e-22
-1.275000000e-01	4.850209877e+00	-4.496757265e-02	3.159027032e-22
-1.280000000e-01	4.850225036e+00	-4.536746932e-02	4.648282813e-22
-1.285000000e-01	4.850240228e+00	-4.576736405e-02	8.169501907e-22
-1.290000000e-01	4.850255452e+00	-4.616725683e-02	5.750286675e-22
-1.295000000e-01	4.850270709e+00	-4.656714767e-02	5.482059131e-22
-1.300000000e-01	4.850285999e+00	-4.696703655e-02	7.202146132e-22
-1.305000000e-01	4.850301321e+00	-4.736692346e-02	5.090068245e-22
-1.310000000e-01	4.850316677e+00	-4.776680839e-02	3.670239546e-22
-1.315000000e-01	4.850332065e+00	-4.816669136e-02	6.580956586e-22
-1.320000000e-01	4.850347485e+00	-4.856657232e-02	6.872832532e-22
-1.325000000e-01	4.850362939e+00	-4.896645128e-02	3.612359274e-22
-1.330000000e-01	4.850378425e+00	-4.936632825e-02	3.439951741e-22
-1.335000000e-01	4.850393944e+00	-4.976620320e-02	4.433794919e-22
-1.340000000e-01	4.850409496e+00	-5.016607612e-02	5.401387341e-22
-1.345000000e-01	4.850425081e+00	-5.056594701e-02	5.914694848e-22
-1.350000000e-01	4.850440698e+00	-5.096581587e-02	2.815450500e-22
-1.355000000e-01	4.850456348e+00	-5.136568268e-02	3.924565347e-22
-1.360000000e-01	4.850472030e+00	-5.176554744e-02	5.559827163e-22
-1.365000000e-01	4.850487746e+00	-5.216541013e-02	6.038026276e-22
-1.370000000e-01	4.850503494e+00	-5.256527075e-02	3.376906351e-22
-1.375000000e-01	4.850519275e+00	-5.296512930e-02	3.884351756e-22
-1.380000000e-01	4.850535089e+00	-5.336498576e-02	2.777153515e-22
-1.385000000e-01	4.850550935e+00	-5.376484013e-02	5.714382760e-22
-1.390000000e-01	4.850566814e+00	-5.416469239e-02	3.835504144e-22
-1.395000000e-01	4.850582726e+00	-5.456454254e-02	3.482746069e-22
-1.400000000e-01	4.850598671e+00	-5.496439058e-02	3.619288041e-22
-1.405000000e-01	4.850614648e+00	-5.536423648e-02	5.364368248e-22
-1.410000000e-01	4.850630658e+00	-5.576408026e-02	2.177435129e-22
-1.415000000e-01	4.850646701e+00	-5.616392189e-02	5.349191876e-22
-1.420000000e-01	4.850662777e+00	-5.656376137e-02	2.810174828e-22
-1.425000000e-01	4.850678885e+00	-5.696359870e-02	4.350197984e-22
-1.430000000e-01	4.850695026e+00	-5.736343386e-02	4.917772301e-22
-1.435000000e-01	4.850711200e+00	-5.776326684e-02	4.723910455e-22
-1.440000000e-01	4.850727406e+00	-5.816309764e-02	4.244728593e-22
-1.445000000e-01	4.850743645e+00	-5.856292625e-02	2.325132083e-22
-1.450000000e-01	4.850759917e+00	-5.896275266e-02	5.547478442e-22
-1.455000000e-01	4.850776222e+00	-5.936257688e-02	3.037373400e-22
-1.460000000e-01	4.850792559e+00	-5.976239887e-02	5.088343663e-22
-1.465000000e-01	4.850808929e+00	-6.016221864e-02	4.533342565e-22
-1.470000000e-01	4.850825332e+00	-6.056203618e-02	2.712466083e-22
-1.475000000e-01	4.850841768e+00	-6.096185149e-02	5.754280775e-22
-1.480000000e-01	4.850858236e+00	-6.136166454e-02	4.489724955e-22
-1.485000000e-01	4.850874737e+00	-6.176147535e-02	6.478931263e-22
-1.490000000e-01	4.850891270e+00	-6.216128389e-02	4.653234696e-22
-1.495000000e-01	4.850907837e+00	-6.256109015e-02	5.000789361e-22
-1.500000000e-01	4.850924436e+00	-6.296089415e-02	5.580951242e-22
-1.505000000e-01	4.850941068e+00	-6.336069585e-02	2.429509187e-22
-1.510000000e-01	4.850957732e+00	-6.376049527e-02	3.369351392e-22
-1.515000000e-01	4.850974430e+00	-6.416029238e-02	6.902847012e-22
-1.520000000e-01	4.850991160e+00	-6.456008718e-02	4.298632857e-22
-1.525000000e-01	4.851007922e+00	-6.495987967e-02	4.011494252e-22
-1.530000000e-01	4.851024718e+00	-6.535966982e-02	6.257016837e-22
-1.535000000e-01	4.851041546e+00	-6.575945765e-02	5.417074682e-22
-1.540000000e-01	4.851058406e+00	-6.615924313e-02	5.845423721e-22
-1.545000000e-01	4.851075300e+00	-6.655902625e-02	5.025700382e-22
-1.550000000e-01	4.851092226e+00	-6.695880703e-02	5.047003989e-22
-1.555000000e-01	4.851109185e+00	-6.735858543e-02	4.323687659e-22
-1.560000000e-01	4.851126177e+00	-6.775836147e-02	3.760609800e-22
-1.565000000e-01	4.851143201e+00	-6.815813512e-02	5.133653093e-22
-1.570000000e-01	4.851160258e+00	-6.855790638e-02	5.098318621e-22
-1.575000000e-01	4.851177348e+00	-6.895767525e-02	3.055772804e-22
-1.580000000e-01	4.851194470e+00	-6.935744171e-02	3.767557021e-22
-1.585000000e-01	4.851211625e+00	-6.975720575e-02	5.183382792e-22
-1.590000000e-01	4.851228813e+00	-7.015696737e-02	6.562912290e-22
-1.595000000e-01	4.851246034e+00	-7.055672657e-02	4.042917524e-22
-1.600000000e-01	4.851263287e+00	-7.095648332e-02	4.438632581e-22
-1.605000000e-01	4.851280573e+00	-7.135623763e-02	3.788135195e-22
-1.610000000e-01	4.851297892e+00	-7.175598949e-02	5.140658803e-22
-1.615000000e-01	4.851315243e+00	-7.215573888e-02	4.850176529e-22
-1.620000000e-01	4.851332627e+00	-7.255548581e-02	7.438638565e-22
-1.625000000e-01	4.851350044e+00	-7.295523025e-02	4.506948591e-22
-1.630000000e-01	4.851367493e+00	-7.335497222e-02	4.703819864e-22
-1.635000000e-01	4.851384975e+00	-7.375471169e-02	2.392607179e-22
-1.640000000e-01	4.851402490e+00	-7.415444865e-02	4.018792781e-22
-1.645000000e-01	4.851420037e+00	-7.455418311e-02	2.006921460e-22
-1.650000000e-01	4.851437617e+00	-7.495391505e-02	3.813957732e-22
-1.655000000e-01	4.851455230e+00	-7.535364447e-02	5.031213763e-22
-1.660000000e-01	4.851472876e+00	-7.575337135e-02	4.845910973e-22
-1.665000000e-01	4.851490554e+00	-7.615309569e-02	2.442420964e-22
-1.670000000e-01	4.851508265e+00	-7.655281749e-02	3.855041538e-22
-1.675000000e-01	4.851526008e+00	-7.695253672e-02	3.536341421e-22
-1.680000000e-01	4.851543785e+00	-7.735225338e-02	3.094850519e-22
-1.685000000e-01	4.851561594e+00	-7.775196748e-02	2.692431221e-22
-1.690000000e-01	4.851579435e+00	-7.815167899e-02	4.153537641e-22
-1.695000000e-01	4.851597310e+00	-7.855138792e-02	4.013893794e-22
-1.700000000e-01	4.851615217e+00	-7.895109425e-02	6.554617018e-22
-1.705000000e-01	4.851633156e+00	-7.935079797e-02	6.460281968e-22
-1.710000000e-01	4.851651128e+00	-7.975049908e-02	3.794314534e-22
-1.715000000e-01	4.851669133e+00	-8.015019757e-02	4.260214842e-22
-1.720000000e-01	4.851687171e+00	-8.054989342e-02	5.108838438e-22
-1.725000000e-01	4.851705241e+00	-8.094958665e-02	1.978411208e-22
-1.730000000e-01	4.851723344e+00	-8.134927723e-02	3.590208615e-22
-1.735000000e-01	4.851741480e+00	-8.174896516e-02	8.459602617e-22
-1.740000000e-01	4.851759648e+00	-8.214865042e-02	3.495538135e-22
-1.745000000e-01	4.851777849e+00	-8.254833302e-02	7.344717672e-22
-1.750000000e-01	4.851796083e+00	-8.294801294e-02	5.541158923e-22
-1.755000000e-01	4.851814349e+00	-8.334769017e-02	5.300117867e-22
-1.760000000e-01	4.851832648e+00	-8.374736470e-02	6.279543032e-22
-1.765000000e-01	4.851850980e+00	-8.414703655e-02	5.742557275e-22
-1.770000000e-01	4.851869344e+00	-8.454670568e-02	5.189499428e-22
-1.775000000e-01	4.851887741e+00	-8.494637209e-02	6.479321824e-22
-1.780000000e-01	4.851906171e+00	-8.534603579e-02	6.809774452e-22
-1.785000000e-01	4.851924633e+00	-8.574569675e-02	2.562528801e-22
-1.790000000e-01	4.851943128e+00	-8.614535497e-02	7.150211211e-22
-1.795000000e-01	4.851961656e+00	-8.654501043e-02	4.131723074e-22
-1.800000000e-01	4.851980216e+00	-8.694466315e-02	7.027027269e-22
-1.805000000e-01	4.851998809e+00	-8.734431310e-02	4.429703711e-22
-1.810000000e-01	4.852017435e+00	-8.774396028e-02	4.436190769e-22
-1.815000000e-01	4.852036093e+00	-8.814360467e-02	3.077349974e-22
-1.820000000e-01	4.852054784e+00	-8.854324628e-02	3.274485397e-22
-1.825000000e-01	4.852073507e+00	-8.894288510e-02	6.291073548e-22
-1.830000000e-01	4.852092264e+00	-8.934252111e-02	3.571987353e-22
-1.835000000e-01	4.852111052e+00	-8.974215430e-02	3.670062473e-22
-1.840000000e-01	4.852129874e+00	-9.014178468e-02	4.976432638e-22
-1.845000000e-01	4.852148728e+00	-9.054141223e-02	3.734289596e-22
-1.850000000e-01	4.852167615e+00	-9.094103694e-02	5.579860162e-22
-1.855000000e-01	4.852186534e+00	-9.134065881e-02	4.774357622e-22
-1.860000000e-01	4.852205486e+00	-9.174027782e-02	7.406933399e-22
-1.865000000e-01	4.852224471e+00	-9.213989399e-02	2.003910288e-22
-1.870000000e-01	4.852243488e+00	-9.253950728e-02	5.050847165e-22
-1.875000000e-01	4.852262538e+00	-9.293911769e-02	5.483974329e-22
-1.880000000e-01	4.852281621e+00	-9.333872523e-02	5.578640330e-22
-1.885000000e-01	4.852300736e+00	-9.373832987e-02	5.002577512e-22
-1.890000000e-01	4.852319884e+00	-9.413793160e-02	6.059346060e-22
-1.895000000e-01	4.852339065e+00	-9.453753044e-02	4.640562145e-22
-1.900000000e-01	4.852358278e+00	-9.493712636e-02	3.337939932e-22
-1.905000000e-01	4.852377524e+00	-9.533671935e-02	4.989922672e-22
-1.910000000e-01	4.852396802e+00	-9.573630942e-02	6.273570335e-22
-1.915000000e-01	4.852416113e+00	-9.613589654e-02	3.939513080e-22
-1.920000000e-01	4.852435457e+00	-9.653548072e-02	5.598837449e-22
-1.925000000e-01	4.852454833e+00	-9.693506195e-02	5.741221545e-22
-1.930000000e-01	4.852474242e+00	-9.733464020e-02	3.769812878e-22
-1.935000000e-01	4.852493683e+00	-9.773421549e-02	4.958215596e-22
-1.940000000e-01	4.852513158e+00	-9.813378780e-02	4.691012989e-22
-1.945000000e-01	4.852532664e+00	-9.853335712e-02	4.201160286e-22
-1.950000000e-01	4.852552204e+00	-9.893292346e-02	2.494019425e-22
-1.955000000e-01	4.852571776e+00	-9.933248678e-02	6.926873189e-22
-1.960000000e-01	4.852591380e+00	-9.973204710e-02	3.932399887e-22
-1.965000000e-01	4.852611018e+00	-1.001316044e-01	4.022097395e-22
-1.970000000e-01	4.852630688e+00	-1.005311587e-01	4.065436432e-22
-1.975000000e-01	4.852650390e+00	-1.009307099e-01	4.637034765e-22
-1.980000000e-01	4.852670125e+00	-1.013302581e-01	2.264882811e-22
-1.985000000e-01	4.852689893e+00	-1.017298032e-01	5.108617764e-22
-1.990000000e-01	4.852709693e+00	-1.021293453e-01	4.740653758e-22
-1.995000000e-01	4.852729526e+00	-1.025288843e-01	6.089242115e-22
-2.000000000e-01	4.852749392e+00	-1.029284203e-01	3.559184473e-22
