# epsi_ci     Re(Lambda)      Im(Lambda)      Eq(det), R = 0.10 $\mu$m, $E_p$ = 0.300 eV, modo = 4, $\epsilon_\infty$ = 3.9, $\gamma_{DL}$ = 0.01 eV, solve_det_sinkz_vs_mu.py
0.000000000e+00	4.104680586e+00	2.822714064e-02	2.517820788e-21
-5.000000000e-04	4.104684346e+00	2.788233162e-02	1.900241303e-21
-1.000000000e-03	4.104688136e+00	2.753752259e-02	2.607117052e-21
-1.500000000e-03	4.104691954e+00	2.719271354e-02	2.162667492e-21
-2.000000000e-03	4.104695802e+00	2.684790448e-02	1.449831106e-21
-2.500000000e-03	4.104699678e+00	2.650309543e-02	2.503689843e-21
-3.000000000e-03	4.104703583e+00	2.615828637e-02	2.933346607e-21
-3.500000000e-03	4.104707517e+00	2.581347734e-02	1.196031822e-21
-4.000000000e-03	4.104711480e+00	2.546866831e-02	3.194651265e-21
-4.500000000e-03	4.104715472e+00	2.512385934e-02	2.855338633e-21
-5.000000000e-03	4.104719493e+00	2.477905038e-02	7.543624200e-22
-5.500000000e-03	4.104723542e+00	2.443424147e-02	2.625807835e-21
-6.000000000e-03	4.104727621e+00	2.408943261e-02	2.207021770e-21
-6.500000000e-03	4.104731728e+00	2.374462381e-02	1.826775931e-21
-7.000000000e-03	4.104735865e+00	2.339981507e-02	5.134744735e-22
-7.500000000e-03	4.104740030e+00	2.305500641e-02	2.816700062e-21
-8.000000000e-03	4.104744224e+00	2.271019782e-02	1.707872680e-21
-8.500000000e-03	4.104748447e+00	2.236538932e-02	3.264663611e-21
-9.000000000e-03	4.104752699e+00	2.202058092e-02	2.070650398e-21
-9.500000000e-03	4.104756980e+00	2.167577261e-02	3.302210270e-21
-1.000000000e-02	4.104761290e+00	2.133096442e-02	2.920650401e-21
-1.050000000e-02	4.104765629e+00	2.098615634e-02	1.728682345e-21
-1.100000000e-02	4.104769997e+00	2.064134838e-02	1.089383633e-21
-1.150000000e-02	4.104774393e+00	2.029654055e-02	2.489562332e-21
-1.200000000e-02	4.104778819e+00	1.995173286e-02	2.593279686e-21
-1.250000000e-02	4.104783273e+00	1.960692532e-02	2.499443605e-21
-1.300000000e-02	4.104787756e+00	1.926211792e-02	1.655864109e-21
-1.350000000e-02	4.104792269e+00	1.891731069e-02	2.722740801e-21
-1.400000000e-02	4.104796810e+00	1.857250362e-02	3.252411533e-21
-1.450000000e-02	4.104801380e+00	1.822769673e-02	1.519856813e-21
-1.500000000e-02	4.104805979e+00	1.788289002e-02	2.203368880e-21
-1.550000000e-02	4.104810606e+00	1.753808349e-02	2.148265369e-21
-1.600000000e-02	4.104815263e+00	1.719327716e-02	2.997314847e-21
-1.650000000e-02	4.104819949e+00	1.684847104e-02	2.324314086e-21
-1.700000000e-02	4.104824663e+00	1.650366512e-02	2.601659657e-21
-1.750000000e-02	4.104829407e+00	1.615885942e-02	1.144783815e-21
-1.800000000e-02	4.104834179e+00	1.581405396e-02	3.408089283e-21
-1.850000000e-02	4.104838980e+00	1.546924871e-02	6.523381685e-22
-1.900000000e-02	4.104843810e+00	1.512444371e-02	1.569814028e-21
-1.950000000e-02	4.104848670e+00	1.477963895e-02	1.556386509e-21
-2.000000000e-02	4.104853558e+00	1.443483445e-02	2.207089480e-21
-2.050000000e-02	4.104858474e+00	1.409003021e-02	3.008613306e-21
-2.100000000e-02	4.104863420e+00	1.374522624e-02	2.238222010e-21
-2.150000000e-02	4.104868395e+00	1.340042253e-02	3.187790697e-21
-2.200000000e-02	4.104873399e+00	1.305561912e-02	2.087499964e-21
-2.250000000e-02	4.104878431e+00	1.271081600e-02	2.656252394e-21
-2.300000000e-02	4.104883492e+00	1.236601317e-02	2.808915181e-21
-2.350000000e-02	4.104888583e+00	1.202121065e-02	2.117625751e-21
-2.400000000e-02	4.104893702e+00	1.167640844e-02	1.001244114e-21
-2.450000000e-02	4.104898850e+00	1.133160654e-02	1.700330097e-21
-2.500000000e-02	4.104904027e+00	1.098680498e-02	2.403609242e-21
-2.550000000e-02	4.104909233e+00	1.064200375e-02	2.386065613e-21
-2.600000000e-02	4.104914468e+00	1.029720286e-02	3.125905260e-21
-2.650000000e-02	4.104919732e+00	9.952402314e-03	1.460154056e-21
-2.700000000e-02	4.104925024e+00	9.607602122e-03	2.123764100e-21
-2.750000000e-02	4.104930346e+00	9.262802304e-03	2.749688756e-21
-2.800000000e-02	4.104935696e+00	8.918002844e-03	1.749149567e-21
-2.850000000e-02	4.104941076e+00	8.573203773e-03	3.247679112e-21
-2.900000000e-02	4.104946484e+00	8.228405074e-03	1.452405865e-21
-2.950000000e-02	4.104951921e+00	7.883606771e-03	2.320250772e-21
-3.000000000e-02	4.104957387e+00	7.538808867e-03	2.759849497e-21
-3.050000000e-02	4.104962882e+00	7.194011376e-03	2.828171858e-21
-3.100000000e-02	4.104968406e+00	6.849214295e-03	1.440910708e-21
-3.150000000e-02	4.104973959e+00	6.504417632e-03	2.860502345e-21
-3.200000000e-02	4.104979540e+00	6.159621394e-03	2.837674276e-21
-3.250000000e-02	4.104985151e+00	5.814825596e-03	2.561007347e-21
-3.300000000e-02	4.104990790e+00	5.470030251e-03	4.347690710e-21
-3.350000000e-02	4.104996459e+00	5.125235339e-03	8.658682819e-22
-3.400000000e-02	4.105002156e+00	4.780440895e-03	3.141772775e-21
-3.450000000e-02	4.105007882e+00	4.435646908e-03	2.583521402e-21
-3.500000000e-02	4.105013637e+00	4.090853396e-03	2.013250386e-21
-3.550000000e-02	4.105019421e+00	3.746060362e-03	2.853046658e-21
-3.600000000e-02	4.105025234e+00	3.401267815e-03	1.206465880e-21
-3.650000000e-02	4.105031076e+00	3.056475761e-03	2.331592991e-21
-3.700000000e-02	4.105036947e+00	2.711684203e-03	2.077434577e-21
-3.750000000e-02	4.105042846e+00	2.366893158e-03	2.642426812e-21
-3.800000000e-02	4.105048775e+00	2.022102629e-03	1.122490743e-21
-3.850000000e-02	4.105054732e+00	1.677312622e-03	2.309127090e-21
-3.900000000e-02	4.105060718e+00	1.332523143e-03	2.420314795e-21
-3.950000000e-02	4.105066734e+00	9.877342081e-04	1.749953199e-21
-4.000000000e-02	4.105072778e+00	6.429458135e-04	2.881394799e-21
-4.050000000e-02	4.105078851e+00	2.981579600e-04	3.062921550e-21
-4.100000000e-02	4.105084953e+00	-4.662931912e-05	2.149173189e-21
-4.150000000e-02	4.105091083e+00	-3.914160459e-04	3.384507563e-21
-4.200000000e-02	4.105097243e+00	-7.362021855e-04	2.303759046e-21
-4.250000000e-02	4.105103432e+00	-1.080987756e-03	2.545790725e-21
-4.300000000e-02	4.105109649e+00	-1.425772727e-03	2.611261801e-21
-4.350000000e-02	4.105115896e+00	-1.770557115e-03	1.048233224e-21
-4.400000000e-02	4.105122171e+00	-2.115340892e-03	2.459106944e-21
-4.450000000e-02	4.105128475e+00	-2.460124064e-03	1.536005907e-21
-4.500000000e-02	4.105134808e+00	-2.804906616e-03	1.628925808e-21
-4.550000000e-02	4.105141170e+00	-3.149688545e-03	2.000766535e-21
-4.600000000e-02	4.105147561e+00	-3.494469846e-03	1.050668608e-21
-4.650000000e-02	4.105153981e+00	-3.839250508e-03	2.568486782e-21
-4.700000000e-02	4.105160429e+00	-4.184030516e-03	4.018055251e-21
-4.750000000e-02	4.105166907e+00	-4.528809881e-03	3.077644599e-21
-4.800000000e-02	4.105173413e+00	-4.873588578e-03	1.788234160e-21
-4.850000000e-02	4.105179949e+00	-5.218366606e-03	3.170676997e-21
-4.900000000e-02	4.105186513e+00	-5.563143969e-03	1.355625706e-21
-4.950000000e-02	4.105193106e+00	-5.907920637e-03	2.894717313e-21
-5.000000000e-02	4.105199728e+00	-6.252696628e-03	1.553068403e-21
-5.050000000e-02	4.105206379e+00	-6.597471913e-03	2.135286336e-21
-5.100000000e-02	4.105213059e+00	-6.942246496e-03	2.031368752e-21
-5.150000000e-02	4.105219767e+00	-7.287020368e-03	3.132243134e-21
-5.200000000e-02	4.105226505e+00	-7.631793527e-03	1.427997087e-21
-5.250000000e-02	4.105233271e+00	-7.976565956e-03	1.407531249e-21
-5.300000000e-02	4.105240067e+00	-8.321337648e-03	3.171729094e-21
-5.350000000e-02	4.105246891e+00	-8.666108601e-03	2.740765646e-21
-5.400000000e-02	4.105253744e+00	-9.010878815e-03	2.279475078e-21
-5.450000000e-02	4.105260626e+00	-9.355648267e-03	2.795233510e-21
-5.500000000e-02	4.105267537e+00	-9.700416957e-03	1.502946286e-21
-5.550000000e-02	4.105274477e+00	-1.004518487e-02	1.805279960e-21
-5.600000000e-02	4.105281446e+00	-1.038995202e-02	3.586799208e-21
-5.650000000e-02	4.105288443e+00	-1.073471838e-02	1.607959339e-21
-5.700000000e-02	4.105295470e+00	-1.107948395e-02	1.518366938e-21
-5.750000000e-02	4.105302525e+00	-1.142424872e-02	1.502764345e-21
-5.800000000e-02	4.105309610e+00	-1.176901269e-02	1.829437314e-21
-5.850000000e-02	4.105316723e+00	-1.211377584e-02	1.670748281e-21
-5.900000000e-02	4.105323865e+00	-1.245853817e-02	1.645743234e-21
-5.950000000e-02	4.105331036e+00	-1.280329967e-02	2.156409338e-21
-6.000000000e-02	4.105338236e+00	-1.314806034e-02	1.479353605e-21
-6.050000000e-02	4.105345464e+00	-1.349282017e-02	2.189939142e-21
-6.100000000e-02	4.105352722e+00	-1.383757915e-02	2.638576852e-21
-6.150000000e-02	4.105360008e+00	-1.418233727e-02	2.511587841e-21
-6.200000000e-02	4.105367324e+00	-1.452709453e-02	3.060504805e-21
-6.250000000e-02	4.105374668e+00	-1.487185092e-02	1.766301969e-21
-6.300000000e-02	4.105382041e+00	-1.521660643e-02	2.411264169e-21
-6.350000000e-02	4.105389443e+00	-1.556136106e-02	1.331913831e-21
-6.400000000e-02	4.105396874e+00	-1.590611479e-02	2.442306560e-21
-6.450000000e-02	4.105404334e+00	-1.625086761e-02	3.676685586e-21
-6.500000000e-02	4.105411823e+00	-1.659561954e-02	2.714739008e-21
-6.550000000e-02	4.105419340e+00	-1.694037055e-02	1.999405078e-21
-6.600000000e-02	4.105426887e+00	-1.728512064e-02	1.216325828e-21
-6.650000000e-02	4.105434462e+00	-1.762986980e-02	2.130865543e-21
-6.700000000e-02	4.105442066e+00	-1.797461802e-02	2.660444093e-21
-6.750000000e-02	4.105449699e+00	-1.831936530e-02	2.886616561e-21
-6.800000000e-02	4.105457361e+00	-1.866411163e-02	2.454678754e-21
-6.850000000e-02	4.105465052e+00	-1.900885700e-02	2.109482448e-21
-6.900000000e-02	4.105472772e+00	-1.935360140e-02	1.989933468e-21
-6.950000000e-02	4.105480521e+00	-1.969834483e-02	2.332532352e-21
-7.000000000e-02	4.105488298e+00	-2.004308729e-02	1.517585217e-21
-7.050000000e-02	4.105496104e+00	-2.038782875e-02	1.465785428e-21
-7.100000000e-02	4.105503940e+00	-2.073256922e-02	1.813768416e-21
-7.150000000e-02	4.105511804e+00	-2.107730869e-02	2.161194390e-21
-7.200000000e-02	4.105519697e+00	-2.142204715e-02	2.721608617e-21
-7.250000000e-02	4.105527619e+00	-2.176678460e-02	2.732423758e-21
-7.300000000e-02	4.105535570e+00	-2.211152101e-02	2.657057267e-21
-7.350000000e-02	4.105543549e+00	-2.245625641e-02	2.303605053e-21
-7.400000000e-02	4.105551558e+00	-2.280099076e-02	2.975585893e-21
-7.450000000e-02	4.105559595e+00	-2.314572407e-02	2.004152015e-21
-7.500000000e-02	4.105567661e+00	-2.349045633e-02	1.739926030e-21
-7.550000000e-02	4.105575757e+00	-2.383518752e-02	2.610327236e-21
-7.600000000e-02	4.105583881e+00	-2.417991765e-02	2.897085785e-21
-7.650000000e-02	4.105592034e+00	-2.452464671e-02	2.593031966e-21
-7.700000000e-02	4.105600215e+00	-2.486937469e-02	2.348761501e-21
-7.750000000e-02	4.105608426e+00	-2.521410157e-02	1.757299505e-21
-7.800000000e-02	4.105616666e+00	-2.555882736e-02	2.442512431e-21
-7.850000000e-02	4.105624934e+00	-2.590355204e-02	2.326480335e-21
-7.900000000e-02	4.105633231e+00	-2.624827562e-02	2.145248417e-21
-7.950000000e-02	4.105641557e+00	-2.659299808e-02	5.662233814e-22
-8.000000000e-02	4.105649912e+00	-2.693771941e-02	1.948976956e-21
-8.050000000e-02	4.105658296e+00	-2.728243962e-02	2.769284006e-21
-8.100000000e-02	4.105666709e+00	-2.762715868e-02	2.731543318e-21
-8.150000000e-02	4.105675151e+00	-2.797187660e-02	2.087905568e-21
-8.200000000e-02	4.105683621e+00	-2.831659336e-02	2.233902567e-21
-8.250000000e-02	4.105692121e+00	-2.866130896e-02	2.663124412e-21
-8.300000000e-02	4.105700649e+00	-2.900602340e-02	1.470515282e-21
-8.350000000e-02	4.105709206e+00	-2.935073666e-02	4.108402425e-21
-8.400000000e-02	4.105717792e+00	-2.969544873e-02	2.031297155e-21
-8.450000000e-02	4.105726407e+00	-3.004015962e-02	2.675954229e-21
-8.500000000e-02	4.105735050e+00	-3.038486930e-02	2.065584891e-21
-8.550000000e-02	4.105743723e+00	-3.072957779e-02	2.389856148e-21
-8.600000000e-02	4.105752424e+00	-3.107428506e-02	2.508805839e-21
-8.650000000e-02	4.105761155e+00	-3.141899111e-02	1.651688730e-21
-8.700000000e-02	4.105769914e+00	-3.176369594e-02	1.501617179e-21
-8.750000000e-02	4.105778702e+00	-3.210839954e-02	1.944025469e-21
-8.800000000e-02	4.105787519e+00	-3.245310188e-02	1.365027314e-21
-8.850000000e-02	4.105796365e+00	-3.279780299e-02	2.503311788e-21
-8.900000000e-02	4.105805239e+00	-3.314250284e-02	2.585600314e-21
-8.950000000e-02	4.105814143e+00	-3.348720143e-02	2.376431697e-21
-9.000000000e-02	4.105823075e+00	-3.383189875e-02	1.976061599e-21
-9.050000000e-02	4.105832036e+00	-3.417659479e-02	1.930449964e-21
-9.100000000e-02	4.105841026e+00	-3.452128954e-02	3.236111007e-21
-9.150000000e-02	4.105850045e+00	-3.486598301e-02	1.685692476e-21
-9.200000000e-02	4.105859093e+00	-3.521067518e-02	1.865086432e-21
-9.250000000e-02	4.105868170e+00	-3.555536604e-02	1.914946480e-21
-9.300000000e-02	4.105877275e+00	-3.590005559e-02	2.082099929e-21
-9.350000000e-02	4.105886409e+00	-3.624474381e-02	2.354980442e-21
-9.400000000e-02	4.105895573e+00	-3.658943071e-02	2.810431589e-21
-9.450000000e-02	4.105904765e+00	-3.693411628e-02	2.921300697e-21
-9.500000000e-02	4.105913986e+00	-3.727880049e-02	3.318647521e-21
-9.550000000e-02	4.105923235e+00	-3.762348337e-02	1.314193270e-21
-9.600000000e-02	4.105932514e+00	-3.796816489e-02	2.443187691e-21
-9.650000000e-02	4.105941822e+00	-3.831284505e-02	3.581616787e-21
-9.700000000e-02	4.105951158e+00	-3.865752383e-02	2.399821552e-21
-9.750000000e-02	4.105960523e+00	-3.900220123e-02	7.686590130e-22
-9.800000000e-02	4.105969917e+00	-3.934687725e-02	1.784307527e-21
-9.850000000e-02	4.105979340e+00	-3.969155188e-02	2.304740036e-21
-9.900000000e-02	4.105988792e+00	-4.003622510e-02	3.606872062e-21
-9.950000000e-02	4.105998272e+00	-4.038089692e-02	1.873032236e-21
-1.000000000e-01	4.106007782e+00	-4.072556733e-02	2.197858742e-21
-1.005000000e-01	4.106017320e+00	-4.107023631e-02	3.141300981e-21
-1.010000000e-01	4.106026887e+00	-4.141490386e-02	1.840296439e-21
-1.015000000e-01	4.106036483e+00	-4.175956998e-02	1.940806706e-21
-1.020000000e-01	4.106046108e+00	-4.210423465e-02	2.021448537e-21
-1.025000000e-01	4.106055762e+00	-4.244889788e-02	2.153174859e-21
-1.030000000e-01	4.106065444e+00	-4.279355964e-02	1.735436266e-21
-1.035000000e-01	4.106075156e+00	-4.313821995e-02	1.324368298e-21
-1.040000000e-01	4.106084896e+00	-4.348287878e-02	2.937815325e-21
-1.045000000e-01	4.106094665e+00	-4.382753612e-02	1.832075800e-21
-1.050000000e-01	4.106104463e+00	-4.417219199e-02	1.115171642e-21
-1.055000000e-01	4.106114290e+00	-4.451684635e-02	3.649315848e-21
-1.060000000e-01	4.106124145e+00	-4.486149923e-02	2.389982061e-21
-1.065000000e-01	4.106134030e+00	-4.520615059e-02	2.440143430e-21
-1.070000000e-01	4.106143943e+00	-4.555080043e-02	2.217561671e-21
-1.075000000e-01	4.106153885e+00	-4.589544875e-02	2.669089843e-21
-1.080000000e-01	4.106163856e+00	-4.624009554e-02	1.843631833e-21
-1.085000000e-01	4.106173856e+00	-4.658474079e-02	2.188317962e-21
-1.090000000e-01	4.106183885e+00	-4.692938451e-02	2.010620030e-21
-1.095000000e-01	4.106193942e+00	-4.727402666e-02	2.732670427e-21
-1.100000000e-01	4.106204029e+00	-4.761866726e-02	2.989101464e-21
-1.105000000e-01	4.106214144e+00	-4.796330629e-02	1.886498784e-21
-1.110000000e-01	4.106224288e+00	-4.830794375e-02	1.738545970e-21
-1.115000000e-01	4.106234461e+00	-4.865257962e-02	3.680043669e-21
-1.120000000e-01	4.106244662e+00	-4.899721392e-02	3.024695998e-21
-1.125000000e-01	4.106254893e+00	-4.934184661e-02	2.562433968e-21
-1.130000000e-01	4.106265152e+00	-4.968647770e-02	2.896007156e-21
-1.135000000e-01	4.106275440e+00	-5.003110719e-02	1.966902927e-21
-1.140000000e-01	4.106285757e+00	-5.037573505e-02	3.438250181e-21
-1.145000000e-01	4.106296103e+00	-5.072036130e-02	3.181485668e-21
-1.150000000e-01	4.106306478e+00	-5.106498590e-02	1.132451624e-21
-1.155000000e-01	4.106316881e+00	-5.140960888e-02	4.727855920e-22
-1.160000000e-01	4.106327314e+00	-5.175423020e-02	1.264484382e-21
-1.165000000e-01	4.106337775e+00	-5.209884988e-02	3.821741001e-21
-1.170000000e-01	4.106348265e+00	-5.244346789e-02	2.220248054e-21
-1.175000000e-01	4.106358784e+00	-5.278808424e-02	2.000578343e-21
-1.180000000e-01	4.106369331e+00	-5.313269891e-02	3.242431056e-21
-1.185000000e-01	4.106379908e+00	-5.347731190e-02	2.513372447e-21
-1.190000000e-01	4.106390513e+00	-5.382192319e-02	2.942115239e-21
-1.195000000e-01	4.106401147e+00	-5.416653280e-02	1.288063690e-21
-1.200000000e-01	4.106411810e+00	-5.451114070e-02	2.059577953e-21
-1.205000000e-01	4.106422502e+00	-5.485574689e-02	2.886614243e-21
-1.210000000e-01	4.106433222e+00	-5.520035137e-02	2.717478772e-21
-1.215000000e-01	4.106443972e+00	-5.554495411e-02	2.767499325e-21
-1.220000000e-01	4.106454750e+00	-5.588955513e-02	3.482041850e-21
-1.225000000e-01	4.106465557e+00	-5.623415440e-02	1.836325942e-21
-1.230000000e-01	4.106476393e+00	-5.657875193e-02	2.310139565e-21
-1.235000000e-01	4.106487258e+00	-5.692334770e-02	4.229077260e-21
-1.240000000e-01	4.106498151e+00	-5.726794171e-02	3.821014934e-21
-1.245000000e-01	4.106509074e+00	-5.761253396e-02	2.212706838e-21
-1.250000000e-01	4.106520025e+00	-5.795712443e-02	2.114416062e-21
-1.255000000e-01	4.106531005e+00	-5.830171312e-02	2.045682135e-21
-1.260000000e-01	4.106542013e+00	-5.864630002e-02	3.603346923e-21
-1.265000000e-01	4.106553051e+00	-5.899088511e-02	2.990979577e-21
-1.270000000e-01	4.106564118e+00	-5.933546841e-02	2.151742147e-21
-1.275000000e-01	4.106575213e+00	-5.968004989e-02	1.835174979e-21
-1.280000000e-01	4.106586337e+00	-6.002462955e-02	2.327600169e-21
-1.285000000e-01	4.106597490e+00	-6.036920739e-02	2.518159475e-21
-1.290000000e-01	4.106608671e+00	-6.071378340e-02	2.888011193e-21
-1.295000000e-01	4.106619882e+00	-6.105835756e-02	2.597748892e-21
-1.300000000e-01	4.106631121e+00	-6.140292987e-02	2.074529337e-21
-1.305000000e-01	4.106642389e+00	-6.174750034e-02	1.449398217e-21
-1.310000000e-01	4.106653686e+00	-6.209206893e-02	1.828672308e-21
-1.315000000e-01	4.106665012e+00	-6.243663566e-02	2.756085720e-21
-1.320000000e-01	4.106676366e+00	-6.278120051e-02	2.222197548e-21
-1.325000000e-01	4.106687749e+00	-6.312576348e-02	1.694959659e-21
-1.330000000e-01	4.106699162e+00	-6.347032456e-02	1.923220293e-21
-1.335000000e-01	4.106710603e+00	-6.381488374e-02	9.425486563e-22
-1.340000000e-01	4.106722072e+00	-6.415944101e-02	2.198060879e-21
-1.345000000e-01	4.106733571e+00	-6.450399638e-02	1.248043775e-21
-1.350000000e-01	4.106745098e+00	-6.484854982e-02	1.142160204e-21
-1.355000000e-01	4.106756654e+00	-6.519310133e-02	1.832151368e-21
-1.360000000e-01	4.106768239e+00	-6.553765091e-02	2.475674288e-21
-1.365000000e-01	4.106779853e+00	-6.588219855e-02	1.217203014e-21
-1.370000000e-01	4.106791495e+00	-6.622674424e-02	1.783089291e-21
-1.375000000e-01	4.106803167e+00	-6.657128798e-02	2.158248503e-21
-1.380000000e-01	4.106814867e+00	-6.691582974e-02	3.532943785e-21
-1.385000000e-01	4.106826596e+00	-6.726036954e-02	3.099483073e-21
-1.390000000e-01	4.106838353e+00	-6.760490737e-02	3.109511879e-21
-1.395000000e-01	4.106850140e+00	-6.794944321e-02	1.015872112e-21
-1.400000000e-01	4.106861955e+00	-6.829397706e-02	3.020525993e-21
-1.405000000e-01	4.106873799e+00	-6.863850890e-02	2.022871081e-21
-1.410000000e-01	4.106885672e+00	-6.898303874e-02	3.439506357e-21
-1.415000000e-01	4.106897574e+00	-6.932756657e-02	1.673680610e-21
-1.420000000e-01	4.106909504e+00	-6.967209238e-02	3.034612474e-21
-1.425000000e-01	4.106921464e+00	-7.001661616e-02	2.503858986e-21
-1.430000000e-01	4.106933452e+00	-7.036113790e-02	1.248847167e-21
-1.435000000e-01	4.106945468e+00	-7.070565760e-02	2.763597874e-21
-1.440000000e-01	4.106957514e+00	-7.105017525e-02	3.525560228e-21
-1.445000000e-01	4.106969588e+00	-7.139469085e-02	1.960118813e-21
-1.450000000e-01	4.106981692e+00	-7.173920438e-02	2.142628456e-21
-1.455000000e-01	4.106993824e+00	-7.208371584e-02	1.917227941e-21
-1.460000000e-01	4.107005984e+00	-7.242822522e-02	2.646289220e-21
-1.465000000e-01	4.107018174e+00	-7.277273252e-02	2.783863783e-21
-1.470000000e-01	4.107030392e+00	-7.311723773e-02	1.694014968e-21
-1.475000000e-01	4.107042639e+00	-7.346174083e-02	2.156347111e-21
-1.480000000e-01	4.107054915e+00	-7.380624183e-02	1.028315653e-21
-1.485000000e-01	4.107067220e+00	-7.415074071e-02	1.879887375e-21
-1.490000000e-01	4.107079553e+00	-7.449523747e-02	2.832028307e-21
-1.495000000e-01	4.107091915e+00	-7.483973211e-02	2.176806711e-21
-1.500000000e-01	4.107104306e+00	-7.518422460e-02	2.374494574e-21
-1.505000000e-01	4.107116726e+00	-7.552871495e-02	2.977194032e-21
-1.510000000e-01	4.107129175e+00	-7.587320316e-02	1.201768787e-21
-1.515000000e-01	4.107141652e+00	-7.621768921e-02	1.977648773e-21
-1.520000000e-01	4.107154158e+00	-7.656217309e-02	2.320472933e-21
-1.525000000e-01	4.107166693e+00	-7.690665480e-02	3.790382279e-21
-1.530000000e-01	4.107179257e+00	-7.725113433e-02	3.644429106e-21
-1.535000000e-01	4.107191849e+00	-7.759561168e-02	2.594167580e-21
-1.540000000e-01	4.107204470e+00	-7.794008683e-02	2.131507252e-21
-1.545000000e-01	4.107217120e+00	-7.828455978e-02	2.514008218e-21
-1.550000000e-01	4.107229799e+00	-7.862903052e-02	2.943981016e-21
-1.555000000e-01	4.107242506e+00	-7.897349905e-02	2.063812760e-21
-1.560000000e-01	4.107255243e+00	-7.931796536e-02	2.577987589e-21
-1.565000000e-01	4.107268008e+00	-7.966242944e-02	1.557286774e-21
-1.570000000e-01	4.107280801e+00	-8.000689128e-02	2.159695564e-21
-1.575000000e-01	4.107293624e+00	-8.035135088e-02	2.384649715e-21
-1.580000000e-01	4.107306475e+00	-8.069580822e-02	2.523818739e-21
-1.585000000e-01	4.107319355e+00	-8.104026331e-02	2.666737014e-21
-1.590000000e-01	4.107332264e+00	-8.138471613e-02	2.320993147e-21
-1.595000000e-01	4.107345201e+00	-8.172916668e-02	2.526776738e-21
-1.600000000e-01	4.107358168e+00	-8.207361496e-02	1.953778961e-21
-1.605000000e-01	4.107371163e+00	-8.241806094e-02	2.617493211e-21
-1.610000000e-01	4.107384187e+00	-8.276250463e-02	2.252577857e-21
-1.615000000e-01	4.107397239e+00	-8.310694603e-02	2.051336659e-21
-1.620000000e-01	4.107410321e+00	-8.345138511e-02	2.675551788e-21
-1.625000000e-01	4.107423431e+00	-8.379582187e-02	1.243184950e-21
-1.630000000e-01	4.107436570e+00	-8.414025631e-02	2.875132885e-21
-1.635000000e-01	4.107449737e+00	-8.448468843e-02	2.365792316e-21
-1.640000000e-01	4.107462933e+00	-8.482911821e-02	2.361557722e-21
-1.645000000e-01	4.107476159e+00	-8.517354564e-02	1.966762385e-21
-1.650000000e-01	4.107489412e+00	-8.551797072e-02	1.122118617e-21
-1.655000000e-01	4.107502695e+00	-8.586239344e-02	2.550683513e-21
-1.660000000e-01	4.107516006e+00	-8.620681380e-02	2.316153307e-21
-1.665000000e-01	4.107529346e+00	-8.655123178e-02	2.007270269e-21
-1.670000000e-01	4.107542715e+00	-8.689564738e-02	2.051113982e-21
-1.675000000e-01	4.107556113e+00	-8.724006060e-02	2.518592294e-21
-1.680000000e-01	4.107569539e+00	-8.758447142e-02	2.242352197e-21
-1.685000000e-01	4.107582994e+00	-8.792887984e-02	1.506998881e-21
-1.690000000e-01	4.107596478e+00	-8.827328586e-02	1.328787679e-21
-1.695000000e-01	4.107609991e+00	-8.861768945e-02	1.080207955e-21
-1.700000000e-01	4.107623532e+00	-8.896209063e-02	2.396968492e-21
-1.705000000e-01	4.107637102e+00	-8.930648937e-02	1.077420323e-21
-1.710000000e-01	4.107650701e+00	-8.965088568e-02	1.504915747e-21
-1.715000000e-01	4.107664328e+00	-8.999527954e-02	2.505318207e-21
-1.720000000e-01	4.107677984e+00	-9.033967095e-02	2.963127087e-21
-1.725000000e-01	4.107691669e+00	-9.068405990e-02	2.383278840e-21
-1.730000000e-01	4.107705383e+00	-9.102844638e-02	2.194607683e-21
-1.735000000e-01	4.107719125e+00	-9.137283040e-02	1.750609732e-21
-1.740000000e-01	4.107732896e+00	-9.171721192e-02	2.064779012e-21
-1.745000000e-01	4.107746696e+00	-9.206159097e-02	2.287183927e-21
-1.750000000e-01	4.107760525e+00	-9.240596752e-02	2.611668056e-21
-1.755000000e-01	4.107774382e+00	-9.275034156e-02	2.562414916e-21
-1.760000000e-01	4.107788268e+00	-9.309471311e-02	4.220606400e-21
-1.765000000e-01	4.107802183e+00	-9.343908213e-02	1.694352579e-21
-1.770000000e-01	4.107816127e+00	-9.378344862e-02	2.083925155e-21
-1.775000000e-01	4.107830099e+00	-9.412781260e-02	2.724763422e-21
-1.780000000e-01	4.107844100e+00	-9.447217402e-02	2.247265967e-21
-1.785000000e-01	4.107858129e+00	-9.481653291e-02	2.694759015e-21
-1.790000000e-01	4.107872188e+00	-9.516088924e-02	2.195444562e-21
-1.795000000e-01	4.107886275e+00	-9.550524302e-02	2.849551444e-21
-1.800000000e-01	4.107900391e+00	-9.584959422e-02	3.112828761e-21
-1.805000000e-01	4.107914535e+00	-9.619394286e-02	3.038983641e-21
-1.810000000e-01	4.107928708e+00	-9.653828891e-02	3.028218079e-21
-1.815000000e-01	4.107942910e+00	-9.688263238e-02	1.379941117e-21
-1.820000000e-01	4.107957141e+00	-9.722697325e-02	1.573811803e-21
-1.825000000e-01	4.107971400e+00	-9.757131152e-02	1.347642067e-21
-1.830000000e-01	4.107985689e+00	-9.791564718e-02	2.304199547e-21
-1.835000000e-01	4.108000005e+00	-9.825998022e-02	1.048810304e-21
-1.840000000e-01	4.108014351e+00	-9.860431064e-02	1.284097567e-21
-1.845000000e-01	4.108028725e+00	-9.894863843e-02	4.304628929e-21
-1.850000000e-01	4.108043128e+00	-9.929296359e-02	2.562012556e-21
-1.855000000e-01	4.108057560e+00	-9.963728609e-02	1.691192892e-21
-1.860000000e-01	4.108072020e+00	-9.998160595e-02	1.992007216e-21
-1.865000000e-01	4.108086509e+00	-1.003259231e-01	1.168245310e-21
-1.870000000e-01	4.108101027e+00	-1.006702377e-01	1.478038046e-21
-1.875000000e-01	4.108115573e+00	-1.010145495e-01	1.533332687e-21
-1.880000000e-01	4.108130148e+00	-1.013588587e-01	1.590592348e-21
-1.885000000e-01	4.108144752e+00	-1.017031652e-01	2.891289066e-21
-1.890000000e-01	4.108159385e+00	-1.020474690e-01	2.434178275e-21
-1.895000000e-01	4.108174046e+00	-1.023917701e-01	2.669017006e-21
-1.900000000e-01	4.108188736e+00	-1.027360684e-01	1.472518473e-21
-1.905000000e-01	4.108203455e+00	-1.030803641e-01	1.909175660e-21
-1.910000000e-01	4.108218202e+00	-1.034246570e-01	2.420409826e-21
-1.915000000e-01	4.108232978e+00	-1.037689472e-01	3.391279699e-21
-1.920000000e-01	4.108247783e+00	-1.041132347e-01	1.812080562e-21
-1.925000000e-01	4.108262616e+00	-1.044575195e-01	1.033474996e-21
-1.930000000e-01	4.108277478e+00	-1.048018014e-01	2.628168963e-21
-1.935000000e-01	4.108292369e+00	-1.051460806e-01	2.598266044e-21
-1.940000000e-01	4.108307288e+00	-1.054903571e-01	1.977084145e-21
-1.945000000e-01	4.108322237e+00	-1.058346308e-01	2.813961850e-21
-1.950000000e-01	4.108337213e+00	-1.061789017e-01	1.479889087e-21
-1.955000000e-01	4.108352219e+00	-1.065231698e-01	1.545028585e-21
-1.960000000e-01	4.108367253e+00	-1.068674351e-01	2.328341420e-21
-1.965000000e-01	4.108382316e+00	-1.072116976e-01	2.599604711e-21
-1.970000000e-01	4.108397408e+00	-1.075559573e-01	2.475020285e-21
-1.975000000e-01	4.108412528e+00	-1.079002142e-01	2.567010057e-21
-1.980000000e-01	4.108427677e+00	-1.082444682e-01	1.672839110e-21
-1.985000000e-01	4.108442854e+00	-1.085887195e-01	2.193892856e-21
-1.990000000e-01	4.108458061e+00	-1.089329678e-01	2.810207042e-21
-1.995000000e-01	4.108473295e+00	-1.092772134e-01	1.712547963e-21
-2.000000000e-01	4.108488559e+00	-1.096214561e-01	2.479781785e-21
